-8.828865e+00 -1.010865e+01
-1.011472e+01 8.240166e+00
-1.042111e+01 9.268036e+00
-7.739825e+00 -7.600862e+00
1.104808e+01 -2.789729e+00
-9.052129e+00 -3.129677e+00
-7.231711e+00 -1.751430e+00
9.588093e+00 -1.037327e+00
7.942509e+00 -4.921642e+00
8.599303e+00 7.418824e-01
4.201733e+00 4.647614e+00
8.775829e+00 2.933294e+00
1.009150e+01 2.129478e+00
4.422107e+00 6.613709e+00
-9.141044e+00 7.820775e+00
8.159420e+00 5.461957e+00
1.091006e+01 2.982567e+00
-5.517899e+00 7.647477e+00
8.393473e+00 -1.032416e+01
-8.171166e+00 7.638320e+00
-8.608189e+00 -4.143097e+00
-7.861946e+00 -9.696087e+00
-8.691421e+00 -9.015735e+00
-6.953485e+00 -3.949632e+00
-9.595945e+00 -4.678743e+00
9.875591e+00 1.683886e-01
-7.665440e+00 1.064782e+00
-1.044399e+01 -5.208789e+00
8.894730e+00 -4.219578e+00
9.836148e+00 3.261729e+00
1.074465e+01 1.314025e+00
9.932090e+00 -2.099249e+00
-1.106684e+01 4.089013e-01
7.775214e+00 2.946765e+00
5.354177e+00 -3.170118e-01
7.139120e+00 7.690090e+00
-9.557131e+00 9.915630e+00
-5.923020e+00 6.668491e+00
1.108781e+01 9.887474e+00
-9.470735e+00 5.934418e+00
-6.824010e+00 -6.980042e+00
-5.900949e+00 -7.634321e+00
-1.096971e+01 1.102066e+01
-7.491232e+00 8.388593e+00
-8.603713e+00 -6.620364e+00
-7.615007e+00 -3.505461e-02
-9.721451e+00 -9.914452e-02
-8.251891e+00 -2.219194e+00
7.179560e+00 -2.061762e+00
-8.829303e+00 9.580388e-01
1.008935e+01 -4.479699e+00
-1.013188e+01 9.156372e-01
9.519931e+00 1.274011e+00
6.676047e+00 6.170852e+00
6.774398e+00 2.632266e+00
-5.493987e+00 5.641910e+00
9.759162e+00 6.967010e+00
-3.824531e+00 4.567998e+00
-8.101978e+00 5.237910e+00
-2.694957e+00 6.762520e+00
-6.800385e+00 -9.201089e+00
-1.186662e+00 1.003945e+01
-7.767514e+00 -8.646417e+00
-6.282960e+00 -5.955956e+00
-8.674889e+00 -1.050855e-01
-7.889750e+00 -3.324800e+00
-7.542991e+00 -4.897954e+00
-6.125936e+00 -1.966727e+00
1.071620e+01 -5.426067e+00
-6.750467e+00 6.182797e-01
-9.555940e+00 1.779914e+00
6.980582e+00 3.700591e+00
3.211763e+00 -3.950697e-01
5.571168e+00 6.390786e+00
9.124939e+00 5.277402e+00
5.657954e+00 2.970395e+00
-6.774622e+00 2.068757e+00
-4.756024e+00 6.647368e+00
-9.102836e+00 4.837001e+00
-8.267226e+00 9.309560e+00
-2.994558e+00 8.981146e+00
-7.115686e+00 9.592873e+00
-4.073229e+00 9.243248e+00
-5.956953e+00 -8.691829e+00
-8.541115e+00 -5.484111e+00
-1.039926e+01 -2.387948e+00
-4.846592e+00 -3.142876e+00
-8.066340e+00 -9.303448e-01
-9.786814e+00 -7.115248e+00
2.400057e+00 -6.456290e+00
-7.414464e+00 -5.966856e+00
-1.906827e+00 8.976644e-01
-9.167285e+00 2.810436e+00
-8.469753e+00 3.581344e+00
9.012424e+00 4.131561e+00
7.496150e+00 1.139462e+00
7.929150e+00 4.212533e+00
-7.896580e+00 -1.076684e+01
-5.759862e-01 6.771975e+00
-6.743965e+00 -1.043378e+01
-6.842025e+00 7.177477e+00
-1.725501e+00 1.101870e+01
-4.866528e+00 1.073141e+01
-4.914458e+00 -2.092778e+00
-3.477257e+00 -8.151677e+00
-9.423495e+00 -2.053418e+00
-1.061315e+00 -3.858749e+00
1.062681e+01 -8.693517e-01
-4.542891e+00 -6.263065e+00
-5.456199e+00 -1.055794e+00
-4.906526e+00 2.055193e+00
-5.598274e+00 3.754562e+00
-7.238410e+00 4.379308e+00
-3.637814e+00 3.517736e+00
1.004115e+01 4.683934e+00
-1.072587e+01 1.914033e+00
-7.621041e+00 6.459063e+00
-7.809393e+00 1.038325e+01
1.078359e+01 3.989483e+00
-1.028030e+01 5.054746e+00
-1.481727e+00 6.276139e+00
-3.775418e+00 7.006299e+00
-3.756109e+00 -9.190277e+00
-6.537825e+00 -4.981756e+00
-1.104740e-01 -4.297650e+00
-4.226123e+00 -5.226688e+00
-3.842987e+00 -2.752221e+00
-4.765248e+00 -4.230859e+00
-5.957086e+00 2.626876e+00
-4.716362e+00 3.166744e+00
-4.342980e+00 -9.000499e-01
-2.742347e+00 1.583874e+00
-8.508997e+00 1.995642e+00
8.596366e+00 1.876603e+00
-1.770636e+00 4.405000e+00
-1.149915e+00 5.307498e+00
-6.629639e+00 5.818984e+00
1.002479e+01 5.944121e+00
-4.950981e+00 4.618180e+00
-3.354146e+00 5.677217e+00
-8.648263e+00 6.634962e+00
2.179731e-01 8.192872e+00
-3.903624e+00 1.039621e+01
-5.511298e+00 -1.079333e+01
-4.652733e+00 -9.905153e+00
-2.867305e+00 1.089947e+01
-5.897889e+00 -2.959257e+00
-5.799030e+00 -4.153474e+00
-1.442522e+00 -7.079528e+00
-3.510642e+00 -1.663939e+00
-1.147413e+00 -2.000090e+00
4.088874e-01 -5.442488e+00
-1.055110e+01 3.857552e+00
1.325659e+00 -2.978004e-01
-2.792923e+00 4.682205e+00
-7.843494e-01 6.032252e-02
-6.676428e+00 -8.949147e-01
-3.336401e+00 7.911658e+00
-4.334828e+00 5.734937e+00
-3.419077e-01 2.327388e+00
-2.234116e+00 8.015645e+00
-5.146778e+00 8.653177e+00
-1.084776e+00 8.368981e+00
-3.685541e+00 -7.069808e+00
-5.912052e+00 1.373015e+00
-4.170593e+00 1.603756e-01
2.596223e-01 -6.491068e+00
-6.895909e+00 -2.728977e+00
-5.328293e+00 -2.540438e-02
-6.299371e-01 -7.682234e+00
-1.589166e+00 -8.274331e+00
2.115899e+00 -1.978227e+00
-2.182209e+00 -5.134287e+00
-3.687546e+00 2.438895e+00
-1.028345e+01 2.860939e+00
-6.111605e+00 4.717360e+00
7.665112e-01 5.142365e+00
-5.471635e+00 -6.626439e+00
4.718212e-01 6.866886e+00
-2.954649e+00 -7.424065e-01
-5.399054e-01 -8.744788e+00
-4.408516e+00 7.820398e+00
7.325633e-01 -7.841400e+00
-4.941901e+00 -8.878049e+00
-4.742157e+00 -7.618166e+00
-2.428337e+00 -6.209798e+00
1.599993e+00 -7.146955e+00
-5.775665e+00 -9.795319e+00
-3.525782e+00 -6.001045e+00
-7.695161e+00 2.866755e+00
-3.841965e+00 1.300942e+00
-2.673148e+00 -2.448260e+00
-9.542373e+00 3.882847e+00
-2.633490e+00 3.591613e+00
3.013681e+00 4.959319e+00
-1.066574e+01 5.928196e+00
-8.196881e-01 1.159833e+00
2.595406e+00 9.759143e+00
2.458810e+00 6.239244e+00
-6.850194e+00 1.082612e+01
-3.353101e-01 9.128498e+00
2.370384e+00 1.104552e+01
2.572738e+00 7.503205e+00
-5.311287e+00 -5.271020e+00
8.609959e-01 9.092697e+00
4.104652e+00 -8.817805e+00
-1.803502e+00 -9.491830e+00
3.126636e+00 -8.411446e+00
5.860431e+00 -5.819275e+00
-2.160472e+00 -1.566394e+00
6.860847e+00 -7.842623e-01
2.252599e+00 -7.950195e-01
1.867202e+00 5.281773e+00
-4.911690e+00 9.119789e-01
-1.496362e+00 3.348166e+00
-1.409108e+00 2.301679e+00
6.205374e-03 5.777471e+00
-1.461839e+00 7.318149e+00
3.466888e+00 1.051352e+01
-2.264191e+00 5.611013e+00
-6.883290e-01 -1.102924e+01
-3.853674e+00 -1.051078e+01
6.048609e+00 -8.309909e+00
-2.727190e+00 -9.014417e+00
3.253842e+00 -5.837071e+00
1.104336e+00 -4.520429e+00
2.439649e+00 -5.250597e+00
8.638585e-01 -1.344000e+00
3.202852e+00 -3.704782e+00
6.438279e+00 2.931186e-01
-6.644517e+00 3.442187e+00
-1.722062e-02 -6.727421e-01
5.238864e-01 1.523117e+00
-1.721649e-01 4.739658e+00
3.697915e-01 4.355566e-01
3.347015e+00 6.761240e+00
1.580878e+00 3.170868e+00
1.199224e+00 7.765986e+00
3.449562e-01 -1.047886e+01
1.886882e+00 8.911870e+00
1.265462e+00 6.266105e+00
1.182723e+00 -9.945034e+00
-2.407007e+00 -1.039372e+01
-1.826425e+00 9.087958e+00
-2.502149e+00 -7.260422e+00
-1.198736e+00 -4.999744e+00
2.799133e+00 -7.345625e+00
4.321135e+00 -5.425738e+00
-1.965811e+00 -3.824232e-01
-3.054351e+00 3.100225e-01
1.524353e+00 -3.445531e+00
3.077895e+00 -1.488341e+00
6.439743e-01 2.653043e+00
4.960037e+00 7.502471e+00
-3.523020e-01 3.353089e+00
-1.130781e+00 -9.545537e-01
2.261372e+00 -4.184870e+00
1.424689e+00 1.003077e+01
7.084328e+00 9.584368e+00
3.092141e-01 -9.443045e+00
4.872932e+00 9.755094e+00
2.030790e+00 -8.171162e+00
-7.762299e-01 -9.824209e+00
-2.504259e+00 9.917987e+00
3.538285e+00 -1.075658e+01
4.304470e+00 -3.950896e+00
7.265739e+00 -6.542495e+00
4.933288e+00 -6.652466e+00
2.451113e+00 -3.020451e+00
-3.008960e+00 -3.428593e+00
-6.149725e-01 -2.951485e+00
1.488308e+00 8.000648e-01
7.739438e+00 -1.659518e-02
3.720697e+00 7.695193e+00
5.533704e+00 8.347650e+00
2.725369e+00 3.948330e+00
3.728016e+00 9.274170e+00
5.268596e+00 -1.073365e+01
3.333333e+00 -9.502007e+00
4.339630e+00 -9.873659e+00
5.112604e+00 -8.711169e+00
9.600608e+00 -5.577773e+00
5.039114e+00 -4.748871e+00
3.813823e-01 1.033530e+01
4.379086e+00 1.099603e+01
-1.300845e+00 -6.100152e+00
2.219783e+00 -9.254403e+00
5.199691e+00 -7.745164e+00
6.249454e+00 -4.903138e+00
5.974737e+00 -2.506991e+00
-6.281103e-02 -1.903364e+00
5.855927e+00 -1.340970e+00
1.683240e+00 4.302011e+00
3.892426e+00 1.761078e+00
6.766899e-01 3.909965e+00
2.632585e+00 2.649271e+00
7.377254e+00 -1.061635e+01
4.111729e+00 -8.689958e-01
5.027154e+00 5.444517e+00
6.654525e+00 8.612187e+00
2.170691e+00 -1.030055e+01
7.437441e+00 -8.509388e+00
1.143792e+00 -8.908730e+00
4.860886e+00 -2.769438e+00
3.836505e+00 -6.704584e+00
1.063939e+01 -8.296066e+00
6.886810e+00 -7.558191e+00
5.991383e+00 -7.009487e+00
9.924752e+00 -6.529066e+00
-2.029708e+00 -4.104694e+00
1.197401e+00 -2.439933e+00
3.500356e+00 6.663760e-01
8.816078e+00 -2.729694e-01
5.672272e+00 -9.589790e+00
5.983849e+00 7.370878e+00
-1.113508e+01 7.686429e+00
9.161848e+00 8.007367e+00
8.242139e+00 9.355136e+00
8.353750e+00 7.291275e+00
1.224476e+00 -1.106346e+01
3.942967e+00 -7.777655e+00
8.048888e+00 -7.621745e+00
1.105091e+01 -1.030900e+01
7.998329e+00 -9.390100e+00
-1.082430e+01 -8.956960e+00
-9.509331e+00 -6.016155e+00
-9.295951e+00 1.114029e+01
9.059546e+00 -9.452180e+00
4.830658e+00 -1.697269e+00
1.386067e+00 -5.959684e+00
6.122214e+00 4.319116e+00
5.284545e+00 1.966120e+00
4.818027e+00 3.779125e+00
2.599430e+00 1.614540e+00
3.802551e+00 5.709995e+00
6.892053e+00 1.076131e+01
4.525165e+00 8.623283e+00
1.059479e+01 8.985658e+00
7.851073e+00 8.402364e+00
8.239416e+00 -6.603447e+00
1.044266e+01 -9.311610e+00
-8.948249e+00 -7.743033e+00
9.092716e+00 -7.309330e+00
6.286475e+00 -1.040934e+01
-6.797164e+00 -8.168595e+00
7.905964e+00 -1.172404e+00
-1.059685e+01 -6.354658e+00
5.704658e+00 -3.914820e+00
-1.788112e+00 -3.002640e+00
1.115008e+01 -3.952649e+00
2.441613e+00 4.472061e-01
3.544362e+00 -4.769307e+00
4.417470e+00 9.446691e-02
1.558673e+00 2.025978e+00
1.083287e+01 6.564535e+00
1.017397e+01 7.923614e+00
6.985881e+00 -9.553911e+00
7.174013e+00 5.095514e+00
8.192787e+00 1.096816e+01
1.029414e+01 1.091251e+01
9.306734e+00 1.115220e+01
7.035635e+00 -5.534588e+00
-9.740232e+00 -8.285583e+00
-1.015597e+01 -1.052966e+01
-1.011324e+01 -3.560852e+00
8.095072e+00 -3.440036e+00
-1.078557e+01 -7.845854e+00
4.960402e-01 -3.170939e+00
-3.374168e+00 -4.569340e+00
9.073588e+00 -3.074008e+00
7.071648e+00 -4.201695e+00
3.766745e+00 -2.721485e+00
6.093210e+00 5.339064e+00
5.472185e+00 8.896996e-01
5.950792e+00 9.418496e+00
2.862496e+00 8.489075e+00
6.465953e+00 1.651769e+00
8.874742e+00 6.244352e+00
-1.013633e+01 6.864865e+00
9.598995e+00 -8.546756e+00
-9.910343e+00 -9.497793e+00
5.530371e+00 1.057043e+01
8.937329e+00 1.011605e+01
-6.214901e+00 8.487566e+00
9.831591e+00 -1.027948e+01
-9.143495e+00 -1.016316e+00
-1.040197e+01 -8.722344e-01
1.067778e+01 -7.254443e+00
7.058797e+00 -3.072008e+00
8.748561e+00 -1.979826e+00
1.108622e+01 -1.752689e+00
1.008641e+01 -3.219679e+00
7.745036e+00 6.386260e+00
4.509540e+00 2.819431e+00
3.765265e+00 3.655394e+00
1.004633e+01 9.918174e+00
1.098919e+01 5.244848e+00
-9.309394e+00 8.882492e+00
9.362442e+00 9.058266e+00
-5.650881e+00 9.566393e+00
