9.923055e+00 -8.185230e+00
-7.956307e+00 8.022329e+00
-4.646404e+00 9.728533e+00
-7.503729e+00 1.158635e+00
-1.011758e+01 2.570807e+00
-1.116744e+01 -5.458672e+00
8.952375e+00 -3.253813e+00
-6.074321e+00 4.514477e+00
9.443025e+00 -4.252326e+00
8.845511e+00 -2.057066e+00
-3.511504e+00 9.725598e+00
-9.959227e+00 5.358535e+00
1.067321e+01 5.104694e-01
9.400389e+00 -1.158253e+00
-1.871363e+00 4.910678e+00
6.967931e+00 2.664426e+00
9.408475e+00 7.214488e-01
-8.120250e+00 -1.084019e+01
-5.972722e+00 -6.108906e+00
-5.137209e+00 -5.400839e+00
1.065574e+01 -7.459129e+00
8.939607e+00 -5.998273e+00
1.301208e+00 -8.828994e+00
3.995194e+00 -3.925865e+00
6.773956e+00 8.621391e-02
-9.273747e+00 7.040439e+00
-4.127960e+00 3.144268e+00
4.873064e+00 1.083689e+01
5.028954e+00 -1.170208e+00
-1.025622e+01 6.495913e+00
-4.489748e-01 5.542805e+00
2.823804e+00 -4.047286e+00
-8.983312e+00 3.396966e+00
1.082528e+01 6.980727e+00
-1.145063e-03 4.605130e+00
-9.328173e+00 9.986267e+00
1.045570e+01 -6.328746e+00
-6.677981e+00 -7.837983e+00
-1.009665e+01 -5.738108e+00
-3.289168e+00 6.591832e+00
-9.784663e+00 -6.903128e+00
1.020795e+01 -3.326395e+00
-7.753127e+00 -7.639998e+00
-7.594224e+00 9.593360e+00
-1.032766e+01 -7.990599e+00
1.116604e+01 5.846917e+00
-1.043855e+01 4.950248e-01
-9.520706e+00 -1.492654e+00
7.004889e+00 -2.159010e+00
-6.109725e+00 7.369030e-01
7.969426e+00 -1.405360e+00
-3.506556e+00 1.275441e+00
5.562254e+00 3.793198e-01
-8.791737e+00 5.840735e+00
7.720037e+00 -4.144242e-01
-6.642948e+00 1.676519e+00
2.169415e+00 5.516130e+00
-7.537321e+00 -8.798017e-01
-6.744568e+00 3.612128e+00
-2.231005e+00 6.983993e+00
7.998750e+00 -9.826342e+00
8.439022e+00 9.047476e+00
-1.098967e+01 9.778412e+00
-5.224744e+00 -6.868234e+00
-7.880680e+00 3.566636e+00
6.838597e+00 -6.439640e+00
7.655074e+00 -5.501966e+00
-8.404689e+00 4.635059e-02
8.839117e+00 -7.956450e+00
6.016774e+00 -3.038955e+00
8.212302e-01 5.445172e+00
5.881822e+00 -1.923222e+00
-1.144250e+00 2.914440e+00
3.502774e+00 6.887974e+00
-5.206604e+00 8.675183e+00
7.274907e+00 6.308797e+00
-8.350659e+00 -1.983147e+00
-6.961631e+00 8.600415e+00
8.004766e+00 -3.890037e+00
-7.099759e+00 -8.786530e+00
5.578079e+00 -1.059857e+01
-8.987150e+00 -5.930753e+00
2.542493e+00 8.940567e+00
5.123018e+00 -7.585279e+00
7.947908e+00 -8.548332e+00
4.677153e+00 -2.177971e+00
-7.564412e+00 -3.144878e+00
1.497703e+00 6.406984e+00
4.477696e+00 -8.777904e+00
1.197086e+00 -5.311924e+00
-1.113026e+01 -3.675308e+00
-1.020646e+00 -8.875942e-01
-4.422976e+00 1.649554e+00
5.053355e+00 2.660561e+00
9.247905e+00 3.731810e+00
4.778013e-02 -3.597952e+00
9.000249e+00 2.623667e+00
-5.566978e+00 -3.179137e-01
-5.032979e+00 4.806788e+00
8.551699e+00 -4.877164e+00
-1.003343e+01 -5.888152e-01
5.790060e+00 1.038097e+01
-8.700547e+00 -7.043873e+00
-1.079020e+01 -6.538631e+00
-4.799213e+00 -8.621745e+00
1.098762e+01 -8.411621e+00
-2.785073e+00 -5.688671e+00
9.792771e+00 1.710036e+00
-6.904519e+00 -4.475807e-02
-8.049223e+00 -5.220529e+00
-1.116775e+01 -3.829604e-01
-4.327494e+00 -1.611131e+00
2.355373e-01 -2.034183e-01
7.292986e-01 9.513612e-01
9.577377e+00 7.485537e+00
1.062188e+01 9.040919e+00
-4.630821e+00 6.313707e+00
-7.892002e+00 -6.421321e+00
-8.513497e+00 4.672043e+00
-6.896792e+00 -1.107290e+01
4.466184e-01 6.323975e+00
-3.805064e+00 5.631410e+00
3.627173e-01 -9.299897e+00
-1.075631e+01 -9.183413e+00
2.725686e+00 -7.353005e+00
-8.564532e+00 -1.042469e+00
-5.949130e+00 -2.856611e+00
-5.011766e+00 -1.087671e+01
-5.281844e+00 3.722907e+00
-7.071713e+00 2.661327e+00
3.256206e+00 -6.231016e+00
-4.365831e+00 -4.539498e+00
-8.354873e+00 2.591890e+00
-1.098294e+01 3.385663e+00
-3.002030e+00 1.080827e+01
3.489558e+00 7.924081e+00
-7.862461e-02 -2.572641e+00
3.410525e+00 3.441738e+00
6.775778e-02 7.387642e+00
2.484845e+00 7.739224e+00
-6.729823e+00 5.355309e+00
-1.722671e+00 8.828605e+00
-9.024162e+00 -8.052931e+00
-8.107027e+00 -8.689744e+00
-9.878319e+00 -3.865619e+00
-3.825324e+00 7.528230e+00
-5.325857e+00 -1.315572e+00
-5.836360e-01 -5.550502e+00
-1.550491e+00 1.626748e+00
-7.028917e+00 -2.153065e+00
1.272746e+00 -2.566255e-02
-4.971463e+00 2.554183e+00
-5.708773e+00 5.603832e+00
-4.301676e+00 -7.642914e+00
2.790253e+00 2.329139e+00
3.422745e+00 1.425488e+00
-6.835176e+00 -6.808286e+00
-6.066220e+00 7.867055e+00
7.468327e+00 3.529766e+00
-2.885582e+00 -2.925823e+00
-2.638556e+00 5.705320e+00
-4.213179e+00 4.182935e+00
1.240733e+00 -6.705871e+00
-6.519584e+00 -1.107081e+00
1.047859e+01 -1.155322e+00
-3.153261e-01 2.182434e+00
7.104438e-01 2.088475e+00
-9.306455e+00 -4.874627e+00
-3.201480e+00 3.569214e+00
-1.817509e-01 3.261519e+00
-2.998687e+00 8.867304e+00
3.384769e+00 -9.918858e+00
-2.198443e+00 -9.063175e+00
1.869141e+00 8.826385e-01
-1.004182e+01 3.827408e+00
-4.366216e+00 -5.461902e-01
4.182574e+00 4.263944e+00
-7.175447e-01 -1.012069e+01
5.676158e+00 -9.548365e+00
-3.217802e+00 -6.457224e-01
-8.880381e-01 1.113168e+01
7.748421e-01 3.920776e+00
-3.654084e+00 -3.787018e+00
-4.987343e+00 7.418065e+00
1.027402e+01 -1.053755e+01
5.448309e+00 7.786346e+00
-2.697652e+00 -8.026494e+00
-6.544990e+00 -3.677817e+00
-1.651120e+00 -1.001209e+01
-8.572897e+00 1.177457e+00
1.099735e+01 -2.382336e+00
-4.046104e+00 -5.627048e+00
-1.062615e+00 4.173500e+00
-2.150886e+00 3.827066e+00
4.393550e-01 -1.155184e+00
1.070423e+01 1.069381e+01
-2.159624e+00 -1.094238e+00
3.961058e+00 1.055718e+01
3.114269e+00 5.861292e+00
5.722884e+00 -6.364294e+00
1.454173e+00 -7.804072e+00
4.640401e+00 9.805214e+00
9.336144e+00 6.487217e+00
-1.066645e+01 -4.554868e+00
-2.649127e+00 7.944135e+00
7.369636e+00 1.639817e+00
4.516629e-01 -8.251152e+00
-1.804926e+00 -5.928465e+00
4.368992e+00 8.478174e+00
-1.946225e+00 -3.815228e+00
3.035851e+00 4.529953e+00
-3.850564e+00 -6.623389e+00
-3.374300e+00 -9.739494e+00
-3.344408e+00 2.379023e+00
2.241088e+00 -9.358276e+00
3.036513e+00 -9.381991e-01
5.885037e+00 4.667917e+00
1.316542e+00 3.028829e+00
9.548835e-01 1.078674e+01
3.226634e+00 1.365546e-01
3.053443e+00 1.106505e+01
-8.528966e+00 -9.888902e+00
-3.532633e-01 9.417205e+00
-6.137526e+00 9.346442e+00
2.472197e+00 -2.077906e+00
-3.264328e+00 -1.680875e+00
2.365784e+00 -5.721589e+00
-3.908788e+00 -2.682804e+00
-9.412117e+00 5.042089e-01
1.684575e+00 4.657916e+00
4.489221e+00 1.699584e+00
2.365328e+00 3.312584e+00
-3.865278e+00 -1.073369e+01
-3.081981e+00 4.629788e+00
-2.263210e+00 -7.467896e-02
7.997477e+00 2.490511e+00
1.022729e+01 3.423503e+00
6.711440e+00 -1.058716e+01
2.026944e+00 -3.355370e+00
-3.757243e+00 -8.692267e+00
-4.267997e+00 1.067203e+01
-2.640033e+00 -1.050687e+01
-4.163456e+00 8.779161e+00
9.536070e+00 8.642914e+00
-5.438296e+00 -4.294047e+00
-2.422314e+00 9.428618e-01
7.383306e+00 8.830104e+00
-2.177174e+00 9.923871e+00
-5.559397e+00 1.698635e+00
6.456914e+00 -5.369493e+00
-8.030737e-01 -4.423268e+00
-2.139455e+00 -2.182041e+00
7.700491e+00 -1.080993e+01
2.241037e+00 -1.585914e-01
-1.160262e+00 1.006024e+01
-2.370188e+00 2.756857e+00
2.844697e-01 -7.105752e+00
1.032459e+01 -9.173587e+00
8.893684e+00 1.008109e+01
1.977142e+00 -1.064262e+01
8.462955e+00 1.498067e+00
7.386458e+00 -7.485389e+00
-5.060836e+00 -2.384214e+00
-5.907322e+00 -1.038269e+01
-1.090106e+01 1.564360e+00
1.066469e+00 -4.099979e+00
6.990955e+00 -4.472045e+00
3.774645e+00 -7.796407e+00
8.731822e+00 -6.744553e-02
-5.776579e-01 -8.005870e+00
-4.727181e+00 -3.443169e+00
6.347657e+00 3.463514e+00
9.970490e+00 -2.129667e+00
3.662547e+00 -1.877411e+00
5.413412e+00 6.330778e+00
4.932976e+00 5.111662e+00
4.425087e+00 6.077180e+00
3.582880e+00 9.075142e+00
7.712603e+00 9.926489e+00
6.272073e+00 5.760457e+00
7.049189e+00 1.073208e+01
1.375168e+00 -2.043239e+00
4.485570e+00 7.211338e+00
2.115879e+00 1.048318e+01
-1.102935e+01 4.488556e+00
-4.809416e+00 -9.747407e+00
-8.490028e-01 -6.642669e+00
5.615269e+00 -8.510320e+00
4.919501e+00 -4.442287e+00
2.670418e-01 -4.815381e+00
-1.735972e+00 -4.855840e+00
-1.025451e+00 -3.170564e+00
6.398497e+00 7.002279e+00
3.853479e+00 2.470680e+00
-1.936037e+00 1.102307e+01
-3.972552e+00 4.339013e-01
-1.035646e+01 7.661468e+00
5.411670e+00 1.361672e+00
6.539074e-01 8.743828e+00
-7.765772e+00 5.488410e+00
-1.053511e+01 1.086891e+01
9.206316e+00 -1.019189e+01
6.471695e+00 1.167835e+00
2.027111e+00 -4.694448e+00
1.048349e+00 -3.030809e+00
4.305824e+00 6.797298e-01
-1.091483e+01 -1.046793e+01
4.245419e+00 -5.606283e+00
8.570059e+00 5.608511e+00
-5.012755e+00 6.846295e-01
-7.268661e+00 -4.463294e+00
-1.034695e+00 -8.958902e+00
-6.800247e+00 1.022566e+01
-7.085930e+00 6.426900e+00
3.892663e+00 5.269093e+00
1.041965e+01 7.990789e+00
-6.246354e+00 -4.910538e+00
-8.312318e+00 1.046819e+01
5.434479e+00 9.046724e+00
7.285436e+00 5.039543e+00
9.649725e+00 1.079192e+01
-7.398704e+00 -9.946111e+00
-9.808171e+00 -1.008068e+01
9.880960e+00 9.655364e+00
9.113494e+00 -9.056842e+00
6.797700e+00 -8.400295e+00
-6.337124e-01 6.641413e+00
6.481590e+00 8.096078e+00
8.404539e+00 4.293855e+00
-1.463757e+00 5.909310e+00
7.499591e+00 7.528243e+00
-5.706202e+00 -9.151388e+00
-1.516410e+00 7.791457e+00
1.758897e+00 1.924600e+00
6.021464e+00 -6.790689e-01
4.562266e+00 -9.902186e+00
-1.732443e+00 -7.584786e+00
1.229600e+00 7.472729e+00
-7.075282e+00 7.498782e+00
2.772382e-01 -1.072638e+01
6.156537e+00 -7.386199e+00
-8.332891e+00 -4.178189e+00
4.852750e+00 -3.262951e+00
1.562236e+00 9.396204e+00
-9.712064e+00 -8.924442e+00
-1.035882e+01 -2.945843e+00
-1.076340e+01 8.661400e+00
5.272218e+00 -5.368962e+00
-9.566677e-01 -1.938270e+00
-1.070466e+01 -1.426441e+00
-9.759291e-01 2.899368e-01
8.024691e+00 -2.796847e+00
-2.745772e+00 -6.984856e+00
1.631668e+00 8.437036e+00
5.966363e+00 2.211994e+00
8.545833e+00 7.923846e+00
-7.036987e+00 -5.571745e+00
8.347944e+00 6.759005e+00
2.488447e+00 6.703364e+00
-9.573122e+00 8.683823e+00
6.739783e+00 -9.526403e+00
8.028994e+00 -6.489303e+00
8.653533e+00 1.112440e+01
-9.433031e+00 1.111430e+01
7.060156e+00 -3.191581e+00
-9.364882e+00 1.895969e+00
9.883277e+00 -1.715297e-01
-3.325283e+00 -4.786671e+00
4.095457e+00 -1.083552e+01
-4.141637e-01 1.133378e+00
1.626769e+00 -1.041776e+00
5.863281e+00 -4.370183e+00
1.034475e+01 4.713420e+00
4.139258e+00 -7.241915e-01
1.079830e+01 2.267495e+00
-6.285904e-02 1.058503e+01
3.486127e+00 -2.957741e+00
7.722373e+00 6.396199e-01
-5.889571e+00 6.646216e+00
2.631549e+00 -8.338316e+00
9.355324e+00 -7.017582e+00
1.012796e+01 5.800481e+00
3.146074e+00 9.978933e+00
-6.758597e-01 8.454409e+00
6.516259e+00 9.536071e+00
9.277393e+00 4.843630e+00
-8.171578e+00 6.727881e+00
4.706774e+00 -6.637623e+00
3.367418e-01 -5.957160e+00
9.960691e+00 -5.443911e+00
3.402545e+00 -4.978488e+00
1.047251e+01 -4.574733e+00
-7.439853e+00 4.517187e+00
5.132961e+00 3.690378e+00
1.134370e+00 -1.009723e+01
-5.629407e+00 -8.017442e+00
-5.942089e+00 2.913746e+00
-9.328101e+00 -2.546483e+00
-8.533326e+00 9.183266e+00
-5.670741e+00 1.058312e+01
