-9.989397e+00 -9.644819e+00
-9.605345e+00 6.796383e+00
-3.620748e+00 8.286039e+00
-5.796954e+00 -3.402478e+00
8.372941e+00 4.985249e+00
-7.907228e+00 -2.930623e+00
8.753586e+00 2.152735e+00
-7.085300e+00 6.673000e+00
9.323985e+00 -3.848889e+00
8.291491e+00 3.266527e-01
-5.035857e-02 9.625143e+00
9.044917e+00 4.153692e+00
8.965143e+00 1.189092e+00
6.905492e+00 3.461472e+00
-6.847045e+00 2.500868e+00
8.256865e-01 3.706694e+00
-1.046371e+01 3.047669e+00
-9.542191e+00 1.024324e+01
-8.380057e+00 -7.499549e+00
-6.315315e+00 -9.550623e+00
-1.018941e+01 -8.516071e+00
-8.904791e+00 -6.382496e+00
6.832798e+00 -6.233611e+00
9.958941e+00 1.177438e+00
4.271662e+00 -5.438016e-01
-1.108394e+01 3.904087e+00
-5.027265e+00 -2.261789e+00
6.033971e+00 -7.339941e+00
8.734553e+00 -6.044757e-01
1.014522e+01 3.742312e+00
-4.881145e+00 7.480616e+00
7.220002e+00 -2.207746e+00
-9.451931e+00 2.486848e+00
1.061512e+01 6.972197e+00
-1.694327e+00 2.397737e+00
-1.049673e+01 1.090144e+01
1.099814e+01 -6.856730e+00
-4.156884e+00 -1.105716e+01
-8.219793e+00 -5.351705e+00
-3.640911e+00 7.260751e+00
-7.789569e+00 -6.487629e+00
-9.926338e+00 -3.824914e+00
-6.777326e+00 -8.582542e+00
-6.709097e+00 9.565173e+00
-8.877317e+00 -9.340651e+00
9.029497e+00 5.991309e+00
1.078052e+01 2.799036e+00
-1.055446e+01 -1.150110e+00
9.720514e+00 -5.032874e+00
-9.620111e+00 3.802503e+00
4.868532e+00 4.713989e+00
-5.737271e+00 -8.028344e-01
3.521673e+00 1.452638e+00
-9.208804e+00 4.828976e+00
5.227982e+00 2.431655e-01
-8.276248e+00 6.873388e-01
-3.161516e+00 5.987949e+00
-5.893162e+00 2.022462e-01
-6.462185e+00 5.742561e+00
-5.332761e+00 8.546742e+00
6.902572e+00 -8.224834e+00
6.088205e+00 -1.070358e+01
9.026514e+00 -9.937160e+00
-4.778376e+00 -9.211899e+00
-1.000869e+01 1.561751e+00
-1.089894e+01 -2.308587e+00
-9.540415e+00 -7.352649e+00
-9.055826e+00 -2.566274e-01
-1.089518e+01 -5.938353e+00
9.750084e+00 -1.029724e+00
-4.791671e+00 2.351614e+00
7.298288e+00 1.440892e-01
-1.698643e+00 -1.439849e+00
-1.235017e+00 5.379731e+00
-3.606607e+00 9.412459e+00
3.705634e+00 4.295278e+00
-7.466953e+00 -1.751037e+00
-5.335389e+00 6.510592e+00
-8.850427e+00 -4.427046e+00
-5.702849e+00 9.824313e+00
1.536521e+00 -1.052008e+01
-7.111739e+00 -5.667183e+00
-1.125290e+00 9.929805e+00
1.022773e+01 -9.925025e+00
9.998857e+00 -8.852190e+00
9.498260e+00 1.795138e-01
-4.343626e+00 -5.606445e+00
-3.740916e+00 1.735370e+00
8.159221e+00 -7.521135e+00
7.444417e+00 -5.337495e+00
-9.531913e+00 -1.274406e+00
1.462787e+00 -3.161619e+00
-4.385392e+00 4.112405e-01
-2.570051e-01 1.707786e+00
7.923317e+00 6.788522e+00
4.027484e+00 -2.085648e+00
1.037026e+01 5.817910e+00
-6.271419e+00 -1.813844e+00
-6.602409e+00 3.834051e+00
1.032077e+01 -6.008979e+00
-1.095543e+01 1.879894e+00
2.558869e+00 -1.036691e+01
-9.131265e+00 -8.316941e+00
-6.320534e+00 -4.946481e+00
-1.762271e+00 -9.228935e+00
-1.068843e+01 -7.598733e+00
-2.338694e+00 -6.899924e+00
6.130295e+00 2.620490e+00
-5.447622e+00 -4.337588e+00
-6.802240e+00 -2.936391e+00
-1.016368e+01 -4.498936e-02
-4.361878e-01 -3.113178e+00
2.952360e-01 -2.968001e-01
-4.965207e+00 1.182863e+00
5.818394e+00 6.660399e+00
-1.096599e+01 5.522901e+00
-4.686485e+00 3.604699e+00
-6.141142e+00 -1.058797e+01
-1.067767e+01 6.675840e+00
-9.998221e+00 8.068081e+00
-2.627067e+00 2.824557e+00
-5.461135e+00 5.451524e+00
-6.049369e-01 -8.197667e+00
-5.325952e+00 -8.244894e+00
6.114172e+00 -5.226886e+00
-5.180652e+00 -6.782413e+00
-4.184484e+00 -7.137340e+00
-1.439939e+00 -1.028926e+01
-7.854821e+00 -2.642577e-01
-8.729129e+00 1.673626e+00
5.619128e+00 -6.297808e+00
-2.532934e+00 -5.682438e+00
-7.616931e+00 3.528843e+00
9.586811e+00 5.082531e+00
-1.428046e+00 1.099627e+01
5.476047e+00 7.803907e+00
2.654280e+00 -3.884168e-01
2.534235e+00 5.134923e+00
-2.117475e+00 5.943325e+00
-1.085349e+00 7.672222e+00
-7.186849e+00 4.820692e+00
-2.299229e+00 -1.094040e+01
-5.022763e+00 -1.039124e+01
-7.278769e+00 -1.082532e+01
-7.183472e+00 -7.378708e+00
-3.283465e+00 -1.059855e+01
-3.591827e+00 -2.253838e+00
8.530806e-01 -5.352154e+00
-2.603506e+00 -2.589661e+00
-8.570645e+00 -1.208512e+00
5.030297e-01 -2.740132e+00
-1.651221e+00 -3.081228e+00
-5.516158e+00 4.335259e+00
-3.367016e+00 -6.348476e+00
-2.719060e+00 1.773462e+00
-2.741676e-01 2.850621e+00
-6.012733e+00 -7.470095e+00
-6.451329e+00 8.459149e+00
9.944665e-02 5.243175e+00
-1.193263e+00 -4.047031e+00
-6.114329e+00 7.275888e+00
-5.701842e+00 3.212807e+00
4.736367e+00 -6.794293e+00
-3.298559e+00 -3.640536e+00
-9.363984e+00 7.543065e-01
-3.446632e+00 6.635283e-01
-2.250368e+00 3.847789e+00
-4.372706e+00 -3.256612e+00
-6.882864e+00 -7.415797e-01
-3.231840e+00 3.839282e+00
-2.143430e+00 1.016740e+01
4.011181e+00 -5.491840e+00
-1.334415e+00 -7.497669e+00
-1.439052e+00 -3.183682e-02
-8.130563e+00 6.684115e+00
-2.600969e+00 -6.281314e-01
-4.010056e-01 6.432741e+00
5.174093e-01 -8.781772e+00
6.927397e+00 1.061687e+01
-3.648918e+00 -4.521402e-01
5.616076e-01 -1.004910e+01
-2.152405e+00 4.855428e+00
4.189634e-02 -5.990008e+00
-6.540295e+00 1.066906e+01
1.117364e+01 -9.244599e+00
3.965439e+00 -1.080098e+01
-6.556670e-01 -9.443511e+00
-4.238381e+00 -8.285617e+00
-3.919677e+00 -9.842566e+00
-8.682326e+00 3.128143e+00
1.080699e+01 -8.379398e-01
-1.621060e+00 -5.240545e+00
-5.802002e+00 2.195147e+00
-6.997092e+00 4.716386e-01
3.610709e+00 3.842422e-01
8.568178e+00 7.753473e+00
1.465958e+00 -2.127157e+00
2.485230e+00 9.917821e+00
6.446969e-01 6.611117e+00
8.955935e+00 -8.898450e+00
4.750188e+00 -3.923132e+00
2.903597e+00 1.100400e+01
9.372494e+00 6.978235e+00
-9.061320e+00 -3.246585e+00
-4.660232e+00 9.326549e+00
6.930507e+00 4.840000e+00
1.632170e+00 -9.338473e+00
-4.288726e-01 -6.922985e+00
2.711207e+00 -9.197968e+00
-5.902093e-01 -5.027032e+00
6.909459e-01 2.398105e+00
-3.148708e+00 -8.764093e+00
8.881948e-01 1.007655e+01
-7.468321e+00 1.661758e+00
1.624049e+00 1.081055e+01
2.428005e+00 9.894166e-01
2.905072e+00 6.150474e+00
-1.175596e+00 4.371557e+00
2.779976e-01 8.567602e+00
-3.927193e-01 -2.081629e+00
4.872221e+00 9.894945e+00
-8.228782e+00 -1.038384e+01
3.742062e+00 1.018980e+01
-4.241504e+00 1.027282e+01
7.543612e+00 -3.270358e+00
1.509514e-01 -4.105160e+00
6.084924e+00 -4.089207e+00
-3.242211e+00 -4.853570e+00
6.542602e+00 1.709630e+00
1.636108e+00 4.480129e+00
-3.973118e-01 5.650426e-01
-1.274339e+00 1.106535e+00
-4.670091e-01 1.069684e+01
-3.318245e+00 4.929429e+00
3.007225e-01 -1.331999e+00
5.841948e+00 5.190580e+00
5.404997e+00 3.391986e+00
3.762364e+00 -9.640776e+00
4.761008e+00 -7.954981e+00
4.956487e-01 -7.673580e+00
-3.061831e+00 1.069248e+01
2.313731e+00 8.703705e+00
-2.617555e+00 7.084626e+00
5.557211e+00 9.004071e+00
-6.482026e+00 -6.524927e+00
-4.230275e+00 -1.394028e+00
8.862842e+00 9.721545e+00
1.477328e+00 -8.299372e+00
9.865702e+00 2.167455e+00
-9.773263e+00 -5.002685e+00
3.624455e+00 -4.420837e+00
2.507881e+00 -4.240840e+00
5.795872e+00 1.034707e+01
4.539632e+00 1.044143e+00
1.298949e+00 8.980056e+00
-2.298294e+00 6.443192e-01
4.161815e+00 -3.135681e+00
8.277791e+00 -1.087827e+01
1.005135e+01 8.951279e+00
2.546341e+00 -8.009924e+00
6.096896e+00 4.152748e+00
8.972360e+00 -6.299739e+00
-4.271286e+00 -4.365954e+00
-5.126366e+00 1.088948e+01
7.726448e+00 4.199608e+00
7.122687e+00 -7.217191e+00
8.761513e+00 -1.656389e+00
9.301114e+00 -7.923423e+00
6.332685e+00 6.899112e-01
2.872750e+00 -6.915138e+00
-2.304559e+00 -4.017297e+00
5.848716e-01 1.070754e+00
-1.094869e+01 6.561683e-01
1.748961e+00 3.173673e+00
6.823849e+00 6.966480e+00
1.293858e+00 5.560821e+00
4.585048e+00 7.050187e+00
3.400669e+00 8.137114e+00
9.085981e+00 8.656623e+00
2.686433e+00 4.028019e+00
6.420752e+00 8.199276e+00
1.526373e+00 5.400823e-01
5.101512e+00 -1.112118e+01
5.898906e-01 1.104334e+01
1.067434e+01 4.801283e+00
-2.717035e+00 -9.776541e+00
1.800177e+00 -7.304653e+00
7.919241e+00 -6.469060e+00
8.466139e+00 -2.631544e+00
4.935624e+00 -4.987582e+00
3.068841e+00 -3.455157e+00
2.367791e+00 -2.621577e+00
4.487070e+00 8.113217e+00
-9.229985e-02 4.160586e+00
3.836782e+00 9.105028e+00
-2.814081e+00 -1.605164e+00
1.084288e+01 1.092040e+01
4.537899e+00 2.133148e+00
-1.373192e+00 6.629052e+00
-1.029536e+01 4.654351e+00
7.289511e+00 -1.072940e+01
9.930819e+00 9.929044e+00
5.166740e+00 -1.769610e+00
6.371959e+00 -4.881782e-01
2.307469e+00 -1.545377e+00
3.306840e+00 -1.295722e+00
7.902082e+00 -9.884064e+00
9.644151e+00 -2.784906e+00
2.434762e+00 2.305157e+00
-5.386676e+00 -5.528245e+00
-6.736888e+00 -3.945834e+00
3.014554e+00 -5.387085e+00
-7.335790e+00 7.626269e+00
-7.649967e+00 8.753238e+00
1.808036e+00 6.453201e+00
-9.893561e+00 5.649650e+00
-7.611551e+00 1.037414e+01
-8.977232e+00 9.000686e+00
8.047860e+00 9.007114e+00
3.521586e+00 7.040256e+00
7.901288e+00 1.033649e+01
-1.094230e+01 8.808926e+00
-7.950613e+00 -8.527561e+00
8.985261e+00 1.076501e+01
7.915040e+00 -8.845634e+00
5.798784e+00 -8.354231e+00
-6.199170e+00 1.181807e+00
4.689987e+00 -1.002693e+01
1.662442e+00 1.599988e+00
-4.347646e+00 4.611261e+00
4.877944e+00 6.113930e+00
-3.049355e-01 -1.067022e+01
-3.797314e+00 2.875585e+00
-1.131910e+00 3.312622e+00
5.361900e+00 -7.289736e-01
3.496759e+00 -8.512060e+00
-3.231950e+00 -7.511327e+00
-1.912732e+00 8.140615e+00
-1.092596e+01 7.627901e+00
9.148483e-01 -6.647423e+00
9.912557e+00 -1.091635e+01
-7.789603e+00 -4.006392e+00
1.047431e+01 1.745286e-01
1.015512e+00 7.670739e+00
-9.897900e+00 -6.090829e+00
-9.860339e+00 -2.529608e+00
1.042317e+01 -7.879119e+00
7.470571e+00 -1.270719e+00
1.217394e+00 -4.351598e+00
1.030404e+01 -1.959982e+00
1.609545e+00 -6.840415e-01
7.526445e+00 1.222124e+00
-2.203261e+00 -8.198508e+00
-9.960020e-01 8.897580e+00
4.387520e+00 3.322599e+00
6.613019e+00 5.920669e+00
-7.421288e+00 -9.697766e+00
3.836126e+00 5.444655e+00
-4.264079e+00 6.226155e+00
-1.002143e+01 9.356038e+00
6.873318e+00 -9.598253e+00
9.836588e+00 -6.999763e+00
5.857482e+00 -9.371846e+00
-9.548512e+00 -1.072747e+01
1.075437e+01 -2.993648e+00
7.658425e+00 2.273771e+00
9.411343e+00 3.099386e+00
-1.371096e+00 -6.369601e+00
3.886003e+00 -7.373765e+00
-6.026542e-01 -7.858655e-01
6.203620e+00 -1.926195e+00
8.116636e+00 -4.361937e+00
1.001700e+01 7.924961e+00
3.494266e+00 2.725640e+00
8.151839e+00 3.195214e+00
2.117119e+00 7.454117e+00
6.553315e+00 -3.128967e+00
5.515514e+00 1.581305e+00
-8.944009e+00 7.916351e+00
8.547226e+00 -5.386377e+00
-1.080254e+01 -1.043772e+01
7.507660e+00 7.894799e+00
7.112378e+00 9.481805e+00
-2.708357e+00 8.891083e+00
4.752278e+00 -9.003290e+00
7.712398e+00 5.781838e+00
-8.867582e+00 5.993554e+00
1.039592e+01 -3.963526e+00
1.986943e+00 -5.122577e+00
-1.091420e+01 -4.077770e+00
5.454936e+00 -3.078488e+00
1.082061e+01 -5.136044e+00
-8.405023e+00 4.190796e+00
-4.204877e-02 7.394504e+00
2.037633e+00 -6.272643e+00
-8.548226e+00 1.000740e+01
-7.968953e+00 5.407719e+00
-8.631269e+00 -2.256869e+00
1.116912e+01 9.829431e+00
-8.686205e+00 1.104243e+01
