7.191336e+00 9.469610e+00
-6.634638e+00 -8.037767e+00
7.471675e+00 4.249429e+00
3.714678e+00 -7.723127e+00
-5.030187e+00 6.518754e+00
1.080092e+01 -9.190560e+00
7.677746e+00 -5.293169e-01
9.195847e+00 -3.850757e-01
8.626888e+00 6.667686e-01
-9.695575e+00 1.992578e+00
-6.520852e+00 1.116280e+01
7.972286e+00 3.352702e+00
-4.942781e+00 -3.810340e+00
2.048029e+00 4.116420e+00
-4.927760e+00 2.249937e+00
8.770875e-01 8.561412e+00
-4.299857e+00 -3.036426e+00
-1.076988e+01 -7.187181e+00
9.549741e+00 -1.111197e+01
-1.073770e+01 7.266773e+00
5.074154e+00 9.838856e+00
9.515524e+00 -3.520800e+00
4.871088e+00 -7.930928e+00
-5.275714e-01 -6.957852e-01
4.932885e+00 -1.176610e+00
8.251073e+00 5.381588e+00
-3.917178e+00 2.158550e+00
-6.023027e+00 -8.961871e+00
-1.014288e+01 6.544157e-01
-8.246069e+00 9.002208e+00
-9.415317e-01 -9.443363e+00
4.164856e+00 -3.991455e-01
-5.854553e+00 -1.391035e+00
-1.014418e+01 -5.886925e-01
-1.957269e+00 7.287494e+00
-6.189127e+00 -3.676691e+00
9.571267e+00 -6.553076e+00
6.894133e+00 3.216059e+00
-9.948238e+00 -4.218899e+00
1.086308e+01 4.531015e+00
5.491407e+00 7.093323e+00
9.342044e+00 1.596697e+00
7.589467e+00 6.152256e+00
-1.059475e+01 2.733931e+00
-8.338977e+00 -2.822769e+00
5.852711e+00 6.018921e+00
-1.882898e+00 -4.037677e+00
-7.299467e+00 -3.101166e+00
8.963123e+00 -5.599817e+00
-8.790857e+00 -6.180748e+00
8.054447e+00 -4.895002e+00
4.378469e-01 5.496175e+00
-8.511026e+00 2.165356e+00
9.737202e+00 4.980665e+00
-9.102862e+00 1.135460e+00
-6.253790e+00 2.812977e+00
2.521434e-01 3.115308e+00
-8.828895e-01 5.409441e-01
1.084369e+01 5.697933e+00
-6.726421e+00 6.043853e+00
-2.516706e+00 -6.784295e+00
7.138542e+00 -1.043169e+01
8.132707e+00 -1.076558e+01
1.099554e+00 7.424142e+00
-3.422316e+00 -9.330960e-01
3.798991e+00 -9.877282e+00
8.521393e+00 -3.969141e+00
1.750499e-01 2.877131e-01
-1.039271e+01 6.044970e+00
5.461413e+00 -8.889456e+00
4.092444e+00 6.642502e+00
-6.531871e+00 4.977513e+00
-2.502671e+00 6.020240e+00
-2.516647e+00 8.142797e+00
-4.749025e+00 1.012945e+01
2.240326e+00 1.074801e+01
-9.301877e+00 -3.938635e-02
-1.219341e+00 3.526176e+00
5.796804e+00 -2.967533e+00
-9.646493e+00 -2.585808e+00
8.776537e-01 -9.835524e+00
-3.774238e+00 -3.990094e+00
6.414102e+00 7.819632e+00
-4.055946e+00 -9.327774e+00
2.101096e+00 -9.642820e+00
1.370745e+00 7.791142e-01
5.719196e+00 4.909184e+00
-8.612535e+00 5.254588e+00
-1.923837e+00 -2.945430e+00
5.071098e+00 -9.918920e+00
2.055947e+00 -2.737403e+00
2.344436e-01 -7.101758e+00
3.309125e+00 2.950946e-01
5.343567e+00 3.864725e+00
6.624500e+00 -3.972347e-02
3.003475e+00 -3.694096e+00
4.210054e+00 8.000273e+00
-3.169876e+00 7.290812e+00
-1.037387e+01 4.938359e+00
-8.219048e+00 -6.983232e+00
2.723795e+00 2.388818e+00
2.167867e-02 1.075379e+01
-9.028639e+00 -1.708457e+00
7.043495e+00 1.089180e+01
-2.531439e+00 -4.829700e+00
-8.979758e+00 1.106531e+01
-2.620124e+00 1.090470e+01
-9.289138e+00 6.242731e+00
-6.125869e+00 3.934281e+00
-6.814440e+00 -2.068781e+00
-6.135476e+00 1.779084e+00
-6.350006e+00 8.168842e-01
9.795260e+00 -2.425222e+00
2.158061e+00 7.832984e+00
9.373618e+00 9.181037e+00
9.267278e+00 -7.596150e+00
-2.188367e+00 3.826137e+00
-2.118209e+00 -7.762100e+00
-1.035650e+01 3.866319e+00
-9.473776e+00 9.962991e+00
6.741320e-01 2.162470e+00
3.051634e-02 7.946804e+00
-1.051326e+01 8.345195e+00
-8.337418e+00 -9.106187e+00
4.061207e+00 -4.306970e+00
6.791947e+00 -3.030402e+00
-6.114558e+00 -6.169754e+00
-1.012060e+01 -8.024458e+00
-1.608396e+00 1.617939e+00
1.049623e+01 -7.005771e+00
1.063410e+01 -3.059989e+00
-9.942804e+00 -1.024580e+01
-9.395769e+00 -8.967006e+00
-1.108929e+01 2.799713e-02
1.236043e+00 -7.455649e+00
6.121640e+00 9.193864e+00
-1.658460e+00 -1.999703e-01
-9.269377e+00 4.424837e+00
1.390696e+00 5.139398e+00
-6.385146e-01 5.632803e+00
-8.433146e+00 1.016014e+01
-8.323647e-01 -7.312234e+00
-1.025917e+01 1.099668e+01
-7.253217e+00 1.556801e+00
1.115034e+01 -2.228728e+00
-7.356415e+00 8.114289e+00
-8.171248e+00 4.226064e+00
-5.934599e+00 -1.032676e+01
7.281221e+00 -3.924807e+00
-4.900954e+00 -1.793420e+00
4.855516e+00 -3.349893e+00
-7.303755e+00 8.954538e-02
-6.661377e+00 9.032100e+00
-5.048665e+00 -8.300910e+00
3.710682e+00 2.766363e+00
9.582867e+00 8.096248e+00
-7.252527e+00 -1.024991e+01
-3.803369e+00 1.102380e+01
1.058468e+01 6.694768e+00
3.275270e+00 -9.583414e-01
1.631385e+00 -1.542230e+00
-5.365317e+00 4.637799e+00
-4.558310e-01 -6.271550e+00
-3.813878e+00 -2.012665e+00
5.955577e+00 -1.026663e+00
1.012696e+01 -1.529963e+00
-2.362062e+00 -1.358567e+00
-1.059573e+01 -3.340865e+00
2.063267e+00 6.755996e+00
-6.223640e+00 8.000773e+00
-4.323777e+00 4.292639e+00
-3.282938e+00 -6.040536e+00
6.990410e-01 -1.079888e+01
5.491494e+00 9.274823e-01
3.170165e+00 7.450020e+00
-5.310448e+00 6.528680e-01
1.083293e+01 3.207572e+00
-1.190302e+00 -8.302058e+00
-3.566225e+00 -1.025430e+01
3.081808e+00 -4.767254e+00
-7.630790e-01 9.943287e+00
4.505703e+00 -6.975134e+00
-3.415421e+00 -8.311649e+00
-4.169223e+00 3.150550e+00
2.412818e+00 5.395549e+00
-8.423602e+00 7.950523e+00
-4.702121e+00 -4.798280e+00
-3.556285e+00 -4.988562e+00
-2.991527e+00 -9.231620e+00
1.223331e+00 -2.488116e-01
-1.089003e+01 1.437554e+00
-4.309807e+00 1.091068e+00
3.330425e+00 4.348070e+00
-3.337921e+00 5.104090e+00
-2.182299e+00 7.578477e-01
1.103241e+01 -8.195134e+00
-1.328786e+00 6.482293e+00
-2.337837e-01 1.581823e+00
-2.382607e+00 4.950476e+00
9.300678e-01 -8.601019e+00
7.978319e+00 -1.657986e+00
1.912608e+00 -6.578434e+00
7.198861e+00 -9.365903e+00
4.171119e+00 -8.806182e+00
-4.151896e+00 9.413608e-02
9.769118e+00 5.509575e-01
5.046989e+00 -4.472709e+00
-7.071871e+00 -4.178161e+00
9.072941e+00 1.023964e+01
-8.331389e+00 -7.415810e-01
6.185587e-01 -6.066854e+00
-5.209170e-01 -4.048654e+00
-3.413973e+00 -7.310728e+00
1.119622e+00 6.165949e+00
-2.134510e-01 -5.125091e+00
6.156230e+00 -4.121257e+00
-1.103230e+01 -5.007697e+00
-9.713884e+00 3.142369e+00
1.540078e+00 9.716856e+00
4.838641e+00 5.866162e+00
5.891439e+00 -5.283868e+00
-5.176250e+00 -5.683824e+00
-9.667803e+00 7.486667e+00
-3.299524e+00 3.982277e+00
-1.390326e+00 4.580745e+00
-2.656399e+00 1.749978e+00
-2.733642e+00 -2.343081e+00
1.092633e+01 9.183886e+00
-5.024881e+00 -5.277820e-01
4.140814e+00 1.022772e+01
-6.223514e+00 -2.002142e-01
9.885187e+00 2.521154e+00
-2.433310e+00 9.148526e+00
-1.980306e+00 2.694022e+00
4.972979e+00 -2.291885e+00
8.806316e+00 4.376949e+00
2.335987e+00 9.020163e+00
-1.335225e+00 -1.038887e+01
1.182245e+00 -3.408101e+00
-5.089130e+00 -9.581978e+00
1.546718e+00 2.932575e+00
-5.875403e+00 -7.226314e+00
-3.556748e+00 8.439395e+00
7.318139e+00 8.399414e+00
-7.574681e-02 -1.869041e+00
5.271990e+00 -1.341162e-01
1.065495e+01 -4.277397e+00
-6.050239e+00 6.914146e+00
5.611792e+00 -6.257775e+00
8.522343e+00 -6.777835e+00
1.899799e+00 -4.146839e+00
-1.539500e+00 -6.426571e+00
3.190133e+00 1.098643e+01
1.937076e+00 -8.201397e+00
-1.277172e-01 -8.145992e+00
-4.484172e+00 7.493597e+00
1.365161e+00 -5.037105e+00
7.550277e+00 -5.927330e+00
3.919143e+00 -1.851302e+00
9.134807e+00 -1.570941e+00
-8.042231e+00 -3.904688e+00
7.717592e+00 7.350888e+00
-5.200559e+00 3.366444e+00
-4.678678e+00 -7.258733e+00
4.643195e+00 4.835305e+00
9.370242e-01 -2.380157e+00
5.379761e+00 8.424070e+00
8.820216e+00 -2.704337e+00
6.012720e+00 1.042736e+01
6.629417e+00 -8.100815e+00
-5.772179e+00 -4.694486e+00
8.196660e+00 1.608593e+00
5.821303e+00 -7.331755e+00
-6.324887e+00 1.009830e+01
5.056477e+00 1.096612e+01
8.309012e+00 9.441023e+00
7.404395e+00 8.113141e-01
-2.798881e-01 -1.028797e+01
5.954385e+00 -1.085993e+01
4.509086e-02 -9.161235e+00
9.178369e+00 -1.007180e+01
5.194618e-01 -9.891941e-01
2.967329e+00 -8.672438e+00
-1.190876e+00 8.597423e+00
-7.031386e+00 -8.775465e-01
-4.373839e+00 5.431748e+00
4.153509e-02 -3.160914e+00
4.743431e-01 9.807733e+00
6.338199e+00 1.456893e+00
3.671008e+00 -2.896713e+00
-1.109103e+00 1.099597e+01
-1.365216e+00 -1.568323e+00
5.849858e+00 3.052327e+00
-7.342448e+00 7.005993e+00
-2.458571e+00 -1.026938e+01
1.045371e+01 1.249433e+00
8.508845e+00 6.577317e+00
-5.479110e+00 -2.943954e+00
-7.310664e+00 1.003796e+01
-7.527931e+00 5.295677e+00
-7.066668e+00 -6.991711e+00
8.229339e+00 -9.627245e+00
6.727160e+00 -1.866075e+00
-1.484836e+00 -5.024784e+00
-3.278587e+00 1.012947e+00
8.876869e+00 2.745737e+00
1.094739e+01 -1.108261e+01
-1.116199e+01 -1.032901e+00
9.422939e+00 6.993272e+00
-3.823198e-01 4.230222e+00
-7.699451e+00 -6.039233e+00
3.463771e+00 -6.288094e+00
-8.214162e+00 6.362204e+00
-4.120802e+00 9.336575e+00
3.095956e+00 6.368327e+00
-8.839199e+00 -7.840061e+00
8.591754e+00 -8.532230e+00
-8.079888e+00 -4.979252e+00
-1.826289e+00 1.012300e+01
-7.280528e+00 2.655019e+00
-9.006536e+00 -4.543848e+00
-5.470838e+00 9.383013e+00
6.224382e+00 -9.647350e+00
-9.809671e+00 -6.767878e+00
6.836239e+00 5.111684e+00
2.441626e+00 -5.657152e+00
3.529372e+00 5.352733e+00
3.929012e+00 1.708252e+00
7.205317e+00 2.091299e+00
6.290224e-01 4.426186e+00
4.428083e+00 9.037422e+00
-5.425390e+00 1.099094e+01
4.631613e-01 -4.363935e+00
8.006432e+00 1.046163e+01
1.035288e+01 -3.595747e-01
1.001493e+01 -5.539645e+00
-4.286576e+00 -6.234884e+00
-3.355204e+00 1.005293e+01
-8.861378e+00 -1.001965e+01
-1.099603e+01 -1.006208e+01
-2.288095e-01 8.958932e+00
-8.351076e+00 3.839677e-01
2.744151e+00 -1.886303e+00
-3.731412e+00 6.364549e+00
1.030360e+01 -1.009512e+01
-7.673043e+00 -8.207392e+00
-1.100586e+01 1.010211e+01
4.454530e+00 6.895230e-01
1.027327e-01 6.775702e+00
-7.838677e+00 -1.819134e+00
2.833295e+00 3.450269e+00
4.126271e+00 -1.084219e+01
-7.186084e+00 -9.178957e+00
-9.392529e+00 8.627644e+00
3.370033e+00 8.754884e+00
5.464422e+00 2.016361e+00
-9.242586e+00 -3.518684e+00
6.706977e+00 6.709696e+00
2.310023e+00 -3.098052e-01
6.411045e+00 4.088935e+00
2.874542e+00 -1.025955e+01
8.404855e+00 8.387258e+00
-8.735242e-01 7.563226e+00
-1.022009e+01 -1.643379e+00
-1.045783e+01 -9.082291e+00
-2.725073e+00 -1.927795e-01
1.035342e+01 1.041054e+01
-6.800550e+00 -5.214543e+00
-1.004392e+01 -5.396927e+00
7.018519e+00 -5.023992e+00
4.041633e+00 -5.311169e+00
9.593476e+00 -8.993365e+00
-1.030582e+01 9.328651e+00
4.235086e+00 3.717866e+00
-2.999080e+00 2.813480e+00
-7.990011e+00 -1.096293e+01
1.701335e+00 1.854331e+00
-2.805419e+00 -3.596199e+00
9.841232e+00 3.652077e+00
-1.964279e+00 -9.222232e+00
3.005304e+00 9.898879e+00
4.777836e+00 2.784041e+00
1.099636e+00 1.067755e+01
-4.978633e+00 8.346929e+00
1.723161e+00 -1.067366e+01
1.066069e+01 7.738178e+00
2.570444e+00 1.229503e+00
-1.086588e+01 -6.128833e+00
-9.171180e-01 -2.542398e+00
-7.137993e+00 3.765481e+00
-7.749607e-01 2.502299e+00
9.530078e+00 -4.611083e+00
9.692661e+00 6.001228e+00
7.798879e+00 -7.670407e+00
2.677833e+00 -7.402402e+00
7.732612e+00 -2.712644e+00
-5.654173e+00 5.730968e+00
6.860582e+00 -6.879335e+00
-8.651972e+00 3.322631e+00
-4.610814e+00 -1.056901e+01
