8.098632e+00 -1.016073e+01
-7.851825e+00 8.239989e+00
-9.557164e+00 6.735346e+00
-3.332174e+00 1.180556e+00
-3.875084e+00 2.101660e+00
-8.306756e+00 -1.015192e+01
7.458224e+00 4.361034e-01
5.023846e+00 3.609580e+00
6.368325e+00 -6.951423e+00
6.395611e+00 -2.406646e+00
-4.618572e+00 7.181556e+00
8.808087e+00 5.913610e+00
-7.043308e+00 -2.669295e-01
6.032979e+00 3.049890e+00
-5.351553e+00 3.760792e+00
5.861818e+00 5.124953e+00
-8.001523e+00 -4.630001e+00
1.102296e+01 -1.001223e+01
-9.649694e+00 -8.329690e+00
-1.055661e+01 -9.257954e+00
5.433049e+00 -7.723230e+00
7.919391e+00 -3.662634e+00
1.877102e+00 -5.806003e+00
-2.232907e+00 2.535108e-01
5.335610e+00 8.369550e-01
1.096528e+01 5.675734e+00
-4.801523e+00 -2.751047e-02
-1.210066e+00 9.923108e+00
9.633810e+00 -1.442835e-01
-6.667642e+00 3.427243e+00
2.306265e+00 -7.524369e+00
6.834360e+00 2.499226e+00
-9.595667e+00 1.482983e+00
-1.031355e+01 -2.599869e+00
1.883498e+00 4.264681e+00
-4.237593e+00 1.064109e+01
-8.243231e+00 1.116272e+01
-9.179926e+00 -9.547317e+00
9.824482e+00 -6.676040e+00
-8.776729e+00 2.307977e+00
9.061079e+00 -1.052030e+01
5.215941e+00 -2.245616e+00
-9.238733e+00 -1.082876e+01
9.159983e+00 2.801176e+00
-9.611247e+00 -5.159092e+00
7.730932e+00 7.920737e+00
-6.958116e+00 -2.708563e+00
-7.123900e+00 -4.111085e+00
8.721399e+00 -6.198029e+00
-1.064478e+01 -1.537698e+00
4.802351e+00 -4.255908e+00
-5.059402e-01 2.017820e+00
8.580915e+00 6.214451e-02
-9.451014e+00 4.799979e+00
1.031394e+01 -1.782292e+00
-7.202006e+00 -1.357283e+00
1.480913e+00 6.281359e+00
-6.067328e+00 -3.482442e+00
-7.236766e+00 7.364729e+00
3.391522e-01 5.362258e+00
2.590407e+00 -1.081535e+01
4.566847e+00 -6.985396e+00
7.058995e+00 1.089788e+01
-2.015406e+00 -1.038483e+01
-9.670815e+00 4.178881e-01
4.123639e+00 -6.040641e+00
1.002133e+01 -4.438089e+00
-4.433210e+00 1.151889e+00
-7.138379e+00 9.519257e+00
5.225839e+00 -5.276738e+00
4.104052e+00 9.204025e+00
-1.061848e+01 1.645863e+00
1.421293e-01 6.377453e+00
3.837073e+00 5.085733e+00
8.527597e-01 4.363521e+00
8.002828e+00 3.768887e+00
-9.275564e+00 -6.159774e+00
-2.801360e+00 3.985361e+00
5.483193e+00 -6.515065e+00
1.055585e+01 -5.977607e+00
3.373043e+00 -9.722025e+00
-6.437895e+00 -6.493128e+00
5.987384e+00 4.124028e+00
2.227216e-01 -6.998964e+00
5.559899e+00 -9.707194e+00
4.139789e+00 1.495737e+00
9.155615e+00 1.024416e+01
-8.267865e+00 5.165039e+00
3.416425e+00 -7.287779e+00
1.032136e+00 -2.291404e+00
-5.448863e+00 9.917588e-01
-9.679260e-01 1.517299e-01
8.194120e-01 1.617894e+00
7.962995e+00 2.460306e+00
1.019376e+01 4.654586e+00
3.493382e+00 -4.642433e-01
5.331996e+00 9.493283e+00
1.100006e+00 6.421959e-01
-9.782581e+00 2.594581e+00
1.022019e+01 -7.723101e+00
9.162294e+00 4.860506e+00
3.376684e+00 7.115291e+00
-1.096203e+01 -8.267255e+00
9.535538e+00 -5.525662e+00
-2.486386e+00 -5.358496e+00
-5.799302e+00 8.304836e+00
-3.167566e+00 -6.276443e+00
9.573330e+00 3.721544e+00
-5.377264e+00 -1.352216e+00
-6.962300e+00 -8.561810e+00
-8.907267e+00 -2.418511e+00
-7.546693e+00 4.420678e+00
3.128479e+00 -1.934105e+00
6.437507e+00 6.180044e+00
-1.107686e+01 9.198255e+00
-1.012513e+01 8.712742e+00
-8.343272e+00 9.853210e-01
-4.801445e+00 -7.884400e+00
7.083441e+00 3.439448e+00
-8.341900e+00 9.186906e+00
1.527632e+00 -4.772885e-01
2.425287e+00 7.011217e+00
-4.669218e+00 8.403331e+00
-3.599532e+00 7.420744e+00
4.005547e+00 -5.015348e+00
1.093247e+01 -2.584446e+00
-5.484952e+00 -7.092835e+00
-4.881060e+00 9.803678e+00
-6.949431e-01 3.081655e+00
-1.030545e+01 -4.004588e-01
8.200039e+00 -4.948873e+00
-5.880651e+00 -8.127088e+00
-9.324399e+00 9.402118e+00
1.001498e+01 1.614575e+00
6.755648e-03 -5.794512e+00
4.312001e+00 1.023186e+01
-4.034427e+00 -3.065283e+00
8.816411e+00 1.734606e+00
1.161579e+00 8.174784e+00
-1.260691e+00 4.397691e+00
-4.512188e+00 2.962986e+00
-8.193948e-01 -6.617985e+00
-1.014920e+01 1.091569e+01
-8.398521e+00 7.193966e+00
8.932347e+00 -1.044949e+00
-6.727459e+00 2.411612e+00
-7.362382e+00 8.205284e-01
-3.956034e+00 -9.569266e+00
7.236881e+00 1.547446e+00
-8.338691e+00 -5.786895e+00
2.643144e-01 -9.046964e-02
-1.071618e+01 5.394852e-01
-5.631206e+00 7.194250e+00
-3.775015e+00 -7.207165e+00
3.854051e+00 3.970012e+00
7.044369e+00 6.962762e+00
-6.164877e+00 1.055973e+01
-4.275080e+00 -1.061284e+01
-1.106681e+01 8.012030e+00
-9.115226e-01 -2.644523e+00
3.812016e-01 2.742935e+00
-7.753401e+00 1.933745e+00
1.959582e-01 -4.303234e+00
-6.271628e+00 -1.887358e+00
9.345078e+00 8.184840e-01
3.260730e+00 8.315722e-01
-1.100823e+00 -1.652256e+00
1.100416e+01 -3.980996e+00
4.901502e+00 8.458376e+00
-7.231880e+00 5.446953e+00
-2.901597e+00 5.073806e+00
1.947744e+00 -8.674657e+00
-6.023407e-01 -9.019928e+00
8.740522e+00 7.947049e+00
7.147335e+00 4.505352e+00
-9.473069e+00 -3.237575e+00
6.407189e+00 7.487581e-01
-1.111647e+00 -9.940953e+00
-4.062599e-02 -9.894501e+00
-2.198268e+00 1.319522e+00
-1.921142e+00 1.065520e+01
2.864944e+00 3.370180e+00
-5.020772e+00 -9.124556e+00
-1.754124e+00 7.417496e+00
5.078624e-01 9.142972e+00
-1.117268e+01 -1.109799e+01
-4.641323e+00 -6.153960e+00
-6.862620e+00 -5.320751e+00
-3.521776e+00 8.565684e+00
-2.657057e+00 2.296677e+00
-9.574491e+00 -1.284437e+00
-1.540982e+00 -4.520087e+00
5.707450e+00 7.544620e+00
-6.433958e+00 4.606735e+00
-8.095134e+00 -5.506981e-02
-9.035935e+00 1.042802e+01
-5.098522e-01 -8.067698e-01
2.626540e+00 -4.695438e-02
-7.214826e-01 5.376367e+00
2.640956e+00 -6.540841e+00
2.579899e+00 -1.016147e+00
2.134717e+00 -9.699433e+00
5.969592e+00 -1.087506e+01
2.876624e+00 -5.478959e+00
-3.352437e+00 3.051037e+00
7.299329e+00 -1.612837e+00
1.062546e+00 -3.616053e+00
-2.708196e+00 -7.338872e+00
4.214443e+00 6.564841e+00
8.389692e+00 -1.944259e+00
-1.674685e-02 -2.093242e+00
-3.600437e+00 -5.287671e+00
-3.022876e+00 -1.046927e+01
1.618618e+00 3.167132e+00
3.181121e+00 -2.982732e+00
5.880654e+00 -4.339819e+00
6.732053e+00 -8.272129e+00
-7.903610e+00 6.327531e+00
8.400463e-01 1.042175e+01
6.674274e+00 7.935502e+00
1.863261e+00 -4.428238e+00
-6.100920e+00 -9.207719e+00
-4.183670e+00 5.146041e+00
-5.235379e+00 4.918265e+00
-1.213763e+00 1.222626e+00
-5.265628e+00 2.202633e+00
-2.599313e+00 -4.132822e+00
-5.245167e+00 1.110525e+01
-5.283793e+00 -2.500632e+00
3.063011e+00 1.048788e+01
1.090841e+01 -7.804915e-01
6.071370e+00 -1.469917e+00
-7.331649e-01 7.117296e+00
-3.980257e+00 3.977716e+00
3.058133e+00 2.170034e+00
-1.101045e+01 4.569267e+00
7.014950e+00 -1.031281e+01
-6.182161e-01 -7.617260e+00
4.202563e+00 -2.187254e+00
-2.670098e+00 -8.441624e+00
-1.740548e-01 4.119869e+00
-5.357983e+00 -1.015576e+01
-2.920223e+00 6.663687e+00
5.449932e+00 1.053590e+01
-4.283808e+00 -2.016663e+00
1.958388e+00 1.951005e+00
2.833092e+00 9.413507e+00
-5.893898e+00 9.459231e+00
2.228244e+00 9.244445e-01
7.722468e+00 -6.660676e+00
-3.858286e+00 -4.205911e+00
-5.573323e+00 -5.734242e+00
1.472372e+00 -1.088169e+01
3.321284e+00 8.338975e+00
9.382852e-01 -5.263223e+00
6.830486e-01 7.290205e+00
-1.797981e+00 -3.440027e+00
6.683476e+00 -9.285825e+00
6.080757e+00 1.824547e+00
6.218700e+00 -5.676696e+00
-8.183382e+00 -3.602797e+00
7.788851e+00 -9.118509e+00
-8.222065e+00 -1.210072e+00
-1.754385e+00 -7.758499e+00
7.412187e+00 5.940347e+00
-3.514909e+00 2.522982e-02
8.239105e+00 1.109730e+01
6.850014e+00 -3.535412e+00
8.508405e+00 -8.353439e+00
2.901195e+00 -4.310443e+00
-4.847788e+00 -3.696644e+00
4.366343e+00 -1.169242e+00
-1.621128e+00 -7.432859e-01
1.067528e+00 -7.625581e+00
4.480254e+00 -9.617547e+00
8.666358e+00 9.025166e+00
8.134970e+00 6.843797e+00
-9.214762e-01 -1.106091e+01
3.785908e+00 -1.097358e+01
-1.867492e+00 8.907546e+00
4.918484e+00 -1.069619e+01
2.076375e+00 -2.823444e+00
8.830409e-02 -3.191374e+00
-2.581678e+00 8.026939e+00
-1.089186e+01 2.678413e+00
-6.050357e+00 5.658313e+00
-2.509115e+00 -1.363064e+00
1.529867e+00 9.155650e+00
5.100090e+00 -4.076677e-01
3.915990e+00 -3.770373e+00
-5.928721e+00 -4.735484e+00
-4.018425e+00 -8.710128e-01
-1.011953e+01 -1.018478e+01
1.016532e+01 8.081091e+00
-2.072751e+00 -6.545047e+00
4.227517e+00 3.848233e-01
-1.024101e+01 9.871308e+00
-7.873423e+00 -2.228031e+00
-4.988585e-01 9.145385e+00
-7.684606e+00 3.056828e+00
-6.244697e+00 -1.073859e+01
5.480698e+00 -8.691407e+00
7.712113e+00 -5.904555e-01
-1.042058e+00 -5.400539e+00
-4.747346e+00 -4.804831e+00
-1.008210e+01 7.699413e+00
-8.792410e+00 -7.369924e+00
8.904147e+00 -3.269624e+00
9.774000e+00 9.242235e+00
-3.256359e+00 -2.176079e+00
-6.819884e+00 -7.399221e+00
-2.154658e+00 -2.321781e+00
-9.091592e+00 5.817712e+00
-6.733354e+00 6.481057e+00
5.406860e+00 6.520630e+00
-7.157445e+00 1.099245e+01
-7.846018e+00 -7.834441e+00
-7.151493e+00 -1.013546e+01
-2.488143e+00 -9.493956e+00
1.061518e+01 6.836426e-01
1.112799e+01 -5.106231e+00
-3.920710e+00 6.353271e+00
7.823474e+00 1.013173e+01
-7.951507e+00 1.020082e+01
9.917622e+00 1.093413e+01
7.542363e+00 -2.656702e+00
2.173147e+00 5.226173e+00
1.056260e+01 7.036764e+00
1.033490e+01 2.638866e+00
4.823465e+00 5.502322e+00
1.043271e+00 -9.909814e+00
-1.011291e+00 8.189278e+00
6.898871e-01 -1.172593e+00
5.943415e+00 8.694221e+00
9.333134e+00 -2.259848e+00
5.723775e+00 -3.364113e+00
-1.595619e+00 -8.808013e+00
1.629432e-01 8.111337e+00
-6.820784e+00 8.582771e+00
-2.562579e+00 9.799083e+00
2.362398e-01 -1.094106e+01
-1.066567e+01 -6.154135e+00
6.542965e+00 -4.011172e-01
-8.946959e-02 1.013680e+01
-7.704154e+00 -9.313768e+00
-7.961114e+00 -6.758415e+00
1.052482e+01 -8.999700e+00
4.207304e+00 3.003681e+00
2.991624e+00 4.546282e+00
-9.083394e+00 -4.343147e-01
-1.710585e-01 9.367244e-01
9.001900e+00 -4.295347e+00
-2.953717e+00 1.081874e+01
-3.704985e+00 9.679916e+00
6.467902e+00 9.650801e+00
9.347931e+00 7.022398e+00
1.109863e+01 -7.020878e+00
7.375560e+00 8.924665e+00
3.165834e+00 6.028787e+00
-9.000237e+00 8.314987e+00
1.997487e+00 1.022825e+01
1.008960e+01 -1.032384e+01
2.244281e+00 8.262502e+00
-9.877811e+00 -7.069207e+00
8.982087e+00 -7.338632e+00
-6.407020e+00 1.326729e+00
1.013272e+01 -3.288711e+00
-3.661696e+00 -8.286690e+00
7.635464e+00 -7.752956e+00
5.041319e+00 2.036097e+00
4.702727e+00 -3.209482e+00
9.599180e+00 -8.540996e+00
1.090469e+01 1.011475e+01
8.124157e+00 4.966842e+00
-5.989804e+00 -2.855143e-01
-1.777940e+00 6.277760e+00
1.961265e+00 -1.767319e+00
-9.061603e+00 -4.313205e+00
-1.029143e+01 5.809067e+00
-7.407067e-01 -3.914817e+00
3.292784e+00 -8.402427e+00
9.987507e+00 6.128990e+00
3.874933e-01 -8.370693e+00
-1.884027e+00 5.161716e+00
4.267198e+00 7.636865e+00
-1.086323e+01 6.642377e+00
-1.883614e+00 3.209186e+00
9.103671e+00 -9.440725e+00
-2.924681e+00 -3.090259e+00
-1.028018e+01 -4.265001e+00
-1.562019e+00 2.249899e+00
7.307186e+00 -5.692781e+00
1.087002e+01 3.639724e+00
4.375975e+00 -8.588054e+00
1.462296e+00 -6.761151e+00
-8.596895e+00 -8.643613e+00
-8.514103e+00 4.022396e+00
7.178232e+00 -4.554591e+00
-9.603165e+00 3.691404e+00
-4.908578e+00 5.984726e+00
