1.017431e+01 -1.057036e+01
9.935780e+00 -9.385213e+00
1.009419e+01 -8.322709e+00
1.115291e+01 -7.988590e+00
-1.101207e+01 -6.460845e+00
-1.106522e+01 -5.383476e+00
1.036600e+01 -4.949773e+00
1.046848e+01 -3.517409e+00
1.036863e+01 -2.402321e+00
1.026239e+01 -1.216351e+00
-1.108690e+01 -5.745601e-01
1.048631e+01 8.012672e-01
-1.112824e+01 1.945332e+00
9.933769e+00 2.389757e+00
1.086463e+01 2.909017e+00
1.083582e+01 4.678096e+00
1.095910e+01 5.644463e+00
1.074731e+01 7.817657e+00
1.000453e+01 8.661323e+00
1.073690e+01 1.064550e+01
-1.046090e+01 1.019877e+01
-1.076598e+01 -1.115970e+01
-1.107325e+01 -1.012227e+01
-1.079136e+01 -8.893800e+00
-1.021701e+01 -7.975934e+00
-9.940782e+00 -6.911868e+00
-9.835538e+00 -4.715281e+00
-1.115275e+01 -4.319165e+00
-1.092369e+01 -3.105068e+00
-1.106543e+01 -1.892045e+00
-9.733413e+00 -1.444440e+00
-1.073105e+01 4.000590e-01
-1.008118e+01 1.413122e+00
-1.022832e+01 2.671623e+00
-1.088534e+01 3.865712e+00
-1.042806e+01 5.166192e+00
-1.099015e+01 6.845379e+00
-9.808923e+00 7.375296e+00
-1.059896e+01 8.209235e+00
1.101523e+01 8.973350e+00
-9.269377e+00 1.002736e+01
-9.492653e+00 1.111129e+01
-9.648661e+00 -1.004292e+01
-9.435178e+00 -8.643708e+00
-8.992237e+00 -7.675148e+00
-1.007145e+01 -5.838776e+00
-8.764582e+00 -5.322277e+00
-1.001649e+01 -3.727069e+00
-1.006646e+01 -2.606597e+00
-8.733136e+00 -1.866814e+00
-9.933556e+00 -3.021558e-01
-9.280110e+00 5.787947e-01
-9.261100e+00 2.135924e+00
-9.330265e+00 3.430610e+00
-9.657333e+00 4.395513e+00
-9.439960e+00 5.504835e+00
-1.016230e+01 6.283873e+00
-9.113352e+00 6.573482e+00
-9.218064e+00 8.445563e+00
-1.021971e+01 9.157894e+00
-8.306528e+00 1.073216e+01
-8.432974e+00 -1.046767e+01
-8.261531e+00 -9.366756e+00
-8.122092e+00 -8.290942e+00
-8.917799e+00 -6.527996e+00
-7.903057e+00 -6.057939e+00
-7.729319e+00 -4.829236e+00
-8.775011e+00 -4.204852e+00
-9.112254e+00 -2.977136e+00
-7.666315e+00 -1.596772e+00
-8.918438e+00 -6.306113e-01
-8.304298e+00 2.750912e-01
-8.549053e+00 1.419570e+00
-8.420396e+00 2.686190e+00
-8.266342e+00 3.773843e+00
-8.663455e+00 4.738295e+00
-8.270137e+00 5.787494e+00
-7.981600e+00 6.825719e+00
-8.764177e+00 7.500152e+00
-8.076334e+00 9.168426e+00
-7.463780e+00 -1.113931e+01
-7.263428e+00 -1.005994e+01
-7.184122e+00 -8.869145e+00
-6.969933e+00 -7.876363e+00
-8.022025e+00 -7.090166e+00
-6.886199e+00 -6.801819e+00
-6.730235e+00 -5.679154e+00
-7.500746e+00 -3.733722e+00
-8.090868e+00 -2.872655e+00
-6.580280e+00 -1.486698e+00
-7.457193e+00 -5.760589e-01
-6.935767e+00 2.683066e-01
-7.592649e+00 1.085958e+00
-7.276334e+00 2.111695e+00
-7.190382e+00 3.334479e+00
-7.469950e+00 5.173008e+00
-7.104738e+00 6.316633e+00
-7.758709e+00 7.922809e+00
-7.001151e+00 8.904855e+00
-7.419550e+00 1.011484e+01
-6.485364e+00 1.046121e+01
-6.281209e+00 -1.094230e+01
-5.977296e+00 -9.467925e+00
-5.939924e+00 -8.234942e+00
-5.793798e+00 -7.043630e+00
-5.657525e+00 -5.987168e+00
-5.649992e+00 -4.860103e+00
-6.639733e+00 -4.581142e+00
-7.136214e+00 -2.477542e+00
-5.513932e+00 -1.502553e+00
-6.111056e+00 -5.242381e-01
-5.983672e+00 6.724538e-01
-6.238972e+00 1.702264e+00
-6.234716e+00 2.927459e+00
-5.441961e+00 3.726726e+00
-6.757491e+00 4.463668e+00
-6.344249e+00 5.653858e+00
-6.789041e+00 7.310258e+00
-5.420542e+00 7.827949e+00
-5.977350e+00 8.656441e+00
-5.758038e+00 9.691260e+00
-5.327517e+00 1.073185e+01
-4.947864e+00 -8.807970e+00
-4.852890e+00 -7.705560e+00
-4.795829e+00 -6.521014e+00
-4.169468e+00 -4.788758e+00
-5.122321e+00 -4.015696e+00
-6.416299e+00 -3.580127e+00
-5.923335e+00 -2.570368e+00
-4.531553e+00 -1.766759e+00
-5.012536e+00 -6.383031e-01
-4.711449e+00 4.426902e-01
-5.179273e+00 1.525021e+00
-5.226654e+00 2.618677e+00
-4.512042e+00 4.557298e+00
-5.481106e+00 5.134103e+00
-5.815144e+00 6.663726e+00
-4.757341e+00 7.006368e+00
-4.224856e+00 7.897237e+00
-4.896599e+00 8.787556e+00
-4.561786e+00 -1.090586e+01
-5.358748e+00 -1.026185e+01
-4.409990e+00 -9.759164e+00
-3.998279e+00 -8.309135e+00
-3.533167e+00 -7.218609e+00
-3.917690e+00 -5.901346e+00
-3.063547e+00 -5.077430e+00
-4.934488e+00 -2.922213e+00
-3.777587e+00 -2.634874e+00
-3.889366e+00 -6.722012e-01
-3.349946e+00 2.651063e-01
-4.164400e+00 1.460948e+00
-4.216572e+00 2.451765e+00
-4.407141e+00 3.455882e+00
-3.451142e+00 4.284007e+00
-4.732571e+00 5.879673e+00
-3.616120e+00 6.404828e+00
-3.086458e+00 7.769818e+00
-3.588579e+00 8.962674e+00
-4.493614e+00 9.800710e+00
-3.851769e+00 1.068179e+01
-3.549337e+00 -1.038339e+01
-3.373541e+00 -9.426357e+00
-2.538246e+00 -8.152099e+00
-1.920952e+00 -6.708581e+00
-2.904591e+00 -6.185848e+00
-2.306075e+00 -4.323034e+00
-4.012547e+00 -3.597941e+00
-2.875205e+00 -3.308152e+00
-2.793758e+00 -2.196410e+00
-2.807025e+00 -7.638724e-01
-2.665062e+00 1.040374e+00
-3.087844e+00 2.163083e+00
-3.345561e+00 3.187793e+00
-2.508811e+00 3.895979e+00
-3.530432e+00 5.399845e+00
-2.504222e+00 5.914274e+00
-1.882886e+00 7.627071e+00
-2.575523e+00 8.679533e+00
-3.122969e+00 9.866385e+00
-2.242342e+00 1.069551e+01
-1.204351e+00 1.117755e+01
-2.446973e+00 -1.052384e+01
-1.801611e+00 -9.184411e+00
-1.568666e+00 -7.783994e+00
-1.050523e+00 -6.073187e+00
-2.033778e+00 -5.333251e+00
-1.137864e+00 -4.829582e+00
-1.509606e+00 -3.531086e+00
-1.739006e+00 -2.470966e+00
-2.066720e+00 -1.494568e+00
-2.197384e+00 1.099428e-01
-1.599815e+00 1.437078e+00
-2.161490e+00 2.795582e+00
-1.485354e+00 3.594971e+00
-2.158881e+00 4.846999e+00
-9.917494e-01 6.063550e+00
-9.690448e-01 7.098673e+00
-1.499021e+00 8.612418e+00
-2.045607e+00 9.713574e+00
-1.104549e+00 1.017915e+01
-1.274820e-01 1.050192e+01
-1.128899e+00 -1.010043e+01
-9.575459e-01 -8.547132e+00
1.267656e-01 -7.354775e+00
1.065831e-01 -6.261439e+00
-1.280243e-01 -5.245088e+00
-3.858950e-01 -3.993211e+00
-7.282525e-01 -2.798451e+00
-8.627615e-01 -1.821414e+00
-1.034285e+00 -5.033037e-01
-1.032061e+00 5.476786e-01
-1.527873e-01 1.877875e+00
-1.126236e+00 2.611637e+00
-3.078666e-01 3.256456e+00
-1.043528e+00 4.688535e+00
-8.307408e-02 5.133853e+00
1.268934e-02 6.396260e+00
-1.992334e-01 7.950032e+00
-5.965253e-01 9.309161e+00
9.752976e-01 1.107569e+01
-2.462698e-04 -1.082562e+01
-5.837502e-03 -9.697181e+00
1.924336e-01 -8.577529e+00
1.070393e+00 -6.616095e+00
1.140893e+00 -5.501254e+00
7.153790e-01 -4.545880e+00
4.853062e-01 -3.371783e+00
1.037512e-01 -2.220842e+00
2.878040e-01 -1.237090e+00
-8.902684e-02 -8.163383e-02
2.978743e-01 9.373115e-01
9.230538e-01 1.893923e+00
8.348322e-01 3.201851e+00
3.848438e-01 4.089355e+00
1.035566e+00 5.468740e+00
1.070644e+00 6.604136e+00
1.095215e+00 7.657811e+00
1.036966e+00 8.654372e+00
4.611821e-01 9.636866e+00
2.031838e+00 1.087840e+01
1.924551e+00 -1.028571e+01
8.981636e-01 -1.003177e+01
1.591665e+00 -9.170118e+00
1.234369e+00 -7.655799e+00
2.035602e+00 -7.010085e+00
1.783151e+00 -4.347601e+00
1.801640e+00 -3.218836e+00
1.052926e+00 -2.438191e+00
1.403822e+00 -1.123347e+00
9.203642e-01 -1.329552e-01
1.452442e+00 9.075946e-01
2.460194e+00 1.897163e+00
1.900700e+00 2.956676e+00
2.505784e+00 3.805750e+00
1.512623e+00 4.361402e+00
1.997515e+00 5.876317e+00
2.124881e+00 7.167877e+00
2.055131e+00 8.268327e+00
1.523103e+00 9.872438e+00
3.428566e+00 9.442346e+00
3.058166e+00 1.096757e+01
2.980894e+00 -1.016940e+01
2.728862e+00 -9.062248e+00
2.194590e+00 -8.084897e+00
2.431553e+00 -5.295725e+00
3.018626e+00 -4.414351e+00
2.762263e+00 -2.850462e+00
2.044710e+00 -2.020615e+00
2.582091e+00 -9.044954e-01
3.976049e+00 -1.110760e+00
2.025673e+00 -1.338355e-02
2.907043e+00 9.040244e-01
2.968164e+00 2.793869e+00
3.818610e+00 4.079273e+00
2.445112e+00 4.854434e+00
3.035585e+00 5.991401e+00
3.138771e+00 7.001679e+00
3.117184e+00 8.224583e+00
2.427433e+00 9.356706e+00
3.970903e+00 1.034540e+01
3.842193e+00 -1.070120e+01
3.763799e+00 -9.409477e+00
3.494256e+00 -8.339301e+00
2.999713e+00 -7.440575e+00
2.913176e+00 -6.252288e+00
3.762208e+00 -5.319578e+00
4.645931e+00 -4.233397e+00
3.653763e+00 -3.456940e+00
3.101311e+00 -1.916525e+00
4.787875e+00 -9.092688e-02
3.445059e+00 -1.690094e-01
4.109837e+00 1.935115e+00
4.070033e+00 3.013315e+00
5.255807e+00 3.564122e+00
3.666835e+00 5.188367e+00
4.079203e+00 6.358765e+00
4.116647e+00 7.450139e+00
4.118570e+00 8.548403e+00
4.772678e+00 9.437618e+00
4.769642e+00 -1.100329e+01
4.832726e+00 -9.870221e+00
4.606928e+00 -8.830777e+00
4.272805e+00 -7.527021e+00
5.051644e+00 -6.716599e+00
3.961076e+00 -6.480035e+00
4.767078e+00 -5.488269e+00
5.503243e+00 -4.726035e+00
4.689161e+00 -3.021584e+00
4.117632e+00 -2.168718e+00
4.966854e+00 -1.488743e+00
4.907757e+00 9.756654e-01
5.065594e+00 2.474746e+00
6.166685e+00 2.867505e+00
5.701182e+00 4.523840e+00
4.785545e+00 5.345119e+00
5.223844e+00 6.290612e+00
5.178823e+00 7.384671e+00
5.340623e+00 8.442511e+00
5.808609e+00 9.610955e+00
5.815856e+00 1.064654e+01
5.759158e+00 -1.044123e+01
5.650896e+00 -8.950565e+00
5.481945e+00 -7.661261e+00
6.393367e+00 -6.864535e+00
5.813326e+00 -5.947616e+00
6.416416e+00 -5.117956e+00
5.697939e+00 -3.740891e+00
5.512756e+00 -2.326561e+00
6.018802e+00 -1.296380e+00
6.972187e+00 -1.001922e+00
5.897190e+00 -3.205161e-01
5.939210e+00 1.023993e+00
6.637350e+00 1.900545e+00
6.809752e+00 3.833083e+00
5.980627e+00 5.599459e+00
6.185070e+00 6.666165e+00
6.220690e+00 7.801832e+00
6.543910e+00 8.955662e+00
6.861742e+00 1.010699e+01
7.676328e+00 1.067194e+01
7.177715e+00 -1.049939e+01
6.686435e+00 -9.598120e+00
6.713899e+00 -7.903648e+00
7.586567e+00 -7.166422e+00
7.008623e+00 -6.030991e+00
7.901368e+00 -5.347094e+00
7.310134e+00 -4.425750e+00
6.741998e+00 -3.383835e+00
6.603098e+00 -2.194794e+00
7.969497e+00 -9.400976e-01
6.926175e+00 5.406701e-01
7.773892e+00 1.988738e+00
7.225071e+00 2.838851e+00
8.222715e+00 3.042853e+00
7.097925e+00 4.857914e+00
6.931613e+00 6.020595e+00
7.215688e+00 7.071262e+00
7.375555e+00 8.129540e+00
7.590505e+00 9.308845e+00
8.706173e+00 1.028157e+01
7.816264e+00 -9.675038e+00
7.193169e+00 -8.760950e+00
8.230391e+00 -7.957579e+00
9.455465e+00 -6.481302e+00
8.431404e+00 -6.542435e+00
9.414494e+00 -5.216482e+00
8.375269e+00 -4.386373e+00
7.729219e+00 -3.015222e+00
8.157642e+00 -2.002476e+00
9.012137e+00 -1.065516e+00
7.904874e+00 1.462487e-01
8.499204e+00 1.100751e+00
8.919752e+00 2.255893e+00
9.039689e+00 4.278295e+00
8.586390e+00 5.311068e+00
7.968802e+00 6.144121e+00
8.211948e+00 7.411133e+00
8.422657e+00 8.642107e+00
9.194420e+00 9.370594e+00
9.727812e+00 1.077631e+01
8.509551e+00 -1.099178e+01
8.996933e+00 -1.003222e+01
8.620695e+00 -8.977458e+00
9.171456e+00 -7.503499e+00
1.056573e+01 -7.082122e+00
1.036913e+01 -5.979964e+00
9.512002e+00 -4.058547e+00
8.625150e+00 -3.444955e+00
9.410253e+00 -2.026122e+00
9.972101e+00 -2.155443e-01
8.967471e+00 5.688427e-02
9.500665e+00 1.256279e+00
9.289992e+00 3.204849e+00
1.013813e+01 3.885522e+00
9.915097e+00 5.437179e+00
9.238067e+00 6.394507e+00
1.019759e+01 6.877340e+00
9.197341e+00 7.848986e+00
1.022626e+01 9.734478e+00
