9.797144e+00 -1.025105e+01
1.047543e+01 -9.013102e+00
1.004426e+01 -7.965312e+00
-1.099064e+01 -7.933032e+00
-1.055996e+01 -6.474153e+00
-1.059011e+01 -5.111113e+00
1.022201e+01 -5.015467e+00
1.010084e+01 -3.516467e+00
1.043109e+01 -2.403516e+00
1.021551e+01 -1.378671e+00
1.108819e+01 -3.953350e-01
1.076531e+01 8.683035e-01
-1.093395e+01 2.026573e+00
1.036218e+01 1.825845e+00
1.073812e+01 3.124710e+00
1.073045e+01 4.977781e+00
1.084538e+01 6.257675e+00
1.060647e+01 7.962592e+00
9.964541e+00 8.852967e+00
1.053649e+01 -1.113110e+01
-1.082047e+01 1.082342e+01
-1.059547e+01 -1.032635e+01
1.079548e+01 -9.993569e+00
-1.081811e+01 -9.285881e+00
-9.874630e+00 -8.694512e+00
-9.940491e+00 -7.405529e+00
-9.575047e+00 -4.474587e+00
1.096855e+01 -4.173349e+00
-1.111159e+01 -3.111349e+00
-1.105988e+01 -1.905601e+00
-9.911487e+00 -1.508968e+00
-1.059277e+01 4.942944e-01
-1.005348e+01 1.500262e+00
-1.050548e+01 2.955655e+00
-1.057873e+01 4.118151e+00
-1.011449e+01 5.114251e+00
-1.105735e+01 7.185948e+00
-1.001339e+01 7.520329e+00
-1.048833e+01 8.485244e+00
1.096172e+01 9.028925e+00
-9.500620e+00 1.023767e+01
-9.750810e+00 -1.101843e+01
-9.534961e+00 -9.653005e+00
-8.880932e+00 -8.791762e+00
-8.921576e+00 -7.734334e+00
-9.799036e+00 -5.783583e+00
-8.708888e+00 -5.420475e+00
-1.025477e+01 -3.565171e+00
-1.002510e+01 -2.529905e+00
-8.956435e+00 -2.146221e+00
-1.004927e+01 -4.191127e-01
-9.209586e+00 1.238288e-01
-9.146499e+00 2.334142e+00
-9.458266e+00 3.435145e+00
-9.225207e+00 4.541783e+00
-9.040579e+00 5.757697e+00
-1.013174e+01 6.375720e+00
-9.220231e+00 6.871589e+00
-9.544516e+00 8.902712e+00
-1.047891e+01 9.595910e+00
-8.502404e+00 1.084372e+01
-8.872960e+00 -1.053475e+01
-8.197648e+00 -9.658870e+00
-8.003686e+00 -8.311541e+00
-8.930216e+00 -6.580961e+00
-7.912987e+00 -6.071144e+00
-7.757059e+00 -4.772066e+00
-8.493917e+00 -3.927226e+00
-9.272572e+00 -3.184783e+00
-7.962539e+00 -1.537292e+00
-9.025037e+00 -9.972502e-01
-8.293521e+00 -2.420662e-01
-8.885772e+00 1.213843e+00
-8.125877e+00 2.801726e+00
-8.420410e+00 3.800828e+00
-8.094341e+00 4.890808e+00
-8.028402e+00 6.079035e+00
-8.184401e+00 7.364719e+00
-8.861954e+00 8.142190e+00
-8.643256e+00 9.676869e+00
-7.399707e+00 -1.108795e+01
-6.887785e+00 -1.013158e+01
-7.137166e+00 -8.908248e+00
-6.988892e+00 -7.736537e+00
-7.892749e+00 -7.217369e+00
-6.980367e+00 -6.603441e+00
-6.227652e+00 -5.629783e+00
-7.414478e+00 -3.677389e+00
-8.194014e+00 -2.913972e+00
-6.649184e+00 -1.690366e+00
-7.159728e+00 -8.319907e-01
-6.837775e+00 1.482954e-01
-7.751212e+00 6.716530e-01
-7.403009e+00 1.956969e+00
-6.742562e+00 3.253685e+00
-7.223449e+00 5.429947e+00
-7.251609e+00 6.747666e+00
-8.006642e+00 8.852470e+00
-6.706788e+00 9.357517e+00
-7.707282e+00 9.896687e+00
-6.602431e+00 1.041274e+01
-6.155362e+00 -1.100447e+01
-6.206945e+00 -9.268982e+00
-5.984112e+00 -8.154653e+00
-5.912055e+00 -6.782127e+00
-4.951307e+00 -5.511196e+00
-5.637519e+00 -4.707840e+00
-6.738734e+00 -4.673393e+00
-7.184071e+00 -2.651477e+00
-4.791452e+00 -1.517051e+00
-6.099233e+00 -6.557149e-01
-5.586423e+00 4.685856e-01
-6.607298e+00 1.209378e+00
-6.238954e+00 2.279537e+00
-5.531291e+00 3.696753e+00
-6.411162e+00 4.348075e+00
-6.236560e+00 5.864196e+00
-7.158904e+00 7.957266e+00
-5.151273e+00 7.955426e+00
-6.164042e+00 8.501328e+00
-5.714963e+00 9.469602e+00
-5.460464e+00 1.051408e+01
-5.229807e+00 -8.878827e+00
-4.920687e+00 -7.627401e+00
-4.857441e+00 -6.562281e+00
-4.114868e+00 -4.640176e+00
-5.286608e+00 -3.441492e+00
-6.342907e+00 -3.525708e+00
-5.736659e+00 -2.569289e+00
-3.721608e+00 -1.668567e+00
-5.117836e+00 -4.699583e-01
-4.516306e+00 4.802265e-01
-5.453558e+00 1.616968e+00
-5.113314e+00 2.643495e+00
-4.699819e+00 4.519852e+00
-5.643292e+00 5.032650e+00
-6.160212e+00 7.157052e+00
-5.158092e+00 6.711987e+00
-4.258121e+00 7.333000e+00
-4.635593e+00 8.842559e+00
-5.104356e+00 -1.089359e+01
-5.556292e+00 -1.000188e+01
-4.434934e+00 -1.010206e+01
-3.977660e+00 -8.315041e+00
-3.916170e+00 -7.299282e+00
-3.965045e+00 -5.887528e+00
-3.231734e+00 -5.140010e+00
-4.464512e+00 -2.501135e+00
-3.405611e+00 -2.792878e+00
-4.085594e+00 -7.291167e-01
-3.272178e+00 -7.354460e-02
-3.580901e+00 9.995885e-01
-4.133825e+00 1.938950e+00
-4.289786e+00 3.354730e+00
-3.595662e+00 4.348083e+00
-4.894552e+00 5.705547e+00
-3.963330e+00 6.373943e+00
-3.158636e+00 7.225880e+00
-3.613248e+00 9.473959e+00
-4.570778e+00 9.871160e+00
-4.098194e+00 1.093580e+01
-3.470159e+00 -1.056516e+01
-3.667150e+00 -9.364702e+00
-2.826426e+00 -7.470264e+00
-1.951619e+00 -6.753850e+00
-3.034255e+00 -6.506272e+00
-2.147563e+00 -4.622377e+00
-4.183785e+00 -3.601688e+00
-2.951646e+00 -3.921130e+00
-2.671630e+00 -1.937468e+00
-2.444136e+00 -8.599328e-01
-2.382451e+00 1.000825e+00
-2.882007e+00 1.950787e+00
-3.308805e+00 3.076258e+00
-2.432663e+00 4.262618e+00
-3.300202e+00 5.408068e+00
-2.482212e+00 6.410660e+00
-2.303195e+00 7.769854e+00
-3.308956e+00 8.254661e+00
-3.093491e+00 1.050055e+01
-2.415543e+00 -1.099024e+01
-1.494526e+00 1.091050e+01
-2.772308e+00 -9.837168e+00
-2.145713e+00 -8.753673e+00
-1.748677e+00 -7.775497e+00
-1.285014e+00 -5.852934e+00
-2.371233e+00 -5.675029e+00
-9.993294e-01 -4.742271e+00
-1.259667e+00 -3.686976e+00
-1.917143e+00 -2.774412e+00
-1.716564e+00 -1.633633e+00
-1.811116e+00 -5.017007e-02
-4.468434e-01 1.373828e+00
-2.317897e+00 2.855015e+00
-1.375607e+00 3.478984e+00
-2.227318e+00 5.232546e+00
-1.443701e+00 5.879727e+00
-1.306130e+00 7.484036e+00
-1.755029e+00 8.656961e+00
-2.412943e+00 9.531900e+00
-1.087521e+00 9.690634e+00
-1.552188e-01 1.026065e+01
-1.590389e+00 -9.812610e+00
-9.282244e-01 -8.586962e+00
3.377953e-02 -7.716467e+00
-7.855458e-01 -6.926470e+00
-1.144222e-01 -5.478353e+00
-1.558181e-01 -4.214932e+00
-5.281782e-01 -2.847271e+00
-6.349391e-01 -1.772068e+00
-1.039067e+00 -6.890156e-01
-8.613794e-01 3.850043e-01
2.702712e-02 2.271102e+00
-1.117661e+00 2.312218e+00
-2.055616e-01 3.271569e+00
-1.137159e+00 4.679128e+00
-3.273355e-01 5.696852e+00
-6.842796e-01 6.665757e+00
-2.289850e-01 7.634290e+00
-6.098265e-01 8.684156e+00
7.489145e-01 1.106212e+01
-3.739357e-01 -1.102346e+01
-5.924485e-01 -9.641338e+00
9.597718e-02 -8.738289e+00
5.306734e-01 -6.449101e+00
1.220863e+00 -5.471177e+00
9.175128e-01 -4.511439e+00
6.101290e-01 -3.443595e+00
4.682776e-01 -2.123651e+00
6.508260e-02 -7.117233e-01
2.077390e-01 4.228084e-01
8.918024e-01 1.581176e+00
1.440444e+00 2.603469e+00
1.010383e+00 3.561757e+00
-1.335867e-01 4.269357e+00
6.072669e-01 4.957957e+00
4.775406e-01 6.351959e+00
7.549703e-01 7.920323e+00
1.577832e+00 8.609437e+00
4.781750e-01 8.911918e+00
1.784610e+00 1.108316e+01
1.784186e+00 -9.961331e+00
5.681000e-01 -1.008828e+01
1.072919e+00 -9.159679e+00
1.134131e+00 -8.120729e+00
1.685340e+00 -7.056435e+00
2.337329e+00 -4.832202e+00
1.857122e+00 -3.933626e+00
1.507616e+00 -2.909441e+00
1.318465e+00 -6.065027e-01
1.392236e+00 4.362107e-01
1.927840e+00 1.598071e+00
2.709647e+00 2.210355e+00
2.178292e+00 3.331274e+00
2.958630e+00 4.161647e+00
1.527453e+00 4.421000e+00
1.603738e+00 5.827583e+00
2.348519e+00 7.146408e+00
2.562422e+00 8.227401e+00
1.059864e+00 1.000525e+01
3.429563e+00 9.659086e+00
2.733801e+00 1.038399e+01
3.414640e+00 -1.100841e+01
2.854540e+00 -1.014067e+01
2.037268e+00 -8.772424e+00
2.083792e+00 -5.883934e+00
3.431277e+00 -4.309895e+00
2.513036e+00 -2.971447e+00
1.774842e+00 -1.789794e+00
2.445134e+00 -7.753814e-01
3.970752e+00 -1.162030e+00
2.480445e+00 2.598919e-01
3.028958e+00 1.226580e+00
3.183367e+00 3.111275e+00
3.971230e+00 3.928418e+00
2.405057e+00 5.023604e+00
3.012009e+00 5.977555e+00
3.274452e+00 7.523675e+00
3.558988e+00 8.512205e+00
2.443689e+00 9.304096e+00
4.166070e+00 1.050455e+01
4.641838e+00 -1.059357e+01
4.009364e+00 -9.711998e+00
3.196021e+00 -9.078560e+00
2.899321e+00 -8.018908e+00
2.739591e+00 -6.748568e+00
3.133880e+00 -5.749832e+00
4.478487e+00 -4.264364e+00
3.653821e+00 -3.327064e+00
3.023392e+00 -1.658772e+00
4.617792e+00 -3.313305e-01
3.434204e+00 -4.194326e-02
3.966854e+00 1.722557e+00
4.248287e+00 2.836459e+00
5.063389e+00 3.572350e+00
3.567898e+00 4.971311e+00
4.109828e+00 5.843678e+00
4.069272e+00 6.908020e+00
4.411105e+00 7.889303e+00
4.674123e+00 9.573450e+00
5.408904e+00 1.102994e+01
5.227954e+00 -9.614521e+00
4.487078e+00 -8.700283e+00
3.944337e+00 -7.659306e+00
4.741722e+00 -6.793600e+00
3.741328e+00 -6.577651e+00
4.398950e+00 -5.552685e+00
5.611303e+00 -4.715253e+00
4.738527e+00 -2.890639e+00
3.897056e+00 -2.234052e+00
5.058687e+00 -1.454037e+00
4.427470e+00 7.172754e-01
5.282623e+00 2.530048e+00
6.118695e+00 3.143687e+00
6.132485e+00 4.291641e+00
5.069489e+00 4.951599e+00
5.070682e+00 6.140782e+00
5.297096e+00 7.325455e+00
5.424013e+00 8.375775e+00
5.749822e+00 9.357452e+00
6.500076e+00 1.094950e+01
6.023695e+00 -1.041563e+01
5.673814e+00 -8.652783e+00
5.040325e+00 -7.749199e+00
5.794005e+00 -6.779071e+00
5.788789e+00 -5.728605e+00
6.950760e+00 -5.007682e+00
5.553260e+00 -3.581318e+00
5.673140e+00 -2.284284e+00
6.106371e+00 -1.381860e+00
7.100361e+00 -9.062734e-01
5.946655e+00 -2.900010e-01
5.490134e+00 7.560919e-01
5.950030e+00 1.750847e+00
7.046185e+00 3.650937e+00
6.059093e+00 5.459655e+00
6.096326e+00 6.553671e+00
6.539817e+00 7.596976e+00
6.529424e+00 8.648158e+00
6.854916e+00 9.669906e+00
7.687226e+00 1.101985e+01
7.289185e+00 -1.039311e+01
6.763845e+00 -9.349614e+00
6.221720e+00 -7.701681e+00
7.644274e+00 -7.365464e+00
6.953832e+00 -6.604461e+00
7.707020e+00 -5.806393e+00
6.798798e+00 -4.012354e+00
6.636913e+00 -2.997298e+00
7.057989e+00 -1.985263e+00
8.100695e+00 -1.082731e+00
6.974387e+00 1.170413e+00
8.043409e+00 2.059917e+00
6.850817e+00 2.305763e+00
7.989194e+00 3.173590e+00
7.285425e+00 4.805452e+00
7.124353e+00 5.981387e+00
7.496063e+00 7.005630e+00
7.467083e+00 8.113667e+00
7.913111e+00 9.311967e+00
8.407310e+00 1.037531e+01
7.837634e+00 -9.351838e+00
7.192536e+00 -8.367548e+00
8.662125e+00 -8.107807e+00
1.001369e+01 -6.335677e+00
8.258586e+00 -6.620233e+00
8.822424e+00 -5.661170e+00
7.988793e+00 -4.350380e+00
7.864770e+00 -3.173265e+00
8.111606e+00 -2.203044e+00
9.117639e+00 -9.945215e-01
7.505065e+00 1.872365e-02
7.974242e+00 1.026384e+00
9.247036e+00 1.993125e+00
9.022315e+00 4.157964e+00
8.412276e+00 5.101879e+00
8.204438e+00 6.156361e+00
8.730942e+00 7.057472e+00
8.604676e+00 8.407063e+00
9.115398e+00 9.448601e+00
9.456261e+00 1.046443e+01
8.757814e+00 -1.102692e+01
8.719450e+00 -9.907025e+00
9.264894e+00 -8.985346e+00
9.306555e+00 -7.360114e+00
1.079866e+01 -7.102325e+00
1.089248e+01 -5.804521e+00
9.221178e+00 -4.473165e+00
8.928330e+00 -3.395270e+00
9.369406e+00 -2.205981e+00
9.940317e+00 -3.205142e-01
8.761294e+00 -6.247843e-03
9.601530e+00 1.003800e+00
9.617404e+00 3.106021e+00
1.019983e+01 4.044974e+00
9.640735e+00 5.033129e+00
9.273447e+00 6.076223e+00
1.012004e+01 7.064434e+00
9.471349e+00 7.801518e+00
1.058591e+01 1.014606e+01
