5.660436e+00 -9.604208e+00
-9.245119e+00 6.756065e+00
-9.344455e+00 7.846193e+00
-5.227638e+00 -1.873545e+00
-6.454253e+00 9.582910e-01
-7.528993e+00 -9.333382e+00
7.942140e+00 -1.183951e-02
4.871072e+00 3.140748e+00
4.383381e+00 -4.861537e+00
5.796543e+00 -3.016460e+00
-5.496550e+00 7.493764e+00
-1.038908e+01 4.966133e+00
-8.482216e+00 8.188666e-01
5.104572e+00 1.868008e+00
-6.293716e+00 3.043320e+00
6.915688e+00 3.186818e+00
-1.005318e+01 -1.624061e+00
-9.659101e+00 1.053327e+01
-8.150915e+00 -6.482964e+00
-8.176006e+00 -8.305286e+00
6.748981e+00 -9.234888e+00
9.952231e+00 -4.432429e+00
3.782938e+00 -2.309629e+00
-2.881001e+00 1.199060e-01
5.521079e+00 5.048112e-01
-1.018467e+01 6.063059e+00
-4.797903e+00 -8.887748e-01
2.152072e-01 -9.105352e+00
7.233408e+00 2.081148e+00
-6.291317e+00 4.341123e+00
2.274340e+00 -9.273434e+00
8.023845e+00 3.678304e+00
-1.002843e+01 2.409084e+00
-1.083131e+01 2.709686e-01
-2.068762e+00 3.179876e+00
-5.472315e+00 -1.030027e+01
-6.626515e+00 -1.008830e+01
-7.463589e+00 -7.440575e+00
9.467264e+00 -5.442806e+00
-7.835412e+00 2.887985e+00
9.066432e+00 -7.767038e+00
5.666943e+00 -1.884371e+00
-8.553889e+00 -9.348337e+00
1.117125e+01 3.078410e+00
-1.085650e+01 -5.723843e+00
8.200150e+00 9.461469e+00
-7.029474e+00 -3.090003e+00
-8.591441e+00 -4.435771e+00
8.907881e+00 -4.556006e+00
1.069561e+01 9.549879e-01
2.623003e+00 -8.067042e-01
-1.089543e+00 2.809242e+00
8.567808e+00 8.512759e-01
-7.274919e+00 4.943025e+00
9.856936e+00 -1.397376e+00
-7.261550e+00 -1.077832e+00
1.836321e+00 4.540824e+00
-5.886986e+00 -6.505109e+00
-8.138448e+00 5.633773e+00
-1.476227e+00 7.356238e+00
4.010378e+00 1.027112e+01
6.066744e+00 -8.242044e+00
7.712062e+00 -9.897602e+00
-9.834505e-01 -9.595422e+00
-1.061782e+01 1.349505e+00
3.812904e+00 -5.678476e+00
-9.660625e+00 -7.508812e+00
-5.930144e+00 -3.121934e+00
-7.755183e+00 1.005553e+01
6.386088e+00 -5.794379e+00
6.159681e+00 5.773116e+00
1.003033e+01 2.799000e+00
2.865541e-01 6.271506e+00
2.790064e+00 3.671004e+00
-1.192259e+00 4.894735e+00
1.065725e+01 5.158923e+00
-9.950169e+00 -2.708817e+00
-1.984215e+00 5.631981e+00
5.809098e+00 -6.812350e+00
1.056155e+01 -5.335730e+00
4.401866e+00 -1.101357e+01
-1.010994e+01 -4.955055e+00
7.170223e+00 4.257144e+00
2.194110e+00 -4.396843e+00
6.039311e+00 9.500638e+00
4.486764e+00 7.417865e-01
8.819634e+00 -8.763749e+00
-6.333453e+00 5.498168e+00
3.678642e+00 -6.748613e+00
-9.831686e-01 3.226452e-01
-6.633271e+00 -2.072951e+00
-2.986177e+00 -1.212172e+00
-3.154199e+00 2.720261e+00
9.052634e+00 4.135714e+00
9.995396e+00 5.959110e+00
2.234940e+00 2.144489e-01
7.216819e+00 7.744889e+00
-3.837702e+00 -4.584520e-01
-8.946425e+00 2.689691e+00
-9.237317e+00 -8.489025e+00
-9.790273e+00 3.494297e+00
2.848239e+00 7.624272e+00
-1.046651e+01 -8.545924e+00
1.095923e+01 -6.665710e+00
-1.308281e+00 -7.681255e+00
-6.472773e+00 8.032620e+00
-2.422555e+00 -7.839226e+00
-1.084361e+01 4.030134e+00
-6.192275e+00 -4.202108e+00
-6.409083e+00 -7.485195e+00
1.040076e+01 -2.292975e+00
-5.199685e+00 2.537656e+00
-1.054594e+00 1.489576e+00
6.154418e+00 4.748288e+00
-1.033830e+01 8.671290e+00
-9.010410e+00 9.356718e+00
-8.314571e+00 1.857967e+00
-3.638581e+00 -7.268747e+00
9.670239e+00 5.007845e+00
-7.376357e+00 1.102738e+01
8.671489e-01 4.130117e+00
9.461863e-01 5.400968e+00
-2.387759e+00 7.926153e+00
-6.102448e+00 9.276231e+00
3.958002e+00 -3.605216e+00
1.038222e+01 -1.821399e-01
-7.050839e+00 -6.419644e+00
-7.121873e+00 8.908498e+00
-2.934492e+00 1.706040e+00
-9.391872e+00 1.547523e+00
6.423709e+00 -3.876359e+00
-5.020385e+00 -7.198080e+00
-1.012336e+01 9.642082e+00
9.744349e+00 5.794850e-01
-2.375041e-01 -6.892726e+00
4.879017e+00 8.264110e+00
-3.979427e+00 -4.047708e+00
7.566821e+00 1.061809e+00
1.983596e+00 8.159387e+00
8.051065e-01 7.654673e+00
-3.982463e+00 2.159890e+00
7.200769e-01 -7.029884e+00
-8.974885e+00 -1.041493e+01
-6.653986e+00 7.050480e+00
8.274717e+00 -3.210063e+00
-6.038841e+00 1.960580e+00
-7.801729e+00 2.393608e-02
-4.475142e+00 -8.374047e+00
6.306398e+00 1.771766e+00
-9.658292e+00 -3.807079e+00
-7.517053e-01 -7.167558e-01
1.035818e+01 4.150268e+00
-7.233387e+00 6.153129e+00
-3.019206e+00 -9.801554e+00
4.070396e+00 2.426101e+00
7.150026e+00 5.352364e+00
-3.532014e+00 9.730592e+00
-3.898213e+00 1.076338e+01
9.483562e+00 8.051907e+00
-2.790409e+00 -3.530629e+00
-9.526294e-01 6.128436e+00
-7.427710e+00 1.006736e+00
6.493741e-01 -3.828909e+00
-8.060717e+00 -3.543207e+00
9.020941e+00 3.041188e+00
1.352260e+00 8.006735e-01
-2.612639e+00 -2.395500e+00
1.093629e+01 -1.232442e+00
4.842462e+00 4.267685e+00
-5.281859e+00 4.920577e+00
-2.679263e+00 6.302810e+00
2.707139e+00 -7.262577e+00
1.686467e+00 -6.485483e+00
8.352737e+00 8.461681e+00
8.156345e+00 4.858432e+00
-9.995585e+00 -5.911387e-01
6.615957e+00 2.358686e-02
1.212321e+00 -8.803679e+00
3.481654e+00 -1.032773e+01
-4.676848e+00 2.628756e-01
-6.413236e-01 -8.477855e+00
-2.537054e-01 4.298826e+00
-3.859808e+00 -1.046633e+01
-4.429144e+00 8.050116e+00
9.380147e-01 8.820616e+00
1.021743e+01 1.002245e+01
-3.814494e+00 -5.580861e+00
-6.528039e+00 -5.338033e+00
-2.187542e-01 -1.025854e+01
-5.900162e+00 -9.213333e-01
9.087570e+00 -3.457817e-01
-1.380114e+00 -6.705457e+00
5.816661e+00 3.769104e+00
-5.362679e+00 3.803869e+00
-6.779347e+00 -1.722714e-01
-7.836337e+00 -1.028767e+01
-4.153438e+00 -1.745507e+00
9.691934e-01 2.561138e+00
1.287831e+00 6.546219e+00
2.519953e+00 -5.613330e+00
1.009641e+00 -2.581951e+00
4.738097e+00 -8.782106e+00
7.399619e+00 -1.110892e+01
5.150298e+00 -5.680568e+00
-4.242022e+00 3.284206e+00
7.902461e+00 -2.143409e+00
-1.286377e+00 -2.414824e+00
-2.823876e+00 -1.101561e+01
-2.159684e-01 5.329552e+00
7.839078e+00 -4.109480e+00
5.833812e-01 1.452002e+00
-3.191521e+00 -8.660935e+00
-6.272138e-01 1.035744e+01
-1.896328e+00 2.065321e+00
-4.219019e-01 -1.789735e+00
4.690753e+00 -1.403317e+00
6.558925e+00 -1.021340e+01
-4.852668e+00 5.893625e+00
2.471079e+00 -1.026806e+01
5.128714e+00 5.252405e+00
1.890006e+00 -3.448920e+00
-5.618055e+00 -8.191327e+00
-3.131462e-02 8.342322e+00
-3.703362e+00 6.094456e+00
-3.731273e+00 9.398219e-01
-4.874109e+00 1.329785e+00
-1.679677e+00 -3.411532e+00
-5.097268e+00 -9.320726e+00
-5.129754e+00 -3.820742e+00
5.162447e+00 6.879307e+00
8.758134e+00 -1.304666e+00
5.912604e+00 -7.300239e-01
-2.991401e-01 7.379562e+00
-3.472929e+00 3.960938e+00
2.978445e+00 2.229938e+00
1.103972e+01 6.165829e+00
6.388063e+00 1.100423e+01
2.756340e+00 -8.319307e+00
4.944940e-01 -1.400794e+00
-2.498726e+00 1.004430e+01
-2.402775e+00 4.322827e+00
-4.783686e+00 -1.097749e+01
-4.424819e+00 9.104624e+00
7.205521e+00 1.011792e+01
-7.218258e+00 -4.130861e+00
-2.066842e-01 2.178936e+00
3.767934e+00 6.915242e+00
-8.429213e+00 8.569572e+00
-1.216422e+00 3.859310e+00
4.740232e+00 -6.714169e+00
-2.683720e+00 -6.725058e+00
-5.422558e+00 -5.547819e+00
3.718056e+00 -9.178857e+00
4.489439e+00 6.127455e+00
1.180131e+00 -5.156451e+00
1.910159e+00 5.674340e+00
2.703127e-01 -5.956958e+00
5.069011e+00 -7.826022e+00
5.870381e+00 2.679859e+00
3.239884e+00 -4.832277e+00
-8.916885e+00 -2.952891e+00
7.358600e+00 -7.808682e+00
-8.985190e+00 -3.089542e-01
-2.001759e+00 -1.017274e+01
9.200765e+00 6.657801e+00
-2.844129e+00 -4.592501e+00
7.837850e+00 -8.898807e+00
7.084740e+00 -4.959502e+00
8.219398e+00 -7.184425e+00
-5.038154e-01 -3.827505e+00
-4.545452e+00 -4.904333e+00
4.891954e+00 -3.303914e-01
-1.923996e+00 -1.522769e+00
4.804249e+00 -2.816648e+00
3.013925e+00 9.978400e+00
9.233592e+00 1.035751e+01
8.131274e+00 7.155993e+00
1.674146e+00 -7.757425e+00
4.433212e+00 -9.917567e+00
8.471573e-01 1.020500e+01
5.298635e+00 1.052264e+01
1.510080e+00 -7.618134e-01
-2.980506e-02 -2.734998e+00
1.270827e+00 -1.103495e+01
1.080945e+01 2.113893e+00
-4.375363e+00 6.919702e+00
-1.540164e+00 -4.502393e+00
2.807012e+00 8.897239e+00
7.388493e+00 -9.587920e-01
2.173851e+00 -2.161055e+00
-4.075266e+00 -9.432909e+00
-4.791481e+00 -2.781361e+00
-9.784273e+00 -9.678211e+00
1.020861e+01 8.857601e+00
4.337363e-01 -8.029725e+00
2.426192e+00 1.204062e+00
1.106488e+01 1.057977e+01
-8.572718e+00 -1.459934e+00
1.572760e-03 9.417495e+00
-7.096906e+00 2.287499e+00
-5.086100e+00 9.933272e+00
5.537425e+00 -1.070638e+01
9.226974e+00 -2.285802e+00
1.461580e-01 -4.767567e+00
-4.631228e+00 -6.254469e+00
1.073230e+01 7.951717e+00
-1.089414e+01 -3.314509e+00
7.116409e+00 -3.035539e+00
1.107601e+01 9.469330e+00
-3.740006e+00 -2.952521e+00
-7.515258e+00 -5.106543e+00
-1.709929e+00 -5.606618e+00
-8.149645e+00 7.009134e+00
-5.797753e+00 6.460369e+00
4.133887e+00 5.037830e+00
-6.672559e+00 1.018495e+01
-8.691187e+00 -5.483339e+00
-5.829458e+00 1.092412e+01
2.201010e-01 1.117601e+01
8.361759e+00 2.193887e+00
-1.084845e+01 -9.907528e+00
-3.352816e+00 7.313327e+00
8.764248e+00 -1.036180e+01
-8.478800e+00 1.091810e+01
9.534553e+00 -9.661065e+00
5.727344e+00 -4.738003e+00
2.027770e+00 2.964417e+00
6.077013e+00 8.409711e+00
9.575298e+00 1.592893e+00
3.796793e+00 4.048211e+00
1.802339e+00 9.553714e+00
-2.285993e+00 8.933033e+00
7.453266e-02 3.200787e+00
6.266947e+00 7.213430e+00
9.326941e+00 -3.320717e+00
4.999872e+00 -4.024229e+00
-1.888216e+00 1.081559e+01
2.651576e+00 6.625839e+00
-7.532431e+00 7.944287e+00
-1.139247e+00 -1.074602e+01
2.009986e+00 1.057635e+01
-1.040662e+01 -6.626247e+00
6.801035e+00 -1.872919e+00
1.313139e+00 -9.878096e+00
-7.010016e+00 -8.351597e+00
-9.294689e+00 -6.467975e+00
1.081888e+01 -1.074192e+01
3.397552e+00 2.075062e-01
1.637018e+00 1.823464e+00
-9.612928e+00 5.224525e-01
-2.031829e+00 8.420648e-01
-1.102775e+01 -7.629999e+00
-1.522182e+00 9.554464e+00
-3.244194e+00 8.528233e+00
7.085064e+00 6.590486e+00
7.185392e+00 8.993400e+00
1.084585e+01 -9.150696e+00
8.448747e+00 1.090004e+01
2.952396e+00 4.770834e+00
-1.069901e+01 7.263974e+00
3.833235e+00 8.107027e+00
-1.003688e+01 -1.085122e+01
3.817902e+00 9.219802e+00
-8.597533e+00 -7.362315e+00
9.406854e+00 -6.600555e+00
-5.762756e+00 1.644119e-01
1.036733e+01 -3.411465e+00
-2.056477e+00 -9.123568e+00
6.820013e+00 -6.979437e+00
3.640217e+00 1.295072e+00
3.759958e+00 -7.320811e-01
9.891167e+00 -8.632427e+00
9.659189e+00 -1.107380e+01
8.373896e+00 6.045036e+00
-7.979180e+00 -2.514348e+00
-1.030873e+00 8.497182e+00
3.814433e-01 2.521317e-01
-1.092001e+01 -2.268733e+00
-9.167579e+00 5.750053e+00
-7.068332e-01 -5.427953e+00
3.799469e+00 -7.846494e+00
9.264081e+00 9.215010e+00
2.899632e+00 1.117880e+01
-4.333404e+00 4.723584e+00
3.509335e+00 5.891670e+00
1.030405e+01 6.974608e+00
-2.941137e+00 5.193732e+00
1.017767e+01 -7.471980e+00
-2.825012e+00 -5.723887e+00
1.116379e+01 -4.403044e+00
-1.890847e+00 -3.671697e-01
7.441535e+00 -6.106175e+00
-8.375176e+00 3.779837e+00
4.838303e+00 9.547716e+00
2.950614e+00 -3.360938e+00
-6.162935e+00 -9.028994e+00
-7.235760e+00 3.895700e+00
8.488858e+00 -5.896615e+00
-8.832998e+00 4.816629e+00
-5.341289e+00 8.513222e+00
