-1.066437e+01 -8.422321e+00
-9.250845e+00 8.643292e+00
-9.587835e+00 1.072450e+01
-9.804701e+00 -7.281539e+00
-9.291392e+00 -4.459753e-01
-8.190495e+00 -1.482459e+00
-8.246346e+00 -1.620549e-01
-1.013735e+01 2.666119e+00
5.848900e+00 -4.438943e+00
-1.051912e+01 1.692804e+00
5.327022e+00 5.796998e+00
1.057157e+01 2.063280e+00
9.628159e+00 2.785508e+00
7.513652e+00 2.762540e+00
-5.455771e+00 7.648768e+00
8.712324e+00 6.510354e-01
-7.232792e+00 6.218716e+00
-6.201162e+00 8.958743e+00
9.460984e+00 -8.305685e+00
-9.106995e+00 -1.069851e+01
-8.020065e+00 -4.444378e+00
-8.493012e+00 -3.563473e+00
9.783500e+00 -5.650211e+00
-6.464937e+00 -2.847489e+00
-7.752651e+00 -2.745785e+00
-1.059311e+01 3.745407e+00
-6.219905e+00 -1.113174e+00
1.049989e+01 -2.353410e+00
4.198285e+00 -3.273834e+00
9.451873e+00 3.966458e+00
-8.239706e+00 5.686612e+00
6.820150e+00 -1.390945e-01
-9.022189e+00 2.647824e+00
9.658425e+00 1.020422e+00
1.613161e+00 7.528348e-01
8.906413e+00 8.198512e+00
-9.286432e+00 -9.607833e+00
-6.231935e+00 1.009577e+01
-1.017059e+01 -1.039050e+01
-9.366486e+00 7.559591e+00
-6.705221e+00 -9.646750e+00
-1.046704e+01 -5.036761e+00
-1.038782e+01 8.962810e+00
-8.403796e+00 1.014664e+01
-9.691369e+00 -5.966028e+00
-6.407406e+00 2.341239e-01
-9.562988e+00 3.715187e+00
-8.288186e+00 1.529688e+00
1.021480e+01 -1.208471e-01
-7.576722e+00 4.882620e+00
9.532559e+00 -1.972560e+00
-7.042148e+00 1.752450e+00
1.080621e+01 9.230763e-01
8.881284e+00 4.931730e+00
4.231313e+00 2.528402e+00
-4.383377e+00 3.109341e+00
-1.054360e+01 1.014348e+01
-1.545431e+00 4.176060e+00
-5.256824e+00 5.152829e+00
-2.184368e+00 7.709305e+00
8.890362e+00 -5.013118e+00
6.520263e-01 9.968126e+00
-9.167752e+00 -4.559673e+00
-6.086788e+00 -7.569273e+00
-7.878291e+00 2.575375e+00
-7.134473e+00 -1.762247e+00
-6.916832e+00 -4.740571e+00
-5.620920e+00 -2.019434e+00
7.398544e+00 -1.089411e+00
-7.161428e+00 -4.357069e-01
-5.203450e+00 6.256079e+00
8.408467e+00 -4.617781e-01
6.049183e-01 -1.917768e+00
7.826836e+00 5.233722e+00
1.086333e+01 8.544530e+00
2.290211e+00 1.830228e+00
-6.196770e+00 3.666077e+00
-2.909470e+00 6.050569e+00
-7.698666e+00 7.248542e+00
-9.462647e+00 -8.352243e+00
-1.441539e+00 9.562080e+00
-8.519874e+00 -8.793033e+00
-2.970729e+00 1.016467e+01
-1.074577e+01 -6.129023e+00
-9.992528e+00 -2.379969e+00
1.027202e+01 -3.298388e+00
-5.650533e+00 -6.307440e+00
-8.523451e+00 3.527517e+00
-9.937970e+00 -3.690750e+00
3.703114e+00 -7.630237e+00
-7.847496e+00 -6.785917e+00
-5.356573e+00 -4.769760e-01
-6.142257e+00 5.784754e+00
-4.194036e+00 5.689328e+00
9.638608e+00 5.892392e+00
4.549817e+00 -4.504134e-01
6.924095e+00 1.797145e+00
1.100030e+01 -4.212234e+00
7.082034e-01 7.898533e+00
1.089127e+01 -5.388063e+00
-8.226623e+00 9.070770e+00
6.366625e-01 1.093783e+01
-5.108601e+00 1.082454e+01
-6.110656e+00 -3.862523e+00
-6.056725e+00 -1.055525e+01
-1.087422e+01 -1.855886e+00
-1.501877e+00 -8.165358e+00
-1.017763e+01 2.486375e-01
-7.338632e+00 -1.042519e+01
-4.008093e+00 -3.412791e+00
-5.333273e+00 6.230218e-01
-4.551368e+00 1.515483e+00
-5.367887e+00 2.824649e+00
-2.650130e+00 2.052618e+00
9.224305e+00 6.855097e+00
1.062917e+01 4.013031e+00
-4.181535e+00 6.693123e+00
-9.503669e+00 9.659668e+00
1.015641e+01 4.959648e+00
-9.426387e+00 6.103037e+00
-1.728155e+00 5.505971e+00
-1.149876e+00 7.331237e+00
-3.959265e+00 -1.048766e+01
-6.699664e+00 -6.556826e+00
1.415430e-01 -6.855049e+00
-3.052385e+00 -7.416223e+00
-4.129642e+00 -8.046394e+00
-3.972593e+00 -6.811103e+00
-5.812600e+00 1.596127e+00
-3.732475e+00 2.271977e+00
-3.891449e+00 -4.627432e+00
-1.485917e+00 -1.530587e+00
-8.621428e+00 4.694234e+00
1.091455e+01 3.051164e+00
-6.825158e-01 5.205506e+00
4.065166e+00 7.638780e+00
-4.079499e+00 4.250482e+00
1.070586e+01 5.957399e+00
-2.617228e+00 4.086872e+00
-3.285378e+00 4.909874e+00
-6.194893e+00 6.871899e+00
2.084817e+00 7.460720e+00
-3.868890e+00 9.697545e+00
-8.153791e+00 -1.111414e+01
-8.074321e+00 -9.743717e+00
-4.084305e+00 1.074859e+01
-5.992750e+00 -5.388759e+00
-4.872033e+00 -5.369333e+00
-6.372491e+00 -8.615423e+00
-3.071941e+00 -2.932664e+00
-5.073275e-01 -1.825080e+00
-3.985235e-01 -7.891773e+00
-1.097276e+01 4.737760e+00
1.142522e+00 -4.165165e+00
-7.179761e-01 2.896148e+00
-1.003607e-01 2.183068e-01
-4.907220e+00 -4.128988e+00
-3.172624e+00 7.417546e+00
-2.016491e+00 6.580115e+00
-2.917120e+00 1.729319e-02
-1.426135e+00 8.458008e+00
-4.866684e+00 9.672350e+00
-3.382571e-01 8.659124e+00
-5.163650e+00 -8.192859e+00
-7.485487e+00 7.570923e-01
-5.133090e+00 -3.018375e+00
-5.065936e+00 -1.045493e+01
-7.275353e+00 -3.787968e+00
-3.748221e+00 -5.722147e+00
-1.987441e+00 -9.081888e+00
-2.710972e-01 -1.102131e+01
1.186787e+00 -6.755900e+00
-2.071433e+00 -7.223784e+00
-2.015741e+00 3.232764e+00
-9.901018e+00 4.822485e+00
-5.219897e+00 4.052950e+00
4.018856e-01 5.911041e+00
-7.232013e+00 -7.619495e+00
3.368293e+00 6.772092e+00
-3.854681e+00 -2.267744e+00
-4.453059e+00 -9.040290e+00
-4.118732e+00 7.837954e+00
1.055717e+00 -9.640629e+00
-7.221916e+00 1.084978e+01
-7.498803e+00 -8.835424e+00
-1.357007e+00 -9.999825e+00
3.003428e-01 -8.701160e+00
-8.396408e+00 -7.731469e+00
-3.457477e+00 -9.535516e+00
-7.358769e+00 3.754942e+00
-6.468422e+00 2.745484e+00
-3.054355e+00 -3.957129e+00
-8.588044e+00 6.756015e+00
-3.406308e+00 1.240974e+00
4.472842e+00 4.827471e+00
-1.020068e+01 6.912067e+00
-1.540101e+00 2.007686e+00
5.784477e+00 8.859318e+00
4.364902e+00 6.197340e+00
-1.086019e+01 -7.210116e+00
3.866185e+00 1.065926e+01
1.667320e+00 1.074332e+01
5.328186e+00 6.930227e+00
-4.990030e+00 -7.114786e+00
1.892849e+00 8.454269e+00
7.793227e+00 9.524995e+00
-4.225782e-01 1.031059e+01
1.806824e+00 -8.866272e+00
6.829161e+00 -6.792334e+00
-2.899155e+00 -1.651704e+00
2.628404e+00 7.593916e-01
4.799475e-02 -4.873986e+00
1.166454e+00 6.856882e+00
-4.566935e+00 -1.107697e+00
-4.482339e-01 4.138321e+00
-2.232799e+00 -7.900277e-01
2.456386e+00 5.259405e+00
-8.503430e-02 7.192666e+00
6.643602e+00 9.716172e+00
-3.035357e+00 3.022281e+00
-3.964684e-02 -9.711476e+00
-7.372074e+00 9.738783e+00
4.843770e+00 -9.744234e+00
-3.155910e+00 -1.114604e+01
2.332099e+00 -6.108659e+00
-8.970063e-01 -6.897202e+00
2.712366e+00 -8.361589e+00
-2.141202e+00 -3.674794e+00
5.734225e+00 -6.623863e+00
4.153721e+00 5.837849e-01
-6.495299e+00 4.678200e+00
-9.480170e-01 -6.347744e-01
-1.195249e+00 5.591568e-01
-8.737846e-01 6.194305e+00
1.340754e-01 -9.945610e-01
5.902245e+00 1.814534e+00
3.609979e+00 3.426064e+00
2.797125e+00 1.052991e+01
3.183393e+00 -1.081919e+01
3.358132e+00 9.573244e+00
3.534815e+00 5.668087e+00
2.151224e+00 -1.065317e+01
-2.424107e+00 9.201988e+00
3.092630e+00 7.994996e+00
-1.863854e+00 1.075168e+01
-1.694876e+00 -4.727972e+00
5.633692e+00 -1.048941e+01
5.363213e+00 -7.549637e+00
-3.942329e+00 1.958884e-01
-3.547457e+00 -8.129647e-01
4.267818e-01 -5.869882e+00
-1.040528e+00 -3.079584e+00
2.447933e+00 4.147296e+00
7.000752e+00 4.427951e+00
3.215889e-01 4.796797e+00
-2.211682e+00 1.078851e+00
2.252854e+00 -7.318443e+00
4.430217e+00 -1.072123e+01
8.805367e+00 9.359075e+00
2.177210e+00 9.553054e+00
7.328639e+00 6.415270e+00
3.901732e+00 -9.004841e+00
-9.660791e-01 -9.072410e+00
-3.300459e+00 8.519168e+00
6.858986e+00 8.685287e+00
5.510518e+00 -5.507122e+00
7.951203e+00 -4.464508e+00
4.636967e+00 -6.829716e+00
2.385818e+00 -3.613009e+00
-2.741028e+00 -6.339220e+00
-2.720067e+00 -5.013152e+00
3.702191e-01 2.657062e+00
8.540350e+00 -1.541139e+00
3.487929e+00 4.549545e+00
6.757671e+00 5.417928e+00
4.649884e+00 3.536227e+00
6.168183e+00 7.754869e+00
4.579474e+00 9.917424e+00
6.833589e+00 -1.055857e+01
8.377064e+00 1.047635e+01
5.703504e+00 -8.557095e+00
6.065718e+00 -2.450916e+00
4.683161e+00 -8.235689e+00
8.003375e-01 8.903939e+00
6.309586e+00 6.542375e+00
-5.702101e+00 -9.476543e+00
2.717659e+00 -9.474439e+00
3.324374e+00 -6.486630e+00
4.300108e+00 -2.214674e+00
2.102358e+00 -4.680553e+00
-2.031711e+00 -2.570475e+00
3.104020e+00 -2.664297e+00
1.350278e+00 5.718591e+00
1.633499e+00 3.330468e+00
1.439552e+00 4.677050e+00
-5.425576e-01 1.772176e+00
7.752474e+00 -1.106944e+01
2.114832e+00 -2.345196e+00
5.241265e+00 2.650241e+00
8.254236e+00 7.221542e+00
6.733383e+00 1.069809e+01
8.644726e+00 -7.357851e+00
1.028424e+00 -7.933936e+00
4.864722e+00 -4.640408e+00
4.453965e+00 -5.806874e+00
6.742478e+00 -3.283300e+00
6.392280e+00 -9.476570e+00
6.487508e+00 -7.732103e+00
6.482548e+00 -1.400637e+00
-2.904602e+00 -8.472383e+00
-7.979059e-01 -4.124202e+00
1.304284e+00 -2.990410e+00
8.777570e+00 1.949086e+00
8.588231e+00 -1.035779e+01
5.620946e+00 4.794657e+00
-1.063420e+01 7.885726e+00
-1.090601e+01 1.106043e+01
9.406302e+00 1.086288e+01
9.825995e+00 8.949779e+00
5.094447e+00 1.091528e+01
7.188539e+00 -8.717277e+00
7.475653e+00 -7.574348e+00
1.038893e+01 -8.918587e+00
7.826008e+00 -9.647783e+00
1.003678e+01 -4.632366e+00
-1.080488e+01 -2.966648e+00
-6.473978e+00 7.865122e+00
7.763544e+00 -5.465624e+00
3.150106e+00 -1.999687e-01
-2.433921e+00 -1.032745e+01
6.350648e+00 2.718461e+00
1.246500e+00 1.984026e+00
3.416783e+00 1.424406e+00
6.168796e-01 1.171080e+00
5.720503e+00 3.649606e+00
5.670703e+00 1.008805e+01
2.315719e+00 6.361869e+00
1.042561e+01 -1.110369e+01
9.931771e+00 9.995747e+00
5.395964e+00 -3.309960e+00
1.056796e+01 -6.656892e+00
-8.772348e+00 -5.526031e+00
7.350924e+00 -2.100862e+00
7.912798e+00 8.398229e+00
-7.544901e+00 -5.612527e+00
9.386705e+00 -7.021003e-01
8.971019e+00 -2.858795e+00
3.246893e+00 -4.487007e+00
1.266866e-01 -2.876465e+00
5.807386e+00 -4.333808e-01
8.081514e-01 -2.378910e-01
3.103243e+00 -5.486555e+00
2.066249e+00 -1.680527e-01
5.169468e-01 3.712557e+00
1.004132e+01 7.853187e+00
1.093030e+01 6.990432e+00
8.160632e+00 -8.379233e+00
7.700022e+00 4.438216e-01
9.705573e+00 -1.023913e+01
8.974288e+00 -9.318464e+00
7.884718e+00 -6.631968e+00
6.618269e+00 -5.747595e+00
9.338338e+00 -3.903918e+00
-1.034811e+01 -9.326680e+00
-9.307423e+00 -1.545046e+00
6.665268e+00 8.452199e-01
-8.859934e+00 -2.609882e+00
-8.222972e-01 -5.402149e+00
-1.777833e+00 -5.913754e+00
3.805279e+00 -1.223764e+00
5.190342e+00 -1.376244e+00
1.442854e+00 -5.547656e+00
7.873840e+00 3.809440e+00
4.870304e+00 1.613294e+00
8.486717e+00 6.091988e+00
4.734030e+00 8.775247e+00
5.233652e+00 4.952608e-01
7.850922e+00 1.579417e+00
-8.454156e+00 7.950645e+00
6.949867e+00 -4.650365e+00
1.074678e+01 -7.957399e+00
7.174348e+00 7.468371e+00
9.679529e+00 -7.217604e+00
-4.945829e+00 8.555726e+00
8.761793e+00 -5.957361e+00
-9.168019e+00 7.458302e-01
-9.486962e+00 1.707917e+00
8.005743e+00 -3.446796e+00
2.644156e+00 -1.394686e+00
-1.052954e+01 -9.111857e-01
1.050648e+01 -1.130999e+00
-1.111400e+01 -9.501475e-02
8.542410e+00 2.979579e+00
2.668984e+00 3.077806e+00
1.641016e+00 -1.090362e+00
1.108141e+01 -1.019396e+01
-1.047604e+01 5.880141e+00
-8.917075e+00 -6.652687e+00
1.091871e+01 9.629015e+00
-7.227891e+00 8.619142e+00
