8.050526e+00 -1.005840e+01
-7.832195e+00 8.250792e+00
-9.493206e+00 6.760138e+00
-3.296616e+00 1.182355e+00
-3.846472e+00 2.117360e+00
-8.349382e+00 -1.010889e+01
7.669903e+00 4.862977e-01
4.912009e+00 3.729557e+00
6.464910e+00 -6.898077e+00
6.359770e+00 -2.540662e+00
-4.680717e+00 7.065233e+00
8.857915e+00 5.944685e+00
-7.047288e+00 -2.164151e-01
5.818956e+00 3.174539e+00
-5.408625e+00 3.671423e+00
5.894048e+00 5.315578e+00
-8.079952e+00 -4.582185e+00
1.115986e+01 -9.995314e+00
-9.635035e+00 -8.337861e+00
-1.052233e+01 -9.226430e+00
5.398356e+00 -7.580832e+00
8.026844e+00 -3.536988e+00
1.889926e+00 -5.763130e+00
-2.315059e+00 2.688988e-01
5.363554e+00 7.271804e-01
1.095872e+01 5.736205e+00
-4.946753e+00 9.052976e-02
-1.296851e+00 9.928918e+00
9.613447e+00 -1.930880e-01
-6.646297e+00 3.641969e+00
2.181840e+00 -7.638608e+00
6.820161e+00 2.520910e+00
-9.530346e+00 1.510817e+00
-1.022261e+01 -2.554792e+00
1.888688e+00 4.249222e+00
-4.208090e+00 1.072502e+01
-8.266788e+00 -1.116076e+01
-9.211813e+00 -9.444034e+00
9.765375e+00 -6.633102e+00
-8.796628e+00 2.271490e+00
9.035378e+00 -1.053585e+01
5.326314e+00 -2.233060e+00
-9.301186e+00 -1.095444e+01
9.213329e+00 2.702607e+00
-9.677406e+00 -5.231062e+00
7.772243e+00 7.893212e+00
-6.829943e+00 -2.793247e+00
-7.030345e+00 -4.167653e+00
8.798210e+00 -6.267839e+00
-1.072343e+01 -1.679736e+00
4.779227e+00 -4.257241e+00
-4.141835e-01 2.021281e+00
8.578017e+00 -2.402156e-02
-9.413346e+00 4.706633e+00
1.019505e+01 -1.774456e+00
-7.205851e+00 -1.280520e+00
1.526154e+00 6.216532e+00
-6.041349e+00 -3.430237e+00
-7.237917e+00 7.334140e+00
3.497658e-01 5.279315e+00
2.553539e+00 -1.084072e+01
4.431804e+00 -7.092990e+00
7.075648e+00 1.092101e+01
-1.915517e+00 -1.053236e+01
-9.723385e+00 4.691169e-01
4.082716e+00 -6.014523e+00
1.006702e+01 -4.456725e+00
-4.318635e+00 1.132523e+00
-7.087131e+00 9.667558e+00
5.217824e+00 -5.303326e+00
4.148722e+00 9.173532e+00
-1.060789e+01 1.493541e+00
1.730880e-01 6.290915e+00
3.833860e+00 5.089684e+00
8.161489e-01 4.419789e+00
8.185952e+00 3.846062e+00
-9.268835e+00 -6.219706e+00
-2.837850e+00 3.877699e+00
5.412704e+00 -6.369809e+00
1.055146e+01 -5.838172e+00
3.309769e+00 -9.783256e+00
-6.498259e+00 -6.457065e+00
5.981797e+00 4.226733e+00
1.923609e-01 -7.047186e+00
5.442908e+00 -9.811293e+00
4.107327e+00 1.504451e+00
9.020872e+00 1.024549e+01
-8.229474e+00 5.093570e+00
3.405349e+00 -7.357743e+00
1.079090e+00 -2.270539e+00
-5.385833e+00 1.036164e+00
-8.601261e-01 5.507630e-02
7.511996e-01 1.672300e+00
8.036077e+00 2.573575e+00
1.019501e+01 4.628229e+00
3.593777e+00 -4.622121e-01
5.169857e+00 9.465195e+00
1.115323e+00 6.225802e-01
-9.794139e+00 2.590662e+00
1.029724e+01 -7.734020e+00
9.129802e+00 4.807954e+00
3.369673e+00 7.149825e+00
-1.086920e+01 -8.258302e+00
9.495388e+00 -5.430694e+00
-2.488685e+00 -5.426230e+00
-5.838088e+00 8.201442e+00
-3.155471e+00 -6.330288e+00
9.604080e+00 3.793634e+00
-5.305754e+00 -1.354388e+00
-7.012492e+00 -8.525288e+00
-9.049056e+00 -2.300850e+00
-7.525265e+00 4.286379e+00
3.371655e+00 -1.914411e+00
6.328789e+00 6.142527e+00
-1.116549e+01 9.068403e+00
-1.012213e+01 8.773408e+00
-8.476194e+00 9.511903e-01
-4.655816e+00 -7.875821e+00
7.112286e+00 3.500626e+00
-8.262933e+00 9.196557e+00
1.491411e+00 -4.913973e-01
2.232382e+00 6.991325e+00
-4.642842e+00 8.449028e+00
-3.576858e+00 7.337212e+00
4.048513e+00 -4.944006e+00
1.083324e+01 -2.727875e+00
-5.457098e+00 -7.036942e+00
-4.779601e+00 9.759287e+00
-6.576295e-01 3.064762e+00
-1.031140e+01 -5.158988e-01
8.238550e+00 -4.951559e+00
-6.008683e+00 -8.138096e+00
-9.285898e+00 9.387383e+00
1.005274e+01 1.595625e+00
-3.996879e-02 -5.860661e+00
4.351611e+00 1.028999e+01
-3.988985e+00 -3.038695e+00
8.807048e+00 1.704321e+00
1.172850e+00 8.110171e+00
-1.198912e+00 4.303599e+00
-4.569045e+00 3.037566e+00
-8.299589e-01 -6.651993e+00
-1.019730e+01 1.087656e+01
-8.363601e+00 7.216451e+00
8.891654e+00 -1.044719e+00
-6.764806e+00 2.347370e+00
-7.365467e+00 7.565676e-01
-3.976408e+00 -9.532753e+00
7.315167e+00 1.629189e+00
-8.258286e+00 -5.753866e+00
2.666454e-01 -1.055980e-01
-1.077651e+01 5.014800e-01
-5.766343e+00 7.093845e+00
-3.841237e+00 -7.211637e+00
3.951501e+00 3.900762e+00
7.050266e+00 7.043586e+00
-6.239393e+00 1.052925e+01
-4.284010e+00 -1.059967e+01
-1.112640e+01 8.053109e+00
-8.011748e-01 -2.680525e+00
3.567025e-01 2.708064e+00
-7.746803e+00 1.912108e+00
1.985743e-01 -4.444318e+00
-6.351361e+00 -1.832473e+00
9.317729e+00 8.210683e-01
3.270855e+00 1.019653e+00
-1.142446e+00 -1.671386e+00
1.100406e+01 -3.943186e+00
4.903990e+00 8.471927e+00
-7.221086e+00 5.472535e+00
-2.939428e+00 4.898840e+00
1.906403e+00 -8.653781e+00
-5.541071e-01 -9.068245e+00
8.896835e+00 8.000690e+00
7.156989e+00 4.484919e+00
-9.317882e+00 -3.378311e+00
6.448157e+00 7.537583e-01
-1.020794e+00 -1.000051e+01
6.944190e-02 -9.874224e+00
-2.161410e+00 1.347766e+00
-2.025190e+00 1.070925e+01
2.845222e+00 3.465290e+00
-4.894874e+00 -9.048392e+00
-1.774312e+00 7.374652e+00
5.345150e-01 9.136741e+00
1.118005e+01 -1.111081e+01
-4.575298e+00 -6.075672e+00
-6.724097e+00 -5.385370e+00
-3.530566e+00 8.547608e+00
-2.752375e+00 2.211907e+00
-9.655400e+00 -1.369497e+00
-1.636654e+00 -4.510703e+00
5.661807e+00 7.561571e+00
-6.280746e+00 4.618113e+00
-8.127791e+00 -4.405093e-02
-9.054917e+00 1.042028e+01
-4.392816e-01 -9.062715e-01
2.564539e+00 1.684051e-01
-7.071975e-01 5.346109e+00
2.607345e+00 -6.545045e+00
2.551569e+00 -9.276655e-01
2.141077e+00 -9.762495e+00
5.899193e+00 -1.074991e+01
2.937622e+00 -5.461395e+00
-3.472572e+00 3.071974e+00
7.445551e+00 -1.565374e+00
1.231782e+00 -3.594431e+00
-2.782707e+00 -7.267154e+00
4.325886e+00 6.443198e+00
8.337850e+00 -1.980472e+00
6.830054e-02 -2.036727e+00
-3.600611e+00 -5.254002e+00
-3.035525e+00 -1.042630e+01
1.551193e+00 3.193191e+00
3.112604e+00 -2.969817e+00
6.004632e+00 -4.476304e+00
6.769654e+00 -8.255348e+00
-7.920344e+00 6.192935e+00
1.000915e+00 1.032846e+01
6.696741e+00 8.003203e+00
1.910028e+00 -4.431051e+00
-6.129044e+00 -9.185406e+00
-4.049079e+00 5.120149e+00
-5.221675e+00 4.862995e+00
-1.073847e+00 1.146228e+00
-5.257921e+00 2.234279e+00
-2.604011e+00 -4.152412e+00
-5.137187e+00 1.114746e+01
-5.424630e+00 -2.519182e+00
3.022690e+00 1.061102e+01
1.078318e+01 -8.963543e-01
5.945648e+00 -1.475206e+00
-6.530428e-01 7.127809e+00
-3.942254e+00 3.978999e+00
3.108203e+00 2.194946e+00
-1.102336e+01 4.722806e+00
7.031899e+00 -1.022554e+01
-5.872590e-01 -7.797243e+00
4.296426e+00 -2.291189e+00
-2.621668e+00 -8.403063e+00
-1.663134e-01 4.000222e+00
-5.321316e+00 -1.009382e+01
-2.861836e+00 6.510243e+00
5.512853e+00 1.054195e+01
-4.301910e+00 -1.995564e+00
1.980602e+00 2.035063e+00
2.821410e+00 9.426309e+00
-5.939255e+00 9.476242e+00
2.229484e+00 1.073039e+00
7.837925e+00 -6.683609e+00
-3.775185e+00 -4.240441e+00
-5.578855e+00 -5.655219e+00
1.417461e+00 -1.098279e+01
3.278108e+00 8.362960e+00
9.281968e-01 -5.243710e+00
6.544079e-01 7.150528e+00
-1.747410e+00 -3.444366e+00
6.601188e+00 -9.319287e+00
5.970611e+00 1.673578e+00
6.254736e+00 -5.690242e+00
-8.109499e+00 -3.372073e+00
7.698123e+00 -9.088714e+00
-8.266272e+00 -1.125518e+00
-1.746697e+00 -7.746390e+00
7.439791e+00 5.965161e+00
-3.631500e+00 1.399119e-01
8.172099e+00 1.114850e+01
6.849698e+00 -3.542713e+00
8.622911e+00 -8.445863e+00
2.922077e+00 -4.122717e+00
-4.801379e+00 -3.727388e+00
4.409752e+00 -1.226808e+00
-1.753649e+00 -6.347848e-01
1.117189e+00 -7.790300e+00
4.395710e+00 -9.563332e+00
8.588922e+00 9.209883e+00
8.078107e+00 6.911423e+00
-9.656304e-01 -1.106274e+01
3.777772e+00 -1.088350e+01
-1.865453e+00 8.802184e+00
4.805334e+00 -1.076813e+01
2.129591e+00 -2.869335e+00
1.864142e-02 -3.216249e+00
-2.584967e+00 8.132505e+00
-1.093176e+01 2.606849e+00
-5.937229e+00 5.600097e+00
-2.515808e+00 -1.341493e+00
1.595682e+00 9.248974e+00
5.008775e+00 -3.819921e-01
3.784106e+00 -3.708424e+00
-5.867980e+00 -4.655139e+00
-3.943821e+00 -9.323048e-01
-1.025790e+01 -1.032123e+01
1.010014e+01 8.060945e+00
-1.994223e+00 -6.489187e+00
4.244020e+00 4.063472e-01
-1.028219e+01 9.812424e+00
-7.836677e+00 -2.243922e+00
-5.487727e-01 9.047917e+00
-7.724475e+00 3.009090e+00
-6.260542e+00 -1.073009e+01
5.385770e+00 -8.742842e+00
7.654161e+00 -5.961131e-01
-1.067584e+00 -5.436311e+00
-4.783921e+00 -4.818043e+00
-1.002634e+01 7.732773e+00
-8.747930e+00 -7.370324e+00
8.921171e+00 -3.127283e+00
9.874600e+00 9.170320e+00
-3.256133e+00 -2.021771e+00
-6.881903e+00 -7.520225e+00
-2.112504e+00 -2.351740e+00
-9.062955e+00 5.689593e+00
-6.656803e+00 6.402166e+00
5.376318e+00 6.487027e+00
-7.236821e+00 1.102449e+01
-7.824669e+00 -7.914909e+00
-7.103323e+00 -1.011412e+01
-2.477457e+00 -9.552357e+00
1.055801e+01 5.794927e-01
-1.111149e+01 -5.047357e+00
-3.970052e+00 6.323164e+00
7.778658e+00 1.010845e+01
-7.985753e+00 1.016515e+01
9.913921e+00 1.089533e+01
7.374465e+00 -2.617924e+00
2.134121e+00 5.353903e+00
1.058244e+01 7.203666e+00
1.032322e+01 2.675070e+00
4.828897e+00 5.518301e+00
1.060054e+00 -9.949804e+00
-1.082861e+00 8.181780e+00
6.878397e-01 -1.258540e+00
6.041599e+00 8.761598e+00
9.395610e+00 -2.294633e+00
5.808834e+00 -3.332088e+00
-1.585943e+00 -8.797324e+00
2.177488e-02 8.150138e+00
-6.810377e+00 8.577727e+00
-2.666991e+00 9.755605e+00
2.080962e-01 -1.099387e+01
-1.053646e+01 -6.151166e+00
6.523192e+00 -4.038045e-01
-1.674947e-01 1.009508e+01
-7.820757e+00 -9.165104e+00
-7.782924e+00 -6.739990e+00
1.059782e+01 -8.979628e+00
4.152367e+00 2.815851e+00
2.911839e+00 4.455440e+00
-9.084656e+00 -4.065879e-01
-5.007840e-02 1.041105e+00
9.033040e+00 -4.226496e+00
-3.055869e+00 1.089684e+01
-3.728572e+00 9.574263e+00
6.502701e+00 9.765854e+00
9.365981e+00 7.116763e+00
1.113115e+01 -6.942827e+00
7.379724e+00 9.030786e+00
3.220006e+00 6.041582e+00
-9.095715e+00 8.366915e+00
2.029028e+00 1.020024e+01
1.008466e+01 -1.043685e+01
2.151049e+00 8.331480e+00
-9.942407e+00 -7.043288e+00
8.851868e+00 -7.391491e+00
-6.472514e+00 1.312912e+00
9.944134e+00 -3.320650e+00
-3.742570e+00 -8.371409e+00
7.742629e+00 -7.779576e+00
4.998347e+00 1.962154e+00
4.779217e+00 -3.170892e+00
9.608412e+00 -8.566077e+00
1.087241e+01 1.024590e+01
8.061153e+00 4.914395e+00
-5.979610e+00 -1.487384e-01
-1.736051e+00 6.323853e+00
2.045699e+00 -1.858399e+00
-9.031861e+00 -4.335340e+00
-1.034399e+01 5.780760e+00
-7.807648e-01 -3.847576e+00
3.282483e+00 -8.429445e+00
9.977972e+00 6.092371e+00
2.851452e-01 -8.458737e+00
-1.874183e+00 5.311674e+00
4.308519e+00 7.597050e+00
-1.084378e+01 6.744201e+00
-1.840418e+00 3.412516e+00
9.188396e+00 -9.528514e+00
-2.986458e+00 -3.171487e+00
-1.026617e+01 -4.148720e+00
-1.538435e+00 2.298066e+00
7.403683e+00 -5.684048e+00
1.086152e+01 3.606103e+00
4.346516e+00 -8.442085e+00
1.586864e+00 -6.781715e+00
-8.633149e+00 -8.550922e+00
-8.600272e+00 4.071216e+00
7.243794e+00 -4.682555e+00
-9.644437e+00 3.573440e+00
-4.984230e+00 5.972955e+00
