5.635311e+00 -9.257043e+00
-8.403533e+00 7.705928e+00
-9.849656e+00 7.739567e+00
-5.320939e+00 -2.007521e+00
-6.732202e+00 7.857544e-01
-7.049442e+00 -9.788476e+00
7.621742e+00 -3.338023e-01
5.201082e+00 3.046388e+00
4.695973e+00 -4.581195e+00
6.255481e+00 -3.228106e+00
-5.427191e+00 7.420781e+00
-1.026504e+01 5.963867e+00
-8.555226e+00 7.730942e-01
4.544566e+00 2.162778e+00
-5.865013e+00 2.875506e+00
6.170659e+00 3.205308e+00
-1.023091e+01 -1.482624e+00
-9.617936e+00 1.059005e+01
-8.120710e+00 -6.740727e+00
-8.019288e+00 -8.452787e+00
6.721899e+00 -9.332329e+00
9.979819e+00 -4.426833e+00
3.518819e+00 -2.245667e+00
-3.378820e+00 7.045289e-01
5.350954e+00 1.558609e-01
-1.088235e+01 6.868861e+00
-4.595686e+00 -1.225965e+00
1.405904e-01 -9.425539e+00
6.877145e+00 2.236041e+00
-6.049096e+00 3.890861e+00
2.292909e+00 -9.386975e+00
7.636428e+00 3.156377e+00
-9.923513e+00 2.771539e+00
-1.117100e+01 7.256009e-01
-1.851061e+00 3.503294e+00
-5.620519e+00 -1.048714e+01
-6.467441e+00 -1.114413e+01
-7.448700e+00 -7.494810e+00
9.962334e+00 -5.963691e+00
-7.931473e+00 3.173224e+00
8.253093e+00 -8.305459e+00
5.611797e+00 -2.316237e+00
-8.318854e+00 -9.479716e+00
-1.116038e+01 3.904808e+00
-1.050502e+01 -5.285288e+00
7.853507e+00 9.526510e+00
-7.359814e+00 -3.484775e+00
-7.808818e+00 -4.510477e+00
8.681664e+00 -4.980326e+00
1.071161e+01 1.619943e+00
2.583475e+00 -1.293881e+00
-6.501586e-01 2.394555e+00
8.566122e+00 2.717146e-01
-8.311282e+00 4.312084e+00
9.907789e+00 -1.266505e+00
-7.391048e+00 -1.352515e+00
2.165180e+00 4.534255e+00
-5.617473e+00 -6.474950e+00
-7.965564e+00 5.309311e+00
-1.866270e+00 6.781619e+00
3.737357e+00 1.033596e+01
6.032148e+00 -8.130580e+00
7.255682e+00 -1.018851e+01
-9.193842e-01 -9.694242e+00
-1.061990e+01 1.713425e+00
4.269251e+00 -5.576649e+00
-1.033696e+01 -7.548386e+00
-5.891045e+00 -2.870054e+00
-7.961126e+00 9.322299e+00
6.419759e+00 -5.775480e+00
5.743228e+00 6.497046e+00
1.005748e+01 2.573831e+00
-7.801607e-04 6.427820e+00
2.672200e+00 3.576944e+00
-6.670022e-01 4.566882e+00
1.048766e+01 4.885015e+00
-1.017518e+01 -2.979188e+00
-1.983043e+00 5.651580e+00
6.361530e+00 -6.922781e+00
1.075110e+01 -5.227447e+00
3.771949e+00 -1.092019e+01
-9.456544e+00 -5.115716e+00
7.380110e+00 4.183280e+00
2.140481e+00 -4.542572e+00
5.841669e+00 9.638605e+00
4.978962e+00 1.221891e+00
9.211443e+00 -9.349137e+00
-6.281741e+00 5.190170e+00
3.307613e+00 -6.516148e+00
-1.377261e+00 2.946615e-01
-6.433938e+00 -1.826491e+00
-2.309502e+00 -1.190710e-01
-2.882175e+00 2.820952e+00
8.899400e+00 3.616275e+00
9.999255e+00 6.013620e+00
2.539677e+00 -2.699372e-01
7.421547e+00 7.435870e+00
-4.058893e+00 -8.669411e-02
-8.972060e+00 3.465190e+00
-9.754571e+00 -8.422184e+00
-1.007650e+01 3.880279e+00
3.234535e+00 7.829317e+00
-1.044633e+01 -9.151161e+00
-1.115925e+01 -6.167555e+00
-9.109671e-01 -7.619012e+00
-6.570890e+00 7.771658e+00
-1.946475e+00 -7.459250e+00
-1.052706e+01 4.951359e+00
-5.902777e+00 -4.145962e+00
-6.162754e+00 -7.381423e+00
1.013912e+01 -2.358894e+00
-4.909123e+00 2.496121e+00
-4.299736e-01 7.948884e-01
6.257673e+00 5.491720e+00
-1.117032e+01 9.025866e+00
-8.840508e+00 9.887314e+00
-8.704151e+00 2.445318e+00
-3.752806e+00 -7.588603e+00
9.365975e+00 4.659475e+00
-7.420334e+00 1.062451e+01
1.213561e+00 3.499433e+00
1.328372e+00 5.269613e+00
-2.918322e+00 7.687481e+00
-5.554525e+00 9.701674e+00
4.000359e+00 -3.720078e+00
1.067613e+01 -1.560965e-01
-6.937819e+00 -6.624478e+00
-6.832821e+00 9.087204e+00
-2.849996e+00 1.779871e+00
-9.457465e+00 1.840486e+00
7.181768e+00 -4.086308e+00
-4.917486e+00 -7.306585e+00
-9.930654e+00 9.401246e+00
9.789715e+00 6.563150e-01
-2.898423e-02 -7.137723e+00
5.537035e+00 8.591053e+00
-3.517568e+00 -3.488822e+00
7.343241e+00 6.842834e-01
1.691124e+00 7.371987e+00
3.797681e-01 7.375121e+00
-3.885278e+00 1.910681e+00
1.058388e+00 -6.884681e+00
-9.199692e+00 -1.060139e+01
-7.551074e+00 7.103922e+00
8.434107e+00 -2.843250e+00
-6.173456e+00 1.777178e+00
-8.257515e+00 -6.974678e-01
-4.619119e+00 -8.523302e+00
6.243296e+00 1.207320e+00
-8.814427e+00 -4.073118e+00
-5.651670e-01 -6.100747e-01
9.987260e+00 3.705675e+00
-7.094946e+00 5.914614e+00
-2.699737e+00 -9.440195e+00
3.792045e+00 2.875630e+00
7.500314e+00 5.329949e+00
-3.351166e+00 9.912999e+00
-3.664269e+00 1.115545e+01
9.399943e+00 8.103167e+00
-2.665220e+00 -2.749972e+00
-8.663790e-01 5.597155e+00
-7.550942e+00 1.574905e+00
5.874905e-01 -3.089474e+00
-8.453940e+00 -2.840549e+00
8.652818e+00 2.393248e+00
1.556922e+00 2.617914e-01
-2.464672e+00 -1.502066e+00
1.106546e+01 -1.095443e+00
5.052258e+00 4.137844e+00
-5.180894e+00 4.624084e+00
-2.912071e+00 6.579141e+00
2.183986e+00 -6.713153e+00
1.710475e+00 -5.609841e+00
8.413133e+00 7.699579e+00
8.317898e+00 4.699070e+00
-1.031869e+01 -4.048651e-01
6.469883e+00 3.424558e-02
1.191625e+00 -9.093381e+00
2.846465e+00 -1.038742e+01
-5.158737e+00 -1.698727e-01
-4.044532e-01 -8.492936e+00
5.439091e-01 4.325530e+00
-3.747366e+00 -9.655691e+00
-4.564722e+00 8.137369e+00
8.269300e-01 8.396727e+00
1.022150e+01 -1.117203e+01
-3.859567e+00 -6.454469e+00
-6.329142e+00 -5.701605e+00
-3.837104e-01 -1.058546e+01
-5.714647e+00 -1.060135e+00
9.426146e+00 -3.361007e-01
-1.626823e+00 -6.220429e+00
6.177599e+00 4.373944e+00
-4.980279e+00 3.655355e+00
-7.709867e+00 1.961072e-01
-7.675327e+00 -1.072678e+01
-3.442439e+00 -1.344293e+00
9.926282e-01 2.464549e+00
1.271651e+00 6.346487e+00
2.836561e+00 -5.367925e+00
1.403114e+00 -2.221169e+00
4.966265e+00 -8.469366e+00
6.926568e+00 1.089232e+01
5.420655e+00 -5.352305e+00
-3.956339e+00 3.098606e+00
7.801481e+00 -1.799661e+00
-1.485871e+00 -2.064480e+00
-2.869783e+00 -1.036893e+01
3.252474e-01 5.398869e+00
8.235304e+00 -4.019561e+00
1.145003e+00 1.155703e+00
-2.437931e+00 -8.330408e+00
-1.507424e+00 1.031994e+01
-1.759490e+00 2.372009e+00
-3.506312e-01 -2.228539e+00
4.611645e+00 -1.748984e+00
6.033805e+00 -1.055329e+01
-5.245972e+00 5.650833e+00
1.844803e+00 -1.093069e+01
5.228274e+00 5.106700e+00
1.891702e+00 -3.206342e+00
-5.713026e+00 -8.386308e+00
-3.186614e-01 8.480528e+00
-3.959448e+00 5.758638e+00
-4.420580e+00 9.542620e-01
-5.439223e+00 1.054178e+00
-1.740529e+00 -3.124510e+00
-4.871470e+00 -9.508898e+00
-4.841242e+00 -4.195097e+00
5.265054e+00 7.456670e+00
8.578344e+00 -9.932573e-01
5.732598e+00 -9.862810e-01
-7.274000e-01 7.305646e+00
-2.778833e+00 4.083904e+00
3.025707e+00 2.179308e+00
1.102094e+01 5.745856e+00
5.808454e+00 1.079450e+01
2.849597e+00 -7.701811e+00
3.682895e-01 -1.363817e+00
-2.375586e+00 9.805233e+00
-1.756925e+00 4.562009e+00
-4.650386e+00 -1.088915e+01
-4.697869e+00 9.224766e+00
6.851308e+00 9.780104e+00
-6.739798e+00 -4.767464e+00
2.073565e-01 1.658988e+00
4.000245e+00 6.923226e+00
-9.303540e+00 8.604338e+00
-7.505255e-01 3.426385e+00
4.640714e+00 -6.611004e+00
-2.815339e+00 -6.702731e+00
-5.421041e+00 -5.035880e+00
3.555881e+00 -8.685329e+00
4.604990e+00 6.072071e+00
1.101512e+00 -4.208915e+00
2.411374e+00 5.735308e+00
1.844517e-01 -6.006024e+00
5.197012e+00 -7.480351e+00
5.907267e+00 2.261140e+00
3.657226e+00 -4.626473e+00
-9.368494e+00 -2.219354e+00
7.176936e+00 -8.348185e+00
-9.274655e+00 -3.040428e-01
-1.912595e+00 -1.003546e+01
9.212863e+00 6.814222e+00
-2.564960e+00 -4.356942e+00
7.873437e+00 -9.330376e+00
7.558006e+00 -5.075994e+00
8.625164e+00 -6.943212e+00
-1.128680e-01 -4.222119e+00
-3.826208e+00 -4.904590e+00
4.569571e+00 -7.370120e-01
-1.582588e+00 -8.973828e-01
4.673375e+00 -2.813194e+00
2.784409e+00 9.660672e+00
9.330541e+00 1.012726e+01
8.105500e+00 6.597483e+00
1.801599e+00 -8.096723e+00
3.830310e+00 -9.758497e+00
3.462080e-01 9.897779e+00
4.729353e+00 1.071477e+01
1.486149e+00 -1.007621e+00
-7.314995e-01 -3.292279e+00
4.730832e-01 1.113600e+01
-1.110013e+01 2.927566e+00
-4.747178e+00 6.577504e+00
-1.222568e+00 -4.283602e+00
1.861026e+00 8.383019e+00
6.786341e+00 -1.158239e+00
2.404493e+00 -2.375954e+00
-3.477448e+00 -8.572481e+00
-4.675285e+00 -3.069835e+00
-9.458725e+00 -9.473929e+00
9.809533e+00 9.191374e+00
6.248414e-01 -8.131818e+00
3.118855e+00 6.646592e-01
-1.068176e+01 1.077460e+01
-8.419560e+00 -1.743014e+00
-6.221804e-01 9.663099e+00
-7.078654e+00 2.570488e+00
-4.458977e+00 1.029729e+01
4.837778e+00 -1.060913e+01
9.165278e+00 -2.091089e+00
6.249114e-01 -5.083710e+00
-4.699475e+00 -5.912778e+00
1.042234e+01 8.190065e+00
-9.910975e+00 -3.964508e+00
7.338079e+00 -3.084054e+00
1.048491e+01 1.011440e+01
-4.091553e+00 -2.207630e+00
-7.362567e+00 -5.680752e+00
-1.800761e+00 -5.131234e+00
-8.269885e+00 6.330139e+00
-6.013069e+00 6.553806e+00
4.188357e+00 5.017887e+00
-6.523435e+00 1.002291e+01
-8.473025e+00 -5.457871e+00
-5.443537e+00 1.069703e+01
-5.089977e-01 1.070755e+01
8.084766e+00 1.357260e+00
1.086306e+01 -9.495334e+00
-3.958431e+00 7.378991e+00
8.276339e+00 -1.029807e+01
-8.501851e+00 1.082870e+01
9.829087e+00 -1.019229e+01
6.166827e+00 -4.455184e+00
2.065203e+00 2.774553e+00
6.674194e+00 8.649251e+00
9.451451e+00 1.608643e+00
3.824651e+00 3.893338e+00
1.271287e+00 9.364817e+00
-2.431282e+00 8.795197e+00
1.923313e-01 3.025119e+00
6.310817e+00 7.660690e+00
9.458461e+00 -3.254738e+00
5.226630e+00 -3.687059e+00
-2.394668e+00 1.084505e+01
2.718450e+00 6.818716e+00
-7.553155e+00 8.203645e+00
-1.379846e+00 -1.096386e+01
1.803952e+00 1.030097e+01
-1.003855e+01 -6.330954e+00
6.617573e+00 -2.194767e+00
1.033540e+00 -1.040815e+01
-6.895148e+00 -8.693422e+00
-9.037058e+00 -6.282366e+00
1.115943e+01 -1.064133e+01
4.337062e+00 4.000998e-01
2.125304e+00 1.655148e+00
-9.802630e+00 6.957519e-01
-1.268192e+00 1.420921e+00
1.109431e+01 -7.141417e+00
-1.403220e+00 8.944651e+00
-3.529580e+00 8.877032e+00
6.784403e+00 6.571045e+00
7.746890e+00 8.481715e+00
1.117410e+01 -8.396872e+00
7.903110e+00 1.053889e+01
3.122449e+00 4.930097e+00
-1.086550e+01 7.983586e+00
4.354191e+00 8.004074e+00
-1.019373e+01 -1.022173e+01
3.529216e+00 8.799310e+00
-9.266491e+00 -7.314719e+00
1.001662e+01 -7.055064e+00
-6.687207e+00 -2.652155e-01
1.071621e+01 -3.165212e+00
-1.453002e+00 -8.718866e+00
7.529806e+00 -7.355022e+00
3.852811e+00 1.405905e+00
3.512463e+00 -8.253800e-01
1.009565e+01 -8.752992e+00
9.087234e+00 -1.115922e+01
8.991155e+00 5.732051e+00
-7.232817e+00 -2.480807e+00
-1.880032e+00 7.890387e+00
5.030153e-01 -2.184798e-01
1.113512e+01 -2.090929e+00
-9.256486e+00 6.841154e+00
-6.421493e-01 -5.149084e+00
3.956845e+00 -7.567207e+00
8.729289e+00 8.795154e+00
2.722046e+00 1.074221e+01
-3.834629e+00 4.124517e+00
3.444327e+00 5.987312e+00
1.031463e+01 7.211118e+00
-3.178579e+00 5.045106e+00
9.378443e+00 -7.982089e+00
-2.985430e+00 -5.590933e+00
-1.094123e+01 -4.199408e+00
-2.321539e+00 8.601628e-01
7.572987e+00 -6.330904e+00
-9.537531e+00 4.843287e+00
4.776648e+00 9.220626e+00
2.911400e+00 -3.642505e+00
-6.092050e+00 -9.466414e+00
-7.082186e+00 3.756834e+00
8.808005e+00 -5.933708e+00
-9.186349e+00 5.837198e+00
-5.664572e+00 8.467790e+00
