9.326797e+00 1.067084e+01
-8.080380e+00 -1.074942e+01
8.740707e+00 6.378739e+00
2.251830e+00 -6.330897e+00
-4.795300e+00 5.741701e+00
1.006443e+01 -9.463084e+00
9.936515e+00 5.248746e-01
8.964657e+00 1.356991e+00
8.844849e+00 3.676465e-01
-1.012170e+01 8.418936e-01
-4.628285e+00 1.088849e+01
1.094671e+01 5.276117e+00
-5.906954e+00 -5.791755e+00
5.404969e+00 5.062911e+00
-6.217659e+00 3.986290e+00
2.766298e+00 7.106576e+00
-4.504054e+00 -3.270750e+00
1.110510e+01 -6.468139e+00
8.852540e+00 -9.720570e+00
-9.576698e+00 8.570482e+00
5.353396e+00 -1.083734e+01
5.969943e+00 -4.545710e+00
3.215879e+00 -6.658262e+00
-9.997710e-01 -8.595277e-01
5.270947e+00 -6.031018e-01
1.102310e+01 6.393136e+00
-4.128534e+00 1.356943e+00
-7.190302e+00 -9.910474e+00
-9.834294e+00 -1.530531e+00
-7.821061e+00 9.781421e+00
1.461095e+00 -1.031896e+01
5.493639e+00 5.513010e-01
-6.250847e+00 -3.730463e+00
-1.101073e+01 -1.855431e+00
-2.342035e+00 4.696820e+00
-5.974428e+00 -6.926454e+00
8.922606e+00 -6.264173e+00
8.968400e+00 4.583199e+00
-1.055070e+01 -4.388665e+00
-1.009499e+01 4.151167e+00
5.569422e+00 8.144369e+00
1.056115e+01 2.567048e+00
9.410775e+00 8.356070e+00
-1.081483e+01 3.171360e+00
-7.208012e+00 -5.318514e+00
7.666394e+00 7.963566e+00
-2.288722e+00 -5.593253e+00
-6.818906e+00 -6.275936e+00
7.032167e+00 -4.588079e+00
-1.100968e+01 -5.441333e+00
4.758926e+00 -4.566429e+00
-1.954750e-01 4.091469e+00
-9.085431e+00 1.235287e+00
1.110239e+01 4.188315e+00
-7.296665e+00 1.033433e+00
-7.439167e+00 -7.249775e-01
8.930280e-01 3.908039e+00
-1.140412e+00 5.107863e-01
-9.138528e+00 5.194371e+00
-5.909344e+00 6.136374e+00
-1.674175e+00 -8.840019e+00
6.862502e+00 -7.904646e+00
7.813851e+00 -1.002981e+01
1.017414e+00 7.167221e+00
-4.398935e+00 -7.373631e-01
3.710620e+00 -8.820010e+00
6.562507e+00 -2.287012e+00
1.103289e-01 7.882209e-01
-9.592572e+00 7.343701e+00
4.529860e+00 -5.719092e+00
4.498842e+00 9.604040e+00
-8.329939e+00 4.649492e+00
-4.219896e+00 4.850445e+00
-1.875418e+00 6.989010e+00
-4.410104e+00 9.221967e+00
3.153980e+00 8.185561e+00
-1.019886e+01 -2.561514e+00
-4.888922e-01 1.730641e+00
4.559652e+00 -1.452996e+00
-9.485676e+00 -4.535184e+00
2.265947e+00 1.114585e+01
-5.153262e+00 -4.416444e+00
5.819073e+00 9.202431e+00
-3.674531e+00 -8.782326e+00
1.671552e+00 -9.127820e+00
2.614384e+00 1.450218e+00
7.499283e+00 6.838710e+00
-8.122432e+00 5.956108e+00
-1.202464e+00 -4.849811e+00
4.310220e+00 -6.791366e+00
1.063272e+00 -1.351146e+00
-2.578696e-01 -7.717347e+00
4.935188e+00 1.603040e+00
5.133996e+00 6.056715e+00
9.054178e+00 3.540375e+00
1.963199e+00 -7.272919e-01
6.647057e+00 9.902502e+00
-2.132847e+00 5.716441e+00
-8.781856e+00 3.692212e+00
-9.335576e+00 -6.411754e+00
4.086771e+00 2.795185e+00
9.831080e-01 8.298046e+00
-8.987944e+00 -2.819146e+00
6.856952e+00 -9.549533e+00
-2.898047e+00 -4.531155e+00
-7.470302e+00 1.079751e+01
-1.530522e+00 1.029061e+01
-9.155029e+00 6.253921e+00
-6.642622e+00 1.840400e+00
-7.458148e+00 -4.226124e+00
-5.386960e+00 -1.341842e+00
-7.850139e+00 -2.113505e+00
7.076622e+00 -3.570096e+00
3.970256e+00 7.410527e+00
9.860488e+00 9.229098e+00
9.848075e+00 -8.105170e+00
-2.397800e+00 2.617231e+00
-8.080866e-01 -9.787399e+00
1.023346e+01 1.571458e+00
-8.530038e+00 1.059014e+01
2.034448e+00 3.064078e+00
-4.774473e-02 6.670852e+00
-8.596900e+00 8.863750e+00
-9.153177e+00 -1.088423e+01
9.496791e-01 -2.443790e+00
8.032681e+00 -1.598041e+00
-7.324850e+00 -8.928367e+00
1.091689e+01 -8.569757e+00
6.659659e-01 1.692645e+00
9.141777e+00 -5.214029e+00
8.163153e+00 -3.578537e+00
-9.740652e+00 1.069991e+01
-1.040386e+01 -1.063570e+01
1.059822e+01 -4.040191e-01
-2.362609e-01 -6.620767e+00
6.130652e+00 1.088256e+01
-2.883620e+00 2.989080e-01
-9.748742e+00 3.159908e+00
2.078024e+00 5.413304e+00
-1.398027e+00 4.204887e+00
-6.559564e+00 1.026221e+01
8.120301e-01 -7.450303e+00
1.074103e+01 -1.059933e+01
-8.120999e+00 1.667128e+00
9.998109e+00 -3.370050e+00
-6.804765e+00 9.286659e+00
-6.675988e+00 2.951315e+00
-4.799592e+00 -1.049308e+01
6.024768e+00 -1.397018e+00
-4.449592e+00 -1.890156e+00
3.145456e+00 -1.476818e+00
-7.188344e+00 -3.172777e+00
-5.981713e+00 8.712518e+00
-5.360242e+00 -8.309785e+00
5.584513e+00 3.862450e+00
8.541153e+00 9.780952e+00
-5.719849e+00 -9.963484e+00
-2.535649e+00 1.105315e+01
-1.063791e+01 7.455482e+00
3.347726e+00 6.847580e-01
2.338465e+00 4.393230e-01
-5.522348e+00 2.888065e+00
-1.377928e+00 -7.809254e+00
-3.498571e+00 -2.812134e+00
7.825935e+00 1.083400e+00
7.711536e+00 -2.650756e+00
-3.389743e+00 -6.473929e-01
-1.100001e+01 -3.236525e+00
1.792699e+00 6.547787e+00
-6.018397e+00 7.393915e+00
-4.514189e+00 2.385433e+00
-2.681261e+00 -8.250320e+00
1.259784e-01 8.911508e+00
6.107251e+00 2.931284e+00
4.078725e+00 6.430949e+00
-5.286523e+00 -2.533540e+00
-9.904183e+00 1.860686e+00
3.791995e-01 -9.246853e+00
2.028473e-01 -1.033492e+01
6.892942e-02 -3.292757e+00
-8.518964e-01 9.508847e+00
1.741516e+00 -4.308953e+00
-2.616243e+00 -9.547437e+00
-4.424262e+00 3.676037e+00
3.238239e+00 4.752611e+00
-7.889887e+00 8.185011e+00
-3.915547e+00 -6.484876e+00
-4.423390e+00 -5.156569e+00
-1.800971e+00 -1.047344e+01
1.298238e+00 7.575515e-01
1.103902e+01 6.607075e-01
-4.987939e+00 5.921876e-01
7.249065e+00 5.806579e+00
-5.205107e+00 4.556745e+00
-2.110544e+00 1.057946e+00
1.003356e+01 -6.932022e+00
-1.191187e+00 5.252142e+00
1.820529e+00 2.070481e+00
-2.300228e+00 3.644646e+00
2.452847e+00 -9.990364e+00
8.292132e+00 -5.673659e-01
1.979154e+00 -7.414452e+00
6.636309e+00 -6.767845e+00
3.552622e+00 -7.805747e+00
-5.660677e+00 -4.018308e-01
9.338582e+00 -7.326702e-01
2.668787e+00 -2.811884e+00
-8.407716e+00 -8.529997e+00
8.430317e+00 -1.082068e+01
-9.471164e+00 -3.538367e-02
-8.790187e-01 -5.772008e+00
-1.585315e+00 -3.788916e+00
-3.456044e+00 -7.589947e+00
8.693780e-01 6.126888e+00
-4.112420e-01 -4.153490e+00
3.782813e+00 -2.390495e+00
9.034695e+00 -4.150116e+00
-1.104317e+01 1.881855e+00
1.994902e+00 7.783620e+00
5.014855e+00 7.087047e+00
3.882754e+00 -3.372916e+00
-6.719983e+00 -7.851416e+00
-8.521178e+00 7.265190e+00
-3.307432e+00 4.295215e+00
-1.402177e+00 3.104261e+00
-3.100477e+00 1.762501e+00
-2.755656e+00 -3.572589e+00
-1.037822e+01 9.732479e+00
-3.398721e+00 -1.727179e+00
4.631811e+00 -1.018938e+01
-6.304779e+00 -2.523755e+00
1.032682e+01 3.575171e+00
-3.289186e+00 9.143936e+00
-1.453145e+00 2.041067e+00
6.397601e+00 -1.635814e-01
-1.026951e+01 6.427845e+00
4.542662e+00 8.391024e+00
4.306601e-01 1.029019e+01
-9.268368e-01 -2.862285e+00
-4.636347e+00 -9.368470e+00
2.002889e+00 4.189052e+00
-6.240910e+00 -9.096430e+00
-2.907763e+00 6.416481e+00
7.952942e+00 1.063039e+01
-2.391271e+00 -1.269167e+00
6.602500e+00 1.137690e+00
8.086573e+00 -4.670119e+00
-7.074024e+00 5.966011e+00
2.804621e+00 -3.928765e+00
7.575675e+00 -5.798635e+00
-1.523934e-01 -2.122844e+00
-2.803716e+00 -6.829841e+00
3.321183e+00 -1.093515e+01
3.548370e+00 -9.926268e+00
1.240119e+00 -6.470300e+00
-3.867372e+00 6.999479e+00
1.311292e-01 -5.269261e+00
6.536974e+00 -5.644007e+00
4.230547e+00 -3.347632e-01
7.011009e+00 -1.021354e+00
-7.660479e+00 -7.316609e+00
8.407445e+00 8.742749e+00
-5.579524e+00 1.409002e+00
-4.565376e+00 -7.435410e+00
6.321098e+00 6.376649e+00
-1.271661e-01 -2.008476e-01
6.809937e+00 8.565868e+00
6.064861e+00 -3.397172e+00
5.848874e+00 -9.873177e+00
5.537301e+00 -5.594566e+00
-4.953711e+00 -6.172124e+00
9.297699e+00 2.384816e+00
3.466412e+00 -5.635339e+00
-3.794155e+00 1.016334e+01
4.970025e+00 -9.100781e+00
7.586561e+00 9.451902e+00
7.674219e+00 4.506354e+00
1.105666e-02 7.696479e+00
6.077088e+00 -8.811848e+00
2.630043e+00 1.010533e+01
7.728554e+00 -8.932514e+00
9.664725e-01 -2.359137e-01
2.681339e+00 -8.649568e+00
-2.843865e+00 7.572983e+00
-8.573178e+00 -7.562235e-01
-6.060293e+00 5.135230e+00
-1.986560e+00 -2.993702e-01
-9.918528e-01 7.520084e+00
8.183273e+00 2.438381e+00
1.955353e+00 -1.841634e+00
-5.962254e-01 1.096993e+01
-2.469521e+00 -2.448983e+00
6.491845e+00 5.068664e+00
-6.849644e+00 8.092875e+00
1.210546e+00 1.096632e+01
-1.035969e+01 -4.643104e-01
9.752241e+00 7.020085e+00
-6.186688e+00 -4.718647e+00
-5.318093e+00 9.922017e+00
-7.601406e+00 3.615956e+00
-9.503325e+00 -8.583278e+00
7.930183e+00 -7.895080e+00
7.431187e+00 8.655660e-02
-1.802840e+00 -6.574259e+00
-6.469148e+00 -1.308397e+00
7.886143e+00 3.515847e+00
9.606310e+00 -1.068437e+01
8.983188e+00 -2.891344e+00
1.063831e+01 8.545595e+00
-1.784853e-01 2.743971e+00
-8.947265e+00 -7.535194e+00
1.550824e+00 -5.334445e+00
-7.404682e+00 6.960029e+00
-3.871429e+00 8.073771e+00
3.143889e+00 5.798151e+00
-1.030452e+01 -9.194370e+00
7.929123e+00 -6.858552e+00
-8.255264e+00 -6.467500e+00
-2.309963e+00 8.652278e+00
-8.200083e+00 5.023046e-01
-8.745843e+00 -5.373586e+00
-5.008117e+00 7.797691e+00
5.777272e+00 -7.754009e+00
-1.032225e+01 -6.901464e+00
8.607170e+00 7.530200e+00
1.777418e+00 -3.337801e+00
4.402655e+00 5.120432e+00
5.124776e+00 2.594256e+00
9.604371e+00 5.790265e+00
9.718239e-01 4.927099e+00
5.181931e+00 1.034666e+01
-3.635466e+00 -1.089349e+01
5.940389e-01 -4.300794e+00
6.980023e+00 -1.092704e+01
9.167301e+00 -1.788780e+00
1.025345e+01 -4.784570e+00
-3.410844e+00 -5.503912e+00
-2.472262e+00 9.845606e+00
-6.620735e+00 -1.087664e+01
1.105402e+01 -9.576386e+00
-8.223426e-01 8.526740e+00
-8.830820e+00 -1.783337e+00
3.144158e+00 -4.047011e-01
-3.188258e+00 5.342460e+00
8.798543e+00 -8.542442e+00
-1.039211e+01 -7.987030e+00
1.094610e+01 9.564876e+00
6.014951e+00 1.955774e+00
7.876610e-02 5.575221e+00
-8.438522e+00 -3.691159e+00
3.220141e+00 3.613463e+00
4.732795e+00 -8.028001e+00
-8.336803e+00 -9.628851e+00
-9.236734e+00 9.818093e+00
3.475112e+00 9.154043e+00
6.755558e+00 3.986119e+00
-9.906418e+00 -3.535550e+00
6.659114e+00 7.480152e+00
4.444542e+00 7.269628e-01
8.210135e+00 5.444314e+00
3.608397e+00 1.037877e+01
1.069255e+01 7.504019e+00
-1.016814e+00 6.352994e+00
1.056424e+01 -2.501875e+00
1.098043e+01 -7.539964e+00
-3.967568e+00 2.098220e-01
1.041234e+01 1.065264e+01
-9.366089e+00 -9.826102e+00
-9.880916e+00 -5.456252e+00
4.861953e+00 -2.465514e+00
2.558915e+00 -5.053787e+00
9.057216e+00 -7.407220e+00
-1.084744e+01 1.070287e+01
4.598670e+00 3.943739e+00
-3.269712e+00 3.198308e+00
-5.581510e+00 -1.115192e+01
2.976719e+00 2.472953e+00
-3.920779e+00 -4.240662e+00
1.000430e+01 4.677593e+00
-5.851436e-01 -8.714494e+00
4.311220e+00 1.113723e+01
7.118951e+00 2.209572e+00
1.378922e+00 9.816481e+00
-4.874506e+00 6.750307e+00
2.082249e+00 8.940279e+00
-1.060474e+01 8.695770e+00
3.872868e+00 1.664867e+00
1.016400e+01 -5.918756e+00
-1.188829e+00 -1.905653e+00
-6.446475e+00 3.670491e-01
9.695257e-01 2.816664e+00
4.992711e+00 -3.580833e+00
-1.022395e+01 5.248423e+00
5.465736e+00 -6.747081e+00
1.000558e+00 -8.421321e+00
1.024388e+01 -1.534029e+00
-7.236658e+00 4.528717e+00
3.678847e+00 -4.421453e+00
-8.287898e+00 2.716809e+00
-3.764586e+00 -9.847951e+00
