1.107643e+01 -8.769425e+00
-9.361018e+00 8.242959e+00
-1.720011e+00 7.623671e+00
-7.163690e+00 -3.869901e-01
8.185828e+00 3.823273e+00
-9.379405e+00 -3.796105e+00
9.919648e+00 8.994582e-01
-7.251172e+00 8.485828e+00
9.574941e+00 -3.681873e+00
7.769524e+00 -1.000181e+00
-7.138548e-01 9.215699e+00
9.679402e+00 5.675773e+00
8.786975e+00 2.168081e-01
7.228334e+00 1.977708e+00
-7.676604e+00 2.784981e+00
2.404753e+00 2.440873e+00
1.016743e+01 3.772981e+00
-8.989143e+00 -1.034906e+01
-6.041614e+00 -7.426379e+00
-4.130021e+00 -8.521712e+00
-8.076946e+00 -8.685055e+00
-9.302440e+00 -6.997175e+00
6.367178e+00 -6.776137e+00
9.881018e+00 -1.973981e-01
5.409902e+00 -6.814187e-01
1.070737e+01 5.621298e+00
-5.673473e+00 -1.100212e+00
6.418396e+00 -9.174780e+00
7.147472e+00 -1.892497e+00
1.088928e+01 4.495315e+00
-4.581309e+00 7.631074e+00
5.642520e+00 -3.776001e+00
-9.752256e+00 2.559660e+00
1.086178e+01 8.488684e+00
-1.735678e+00 2.912408e+00
-1.020678e+01 9.857309e+00
-1.035282e+01 -6.790682e+00
-3.151747e+00 1.090410e+01
-8.562767e+00 -4.461930e+00
-4.730305e+00 6.336830e+00
-6.827128e+00 -6.610749e+00
-1.026942e+01 -2.061521e+00
-6.934164e+00 -8.967173e+00
-6.699524e+00 9.666884e+00
-8.948827e+00 -8.107040e+00
9.762958e+00 8.040393e+00
1.039575e+01 2.658176e+00
-1.045508e+01 -1.025952e+00
8.576267e+00 -4.262526e+00
-1.111792e+01 3.571838e+00
6.010452e+00 5.143216e+00
-5.269515e+00 -7.309325e-02
4.285201e+00 2.264505e+00
-9.511395e+00 5.201632e+00
5.804165e+00 2.443112e-01
-8.738600e+00 1.843885e+00
-2.892341e+00 5.462140e+00
-4.598501e+00 7.227045e-01
-7.022235e+00 6.452041e+00
-5.080762e+00 8.522666e+00
7.425227e+00 -8.804382e+00
6.256547e+00 1.009496e+01
9.463547e+00 -1.046524e+01
-3.999962e+00 -1.082027e+01
-1.087018e+01 2.606024e+00
-1.091130e+01 -3.112435e+00
-8.004967e+00 -7.331001e+00
-9.031412e+00 6.051314e-01
1.013668e+01 -5.458467e+00
8.472152e+00 -1.751566e+00
-4.985284e+00 3.482196e+00
6.161866e+00 -1.318167e+00
-3.426867e+00 -1.287999e+00
3.122542e-01 5.138513e+00
-2.678572e+00 8.162321e+00
3.407219e+00 4.240310e+00
-7.421307e+00 -1.462151e+00
-6.524098e+00 7.392956e+00
-9.728789e+00 -4.754165e+00
-4.522081e+00 9.433185e+00
2.779221e+00 -9.183680e+00
-7.906944e+00 -6.053235e+00
7.255873e-01 7.209264e+00
1.069585e+01 -7.753170e+00
1.086036e+01 -6.723315e+00
9.082134e+00 -9.755633e-01
-4.567236e+00 -5.955174e+00
-3.667886e+00 2.703937e+00
7.876257e+00 -7.452392e+00
6.696302e+00 -5.442980e+00
-8.351803e+00 -8.233254e-01
-3.352953e-01 -2.779149e+00
-3.069545e+00 3.042352e-01
1.186133e+00 1.949462e+00
9.314953e+00 7.041564e+00
3.658628e+00 -2.752333e+00
1.025973e+01 6.578016e+00
-6.275389e+00 6.611713e-01
-7.599281e+00 5.460824e+00
1.055245e+01 -4.359501e+00
-1.012402e+01 1.568868e+00
3.455036e+00 -1.008053e+01
-6.957739e+00 -7.834788e+00
-7.232761e+00 -5.267315e+00
-2.796253e+00 -1.043532e+01
-1.017628e+01 -7.856468e+00
-2.669414e+00 -5.413775e+00
7.123567e+00 8.429861e-01
-6.458027e+00 -4.447429e+00
-8.360970e+00 -3.436293e+00
-9.585690e+00 -4.379867e-01
-2.930360e+00 -2.715989e+00
7.187837e-03 -9.363741e-01
-3.565696e+00 1.322123e+00
5.965306e+00 7.412098e+00
1.080108e+01 7.512810e+00
-5.259976e+00 5.536617e+00
-5.966996e+00 -9.507214e+00
-8.726984e+00 7.233869e+00
-9.264527e+00 9.481227e+00
-2.639892e+00 2.148348e+00
-5.965936e+00 6.370503e+00
-3.846794e-01 -8.208753e+00
-5.006572e+00 -9.018125e+00
4.805251e+00 -5.256844e+00
-4.123496e+00 -7.084180e+00
-3.220219e+00 -7.657163e+00
-8.483340e-01 1.087997e+01
-7.475261e+00 1.238232e+00
-8.712605e+00 2.895040e+00
5.544581e+00 -6.098974e+00
-3.670253e+00 -5.396886e+00
-8.077566e+00 3.727025e+00
8.438237e+00 5.908857e+00
-1.432138e+00 1.004004e+01
3.808024e+00 7.592066e+00
2.617274e+00 -1.774829e+00
2.312659e+00 4.836789e+00
-1.925910e+00 5.000500e+00
4.616279e-01 6.210568e+00
-7.570754e+00 7.408899e+00
-1.634236e+00 8.681070e+00
-4.781633e+00 -1.002528e+01
-6.958625e+00 -1.005924e+01
-5.702812e+00 -5.932630e+00
-3.623841e+00 8.818570e+00
-6.474899e+00 -1.897404e+00
-7.937344e-02 -4.018292e+00
-5.109674e+00 -2.167922e+00
-7.955000e+00 3.198180e-01
-2.135396e+00 -1.880823e+00
-3.906327e+00 -2.233020e+00
-6.572609e+00 5.320348e+00
-3.165755e+00 -6.319652e+00
-1.393404e+00 1.847763e+00
-7.055607e-01 2.645672e+00
-4.942906e+00 -7.896280e+00
-6.227009e+00 8.518373e+00
1.887022e-01 4.007791e+00
-2.304987e+00 -3.563100e+00
-5.524785e+00 7.305431e+00
-7.233260e+00 4.514403e+00
5.810197e+00 -8.098663e+00
-4.594440e+00 -3.083634e+00
-1.020224e+01 4.336676e-01
-2.199771e+00 1.166577e+00
-1.939751e+00 3.992299e+00
-6.108075e+00 -3.180399e+00
-6.934562e+00 2.146965e+00
-2.753904e+00 3.276359e+00
-5.580893e-01 8.135458e+00
4.170846e+00 -7.134547e+00
-1.308153e+00 -7.475692e+00
-1.527565e-01 9.532504e-02
-8.274492e+00 6.248684e+00
-1.764767e+00 2.827663e-01
1.411356e+00 4.302978e+00
1.669222e+00 -9.672895e+00
7.551075e+00 1.037661e+01
-4.092267e+00 -1.633081e-01
2.650932e-01 -9.558910e+00
-2.956429e+00 4.351942e+00
-5.710820e-01 -5.070428e+00
-5.500346e+00 9.557817e+00
-1.116580e+01 -1.032155e+01
4.312564e+00 -1.088080e+01
-1.644314e+00 -1.048983e+01
-3.586076e+00 -9.787167e+00
-1.949415e+00 -9.147838e+00
-1.030261e+01 4.431904e+00
1.078861e+01 -9.890137e-01
-3.058716e+00 -4.410170e+00
-6.617201e+00 3.323781e+00
-5.540400e+00 1.360636e+00
4.127823e+00 1.163321e+00
8.222557e+00 6.986114e+00
1.498228e+00 -2.420737e+00
2.214762e+00 1.100834e+01
1.468187e+00 3.230991e+00
9.583774e+00 -7.525950e+00
3.502089e+00 -5.085818e+00
3.303944e+00 1.095599e+01
7.595246e+00 8.332794e+00
-9.652108e+00 -2.805486e+00
-3.636837e+00 7.535715e+00
7.296175e+00 5.186627e+00
3.168962e+00 -8.048018e+00
-1.226968e+00 -6.237327e+00
1.539595e+00 -8.227278e+00
-1.183599e+00 -3.921115e+00
2.097761e+00 1.379790e+00
-3.098959e+00 -8.844073e+00
4.491336e-01 1.090065e+01
-5.470587e+00 2.511547e+00
2.494616e+00 -1.032965e+01
2.385291e+00 -4.540183e-01
4.584978e+00 4.338273e+00
-6.248523e-01 4.719423e+00
4.375489e-01 8.172002e+00
-1.523479e+00 -8.133796e-01
3.471101e+00 9.937194e+00
-9.068613e+00 -9.237461e+00
2.403750e+00 9.996884e+00
-3.225229e+00 9.895948e+00
6.640939e+00 -4.189141e+00
-1.343331e+00 -2.816137e+00
5.812308e+00 -4.815117e+00
-4.291342e+00 -4.393357e+00
8.326529e+00 1.148454e+00
2.502063e+00 3.798103e+00
5.331016e-01 8.434568e-01
-1.379187e-01 1.751803e+00
-8.962803e-02 1.002655e+01
-4.854689e+00 4.530844e+00
5.547258e-01 -1.969790e+00
6.898893e+00 4.187955e+00
6.353090e+00 2.621993e+00
4.483590e+00 -9.858418e+00
4.467235e+00 -8.077323e+00
-7.498869e-01 -9.153045e+00
-2.315664e+00 9.392003e+00
1.328326e+00 1.005413e+01
-2.645439e+00 6.964414e+00
5.211600e+00 8.093565e+00
-5.176369e+00 -6.794565e+00
-2.585222e+00 -5.671433e-01
6.886677e+00 9.355237e+00
6.295694e-01 -8.603979e+00
1.108038e+01 1.551665e+00
1.109289e+01 -5.484404e+00
2.352368e+00 -4.783225e+00
1.821024e+00 -3.770169e+00
6.255375e+00 -1.094527e+01
4.701367e+00 1.633785e-01
7.935201e-01 9.169024e+00
-7.991933e-01 9.616296e-01
3.236139e+00 -4.031829e+00
1.043415e+01 -9.641072e+00
1.036276e+01 9.401563e+00
2.212226e+00 -7.217415e+00
7.332189e+00 3.202055e+00
8.589572e+00 -5.745654e+00
-5.308344e+00 -3.978225e+00
-4.357998e+00 1.052161e+01
9.393059e+00 4.450838e+00
5.280796e+00 -7.107235e+00
7.945915e+00 -2.698241e+00
8.704520e+00 -6.858078e+00
6.887807e+00 -4.925358e-01
2.229761e+00 -6.140404e+00
-3.585620e+00 -3.503243e+00
1.668105e+00 3.606063e-01
1.087842e+01 2.589529e-01
4.357941e+00 3.345766e+00
5.036783e+00 6.903458e+00
2.126089e+00 6.001994e+00
2.840613e+00 6.845735e+00
2.566744e+00 7.863685e+00
8.194826e+00 9.306721e+00
3.347057e+00 3.124953e+00
6.530370e+00 8.341008e+00
1.659231e+00 -1.303815e+00
5.245845e+00 1.106031e+01
8.490790e-01 -1.045770e+01
8.288979e+00 4.813314e+00
-1.900732e+00 1.094860e+01
5.142992e-01 -7.623342e+00
6.880287e+00 -7.910473e+00
7.551488e+00 -3.709299e+00
4.046633e+00 -6.020784e+00
1.089811e+00 -5.290276e+00
2.563841e+00 -3.040087e+00
4.222649e+00 9.032778e+00
3.839897e-01 2.657092e+00
2.869960e+00 9.052475e+00
-4.430995e+00 -1.329173e+00
9.674295e+00 1.012978e+01
5.326107e+00 2.600110e+00
-9.194689e-01 5.766016e+00
-1.057763e+01 5.491910e+00
8.479122e+00 -1.070139e+01
1.026132e+01 -1.113746e+01
3.664481e+00 -1.289203e-02
5.805448e+00 -2.524813e+00
4.045980e+00 -1.818938e+00
3.319427e+00 -9.733837e-01
9.311132e+00 -9.358891e+00
9.057349e+00 -2.767032e+00
3.138782e+00 1.643578e+00
-5.169624e+00 -5.088626e+00
-7.120464e+00 -2.753124e+00
1.830251e-01 -5.766186e+00
-7.967974e+00 9.498491e+00
-7.967315e+00 -1.072959e+01
1.762145e+00 6.980711e+00
-1.073459e+01 6.489694e+00
-5.182842e+00 -1.100766e+01
-8.526179e+00 1.049873e+01
5.690324e+00 9.180035e+00
3.520214e+00 5.355611e+00
8.678115e+00 1.059426e+01
-1.034491e+01 8.782125e+00
-7.960738e+00 -9.678631e+00
9.220995e+00 9.070438e+00
8.635044e+00 -8.317925e+00
7.265389e+00 -9.840837e+00
-4.522416e+00 1.931996e+00
5.509975e+00 -1.004771e+01
2.847088e+00 5.750165e-01
-6.145414e+00 4.309997e+00
4.013089e+00 6.445876e+00
-1.856378e-01 -1.065544e+01
-3.943594e+00 3.688246e+00
-9.363637e-01 3.696515e+00
5.201417e+00 -1.694208e+00
3.839832e+00 -8.982227e+00
-2.358193e+00 -6.992270e+00
-2.015925e+00 6.139654e+00
-1.034370e+01 7.694747e+00
-3.869116e-01 -6.863068e+00
9.958162e+00 -8.638149e+00
-7.504035e+00 -3.986776e+00
9.862644e+00 -1.951110e+00
1.535862e+00 8.065651e+00
-9.009534e+00 -5.947435e+00
-9.222997e+00 -1.547756e+00
-1.017389e+01 -8.951076e+00
6.713847e+00 -3.072216e+00
7.817255e-01 -3.275321e+00
1.099273e+01 -2.156715e+00
9.802588e-01 -4.041751e-01
7.780626e+00 -1.716964e-02
-2.275167e+00 -8.182166e+00
-7.051039e-01 7.127836e+00
5.826979e+00 4.174520e+00
6.027956e+00 6.322196e+00
-5.968817e+00 -8.425274e+00
5.068492e+00 5.447818e+00
-4.004322e+00 5.248331e+00
-9.554587e+00 1.085918e+01
8.258114e+00 -9.425070e+00
9.609105e+00 -6.345222e+00
7.389323e+00 -1.085407e+01
-1.066434e+01 1.103007e+01
1.041707e+01 -3.102090e+00
9.276945e+00 1.963297e+00
9.055427e+00 2.992961e+00
-1.659724e+00 -4.968106e+00
3.265657e+00 -6.747061e+00
-7.222897e-01 -1.849298e+00
4.449878e+00 -8.822450e-01
7.610162e+00 -4.944770e+00
8.659534e+00 8.076736e+00
5.187607e+00 1.162113e+00
8.264279e+00 2.236048e+00
1.829389e+00 9.080417e+00
4.759979e+00 -3.122818e+00
6.216827e+00 1.441697e+00
-8.224669e+00 8.482217e+00
7.459056e+00 -6.207157e+00
-1.004311e+01 -1.019902e+01
7.211128e+00 7.194304e+00
4.909542e+00 9.892783e+00
-3.737059e+00 6.412602e+00
5.127013e+00 -8.956235e+00
7.401080e+00 6.187811e+00
-9.646261e+00 6.355649e+00
9.262662e+00 -4.938692e+00
9.370274e-01 -4.300725e+00
-1.074311e+01 -4.272760e+00
4.344909e+00 -4.163311e+00
-1.021449e+01 -5.739269e+00
-9.429702e+00 3.845164e+00
1.348895e+00 5.324705e+00
1.067382e+00 -6.660936e+00
-6.989974e+00 1.062346e+01
-8.391270e+00 4.745655e+00
-8.293108e+00 -2.230074e+00
1.090515e+01 1.028029e+01
-5.892266e+00 1.057204e+01
