-9.616192e+00 1.083091e+01
-1.082933e+01 5.303098e+00
-7.476117e+00 7.022622e+00
-5.193764e+00 -8.974182e+00
7.755904e+00 -1.481239e+00
-9.237877e+00 -3.691059e+00
1.040502e+01 -1.925457e+00
-8.165100e+00 8.079939e-01
6.063738e+00 -4.740600e+00
-1.077132e+01 -1.605193e+00
5.036547e+00 6.279555e+00
1.094356e+01 1.885953e-01
-1.068839e+01 -5.292917e-01
9.669562e+00 1.445146e-01
-3.516180e+00 5.759687e+00
6.243779e+00 -2.740354e-01
-7.207281e+00 3.325295e+00
-5.217350e+00 7.172186e+00
-9.511799e+00 9.782325e+00
-5.890840e+00 9.494002e+00
-9.210839e+00 -7.230891e+00
-8.276846e+00 -6.554906e+00
1.071968e+01 -8.201568e+00
-7.876584e+00 -2.223751e+00
9.297963e+00 -1.331125e+00
-9.791155e+00 1.304816e+00
-7.107755e+00 -3.272595e+00
9.140945e+00 -4.585666e+00
2.687664e+00 -1.935065e+00
1.005098e+01 1.163715e+00
-6.533682e+00 7.509972e+00
5.772287e+00 -2.274478e+00
-9.112578e+00 4.124063e+00
8.142431e+00 7.250033e-01
-6.529898e-01 5.891542e+00
8.999764e+00 6.765155e+00
-9.843265e+00 -9.331931e+00
-5.220246e+00 -1.023099e+01
-8.347467e+00 -1.091056e+01
1.021915e+01 5.292351e+00
-3.455350e+00 -8.174907e+00
-9.647010e+00 -4.982069e+00
-8.703368e+00 7.307711e+00
-5.586775e+00 8.218895e+00
-1.061157e+01 -8.731791e+00
-9.777563e+00 -2.255418e+00
-9.950686e+00 2.084506e-01
-8.802531e+00 -6.425631e-02
9.186325e+00 -2.432450e+00
-6.197325e+00 4.034109e+00
6.713823e+00 -1.241821e+00
-5.866476e+00 1.674557e+00
1.040135e+01 -7.770566e-01
7.295041e+00 2.780106e+00
4.076086e+00 3.589095e+00
-6.215575e+00 2.912097e+00
-9.813530e+00 7.003003e+00
-4.502637e+00 5.330194e+00
-6.601584e+00 5.127639e+00
-4.092068e+00 6.728368e+00
9.380774e+00 -8.767925e+00
4.349903e+00 -8.549678e+00
1.057780e+01 -7.157586e+00
-5.615468e+00 -7.907546e+00
-7.023254e+00 1.134529e+00
-8.082141e+00 -3.549840e+00
-6.974426e+00 -4.328542e+00
-6.292935e+00 -2.672288e+00
4.849892e+00 -4.529713e+00
-8.835154e+00 -2.733307e+00
-5.448765e+00 4.821089e+00
5.045337e+00 1.998446e-01
-4.044535e-01 -2.721241e+00
4.722272e+00 5.032854e+00
-1.086070e+01 7.314836e+00
2.173668e+00 6.677603e+00
-4.846373e+00 1.562177e+00
-2.069088e+00 7.347455e+00
-6.624890e+00 8.618575e+00
-7.239395e+00 1.113959e+01
1.426941e+00 -8.391518e+00
-7.522621e+00 -8.895069e+00
-2.023998e+00 9.173974e+00
-1.109343e+01 -9.787849e+00
-9.772164e+00 -8.149451e+00
8.130040e+00 -4.868347e+00
-6.267720e+00 -6.988162e+00
-5.561689e+00 6.073972e+00
-1.056552e+01 -5.600862e+00
7.125714e+00 -1.061090e+01
-1.082663e+01 -7.640205e+00
-3.447115e+00 2.227787e+00
-3.434259e+00 4.547880e+00
-1.782909e+00 6.066688e+00
6.406520e+00 3.749748e+00
2.468735e+00 5.001221e-01
6.578051e+00 1.702631e+00
-9.353815e+00 -5.973672e+00
-1.213388e+00 8.454115e+00
9.744150e+00 -6.331669e+00
-7.818851e+00 1.906511e+00
2.034481e-01 -8.666113e+00
-5.516589e+00 1.108493e+01
-4.252292e+00 -4.454963e+00
-1.904352e+00 -9.196924e+00
1.077958e+01 -6.007519e+00
-1.860404e+00 -6.985262e+00
8.675477e+00 -3.338417e-01
-6.374471e+00 -1.068709e+01
-3.480552e+00 -1.704709e+00
-6.472238e+00 -5.470694e-01
-4.729719e+00 3.343330e-01
-2.045453e+00 2.083124e+00
-4.087307e+00 2.995034e+00
6.227571e+00 2.746745e+00
1.000452e+01 3.258777e+00
-6.738363e+00 6.309331e+00
-8.433704e+00 6.240146e+00
8.493112e+00 3.639377e+00
-1.037968e+01 3.927578e+00
-2.598016e+00 5.206743e+00
-3.149088e+00 7.502802e+00
-2.940174e+00 -9.126666e+00
-7.065298e+00 -7.743292e+00
-1.079461e+00 -3.657648e+00
-2.942774e+00 -1.100028e+01
-2.982121e+00 -6.762816e+00
-1.508890e+00 -5.959597e+00
-3.911209e+00 1.173774e+00
-5.299865e+00 3.630087e+00
-4.564287e-01 -6.264139e+00
-1.731845e+00 -6.984343e-01
-8.291408e+00 3.058888e+00
-9.570868e+00 -8.081371e-01
1.646076e+00 8.626788e+00
6.828305e+00 9.337902e+00
-1.398057e+00 4.998397e+00
8.951769e+00 5.557330e+00
-1.082152e-01 6.891083e+00
8.613977e-01 7.960282e+00
-7.626572e+00 5.573133e+00
1.993795e+00 9.551271e+00
-3.811367e+00 1.044399e+01
-8.651304e+00 1.035068e+01
-7.248964e+00 -1.005778e+01
3.444750e-01 9.987303e+00
-5.689253e+00 -4.392098e+00
-3.453563e+00 -5.461396e+00
-3.907989e+00 -7.191973e+00
-5.323247e+00 -2.479319e+00
-8.763855e-01 2.942108e-01
-2.531018e+00 -3.599277e+00
9.486619e+00 4.412151e+00
-1.621382e+00 -2.641364e+00
-2.287176e+00 4.188466e+00
1.740342e+00 5.549587e+00
-5.047330e+00 -6.955316e+00
-3.849872e+00 8.885589e+00
-2.734123e+00 6.487585e+00
-4.173811e+00 -5.630047e-01
-5.972821e-01 9.344499e+00
-4.363995e+00 7.860726e+00
-7.080005e-01 -9.148269e+00
-5.803175e+00 -6.109621e+00
-6.989508e+00 -1.591809e+00
-5.392657e+00 -5.226589e-01
-3.111964e+00 9.690609e+00
-7.432329e+00 -5.312883e+00
-6.347824e+00 -5.330277e+00
-1.879338e+00 -1.092382e+01
1.242250e-01 -1.029335e+01
1.588246e+00 -7.217357e+00
6.374525e-01 -6.675193e+00
-7.943713e-01 3.842127e+00
1.073395e+01 2.060902e+00
-4.493600e+00 4.302681e+00
2.660670e+00 8.555464e+00
-4.155480e+00 -9.079931e+00
5.355833e+00 8.128038e+00
-5.902079e+00 -1.543704e+00
-2.320256e+00 -8.190371e+00
-4.914385e+00 1.008036e+01
-8.317540e-01 -5.139703e+00
-6.429237e+00 1.047639e+01
-6.473312e+00 -9.428473e+00
-1.197889e+00 -1.008809e+01
-4.938387e-01 -7.280310e+00
-4.635382e+00 -8.015878e+00
-2.536433e+00 -1.008826e+01
-9.599546e+00 3.227041e+00
-7.195322e+00 1.858202e-01
-4.979813e+00 -3.489262e+00
-9.051850e+00 2.324589e+00
-5.956703e+00 4.915809e-01
3.435461e+00 4.723850e+00
1.095272e+01 4.211876e+00
-1.045210e+00 2.571818e+00
4.163108e+00 -9.608152e+00
4.308332e+00 7.106441e+00
1.074899e+01 -1.078122e+01
3.734989e+00 -6.441612e+00
3.755721e+00 -7.477956e+00
6.264602e+00 6.279625e+00
-7.157333e+00 -6.273224e+00
6.823250e-01 9.020417e+00
9.847467e+00 8.641760e+00
9.409042e-01 -9.497661e+00
3.049462e-01 -5.481010e+00
3.047458e+00 -5.495859e+00
-3.218408e+00 2.710057e-01
2.242489e+00 2.843105e+00
-2.340528e+00 -1.805814e+00
2.688813e+00 1.040633e+01
-2.927374e+00 3.237251e+00
1.864692e+00 7.644450e+00
-1.502427e-02 1.935190e+00
5.585776e+00 9.627136e+00
-1.507736e-01 8.029542e+00
7.665688e+00 8.520011e+00
-1.782372e+00 3.303130e+00
5.971229e-01 -7.733772e+00
-9.530907e+00 6.006585e+00
7.280239e+00 -9.495139e+00
-1.338005e+00 1.009947e+01
2.083699e+00 -2.827671e+00
-2.124270e+00 -4.553593e+00
4.380193e+00 -5.448107e+00
-4.810934e+00 -1.530552e+00
4.904859e+00 -2.899667e+00
3.978074e+00 5.913363e+00
-5.120261e+00 2.648344e+00
4.727011e-01 3.954569e+00
4.047809e-01 5.863372e+00
-2.498765e+00 8.274485e+00
2.836125e-01 9.947007e-01
4.300203e+00 2.154592e+00
3.386176e+00 2.727972e+00
2.681237e+00 -7.439900e+00
6.213038e+00 -9.227870e+00
1.453927e+00 -1.048369e+01
3.492313e+00 -1.112862e+01
3.463337e+00 -8.958949e+00
-7.171966e-01 1.116500e+01
3.191185e+00 -1.016259e+01
3.544273e-01 1.105005e+01
-3.085448e+00 -2.662247e+00
8.176525e+00 9.626036e+00
7.574681e+00 -8.393571e+00
-7.927912e+00 -1.135216e+00
-8.899691e+00 -1.611146e+00
1.274634e+00 -4.612431e+00
-2.842811e+00 -8.110734e-01
3.921256e+00 8.303492e+00
3.176354e+00 1.700136e+00
3.447503e+00 9.197656e+00
-2.772858e+00 1.260814e+00
2.233455e+00 -6.396593e+00
8.109890e+00 -1.039746e+01
7.400983e+00 5.569280e+00
7.575959e+00 1.064644e+01
5.703625e+00 4.640637e+00
4.766552e+00 -6.533619e+00
-4.383071e+00 -6.081782e+00
-4.247795e+00 -1.077143e+01
7.032704e+00 7.162948e+00
5.435998e+00 -5.704399e+00
6.702179e+00 -3.625241e+00
3.531373e+00 -4.493520e+00
1.373219e+00 -3.601302e+00
-1.158387e+00 -8.098767e+00
-3.628318e+00 -3.531757e+00
2.188959e+00 4.511425e+00
8.123573e+00 -2.714170e+00
2.747806e+00 5.764130e+00
4.470517e+00 9.339826e+00
5.388917e+00 3.503250e+00
7.966885e+00 6.467238e+00
5.372253e+00 -8.451418e+00
9.569053e+00 9.977891e+00
8.774000e+00 8.562752e+00
5.251164e+00 -9.671601e+00
4.809870e+00 1.219666e+00
5.681878e+00 -7.279092e+00
1.391108e+00 1.040984e+01
6.728102e+00 4.711654e+00
-3.579274e+00 -1.002458e+01
2.479778e+00 -8.493540e+00
6.566749e+00 -7.771483e+00
4.770278e+00 -1.659275e+00
2.491182e+00 -4.711346e+00
-1.995608e+00 3.743718e-01
8.160128e-01 -1.173925e+00
2.469953e+00 -1.100706e+01
3.073403e+00 7.589862e+00
3.806605e+00 1.015960e+01
-1.867476e-01 4.944076e+00
-1.086056e+01 1.050061e+01
6.276849e-01 -2.499348e+00
9.185123e-01 4.851685e+00
7.448664e+00 3.774685e+00
6.112547e+00 1.073715e+01
8.368123e+00 -9.000447e+00
1.398899e+00 -5.692944e+00
1.640347e+00 -1.859448e+00
4.248426e+00 -6.664481e-01
5.492075e+00 -9.666204e-01
8.635500e+00 1.050232e+01
6.493391e+00 -6.202031e+00
1.234180e+00 1.867291e+00
-5.094716e+00 -5.323542e+00
-4.250649e+00 -2.682147e+00
1.246141e-01 -4.469700e+00
9.497948e+00 2.297298e+00
-1.049781e+01 9.386907e+00
5.736686e+00 7.154061e+00
1.018584e+01 6.355156e+00
-8.270516e+00 9.112492e+00
1.062745e+01 9.382319e+00
1.050158e+01 7.424438e+00
4.573555e+00 -1.054578e+01
1.027776e+01 -9.450981e+00
9.101214e+00 -9.885553e+00
-8.691277e+00 -9.715241e+00
1.044405e+01 1.061477e+01
8.799237e+00 -5.710849e+00
9.958742e+00 -5.329188e+00
-7.548785e+00 4.495454e+00
7.341321e+00 -7.067361e+00
8.057882e-01 2.906996e+00
-2.368300e+00 1.046138e+01
5.900493e+00 8.980528e-01
1.141283e+00 6.724346e+00
1.463244e+00 3.729514e+00
2.945976e+00 3.733350e+00
7.641843e+00 1.688012e+00
5.882707e+00 -1.052209e+01
2.270761e+00 -9.745210e+00
-7.635392e+00 9.934145e+00
1.114010e+01 8.382204e+00
2.030701e+00 -8.524562e-01
-9.521757e+00 -1.044949e+01
-1.024772e+01 -6.642996e+00
7.132998e+00 -2.251058e+00
6.543057e+00 8.232165e+00
-8.572305e+00 -4.767671e+00
1.016728e+01 -4.159013e+00
7.809315e+00 -3.779749e+00
3.624615e+00 -2.656772e+00
-1.212917e+00 -1.632313e+00
5.600688e+00 -3.756856e+00
-1.402500e+00 1.256290e+00
4.268473e+00 -3.668527e+00
-6.425616e-02 -1.693487e+00
-1.043682e+00 7.359161e+00
8.199886e+00 4.649578e+00
9.475805e+00 7.679567e+00
9.673301e+00 -1.093297e+01
5.320525e+00 2.358163e+00
-9.104512e+00 8.389518e+00
-1.007864e+01 8.051619e+00
8.511624e+00 -7.754878e+00
7.113536e+00 -4.857574e+00
8.649584e+00 -6.748394e+00
-8.768137e+00 -8.614845e+00
1.015466e+01 -3.033803e+00
3.955792e+00 3.930684e-01
-1.018287e+01 -3.318713e+00
-3.145467e+00 -4.458399e+00
-2.497077e+00 -5.743161e+00
1.247241e+00 1.053681e-01
3.097923e+00 -4.501018e-01
2.838605e+00 -3.559479e+00
9.044570e+00 1.335001e+00
2.188827e+00 1.585159e+00
8.491133e+00 2.616927e+00
4.805621e+00 1.061643e+01
3.682741e+00 -1.612548e+00
7.109304e+00 7.382837e-01
-9.779380e+00 5.024099e+00
9.200655e+00 -3.525064e+00
-1.050640e+01 -1.061248e+01
8.207019e+00 7.477494e+00
9.735119e+00 -7.770760e+00
-4.872036e+00 8.875682e+00
7.746735e+00 -5.887815e+00
-1.110737e+01 -2.569823e+00
-1.016624e+01 2.393484e+00
1.086319e+01 -4.827079e+00
1.140445e-01 -1.238179e-03
1.113090e+01 -3.742078e+00
7.454730e+00 -3.681262e-01
-1.047423e+01 -4.379257e+00
-1.106078e+01 1.085666e+00
3.330125e+00 6.633936e+00
-6.566244e-01 -7.437163e-01
-7.648525e+00 8.054819e+00
1.105936e+01 3.017091e+00
-8.272419e+00 -7.624930e+00
-1.064527e+01 6.302415e+00
-8.644972e+00 5.202583e+00
