-1.077479e+01 -9.920671e+00
-8.801870e+00 8.168927e+00
-9.804566e+00 8.679383e+00
-5.847278e+00 -6.475877e+00
1.094494e+01 -3.276926e+00
-9.374561e+00 -3.118173e+00
-7.309834e+00 -1.370694e+00
9.932577e+00 -1.198002e-01
7.181088e+00 -4.107866e+00
8.885192e+00 -3.311319e-01
3.811516e+00 3.590421e+00
9.525088e+00 2.823640e+00
9.916572e+00 1.962584e+00
5.597031e+00 6.675447e+00
-8.569189e+00 6.919578e+00
7.000683e+00 4.080050e+00
-1.039148e+01 2.400552e+00
-6.381997e+00 8.067959e+00
8.410715e+00 -9.858160e+00
-7.790053e+00 8.615116e+00
-7.695714e+00 -4.160238e+00
-9.055877e+00 -8.177268e+00
-9.238751e+00 -6.849255e+00
-7.120731e+00 -2.706506e+00
-8.864297e+00 -3.960127e+00
-1.101096e+01 7.817606e-01
-5.964407e+00 4.266625e-01
1.109371e+01 -4.335968e+00
8.121443e+00 -3.591101e+00
1.062418e+01 2.767133e+00
-9.969384e+00 8.800643e-01
9.860357e+00 -2.477335e+00
-1.024862e+01 -2.604980e-01
8.796533e+00 1.997483e+00
4.815811e+00 -1.052193e+00
7.780129e+00 7.146120e+00
-8.901071e+00 9.424706e+00
-6.022761e+00 6.862387e+00
1.018672e+01 9.045862e+00
-9.214074e+00 6.108735e+00
-4.394961e+00 -6.631515e+00
-8.044234e+00 -8.501086e+00
1.098665e+01 9.960867e+00
-7.694869e+00 1.005916e+01
-6.492210e+00 -5.585955e+00
-6.632106e+00 -4.356631e-01
-9.105815e+00 -8.902579e-02
-8.107634e+00 -2.030553e+00
7.097466e+00 -1.775155e+00
-9.017307e+00 1.535718e+00
9.967316e+00 -4.194574e+00
-8.306602e+00 7.501833e-01
1.034044e+01 9.271380e-01
8.167664e+00 4.304696e+00
5.431441e+00 2.443625e+00
-5.842183e+00 5.804621e+00
9.520558e+00 7.002233e+00
-3.331772e+00 4.658170e+00
-7.962025e+00 4.731638e+00
-3.110322e+00 7.779232e+00
-8.563904e+00 -9.432065e+00
-1.005166e+00 1.054728e+01
-6.667579e+00 -7.228422e+00
-5.098383e+00 -5.844054e+00
-8.067140e+00 -3.668916e-01
-8.256506e+00 -3.022121e+00
-6.680112e+00 -4.154721e+00
-4.914564e+00 -2.727182e+00
1.005477e+01 -5.186122e+00
-5.760285e+00 -1.081788e+00
-9.707214e+00 3.177516e+00
7.318316e+00 2.838047e+00
1.618478e+00 -2.282423e+00
6.840668e+00 6.165691e+00
8.646285e+00 6.396082e+00
4.372799e+00 1.616812e+00
-6.416641e+00 3.344825e+00
-5.300055e+00 8.024520e+00
-9.098041e+00 4.983522e+00
-9.126726e+00 -1.104064e+01
-2.035016e+00 1.044956e+01
-6.970290e+00 1.106251e+01
-4.595112e+00 9.353281e+00
-7.241607e+00 -9.377031e+00
-7.515481e+00 -5.296474e+00
-1.030707e+01 -3.526211e+00
-4.241307e+00 -3.599059e+00
-8.834782e+00 -1.109010e+00
-8.388998e+00 -6.266999e+00
4.085697e+00 -7.823855e+00
-5.805211e+00 -4.849870e+00
-3.473032e+00 2.215782e+00
-8.778307e+00 2.647560e+00
-8.528293e+00 3.676384e+00
9.086781e+00 5.181004e+00
6.471035e+00 2.088539e+00
8.481920e+00 2.967733e+00
-9.517099e+00 -9.977600e+00
-9.099073e-01 7.137318e+00
-9.913565e+00 -8.948705e+00
-7.430690e+00 7.684959e+00
-1.101841e+00 -1.058065e+01
-5.350825e+00 -9.998370e+00
-3.909352e+00 -2.225273e+00
-4.120972e+00 -8.807073e+00
-1.056138e+01 -2.509567e+00
-6.202142e-01 -4.706736e+00
-1.110950e+01 -8.213048e-01
-4.388983e+00 -7.803070e+00
-4.949353e+00 -1.712291e+00
-4.382780e+00 2.719826e+00
-5.033933e+00 3.800271e+00
-6.639333e+00 4.597662e+00
-2.341223e+00 4.282665e+00
1.018599e+01 4.835949e+00
1.109491e+01 1.864343e+00
-6.988834e+00 6.571210e+00
-9.591379e+00 1.026828e+01
1.051422e+01 3.811082e+00
-1.014132e+01 5.278053e+00
-2.787472e+00 6.640806e+00
-3.832112e+00 6.725901e+00
-4.046193e+00 -9.980999e+00
-4.744404e+00 -4.596347e+00
1.928058e+00 -5.472705e+00
-3.500016e+00 -4.394717e+00
-2.434866e+00 -1.889494e+00
-1.960360e+00 -2.812662e+00
-5.740110e+00 2.562319e+00
-4.395865e+00 4.672732e+00
-3.687471e+00 1.163177e-01
-4.678717e+00 1.717271e+00
-7.951773e+00 1.718575e+00
8.904385e+00 8.173985e-01
-1.646858e+00 6.272445e+00
2.380566e-01 6.485008e+00
-6.994607e+00 5.594693e+00
1.011355e+01 5.873536e+00
-4.694766e+00 6.141495e+00
-3.475068e+00 5.719570e+00
-8.240125e+00 5.784522e+00
-7.963876e-02 7.826127e+00
-5.349001e+00 1.038425e+01
-5.633196e+00 -1.097293e+01
-6.059553e+00 -9.317908e+00
-4.288660e+00 1.034359e+01
-5.518624e+00 -3.813670e+00
-3.160898e+00 -3.087798e+00
-3.253395e+00 -8.037135e+00
-3.176775e+00 -1.052837e+00
-1.174204e+00 -3.357551e-01
-6.106002e-01 -6.445166e+00
-1.115310e+01 4.535347e+00
7.963395e-01 -4.216709e-01
-1.500677e+00 5.257855e+00
7.771520e-02 3.862325e-01
-6.403048e+00 -1.932869e+00
-3.594212e+00 9.338762e+00
-5.005785e+00 7.061396e+00
-4.916322e-01 3.386614e+00
-2.590467e+00 8.895384e+00
-5.697808e+00 9.112599e+00
-1.520954e+00 8.391670e+00
-3.238991e+00 -6.585936e+00
-6.974356e+00 9.590468e-01
-5.122982e+00 -1.001924e-01
-2.324396e+00 -7.698576e+00
-6.091416e+00 -2.988683e+00
-4.297942e+00 -7.736874e-01
-1.203438e+00 -8.516563e+00
-8.365049e-01 -9.550546e+00
1.349423e+00 -3.286078e+00
-2.017567e+00 -4.820879e+00
-3.837837e+00 3.726669e+00
-1.073202e+01 3.431360e+00
-5.576521e+00 4.709737e+00
8.352818e-01 4.386731e+00
-5.373108e+00 -7.394333e+00
1.233976e+00 6.833489e+00
-3.052703e+00 1.139646e+00
-1.129119e+00 -7.449952e+00
-4.161512e+00 8.403212e+00
1.069192e+00 -8.462455e+00
-5.194659e+00 -8.600101e+00
-6.322521e+00 -8.359063e+00
-1.971559e+00 -9.790328e+00
9.636815e-01 -7.427927e+00
-6.612015e+00 -1.030207e+01
-2.573331e+00 -5.751654e+00
-7.771787e+00 2.745028e+00
-6.737056e+00 2.232055e+00
-2.016961e+00 -9.819691e-01
-9.850111e+00 4.270893e+00
-3.009036e+00 3.209830e+00
2.813349e+00 4.073368e+00
-1.034694e+01 6.440316e+00
-1.187036e+00 2.375826e+00
2.259247e+00 9.766469e+00
2.983135e+00 5.373802e+00
-8.155953e+00 -1.045820e+01
-1.361020e-01 9.815980e+00
2.225465e+00 -1.016888e+01
2.386406e+00 7.421439e+00
-3.784983e+00 -5.585717e+00
-3.969423e-01 8.808018e+00
6.768064e+00 -1.056388e+01
-2.343465e+00 -1.082674e+01
3.454840e+00 -9.733028e+00
6.951826e+00 -5.174406e+00
-2.205813e+00 2.223015e-01
6.775562e+00 -5.903536e-01
8.983252e-01 -1.526850e+00
1.987338e+00 4.738691e+00
-5.745906e+00 1.531185e+00
-1.062712e+00 4.283806e+00
-1.879013e+00 3.138706e+00
1.256093e+00 5.644317e+00
-1.955446e+00 7.316993e+00
2.866240e+00 1.062088e+01
-2.457433e+00 5.454069e+00
-2.326794e-02 -1.033111e+01
-4.550407e+00 -1.094477e+01
6.149935e+00 -9.675268e+00
-3.019257e+00 -9.588081e+00
2.833674e+00 -6.200794e+00
8.505976e-01 -6.292527e+00
2.972527e+00 -7.324465e+00
4.680853e-01 -2.785423e+00
4.180243e+00 -4.461601e+00
5.693633e+00 2.152133e-01
-7.428175e+00 3.780151e+00
-1.011894e+00 7.958853e-01
-3.374863e-01 1.582178e+00
-6.608387e-01 5.772798e+00
-2.550296e-01 -6.188660e-01
5.536702e+00 5.625902e+00
1.342051e+00 2.675553e+00
9.180979e-01 7.824541e+00
9.226216e-01 -1.085551e+01
8.399058e-01 9.362355e+00
2.320280e+00 6.371954e+00
1.885621e+00 -9.168519e+00
-3.502095e+00 -1.090643e+01
-1.267645e+00 9.478202e+00
-2.221755e+00 -8.786780e+00
6.135141e-02 -5.573335e+00
4.267183e+00 -8.872106e+00
3.796416e+00 -5.665708e+00
-2.446638e+00 2.295074e+00
-4.484384e+00 7.171357e-01
1.786370e+00 -4.341499e+00
2.406420e+00 -3.428620e+00
1.014757e-01 2.560986e+00
4.159873e+00 5.844828e+00
-7.054706e-02 4.918517e+00
-1.867994e+00 1.424798e+00
1.977746e+00 -6.775465e+00
1.958169e+00 -1.116905e+01
6.733458e+00 9.133129e+00
7.146194e-01 -9.456151e+00
4.373550e+00 8.484328e+00
3.150818e+00 -8.348733e+00
-2.074145e-01 -8.498119e+00
-3.148138e+00 1.037715e+01
4.018191e+00 1.062144e+01
4.995794e+00 -5.032068e+00
7.934817e+00 -6.369790e+00
5.914535e+00 -5.719524e+00
3.367836e+00 -3.698191e+00
-1.255393e+00 -3.716241e+00
-5.495336e-01 -2.872446e+00
1.394381e+00 3.874225e-01
6.835048e+00 9.413691e-01
3.399709e+00 6.671384e+00
4.798184e+00 7.409658e+00
3.694162e+00 2.465589e+00
3.224268e+00 8.662444e+00
5.033069e+00 1.076324e+01
4.868322e+00 -9.768098e+00
5.535557e+00 -1.063850e+01
6.052432e+00 -8.030550e+00
8.861208e+00 -4.556493e+00
4.979127e+00 -6.390502e+00
5.896330e-02 1.089013e+01
3.413809e+00 9.705210e+00
-1.887645e+00 -6.574721e+00
3.258003e+00 -1.079421e+01
5.005075e+00 -7.474459e+00
6.074639e+00 -3.484238e+00
5.181117e+00 -2.624494e+00
-1.655840e-01 -1.725695e+00
5.904468e+00 -1.390897e+00
1.723574e+00 3.692333e+00
2.840516e+00 -3.483323e-01
6.144569e-01 3.419101e+00
2.486901e+00 2.638881e+00
6.832596e+00 1.019149e+01
3.118081e+00 -2.643342e+00
4.984387e+00 4.649765e+00
7.069032e+00 8.086996e+00
4.440876e+00 -1.066647e+01
7.201615e+00 -8.394346e+00
2.089760e+00 -8.009855e+00
5.135470e+00 -3.957986e+00
3.969805e+00 -6.818946e+00
9.992616e+00 -7.397150e+00
5.964197e+00 -6.930898e+00
6.940284e+00 -7.386467e+00
8.942594e+00 -5.751922e+00
-1.309245e+00 -5.578188e+00
8.507580e-02 -3.845772e+00
2.686627e+00 -1.579319e+00
7.770509e+00 1.795548e+00
7.910706e+00 -1.100002e+01
6.462742e+00 7.176485e+00
-1.041507e+01 7.763672e+00
9.788394e+00 8.020976e+00
8.371481e+00 1.002944e+01
8.606115e+00 7.818326e+00
1.367981e+00 1.034557e+01
5.423532e+00 -8.898647e+00
8.148975e+00 -7.639079e+00
1.052392e+01 -9.600963e+00
8.250222e+00 -8.748714e+00
1.104874e+01 -7.515581e+00
-8.807501e+00 -5.130639e+00
-1.076353e+01 9.181802e+00
9.241535e+00 -8.134692e+00
4.014640e+00 -2.151751e+00
-8.251770e-03 -7.460108e+00
5.816556e+00 4.112025e+00
3.585114e+00 8.606031e-01
4.996749e+00 3.476995e+00
1.770753e+00 1.625527e+00
3.810978e+00 4.612068e+00
5.837680e+00 9.772656e+00
3.606911e+00 7.664983e+00
9.331573e+00 9.842460e+00
7.731308e+00 8.899785e+00
7.968339e+00 -5.218465e+00
-1.095367e+01 -8.627068e+00
-7.322724e+00 -6.362633e+00
8.943983e+00 -6.809142e+00
6.202250e+00 1.095990e+01
-8.123563e+00 -7.350111e+00
7.746254e+00 3.920822e-01
-1.073056e+01 -5.431827e+00
5.975016e+00 -4.613912e+00
-1.240428e+00 -2.030695e+00
9.236255e+00 -3.502965e+00
1.822686e+00 -5.406851e-01
3.007919e+00 -4.897209e+00
3.717136e+00 -1.138743e+00
7.208774e-01 1.419621e+00
1.077718e+01 7.010878e+00
1.097833e+01 8.226328e+00
7.274261e+00 -9.665582e+00
6.354204e+00 3.254127e+00
9.104934e+00 -1.111732e+01
1.084405e+01 -1.103512e+01
9.288170e+00 -9.210747e+00
6.860627e+00 -6.197446e+00
-1.036351e+01 -6.714835e+00
-1.050470e+01 1.089775e+01
-9.824977e+00 -4.731095e+00
7.942240e+00 -9.441790e-01
-9.774527e+00 -5.874099e+00
7.882519e-01 -4.881762e+00
-2.545452e+00 -3.901041e+00
7.969312e+00 -2.368549e+00
7.077248e+00 -3.022944e+00
4.306138e+00 -3.160387e+00
6.349791e+00 5.042773e+00
4.673477e+00 7.636231e-02
5.959283e+00 8.110809e+00
2.066827e+00 8.510058e+00
5.513693e+00 1.452955e+00
7.386164e+00 5.204908e+00
-9.560927e+00 7.257517e+00
9.849491e+00 -6.259316e+00
-1.029537e+01 -7.759223e+00
4.813287e+00 9.484289e+00
9.679874e+00 -1.030323e+01
-6.804769e+00 9.253491e+00
1.040494e+01 -8.333408e+00
-9.261957e+00 -2.093746e+00
-1.016669e+01 -1.447011e+00
1.111804e+01 -6.404837e+00
6.202998e+00 -2.383416e+00
9.903168e+00 -1.162428e+00
1.085352e+01 -1.921098e+00
8.976058e+00 -1.949737e+00
9.206055e+00 4.113842e+00
3.045214e+00 1.696576e+00
2.374963e+00 8.361898e-01
9.996038e+00 1.068280e+01
1.116560e+01 5.712253e+00
-8.572472e+00 1.055892e+01
8.856798e+00 8.970419e+00
-6.338407e+00 1.016854e+01
