-6.897188e+00 -9.220351e+00
9.460490e+00 9.911904e+00
-9.902100e+00 1.068828e+01
-9.483101e+00 -9.816343e+00
-9.911744e+00 -5.339783e+00
-9.646769e+00 -4.336397e+00
1.083838e+01 -5.123856e+00
9.685688e+00 -4.064059e+00
7.384672e+00 -1.637284e+00
7.011121e+00 6.141476e-01
6.695085e+00 6.174488e+00
7.762616e+00 5.765426e+00
9.332626e+00 -1.533783e+00
5.833453e+00 7.277582e+00
-1.059242e+01 8.549622e+00
9.720479e+00 5.118651e+00
-9.040527e+00 3.095189e+00
-7.527873e+00 7.241529e+00
8.293579e+00 9.601807e+00
-8.263970e+00 1.112222e+01
-8.278894e+00 -8.962171e+00
-3.916208e+00 -8.157469e+00
-1.059867e+01 -9.559458e+00
-1.063076e+01 -6.175066e+00
-9.162062e+00 -7.488667e+00
-1.073903e+01 -1.882589e+00
-9.603613e+00 -1.906516e+00
-1.077182e+01 -4.399587e+00
8.771040e+00 -3.472091e+00
9.719538e+00 3.312849e-01
9.725151e+00 -2.973765e+00
8.556321e+00 -2.311816e+00
1.061977e+01 -1.505405e+00
1.091627e+01 3.636551e-01
8.577584e+00 2.047335e+00
6.592064e+00 8.263317e+00
1.044245e+01 1.028394e+01
-6.396188e+00 1.030983e+01
-1.078961e+01 9.679200e+00
1.085432e+01 8.112604e+00
-6.177841e+00 -1.004879e+01
-6.064036e+00 -8.022639e+00
1.075460e+01 -7.937432e+00
-9.241065e+00 -1.084527e+01
-9.523698e+00 -6.280036e+00
-8.840259e+00 -1.261843e+00
-8.658855e+00 -2.489353e+00
-8.755945e+00 -3.490650e+00
2.808449e+00 -7.526676e-01
-8.651945e+00 -1.041458e-03
9.698366e+00 -5.188162e+00
-9.971627e+00 2.570172e-01
-1.099023e+01 -5.999920e-01
1.064936e+01 7.086430e+00
1.032422e+01 -5.280137e-01
-7.677101e+00 6.096696e+00
-8.472139e+00 6.726241e+00
-4.826976e+00 4.750363e+00
-5.831167e+00 7.209461e+00
-5.747220e+00 5.799856e+00
-5.143895e+00 -1.016296e+01
-1.882644e+00 -1.018178e+01
-7.859256e+00 -7.487710e+00
-7.785340e+00 -5.667577e+00
-9.792779e+00 -8.199749e-01
-8.689908e+00 -5.066384e+00
-6.599722e+00 -5.654494e+00
-6.769858e+00 -3.692403e+00
5.882430e+00 -5.984941e+00
-8.208936e+00 1.210218e+00
-7.886597e+00 -6.245452e-01
-1.108326e+01 2.191167e+00
7.788475e+00 2.745435e+00
8.943090e+00 5.901063e+00
1.081932e+01 4.828326e+00
9.696436e+00 2.034537e+00
-7.348143e+00 3.805574e-01
-5.812414e+00 8.524856e+00
-6.796754e+00 9.230306e+00
-9.517851e+00 8.618405e+00
-4.796928e+00 8.894457e+00
-7.585774e+00 1.016926e+01
-5.803306e+00 -1.099695e+01
-4.417268e+00 -9.358440e+00
-7.093865e+00 -6.772197e+00
-8.454664e+00 -6.616924e+00
-6.022615e+00 -4.628522e+00
-7.687017e+00 -2.936469e+00
1.090212e+01 -6.970777e+00
-1.054932e+00 -4.513492e+00
-7.158359e+00 -4.717423e+00
-4.575413e+00 1.415140e+00
-6.442952e+00 -1.484270e-01
-7.189119e+00 1.529742e+00
-9.854620e+00 2.127580e+00
9.756821e+00 3.072599e+00
-1.047590e+01 4.308766e+00
-9.598072e+00 9.710247e+00
-2.796421e+00 5.950419e+00
-1.856411e+00 -1.117754e+01
-5.342307e+00 9.845507e+00
-2.969634e+00 -1.105196e+01
-4.823376e+00 1.074506e+01
-2.865665e+00 -3.413660e+00
-2.638724e+00 -5.784754e+00
-6.099441e+00 -2.929251e+00
3.239884e+00 -3.123714e+00
-7.868778e+00 -3.955495e+00
-5.484952e+00 -5.912746e+00
-4.777007e+00 -1.649076e+00
-6.728582e+00 -1.211933e+00
-6.341261e+00 9.313836e-01
-8.805533e+00 5.229501e+00
-7.851470e+00 2.749407e+00
-9.130717e+00 4.107043e+00
-1.059308e+01 1.099689e+00
-7.686975e+00 8.504658e+00
-7.291802e+00 -1.028609e+01
-9.466589e+00 1.155616e+00
-6.697252e+00 7.972932e+00
-2.700246e+00 3.737982e+00
-6.774346e+00 5.385254e+00
-8.654118e-01 -9.401402e+00
-7.110859e+00 -8.182122e+00
-3.568405e+00 -5.382030e+00
-3.957008e+00 -3.409108e+00
-1.832214e+00 -3.524974e+00
-6.022796e+00 -6.780616e+00
-7.806494e+00 -1.804177e+00
-1.572854e+00 -2.650190e-01
-5.876389e+00 -1.938208e+00
-5.899670e+00 1.920664e+00
-6.824178e+00 2.556077e+00
-1.037122e+01 3.133222e+00
-4.627269e+00 2.621308e+00
-3.968640e+00 5.931036e+00
-6.695448e+00 6.461217e+00
-9.485988e+00 6.387979e+00
-5.702565e+00 3.055006e+00
-5.053731e+00 6.575254e+00
-4.341676e+00 9.877110e+00
-3.072171e+00 6.990689e+00
-4.235432e+00 -1.064563e+01
-5.522319e+00 -9.011408e+00
-2.819553e+00 -7.886139e+00
-4.965162e+00 -8.033416e+00
-3.266542e+00 -4.367171e+00
-5.219284e+00 -3.825372e+00
-7.350723e-01 -3.502797e+00
-2.490636e+00 -9.080529e-01
-6.228424e-01 1.540213e-01
-1.619251e+00 -1.621511e+00
-5.587053e+00 -7.880754e-01
-2.353321e+00 2.714499e+00
-5.792800e+00 4.390144e+00
-3.538748e+00 -2.531370e-01
-2.914859e+00 -2.335183e+00
-6.318206e-01 5.234490e+00
-4.945472e+00 7.708230e+00
-3.442351e+00 2.985147e+00
-3.895330e+00 8.165939e+00
-3.739197e+00 1.070737e+01
-1.879900e+00 8.257778e+00
-3.547555e+00 -6.963993e+00
-4.722906e+00 -4.970212e+00
-1.074432e+00 -2.577199e+00
1.561212e+00 -4.559789e+00
-5.049509e+00 -2.578021e+00
2.054328e-01 -4.473009e+00
1.522139e+00 -6.833026e+00
5.947468e-01 -5.469778e+00
-1.551826e+00 7.843560e-01
-2.614101e+00 2.901232e-01
-5.430937e+00 3.028123e-01
-8.781718e+00 2.054917e+00
-7.653768e+00 4.812900e+00
-1.560249e+00 3.408140e+00
-3.201292e+00 -1.008205e+01
-1.700101e+00 6.093277e+00
-3.537970e+00 8.217238e-01
-8.782411e-01 -1.077057e+01
-4.113384e+00 7.046579e+00
-6.596317e-01 -8.337511e+00
-1.779204e+00 -8.991888e+00
-5.012505e+00 -6.917767e+00
-2.109932e+00 -4.762825e+00
2.049141e+00 -5.551491e+00
-4.380792e+00 -6.128389e+00
8.526521e-01 -3.601660e+00
-3.983292e+00 -2.406669e+00
-6.129780e-01 -1.059919e+00
5.041073e-01 -5.594433e-01
-8.056995e+00 3.918407e+00
-4.585395e+00 -4.969389e-01
2.354919e+00 3.865907e+00
-9.978418e+00 5.380678e+00
-3.801462e+00 4.091784e+00
-1.776867e+00 7.246178e+00
-3.005855e+00 4.734711e+00
-6.946948e+00 1.113800e+01
-2.686695e+00 1.018958e+01
2.822368e-01 7.443740e+00
1.019309e+00 1.050060e+01
-2.810428e+00 -8.877085e+00
8.822541e-01 -1.065140e+01
1.542209e-01 -6.502466e+00
-9.670913e-01 1.031753e+01
1.243283e-01 -7.599873e+00
3.185384e+00 -8.430540e+00
1.044667e+00 -2.412423e+00
4.660485e+00 8.535259e-01
-1.401596e+00 1.899772e+00
-6.936955e-01 4.035313e+00
-3.747537e+00 -1.321293e+00
-4.939184e+00 3.686263e+00
-3.581648e+00 1.882575e+00
-1.681592e+00 4.914899e+00
-2.841887e+00 8.098014e+00
2.341045e+00 7.138377e+00
2.366616e-01 4.530842e+00
-2.982187e+00 9.191196e+00
7.890346e-02 -1.004805e+01
1.111185e+00 -7.915781e+00
-1.748648e+00 -7.927135e+00
2.657552e+00 -4.064434e+00
-5.479647e-01 -5.548338e+00
3.139302e+00 -5.330403e+00
5.426726e-01 1.268059e+00
4.427309e+00 -3.458165e+00
4.642756e+00 1.926095e+00
-6.940781e+00 3.893293e+00
4.654974e-01 2.281146e+00
-6.713699e-01 2.719509e+00
1.555815e+00 3.144141e+00
-7.137017e-01 6.698362e+00
1.030619e+00 5.460010e+00
1.360562e+00 4.356857e+00
3.211021e-01 9.681761e+00
-8.490269e-01 7.858021e+00
7.670072e-02 8.552720e+00
1.352532e+00 7.303565e+00
1.695628e+00 6.331252e+00
1.056374e+00 9.008422e+00
-7.006745e-01 9.232076e+00
-1.659120e+00 -5.894323e+00
-2.272962e+00 -7.029517e+00
3.357225e+00 -7.439311e+00
3.650791e+00 -4.437081e+00
-6.617689e-01 1.247243e+00
-2.583741e+00 1.455370e+00
3.602144e+00 7.307799e-01
6.294251e+00 2.915175e+00
1.486319e+00 1.787605e+00
7.163844e+00 4.726000e+00
6.160445e-01 6.513491e+00
2.592724e+00 2.775160e+00
4.298123e+00 3.316486e+00
1.937574e+00 8.370303e+00
3.989666e+00 8.590391e+00
2.979810e+00 1.012378e+01
3.511365e+00 7.058779e+00
2.147391e+00 -7.660469e+00
1.942731e+00 9.875450e+00
-1.736459e+00 9.587227e+00
2.857832e+00 -1.100788e+01
5.617620e+00 -3.895967e+00
2.445684e+00 -6.480089e+00
4.199440e+00 -5.456594e+00
2.565020e+00 6.765140e-01
5.152319e-02 -2.784340e+00
1.495064e+00 7.416661e-01
3.645502e+00 2.415037e+00
6.012766e+00 9.735397e-01
3.092310e+00 4.676972e+00
5.309864e+00 8.764267e+00
1.996662e-01 3.405458e+00
2.900198e+00 5.926766e+00
3.925127e+00 -1.032514e+01
4.030737e+00 1.087906e+01
4.008146e+00 9.661932e+00
2.282430e+00 -8.941202e+00
8.629125e+00 -5.528783e+00
3.560896e+00 -6.280795e+00
2.650405e-02 1.095620e+01
2.000763e+00 1.082114e+01
-9.790408e-01 -6.915545e+00
2.737764e-01 -8.983382e+00
5.704097e+00 -4.983782e+00
6.783272e+00 -4.195569e+00
5.156270e+00 -1.750202e+00
1.326404e+00 -1.340217e+00
4.555961e+00 -2.449531e-01
3.865948e+00 5.377155e+00
5.404314e+00 4.247839e+00
2.095209e+00 5.183391e+00
3.321847e+00 3.551071e+00
5.125596e+00 -1.011982e+01
4.244354e+00 4.363229e+00
6.869023e+00 7.257298e+00
6.955877e+00 -9.584861e+00
5.105280e+00 9.930412e+00
1.007113e+01 -9.890381e+00
1.842814e+00 -1.028952e+01
4.426354e+00 -7.222011e+00
2.826251e+00 -9.866420e+00
8.135490e+00 -7.324251e+00
4.228020e+00 -8.300762e+00
5.712778e+00 -7.039964e+00
4.905877e+00 -6.337439e+00
1.995829e+00 -2.968068e+00
1.710031e+00 -3.872581e-01
5.806897e+00 1.980305e+00
7.870474e+00 1.341732e+00
7.344523e+00 9.112418e+00
5.377943e+00 6.238521e+00
7.904037e+00 6.759625e+00
7.765964e+00 7.880369e+00
7.411592e+00 1.016136e+01
9.644960e+00 6.731643e+00
2.665629e+00 9.087306e+00
1.283705e+00 -9.152299e+00
4.365774e+00 -9.352287e+00
9.093051e+00 -9.607339e+00
7.966798e+00 -1.017046e+01
9.440748e+00 -8.539335e+00
1.026464e+01 -6.172849e+00
8.424181e+00 -8.819223e+00
6.861787e+00 -6.651108e+00
5.393566e+00 -2.838214e+00
2.671498e-01 -1.594419e+00
7.518887e+00 3.720097e+00
6.459203e+00 3.954274e+00
6.989107e+00 2.134897e+00
2.754945e+00 1.773626e+00
5.007224e+00 5.224964e+00
6.138123e+00 9.472020e+00
4.287682e+00 6.310266e+00
1.102615e+01 -1.039244e+01
6.046948e+00 1.068440e+01
6.840497e+00 -7.613066e+00
1.072929e+01 -9.003264e+00
-9.284096e+00 -8.597771e+00
5.315167e+00 -8.212287e+00
6.397190e+00 -8.537776e+00
-1.030354e+01 -7.465541e+00
6.175763e+00 -2.036594e+00
9.141583e+00 -6.519245e+00
6.437604e+00 -3.136799e+00
3.323102e+00 -1.792059e+00
8.714833e+00 -4.513159e+00
4.112670e+00 -1.208921e+00
4.091040e+00 -2.419122e+00
1.054064e+01 1.309807e+00
5.203526e+00 2.735849e+00
8.771643e+00 7.364419e+00
8.639498e+00 8.530500e+00
6.244167e+00 -1.031569e+01
9.724944e+00 8.002100e+00
5.003747e+00 1.110425e+01
9.049156e+00 -1.063612e+01
7.436699e+00 -8.545185e+00
1.101697e+01 -3.541533e+00
-1.032333e+01 -8.597721e+00
-1.027827e+01 -1.064229e+01
7.732261e+00 -6.151218e+00
6.261211e+00 -9.537770e-01
6.882104e+00 -5.326511e+00
4.715005e+00 -4.516205e+00
2.258918e+00 -1.983455e+00
7.796087e+00 -3.801518e+00
7.172500e+00 -5.564305e-01
5.615938e+00 -1.546905e-02
8.497742e+00 4.932275e+00
9.075036e+00 1.092867e+00
3.055204e+00 7.929946e+00
4.497019e+00 7.562587e+00
9.423299e+00 4.064813e+00
1.071063e+01 5.911007e+00
1.010516e+01 8.990271e+00
5.626867e+00 -9.226137e+00
-8.443947e+00 -1.015435e+01
7.284953e+00 -1.102272e+01
1.020645e+01 -1.108069e+01
-8.616702e+00 8.006161e+00
9.577709e+00 -7.493005e+00
-1.014031e+01 -3.357294e+00
1.080193e+01 -2.522572e+00
7.793507e+00 -4.993350e+00
7.463945e+00 -2.877540e+00
9.131147e+00 -4.498208e-01
8.079192e+00 1.848382e-01
8.247866e+00 -1.038726e+00
-1.048579e+01 6.403409e+00
8.718426e+00 3.145946e+00
6.079310e+00 5.189468e+00
-1.053941e+01 7.377420e+00
1.049190e+01 3.746768e+00
-9.393483e+00 7.376657e+00
-1.110602e+01 1.089752e+01
-8.590531e+00 9.236865e+00
