5.239692e+00 -1.018876e+01
-7.624660e+00 6.462909e+00
-8.732917e+00 8.579765e+00
-5.252487e+00 -3.403947e+00
-6.687699e+00 1.004088e-01
-1.038355e+01 -9.753400e+00
6.836957e+00 8.313792e-01
1.056764e+00 4.210622e+00
8.650194e+00 -5.504879e+00
6.061031e+00 -3.540992e+00
-7.319394e+00 8.600989e+00
-1.073939e+01 5.331968e+00
-8.124707e+00 3.169671e-01
3.517280e+00 2.910422e+00
-2.467028e+00 4.331313e+00
6.465535e+00 3.568045e+00
-9.588220e+00 -1.112790e+00
-8.238323e+00 7.435267e+00
-8.707414e+00 -7.020690e+00
-7.988016e+00 -9.121420e+00
7.684600e+00 1.024414e+01
1.048001e+01 -5.797003e+00
6.612903e+00 -4.563241e+00
9.964466e-02 -2.163557e+00
5.712904e+00 4.236018e-01
-8.238628e+00 5.210038e+00
-3.628416e+00 7.091730e-01
5.571095e-01 -9.440885e+00
8.574267e+00 2.190402e+00
-6.440519e+00 3.290417e+00
1.580896e+00 -8.941979e+00
4.536017e+00 4.626810e+00
-1.077236e+01 1.690033e+00
-9.601432e+00 1.798924e+00
-9.679414e-01 5.304441e+00
-7.583486e+00 -1.080975e+01
1.094410e+01 -1.038076e+01
-8.597195e+00 -8.307628e+00
1.004457e+01 -3.900146e+00
-4.538202e+00 1.163214e+00
9.965040e+00 -8.490573e+00
5.969957e+00 -9.151839e-01
1.054322e+01 9.497659e+00
-1.029265e+01 2.682716e+00
-9.229868e+00 -4.663451e+00
1.067123e+01 8.346883e+00
-8.401215e+00 -2.725897e+00
-8.442682e+00 -1.706193e+00
8.093830e+00 -5.554331e-01
-1.002124e+01 8.634876e-01
4.770980e+00 -1.188557e+00
-5.613788e-01 3.436415e+00
9.663100e+00 2.299147e+00
-7.419069e+00 3.833345e+00
7.975371e+00 5.708534e-01
-6.139889e+00 -8.008659e-01
1.218698e+00 7.374856e+00
-7.993167e+00 -4.953125e+00
-7.137751e+00 2.325161e+00
-2.396606e+00 1.043105e+01
4.193818e+00 1.091121e+01
6.973877e+00 -9.735171e+00
8.766000e+00 1.053694e+01
-1.940044e+00 -9.815455e+00
-8.621535e+00 2.188041e+00
5.630452e+00 -8.351379e+00
-1.037518e+01 -7.071567e+00
-7.287659e+00 -3.171008e+00
-9.805110e+00 1.076907e+01
8.361729e+00 -4.185456e+00
3.502781e+00 5.459301e+00
7.687795e+00 1.563562e+00
8.846348e-01 8.311914e+00
1.488724e+00 6.261002e+00
-3.310419e+00 6.344328e+00
-1.042491e+01 3.760171e+00
-7.458788e+00 -6.670421e-01
-5.030392e+00 7.707854e+00
7.467982e+00 -7.223875e+00
1.055002e+01 -6.905338e+00
3.455079e+00 -9.603433e+00
-1.021303e+01 -4.269292e+00
2.857683e+00 6.180043e+00
4.719816e+00 -5.152074e+00
5.498086e+00 1.054140e+01
3.673617e+00 1.816820e+00
8.797620e+00 -8.765729e+00
-3.559688e+00 4.326357e+00
5.817336e+00 -5.345580e+00
5.566309e-01 -1.164331e+00
-8.506716e+00 -7.270788e-01
-1.019991e+00 -2.533983e+00
-5.232180e-01 3.435854e-01
7.241640e+00 4.275576e+00
9.628035e+00 4.186630e+00
2.344226e+00 -2.226748e+00
6.255216e+00 4.859307e+00
-2.762374e+00 -9.838670e-02
-5.364143e+00 2.980979e-01
-9.140245e+00 -9.267437e+00
-7.694679e+00 1.423564e+00
2.753345e+00 9.425713e+00
-9.544449e+00 -7.755084e+00
9.359082e+00 -7.525335e+00
-3.995221e+00 -8.280288e+00
-7.783949e+00 1.049919e+01
-2.589965e+00 -6.615011e+00
-8.787583e+00 1.153475e+00
-6.019163e+00 -4.095593e+00
-7.147202e+00 -8.453609e+00
-1.064188e+01 -1.263249e+00
-2.415447e+00 1.112100e+00
2.870384e+00 1.127787e+00
1.956964e+00 5.378830e+00
-9.519347e+00 5.619626e+00
-9.684529e+00 7.070393e+00
-5.484991e+00 3.754055e+00
-6.219389e+00 -6.056889e+00
-8.034954e+00 3.016522e+00
-9.530012e+00 -1.031186e+01
-1.002092e+00 6.325326e+00
-2.031109e+00 5.260994e+00
-3.692700e+00 -1.073025e+01
-5.529917e+00 1.002909e+01
7.238840e+00 -3.562094e+00
-1.035649e+01 -1.877420e-01
-8.393106e+00 -3.878253e+00
-9.805653e+00 8.180885e+00
8.110586e-01 1.869649e+00
-5.603003e+00 1.331921e+00
7.714866e+00 -4.933014e+00
-6.971821e+00 -5.400884e+00
-1.093999e+01 6.438913e+00
-1.113168e+01 6.212613e-01
-1.986088e+00 -7.847682e+00
6.384582e+00 7.046884e+00
-2.983967e+00 -4.935435e+00
4.621422e+00 2.384061e+00
6.628874e-01 9.524753e+00
-1.772752e+00 9.508584e+00
-1.267532e+00 1.580351e+00
-5.347691e-01 -8.349932e+00
-1.053532e+01 9.970118e+00
-7.145974e+00 7.606330e+00
8.075602e+00 -1.647140e+00
-4.477747e+00 3.513511e+00
-4.637813e+00 -2.399657e+00
-6.122848e+00 -7.749534e+00
2.558602e+00 3.265305e+00
-1.045301e+01 -2.860325e+00
-1.974581e+00 -1.975582e+00
-9.463593e+00 3.349175e+00
-6.446864e+00 4.378898e+00
-6.032040e+00 -8.853895e+00
2.488376e+00 2.062405e+00
3.533719e+00 4.199638e+00
-5.773070e+00 -9.816062e+00
-5.491825e+00 -1.089068e+01
8.372290e+00 6.006605e+00
-2.044641e+00 -2.986289e+00
-2.071785e+00 7.341648e+00
-3.412100e+00 1.851108e+00
5.081127e+00 -3.956927e+00
-9.368567e+00 -3.370181e+00
9.238408e+00 1.159680e+00
-1.327320e+00 2.681412e+00
-9.708797e-01 -1.508036e+00
-9.374581e+00 -2.311959e+00
-5.587834e-02 4.379677e+00
-4.023979e+00 5.697393e+00
-2.856365e+00 9.430653e+00
1.634687e+00 -5.611784e+00
1.132062e+00 -6.642192e+00
7.220390e+00 5.545102e+00
1.064724e+01 3.917282e+00
-4.311398e+00 -2.442372e-01
5.735630e+00 2.842409e+00
3.739843e-01 -7.862629e+00
7.483185e-01 -1.041183e+01
-1.569076e+00 3.382026e-01
-3.014698e+00 -9.911359e+00
-3.086869e+00 5.332768e+00
-4.377756e+00 -6.806190e+00
-6.259923e+00 8.651929e+00
2.646374e+00 1.076054e+01
-1.091959e+01 7.514415e+00
-2.254965e+00 -4.148583e+00
-4.813110e+00 -4.470988e+00
-5.361035e-01 -9.661521e+00
-6.364903e+00 -1.977754e+00
6.612608e+00 1.794578e+00
-5.117612e+00 -5.990832e+00
2.298244e+00 4.388932e+00
-2.263772e+00 2.208377e+00
-2.833135e+00 -1.289496e+00
-1.003690e+01 -8.695180e+00
-4.107597e+00 -1.547792e+00
-1.550717e-01 8.193638e+00
9.076606e-02 6.808624e+00
5.605912e+00 -7.125938e+00
4.025822e+00 -4.094967e+00
3.903092e+00 -8.431817e+00
8.512752e+00 9.527111e+00
7.556918e+00 -8.602644e+00
-3.274869e+00 3.308433e+00
1.081562e+01 -6.326688e-01
-1.889686e-01 -3.222039e+00
-3.075825e+00 -7.750642e+00
-1.614662e+00 8.292078e+00
6.927678e+00 -1.360477e+00
1.600296e+00 2.667358e+00
-6.789145e+00 -6.950834e+00
-1.275420e+00 -1.064034e+01
-2.734172e-01 2.465492e+00
7.448462e-01 -3.857156e+00
4.655019e+00 1.065410e-01
7.284966e+00 8.910439e+00
-4.638770e+00 4.558279e+00
-1.212474e-01 1.016393e+01
4.577404e+00 6.066248e+00
4.104144e+00 -6.312247e+00
-7.756453e+00 -6.511155e+00
-2.718095e+00 8.247069e+00
-5.403441e+00 6.417090e+00
-2.700924e-01 -6.586944e-01
-1.606654e+00 -7.665423e-01
-1.247435e+00 -3.737318e+00
-5.590415e+00 -6.842477e+00
-7.400704e+00 -4.142605e+00
5.455706e+00 7.676822e+00
1.026088e+01 1.987912e-01
4.641222e+00 1.285909e+00
-4.027088e+00 8.005509e+00
-1.379580e+00 4.303974e+00
-1.909133e-01 1.329304e+00
1.059945e+01 4.952568e+00
7.449917e+00 7.745143e+00
3.373058e+00 -7.477291e+00
1.717258e+00 -3.229207e+00
-4.960083e+00 -9.127112e+00
-4.195592e+00 6.767146e+00
-6.559742e+00 -1.067704e+01
-4.544574e+00 1.088585e+01
6.621253e+00 1.028707e+01
-5.721521e+00 -5.097223e+00
6.009457e-01 3.160707e+00
3.742303e+00 8.061986e+00
-8.115396e+00 9.430025e+00
-2.059441e+00 3.381311e+00
7.369030e+00 -1.106704e+01
-1.544860e+00 -6.802354e+00
-4.171406e+00 -5.270665e+00
2.507318e+00 -8.237926e+00
4.544117e+00 7.236241e+00
7.074685e-01 -4.977919e+00
1.582856e-01 5.414808e+00
2.404906e-01 -6.006386e+00
8.545176e+00 -1.079269e+01
4.481534e+00 3.591106e+00
5.163958e+00 -6.157414e+00
1.105641e+01 -2.159485e+00
9.197517e+00 -9.913869e+00
-5.144391e+00 -1.387377e+00
-2.706559e+00 -8.774084e+00
8.549283e+00 4.654919e+00
-2.854280e-01 -4.310049e+00
8.200806e+00 -9.723315e+00
7.782388e+00 -6.063300e+00
9.508234e+00 -4.846000e+00
2.536867e+00 -5.006750e+00
-3.651815e+00 -4.149365e+00
5.505288e+00 1.685708e+00
-3.088628e+00 -2.302773e+00
4.912029e+00 -2.859943e+00
4.245765e+00 -1.036685e+01
9.302205e+00 6.456836e+00
5.479179e+00 4.096884e+00
2.138795e+00 -6.858207e+00
4.621416e+00 -9.284810e+00
4.772251e+00 8.502496e+00
4.543125e+00 9.912348e+00
4.138555e+00 -2.094906e+00
1.676916e+00 -4.371753e+00
9.230229e-01 1.073598e+01
1.038303e+01 1.411864e+00
-5.189541e+00 8.805617e+00
-8.688799e-01 -5.950238e+00
3.474280e+00 1.023215e+01
6.709037e+00 -2.090659e-01
3.237393e+00 -2.981117e+00
-5.108973e+00 -7.873826e+00
-2.978751e+00 -3.373614e+00
-1.070439e+01 8.839564e+00
6.314787e+00 5.946494e+00
-1.423224e+00 -8.971853e+00
2.757779e+00 -1.128906e+00
9.676380e+00 8.712150e+00
1.021306e+01 -1.562506e+00
-7.838180e-01 9.062074e+00
-4.266140e+00 2.534142e+00
-6.630735e+00 1.062088e+01
6.325537e+00 -1.094326e+01
8.895558e+00 9.246149e-02
2.746061e+00 -3.902245e+00
-1.828518e+00 -5.680351e+00
1.040429e+01 5.973352e+00
1.114873e+01 -3.626363e+00
5.890311e+00 -2.370423e+00
9.374611e+00 5.255283e+00
-4.197068e+00 -3.339938e+00
-8.804776e+00 -5.680249e+00
-1.425487e-01 -6.926073e+00
-7.084790e+00 5.170159e+00
-6.628767e+00 6.590710e+00
3.401525e+00 7.038976e+00
-8.904817e+00 1.015195e+01
-9.598464e+00 -6.368561e+00
-8.697595e+00 1.115749e+01
1.827473e+00 1.002552e+01
7.610680e+00 2.776511e+00
1.055943e+01 1.050932e+01
-4.467608e+00 9.830504e+00
9.620862e+00 -1.104797e+01
-9.594624e+00 9.313594e+00
1.019120e+01 -9.607111e+00
5.969109e+00 -9.290250e+00
-3.240804e+00 7.352135e+00
5.454328e+00 6.677064e+00
1.065074e+01 2.666142e+00
-9.162875e-01 7.330505e+00
2.135742e+00 -1.056552e+01
-4.671443e+00 -1.025873e+01
-2.205453e+00 6.318726e+00
5.248022e+00 5.309859e+00
9.142524e+00 -1.003968e+00
6.787985e+00 -6.388510e+00
-2.512225e+00 -1.086401e+01
2.604639e+00 8.251808e+00
-6.055257e+00 7.642296e+00
-2.552856e-01 -1.071028e+01
3.207479e+00 -1.068086e+01
-1.100931e+01 -7.948851e+00
6.930378e+00 -2.518692e+00
1.494856e+00 -7.858653e+00
-8.401462e+00 -1.004455e+01
-1.001825e+01 -5.312222e+00
9.687035e+00 9.976537e+00
3.798889e+00 -6.796644e-01
6.509226e-01 4.559802e-01
-9.220715e+00 2.624369e-03
1.540832e+00 -1.190968e+00
8.341801e+00 -7.906251e+00
-3.874590e+00 -9.391581e+00
-3.521793e+00 1.054115e+01
8.036141e+00 3.715236e+00
8.369658e+00 7.207239e+00
1.108565e+01 -8.933955e+00
7.373817e+00 6.607969e+00
2.210411e+00 7.222708e+00
-8.649630e+00 6.414797e+00
3.772466e+00 9.149478e+00
-1.081546e+01 1.099143e+01
5.639656e+00 9.398328e+00
-7.812351e+00 -7.628138e+00
9.161726e+00 -3.136802e+00
-6.182564e+00 -2.996942e+00
9.076551e+00 -2.087232e+00
-3.550171e+00 -6.176104e+00
6.663596e+00 -8.101918e+00
1.657500e+00 1.142000e+00
2.950646e+00 4.428477e-03
9.538854e+00 -6.184421e+00
8.439507e+00 8.408575e+00
9.049050e+00 3.267302e+00
-7.356025e+00 -1.825366e+00
-1.349213e+00 1.062048e+01
1.732644e+00 8.883610e-02
1.015776e+01 -2.768810e+00
-8.595293e+00 4.037094e+00
3.656768e+00 -5.356696e+00
4.416671e+00 -7.506910e+00
9.327972e+00 7.587227e+00
2.436435e+00 -9.530741e+00
-3.823086e+00 8.994543e+00
1.807964e+00 8.973343e+00
1.042316e+01 7.057508e+00
-6.053852e+00 5.593763e+00
8.596887e+00 -6.625910e+00
-1.213151e+00 -4.816754e+00
1.086462e+01 -4.833151e+00
1.242038e+00 -2.227389e+00
7.937679e+00 -2.686129e+00
-6.681397e+00 1.225588e+00
6.442965e+00 8.265583e+00
2.951171e+00 -6.194443e+00
-7.022619e+00 -9.627855e+00
-5.463086e+00 2.571798e+00
-1.082442e+01 -5.941228e+00
-9.594535e+00 4.629369e+00
-6.946358e+00 9.642086e+00
