-9.391484e+00 -1.022388e+01
1.101823e+01 6.232200e+00
-9.119204e+00 7.898752e+00
-7.337946e+00 -9.703608e+00
8.663592e+00 -1.837367e+00
-8.812765e+00 -3.409330e+00
-1.061360e+01 -1.568272e+00
-8.712551e+00 2.086560e+00
6.522038e+00 -4.166862e+00
-1.018352e+01 -1.120571e-01
4.172097e+00 5.010981e+00
1.011992e+01 1.033160e+00
-1.078319e+01 7.311985e-01
9.006278e+00 1.200127e+00
-3.493049e+00 5.275888e+00
7.276148e+00 -1.432320e-01
-7.641713e+00 5.353748e+00
-4.641725e+00 7.141797e+00
-1.018507e+01 -1.100262e+01
-6.319757e+00 8.492640e+00
-8.549981e+00 -6.948831e+00
-9.896925e+00 -5.299723e+00
1.071111e+01 -8.532010e+00
-6.685972e+00 -2.984882e+00
1.050743e+01 -1.253392e+00
-1.003529e+01 1.718565e+00
-7.067010e+00 -4.394349e+00
9.927981e+00 -4.036176e+00
2.873667e+00 -3.165330e+00
1.031969e+01 2.246671e+00
-8.486514e+00 6.188882e+00
7.104375e+00 -2.933781e+00
-1.020026e+01 6.248707e+00
8.730350e+00 -3.987792e-02
-2.698422e-01 2.521961e+00
7.621199e+00 6.239610e+00
-9.719920e+00 -9.132338e+00
-4.958089e+00 1.099532e+01
-7.976396e+00 1.056304e+01
9.894700e+00 5.847124e+00
-4.452325e+00 -8.415773e+00
-8.825742e+00 -5.598372e+00
-1.039166e+01 8.141181e+00
-7.355822e+00 8.088343e+00
-1.034603e+01 -8.078405e+00
-7.531449e+00 -2.151018e+00
-9.479723e+00 7.678614e-01
-8.500055e+00 9.262076e-01
9.209987e+00 -9.427085e-01
-6.816953e+00 3.542896e+00
7.520583e+00 -1.883428e+00
-7.663562e+00 1.837095e+00
1.096099e+01 -1.375982e-01
8.025818e+00 3.970052e+00
1.796259e+00 2.987600e+00
-5.597749e+00 4.245113e+00
-9.405499e+00 8.987791e+00
-3.556697e+00 7.044087e+00
-5.875585e+00 5.346256e+00
-3.074530e+00 8.106088e+00
8.638846e+00 -7.340414e+00
3.233500e+00 -9.899031e+00
-1.094626e+01 -7.082337e+00
-5.267775e+00 -7.774178e+00
-7.598804e+00 4.218554e+00
-8.485846e+00 -4.393602e+00
-5.971677e+00 -3.958014e+00
-5.625016e+00 -2.896148e+00
6.028044e+00 -3.125762e+00
-7.798240e+00 -3.353841e+00
-4.718655e+00 5.084783e+00
6.297027e+00 -7.674440e-01
9.369790e-01 -3.837569e+00
5.293603e+00 4.966972e+00
1.085991e+01 7.981579e+00
2.245069e+00 5.811866e+00
-6.796537e+00 2.478213e+00
-1.039800e+00 6.829266e+00
-6.439022e+00 7.420422e+00
-7.379567e+00 -1.080243e+01
2.035485e+00 -8.022322e+00
-7.798102e+00 -8.695148e+00
-1.372327e+00 9.542321e+00
-1.074959e+01 -9.013543e+00
-9.571579e+00 -6.294036e+00
9.578329e+00 -5.082723e+00
-5.509761e+00 -6.772774e+00
-7.442165e+00 6.741017e+00
-9.487713e+00 -4.260041e+00
7.922047e+00 -1.011307e+01
-8.686927e+00 -8.186832e+00
-5.698477e+00 4.747777e-01
-2.538669e+00 4.667916e+00
-1.832036e+00 5.830320e+00
7.035172e+00 4.367259e+00
4.964969e+00 8.588924e-01
5.885559e+00 1.694214e+00
-1.068174e+01 -6.054327e+00
-8.941573e-01 8.559671e+00
1.056892e+01 -6.054061e+00
-8.615391e+00 4.898907e+00
8.684251e-01 -8.020066e+00
-3.698354e+00 9.025084e+00
-4.661637e+00 -3.354074e+00
-4.331513e+00 -9.465143e+00
-1.073352e+01 -4.547835e+00
-1.689258e+00 -7.948998e+00
9.703587e+00 -1.299856e-03
-6.199006e+00 -1.092886e+01
-3.791372e+00 -1.017240e+00
-7.257653e+00 -9.663051e-01
-6.650441e+00 -8.939232e-02
-3.917017e+00 2.052857e+00
-4.904564e+00 3.046842e+00
6.856602e+00 3.278268e+00
9.821081e+00 3.147171e+00
-4.428522e+00 6.055245e+00
-9.397412e+00 5.656717e+00
9.161962e+00 4.039329e+00
-1.101852e+01 4.457949e+00
-2.798219e+00 6.222994e+00
-2.109953e+00 8.716026e+00
-3.317592e+00 -9.460769e+00
-6.483476e+00 -7.279355e+00
-4.155923e-01 -4.326105e+00
-2.929663e+00 -1.042687e+01
-2.403996e+00 -7.039821e+00
-1.337741e+00 -6.337229e+00
-6.171305e+00 1.569262e+00
-4.541109e+00 4.045588e+00
-2.803598e+00 -3.821738e+00
-1.714528e+00 -2.603939e-01
-1.023725e+01 5.092571e+00
-8.945750e+00 -3.158377e-01
6.230357e-01 7.533580e+00
5.589367e+00 9.124667e+00
-1.459900e+00 4.654615e+00
8.245132e+00 7.439948e+00
-4.534198e-01 4.538512e+00
2.710455e-02 6.452574e+00
-6.664028e+00 4.666260e+00
3.755316e-01 1.035106e+01
-3.832394e+00 1.067310e+01
-6.964777e+00 1.037685e+01
-6.194812e+00 -9.635884e+00
-6.159041e-01 -1.092836e+01
-4.903805e+00 -4.514132e+00
-3.815159e+00 -4.240317e+00
-4.318922e+00 -6.947597e+00
-4.357060e+00 -2.088489e+00
-4.679367e-01 -7.326572e-01
-1.274501e+00 -3.299164e+00
8.883879e+00 5.154828e+00
-2.103530e-01 -3.350042e+00
-2.631883e+00 3.550349e+00
1.376003e+00 5.106221e+00
-4.024593e+00 -5.441767e+00
-4.197669e+00 8.128750e+00
-2.432948e+00 7.230975e+00
-4.943888e+00 -3.693519e-01
-7.014409e-01 1.039399e+01
-5.310803e+00 8.002394e+00
-6.872070e-02 -9.994651e+00
-5.044153e+00 -5.734601e+00
-8.442401e+00 -1.283132e+00
-5.861857e+00 -9.022783e-01
-2.412111e+00 9.693601e+00
-7.823102e+00 -5.052248e+00
-6.042965e+00 -4.960696e+00
-1.653651e+00 -1.056649e+01
1.322209e+00 -9.018743e+00
3.257043e+00 -6.235049e+00
-2.333202e-01 -6.372520e+00
-2.899732e+00 2.410934e+00
-1.100981e+01 2.695927e+00
-3.594465e+00 4.306379e+00
9.052848e-01 9.379192e+00
-5.315971e+00 -9.022172e+00
5.208604e+00 8.207581e+00
-6.483501e+00 -1.776625e+00
-3.567302e+00 -7.909143e+00
-5.630795e+00 9.368662e+00
6.422259e-01 -6.980838e+00
-5.869526e+00 1.041685e+01
-5.357521e+00 -1.022773e+01
9.839836e-02 -8.842618e+00
-1.072525e+00 -9.174764e+00
-6.494207e+00 -8.480558e+00
-2.120625e+00 -9.664105e+00
-1.030054e+01 3.475484e+00
-7.877513e+00 3.052288e+00
-5.424964e+00 -1.853462e+00
-8.744718e+00 3.728699e+00
-7.217400e+00 8.699398e-01
2.074272e+00 4.265772e+00
1.049213e+01 5.072271e+00
-3.061303e+00 1.280605e+00
4.475523e+00 1.081865e+01
3.280417e+00 5.937266e+00
1.045698e+01 -9.703726e+00
4.648179e+00 -8.080949e+00
3.749008e+00 -9.010856e+00
4.437766e+00 6.050190e+00
-6.954908e+00 -5.582554e+00
1.826624e-01 8.603720e+00
9.329461e+00 9.588865e+00
2.349052e+00 -9.197446e+00
1.707951e+00 -6.935198e+00
5.196390e+00 -5.819880e+00
-3.873836e+00 1.174997e-01
2.891856e+00 1.295052e+00
-7.794054e-01 -2.298076e+00
1.819612e+00 9.950993e+00
-5.130197e+00 1.993279e+00
1.106807e+00 6.399797e+00
-2.008062e+00 1.443485e+00
4.407269e+00 8.859131e+00
-3.618335e-01 7.662655e+00
6.006943e+00 7.461593e+00
-3.778316e+00 3.291633e+00
-5.197325e-01 -7.989667e+00
-9.326610e+00 6.861792e+00
7.896282e+00 -8.988632e+00
-1.718173e+00 1.077477e+01
2.126093e+00 -4.045291e+00
-5.806244e-01 -5.366279e+00
4.518172e+00 -6.858585e+00
-3.203165e+00 -1.866408e+00
5.204005e+00 -2.356770e+00
3.461980e+00 3.751767e+00
-5.904529e+00 3.053743e+00
-9.913403e-01 1.808456e+00
-8.280762e-01 3.540436e+00
-1.488374e+00 7.739061e+00
-1.138308e+00 5.657245e-01
4.138961e+00 2.717226e+00
3.087334e+00 2.359528e+00
3.687344e+00 -7.752176e+00
6.679940e+00 -9.432669e+00
2.175993e+00 -1.038706e+01
3.477570e+00 1.001036e+01
2.963125e+00 -8.430166e+00
4.517319e-01 -1.095965e+01
3.667538e+00 -1.082028e+01
1.014396e+00 -9.967434e+00
-1.955503e+00 -1.666004e+00
6.805590e+00 9.401270e+00
6.842510e+00 -7.265519e+00
-7.900770e+00 -9.982654e-02
-8.698881e+00 -2.291005e+00
9.889574e-01 -5.948578e+00
-2.742177e+00 -4.549327e-01
2.777907e+00 8.041204e+00
5.947046e+00 2.858372e+00
1.300025e+00 8.375506e+00
-4.496857e+00 9.017464e-01
4.144751e+00 -5.756295e+00
8.833948e+00 -1.059495e+01
6.517836e+00 6.519307e+00
7.025562e+00 1.043475e+01
5.861988e+00 4.006608e+00
5.139956e+00 -9.172055e+00
-3.362976e+00 -6.549826e+00
-4.626940e+00 9.910353e+00
4.982389e+00 7.029213e+00
6.253136e+00 -5.266341e+00
7.320351e+00 -4.981445e+00
5.477632e+00 -4.658466e+00
1.656599e+00 -4.971596e+00
-2.709153e+00 -8.552225e+00
-1.652323e+00 -4.237753e+00
6.033825e-01 4.303968e+00
8.128684e+00 -2.885986e+00
2.991048e+00 4.882016e+00
3.783727e+00 7.977320e+00
4.680943e+00 3.860478e+00
5.505108e+00 6.098357e+00
4.677964e+00 -1.036158e+01
8.109300e+00 1.002181e+01
7.647183e+00 8.421904e+00
6.723017e+00 -8.333796e+00
4.996460e+00 -2.945616e-01
5.744833e+00 -1.010467e+01
1.680488e+00 1.099243e+01
6.492185e+00 5.443798e+00
-4.247326e+00 -1.053114e+01
2.855048e+00 -7.152565e+00
5.765907e+00 -7.769152e+00
3.992787e+00 -2.900907e+00
2.741113e+00 -5.124577e+00
-2.412330e+00 5.336380e-01
1.642649e+00 -1.324011e-01
3.381251e+00 8.870315e+00
1.836162e+00 7.399590e+00
2.109346e+00 8.949933e+00
-1.642422e+00 2.596405e+00
1.040597e+01 1.029626e+01
1.756855e+00 -3.045711e+00
8.402863e-01 2.003283e+00
7.742995e+00 5.218844e+00
5.985543e+00 1.018379e+01
8.763420e+00 -8.376879e+00
2.114657e+00 -5.902162e+00
2.697965e+00 -2.146134e+00
4.321410e+00 -1.749221e+00
5.401246e+00 -1.259832e+00
7.849541e+00 1.105695e+01
5.949572e+00 -6.533419e+00
3.679077e+00 4.709988e-01
-2.792142e+00 -5.667899e+00
-2.335543e+00 -2.898912e+00
5.713440e-01 -4.842577e+00
9.253465e+00 2.226554e+00
-1.090589e+01 1.026972e+01
3.938138e+00 7.020840e+00
9.312895e+00 7.424665e+00
-8.747941e+00 9.845641e+00
1.073172e+01 9.265534e+00
9.987618e+00 8.474794e+00
5.684489e+00 -1.113713e+01
9.753464e+00 -8.970266e+00
8.778526e+00 -9.524787e+00
-8.393727e+00 -1.050641e+01
8.904809e+00 1.063560e+01
1.028119e+01 -7.036571e+00
1.058293e+01 -5.006991e+00
-8.371849e+00 7.233730e+00
7.885506e+00 -6.650450e+00
9.800028e-03 9.424197e-01
-2.747255e+00 1.078641e+01
6.790766e+00 1.178220e+00
3.251859e-01 5.344643e+00
1.798926e+00 1.702014e+00
8.208118e-01 3.200030e+00
7.018834e+00 2.334119e+00
6.953206e+00 -1.070205e+01
2.764846e+00 1.086941e+01
-7.184351e+00 9.194183e+00
-1.055871e+01 9.291139e+00
1.996444e+00 -1.347882e+00
-1.076035e+01 -1.014617e+01
-9.588398e+00 -7.472981e+00
7.647551e+00 -3.936808e+00
6.421770e+00 8.471329e+00
-7.861004e+00 -6.245838e+00
9.772776e+00 -1.999210e+00
8.768820e+00 -4.169514e+00
3.179217e+00 -4.106035e+00
1.494153e-01 -1.987596e+00
6.272901e+00 -2.021872e+00
4.217247e-01 -1.301897e-01
5.189479e+00 -3.638731e+00
1.315076e+00 -2.118044e+00
-7.655518e-01 5.717850e+00
8.937682e+00 6.221768e+00
8.681979e+00 8.709234e+00
1.013298e+01 -1.076288e+01
6.177557e+00 2.503952e-01
-9.035718e+00 1.100113e+01
-9.780686e+00 1.010042e+01
7.726929e+00 -7.852588e+00
7.018222e+00 -6.096028e+00
9.237282e+00 -6.326009e+00
-8.720368e+00 -9.399121e+00
1.088339e+01 -2.217375e+00
4.910337e+00 1.938688e+00
-9.687854e+00 -2.300234e+00
-3.475115e+00 -2.919796e+00
-1.819680e+00 -5.280729e+00
2.757237e+00 -1.697666e-01
4.019181e+00 -7.269984e-01
4.242631e+00 -4.550253e+00
8.031041e+00 1.763006e+00
3.888073e+00 1.500901e+00
8.010750e+00 2.861014e+00
4.868040e+00 9.909523e+00
3.101470e+00 -1.191698e+00
8.036874e+00 7.365176e-01
-1.084198e+01 7.141569e+00
9.161840e+00 -3.185419e+00
1.111910e+01 -1.104429e+01
7.130450e+00 7.432380e+00
9.764790e+00 -7.957921e+00
-5.753933e+00 6.382753e+00
8.367145e+00 -5.181179e+00
-9.639056e+00 -1.119932e+00
-9.551586e+00 2.697663e+00
1.016141e+01 -2.996491e+00
1.063544e+00 9.833880e-01
-1.016566e+01 -3.258533e+00
7.977796e+00 -9.939879e-01
1.092819e+01 -3.820346e+00
1.107953e+01 1.630655e+00
2.764682e+00 6.891626e+00
1.038706e+00 -1.102492e+00
-8.244188e+00 8.813413e+00
1.063167e+01 3.849423e+00
-7.506004e+00 -7.724358e+00
1.029941e+01 7.144775e+00
-6.722127e+00 5.887594e+00
