7.801167e+00 -1.039898e+01
-7.854624e+00 7.938445e+00
-9.002210e+00 6.728716e+00
-3.672846e+00 6.897160e-01
-4.410780e+00 1.813697e+00
-8.628247e+00 -9.959315e+00
7.869334e+00 7.294048e-04
5.180527e+00 3.409989e+00
6.747031e+00 -6.474763e+00
6.451874e+00 -3.013672e+00
-4.792223e+00 7.609586e+00
9.748166e+00 5.363955e+00
-6.992617e+00 7.919281e-02
6.086058e+00 3.087229e+00
-5.686071e+00 3.615387e+00
5.797618e+00 4.229332e+00
-8.505452e+00 -4.247731e+00
1.073782e+01 -1.001763e+01
-9.664999e+00 -8.371518e+00
-1.070240e+01 -8.816813e+00
5.542615e+00 -8.561910e+00
8.004993e+00 -4.461339e+00
2.624538e+00 -4.708046e+00
-2.599682e+00 4.659102e-01
5.404628e+00 9.430273e-01
-1.076918e+01 6.471812e+00
-4.324260e+00 -2.174313e-01
-1.028163e+00 1.030630e+01
9.624379e+00 -1.326075e-01
-6.837703e+00 3.380833e+00
2.830363e+00 -7.813976e+00
7.140963e+00 2.842486e+00
-9.416459e+00 2.687077e+00
-1.014845e+01 -1.960196e+00
1.684923e+00 3.419507e+00
-4.048795e+00 1.096739e+01
-8.382106e+00 -1.098687e+01
-9.458815e+00 -9.399414e+00
9.009233e+00 -6.473693e+00
-8.517977e+00 3.231870e+00
8.980825e+00 -1.022299e+01
5.302021e+00 -2.053755e+00
-9.621646e+00 -1.069596e+01
9.126612e+00 2.598992e+00
-1.011559e+01 -4.994466e+00
7.764187e+00 8.084714e+00
-6.861075e+00 -3.135297e+00
-7.481517e+00 -4.176948e+00
8.404788e+00 -5.419875e+00
-1.117512e+01 -1.265096e+00
4.469542e+00 -3.930152e+00
-1.058752e+00 2.597926e+00
8.684022e+00 -6.785015e-01
-8.729988e+00 4.747594e+00
1.023355e+01 -1.145119e+00
-7.353670e+00 -1.015699e+00
1.439215e+00 5.157483e+00
-6.057912e+00 -4.014363e+00
-6.931720e+00 7.269943e+00
3.500693e-01 5.090693e+00
2.926959e+00 -1.003712e+01
4.813105e+00 -7.722677e+00
7.794281e+00 1.009126e+01
-2.016353e+00 -1.010193e+01
-1.011110e+01 1.644917e+00
4.743181e+00 -6.513976e+00
1.043541e+01 -4.654666e+00
-4.761669e+00 7.997595e-01
-7.205435e+00 9.806709e+00
5.036922e+00 -5.424999e+00
3.776848e+00 8.872376e+00
-1.086268e+01 2.254861e+00
9.848046e-01 6.179263e+00
4.070869e+00 4.580038e+00
4.873354e-01 3.993444e+00
9.308000e+00 4.317469e+00
-9.167125e+00 -6.257253e+00
-3.359836e+00 4.964185e+00
5.903204e+00 -7.475394e+00
9.964625e+00 -5.931317e+00
3.692809e+00 -9.378808e+00
-7.888760e+00 -5.641337e+00
6.893635e+00 3.914935e+00
4.364641e-01 -6.150457e+00
5.556555e+00 1.021407e+01
4.109495e+00 1.373028e+00
9.930241e+00 1.022305e+01
-7.643268e+00 4.883096e+00
3.660233e+00 -6.888893e+00
7.222430e-01 -2.147505e+00
-5.819928e+00 2.976873e-01
-1.501829e+00 4.730534e-01
-1.249583e-01 1.991852e+00
8.296644e+00 1.932233e+00
1.063166e+01 5.953583e+00
3.828418e+00 -6.048375e-01
4.893395e+00 8.867592e+00
5.320670e-01 1.055561e+00
-9.398927e+00 3.772090e+00
1.005190e+01 -7.372498e+00
1.034673e+01 4.392441e+00
2.937851e+00 6.897294e+00
1.115196e+01 -7.802826e+00
9.041675e+00 -4.469913e+00
-2.711324e+00 -6.386729e+00
-5.231442e+00 8.592028e+00
-3.806960e+00 -6.032718e+00
9.782456e+00 3.344056e+00
-5.325764e+00 -6.432936e-01
-6.221033e+00 -7.869660e+00
-9.109521e+00 -1.804343e+00
-6.666144e+00 4.359313e+00
1.897078e+00 -2.322048e+00
5.780662e+00 5.843135e+00
-1.104004e+01 8.550467e+00
-9.972792e+00 8.402960e+00
-9.072520e+00 9.411755e-01
-4.312000e+00 -6.907455e+00
8.243055e+00 3.132758e+00
-7.955604e+00 8.968359e+00
1.328046e+00 -4.139844e-02
2.132225e+00 6.254604e+00
-4.038830e+00 9.491845e+00
-3.907612e+00 8.370578e+00
3.956466e+00 -4.902352e+00
1.116697e+01 -2.240066e+00
-5.689658e+00 -6.808292e+00
-5.266188e+00 9.882727e+00
-1.562438e+00 3.610260e+00
-1.012179e+01 3.666835e-01
7.331332e+00 -5.634428e+00
-5.216478e+00 -7.717860e+00
-9.390803e+00 9.381707e+00
1.017529e+01 2.192883e+00
-5.502724e-01 -5.821907e+00
4.426318e+00 1.012532e+01
-4.662747e+00 -2.338828e+00
8.726462e+00 5.146694e-01
1.645376e+00 9.191747e+00
-1.368960e+00 5.401520e+00
-4.650033e+00 3.067396e+00
-1.238598e-01 -7.424591e+00
-1.044650e+01 1.103446e+01
-7.912387e+00 6.896834e+00
8.758977e+00 -1.743518e+00
-6.590121e+00 2.117363e+00
-6.828990e+00 1.082156e+00
-4.172455e+00 -9.461921e+00
7.305103e+00 1.598195e+00
-8.941067e+00 -5.215812e+00
1.599972e-01 8.385871e-03
-1.098674e+01 8.519372e-01
-5.894018e+00 7.808548e+00
-3.337561e+00 -7.327951e+00
4.076239e+00 3.567542e+00
6.832817e+00 5.675169e+00
-6.357451e+00 1.044657e+01
-4.700998e+00 -1.040168e+01
1.003522e+01 8.081244e+00
-1.219328e+00 -3.256812e+00
-3.756782e-01 3.480692e+00
-8.493499e+00 1.767289e+00
5.619104e-01 -4.042418e+00
-6.530283e+00 -2.123733e+00
9.326243e+00 1.373075e+00
3.588362e+00 4.510905e-01
-1.445435e+00 -1.949821e+00
-1.055406e+01 -3.102087e+00
4.300636e+00 7.872593e+00
-6.306979e+00 5.392351e+00
-2.373595e+00 6.534299e+00
1.835961e+00 -8.146330e+00
-5.303909e-02 -8.431170e+00
8.113111e+00 7.021867e+00
7.557998e+00 4.922499e+00
-9.060351e+00 -3.170083e+00
6.546465e+00 6.887177e-01
-7.526337e-01 -9.241277e+00
7.820924e-01 -1.103179e+01
-2.482516e+00 1.739872e+00
-1.399532e+00 -1.096419e+01
2.151178e+00 1.971460e+00
-5.394421e+00 -9.124659e+00
-1.427068e+00 7.624327e+00
8.270415e-01 9.848698e+00
1.079699e+01 1.100113e+01
-4.890628e+00 -6.085959e+00
-6.907052e+00 -5.057838e+00
-2.835812e+00 9.166659e+00
-3.418847e+00 2.125896e+00
-9.805435e+00 -9.444815e-01
-2.287092e+00 -5.387494e+00
5.951177e+00 6.834565e+00
-5.407244e+00 4.744441e+00
-7.937514e+00 6.145627e-01
-9.377006e+00 1.051778e+01
-1.029564e+00 -9.550008e-01
2.501344e+00 2.232910e-01
-2.777446e-01 5.940119e+00
2.636923e+00 -6.705176e+00
2.871538e+00 -1.201756e+00
2.812335e+00 -8.819709e+00
6.662589e+00 1.009398e+01
3.507089e+00 -5.846413e+00
-3.553233e+00 3.579245e+00
6.855896e+00 -1.808160e+00
1.138605e+00 -3.138182e+00
-2.322514e+00 -7.619991e+00
3.581227e+00 5.935877e+00
7.827628e+00 -2.216433e+00
-4.185497e-01 -2.028452e+00
-3.445244e+00 -5.049382e+00
-3.337225e+00 -1.051729e+01
5.419488e-01 2.874619e+00
3.181307e+00 -2.327831e+00
5.410422e+00 -4.304116e+00
6.268342e+00 -9.530645e+00
-6.949167e+00 6.200075e+00
1.567810e+00 1.072262e+01
7.046498e+00 6.900353e+00
1.884956e+00 -3.944973e+00
-6.394284e+00 -9.516895e+00
-3.371182e+00 6.084783e+00
-4.316875e+00 5.310820e+00
-1.433006e+00 1.613817e+00
-5.692668e+00 2.603760e+00
-2.916617e+00 -4.169315e+00
-5.198893e+00 1.097380e+01
-5.798971e+00 -2.811935e+00
3.419941e+00 1.003195e+01
-1.110099e+01 -1.643980e-01
6.083375e+00 -1.072108e+00
1.715564e-01 7.041084e+00
-4.555684e+00 4.125711e+00
2.877809e+00 1.207758e+00
-1.080321e+01 5.379805e+00
7.304406e+00 1.104445e+01
8.135438e-01 -7.795772e+00
4.055672e+00 -1.725237e+00
-2.868581e+00 -8.550476e+00
-6.280597e-01 4.518567e+00
-5.684192e+00 -1.028357e+01
-2.597300e+00 7.766177e+00
5.859445e+00 9.121145e+00
-5.465349e+00 -1.636101e+00
1.048157e+00 1.937413e+00
2.689914e+00 9.023576e+00
-6.057059e+00 9.298109e+00
1.764205e+00 9.760302e-01
7.303141e+00 -7.357996e+00
-4.102773e+00 -4.139485e+00
-6.608385e+00 -6.117776e+00
1.988631e+00 -9.396786e+00
3.196367e+00 7.998076e+00
2.733556e-01 -5.121485e+00
1.469522e+00 7.133789e+00
-1.822337e+00 -4.152495e+00
6.349690e+00 -1.066813e+01
6.165759e+00 1.795662e+00
5.731926e+00 -6.471658e+00
-7.854127e+00 -3.167852e+00
7.294369e+00 -9.439343e+00
-8.410417e+00 -9.623338e-01
-1.256062e+00 -8.023458e+00
8.666290e+00 5.315439e+00
-3.205423e+00 -6.848322e-01
8.886292e+00 1.080913e+01
6.513396e+00 -4.289344e+00
7.731746e+00 -8.377747e+00
1.357358e+00 -4.815596e+00
-5.026948e+00 -3.582601e+00
4.789423e+00 -1.041702e+00
-1.948150e+00 -4.677651e-01
1.666543e+00 -7.120223e+00
4.191698e+00 -1.042073e+01
8.131661e+00 9.058615e+00
7.753817e+00 5.984578e+00
-3.671664e-01 -1.071565e+01
3.918194e+00 1.095523e+01
-7.393173e-01 9.006633e+00
4.962972e+00 1.114556e+01
2.618214e+00 -3.127025e+00
-2.616247e-01 -3.133850e+00
-1.779083e+00 8.733969e+00
-1.029393e+01 3.163082e+00
-5.200307e+00 5.817407e+00
-2.475597e+00 -1.376979e+00
2.369712e+00 1.003132e+01
5.592446e+00 -8.964103e-02
3.351766e+00 -3.962475e+00
-5.666080e+00 -5.296100e+00
-4.250417e+00 -1.326386e+00
-1.037509e+01 -9.898686e+00
9.026336e+00 8.629423e+00
-1.118104e+00 -6.877890e+00
4.619706e+00 4.198273e-01
-1.037710e+01 9.820516e+00
-7.813136e+00 -2.030295e+00
2.956790e-01 8.947977e+00
-7.608081e+00 2.586310e+00
-6.666006e+00 -1.075685e+01
5.446235e+00 -1.023879e+01
7.715825e+00 -1.170656e+00
-1.297428e+00 -5.023724e+00
-4.586716e+00 -5.093445e+00
-1.009619e+01 7.320740e+00
-9.089480e+00 -7.462490e+00
8.578407e+00 -3.067207e+00
1.008720e+01 9.098267e+00
-3.470548e+00 -1.929038e+00
-6.935966e+00 -7.100537e+00
-2.531505e+00 -3.020059e+00
-8.448354e+00 5.779212e+00
-5.743666e+00 6.758790e+00
4.810204e+00 6.035298e+00
-7.374221e+00 1.086688e+01
-7.869487e+00 -7.697582e+00
-7.596578e+00 -1.009364e+01
-3.040891e+00 -9.571623e+00
1.026404e+01 8.891163e-01
1.111202e+01 -5.467477e+00
-3.440540e+00 7.221435e+00
8.931348e+00 9.760863e+00
-8.341861e+00 1.016952e+01
9.956380e+00 -1.077926e+01
7.533915e+00 -3.346828e+00
2.862179e+00 4.034839e+00
9.058183e+00 7.606782e+00
1.070804e+01 3.021629e+00
5.047332e+00 4.998124e+00
3.912543e-01 -9.760417e+00
-2.862754e-01 8.062937e+00
1.195225e-01 -1.080409e+00
5.321903e+00 7.544370e+00
9.858881e+00 -2.236586e+00
5.410829e+00 -3.252651e+00
-1.751533e+00 -8.953760e+00
9.361290e-01 8.123707e+00
-6.838079e+00 8.509478e+00
-2.283964e+00 1.005257e+01
1.751018e+00 -1.046811e+01
-1.029315e+01 -6.059449e+00
6.950583e+00 -4.470554e-01
7.040501e-02 1.054831e+01
-7.087633e+00 -8.579312e+00
-8.155736e+00 -6.761563e+00
1.061148e+01 -8.799460e+00
3.738573e+00 2.620832e+00
2.675311e+00 2.964471e+00
-8.963444e+00 -1.088680e-01
-5.193072e-01 9.895754e-01
9.581520e+00 -3.480975e+00
-2.498386e+00 1.110769e+01
-3.254494e+00 1.036542e+01
6.427772e+00 7.840138e+00
9.195447e+00 6.278796e+00
-1.106978e+01 -6.722631e+00
7.018044e+00 9.117581e+00
2.718032e+00 5.043624e+00
-9.008593e+00 7.927154e+00
2.837544e+00 1.095011e+01
9.700140e+00 -9.463054e+00
1.998978e+00 8.100008e+00
-1.021192e+01 -7.461314e+00
8.647349e+00 -7.727608e+00
-5.731001e+00 1.507459e+00
1.059769e+01 -3.130416e+00
-4.083567e+00 -8.464980e+00
6.609030e+00 -8.616811e+00
5.139715e+00 1.923231e+00
4.076192e+00 -2.954804e+00
9.659110e+00 -8.349835e+00
1.090522e+01 9.681307e+00
8.305335e+00 4.121278e+00
-6.365740e+00 -1.050204e+00
-1.179352e+00 6.595820e+00
1.440729e+00 -1.204404e+00
-9.671747e+00 -4.027043e+00
-9.742352e+00 5.710511e+00
-6.905297e-01 -4.142025e+00
3.885269e+00 -8.207766e+00
1.007079e+01 6.901228e+00
9.453616e-01 -8.872644e+00
-2.449094e+00 5.474372e+00
4.045251e+00 6.922601e+00
1.105209e+01 7.404717e+00
-2.646397e+00 4.129347e+00
8.472754e+00 -9.241918e+00
-3.906300e+00 -3.063737e+00
-1.092024e+01 -4.108796e+00
-2.596671e+00 2.814085e+00
7.950042e+00 -6.496554e+00
-1.098208e+01 4.252077e+00
4.766864e+00 -9.332738e+00
1.791883e+00 -6.018175e+00
-8.619211e+00 -8.786340e+00
-7.821455e+00 3.849523e+00
6.193066e+00 -5.405985e+00
-1.011170e+01 4.642846e+00
-4.423368e+00 6.636815e+00
