1.086036e+01 -7.522515e+00
-9.795526e+00 7.509243e+00
-2.525003e+00 9.235084e+00
-7.011038e+00 -1.358504e+00
1.022739e+01 2.663491e+00
-9.053208e+00 -3.367275e+00
-1.014802e+01 5.572834e-01
-8.285069e+00 8.149729e+00
1.021245e+01 -3.251090e+00
7.874770e+00 1.164677e+00
-1.783560e+00 9.997191e+00
1.001382e+01 5.020253e+00
-1.115193e+01 8.202938e-01
9.199161e+00 1.077974e+00
-7.169861e+00 3.151964e+00
2.310012e+00 2.719391e+00
1.100033e+01 3.343244e+00
-8.656276e+00 1.016365e+01
-6.223773e+00 -6.567945e+00
-4.499777e+00 -7.909181e+00
-9.447594e+00 -7.903453e+00
-1.012011e+01 -6.411756e+00
6.158408e+00 -6.564767e+00
9.426072e+00 -3.005165e-01
5.993362e+00 -8.458329e-02
1.013944e+01 6.014532e+00
-6.346775e+00 -5.110681e-01
6.030690e+00 -9.345113e+00
7.958204e+00 -1.205517e+00
1.090437e+01 4.352714e+00
-4.044588e+00 5.639737e+00
5.440313e+00 -4.162892e+00
-9.373185e+00 3.738228e+00
1.051035e+01 8.996278e+00
-3.904856e+00 1.871602e+00
-1.015513e+01 -1.068504e+01
1.094639e+01 -6.349003e+00
-4.569030e+00 -1.097772e+01
-8.924283e+00 -4.686160e+00
-4.525658e+00 6.584558e+00
-7.987181e+00 -6.507979e+00
-9.211799e+00 -2.268018e+00
-8.677068e+00 -8.956356e+00
-6.336427e+00 8.009644e+00
-1.045179e+01 -7.410040e+00
9.407732e+00 6.773822e+00
-1.024069e+01 1.589350e+00
-9.017625e+00 -1.294031e+00
8.966309e+00 -3.452567e+00
-1.041776e+01 3.835157e+00
6.024619e+00 4.232561e+00
-4.380274e+00 5.455976e-01
4.555821e+00 1.048238e+00
-8.465044e+00 5.669992e+00
6.362506e+00 2.085961e+00
-7.324737e+00 1.139317e+00
-1.927087e+00 4.220400e+00
-4.113701e+00 -7.030233e-01
-7.661961e+00 6.468427e+00
-3.635339e+00 7.517238e+00
7.051201e+00 -9.730150e+00
5.828820e+00 1.080000e+01
8.961152e+00 -1.039229e+01
-5.283541e+00 -9.784394e+00
-9.337955e+00 2.134027e+00
-1.038242e+01 -2.921485e+00
-9.065448e+00 -6.918711e+00
-8.211832e+00 5.168902e-01
9.767768e+00 -5.455102e+00
9.089428e+00 -1.318135e+00
-4.778980e+00 3.627783e+00
7.127454e+00 1.967752e-01
-2.875548e+00 -2.613268e+00
-8.290073e-02 6.061930e+00
-3.192732e+00 8.458409e+00
3.403633e+00 4.339070e+00
-5.942630e+00 -1.475177e+00
-5.824158e+00 7.136273e+00
-1.005473e+01 -4.174369e+00
-6.528354e+00 1.045167e+01
3.945167e+00 -9.146945e+00
-8.021639e+00 -5.242345e+00
7.949863e-02 8.016608e+00
9.635415e+00 -7.123116e+00
8.890438e+00 -6.260803e+00
8.380609e+00 -1.915591e-01
-3.986325e+00 -4.359615e+00
-2.900547e+00 4.724078e+00
7.616193e+00 -8.222425e+00
7.143817e+00 -6.223579e+00
-8.074101e+00 -8.236345e-01
-3.992847e-01 -2.473285e+00
-2.994912e+00 -8.527074e-01
7.014327e-01 1.144027e+00
7.210553e+00 6.203526e+00
4.174441e+00 -3.140350e+00
8.467746e+00 6.102858e+00
-6.488734e+00 5.791994e-01
-7.000690e+00 5.634195e+00
1.051985e+01 -4.649907e+00
-8.244121e+00 1.790953e+00
3.805011e+00 -1.048628e+01
-7.222094e+00 -7.277200e+00
-8.888289e+00 -5.839320e+00
-5.404946e+00 -8.453991e+00
-1.107109e+01 -8.627425e+00
-1.661786e+00 -6.597698e+00
7.578601e+00 2.846728e+00
-4.921404e+00 -4.740358e+00
-7.843663e+00 -4.165109e+00
-8.903985e+00 -2.555735e-01
-1.894384e+00 -2.884523e+00
-9.640061e-02 -1.499118e+00
-3.352245e+00 8.525486e-01
5.095803e+00 6.894995e+00
1.021247e+01 8.008404e+00
-5.984764e+00 5.003915e+00
-7.157282e+00 -1.094709e+01
-8.760453e+00 7.213821e+00
-9.530826e+00 9.548532e+00
-4.028013e+00 4.446359e+00
-5.539246e+00 5.932906e+00
-1.536097e+00 -9.003927e+00
-7.356961e+00 -8.524391e+00
6.419441e+00 -5.304116e+00
-4.163319e+00 -5.396589e+00
-4.055561e+00 -6.920701e+00
-4.412812e+00 1.026101e+01
-6.984391e+00 2.146928e+00
-8.632394e+00 2.888713e+00
6.972772e+00 -4.290188e+00
-3.282884e+00 -6.058019e+00
-8.173101e+00 3.815853e+00
7.702622e+00 5.359978e+00
-3.345358e+00 1.004861e+01
3.613816e+00 8.728369e+00
3.346941e+00 -2.521739e+00
1.864122e+00 4.790210e+00
-1.305920e-01 4.976217e+00
7.649359e-01 6.642714e+00
-7.467126e+00 7.513022e+00
-1.061937e+00 9.234060e+00
-7.340811e+00 -9.698745e+00
-7.499848e+00 9.956569e+00
-6.987891e+00 -5.906648e+00
-2.564177e+00 7.111238e+00
-5.648758e+00 -2.677001e+00
5.566620e-01 -4.732307e+00
-4.846340e+00 -1.525615e+00
-7.270430e+00 -6.121158e-02
-1.095254e+00 -1.548291e+00
-5.292119e+00 -6.632507e-01
-6.719196e+00 6.724348e+00
-2.801326e+00 -6.976239e+00
-1.494664e+00 1.827837e+00
-4.839983e-01 2.099638e+00
-5.206839e+00 -7.137095e+00
-4.923539e+00 7.531735e+00
9.512251e-01 4.278796e+00
-2.010347e+00 -4.624928e+00
-3.369283e+00 6.471826e+00
-6.899283e+00 4.559395e+00
5.457126e+00 -7.692811e+00
-4.540400e+00 -2.466372e+00
-1.008353e+01 -5.759912e-01
-2.344540e+00 1.157397e+00
-1.025617e+00 3.182974e+00
-5.795298e+00 -3.835869e+00
-5.982174e+00 1.585159e+00
-2.758166e+00 2.050844e+00
-5.419757e-01 1.059500e+01
4.224377e+00 -8.157982e+00
-5.304278e-01 -8.491968e+00
3.354674e-01 -3.200082e-01
-9.586434e+00 6.374395e+00
-2.570122e+00 1.519333e-01
1.017085e+00 5.429636e+00
1.948090e+00 -9.234885e+00
7.795582e+00 9.440619e+00
-3.656467e+00 -1.690012e+00
-1.735156e+00 -1.006967e+01
-2.066425e+00 3.028514e+00
-4.159601e-02 -5.687000e+00
-4.467317e+00 8.392823e+00
1.009851e+01 -1.063885e+01
4.713872e+00 1.077853e+01
-3.567661e+00 -8.858786e+00
-6.274015e+00 -7.790320e+00
-2.624895e+00 -8.745057e+00
-1.014700e+01 5.119851e+00
-1.106966e+01 -1.346714e+00
-2.240607e+00 -5.684905e+00
-6.141810e+00 2.690463e+00
-4.902151e+00 1.577058e+00
3.947271e+00 1.515901e-01
7.240130e+00 7.533514e+00
1.735296e+00 -3.129090e+00
2.735169e+00 -1.066060e+01
1.480824e+00 3.232272e+00
8.597360e+00 -7.782134e+00
3.272941e+00 -5.380668e+00
3.310920e+00 1.072279e+01
6.857425e+00 8.833275e+00
-7.922652e+00 -3.127509e+00
-2.283892e+00 5.915431e+00
6.069698e+00 5.403020e+00
3.137151e+00 -7.958992e+00
-6.162295e-02 -6.760745e+00
2.128465e+00 -8.143906e+00
-5.279569e-01 -4.784832e+00
1.728143e+00 1.693949e+00
-3.350921e+00 -7.818741e+00
-1.492946e+00 1.108374e+01
-4.844496e+00 2.578082e+00
3.009095e+00 -9.537704e+00
1.803794e+00 -8.640538e-01
4.242181e+00 3.672624e+00
-9.479727e-01 4.242765e+00
-3.390542e-02 9.094836e+00
-8.350846e-01 -5.046168e-01
1.462262e+00 -1.062472e+01
-9.208295e+00 -1.109239e+01
5.300855e-01 1.043554e+01
-5.380779e+00 1.018910e+01
6.511823e+00 -3.276855e+00
-1.241495e+00 -3.772668e+00
7.484602e+00 -5.170596e+00
-3.026220e+00 -4.975653e+00
1.017731e+01 1.552241e+00
2.402457e+00 3.885854e+00
1.292158e+00 2.548133e-01
-4.730966e-01 1.045784e+00
-2.516542e+00 1.087872e+01
-5.012899e+00 4.672342e+00
7.636782e-01 -2.550872e+00
7.239349e+00 4.323675e+00
8.163279e+00 3.740421e+00
4.912132e+00 -9.605796e+00
5.032996e+00 -6.548771e+00
-2.769027e+00 -1.020099e+01
-4.035334e+00 9.343054e+00
4.103645e-01 -1.098613e+01
-2.005108e+00 8.265715e+00
5.624155e+00 8.797564e+00
-5.438575e+00 -5.755426e+00
-2.186070e+00 -1.801836e+00
4.627742e+00 8.968716e+00
-7.919605e-02 -9.601424e+00
-9.217011e+00 1.110444e+00
-1.075964e+01 -4.993026e+00
2.483030e+00 -4.652062e+00
1.475732e+00 -4.117356e+00
6.980926e+00 1.062056e+01
4.923708e+00 -4.611789e-02
-7.849739e-01 -1.052114e+01
-1.518833e+00 3.852789e-01
3.572211e+00 -4.202257e+00
9.939483e+00 -8.216996e+00
8.746594e+00 8.972289e+00
3.253356e+00 -6.495763e+00
8.994373e+00 3.195603e+00
9.341958e+00 -4.364269e+00
-4.619402e+00 -3.507125e+00
-5.784702e+00 1.117173e+01
9.802367e+00 3.938135e+00
5.344969e+00 -5.447949e+00
8.214531e+00 -2.322081e+00
7.839400e+00 -7.090517e+00
6.715173e+00 1.097774e+00
2.321703e+00 -6.016425e+00
-2.526930e+00 -3.734387e+00
2.235696e+00 7.892448e-01
1.113233e+01 -2.140301e-01
4.105300e+00 2.317060e+00
3.902172e+00 7.645815e+00
2.770549e+00 5.776893e+00
3.132524e+00 6.789245e+00
2.883378e+00 7.884176e+00
7.945244e+00 8.297396e+00
3.358583e+00 3.154117e+00
6.259723e+00 9.698660e+00
2.046629e+00 -2.165825e+00
3.764492e+00 9.705738e+00
9.999730e-01 -9.789161e+00
8.768760e+00 4.765842e+00
-3.838471e+00 -9.882083e+00
1.368031e+00 -7.465990e+00
6.566669e+00 -8.454832e+00
7.112325e+00 -2.111488e+00
4.128311e+00 -5.960686e+00
1.322553e+00 -6.356159e+00
2.841270e+00 -3.500173e+00
4.885384e+00 7.920629e+00
7.733714e-01 2.171779e+00
1.516023e+00 9.733867e+00
-5.370524e+00 3.773293e-01
9.768214e+00 9.730962e+00
5.113691e+00 1.939372e+00
-3.250251e-01 7.096519e+00
1.117213e+01 5.548188e+00
9.516328e+00 1.084152e+01
-1.102194e+01 1.101416e+01
2.650398e+00 -2.120924e-01
5.931773e+00 -2.094857e+00
4.199022e+00 -1.866999e+00
2.848280e+00 -1.493322e+00
9.932744e+00 -9.346184e+00
9.349347e+00 -2.354548e+00
3.118176e+00 1.996502e+00
-3.605374e+00 -3.391847e+00
-6.932524e+00 -3.560270e+00
2.275593e-01 -7.750520e+00
-7.386071e+00 8.612257e+00
-6.371767e+00 9.391088e+00
2.119167e+00 7.211088e+00
1.049517e+01 6.960900e+00
-6.278926e+00 -8.943399e+00
-8.259617e+00 9.152902e+00
2.623657e+00 9.315509e+00
3.796919e+00 5.351436e+00
8.676941e+00 1.005257e+01
-1.050451e+01 8.843609e+00
-9.478218e+00 -9.712580e+00
9.143194e+00 7.895713e+00
8.167192e+00 -9.496465e+00
6.514140e+00 -1.066502e+01
-3.897179e+00 3.116913e+00
5.197326e+00 9.849997e+00
3.312976e+00 9.787699e-01
-6.125392e+00 3.761032e+00
4.148008e+00 6.430189e+00
-3.569237e+00 1.105166e+01
-2.995947e+00 3.703778e+00
-5.532148e-02 3.647267e+00
4.995639e+00 -1.130562e+00
5.281687e+00 -8.686714e+00
-9.450297e-01 -7.507042e+00
-1.208981e+00 6.165859e+00
-1.099195e+01 7.847864e+00
1.015782e+00 -8.451651e+00
8.987104e+00 -8.777834e+00
-6.212136e+00 -5.080887e+00
1.020668e+01 -1.068081e+00
1.104700e+00 7.655071e+00
-8.234555e+00 -7.822789e+00
-7.892579e+00 -1.971782e+00
1.106946e+01 -1.036966e+01
6.898627e+00 -9.411185e-01
1.234266e-01 -3.640875e+00
-1.014888e+01 -1.809299e+00
9.440792e-01 -1.530058e+00
1.018482e+01 4.976679e-01
-1.937261e+00 -7.693167e+00
-9.995649e-01 8.236838e+00
5.326109e+00 3.106380e+00
5.136417e+00 5.831227e+00
-8.280269e+00 -1.047805e+01
4.640047e+00 4.790818e+00
-1.350456e+00 5.138706e+00
-1.009571e+01 1.056079e+01
7.701404e+00 -1.050569e+01
8.653854e+00 -5.238641e+00
8.385317e+00 1.103577e+01
-1.059505e+01 -9.698504e+00
1.047522e+01 -2.234325e+00
-1.117428e+01 2.092757e+00
-1.029033e+01 2.721547e+00
-1.188221e+00 -5.590903e+00
4.153271e+00 -7.092113e+00
-1.872802e+00 -7.469615e-01
3.843465e+00 -8.836722e-01
8.127772e+00 -4.229715e+00
8.293555e+00 7.288214e+00
5.728652e+00 8.846646e-01
8.503414e+00 1.970279e+00
1.153208e+00 8.734872e+00
5.334687e+00 -2.913590e+00
6.333964e+00 3.188524e+00
-9.248022e+00 8.498727e+00
6.788734e+00 -7.323929e+00
-1.001790e+01 -8.762636e+00
6.074644e+00 7.899966e+00
2.145235e+00 1.074542e+01
-1.421698e+00 7.243386e+00
5.313525e+00 -1.058240e+01
6.154893e+00 6.484852e+00
-1.066258e+01 6.730214e+00
7.597886e+00 -3.199375e+00
1.555595e+00 -5.207389e+00
-1.116665e+01 -3.757317e+00
4.481288e+00 -4.861668e+00
-9.802285e+00 -5.418545e+00
-9.071695e+00 4.743615e+00
1.807735e+00 6.175844e+00
2.377511e+00 -7.128059e+00
-6.338081e+00 -1.026543e+01
-7.905970e+00 4.866638e+00
-6.897992e+00 -2.495839e+00
1.111269e+01 9.877458e+00
-5.349047e+00 8.998282e+00
