-1.112069e+01 -9.852994e+00
1.105275e+01 -1.090152e+01
1.067496e+01 -8.550685e+00
-8.743559e+00 -7.931660e+00
1.072124e+01 -7.355837e+00
-1.064517e+01 -6.960013e+00
1.080827e+01 -4.521380e+00
-1.026100e+01 -3.813884e+00
8.419874e+00 -1.028224e+00
9.459470e+00 -1.465611e+00
9.358553e+00 7.498271e-01
9.653863e+00 1.737268e+00
1.053047e+01 9.411188e-01
9.535976e+00 2.980406e+00
9.439657e+00 5.420776e+00
8.578804e+00 4.807212e+00
-9.879854e+00 4.935797e+00
1.078590e+01 9.723778e+00
8.382518e+00 -1.114922e+01
9.940249e+00 -1.062626e+01
-8.635159e+00 -9.974785e+00
-1.038978e+01 -9.075707e+00
-1.026569e+01 -1.099511e+01
-1.028060e+01 -8.084106e+00
-9.564530e+00 -7.107623e+00
-8.327335e+00 -5.792883e+00
-9.352925e+00 -4.958751e+00
-1.051453e+01 -5.996430e+00
-1.115337e+01 -3.381731e+00
1.062819e+01 -2.113861e-01
-9.677849e+00 -2.787538e+00
-1.051968e+01 -1.384947e+00
-1.040150e+01 2.216286e-01
-1.084112e+01 1.231604e+00
-1.081354e+01 4.619719e+00
-1.063568e+01 3.285841e+00
9.702124e+00 9.668634e+00
-9.764863e+00 6.709858e+00
1.025514e+01 8.676271e+00
-1.107017e+01 8.799232e+00
-9.037370e+00 1.112319e+01
-7.048026e+00 -8.790895e+00
-9.281727e+00 -9.053863e+00
-8.266379e+00 -8.875537e+00
-7.010899e+00 -6.830684e+00
-9.336395e+00 -6.093726e+00
-7.338011e+00 -5.721282e+00
-9.083258e+00 -3.931095e+00
-1.074116e+01 -2.393244e+00
-8.539045e+00 -2.991765e+00
-9.482400e+00 -1.736364e+00
-9.547743e+00 -6.682788e-01
-9.775589e+00 1.076087e+00
1.057591e+01 4.306155e+00
-9.185584e+00 3.294428e+00
-9.020163e+00 5.819658e+00
-1.110053e+01 6.726827e+00
-8.659784e+00 6.960244e+00
-1.068647e+01 7.775774e+00
-9.747678e+00 1.026234e+01
-7.560033e+00 -9.754180e+00
-6.920173e+00 1.097184e+01
-5.699205e+00 -8.864553e+00
-7.576078e+00 -7.952306e+00
-8.278357e+00 -6.800706e+00
-5.887307e+00 -6.781333e+00
-7.435625e+00 -3.539265e+00
-8.170386e+00 -4.559379e+00
-1.048654e+01 -4.867552e+00
-8.376904e+00 -1.793405e+00
-8.494159e+00 -6.349032e-01
-9.102282e+00 2.297111e-01
-1.041493e+01 2.201383e+00
1.092477e+01 2.234851e+00
9.554268e+00 4.280181e+00
-8.933573e+00 4.314981e+00
-9.922769e+00 3.950390e+00
-8.646963e+00 8.274658e+00
-9.656520e+00 7.941927e+00
-1.011029e+01 8.825881e+00
-6.337360e+00 9.420839e+00
-7.811960e+00 -1.082584e+01
-6.497664e+00 -9.892784e+00
-5.321486e+00 -7.777844e+00
-6.447300e+00 -7.785826e+00
-4.817556e+00 -6.299897e+00
-5.346070e+00 -5.234882e+00
-6.382391e+00 -5.896801e+00
-7.588969e+00 -2.439719e+00
-5.665113e+00 -1.474445e+00
-7.116276e+00 -1.327549e+00
-7.771047e+00 1.049241e+00
-7.486311e+00 -2.462200e-01
-9.288835e+00 2.086921e+00
-8.177035e+00 2.220280e+00
-7.702715e+00 4.295883e+00
-7.915894e+00 5.257733e+00
-8.145098e+00 1.038110e+01
-7.050719e+00 8.620144e+00
-9.011558e+00 9.267226e+00
-5.984226e+00 1.057917e+01
-7.235013e+00 9.949930e+00
-4.831394e+00 1.039533e+01
-5.870118e+00 -1.068090e+01
-4.239454e+00 -7.597752e+00
-6.057341e+00 -4.447723e+00
-1.861990e+00 -3.006176e+00
-7.090574e+00 -4.660310e+00
-6.180165e+00 -3.403095e+00
-5.235999e+00 -5.578029e-01
-6.199806e+00 -3.978810e-01
-6.803408e+00 4.528368e-01
-6.896648e+00 2.157937e+00
-6.999157e+00 3.253309e+00
-5.687109e+00 3.489113e+00
-8.077720e+00 3.320919e+00
-7.808480e+00 6.339308e+00
-8.046864e+00 9.264811e+00
-6.433097e+00 6.479554e+00
-6.703794e+00 7.524341e+00
-5.986341e+00 8.371564e+00
-5.326324e+00 9.375647e+00
-4.780100e+00 -1.076417e+01
-2.845425e+00 -7.614916e+00
-3.818414e+00 -6.631416e+00
-4.326567e+00 -4.431422e+00
-5.364456e+00 -2.590628e+00
-5.231965e+00 -3.837268e+00
-6.532516e+00 -2.453443e+00
-3.184004e+00 -2.647263e+00
-5.531069e+00 4.757049e-01
-6.256268e+00 1.303372e+00
-5.850434e+00 2.330097e+00
-4.805133e+00 2.696962e+00
-5.794577e+00 5.084685e+00
-6.557887e+00 4.362295e+00
-7.785616e+00 7.685202e+00
-6.823605e+00 5.429006e+00
-2.394754e+00 5.962091e+00
-5.588887e+00 7.414683e+00
-4.059065e+00 9.591085e+00
-2.930612e+00 9.868888e+00
-3.781383e+00 -1.049688e+01
-4.994734e+00 -9.794067e+00
-2.878619e+00 -5.389065e+00
-4.077588e+00 -5.495707e+00
-3.325361e+00 -4.433398e+00
-4.381635e+00 -1.154937e+00
-4.426990e+00 -2.290513e+00
-4.101689e+00 1.405803e-01
-1.784375e+00 -9.978944e-01
-3.335388e+00 -1.524929e+00
-5.140049e+00 1.581332e+00
-4.964936e+00 4.233568e+00
-4.790494e+00 5.264154e+00
-5.112284e+00 6.344390e+00
-4.021235e+00 4.626144e+00
-2.020978e+00 7.842139e+00
-2.677588e+00 7.071495e+00
-3.998356e+00 6.269091e+00
-4.877055e+00 8.191865e+00
-2.758243e+00 -1.010710e+01
-3.674848e+00 1.063932e+01
-4.383971e+00 -8.633035e+00
-1.904768e+00 -8.013755e+00
-2.612665e+00 -6.579245e+00
5.221478e-01 -3.246366e+00
-3.974946e+00 -3.427071e+00
-2.738785e+00 -3.565202e+00
-1.235547e+00 -3.803130e+00
-2.828505e+00 -7.082955e-01
-3.032021e+00 8.461625e-01
-3.959863e+00 1.259618e+00
-3.905293e+00 3.279805e+00
-2.693283e+00 3.157694e+00
-3.265423e+00 5.579938e+00
-2.420450e+00 4.216131e+00
-1.131489e+00 8.465552e+00
-2.448577e+00 8.983466e+00
-3.845111e+00 7.380233e+00
-2.746941e+00 1.117812e+01
-3.792440e+00 8.413196e+00
-1.711340e+00 -9.773521e+00
-2.820471e+00 -8.747740e+00
-3.707560e+00 -9.433315e+00
-1.621935e+00 -6.972697e+00
-2.207047e+00 -4.536973e+00
-2.040104e-01 -4.083338e+00
-1.257727e+00 -2.083018e+00
-1.778104e+00 -5.628300e+00
-2.378497e+00 -1.932368e+00
-9.030240e-01 -5.500447e-01
-2.217255e+00 9.780622e-02
-3.470786e+00 2.324590e+00
-5.800619e-01 4.880562e+00
-1.669872e+00 3.463775e+00
-1.752329e+00 6.663209e+00
-8.348939e-01 1.036797e+01
-1.337512e+00 9.517945e+00
-2.053071e+00 1.038006e+01
-7.056728e-01 -1.099014e+01
1.777199e-01 9.892973e+00
-1.106025e+00 -8.957801e+00
-7.991195e-01 -7.641616e+00
1.283663e+00 -7.550176e+00
-6.814359e-01 -5.990876e+00
1.699251e+00 -5.482687e+00
-5.922354e-01 -2.866852e+00
1.899244e+00 -3.802715e+00
2.613736e-01 -2.211238e+00
6.448836e-01 -5.227176e-01
1.064146e-01 6.512401e-01
-1.417962e-01 2.349941e+00
-2.026126e+00 1.260357e+00
-1.196622e+00 2.184177e+00
-1.706833e+00 5.085969e+00
-9.111636e-01 5.865294e+00
-1.804500e-01 8.968903e+00
1.881725e+00 6.920444e+00
9.852706e-01 7.584238e+00
5.746119e-01 1.088394e+01
-1.784673e+00 -1.091353e+01
2.531225e-01 -8.150529e+00
6.873946e-01 -5.888563e+00
-1.076104e+00 -4.857151e+00
-5.728871e-02 -5.170777e+00
3.732512e+00 -5.039146e+00
1.115394e+00 -1.559731e+00
2.572305e+00 -2.894843e+00
1.977412e+00 -7.114750e-01
-1.076888e+00 4.857566e-01
8.833309e-01 1.385928e+00
-6.213157e-01 1.388082e+00
-4.999870e-01 3.693404e+00
-9.127103e-01 7.412739e+00
6.289126e-02 6.817486e+00
7.188111e-03 7.913592e+00
3.524180e+00 6.689878e+00
8.708998e-01 8.978725e+00
1.708416e+00 8.381364e+00
1.370770e+00 9.941282e+00
4.174194e-01 -1.039867e+01
-5.914252e-01 -9.907306e+00
2.627310e-01 -9.270857e+00
9.495098e-02 -6.749612e+00
2.495504e+00 -7.928506e+00
9.556063e-01 -4.593206e+00
2.576032e+00 -4.770485e+00
1.467254e+00 -2.883226e+00
-4.385428e-01 -1.468814e+00
1.309073e+00 3.611228e-01
1.891652e+00 1.309316e+00
1.130714e+00 2.447870e+00
5.716183e-01 3.320260e+00
1.735937e+00 3.875979e+00
3.808561e-01 4.335029e+00
2.392504e+00 5.841711e+00
4.552532e+00 6.483142e+00
3.927303e+00 7.765446e+00
2.422130e+00 9.172948e+00
2.010661e+00 1.103478e+01
3.882909e+00 -9.678748e+00
3.313738e+00 1.109888e+01
1.524443e+00 -1.043585e+01
1.372124e+00 -8.588971e+00
4.438561e+00 -7.003461e+00
2.828783e+00 -5.783326e+00
3.878140e+00 -3.054270e+00
2.402392e+00 -1.785454e+00
3.486531e+00 -1.651809e+00
4.604910e+00 -1.545453e+00
2.644056e+00 4.886389e-01
4.088733e+00 2.058987e+00
2.287196e+00 2.530797e+00
2.902846e+00 4.738268e+00
1.464832e-01 5.605259e+00
1.012160e+00 6.196166e+00
5.653738e+00 8.706622e+00
2.632971e+00 7.669743e+00
3.364414e+00 8.764176e+00
4.026193e+00 1.014296e+01
6.375311e+00 -9.439451e+00
3.710631e+00 -7.868166e+00
2.090910e+00 -9.511349e+00
2.950204e+00 -1.017406e+01
3.057423e+00 -8.985106e+00
1.944641e+00 -6.781975e+00
4.420839e+00 -4.287691e+00
3.040155e+00 -3.812972e+00
5.350002e+00 -2.367648e+00
4.072044e+00 -6.654584e-01
3.077202e+00 -5.230758e-01
5.085044e+00 2.351897e+00
3.979851e+00 4.532863e+00
4.376353e+00 3.247188e+00
2.775204e+00 3.660006e+00
5.013266e+00 7.379928e+00
1.310749e+00 4.910382e+00
7.212384e+00 8.446779e+00
4.398392e+00 9.161137e+00
5.082489e+00 1.074163e+01
5.156472e+00 -7.816352e+00
4.266174e+00 -1.065504e+01
2.997192e+00 -6.952474e+00
3.771964e+00 -6.156281e+00
6.325700e+00 -7.037509e+00
4.729074e+00 -5.324836e+00
5.851703e+00 -5.224858e+00
5.812149e+00 -4.178659e+00
4.964208e+00 -3.408732e+00
5.537265e+00 -8.442464e-01
3.715308e+00 5.077547e-01
5.443791e+00 3.371883e+00
4.698596e+00 5.405900e+00
5.757440e+00 5.539930e+00
3.662361e+00 5.563017e+00
5.852320e+00 6.656865e+00
7.149438e+00 7.305310e+00
6.094916e+00 7.755596e+00
2.872352e+00 1.011276e+01
5.404229e+00 -1.063487e+01
4.526690e+00 -8.624297e+00
5.337434e+00 -6.538150e+00
5.626147e+00 -8.693180e+00
7.469306e+00 -7.543255e+00
7.902070e+00 -5.595227e+00
8.010185e+00 -4.466609e+00
6.820442e+00 -5.993890e+00
7.141727e+00 -3.704683e+00
6.371062e+00 -1.596656e+00
6.612936e+00 1.065798e+00
5.509340e+00 1.393379e+00
4.969675e+00 6.083947e-03
3.345974e+00 2.769077e+00
6.931681e+00 3.008383e+00
8.036312e+00 6.790983e+00
9.104578e+00 6.495042e+00
8.168917e+00 7.903568e+00
6.863192e+00 9.373532e+00
6.422422e+00 1.048623e+01
7.436252e+00 -8.762524e+00
9.238326e+00 -8.854108e+00
5.078539e+00 -9.622232e+00
6.478146e+00 -8.018696e+00
8.955146e+00 -7.292244e+00
9.217627e+00 -4.824828e+00
7.987914e+00 -6.679171e+00
6.957561e+00 -4.834181e+00
6.922786e+00 -2.468027e+00
6.066967e+00 -3.140813e+00
7.187060e+00 -8.036206e-01
4.558795e+00 1.107161e+00
7.753002e+00 2.129146e+00
3.157811e+00 1.749776e+00
6.400803e+00 2.144418e+00
6.865999e+00 6.015277e+00
7.835743e+00 5.571107e+00
9.457248e+00 7.424742e+00
8.042467e+00 9.129670e+00
7.335525e+00 -1.115981e+01
5.335202e+00 9.707343e+00
8.919279e+00 -1.009474e+01
8.321853e+00 -8.161232e+00
1.020883e+01 -9.571055e+00
1.014741e+01 -5.339614e+00
8.865292e+00 -3.787979e+00
8.835221e+00 -5.985020e+00
8.050552e+00 -3.116768e+00
9.171792e+00 -2.580014e+00
8.051156e+00 -2.064580e+00
7.616551e+00 4.032980e-01
6.394580e+00 -7.743704e-02
8.315396e+00 1.253812e+00
7.523158e+00 3.910997e+00
6.370516e+00 3.932072e+00
5.197359e+00 4.403317e+00
1.021118e+01 6.511490e+00
9.130723e+00 8.781679e+00
7.587265e+00 1.011350e+01
6.469363e+00 -1.050912e+01
9.520911e+00 1.072467e+01
7.772898e+00 -1.015684e+01
8.249059e+00 -9.263234e+00
-9.829856e+00 -1.002289e+01
9.836977e+00 -7.890785e+00
9.734428e+00 -6.424426e+00
1.085127e+01 -6.207396e+00
9.897494e+00 -3.863681e+00
1.019675e+01 -2.794588e+00
1.047196e+01 -1.556156e+00
9.514514e+00 -3.304010e-01
8.521577e+00 -3.799700e-02
8.789412e+00 2.190143e+00
8.555839e+00 3.387212e+00
6.786998e+00 4.827531e+00
-1.058211e+01 5.837284e+00
1.060187e+01 5.371934e+00
1.055049e+01 7.539233e+00
8.638938e+00 1.011174e+01
-1.091143e+01 1.050951e+01
