-8.204238e+00 -8.765477e+00
-1.010425e+01 9.211291e+00
-1.046389e+01 1.084391e+01
-9.321328e+00 -8.440009e+00
1.105880e+01 -4.577562e+00
-8.875248e+00 -3.846110e+00
-1.000526e+01 -3.192627e+00
8.857732e+00 -2.624416e+00
6.818367e+00 -4.951091e+00
8.896197e+00 4.092344e-01
5.869404e+00 4.761639e+00
8.508912e+00 3.549878e+00
1.031379e+01 7.309334e-01
4.949965e+00 7.054042e+00
-7.894334e+00 8.414436e+00
8.082321e+00 4.478728e+00
-1.095305e+01 3.192730e+00
-5.171331e+00 6.962513e+00
9.168146e+00 9.605042e+00
-7.146866e+00 9.244806e+00
-9.847490e+00 -6.288776e+00
-6.326914e+00 -9.145961e+00
-1.024333e+01 -9.181656e+00
-9.126230e+00 -4.981908e+00
-1.027736e+01 -5.156078e+00
-1.063353e+01 -2.222288e+00
-7.913295e+00 1.149312e-01
9.083483e+00 -4.986324e+00
8.809556e+00 -3.754114e+00
1.077888e+01 1.778608e+00
1.072284e+01 -1.270726e+00
7.000423e+00 -2.437580e+00
1.100411e+01 -9.412008e-02
8.280725e+00 1.404953e+00
6.793506e+00 -9.100133e-02
7.599373e+00 7.456872e+00
-8.995154e+00 8.850855e+00
-6.122802e+00 6.617251e+00
-9.477942e+00 1.025905e+01
-1.079941e+01 7.875444e+00
-6.614298e+00 -7.513300e+00
-4.591764e+00 -7.396399e+00
1.019021e+01 -1.072377e+01
-6.368323e+00 1.080373e+01
-8.421923e+00 -7.807336e+00
-7.294373e+00 -1.849525e+00
-9.297410e+00 -9.686516e-01
-7.877959e+00 -4.004280e+00
4.601320e+00 -1.377756e+00
-1.000834e+01 1.371844e-01
9.890932e+00 -4.301437e+00
-1.064867e+01 1.099353e+00
9.530816e+00 -3.633132e-01
9.535672e+00 6.585506e+00
7.751906e+00 5.420725e-01
-6.347071e+00 5.568908e+00
-1.103110e+01 5.240411e+00
-3.454626e+00 4.342482e+00
-7.148867e+00 4.926098e+00
-2.924201e+00 6.218569e+00
-5.256333e+00 -9.512916e+00
-3.092202e+00 -1.003114e+01
-7.217598e+00 -8.575255e+00
-5.392077e+00 -6.859211e+00
-8.926656e+00 -6.620165e-02
-7.970867e+00 -5.175849e+00
-6.531392e+00 -6.548834e+00
-8.912740e+00 -2.805303e+00
9.135180e+00 -6.194442e+00
-6.904442e+00 -6.223865e-01
-9.569099e+00 1.716783e+00
8.074366e+00 2.398584e+00
3.785868e+00 2.317932e-01
8.502014e+00 6.425893e+00
9.913277e+00 5.255745e+00
6.670372e+00 2.565089e+00
-8.880929e+00 9.471115e-01
-4.140283e+00 6.493674e+00
-8.768429e+00 6.173551e+00
-8.070024e+00 9.798151e+00
-3.930487e+00 9.463944e+00
-8.410039e+00 -1.047440e+01
-5.129585e+00 1.062900e+01
-5.728492e+00 -8.251061e+00
-8.421680e+00 -6.637325e+00
-9.622851e+00 -2.005291e+00
-4.512951e+00 -4.107768e+00
-7.378012e+00 -2.925479e+00
-1.089653e+01 -6.866132e+00
1.121957e+00 -5.629357e+00
-7.463457e+00 -6.122904e+00
-1.754398e+00 2.224681e+00
-8.390098e+00 3.139304e+00
-7.882904e+00 4.051127e+00
9.197749e+00 2.587026e+00
7.897844e+00 -4.806586e-01
9.702863e+00 3.554888e+00
-6.519697e+00 -1.014783e+01
-2.132783e+00 8.298913e+00
-4.246352e+00 -1.069765e+01
-6.919838e+00 7.173720e+00
-1.861134e+00 -1.088514e+01
-4.026291e+00 1.055226e+01
-5.440662e+00 -2.156242e+00
-2.154145e+00 -5.730124e+00
-8.451740e+00 -1.783665e+00
8.235496e-01 -2.740835e+00
-1.059427e+01 -7.799036e-01
-3.734737e+00 -4.825498e+00
-5.746322e+00 -3.754056e+00
-6.806654e+00 5.631202e-01
-6.083086e+00 2.811346e+00
-8.158737e+00 5.353883e+00
-5.336583e+00 3.662083e+00
-1.065013e+01 4.220664e+00
-1.060338e+01 2.183466e+00
-7.436154e+00 6.152270e+00
-7.489755e+00 -9.628953e+00
1.029520e+01 2.725297e+00
-9.621106e+00 6.917459e+00
-1.654229e+00 6.347925e+00
-4.323713e+00 5.333913e+00
-1.435286e+00 -8.606985e+00
-5.732258e+00 -5.758173e+00
-4.850662e-01 -4.284430e+00
-2.614406e+00 -2.536518e+00
-4.375940e+00 -2.031528e+00
-5.924149e+00 -4.824390e+00
-7.614065e+00 1.221101e+00
-5.791075e+00 8.328182e-01
-6.396732e+00 -2.582171e+00
-2.907310e+00 2.386714e+00
-8.557313e+00 2.059225e+00
9.643013e+00 1.552678e+00
-3.345973e+00 3.368270e+00
-1.737850e+00 5.194351e+00
-5.461971e+00 4.896599e+00
-1.072701e+01 6.713958e+00
-4.545096e+00 4.214966e+00
-2.768954e+00 5.135859e+00
-8.112490e+00 7.067401e+00
-1.027429e+00 9.309677e+00
-5.005002e+00 9.267832e+00
-4.085251e+00 -9.674827e+00
-3.525145e+00 -7.447981e+00
-3.426283e+00 -8.637803e+00
-4.855799e+00 -3.132530e+00
-6.793878e+00 -4.131779e+00
-1.522507e+00 -3.795800e+00
-4.673353e+00 -8.995132e-02
-1.718894e+00 -8.648245e-01
-6.465711e-01 -5.338864e+00
-9.495178e+00 3.955209e+00
4.193297e-01 2.524867e+00
-4.368439e+00 3.228088e+00
-5.126635e-01 1.957980e+00
-6.332217e+00 -1.456923e+00
-2.204098e+00 7.173188e+00
-5.306341e+00 5.886082e+00
7.867018e-01 3.507602e+00
-3.161267e+00 1.015180e+01
-5.028032e+00 8.107115e+00
-3.080031e+00 8.892735e+00
-3.389773e+00 -6.056586e+00
-5.206787e+00 -1.111203e+00
-3.226599e+00 1.677178e-01
-1.354795e-01 -6.273490e+00
-6.883879e+00 -5.198365e+00
-3.938952e+00 -8.360389e-01
1.591757e+00 -7.824754e+00
4.695816e-01 -7.613460e+00
2.164618e-01 -7.898616e-02
-2.623940e+00 -3.632946e+00
-5.439743e+00 1.853884e+00
-9.581986e+00 2.765646e+00
-6.470960e+00 3.991167e+00
3.176650e-01 5.239776e+00
-2.574511e+00 -6.715764e+00
-3.223400e-01 8.564610e+00
-2.733222e+00 1.364308e+00
8.378683e-01 -8.613980e+00
-3.878060e+00 8.134269e+00
1.189260e+00 -6.615353e+00
-2.503473e+00 -7.964127e+00
-4.486783e+00 -6.321482e+00
-2.679662e+00 -4.668017e+00
2.152177e+00 -6.988090e+00
-4.597215e+00 -8.600899e+00
-3.668499e+00 -3.004959e+00
-7.237983e+00 3.085443e+00
-4.747427e+00 9.944390e-01
-1.664917e+00 -1.964216e+00
-9.171813e+00 4.944416e+00
-4.008172e+00 2.283757e+00
3.850581e+00 4.687189e+00
-9.972958e+00 5.728224e+00
-6.921060e-01 3.026688e+00
2.481316e+00 9.011926e+00
2.888377e-01 7.456191e+00
-5.610160e+00 -1.082976e+01
-7.721324e-01 1.043343e+01
1.443394e+00 1.046768e+01
1.383321e+00 6.897624e+00
-4.801660e+00 -5.279161e+00
2.628225e-01 9.505646e+00
3.131456e+00 -9.419024e+00
-4.657423e-01 -8.294373e+00
3.754626e+00 -8.473051e+00
4.973739e+00 -6.693883e+00
-2.799742e+00 -8.338914e-01
5.885887e+00 -1.868715e+00
1.388512e+00 -2.795388e-01
2.759876e-01 6.428165e+00
-5.692812e+00 -2.556873e-01
-6.995364e-01 5.142181e+00
-2.123455e+00 3.197313e+00
-8.870121e-01 7.664985e+00
-3.371678e+00 7.193992e+00
2.338780e+00 1.115800e+01
-1.248801e+00 3.978612e+00
-1.846244e+00 1.036127e+01
-2.317223e+00 -9.214263e+00
5.717427e+00 -1.116637e+01
-1.564597e+00 -7.380301e+00
2.252882e+00 -5.894186e+00
4.894542e-01 -3.853781e+00
1.340871e+00 -4.507852e+00
9.623478e-01 7.957586e-01
2.412876e+00 -4.648058e+00
6.681557e+00 -1.131056e+00
-6.434853e+00 1.609487e+00
-1.921707e-01 9.883720e-01
1.502056e+00 2.656219e+00
2.026634e+00 3.860796e+00
-8.419601e-02 4.207766e+00
2.206158e+00 6.229769e+00
1.280343e+00 5.824360e+00
7.501084e-01 8.370244e+00
-7.880493e-01 -1.088467e+01
1.744021e+00 8.057952e+00
-6.813489e-01 6.325094e+00
1.367977e+00 -1.080279e+01
-1.173143e+00 -9.826402e+00
-2.160540e+00 9.337638e+00
-1.276989e+00 -6.314977e+00
-1.623765e+00 -4.858311e+00
3.394801e+00 -6.983667e+00
3.215676e+00 -5.411298e+00
-2.067823e+00 3.768863e-01
-3.771620e+00 1.299400e+00
1.761705e+00 -1.317585e+00
2.492370e+00 -4.689792e-01
2.509027e+00 2.705883e+00
7.444248e+00 6.368165e+00
1.432798e+00 4.728484e+00
-1.365163e+00 1.190617e+00
1.870089e+00 -2.389648e+00
1.482137e+00 9.267669e+00
6.424975e+00 8.997197e+00
1.036381e+00 -9.745440e+00
3.924898e+00 7.461133e+00
2.752308e+00 -7.809076e+00
1.017781e-03 -9.356441e+00
-2.966024e+00 -1.117286e+01
3.619176e+00 1.090555e+01
4.550152e+00 -4.575240e+00
6.096203e+00 -6.997379e+00
5.097715e+00 -5.612533e+00
2.754842e+00 -1.709766e+00
-3.360297e+00 -1.771098e+00
-8.946276e-01 1.083709e-01
2.185388e+00 1.709015e+00
8.848128e+00 -1.163837e+00
4.265113e+00 6.190312e+00
4.478462e+00 8.338098e+00
3.056874e+00 3.822856e+00
2.661863e+00 7.688576e+00
3.829680e+00 9.502822e+00
4.145787e+00 -9.637553e+00
4.446939e+00 -1.084054e+01
5.183073e+00 -1.003099e+01
7.910018e+00 -4.447102e+00
6.087806e+00 -5.806478e+00
3.116533e-01 1.055661e+01
2.658529e+00 1.012389e+01
-5.374145e-01 -7.230763e+00
2.152203e+00 -1.012580e+01
4.580222e+00 -7.652483e+00
7.169889e+00 -5.956367e+00
4.076088e+00 -3.536167e+00
-5.566805e-01 -8.569352e-01
5.746751e+00 -5.525306e-01
3.418747e+00 5.599131e+00
4.457666e+00 2.197701e+00
2.516215e+00 5.074542e+00
4.083767e+00 3.659098e+00
6.834972e+00 1.073287e+01
4.662443e+00 -3.677810e-01
6.501034e+00 5.637919e+00
6.600050e+00 7.904302e+00
3.310612e+00 -1.050874e+01
8.020412e+00 -9.256027e+00
2.136434e+00 -8.934012e+00
3.373275e+00 -4.276909e+00
4.080291e+00 -6.186685e+00
1.012001e+01 -8.616879e+00
5.734286e+00 -7.999350e+00
6.905538e+00 -8.220741e+00
7.280322e+00 -7.005116e+00
-1.791944e-01 -3.138229e+00
6.640498e-01 -1.261335e+00
4.826771e+00 8.209085e-01
9.693504e+00 -1.729737e+00
4.839556e+00 9.453154e+00
6.042409e+00 6.962255e+00
9.985461e+00 8.922265e+00
8.471583e+00 8.221049e+00
8.253115e+00 9.258867e+00
9.704455e+00 7.655223e+00
3.226986e-01 -1.076037e+01
4.816028e+00 -8.687493e+00
5.855278e+00 -9.067761e+00
-1.072001e+01 -1.043786e+01
7.198110e+00 -1.054793e+01
1.076844e+01 -9.770408e+00
1.115762e+01 -5.805573e+00
-9.600236e+00 -1.094734e+01
9.029214e+00 -1.026442e+01
3.840917e+00 -2.332204e+00
3.590288e-01 -4.871887e+00
7.741532e+00 5.425235e+00
4.998496e+00 3.121160e+00
7.463333e+00 3.338162e+00
3.510736e+00 1.301883e+00
4.796634e+00 5.164659e+00
5.497587e+00 7.925533e+00
5.357017e+00 6.027938e+00
1.087409e+01 1.085478e+01
7.477309e+00 8.508100e+00
8.197569e+00 -8.009581e+00
-1.026821e+01 -8.117650e+00
-9.494491e+00 -7.293525e+00
6.925669e+00 -9.386629e+00
6.206681e+00 -1.020617e+01
-7.584311e+00 -7.202819e+00
5.021345e+00 -2.444946e+00
1.019215e+01 -6.418015e+00
5.635421e+00 -4.696713e+00
-1.748103e-01 -1.899472e+00
1.014394e+01 -5.349265e+00
2.184618e+00 6.187532e-01
2.708093e+00 -2.892850e+00
5.917339e+00 5.303254e-01
3.516945e+00 2.670501e+00
1.108149e+01 8.741371e+00
1.066906e+01 7.176899e+00
4.751899e+00 1.055598e+01
8.911268e+00 5.421914e+00
7.221004e+00 9.620880e+00
8.873967e+00 1.068907e+01
8.145196e+00 -1.091732e+01
8.289357e+00 -5.558561e+00
1.072704e+01 -7.628401e+00
-8.585245e+00 1.090708e+01
-1.036529e+01 -4.080588e+00
7.535347e+00 -3.390355e+00
9.290535e+00 -7.533760e+00
2.062887e+00 -3.688829e+00
-1.139132e+00 -2.849551e+00
5.218775e+00 -3.712045e+00
6.487907e+00 -3.965294e+00
3.736427e+00 -7.899737e-01
6.989156e+00 4.259269e+00
5.809555e+00 1.836445e+00
3.484702e+00 8.391259e+00
3.198422e+00 6.658580e+00
6.985730e+00 1.489644e+00
9.144509e+00 4.432585e+00
-9.890924e+00 8.220939e+00
8.926253e+00 -8.704967e+00
-9.275225e+00 -9.482201e+00
5.858279e+00 1.010813e+01
7.855254e+00 1.045357e+01
-6.787810e+00 8.213686e+00
-1.115013e+01 -8.773790e+00
-7.861309e+00 -9.464130e-01
1.103105e+01 -3.490821e+00
8.277089e+00 -6.797065e+00
5.920580e+00 -2.968425e+00
7.638559e+00 -1.620876e+00
9.907945e+00 -3.202228e+00
1.064103e+01 -2.331402e+00
1.062583e+01 6.105531e+00
5.924641e+00 3.677942e+00
4.912253e+00 4.127087e+00
1.009844e+01 1.004107e+01
1.062177e+01 4.173457e+00
-8.897556e+00 7.768947e+00
-1.104050e+01 9.711320e+00
-6.047058e+00 8.924115e+00
