7.209853e+00 -1.057184e+01
-8.261485e+00 8.541920e+00
-9.549814e+00 7.772875e+00
-4.174205e+00 9.170166e-01
-4.983667e+00 1.620674e+00
-8.205316e+00 -9.478569e+00
7.273226e+00 -1.785560e-01
5.026033e+00 3.250486e+00
6.499304e+00 -6.290670e+00
6.507882e+00 -2.967558e+00
-5.605812e+00 7.450818e+00
1.048764e+01 5.308593e+00
-8.339298e+00 -4.974848e-01
5.995495e+00 2.920268e+00
-4.891781e+00 3.894830e+00
6.211665e+00 4.057215e+00
-9.914391e+00 -4.170368e+00
1.055372e+01 -1.028564e+01
-9.681663e+00 -7.607566e+00
-1.067445e+01 -8.383510e+00
5.528861e+00 -8.781446e+00
8.083860e+00 -4.389330e+00
2.777436e+00 -5.171557e+00
-2.930197e+00 -4.659387e-01
4.823043e+00 -2.124399e-01
-1.025139e+01 6.885294e+00
-4.045456e+00 -1.402474e-01
-5.684688e-01 1.085575e+01
9.395918e+00 9.065439e-01
-6.167287e+00 3.141220e+00
2.628917e+00 -7.743434e+00
6.827300e+00 2.278252e+00
-9.104762e+00 2.284512e+00
-1.095982e+01 -1.208716e+00
4.490113e-01 2.994518e+00
-4.498297e+00 1.108985e+01
-7.747056e+00 -1.083191e+01
-9.122590e+00 -8.536425e+00
8.554589e+00 -6.511980e+00
-8.329954e+00 2.906309e+00
8.419169e+00 -1.027704e+01
4.901791e+00 -2.351411e+00
-9.249310e+00 -9.771007e+00
9.544648e+00 3.114828e+00
-1.096900e+01 -4.772069e+00
8.664697e+00 7.699415e+00
-7.156878e+00 -3.285632e+00
-7.731000e+00 -4.309401e+00
8.228870e+00 -5.502120e+00
1.116664e+01 -8.545681e-02
4.478213e+00 -3.753362e+00
-1.791686e+00 2.727905e+00
9.082810e+00 -1.673518e-01
-7.986062e+00 4.367496e+00
1.021983e+01 -4.808506e-01
-7.718031e+00 -1.508385e+00
1.622350e+00 4.180884e+00
-6.231679e+00 -3.916873e+00
-7.593804e+00 7.718931e+00
-2.873907e-01 5.397324e+00
2.974909e+00 -1.040256e+01
5.214498e+00 -7.712613e+00
7.923941e+00 9.877732e+00
-1.245664e+00 -9.567165e+00
-9.694360e+00 1.376104e+00
4.412413e+00 -6.760510e+00
1.041175e+01 -4.232122e+00
-5.128687e+00 3.958100e-01
-6.797343e+00 1.025553e+01
4.758991e+00 -5.777973e+00
4.183151e+00 8.455399e+00
-1.051987e+01 2.472051e+00
7.422474e-01 5.330202e+00
3.649141e+00 4.224590e+00
5.008834e-01 4.332621e+00
9.593738e+00 4.387427e+00
-9.676480e+00 -5.258684e+00
-3.168193e+00 5.252933e+00
6.270676e+00 -7.584812e+00
9.585153e+00 -6.107223e+00
4.001569e+00 -9.493767e+00
-7.764020e+00 -5.493555e+00
7.398217e+00 3.257655e+00
7.665372e-01 -6.636312e+00
5.862121e+00 9.609050e+00
4.375078e+00 8.254692e-01
9.995848e+00 1.068503e+01
-7.083551e+00 5.050921e+00
3.751238e+00 -7.637599e+00
6.672638e-01 -1.658684e+00
-6.716999e+00 -1.489099e-02
-1.958115e+00 6.652493e-01
-5.450531e-01 2.167552e+00
8.141350e+00 1.433440e+00
-1.087260e+01 5.789560e+00
3.169803e+00 -1.187122e+00
5.315682e+00 7.942968e+00
-5.648414e-01 1.915300e-01
-8.874997e+00 3.820209e+00
9.603976e+00 -7.255280e+00
-1.093065e+01 4.650064e+00
2.554179e+00 6.492552e+00
1.051754e+01 -8.105136e+00
9.060597e+00 -4.881380e+00
-2.621187e+00 -6.566795e+00
-5.002152e+00 8.380412e+00
-3.519209e+00 -5.651623e+00
1.048438e+01 3.827930e+00
-5.749257e+00 -5.959553e-01
-6.460559e+00 -7.024695e+00
-1.016836e+01 -1.934691e+00
-6.254354e+00 4.276345e+00
1.779772e+00 -1.299070e+00
5.176378e+00 5.807394e+00
1.090473e+01 8.778837e+00
-1.046608e+01 9.460607e+00
-8.556053e+00 1.120094e+00
-4.397002e+00 -6.459433e+00
8.181445e+00 2.565089e+00
-8.028541e+00 9.530269e+00
7.684784e-01 5.257686e-01
1.888997e+00 5.281536e+00
-3.984698e+00 9.905228e+00
-3.886835e+00 8.708282e+00
4.183992e+00 -4.691842e+00
1.043917e+01 -1.539448e+00
-5.707368e+00 -6.029396e+00
-5.085148e+00 9.902732e+00
-1.497511e+00 3.876300e+00
-1.036480e+01 4.979895e-01
7.024673e+00 -5.393379e+00
-5.323611e+00 -7.049465e+00
-9.457189e+00 9.940748e+00
1.057870e+01 2.774241e+00
-2.033974e-01 -6.126928e+00
5.089558e+00 8.939510e+00
-5.070431e+00 -2.241000e+00
8.156791e+00 3.500657e-01
1.744362e+00 8.349266e+00
-1.202443e+00 6.048810e+00
-4.113765e+00 2.796987e+00
-1.999432e-01 -7.199607e+00
-1.024772e+01 -1.050238e+01
-8.659543e+00 7.124205e+00
9.253729e+00 -1.226458e+00
-6.256338e+00 2.142103e+00
-7.006581e+00 1.299990e+00
-4.374744e+00 -8.989775e+00
7.152203e+00 1.090047e+00
-8.841729e+00 -4.531550e+00
-1.696847e+00 -4.583581e-01
-1.098063e+01 1.492975e+00
-6.493638e+00 7.988140e+00
-3.496583e+00 -7.134549e+00
3.872907e+00 3.176877e+00
6.370744e+00 5.271057e+00
-5.854440e+00 1.081085e+01
-4.203312e+00 -1.008847e+01
1.011939e+01 7.423369e+00
-2.541290e-01 -3.568718e+00
-5.420581e-01 4.250282e+00
-7.883628e+00 1.961437e+00
1.505807e+00 -3.533797e+00
-6.961490e+00 -2.262794e+00
9.143043e+00 2.092735e+00
3.551257e+00 1.881690e-01
-1.047648e+00 -2.776941e+00
-1.019228e+01 -3.014987e+00
5.118080e+00 6.851343e+00
-6.076910e+00 5.809672e+00
-2.403830e+00 7.087266e+00
1.625940e+00 -8.740596e+00
1.673249e-01 -8.454266e+00
8.340657e+00 6.390512e+00
7.209483e+00 4.512328e+00
-9.172425e+00 -2.760059e+00
6.042375e+00 5.617999e-01
-2.451422e-01 -9.452057e+00
9.452057e-01 1.113561e+01
-3.180056e+00 5.788449e-01
-1.308371e+00 -1.063868e+01
1.407702e+00 2.646159e+00
-5.567556e+00 -8.144894e+00
-1.571132e+00 7.637030e+00
1.022938e+00 9.278215e+00
1.102590e+01 1.109415e+01
-4.707584e+00 -5.462356e+00
-6.803540e+00 -4.758625e+00
-2.872094e+00 9.730413e+00
-3.580537e+00 1.813347e+00
-9.837196e+00 -9.682480e-01
-1.470617e+00 -6.178897e+00
6.179851e+00 6.229663e+00
-5.336888e+00 4.893273e+00
-7.782388e+00 3.636524e-01
-9.420486e+00 -1.106902e+01
-1.253002e+00 -1.625521e+00
1.796676e+00 5.363869e-01
3.100591e-01 6.367149e+00
2.725981e+00 -6.597427e+00
2.461923e+00 -3.554720e-01
3.095763e+00 -8.778214e+00
6.942755e+00 9.509599e+00
3.639639e+00 -5.841081e+00
-3.467448e+00 3.966205e+00
7.816167e+00 -1.970699e+00
1.500544e+00 -2.369379e+00
-2.567329e+00 -7.748377e+00
3.017447e+00 5.448163e+00
8.702055e+00 -2.382294e+00
-2.778829e-01 -1.942133e+00
-2.465061e+00 -5.406932e+00
-3.121040e+00 -1.026015e+01
-6.404540e-01 3.201123e+00
2.496272e+00 -2.004605e+00
5.243502e+00 -4.509124e+00
6.110181e+00 -1.044886e+01
-7.582094e+00 6.690988e+00
1.598250e+00 1.033505e+01
7.104633e+00 6.554559e+00
2.347748e+00 -4.226881e+00
-6.348483e+00 -8.885497e+00
-3.417929e+00 6.840249e+00
-4.026690e+00 5.834562e+00
-2.595708e+00 2.012860e+00
-5.116115e+00 2.757679e+00
-2.677995e+00 -4.402437e+00
-5.252565e+00 -1.065894e+01
-5.991001e+00 -2.749557e+00
3.674103e+00 9.409473e+00
1.053411e+01 8.927159e-01
6.073898e+00 -1.939055e+00
1.808187e-01 7.387293e+00
-4.134768e+00 4.774949e+00
2.838486e+00 1.248119e+00
-9.983296e+00 5.218192e+00
7.018545e+00 1.072834e+01
8.454990e-01 -7.715748e+00
3.833046e+00 -1.903721e+00
-3.498563e+00 -8.342996e+00
-1.301200e+00 5.038395e+00
-5.198476e+00 -9.568922e+00
-2.213629e+00 8.458839e+00
6.330908e+00 8.562540e+00
-5.974073e+00 -1.703941e+00
2.412624e-01 1.377512e+00
3.126466e+00 8.552913e+00
-6.140208e+00 9.072321e+00
1.267461e+00 1.443191e+00
7.376495e+00 -7.648554e+00
-3.630749e+00 -3.768137e+00
-6.795299e+00 -5.848759e+00
2.305849e+00 -9.513569e+00
3.697277e+00 7.421388e+00
6.151643e-01 -5.391587e+00
1.389224e+00 6.190925e+00
-1.638602e+00 -4.882091e+00
5.887310e+00 1.066130e+01
5.794728e+00 1.638427e+00
5.459374e+00 -6.581892e+00
-8.521008e+00 -3.559584e+00
7.636568e+00 -9.507138e+00
-8.864931e+00 -1.723465e+00
-8.624023e-01 -8.581229e+00
8.473370e+00 4.743464e+00
-3.602726e+00 -1.801629e+00
8.756585e+00 1.095830e+01
6.375455e+00 -4.448185e+00
8.054396e+00 -8.491983e+00
1.582766e+00 -4.947367e+00
-4.922003e+00 -3.544980e+00
5.160021e+00 -1.321494e+00
-2.263352e+00 -1.392331e+00
1.789893e+00 -7.102241e+00
4.111368e+00 -1.055902e+01
8.633862e+00 8.865805e+00
7.553191e+00 5.492100e+00
2.065103e-01 -1.048739e+01
3.866721e+00 1.062813e+01
-5.292645e-02 9.320333e+00
4.848114e+00 1.007130e+01
2.582739e+00 -3.034907e+00
5.685832e-01 -2.835744e+00
-1.373515e+00 9.039885e+00
-9.719862e+00 3.107174e+00
-5.243462e+00 6.405079e+00
-2.053976e+00 -2.487633e+00
2.181697e+00 9.365172e+00
6.146051e+00 -6.594875e-01
3.410957e+00 -3.920000e+00
-5.319098e+00 -4.513765e+00
-4.694361e+00 -1.039531e+00
-1.015049e+01 -9.256089e+00
9.562585e+00 8.375793e+00
-1.486793e+00 -7.503829e+00
4.129164e+00 -9.181121e-01
-1.041343e+01 1.046900e+01
-8.014407e+00 -2.579804e+00
5.122800e-01 8.413986e+00
-7.162255e+00 2.717442e+00
-6.088830e+00 -9.975435e+00
4.928017e+00 1.114164e+01
8.147663e+00 -7.958131e-01
-5.599873e-01 -4.694387e+00
-4.309521e+00 -4.439180e+00
-1.037075e+01 8.397250e+00
-9.836074e+00 -6.358360e+00
8.438686e+00 -3.465113e+00
9.905374e+00 9.334078e+00
-4.107156e+00 -2.837651e+00
-7.787322e+00 -6.608105e+00
-1.609205e+00 -3.671238e+00
-8.191138e+00 5.862646e+00
-6.404690e+00 6.810128e+00
4.201411e+00 5.302318e+00
-6.740969e+00 -1.083818e+01
-8.142050e+00 -8.096569e+00
-7.212072e+00 -9.822533e+00
-2.869863e+00 -9.280396e+00
1.010768e+01 1.821572e+00
1.045240e+01 -5.251276e+00
-3.250656e+00 7.836607e+00
9.183046e+00 1.003056e+01
-8.438222e+00 1.061068e+01
9.544800e+00 -1.071710e+01
7.289929e+00 -3.656069e+00
2.491693e+00 3.365210e+00
9.340168e+00 6.802814e+00
-1.068757e+01 3.545017e+00
5.155842e+00 4.812261e+00
1.377915e+00 -1.024629e+01
-5.400520e-01 8.221504e+00
-4.921020e-01 -8.410781e-01
6.345475e+00 7.412040e+00
9.749186e+00 -2.246105e+00
5.430651e+00 -3.208142e+00
-2.067290e+00 -8.765093e+00
1.378363e+00 7.327783e+00
-7.241527e+00 8.837909e+00
-1.720511e+00 1.033123e+01
2.306155e+00 1.110552e+01
-1.079284e+01 -5.826289e+00
7.031201e+00 -1.266687e+00
3.988181e-01 1.020823e+01
-6.909413e+00 -7.949506e+00
-8.775950e+00 -6.855536e+00
1.115193e+01 -9.341758e+00
3.834038e+00 1.762280e+00
2.999693e+00 2.484745e+00
-9.364546e+00 2.116392e-01
-1.413446e+00 1.520310e+00
9.392863e+00 -3.894948e+00
-2.410100e+00 -1.096083e+01
-3.389053e+00 1.101316e+01
7.558126e+00 7.461359e+00
9.088289e+00 5.610267e+00
1.068365e+01 -6.455025e+00
7.554213e+00 8.581869e+00
2.677594e+00 4.439933e+00
-9.353607e+00 8.934636e+00
2.803503e+00 1.015160e+01
9.738780e+00 -9.702674e+00
2.476667e+00 7.604020e+00
-1.076096e+01 -7.240516e+00
8.557145e+00 -7.519046e+00
-6.004207e+00 1.000648e+00
1.106885e+01 -2.381575e+00
-4.516076e+00 -7.764460e+00
6.681172e+00 -8.660496e+00
4.831109e+00 2.164652e+00
3.669581e+00 -2.879973e+00
9.564546e+00 -8.525978e+00
1.080880e+01 9.822768e+00
8.452146e+00 3.690246e+00
-6.794512e+00 -1.062160e+00
-7.300954e-01 7.025754e+00
7.188440e-01 -5.797654e-01
-1.106672e+01 -3.494325e+00
-9.403306e+00 6.184952e+00
5.065778e-01 -4.250645e+00
4.439554e+00 -8.480517e+00
1.071315e+01 6.495741e+00
8.045436e-01 -9.282027e+00
-2.231146e+00 5.518126e+00
4.009805e+00 6.409799e+00
1.116028e+01 7.545575e+00
-2.492604e+00 4.482362e+00
8.769590e+00 -9.338825e+00
-2.730405e+00 -3.203245e+00
1.017482e+01 -3.134484e+00
-2.909886e+00 3.031884e+00
7.392701e+00 -6.637767e+00
-9.848259e+00 4.161612e+00
5.244951e+00 -9.813818e+00
1.805631e+00 -5.993717e+00
-7.411507e+00 -8.877258e+00
-7.210784e+00 3.682069e+00
5.719762e+00 -5.483211e+00
-8.962144e+00 5.085086e+00
-4.367209e+00 7.381547e+00
