-1.047897e+01 -9.865230e+00
-8.649169e+00 7.952021e+00
-8.961095e+00 9.002576e+00
-5.964847e+00 -6.596447e+00
1.091310e+01 -3.207699e+00
-9.502214e+00 -3.175002e+00
-7.015547e+00 -1.748664e+00
9.349207e+00 1.355801e-01
6.972761e+00 -4.090853e+00
8.275806e+00 1.793867e-01
3.137780e+00 3.687095e+00
9.916229e+00 2.841340e+00
1.070730e+01 2.039343e+00
6.215847e+00 6.390357e+00
-8.486182e+00 6.977977e+00
7.014509e+00 4.399536e+00
-9.609278e+00 2.286113e+00
-6.556845e+00 8.003750e+00
8.651560e+00 -1.016581e+01
-7.884635e+00 8.845095e+00
-7.331564e+00 -3.992128e+00
-8.801647e+00 -7.592001e+00
-9.153337e+00 -6.612484e+00
-7.416619e+00 -2.853706e+00
-8.458389e+00 -4.153228e+00
-1.078668e+01 1.238630e+00
-5.862633e+00 5.955438e-01
1.075732e+01 -4.309713e+00
7.995893e+00 -3.561741e+00
1.093238e+01 3.157536e+00
-9.784627e+00 7.527101e-01
9.930119e+00 -2.201334e+00
-1.028106e+01 -1.565141e-01
9.070399e+00 2.242333e+00
4.791284e+00 -4.985433e-01
8.287033e+00 6.606480e+00
-9.167901e+00 1.006193e+01
-6.177115e+00 6.844706e+00
1.058895e+01 9.191305e+00
-9.464268e+00 6.343147e+00
-4.074801e+00 -7.359927e+00
-7.772075e+00 -8.205241e+00
-1.105148e+01 1.042432e+01
-7.930056e+00 1.008243e+01
-6.365412e+00 -5.523664e+00
-7.148541e+00 -3.043977e-01
-8.767379e+00 -1.591741e-01
-8.181233e+00 -2.043567e+00
7.332225e+00 -1.781008e+00
-8.924933e+00 1.331646e+00
9.667499e+00 -3.813373e+00
-8.159851e+00 7.300685e-01
1.072120e+01 5.846289e-01
8.193507e+00 4.414581e+00
4.860296e+00 2.717013e+00
-6.428221e+00 5.573216e+00
9.671238e+00 7.327254e+00
-3.261246e+00 5.221472e+00
-8.042528e+00 4.970995e+00
-2.684296e+00 7.530864e+00
-8.761782e+00 -8.697545e+00
-1.325696e+00 1.057328e+01
-6.325874e+00 -7.516696e+00
-4.329883e+00 -6.277389e+00
-8.119027e+00 -9.984800e-01
-8.415039e+00 -3.080880e+00
-6.286602e+00 -4.344617e+00
-4.926146e+00 -2.766166e+00
1.062975e+01 -5.425419e+00
-6.334556e+00 -1.009508e+00
-9.194937e+00 3.287508e+00
6.885673e+00 3.380958e+00
2.424181e+00 -2.500477e+00
7.331357e+00 6.395217e+00
9.171532e+00 6.146045e+00
4.478096e+00 1.785082e+00
-5.956629e+00 3.311606e+00
-5.515099e+00 8.200336e+00
-9.173410e+00 5.184699e+00
-9.653189e+00 -1.104307e+01
-2.271772e+00 9.942656e+00
-7.361149e+00 1.116072e+01
-4.260028e+00 9.342431e+00
-7.860019e+00 -9.235855e+00
-7.406731e+00 -5.185472e+00
-1.050237e+01 -3.566055e+00
-4.230216e+00 -3.747867e+00
-9.354546e+00 -1.018263e+00
-8.113323e+00 -6.352567e+00
4.000917e+00 -8.011448e+00
-5.374541e+00 -5.491885e+00
-3.204525e+00 2.092924e+00
-8.526549e+00 2.411047e+00
-8.746262e+00 4.224564e+00
8.864814e+00 5.154136e+00
6.586883e+00 2.106772e+00
7.988609e+00 3.077886e+00
-9.514391e+00 -9.994940e+00
-6.472806e-01 7.190626e+00
-9.788652e+00 -9.012253e+00
-7.646509e+00 7.844065e+00
-1.248419e+00 -1.057120e+01
-5.041942e+00 -9.583143e+00
-3.887897e+00 -2.748163e+00
-3.767499e+00 -9.392990e+00
-1.053618e+01 -2.508350e+00
-8.126184e-01 -4.741645e+00
1.062388e+01 -5.697307e-01
-4.417932e+00 -8.613191e+00
-5.177259e+00 -1.656920e+00
-4.160675e+00 3.055776e+00
-4.972539e+00 3.738297e+00
-6.663007e+00 4.307501e+00
-2.777582e+00 4.283712e+00
9.879316e+00 4.961159e+00
-1.059595e+01 2.425067e+00
-7.221954e+00 6.884323e+00
-1.012696e+01 9.600030e+00
9.998918e+00 3.959252e+00
-1.041725e+01 5.190459e+00
-2.835004e+00 6.153878e+00
-3.936315e+00 7.233590e+00
-4.095818e+00 -1.041157e+01
-4.373079e+00 -4.819532e+00
1.081138e+00 -5.437441e+00
-2.864653e+00 -4.571523e+00
-2.947909e+00 -2.227161e+00
-1.864497e+00 -2.852990e+00
-5.173960e+00 2.668838e+00
-4.597432e+00 5.299662e+00
-3.778141e+00 -1.866753e-01
-4.292884e+00 1.855358e+00
-7.678633e+00 1.868179e+00
9.794929e+00 1.367361e+00
-1.454035e+00 5.905052e+00
4.906481e-01 6.772217e+00
-7.391294e+00 5.838730e+00
1.026113e+01 6.109964e+00
-5.443819e+00 5.903454e+00
-3.872274e+00 6.232780e+00
-8.444276e+00 5.968765e+00
1.004127e-01 7.908330e+00
-5.362462e+00 1.034572e+01
-6.198150e+00 1.108637e+01
-6.054943e+00 -9.927925e+00
-4.427655e+00 1.082104e+01
-5.250434e+00 -3.847686e+00
-3.122236e+00 -3.558299e+00
-3.489294e+00 -8.327526e+00
-2.964666e+00 -9.501633e-01
-1.759252e+00 -6.723758e-01
-6.514870e-01 -7.017939e+00
-1.100808e+01 4.291213e+00
3.280070e-01 -4.098087e-01
-1.288704e+00 4.667580e+00
-4.364374e-01 4.863890e-01
-6.076519e+00 -2.308135e+00
-3.202379e+00 8.525216e+00
-5.014430e+00 7.113384e+00
-1.066664e+00 2.458098e+00
-2.088382e+00 8.884030e+00
-5.540312e+00 9.221294e+00
-1.012562e+00 8.280120e+00
-3.072515e+00 -6.963486e+00
-7.064799e+00 8.098535e-01
-5.264957e+00 -5.957344e-01
-2.463711e+00 -7.889066e+00
-6.494748e+00 -3.329387e+00
-3.849205e+00 -1.613092e+00
-1.820139e+00 -8.788278e+00
-9.077024e-01 -9.300892e+00
8.673359e-01 -3.978636e+00
-1.847912e+00 -4.974857e+00
-4.087685e+00 4.372666e+00
-1.035858e+01 3.412248e+00
-5.532770e+00 4.806181e+00
9.975329e-01 4.538533e+00
-5.102079e+00 -7.339092e+00
1.231489e+00 7.589791e+00
-3.525412e+00 8.927816e-01
-9.722425e-01 -8.163482e+00
-4.313242e+00 8.348672e+00
1.272648e+00 -8.405487e+00
-5.531253e+00 -8.487053e+00
-6.740011e+00 -9.182455e+00
-2.073245e+00 -9.847162e+00
1.285907e+00 -7.348449e+00
-7.250776e+00 -1.018660e+01
-2.397263e+00 -5.976375e+00
-7.252657e+00 2.880321e+00
-6.196675e+00 2.001146e+00
-2.063170e+00 -1.727572e+00
-9.774887e+00 4.203730e+00
-3.129139e+00 3.021021e+00
2.374029e+00 4.464238e+00
-1.070023e+01 6.330415e+00
-1.460069e+00 1.415764e+00
1.890120e+00 9.942192e+00
2.804052e+00 5.476805e+00
-8.450582e+00 -1.007250e+01
-3.919833e-01 1.007810e+01
1.995682e+00 -1.013884e+01
2.343473e+00 7.302049e+00
-3.431071e+00 -5.571013e+00
-1.774290e-01 9.038060e+00
6.827022e+00 1.103652e+01
-2.365149e+00 -1.116261e+01
3.148239e+00 -9.673971e+00
7.242838e+00 -5.339503e+00
-2.610904e+00 1.146529e-01
6.377985e+00 -9.867148e-01
1.325745e+00 -1.928188e+00
1.661043e+00 5.304153e+00
-5.228682e+00 1.380689e+00
-7.569158e-01 3.701349e+00
-1.921904e+00 3.450606e+00
7.546215e-01 5.574261e+00
-1.788615e+00 6.943266e+00
3.070125e+00 1.096491e+01
-2.170584e+00 5.136933e+00
6.288847e-03 -9.844501e+00
-5.300130e+00 -1.069657e+01
6.556557e+00 -9.752308e+00
-3.100611e+00 -1.038850e+01
2.321026e+00 -5.655166e+00
4.775237e-01 -6.733007e+00
3.058098e+00 -6.553883e+00
6.172809e-01 -2.759136e+00
4.069029e+00 -4.396410e+00
6.390054e+00 6.417625e-01
-7.703429e+00 3.834567e+00
-1.529136e+00 3.208837e-01
-2.730933e-01 1.571488e+00
-3.561728e-01 5.803943e+00
-6.859621e-01 -5.326891e-01
5.562455e+00 5.577239e+00
1.271990e+00 2.233397e+00
1.032435e+00 8.639352e+00
9.879721e-01 -1.046175e+01
7.250048e-01 9.856205e+00
1.744114e+00 6.447453e+00
2.188268e+00 -9.169011e+00
-3.261241e+00 1.079979e+01
-1.103434e+00 9.371467e+00
-2.791669e+00 -9.104701e+00
-1.772610e-01 -5.829838e+00
4.227595e+00 -9.573057e+00
3.703119e+00 -5.539258e+00
-2.111329e+00 2.316657e+00
-4.718258e+00 3.727361e-01
1.839713e+00 -4.387423e+00
1.633819e+00 -3.143254e+00
2.219347e-01 2.484776e+00
4.237551e+00 6.149056e+00
-2.377001e-01 4.690053e+00
-2.558455e+00 1.228629e+00
2.005158e+00 -6.632513e+00
1.896021e+00 1.108746e+01
6.187813e+00 8.723976e+00
1.004025e+00 -9.400320e+00
4.322446e+00 8.190491e+00
3.195437e+00 -8.554594e+00
-3.772514e-03 -8.771876e+00
-3.263701e+00 9.734777e+00
4.315602e+00 1.093001e+01
4.833117e+00 -5.188073e+00
8.131655e+00 -6.567560e+00
6.246281e+00 -5.835132e+00
2.965689e+00 -3.556163e+00
-1.159572e+00 -3.764915e+00
-7.082518e-01 -2.653649e+00
1.203309e+00 2.758198e-01
7.478212e+00 1.060982e+00
3.173268e+00 6.463882e+00
4.887457e+00 7.110182e+00
3.831840e+00 2.687719e+00
3.137225e+00 8.353745e+00
5.466300e+00 1.056938e+01
5.534713e+00 -9.721165e+00
5.788516e+00 -1.076194e+01
6.084682e+00 -8.561931e+00
8.508747e+00 -4.538975e+00
4.937455e+00 -6.451716e+00
-4.769269e-01 -1.114645e+01
2.968309e+00 9.628118e+00
-1.720419e+00 -7.159803e+00
3.729760e+00 -1.062004e+01
5.076592e+00 -7.539486e+00
6.157135e+00 -3.404820e+00
4.680062e+00 -2.365911e+00
8.005232e-02 -1.669910e+00
5.233542e+00 -1.427513e+00
1.521386e+00 3.412999e+00
2.278754e+00 4.002939e-01
3.954701e-01 3.533233e+00
2.320347e+00 2.804895e+00
7.439236e+00 9.264801e+00
3.433777e+00 -2.384849e+00
4.612039e+00 5.097655e+00
7.432316e+00 7.962476e+00
4.865748e+00 -1.041367e+01
7.067679e+00 -8.707805e+00
2.263021e+00 -7.921899e+00
5.171680e+00 -3.934147e+00
4.032928e+00 -6.934013e+00
1.023400e+01 -7.137934e+00
5.950340e+00 -6.981513e+00
6.955295e+00 -7.701173e+00
9.663029e+00 -4.933843e+00
-1.308315e+00 -6.017915e+00
-1.356611e-01 -3.579492e+00
2.755201e+00 -1.417244e+00
7.829865e+00 2.119185e+00
7.878194e+00 1.080366e+01
6.400896e+00 7.736367e+00
-1.064615e+01 7.691730e+00
9.392158e+00 8.467218e+00
8.666721e+00 9.983458e+00
8.553917e+00 7.827689e+00
6.548895e-01 1.088647e+01
4.865706e+00 -8.654779e+00
8.207460e+00 -7.605766e+00
1.019632e+01 -9.167880e+00
7.952942e+00 -9.397204e+00
-1.106641e+01 -7.480220e+00
-8.592388e+00 -5.305847e+00
-1.072819e+01 8.737506e+00
9.155026e+00 -8.014014e+00
3.883588e+00 -1.461613e+00
1.063061e-01 -7.810817e+00
5.722362e+00 4.423664e+00
4.274316e+00 3.394584e-01
4.768713e+00 3.938879e+00
1.964922e+00 1.352864e+00
3.691991e+00 4.653803e+00
5.166438e+00 9.260277e+00
3.586199e+00 7.346028e+00
1.027055e+01 1.029579e+01
8.463225e+00 8.949141e+00
8.490854e+00 -5.574170e+00
-1.091447e+01 -8.715817e+00
-7.065205e+00 -6.245660e+00
9.156520e+00 -6.873140e+00
6.527656e+00 1.000510e+01
-7.378248e+00 -7.143611e+00
8.718381e+00 1.262271e+00
-1.061626e+01 -5.020027e+00
6.078096e+00 -4.656827e+00
-1.021876e+00 -1.480999e+00
9.010823e+00 -2.968025e+00
1.678439e+00 -8.334857e-01
2.802529e+00 -4.652222e+00
3.298097e+00 -4.668969e-01
7.434137e-01 1.264509e+00
1.080173e+01 7.027848e+00
1.040627e+01 8.130180e+00
7.348407e+00 -1.041907e+01
5.890160e+00 3.101222e+00
8.965505e+00 1.094049e+01
1.076709e+01 -1.003542e+01
9.057519e+00 -9.160804e+00
7.127864e+00 -6.645957e+00
-1.036397e+01 -6.699552e+00
-1.068995e+01 -1.090546e+01
-9.609158e+00 -4.514209e+00
7.230484e+00 -8.047173e-02
-9.590235e+00 -5.648769e+00
2.416908e-01 -4.891783e+00
-2.155983e+00 -3.934904e+00
8.602739e+00 -1.925818e+00
7.145519e+00 -2.949184e+00
3.905492e+00 -3.308229e+00
6.594561e+00 5.312967e+00
5.375833e+00 5.666846e-01
5.332757e+00 8.126528e+00
2.117486e+00 8.693831e+00
5.679748e+00 1.605729e+00
7.803450e+00 5.385020e+00
-9.459117e+00 7.366893e+00
9.750574e+00 -6.039933e+00
-9.952180e+00 -7.812437e+00
4.187626e+00 9.885054e+00
9.635241e+00 -1.007065e+01
-6.790227e+00 9.078895e+00
1.042718e+01 -8.184326e+00
-9.540538e+00 -2.074060e+00
-1.043215e+01 -1.207736e+00
1.100908e+01 -6.354052e+00
6.285893e+00 -2.141136e+00
9.519869e+00 -1.065067e+00
1.088401e+01 -1.614947e+00
8.076434e+00 -9.128887e-01
8.994776e+00 3.507210e+00
2.839239e+00 1.934681e+00
3.285285e+00 8.598943e-01
1.054850e+01 -1.104228e+01
1.087310e+01 5.273248e+00
-8.458250e+00 1.109967e+01
9.532706e+00 9.494631e+00
-6.535519e+00 1.011175e+01
