9.483292e+00 -9.849186e+00
1.080137e+01 -9.367041e+00
1.062766e+01 -8.327992e+00
-1.039092e+01 -7.841820e+00
-1.048889e+01 -6.735067e+00
-9.888514e+00 -5.913019e+00
1.005040e+01 -5.342089e+00
1.084398e+01 -4.552358e+00
1.029458e+01 -2.219002e+00
1.036088e+01 -9.891769e-01
1.099169e+01 -5.265398e-02
-1.091502e+01 1.256078e+00
-1.055702e+01 2.299282e+00
1.072221e+01 2.026215e+00
1.075371e+01 3.044640e+00
1.065481e+01 4.421467e+00
-1.045135e+01 5.838372e+00
9.990831e+00 8.361671e+00
9.141770e+00 9.119516e+00
9.655626e+00 -1.084844e+01
-1.083399e+01 -1.116404e+01
-1.052352e+01 -1.008625e+01
1.070927e+01 -1.041497e+01
-1.062841e+01 -8.937298e+00
-9.440077e+00 -7.222352e+00
-8.837089e+00 -6.287686e+00
-9.515108e+00 -4.657988e+00
-1.057710e+01 -5.165370e+00
1.085131e+01 -3.276350e+00
-1.088853e+01 -1.176386e+00
-9.816208e+00 -1.567210e+00
-1.011129e+01 4.848492e-01
-9.717087e+00 1.476569e+00
-1.056014e+01 3.762114e+00
-1.075924e+01 4.739648e+00
-9.463923e+00 5.292336e+00
1.082584e+01 7.546514e+00
-1.037852e+01 7.938038e+00
1.116635e+01 8.739759e+00
1.034487e+01 9.399641e+00
-1.010732e+01 1.047101e+01
-9.708629e+00 -1.085277e+01
-9.675314e+00 -9.314745e+00
-9.076393e+00 -8.198134e+00
-8.322221e+00 -7.232907e+00
-8.339246e+00 -5.197280e+00
-7.276495e+00 -5.252167e+00
-1.043984e+01 -3.787714e+00
-1.061248e+01 -2.301048e+00
-9.060776e+00 -2.348819e+00
-1.004710e+01 -6.244393e-01
-8.885772e+00 7.895952e-01
-9.504638e+00 2.579322e+00
-9.540608e+00 4.118440e+00
-8.576346e+00 4.730477e+00
-9.656800e+00 6.478257e+00
-1.059846e+01 6.864588e+00
-9.452926e+00 7.493668e+00
-1.020113e+01 9.155234e+00
-1.099649e+01 9.864057e+00
-8.881817e+00 1.069452e+01
-8.877301e+00 -1.015174e+01
-8.295176e+00 -9.178804e+00
-7.840947e+00 -8.278956e+00
-7.828611e+00 -6.203381e+00
-6.724940e+00 -6.105143e+00
-6.528849e+00 -4.552898e+00
-8.262509e+00 -4.183086e+00
-9.324041e+00 -3.407765e+00
-7.617008e+00 -1.744097e+00
-8.635646e+00 -1.357990e+00
-8.996363e+00 -2.247310e-01
-8.256100e+00 1.700879e+00
-7.723399e+00 2.674224e+00
-8.513369e+00 3.404029e+00
-8.082885e+00 5.781904e+00
-8.501517e+00 6.782190e+00
-8.374653e+00 7.931015e+00
-9.338814e+00 8.519270e+00
-9.325802e+00 9.829876e+00
-7.785800e+00 -1.112678e+01
-7.527874e+00 -1.012453e+01
-7.088429e+00 -9.155673e+00
-6.845107e+00 -8.076501e+00
-7.276962e+00 -7.091511e+00
-6.219551e+00 -7.067712e+00
-5.806616e+00 -5.646644e+00
-7.370119e+00 -3.696466e+00
-8.091441e+00 -2.939034e+00
-6.605421e+00 -1.840063e+00
-7.695672e+00 -7.249684e-01
-6.903214e+00 4.874903e-01
-7.884736e+00 5.722326e-01
-7.200176e+00 1.599122e+00
-7.420159e+00 3.745080e+00
-6.959802e+00 5.785998e+00
-7.463430e+00 7.140441e+00
-8.342320e+00 8.997118e+00
-7.243011e+00 9.375470e+00
-8.105805e+00 9.988635e+00
-6.629230e+00 1.099885e+01
-6.349465e+00 -1.018273e+01
-5.372522e+00 -1.105687e+01
-5.992651e+00 -9.050841e+00
-5.440632e+00 -7.685082e+00
-4.727624e+00 -5.431649e+00
-5.130225e+00 -3.403122e+00
-5.306470e+00 -4.536580e+00
-7.111327e+00 -2.669511e+00
-5.773054e+00 -1.204771e+00
-6.688873e+00 -6.195984e-01
-5.833393e+00 3.953701e-01
-6.151330e+00 1.598172e+00
-6.411210e+00 2.704546e+00
-6.330531e+00 3.686783e+00
-7.428198e+00 4.838595e+00
-6.539832e+00 6.729793e+00
-7.288890e+00 8.248347e+00
-5.043180e+00 8.028661e+00
-6.211637e+00 8.812348e+00
-5.157310e+00 9.172230e+00
-6.301234e+00 9.904211e+00
-5.257204e+00 -9.907718e+00
-4.286787e+00 -7.621087e+00
-5.110613e+00 -6.721119e+00
-4.304362e+00 -4.106886e+00
-4.753749e+00 -2.118797e+00
-6.310277e+00 -3.583301e+00
-5.821331e+00 -2.486472e+00
-2.969114e+00 -4.839152e-01
-5.113962e+00 -3.702117e-01
-4.784224e+00 6.652698e-01
-5.174753e+00 2.131912e+00
-5.407735e+00 3.192790e+00
-5.354749e+00 4.764785e+00
-6.414635e+00 4.728677e+00
-6.074269e+00 7.704380e+00
-5.309286e+00 6.986437e+00
-4.121698e+00 7.474020e+00
-4.161824e+00 8.631395e+00
-5.161679e+00 1.024090e+01
-4.238958e+00 -9.789354e+00
-3.729346e+00 -8.441485e+00
-4.718364e+00 -8.668422e+00
-3.287280e+00 -7.213525e+00
-4.146073e+00 -6.282892e+00
-3.518015e+00 -5.264270e+00
-4.202916e+00 -1.045841e+00
-3.335479e+00 -1.881356e+00
-3.942412e+00 6.202060e-02
-2.156309e+00 4.073133e-01
-3.248225e+00 8.411661e-01
-4.134775e+00 1.604321e+00
-4.322677e+00 2.789220e+00
-4.518086e+00 3.949762e+00
-5.412016e+00 5.802384e+00
-4.402447e+00 6.429024e+00
-3.061660e+00 7.025432e+00
-3.292259e+00 9.224274e+00
-4.244959e+00 9.875270e+00
-4.007707e+00 1.098921e+01
-3.154327e+00 -1.036717e+01
-3.008704e+00 -9.190948e+00
-2.717095e+00 -8.135209e+00
-2.209857e+00 -7.172821e+00
-2.978918e+00 -6.142920e+00
-1.873837e+00 -3.933574e+00
-3.773953e+00 -3.048562e+00
-2.980158e+00 -3.958934e+00
-2.364013e+00 -1.868522e+00
-1.896122e+00 -8.351069e-01
-2.258368e+00 1.413011e+00
-3.177137e+00 2.077294e+00
-3.459129e+00 3.530715e+00
-2.402022e+00 3.953425e+00
-4.341011e+00 5.270267e+00
-3.242317e+00 5.898589e+00
-2.203218e+00 7.708414e+00
-3.213054e+00 8.071018e+00
-3.170572e+00 1.018237e+01
-2.222937e+00 -1.104855e+01
-1.721498e+00 1.037806e+01
-2.087248e+00 -1.003771e+01
-1.008930e+00 -9.011446e+00
-1.713192e+00 -8.089645e+00
-1.890354e+00 -6.017064e+00
-2.446206e+00 -5.081568e+00
-1.374324e+00 -4.962740e+00
-1.568951e+00 -2.811503e+00
-2.692776e+00 -2.860145e+00
-1.127799e+00 -1.593657e+00
-9.296583e-01 6.528871e-02
-9.859103e-01 1.223878e+00
-2.256386e+00 2.859415e+00
-1.483978e+00 4.575685e+00
-3.321516e+00 4.647077e+00
-2.241342e+00 6.373437e+00
-8.017113e-01 7.771303e+00
-1.562981e+00 8.568634e+00
-2.212980e+00 9.335861e+00
-9.782348e-01 9.507847e+00
1.588487e-02 9.603239e+00
-1.255164e+00 -1.063555e+01
2.382036e-01 -9.024113e+00
-1.971770e-01 -6.750187e+00
-2.600298e-01 -7.996734e+00
-9.455612e-01 -5.859702e+00
-6.942733e-01 -4.122473e+00
1.631982e-01 -3.359896e+00
-5.751829e-01 -2.552900e+00
-5.970106e-02 -6.362029e-01
7.562898e-02 3.537371e-01
-3.175390e-01 2.674248e+00
-1.301806e+00 2.314345e+00
-1.325804e+00 3.374169e+00
-2.453541e+00 5.249193e+00
-1.330894e+00 5.776369e+00
-1.145424e+00 6.726654e+00
5.398712e-01 7.576506e+00
1.356279e-02 8.539998e+00
1.400842e+00 1.089906e+01
-6.531736e-01 1.056533e+01
-5.159215e-01 -9.872981e+00
6.295855e-01 -7.380378e+00
-1.113782e+00 -7.027385e+00
2.359906e-01 -5.621562e+00
1.166554e+00 -5.063816e+00
3.245584e-01 -4.429028e+00
7.934382e-01 -1.883399e+00
1.093338e+00 2.818480e-01
2.655781e-02 1.663411e+00
1.049098e+00 1.356385e+00
8.322158e-01 2.410535e+00
-2.527056e-01 3.694080e+00
-3.527016e-01 4.716585e+00
2.959823e-01 5.496642e+00
-9.607668e-02 6.422965e+00
1.615927e+00 7.474453e+00
2.123983e+00 8.862340e+00
1.138935e+00 8.563264e+00
2.385404e+00 9.979617e+00
1.560186e+00 -1.028040e+01
4.792939e-01 1.113221e+01
5.209384e-01 -1.007697e+01
1.342113e+00 -8.094333e+00
1.622609e+00 -7.118845e+00
1.234024e+00 -6.066746e+00
1.366249e+00 -3.995153e+00
1.248688e+00 -2.889122e+00
1.140327e+00 -7.577872e-01
2.116849e+00 6.359081e-01
1.995299e+00 1.867917e+00
1.644765e+00 2.985142e+00
9.107413e-01 3.662659e+00
1.989596e+00 4.098813e+00
1.181156e+00 4.851978e+00
1.153600e+00 6.503301e+00
2.744062e+00 6.542356e+00
2.653852e+00 7.973101e+00
1.216469e+00 9.792508e+00
4.164283e+00 9.747150e+00
3.377869e+00 1.033991e+01
4.498915e+00 1.099788e+01
2.437629e+00 1.107564e+01
1.222341e+00 -9.303296e+00
3.278062e+00 -7.059738e+00
2.393901e+00 -4.968743e+00
2.379259e+00 -2.915343e+00
1.939086e+00 -1.685706e+00
2.297597e+00 -6.812615e-01
3.643894e+00 -9.520931e-01
2.993218e+00 1.309913e+00
3.191116e+00 2.341129e+00
2.715893e+00 3.335976e+00
4.199035e+00 4.370004e+00
2.016113e+00 5.593986e+00
3.559994e+00 5.271114e+00
3.676877e+00 7.728409e+00
4.003585e+00 8.715773e+00
3.163535e+00 9.308337e+00
5.433172e+00 1.047076e+01
4.861091e+00 -1.010682e+01
3.593477e+00 -1.084576e+01
2.658981e+00 -1.020460e+01
2.615409e+00 -8.951065e+00
2.364580e+00 -7.886820e+00
2.365207e+00 -6.275567e+00
4.314760e+00 -3.910921e+00
2.638914e+00 -3.865941e+00
3.107087e+00 -1.857037e+00
4.529976e+00 1.211463e-01
3.129364e+00 -5.435468e-02
4.376790e+00 2.307586e+00
3.808320e+00 3.253624e+00
5.300459e+00 3.421481e+00
3.036254e+00 4.367418e+00
4.797239e+00 5.866385e+00
3.821775e+00 6.648921e+00
4.754224e+00 8.034964e+00
5.114518e+00 9.181798e+00
5.753296e+00 -1.087240e+01
4.370464e+00 -8.994036e+00
3.497258e+00 -9.575983e+00
3.491083e+00 -8.127017e+00
3.142727e+00 -5.665629e+00
4.081756e+00 -6.314485e+00
3.588390e+00 -4.670365e+00
4.668667e+00 -5.502588e+00
4.964259e+00 -3.019715e+00
3.409710e+00 -3.139447e+00
4.116461e+00 -2.329176e+00
4.137340e+00 1.101506e+00
5.831935e+00 2.334916e+00
6.775321e+00 2.997490e+00
6.617343e+00 3.985926e+00
5.409347e+00 4.454793e+00
5.872044e+00 5.726481e+00
4.792059e+00 6.970712e+00
5.852484e+00 8.464860e+00
6.202145e+00 9.484478e+00
6.637123e+00 -1.021535e+01
5.862521e+00 -9.482086e+00
4.501667e+00 -7.717266e+00
5.624721e+00 -7.414320e+00
5.144104e+00 -6.390780e+00
5.693510e+00 -5.043603e+00
6.961613e+00 -4.889971e+00
5.316373e+00 -4.152472e+00
5.498654e+00 -2.198251e+00
4.964201e+00 -9.713212e-01
7.299152e+00 -9.203474e-01
5.967157e+00 -5.165738e-01
5.447514e+00 6.229541e-01
5.127425e+00 1.617118e+00
7.734989e+00 3.471414e+00
6.745597e+00 5.108272e+00
6.617703e+00 6.542229e+00
6.314114e+00 7.543799e+00
6.910560e+00 8.680220e+00
6.514685e+00 1.067031e+01
7.613486e+00 1.089837e+01
7.353325e+00 -9.120800e+00
5.421952e+00 -8.468423e+00
6.730110e+00 -6.960553e+00
7.801431e+00 -7.113105e+00
6.533451e+00 -5.910987e+00
7.796047e+00 -6.024149e+00
6.500463e+00 -3.902071e+00
6.337551e+00 -2.790287e+00
6.663306e+00 -1.826932e+00
8.207940e+00 -1.407681e+00
6.705687e+00 3.611849e-01
7.999555e+00 7.952008e-01
6.441194e+00 1.439600e+00
7.589117e+00 2.253757e+00
7.726011e+00 4.660581e+00
7.668604e+00 5.886030e+00
8.134591e+00 6.874448e+00
7.560556e+00 7.779890e+00
8.152885e+00 8.933067e+00
7.321792e+00 9.849627e+00
8.433594e+00 -9.215096e+00
6.593323e+00 -8.046697e+00
8.544511e+00 -7.993548e+00
1.002316e+01 -6.389392e+00
8.767507e+00 -6.752246e+00
8.757978e+00 -5.687816e+00
8.103169e+00 -4.948079e+00
7.459124e+00 -3.525784e+00
8.214857e+00 -2.708191e+00
9.086094e+00 -2.150356e+00
8.346980e+00 -3.517907e-01
8.972370e+00 5.212690e-01
8.789268e+00 1.754416e+00
8.612847e+00 2.815245e+00
8.679902e+00 4.000237e+00
8.636297e+00 5.330535e+00
9.276699e+00 6.223888e+00
8.810100e+00 7.744135e+00
8.355423e+00 9.955447e+00
9.453930e+00 1.047456e+01
8.627611e+00 -1.108479e+01
8.029058e+00 -1.015165e+01
9.572437e+00 -8.549506e+00
9.958128e+00 -7.446547e+00
1.102926e+01 -7.329953e+00
1.097565e+01 -5.902595e+00
9.421198e+00 -4.477064e+00
8.653826e+00 -3.705293e+00
9.695747e+00 -3.452640e+00
9.927481e+00 1.213123e-01
9.258777e+00 -8.580921e-01
9.887342e+00 1.325627e+00
9.667886e+00 2.373412e+00
9.568623e+00 3.453511e+00
9.655821e+00 4.615365e+00
1.014307e+01 5.570600e+00
1.095285e+01 6.213261e+00
9.707177e+00 7.120645e+00
1.046643e+01 1.083096e+01
