-8.642837e+00 -7.725525e+00
-1.027016e+01 9.942414e+00
-9.347172e+00 -8.876338e+00
-9.778763e+00 -7.756736e+00
-1.051341e+01 -3.510996e+00
-9.120233e+00 -4.496182e+00
8.575818e+00 -4.227144e+00
8.615981e+00 -3.032216e+00
7.480233e+00 -2.688447e+00
8.318953e+00 -1.943098e+00
7.533230e+00 4.553052e+00
9.516923e+00 5.430974e+00
9.668207e+00 2.359267e+00
5.422807e+00 7.071465e+00
1.064451e+01 8.324416e+00
8.587357e+00 4.754676e+00
-9.963309e+00 3.548057e+00
-1.067422e+01 8.905769e+00
1.004222e+01 1.063231e+01
-8.526585e+00 -9.994768e+00
-9.137174e+00 -6.831682e+00
-6.457228e+00 -1.013573e+01
-8.569372e+00 -1.113624e+01
-1.115292e+01 -4.362947e+00
-1.092325e+01 -8.098577e+00
-1.066641e+01 -1.185380e+00
9.591177e+00 -4.033913e+00
-1.033778e+01 -2.358701e+00
6.578238e+00 -3.560152e+00
1.024277e+01 3.331569e+00
1.050233e+01 -8.187805e-01
9.535124e+00 -1.699163e+00
9.457655e+00 -3.368155e-01
1.066316e+01 2.093977e+00
-1.097641e+01 3.974671e+00
7.337187e+00 6.808166e+00
-1.101219e+01 1.067019e+01
-6.607700e+00 7.976888e+00
-9.624038e+00 1.086830e+01
1.078403e+01 9.771831e+00
-7.345112e+00 -1.082600e+01
-7.263759e+00 -5.862752e+00
-1.097407e+01 -6.852530e+00
-7.968216e+00 -8.680246e+00
-1.009197e+01 -4.877712e+00
-9.223397e+00 -2.260295e+00
-8.286270e+00 -2.618132e+00
-9.491118e+00 -1.190208e+00
6.374674e+00 -2.369071e-01
-1.011953e+01 -1.497804e-01
7.623238e+00 -3.738445e+00
9.949750e+00 7.285197e-01
1.112506e+01 -1.742100e-02
9.530099e+00 6.690054e+00
1.117886e+01 1.018513e+00
-6.412897e+00 4.737914e+00
-8.914807e+00 5.825568e+00
-6.220816e+00 3.704983e+00
-8.405724e+00 6.722198e+00
-8.688893e+00 8.328063e+00
-6.858405e+00 -8.740601e+00
-4.040116e+00 -1.017478e+01
-7.919096e+00 -4.940733e+00
-9.162028e+00 -5.558448e+00
1.078544e+01 -2.280448e+00
-1.013980e+01 -6.299510e+00
-7.206370e+00 -4.172526e+00
-7.117505e+00 -2.989147e+00
7.087575e+00 -6.282466e+00
-7.343223e+00 -1.993902e+00
-8.423174e+00 -1.521577e+00
-1.016941e+01 2.376978e+00
-1.107511e+01 2.890883e+00
1.014143e+01 4.450813e+00
1.045173e+01 5.998086e+00
-9.817198e+00 4.997853e+00
-9.965858e+00 1.347801e+00
-5.849186e+00 7.028713e+00
-6.941649e+00 8.970266e+00
-1.065926e+01 7.869320e+00
-5.780627e+00 9.170913e+00
-6.279975e+00 1.107723e+01
-5.006069e+00 9.980110e+00
-7.457374e+00 -9.661866e+00
-6.012737e+00 -4.885284e+00
-8.280729e+00 -6.246337e+00
-4.923449e+00 -4.699280e+00
-9.497722e+00 -3.587829e+00
-1.107704e+01 -5.519077e+00
-1.104057e+00 -4.495166e+00
-6.230739e+00 -3.855713e+00
-6.883989e+00 -4.551399e-02
-4.964789e+00 -2.334825e+00
-7.687132e+00 -7.569031e-01
-8.594580e+00 1.257687e+00
-8.862669e+00 4.147301e+00
-7.290725e+00 4.138921e+00
-8.103468e+00 9.274639e+00
-4.463424e+00 6.217705e+00
-5.563415e+00 8.102074e+00
-3.923948e+00 9.745764e+00
-4.093197e+00 1.093309e+01
-5.210459e+00 -9.874590e+00
-4.762555e+00 -8.142278e+00
-5.168013e+00 -5.755813e+00
-4.239470e+00 -3.094990e+00
6.833120e-01 -3.690032e+00
-8.245409e+00 -3.672725e+00
-4.114715e+00 -4.086620e+00
-2.815407e+00 -3.494606e+00
-4.006282e+00 -4.363253e-01
-5.535727e+00 -1.442669e+00
-6.807198e+00 1.441446e+00
-7.857679e+00 4.556704e-01
-7.707728e+00 1.839649e+00
-8.781907e+00 -2.558550e-01
-7.847238e+00 7.769025e+00
-6.462898e+00 9.894300e+00
-7.487651e+00 3.138328e+00
-7.150248e+00 6.804529e+00
-5.385662e+00 5.529009e+00
-5.327200e+00 2.234510e+00
-3.163201e+00 -1.080562e+01
-6.603072e+00 -6.905617e+00
-4.009025e+00 -5.554369e+00
-3.330910e+00 -6.441278e+00
-2.165556e+00 -4.557159e+00
-6.123852e+00 -5.944163e+00
-5.189280e+00 -3.563914e+00
-1.947096e-01 -1.757116e+00
-4.427488e+00 -1.419927e+00
-6.151889e+00 -2.256423e+00
-9.218679e+00 2.066202e+00
-8.575435e+00 3.138235e+00
-5.919540e+00 9.505199e-01
-7.248658e+00 5.647987e+00
-9.600977e+00 7.863035e+00
-6.441526e+00 2.676945e+00
-3.296379e+00 4.598314e+00
-6.339675e+00 6.046055e+00
-3.183300e+00 1.045405e+01
-2.646054e+00 6.363002e+00
-4.422464e+00 -9.161705e+00
-7.721301e+00 -7.479832e+00
-1.979378e+00 -6.588792e+00
-6.034309e+00 -7.788937e+00
-1.543718e+00 -5.555860e+00
-3.307353e+00 -2.435268e+00
-1.636341e+00 -3.505855e+00
-2.311217e+00 -1.252750e+00
3.443742e-01 3.991626e-01
-2.245588e+00 -2.504516e+00
-5.852892e+00 -4.057656e-01
-3.964658e+00 6.552805e-01
-5.445999e+00 4.416168e+00
-2.817099e+00 -2.407956e-01
-1.327725e+00 -1.675767e+00
-1.548710e+00 4.868041e+00
-3.948612e+00 8.247855e+00
-4.379625e+00 5.039539e+00
-3.610750e+00 6.842680e+00
-4.867942e+00 8.878622e+00
-3.183787e+00 8.971983e+00
-5.311219e+00 -6.905793e+00
-3.744188e+00 -8.243466e+00
-2.808351e+00 -5.527855e+00
1.242450e+00 -2.783035e+00
-3.256657e+00 -4.557893e+00
9.833479e-01 -1.634310e+00
1.887876e-02 -4.445740e+00
-4.620430e-01 -3.531254e+00
-1.355487e+00 -6.045575e-01
-1.795605e+00 4.624092e-01
-2.624969e+00 1.082204e+00
-3.680438e+00 1.762843e+00
-4.074407e+00 3.935655e+00
-4.030732e+00 2.858973e+00
-1.521645e+00 1.073060e+01
-1.480637e+00 5.924962e+00
-4.881186e+00 8.287652e-02
-2.300828e+00 1.005581e+01
-4.674347e+00 7.414345e+00
-3.333213e+00 -9.332018e+00
-2.241224e+00 -9.522716e+00
-5.906716e+00 -9.104121e+00
-1.796430e+00 -7.673097e+00
-4.941419e-01 -5.458467e+00
-4.228207e+00 -7.263253e+00
1.734389e-01 -2.735722e+00
-2.827850e+00 -7.358556e+00
-1.056474e+00 -2.588401e+00
5.042740e-01 1.471073e+00
-2.716395e+00 2.134913e+00
-6.649161e+00 -1.174753e+00
1.838664e+00 3.259287e+00
-4.972995e+00 3.487995e+00
-3.405795e+00 5.700182e+00
-2.809012e+00 7.876239e+00
-2.440163e+00 5.341122e+00
-5.227738e+00 -1.092859e+01
6.290982e-01 -1.106419e+01
-1.186133e+00 7.852934e+00
-1.137174e+00 -9.665176e+00
-2.742512e+00 -8.494441e+00
1.476093e+00 -1.004138e+01
5.069705e-02 -6.411254e+00
3.528581e-01 -9.637554e+00
1.756091e+00 -5.472415e+00
1.594942e+00 -7.456232e+00
3.377435e-01 -7.797272e-01
3.066595e+00 2.250683e+00
-1.659478e+00 2.469415e+00
-1.215599e+00 3.628992e+00
-3.387421e+00 -1.290942e+00
-3.061236e+00 3.437730e+00
-2.247711e+00 4.054185e+00
-4.925032e-01 5.325188e+00
-1.930859e+00 7.069382e+00
1.018155e+00 8.173223e+00
6.187287e-01 5.103336e+00
-1.295843e+00 9.712900e+00
-1.995058e+00 -1.061855e+01
4.932712e-01 -7.679011e+00
-1.486499e+00 -8.688486e+00
7.813963e-01 -5.417258e+00
-1.009890e+00 -6.395202e+00
3.047216e+00 -5.550911e+00
1.478723e+00 1.048739e+00
1.271720e+00 -4.477164e+00
4.103775e+00 1.593109e+00
-4.833586e+00 1.197136e+00
7.898935e-01 2.512645e+00
-6.306199e-01 2.078402e+00
-3.838217e-01 4.269024e+00
-7.110388e-01 6.786689e+00
1.668836e+00 4.319553e+00
7.445753e-01 3.498972e+00
3.708605e-01 9.125402e+00
-3.475409e-02 7.948998e+00
1.518545e+00 7.200985e+00
4.864539e-01 7.166693e+00
2.305223e-02 6.197101e+00
1.506794e+00 9.260705e+00
-1.873582e+00 8.882666e+00
9.109963e-02 -8.666858e+00
-7.002645e-01 -7.703186e+00
1.125077e+00 -6.383082e+00
2.721595e+00 -4.480212e+00
-6.809374e-01 7.501557e-01
-1.524612e+00 1.455823e+00
4.084427e+00 2.681764e+00
4.826397e+00 5.139320e-01
2.028806e+00 2.080906e+00
6.189843e+00 2.321293e+00
1.273224e+00 5.956748e+00
3.468330e+00 5.750530e+00
4.465503e+00 7.624105e+00
4.369707e+00 8.613203e+00
4.351033e+00 9.812231e+00
3.659074e+00 1.064077e+01
3.513602e+00 8.034293e+00
2.262146e+00 -8.835755e+00
2.225756e+00 1.006328e+01
-4.588321e-01 1.056684e+01
6.799178e-01 1.010147e+01
5.179836e+00 -3.717229e+00
2.256180e+00 -6.546965e+00
3.060908e+00 -3.393745e+00
3.251910e+00 -1.572491e-01
1.232052e+00 -1.703712e-01
2.715499e+00 1.271001e+00
3.970060e+00 3.775319e+00
6.848667e+00 6.095726e-01
2.313534e+00 5.284041e+00
5.290651e+00 9.116852e+00
-2.743125e-01 3.137349e+00
2.858220e+00 7.194472e+00
4.862672e+00 -8.874734e+00
3.398108e+00 9.343820e+00
4.304897e+00 -1.069715e+01
2.469017e+00 -1.065056e+01
9.556797e+00 -8.470648e+00
2.748001e+00 -7.807797e+00
-4.387798e-01 -1.048953e+01
-7.222476e-01 8.814421e+00
1.235821e+00 -9.096235e+00
2.951981e+00 -9.633825e+00
3.780347e+00 -4.783145e+00
4.813648e+00 -4.694165e+00
1.956382e+00 -3.570841e+00
2.221534e+00 1.321272e-01
3.742742e+00 6.347217e-01
4.340479e+00 4.935139e+00
5.611817e+00 5.648440e+00
2.310104e+00 6.361850e+00
3.167384e+00 4.587193e+00
5.178726e+00 -9.826909e+00
3.887591e+00 6.771219e+00
8.526240e+00 8.441430e+00
6.379151e+00 -9.926306e+00
4.874342e+00 1.067908e+01
7.215238e+00 -9.255530e+00
1.649553e+00 1.093533e+01
3.297408e+00 -6.887253e+00
3.376005e+00 -8.666770e+00
7.639040e+00 -7.312085e+00
3.929467e+00 -7.827421e+00
4.986557e+00 -6.804866e+00
3.936204e+00 -6.121943e+00
1.870776e+00 -9.935592e-01
4.225809e+00 -4.863779e-01
5.877433e+00 7.768120e-01
7.968862e+00 2.023762e+00
6.389850e+00 8.778402e+00
6.390553e+00 7.568309e+00
7.422090e+00 7.918076e+00
8.365436e+00 7.412840e+00
5.895713e+00 1.004546e+01
9.462619e+00 7.825909e+00
2.468446e+00 8.329581e+00
4.023938e+00 -9.634319e+00
4.960819e+00 -7.913479e+00
8.550950e+00 -1.106453e+01
7.509510e+00 -1.085081e+01
1.053322e+01 -8.965190e+00
8.974190e+00 -5.706149e+00
8.274792e+00 -8.832965e+00
8.324694e+00 -6.538477e+00
4.591126e+00 -2.750582e+00
2.838240e+00 -1.254573e+00
6.284947e+00 3.537061e+00
5.322216e+00 1.672205e+00
7.284409e+00 -1.674709e+00
3.047814e+00 3.287121e+00
7.104294e+00 2.861144e+00
6.947509e+00 9.674212e+00
6.673155e+00 5.934324e+00
1.068750e+01 -1.089000e+01
6.732595e+00 1.071470e+01
8.110521e+00 -9.918719e+00
9.108807e+00 -9.436407e+00
1.113483e+01 -9.860600e+00
6.375198e+00 -7.362155e+00
8.839135e+00 -7.667560e+00
1.042751e+01 -6.273273e+00
6.360144e+00 -1.246715e+00
9.342988e+00 -6.703046e+00
6.260491e+00 -5.523421e+00
3.409204e+00 -2.242295e+00
5.910722e+00 -4.516684e+00
7.271636e+00 -6.122699e-01
5.331815e+00 -4.287041e-01
8.731364e+00 2.807590e+00
5.226498e+00 2.788145e+00
6.467418e+00 4.670243e+00
8.712551e+00 6.050190e+00
5.782337e+00 -1.103238e+01
9.643380e+00 9.117044e+00
8.073340e+00 9.457216e+00
8.864422e+00 1.021179e+01
7.074628e+00 -8.206996e+00
1.018835e+01 -4.982176e+00
-1.038576e+01 -9.033154e+00
-9.612310e+00 -1.013436e+01
7.990173e+00 -5.266563e+00
4.140815e+00 -1.546370e+00
5.244393e+00 -5.722254e+00
4.126634e+00 -3.643363e+00
2.279639e+00 -2.206756e+00
6.217213e+00 -2.568010e+00
8.655301e+00 -9.665330e-01
7.010560e+00 1.623308e+00
9.298516e+00 3.739136e+00
8.141324e+00 3.608065e+00
5.507119e+00 8.142784e+00
4.550855e+00 6.026684e+00
-1.115856e+01 5.242136e+00
1.045924e+01 7.286692e+00
9.487103e+00 -1.076329e+01
5.968737e+00 -8.491688e+00
-8.754056e+00 1.018414e+01
7.756505e+00 1.050134e+01
1.004654e+01 -9.869360e+00
-7.530442e+00 1.046806e+01
1.038825e+01 -7.481120e+00
1.060488e+01 -3.321637e+00
9.672644e+00 -2.731568e+00
7.060594e+00 -4.704855e+00
5.220093e+00 -1.720212e+00
9.175582e+00 1.345155e+00
8.161743e+00 1.064926e+00
8.203262e+00 -3.246506e-02
-1.019197e+01 5.967264e+00
7.709624e+00 5.619494e+00
5.338295e+00 4.389926e+00
-9.384644e+00 6.830219e+00
-8.085657e+00 4.963444e+00
-1.073464e+01 6.809085e+00
-1.058476e+01 -1.068475e+01
-9.392584e+00 9.331333e+00
