1.112746e+01 -8.240045e+00
-8.959280e+00 8.864044e+00
-1.002409e+01 1.103789e+01
-7.433975e+00 -7.173757e+00
-1.077583e+01 -9.633040e-01
-9.757070e+00 -1.686922e+00
-7.366256e+00 -1.178352e+00
-1.098731e+01 1.347694e+00
5.467116e+00 -3.962830e+00
1.025158e+01 9.546371e-01
3.717258e+00 4.645578e+00
1.042940e+01 1.874597e+00
1.026347e+01 2.994804e+00
6.841613e+00 4.572885e+00
-6.822136e+00 8.091590e+00
7.856825e+00 2.636420e+00
-8.917983e+00 4.699723e+00
-4.439576e+00 7.969457e+00
8.259359e+00 -9.339918e+00
-8.750460e+00 -1.076189e+01
-8.383644e+00 -4.188493e+00
-8.319420e+00 -5.873491e+00
9.391767e+00 -5.593159e+00
-7.176086e+00 -2.596777e+00
-8.617685e+00 -2.896659e+00
-1.009893e+01 1.845531e+00
-5.211913e+00 -1.916828e+00
9.736685e+00 -2.209871e+00
5.316728e+00 -2.854738e+00
1.050275e+01 5.118515e+00
-9.258223e+00 2.741618e+00
7.732695e+00 -7.496142e-01
-8.932410e+00 3.639882e-01
9.440766e+00 1.714119e+00
3.268965e+00 7.615523e-01
9.072640e+00 7.733532e+00
-9.625112e+00 -1.006771e+01
-5.586345e+00 7.926157e+00
-1.081535e+01 -1.041568e+01
-8.751049e+00 6.657467e+00
-5.592627e+00 -9.307424e+00
-9.321489e+00 -6.162085e+00
-1.022506e+01 9.975358e+00
-9.248447e+00 1.021922e+01
-6.071738e+00 -6.308950e+00
-6.746607e+00 -3.607627e-01
-9.007033e+00 1.553877e+00
-8.768436e+00 -7.529748e-01
8.633750e+00 1.063261e+00
-8.731978e+00 3.673782e+00
8.609487e+00 -1.591756e+00
-6.942394e+00 7.100415e-01
9.626342e+00 7.027010e-02
9.597615e+00 5.596900e+00
3.632307e+00 1.672817e+00
-4.160466e+00 5.319097e+00
9.944173e+00 9.747839e+00
-2.951681e+00 4.857190e+00
-5.690402e+00 4.926218e+00
-2.261839e+00 8.202860e+00
1.069182e+01 -5.171124e+00
3.622489e-01 1.017035e+01
-8.679064e+00 -7.048288e+00
-4.697988e+00 -7.892295e+00
-7.878884e+00 -3.580610e-02
-8.304498e+00 -1.761343e+00
-6.705898e+00 -4.317554e+00
-5.983729e+00 -2.718598e+00
8.611441e+00 -2.841258e+00
-6.463599e+00 -1.703458e+00
-6.736416e+00 5.193518e+00
6.777803e+00 8.279325e-01
2.061068e+00 -2.141903e+00
8.522618e+00 5.668588e+00
1.010418e+01 8.150339e+00
2.158230e+00 2.093103e+00
-6.540950e+00 2.910335e+00
-3.785393e+00 7.044886e+00
-7.082939e+00 6.327265e+00
-1.021326e+01 -8.763390e+00
-4.468183e-01 9.230102e+00
-8.411583e+00 -9.812674e+00
-3.763302e+00 9.962024e+00
-8.177604e+00 -7.947201e+00
-9.341042e+00 -3.705175e+00
1.114393e+01 -3.048760e+00
-5.021135e+00 -5.377272e+00
-8.053350e+00 1.034294e+00
-9.297013e+00 -4.812454e+00
3.587543e+00 -8.449361e+00
-5.823591e+00 -7.570065e+00
-4.385615e+00 4.235867e-01
-7.736707e+00 4.754475e+00
-6.047711e+00 6.125041e+00
9.110127e+00 6.647973e+00
5.758285e+00 4.106755e-01
8.551798e+00 3.540894e+00
-1.019991e+01 -5.251281e+00
5.484904e-01 6.777530e+00
-1.024131e+01 -6.894511e+00
-8.211431e+00 9.708612e+00
6.378796e-01 -1.102026e+01
-5.483052e+00 1.102725e+01
-5.677830e+00 -4.596737e+00
-4.771245e+00 -9.991656e+00
1.062374e+01 -1.628201e+00
-1.339681e+00 -7.918854e+00
-1.077348e+01 4.596711e-02
-5.824958e+00 -1.031936e+01
-3.748819e+00 -3.676649e+00
-5.085329e+00 1.152672e+00
-5.514393e+00 2.412402e+00
-5.728681e+00 3.616359e+00
-2.921547e+00 2.057201e+00
9.994008e+00 7.108146e+00
-1.100382e+01 4.044901e+00
-4.846032e+00 6.887750e+00
-1.001086e+01 8.900329e+00
1.046887e+01 6.209214e+00
-9.405192e+00 5.719742e+00
-2.089974e+00 6.108768e+00
-1.535886e+00 7.057381e+00
-4.268325e+00 -1.107394e+01
-5.137219e+00 -6.835830e+00
1.043737e+00 -7.636381e+00
-2.854174e+00 -5.460303e+00
-3.686405e+00 -4.864018e+00
-1.728609e+00 -5.496385e+00
-6.113811e+00 1.486585e+00
-4.530223e+00 3.028086e+00
-2.772639e+00 -4.071280e+00
-3.401202e+00 -5.300741e-01
-8.156749e+00 2.185393e+00
-1.069454e+01 2.980355e+00
-1.754093e+00 4.706915e+00
2.583810e+00 8.048582e+00
-5.012722e+00 5.850714e+00
1.110559e+01 7.004086e+00
-3.715097e+00 4.015253e+00
-3.364036e+00 6.072318e+00
-6.476340e+00 7.115864e+00
1.776654e+00 7.343664e+00
-4.747449e+00 1.027579e+01
-7.714527e+00 1.066934e+01
-7.170950e+00 -1.031114e+01
-5.816707e+00 1.000059e+01
-6.528932e+00 -5.317235e+00
-4.656534e+00 -4.328000e+00
-4.602394e+00 -8.982500e+00
-3.164960e+00 -2.741156e+00
-2.187735e+00 -8.707967e-01
-9.587970e-02 -7.091304e+00
-1.033233e+01 4.896196e+00
4.210220e-02 -2.337019e+00
-9.121924e-01 2.345207e+00
-6.411777e-01 -2.518757e-01
-5.161005e+00 -3.396819e+00
-3.330601e+00 8.096896e+00
-2.682932e+00 7.074600e+00
-2.785481e+00 3.938984e-01
-1.281920e+00 8.319581e+00
-6.307323e+00 9.067223e+00
-2.378974e-01 7.741482e+00
-3.824616e+00 -7.119028e+00
-5.799514e+00 3.981570e-01
-4.418734e+00 -2.645251e+00
-3.667340e+00 -9.910329e+00
-7.541829e+00 -3.521067e+00
-1.734575e+00 -4.343649e+00
-1.819581e+00 -1.049369e+01
-4.425525e-01 -1.031086e+01
1.212570e+00 -3.679461e+00
-1.991432e+00 -6.882626e+00
-2.713206e+00 3.700922e+00
-9.808391e+00 3.816603e+00
-4.714561e+00 4.107592e+00
2.210117e-01 5.794911e+00
-6.579614e+00 -8.274088e+00
1.557033e+00 8.499042e+00
-4.093761e+00 -1.355160e+00
-2.551805e+00 -9.460074e+00
-4.119619e+00 8.909778e+00
7.471272e-01 -8.731169e+00
-6.622488e+00 1.112074e+01
-6.761707e+00 -9.362677e+00
-1.671947e+00 1.050368e+01
-2.435203e-01 -8.362869e+00
-7.880896e+00 -8.934053e+00
-2.980373e+00 -6.459952e+00
-7.741731e+00 3.167912e+00
-7.091378e+00 2.028238e+00
-1.914819e+00 -3.318289e+00
-8.268162e+00 5.713250e+00
-3.494810e+00 2.968500e+00
2.611996e+00 3.899881e+00
-1.008635e+01 6.768491e+00
-9.792982e-01 9.549315e-01
4.861301e+00 8.597231e+00
3.903610e+00 5.809586e+00
-9.625997e+00 -7.739328e+00
3.348492e+00 9.237822e+00
3.449186e+00 1.050224e+01
4.543430e+00 7.159456e+00
-3.952252e+00 -6.002291e+00
7.565967e-01 7.792037e+00
7.018482e+00 8.714274e+00
-5.660908e-01 1.095721e+01
2.775408e+00 -1.000401e+01
6.132129e+00 -4.868395e+00
-2.951186e+00 -1.691134e+00
4.801723e+00 -8.748503e-02
1.091453e+00 -2.649497e+00
1.355761e+00 5.947957e+00
-5.788996e+00 -8.506446e-01
-1.687127e+00 3.629506e+00
-2.100348e+00 1.386036e+00
2.291306e+00 6.405407e+00
-5.178215e-01 6.700225e+00
5.817914e+00 8.818588e+00
-2.043843e+00 2.663382e+00
4.434627e-01 -9.703610e+00
-6.887108e+00 1.001442e+01
4.732330e+00 -9.010804e+00
-2.749353e+00 1.059488e+01
2.937807e+00 -6.364375e+00
8.112893e-01 -6.527124e+00
2.700378e+00 -8.925495e+00
5.184973e-01 -4.451778e+00
3.601366e+00 -5.393672e+00
4.862986e+00 1.083966e+00
-6.767088e+00 4.046225e+00
-1.734689e+00 1.668610e-01
8.244040e-02 1.839342e+00
-1.022327e+00 5.610273e+00
-5.989674e-01 -1.513784e+00
6.017615e+00 2.933578e+00
1.501318e+00 4.060071e+00
1.355406e+00 9.717036e+00
2.484036e+00 1.021055e+01
2.236488e+00 9.253180e+00
2.854844e+00 5.489079e+00
1.600507e+00 -1.057232e+01
-1.728090e+00 9.454248e+00
5.057857e-01 8.901521e+00
-2.896748e+00 -1.076363e+01
2.094879e-01 -5.528937e+00
4.947782e+00 -1.007046e+01
4.246563e+00 -6.198824e+00
-4.353118e+00 1.955050e+00
-4.732599e+00 -5.268054e-01
1.881175e+00 -7.092927e+00
2.168871e-01 -3.336255e+00
-4.675192e-01 3.388719e+00
5.753008e+00 5.128593e+00
-4.018570e-01 4.653112e+00
-3.614841e+00 1.133684e+00
2.541748e+00 -7.812753e+00
4.122915e+00 -1.075442e+01
8.213306e+00 8.638201e+00
2.578346e+00 -1.103481e+01
6.352428e+00 5.982279e+00
1.621038e+00 -9.557728e+00
-5.669166e-01 -9.366921e+00
-2.808040e+00 9.240265e+00
6.524556e+00 7.860236e+00
4.744858e+00 -4.994262e+00
8.400391e+00 -5.766816e+00
5.375807e+00 -5.872643e+00
2.133326e+00 -3.357142e+00
-8.156768e-01 -5.094094e+00
-7.322566e-01 -3.991843e+00
1.170692e+00 8.653782e-01
7.685415e+00 4.813452e-01
1.931525e+00 4.974214e+00
5.128929e+00 5.996775e+00
3.686583e+00 3.644699e+00
5.783776e+00 6.815284e+00
5.557903e+00 9.866819e+00
5.758582e+00 -1.102920e+01
6.839861e+00 1.104198e+01
6.436150e+00 -7.362794e+00
6.294031e+00 -2.502261e+00
5.185452e+00 -6.944691e+00
1.492233e+00 1.078710e+01
5.431981e+00 7.793995e+00
-3.571911e+00 -8.766163e+00
3.776427e+00 -9.765352e+00
4.502899e+00 -7.788946e+00
4.376060e+00 -2.215487e+00
3.076924e+00 -2.954400e+00
-9.624644e-01 -2.704864e+00
3.482682e+00 -1.648294e+00
7.736883e-01 4.921842e+00
1.640908e+00 3.009260e+00
4.460697e-01 3.883583e+00
1.129863e+00 1.910866e+00
7.894072e+00 1.098541e+01
2.516126e+00 -1.198611e+00
4.758391e+00 3.953195e+00
7.963826e+00 6.833413e+00
4.597351e+00 1.067453e+01
6.760329e+00 -8.342509e+00
1.728938e+00 -8.498705e+00
3.669906e+00 -4.076185e+00
3.516349e+00 -7.355956e+00
8.012666e+00 -4.338090e+00
5.690034e+00 -8.076020e+00
6.383028e+00 -6.117648e+00
7.795493e+00 -2.303995e+00
-2.467436e+00 -7.868926e+00
1.384079e+00 -5.167446e+00
7.142658e-01 -1.555719e+00
9.167897e+00 2.661870e+00
7.807249e+00 -1.036877e+01
5.892742e+00 4.027504e+00
-9.643492e+00 7.827191e+00
1.117712e+01 1.092626e+01
8.958151e+00 -1.048537e+01
9.354225e+00 8.908480e+00
4.436202e+00 9.670291e+00
5.938041e+00 -9.109416e+00
7.349829e+00 -6.458877e+00
1.003205e+01 -7.612236e+00
6.403931e+00 -1.019371e+01
-1.094706e+01 -5.936758e+00
-1.042836e+01 -3.777479e+00
-7.633439e+00 7.283706e+00
8.129574e+00 -7.125260e+00
3.374533e+00 -5.548312e-01
-1.664734e+00 -8.884531e+00
6.990218e+00 3.382825e+00
2.246937e+00 1.012735e+00
4.173929e+00 2.686092e+00
9.702373e-02 6.114052e-01
4.644680e+00 5.089468e+00
6.859548e+00 9.945145e+00
3.291386e+00 6.605814e+00
1.001126e+01 1.091974e+01
8.055007e+00 9.899427e+00
7.475842e+00 -3.240458e+00
1.104165e+01 -7.181830e+00
-7.542426e+00 -5.097847e+00
8.873540e+00 -3.804529e+00
7.581993e+00 7.744158e+00
-7.170903e+00 -6.235877e+00
7.695594e+00 1.563174e+00
1.003631e+01 -3.279459e+00
4.369687e+00 -3.351061e+00
-1.890979e+00 -1.853576e+00
6.982922e+00 -1.495519e+00
5.054568e-01 -4.886725e-01
2.487101e+00 -5.255436e+00
2.325015e+00 1.313262e-02
6.104467e-01 2.839067e+00
-1.113593e+01 8.092378e+00
1.086002e+01 9.100818e+00
7.086852e+00 -9.321411e+00
6.710424e+00 2.171303e+00
9.345629e+00 -9.442153e+00
1.010338e+01 -8.768385e+00
7.857462e+00 -8.275868e+00
7.255695e+00 -5.280141e+00
1.072362e+01 -4.082978e+00
-1.109033e+01 -9.349759e+00
-1.067547e+01 -2.072497e+00
6.803370e+00 -2.654679e-01
-9.828503e+00 -2.758331e+00
1.888382e+00 -6.086242e+00
-8.927979e-01 -6.236732e+00
5.892030e+00 -6.595635e-01
5.454694e+00 -1.801316e+00
2.563972e+00 -4.260461e+00
8.011310e+00 4.651034e+00
5.204708e+00 2.379990e+00
7.459011e+00 5.496720e+00
3.611188e+00 7.684896e+00
5.834004e+00 1.466654e+00
9.018264e+00 4.474205e+00
-8.368340e+00 8.052843e+00
6.940177e+00 -4.194216e+00
1.028389e+01 -6.190175e+00
6.910633e+00 6.824331e+00
8.875258e+00 -8.412861e+00
-5.174848e+00 8.946068e+00
9.190706e+00 -6.681900e+00
-9.723847e+00 -4.963276e-01
-9.896578e+00 8.209895e-01
9.677244e+00 -4.403309e+00
4.512236e+00 -1.161028e+00
1.060645e+01 -5.713400e-01
9.602139e+00 -1.120176e+00
8.575988e+00 -7.852512e-02
1.003320e+01 4.030860e+00
2.953902e+00 2.871971e+00
1.585699e+00 -7.294597e-01
1.026442e+01 -1.017407e+01
-1.071714e+01 5.842856e+00
-9.097263e+00 -8.704641e+00
9.066437e+00 1.035930e+01
-7.405034e+00 8.919224e+00
