-7.151707e+00 -9.521293e+00
9.589429e+00 1.028718e+01
-9.682378e+00 1.105875e+01
-9.781362e+00 -1.017938e+01
-1.053533e+01 -5.277416e+00
-9.163148e+00 -4.963484e+00
1.086511e+01 -4.991562e+00
1.006967e+01 -3.793226e+00
7.375226e+00 -1.497892e+00
7.326834e+00 8.825006e-01
7.128427e+00 5.843101e+00
8.478816e+00 5.921688e+00
9.551544e+00 -1.429768e+00
5.769352e+00 7.441159e+00
-1.077503e+01 9.194842e+00
8.725906e+00 4.836843e+00
-9.521189e+00 3.389925e+00
-7.678861e+00 7.422967e+00
9.005495e+00 9.480827e+00
-8.455914e+00 1.053748e+01
-7.783480e+00 -8.727634e+00
-3.758763e+00 -8.137602e+00
1.108214e+01 -9.123882e+00
1.084392e+01 -5.979336e+00
-8.929674e+00 -8.509325e+00
-1.078518e+01 -1.948161e+00
-9.689351e+00 -2.022226e+00
-9.634721e+00 -4.043499e+00
8.575129e+00 -3.073909e+00
9.955547e+00 6.243038e-01
9.610371e+00 -2.696219e+00
8.618915e+00 -2.010990e+00
1.044912e+01 -1.981264e+00
1.096965e+01 9.429118e-02
8.964057e+00 2.674631e+00
6.052741e+00 8.598526e+00
1.051139e+01 9.779749e+00
-6.463704e+00 9.786463e+00
-1.049559e+01 1.045238e+01
1.080381e+01 8.429903e+00
-6.479036e+00 -1.034864e+01
-5.762348e+00 -7.627082e+00
1.043390e+01 -8.210930e+00
-8.634168e+00 -1.071394e+01
-1.023043e+01 -6.398659e+00
-8.250074e+00 -6.287228e-01
-8.628539e+00 -1.701784e+00
-8.917416e+00 -2.776341e+00
3.579248e+00 -1.464838e+00
-9.064292e+00 2.226680e-01
9.816005e+00 -4.963184e+00
-1.016456e+01 5.151673e-02
-1.084138e+01 -8.680668e-01
1.092705e+01 7.415697e+00
1.042538e+01 -7.562316e-01
-7.916633e+00 6.451211e+00
-9.016670e+00 6.472758e+00
-4.511302e+00 5.195497e+00
-5.728306e+00 6.795898e+00
-5.383411e+00 5.808051e+00
-5.182422e+00 -9.996863e+00
-2.126735e+00 -1.031306e+01
-7.732648e+00 -7.627905e+00
-7.754603e+00 -6.223304e+00
-9.698062e+00 -9.423446e-01
-8.838219e+00 -6.160358e+00
-7.073046e+00 -5.276149e+00
-7.202321e+00 -4.010711e+00
6.436538e+00 -5.809021e+00
-8.247166e+00 1.188195e+00
-7.270627e+00 -9.688561e-01
1.117533e+01 2.219763e+00
7.783974e+00 2.744524e+00
9.814711e+00 5.752873e+00
1.075579e+01 5.384628e+00
9.936250e+00 2.231710e+00
-7.686718e+00 2.557177e-01
-5.606301e+00 7.860969e+00
-6.175022e+00 8.813486e+00
-9.727211e+00 8.968272e+00
-4.829974e+00 8.923948e+00
-7.620143e+00 9.800673e+00
-6.060045e+00 1.104867e+01
-4.302405e+00 -9.171862e+00
-6.836539e+00 -6.884047e+00
-8.714408e+00 -7.184745e+00
-6.223929e+00 -4.319198e+00
-7.853060e+00 -2.537692e+00
-1.103559e+01 -7.209611e+00
-6.942200e-01 -4.819845e+00
-8.097495e+00 -4.833148e+00
-5.050210e+00 1.200663e+00
-6.529975e+00 -1.781332e-01
-7.187584e+00 1.055308e+00
-1.009290e+01 2.033701e+00
1.059075e+01 3.075728e+00
-1.009748e+01 4.383516e+00
-9.451063e+00 1.006889e+01
-2.665535e+00 5.672750e+00
-2.254249e+00 1.079996e+01
-5.293002e+00 9.929708e+00
-3.165793e+00 -1.092087e+01
-5.090159e+00 -1.110822e+01
-2.841536e+00 -3.648861e+00
-2.726732e+00 -5.978473e+00
-6.327941e+00 -3.117869e+00
2.901349e+00 -3.351255e+00
-8.496284e+00 -3.754541e+00
-5.593779e+00 -5.570670e+00
-5.161014e+00 -1.073102e+00
-6.111203e+00 -1.185014e+00
-5.928343e+00 7.363769e-01
-8.454241e+00 5.395395e+00
-8.034991e+00 2.399475e+00
-8.814067e+00 4.293825e+00
-1.049558e+01 1.031851e+00
-7.352672e+00 8.498444e+00
-7.613398e+00 -1.062041e+01
-9.468154e+00 1.173024e+00
-6.657864e+00 7.586135e+00
-3.123013e+00 3.624834e+00
-7.104267e+00 5.251445e+00
-9.254415e-01 -9.982255e+00
-6.638321e+00 -8.325108e+00
-3.764751e+00 -5.152845e+00
-3.987998e+00 -3.886467e+00
-1.891731e+00 -4.036578e+00
-5.885772e+00 -6.609498e+00
-6.856825e+00 -2.010470e+00
-1.710291e+00 -1.015383e+00
-5.614383e+00 -2.155536e+00
-6.064480e+00 1.834938e+00
-6.993224e+00 2.184230e+00
-1.070493e+01 3.256926e+00
-5.219909e+00 2.431930e+00
-3.765404e+00 5.840136e+00
-6.760526e+00 6.464125e+00
-9.470930e+00 5.325275e+00
-6.265746e+00 2.924683e+00
-4.350490e+00 6.646972e+00
-3.840824e+00 9.307926e+00
-2.350477e+00 6.841135e+00
-3.999660e+00 -1.019980e+01
-6.140805e+00 -9.175345e+00
-2.787028e+00 -7.241499e+00
-5.230839e+00 -8.631014e+00
-2.836968e+00 -4.708434e+00
-5.365113e+00 -3.534536e+00
-8.003741e-01 -3.027126e+00
-3.045426e+00 -9.999809e-01
-1.317783e+00 7.258367e-02
-1.589683e+00 -2.006854e+00
-5.092411e+00 3.231586e-02
-3.398140e+00 2.471522e+00
-6.439761e+00 4.436446e+00
-3.347094e+00 2.854736e-03
-2.734837e+00 -2.065602e+00
-3.988048e-01 4.769023e+00
-4.407022e+00 7.898698e+00
-4.354853e+00 4.008692e+00
-3.419599e+00 8.241514e+00
-4.234609e+00 1.075612e+01
-1.312764e+00 8.593287e+00
-3.757412e+00 -6.705216e+00
-5.128895e+00 -4.611217e+00
-2.055958e+00 -2.984547e+00
1.237458e+00 -3.672808e+00
-4.693537e+00 -2.765006e+00
1.233575e-01 -4.197432e+00
1.366698e+00 -6.011868e+00
1.221219e+00 -4.871070e+00
-1.807451e+00 1.013926e+00
-2.323978e+00 1.006542e-01
-4.243285e+00 5.544034e-01
-9.143722e+00 2.357046e+00
-7.808045e+00 4.285030e+00
-2.113772e+00 3.068462e+00
-3.049205e+00 -9.337257e+00
-1.540621e+00 6.256092e+00
-3.954932e+00 1.578600e+00
-1.343111e+00 -1.091595e+01
-3.369418e+00 7.185784e+00
-8.824636e-01 -8.618737e+00
-1.790456e+00 -9.337298e+00
-4.643360e+00 -7.368017e+00
-1.692862e+00 -5.303150e+00
2.374477e+00 -5.502566e+00
-4.613864e+00 -5.895104e+00
3.232219e-01 -2.821072e+00
-3.577764e+00 -2.747487e+00
-5.987358e-01 -8.762540e-01
-2.681103e-01 3.004958e-01
-8.337434e+00 3.382728e+00
-4.139710e+00 -8.111394e-01
2.286526e+00 3.785147e+00
-1.051087e+01 5.377304e+00
-3.568385e+00 4.663681e+00
-1.487549e+00 7.496489e+00
-2.204932e+00 4.093045e+00
-7.119573e+00 1.078284e+01
-3.247539e+00 1.041645e+01
-4.235429e-01 6.902020e+00
2.718610e-01 1.049465e+01
-2.489008e+00 -8.293259e+00
1.219353e+00 -1.053011e+01
1.850562e-01 -6.490134e+00
-9.673875e-01 1.049462e+01
1.029303e+00 -7.093084e+00
3.256744e+00 -8.700739e+00
8.083352e-01 -1.838877e+00
5.011838e+00 1.152297e+00
-2.322456e+00 2.023210e+00
-1.305935e+00 3.660158e+00
-4.281121e+00 -1.796823e+00
-5.570840e+00 3.802645e+00
-4.400193e+00 2.991708e+00
-1.769982e+00 5.027207e+00
-2.315750e+00 8.091960e+00
2.578496e+00 6.603332e+00
7.598516e-02 3.805971e+00
-2.535350e+00 9.133881e+00
1.065927e-01 -9.871085e+00
1.242520e+00 -8.194424e+00
-1.481850e+00 -7.729547e+00
2.177415e+00 -4.184678e+00
3.906708e-01 -5.406499e+00
3.499018e+00 -5.719023e+00
7.966311e-01 4.271455e-01
4.203033e+00 -3.310207e+00
4.751550e+00 2.365420e+00
-7.196526e+00 3.450462e+00
5.462402e-01 1.557157e+00
-1.126832e+00 2.499300e+00
1.366649e+00 2.821093e+00
-6.061446e-01 5.799921e+00
7.296049e-01 5.159720e+00
1.123081e+00 3.911010e+00
9.333684e-01 9.591291e+00
-4.385493e-01 8.072085e+00
5.844369e-01 8.226001e+00
8.795270e-01 7.195889e+00
1.534458e+00 6.166856e+00
1.567908e+00 8.768281e+00
-6.021657e-01 9.323347e+00
-6.580980e-01 -5.954845e+00
-1.515507e+00 -6.619990e+00
3.324013e+00 -7.566508e+00
3.201279e+00 -4.598543e+00
-5.930907e-01 1.504628e+00
-2.870087e+00 1.055130e+00
3.929247e+00 1.394609e+00
6.742275e+00 2.942599e+00
1.627956e+00 1.854928e+00
7.704037e+00 4.926680e+00
4.557867e-01 6.280394e+00
2.440036e+00 2.755372e+00
4.808207e+00 3.754688e+00
1.849222e+00 7.551641e+00
3.755154e+00 8.628779e+00
2.579315e+00 1.061176e+01
3.636072e+00 6.733750e+00
2.087296e+00 -7.297438e+00
2.226780e+00 9.595588e+00
-1.618446e+00 9.709833e+00
2.753337e+00 -1.071128e+01
5.154162e+00 -3.651838e+00
2.673461e+00 -6.562308e+00
4.521184e+00 -5.513068e+00
3.019844e+00 7.502685e-01
-2.498718e-01 -1.864185e+00
1.839551e+00 7.655553e-01
3.652826e+00 2.589754e+00
6.250904e+00 3.404898e-03
2.939325e+00 4.583176e+00
5.073801e+00 8.655545e+00
1.290964e-01 2.710454e+00
3.000311e+00 5.593258e+00
3.825132e+00 -1.067412e+01
3.887530e+00 1.069720e+01
3.465285e+00 9.673728e+00
2.072885e+00 -8.834782e+00
8.539689e+00 -5.263338e+00
4.163281e+00 -6.495955e+00
-2.187859e-01 -1.088787e+01
1.368934e+00 1.064924e+01
-5.047327e-01 -7.407213e+00
2.397466e-01 -8.500802e+00
5.399543e+00 -5.001465e+00
6.619671e+00 -4.645037e+00
5.566644e+00 -1.676996e+00
1.426622e+00 -4.269498e-01
4.051421e+00 7.719635e-03
4.037165e+00 5.765159e+00
5.363659e+00 4.672590e+00
1.982365e+00 5.237734e+00
3.677485e+00 3.620599e+00
4.904602e+00 -1.061550e+01
3.885070e+00 4.575611e+00
6.801809e+00 7.360352e+00
6.422632e+00 -9.078880e+00
4.577532e+00 9.656740e+00
9.394151e+00 -9.947951e+00
2.126671e+00 -9.895565e+00
4.459735e+00 -7.463364e+00
3.167776e+00 -9.746624e+00
8.608193e+00 -7.693640e+00
4.378229e+00 -8.486543e+00
5.633967e+00 -7.235443e+00
5.266687e+00 -6.242877e+00
1.762574e+00 -2.532291e+00
2.518705e+00 -4.537096e-01
5.764139e+00 2.083061e+00
7.960338e+00 1.746748e+00
6.910136e+00 9.176880e+00
6.152347e+00 6.355546e+00
7.817368e+00 6.729073e+00
7.631407e+00 8.330265e+00
7.801718e+00 9.708406e+00
9.675637e+00 6.813045e+00
2.551497e+00 8.629379e+00
1.047500e+00 -9.478017e+00
4.159251e+00 -9.637731e+00
8.271633e+00 -1.020413e+01
7.049727e+00 -1.020984e+01
9.414413e+00 -8.395715e+00
9.713021e+00 -6.064569e+00
8.552758e+00 -9.068777e+00
6.694787e+00 -6.866688e+00
5.470555e+00 -2.693656e+00
4.574637e-01 -7.498721e-01
7.267089e+00 3.926077e+00
6.221492e+00 4.038754e+00
6.285598e+00 1.029975e+00
2.712432e+00 1.701726e+00
5.059833e+00 5.770768e+00
6.172110e+00 9.790142e+00
4.866484e+00 6.761660e+00
1.048047e+01 -1.027315e+01
6.367267e+00 -1.116623e+01
7.502912e+00 -7.793133e+00
1.009064e+01 -9.302338e+00
-1.021046e+01 -9.209329e+00
5.420850e+00 -8.285975e+00
6.502621e+00 -7.935672e+00
-9.678971e+00 -7.589576e+00
6.581946e+00 -2.286560e+00
8.912679e+00 -6.718985e+00
6.502375e+00 -3.493066e+00
2.841103e+00 -2.335575e+00
8.689095e+00 -4.143476e+00
4.581072e+00 -9.652615e-01
4.510178e+00 -2.179237e+00
1.085409e+01 1.243442e+00
5.673136e+00 3.144785e+00
8.656940e+00 7.312950e+00
8.806174e+00 8.351216e+00
5.864248e+00 -1.024909e+01
9.847932e+00 7.850642e+00
5.258606e+00 1.053236e+01
8.455521e+00 1.067112e+01
7.654869e+00 -8.783285e+00
-1.070580e+01 -3.965340e+00
-1.063303e+01 -8.293374e+00
-1.090569e+01 -1.053130e+01
7.920893e+00 -6.655644e+00
6.426775e+00 -1.095064e+00
7.524460e+00 -5.717571e+00
4.260882e+00 -4.472500e+00
2.111842e+00 -1.464539e+00
7.489639e+00 -3.537651e+00
7.391686e+00 -1.920078e-01
5.188527e+00 -8.084188e-02
8.415651e+00 3.717516e+00
9.108207e+00 1.370077e+00
3.142802e+00 7.742512e+00
4.443224e+00 7.681675e+00
9.864181e+00 4.617093e+00
1.096619e+01 6.356485e+00
9.789172e+00 8.849067e+00
5.156176e+00 -9.393963e+00
-8.960415e+00 -9.620517e+00
7.590901e+00 -1.113214e+01
9.782179e+00 -1.101915e+01
-8.518396e+00 8.197414e+00
9.802221e+00 -7.316126e+00
-1.028686e+01 -2.928551e+00
1.095054e+01 -2.875748e+00
7.650884e+00 -4.543687e+00
7.665830e+00 -2.544655e+00
9.478662e+00 -2.777897e-01
8.595461e+00 3.960048e-01
8.314266e+00 -9.133660e-01
-1.050910e+01 6.956961e+00
9.627523e+00 3.570880e+00
6.294860e+00 5.242560e+00
-1.039410e+01 8.111122e+00
1.095507e+01 4.234959e+00
-9.546695e+00 7.339521e+00
1.085468e+01 1.093707e+01
-8.757526e+00 9.274512e+00
