-1.093899e+01 -9.058890e+00
-9.451992e+00 8.271329e+00
-1.699120e+00 7.532215e+00
-6.995767e+00 -6.332588e-01
8.012750e+00 3.857318e+00
-9.272384e+00 -3.913063e+00
9.887177e+00 8.479669e-01
-7.150602e+00 8.554354e+00
9.253931e+00 -3.894998e+00
7.844604e+00 -1.103405e+00
-4.754374e-01 9.145723e+00
9.431513e+00 5.259619e+00
9.016298e+00 2.790648e-01
7.217984e+00 1.821911e+00
-7.654672e+00 2.792823e+00
2.346310e+00 2.635743e+00
1.013885e+01 3.665382e+00
-8.994834e+00 -1.015310e+01
-6.122093e+00 -7.259521e+00
-3.935035e+00 -8.740139e+00
-7.902408e+00 -8.356037e+00
-9.221581e+00 -6.891905e+00
6.508575e+00 -6.666907e+00
9.905250e+00 -2.389123e-01
5.589718e+00 -5.595008e-01
1.069173e+01 5.551680e+00
-5.605147e+00 -1.049840e+00
6.218663e+00 -9.108555e+00
7.151281e+00 -1.973676e+00
1.102677e+01 4.534459e+00
-4.367243e+00 7.632633e+00
5.680500e+00 -3.490019e+00
-9.723725e+00 2.471698e+00
1.104407e+01 8.355867e+00
-1.629831e+00 2.865773e+00
-1.036665e+01 9.819939e+00
-1.059478e+01 -6.820298e+00
-3.241682e+00 1.090743e+01
-8.366515e+00 -4.645654e+00
-4.850874e+00 6.649276e+00
-6.936570e+00 -6.554356e+00
-1.041957e+01 -1.877099e+00
-7.076599e+00 -9.183480e+00
-6.507683e+00 9.606259e+00
-8.997801e+00 -8.000434e+00
9.986875e+00 7.925575e+00
1.058178e+01 2.600600e+00
-1.060042e+01 -6.356508e-01
8.492085e+00 -4.462659e+00
-1.099115e+01 3.472916e+00
6.249582e+00 5.249050e+00
-5.229714e+00 1.969688e-02
4.321251e+00 2.230952e+00
-9.403323e+00 5.202543e+00
6.052000e+00 4.968559e-01
-8.853164e+00 1.726147e+00
-2.939971e+00 5.443169e+00
-4.610294e+00 8.497074e-01
-7.097429e+00 6.482073e+00
-4.984239e+00 8.643417e+00
7.488066e+00 -8.617441e+00
6.061077e+00 1.023361e+01
9.705120e+00 -1.053364e+01
-4.108828e+00 -1.077483e+01
-1.076761e+01 2.290334e+00
-1.065273e+01 -3.235823e+00
-7.782965e+00 -7.097582e+00
-9.144872e+00 5.687121e-01
1.033463e+01 -5.640581e+00
8.641428e+00 -1.969332e+00
-5.098197e+00 3.506809e+00
6.254031e+00 -1.399564e+00
-3.392322e+00 -1.381572e+00
2.009645e-01 5.045638e+00
-2.410494e+00 8.342080e+00
3.523283e+00 4.200867e+00
-7.497605e+00 -1.629044e+00
-6.664671e+00 7.616060e+00
-9.543853e+00 -4.894513e+00
-4.380291e+00 9.391256e+00
2.589212e+00 -9.222106e+00
-8.053190e+00 -6.096845e+00
7.405178e-01 7.155815e+00
1.107211e+01 -7.949070e+00
1.070705e+01 -6.635544e+00
9.234721e+00 -1.066909e+00
-4.585128e+00 -5.897754e+00
-3.713999e+00 2.539822e+00
7.809195e+00 -7.666477e+00
6.550992e+00 -5.402545e+00
-8.462249e+00 -8.884012e-01
-1.157855e-01 -2.796787e+00
-2.985675e+00 3.449139e-01
1.234398e+00 1.991542e+00
9.271379e+00 6.985879e+00
3.775907e+00 -3.055617e+00
1.014722e+01 6.547631e+00
-6.547715e+00 5.355722e-01
-7.541476e+00 5.532217e+00
1.015608e+01 -4.395222e+00
-1.002300e+01 1.428633e+00
3.438548e+00 -1.006439e+01
-7.050943e+00 -7.830327e+00
-7.263810e+00 -5.310696e+00
-2.728662e+00 -1.053156e+01
-1.004129e+01 -7.740047e+00
-2.583983e+00 -5.428313e+00
7.026496e+00 6.776813e-01
-6.467945e+00 -4.687758e+00
-8.201230e+00 -3.228981e+00
-9.510544e+00 -4.402421e-01
-2.742762e+00 -2.657001e+00
-1.068853e-01 -9.662753e-01
-3.625226e+00 1.396898e+00
5.807591e+00 7.430139e+00
1.093245e+01 7.275203e+00
-5.369065e+00 5.309975e+00
-6.050520e+00 -9.666594e+00
-8.916306e+00 7.398093e+00
-9.184007e+00 9.326245e+00
-2.661105e+00 2.052999e+00
-5.871962e+00 6.335222e+00
-2.191693e-01 -8.163472e+00
-5.032620e+00 -8.894013e+00
4.684282e+00 -5.194233e+00
-3.980481e+00 -6.812538e+00
-3.535623e+00 -7.725335e+00
-9.234385e-01 1.095663e+01
-7.447517e+00 1.095980e+00
-8.724372e+00 2.784636e+00
5.677620e+00 -5.979430e+00
-3.748738e+00 -5.337254e+00
-8.340015e+00 3.805055e+00
8.570590e+00 6.012054e+00
-1.272032e+00 9.799948e+00
4.277957e+00 7.614315e+00
2.466681e+00 -1.881580e+00
2.386196e+00 4.855065e+00
-1.912781e+00 5.063075e+00
3.687483e-01 6.180789e+00
-7.709001e+00 7.526454e+00
-1.432654e+00 8.748736e+00
-4.789478e+00 -9.911054e+00
-6.739054e+00 -1.055815e+01
-6.139078e+00 -5.912484e+00
-3.523410e+00 8.664053e+00
-6.281079e+00 -2.087547e+00
-1.546574e-01 -3.957021e+00
-5.261021e+00 -2.161369e+00
-7.997247e+00 1.755001e-01
-2.213900e+00 -1.757146e+00
-3.925614e+00 -2.303716e+00
-6.540661e+00 5.509883e+00
-3.083644e+00 -6.350808e+00
-1.401361e+00 1.844680e+00
-5.328527e-01 2.719286e+00
-5.168537e+00 -7.783849e+00
-6.056234e+00 8.580973e+00
6.490440e-02 3.962494e+00
-2.424930e+00 -3.659389e+00
-5.623023e+00 7.446646e+00
-7.433222e+00 4.485566e+00
5.763721e+00 -8.156673e+00
-4.753047e+00 -3.127393e+00
-1.043803e+01 4.134685e-01
-2.217661e+00 1.080150e+00
-2.044745e+00 4.021974e+00
-5.854276e+00 -3.025980e+00
-6.765725e+00 2.107827e+00
-2.713543e+00 3.131916e+00
-7.683457e-01 7.959644e+00
4.391676e+00 -7.053332e+00
-1.045711e+00 -7.392913e+00
-8.824060e-02 1.091461e-01
-8.360337e+00 6.362322e+00
-1.675744e+00 1.344625e-01
1.160403e+00 4.377025e+00
1.329078e+00 -9.384003e+00
7.494256e+00 1.023945e+01
-4.182048e+00 -3.805200e-01
3.360228e-01 -9.717053e+00
-3.085149e+00 4.445976e+00
-4.418556e-01 -4.910721e+00
-5.315374e+00 9.725221e+00
1.106360e+01 -1.048487e+01
4.259556e+00 -1.108775e+01
-1.644914e+00 -1.022270e+01
-3.556295e+00 -9.724931e+00
-1.888007e+00 -9.196349e+00
-1.028303e+01 4.276710e+00
1.069340e+01 -8.225912e-01
-3.107845e+00 -4.427845e+00
-6.889450e+00 3.433319e+00
-5.582825e+00 1.411770e+00
4.109234e+00 1.088438e+00
8.216438e+00 6.999637e+00
1.508438e+00 -2.291451e+00
1.835605e+00 1.098191e+01
1.411425e+00 3.205823e+00
9.460533e+00 -7.539309e+00
3.762577e+00 -4.760422e+00
3.098601e+00 -1.104912e+01
7.754522e+00 8.274635e+00
-9.557573e+00 -2.619890e+00
-3.319196e+00 7.711238e+00
7.266195e+00 5.146789e+00
3.140959e+00 -8.247964e+00
-1.458361e+00 -6.082768e+00
1.679286e+00 -8.273243e+00
-1.234148e+00 -4.098224e+00
2.228570e+00 1.544968e+00
-2.858352e+00 -8.876911e+00
6.259307e-01 1.086601e+01
-5.604834e+00 2.531616e+00
2.255373e+00 -1.042630e+01
2.345778e+00 -3.931826e-01
4.544659e+00 4.586674e+00
-9.282363e-01 4.789781e+00
3.196552e-01 8.215021e+00
-1.564400e+00 -1.018376e+00
3.639872e+00 1.000308e+01
-8.922557e+00 -9.037943e+00
2.570360e+00 1.005512e+01
-3.302151e+00 9.890703e+00
6.701220e+00 -4.343738e+00
-1.395402e+00 -3.062122e+00
5.678522e+00 -4.617967e+00
-4.594997e+00 -4.166667e+00
8.264686e+00 1.221441e+00
2.414666e+00 3.789380e+00
7.274232e-01 9.209074e-01
-1.219350e-01 1.604591e+00
-1.450440e-01 1.018308e+01
-4.788929e+00 4.469195e+00
4.182301e-01 -1.932430e+00
6.717370e+00 4.122372e+00
6.359218e+00 2.588687e+00
4.450803e+00 -9.902365e+00
4.725916e+00 -8.075037e+00
-7.277772e-01 -9.196270e+00
-2.368582e+00 9.428404e+00
1.319272e+00 1.006016e+01
-2.525324e+00 6.915530e+00
5.079468e+00 8.383659e+00
-5.099892e+00 -6.760569e+00
-2.541944e+00 -5.922820e-01
7.155438e+00 9.213830e+00
6.969194e-01 -8.663639e+00
1.097803e+01 1.333422e+00
-1.105074e+01 -5.316525e+00
2.538796e+00 -5.105931e+00
1.826047e+00 -3.720260e+00
6.462427e+00 -1.080331e+01
4.810718e+00 2.843609e-01
5.030674e-01 9.397090e+00
-8.834075e-01 8.949682e-01
2.878046e+00 -3.881721e+00
1.029234e+01 -9.675295e+00
1.024152e+01 9.237267e+00
2.160000e+00 -7.296921e+00
7.224845e+00 3.191075e+00
8.638311e+00 -5.807661e+00
-5.629598e+00 -4.089688e+00
-4.271389e+00 1.050163e+01
9.183636e+00 4.237667e+00
5.469032e+00 -7.061003e+00
7.939261e+00 -2.688249e+00
8.559334e+00 -6.974749e+00
6.612849e+00 -3.806233e-01
2.177977e+00 -6.113883e+00
-3.418387e+00 -3.427688e+00
1.746000e+00 4.980800e-01
1.093222e+01 2.724167e-01
4.458578e+00 3.397472e+00
4.985293e+00 6.801919e+00
2.420006e+00 5.966716e+00
3.091426e+00 6.765405e+00
2.519764e+00 7.727946e+00
8.279066e+00 9.282806e+00
3.346781e+00 3.073513e+00
6.615825e+00 8.399432e+00
1.568886e+00 -1.248324e+00
5.291488e+00 -1.116430e+01
1.131037e+00 -1.053215e+01
8.288330e+00 4.908845e+00
-2.184993e+00 1.085719e+01
5.410187e-01 -7.388168e+00
6.752526e+00 -7.902585e+00
7.546743e+00 -3.739414e+00
3.930273e+00 -5.972085e+00
1.396302e+00 -5.366629e+00
2.509996e+00 -2.858255e+00
4.127034e+00 8.992443e+00
4.905398e-01 2.702371e+00
2.915974e+00 8.735184e+00
-4.604457e+00 -1.358071e+00
9.633960e+00 1.037033e+01
5.333697e+00 2.765578e+00
-8.378837e-01 5.867075e+00
-1.038906e+01 5.451223e+00
8.410233e+00 -1.057641e+01
1.045071e+01 1.107154e+01
3.546483e+00 6.720065e-02
5.857966e+00 -2.390304e+00
3.777400e+00 -1.988139e+00
3.233420e+00 -1.053291e+00
9.336341e+00 -9.281033e+00
9.138551e+00 -2.859123e+00
3.249127e+00 1.726104e+00
-5.152764e+00 -5.086475e+00
-7.041846e+00 -2.979189e+00
4.029657e-01 -5.707542e+00
-8.074268e+00 9.482917e+00
-7.971631e+00 -1.078274e+01
1.876053e+00 6.877074e+00
-1.069547e+01 6.504880e+00
-5.280314e+00 -1.084314e+01
-8.469376e+00 1.057119e+01
5.716459e+00 9.218430e+00
3.580251e+00 5.485723e+00
8.457586e+00 1.071900e+01
-1.038982e+01 8.719766e+00
-7.960867e+00 -9.719134e+00
9.240840e+00 8.985275e+00
8.691820e+00 -8.335209e+00
7.063076e+00 -9.764274e+00
-4.511607e+00 1.943034e+00
5.613705e+00 -1.004437e+01
2.755675e+00 6.334225e-01
-6.145083e+00 4.407383e+00
4.031390e+00 6.364874e+00
-2.653949e-01 -1.058297e+01
-3.931963e+00 3.909074e+00
-9.440912e-01 3.692847e+00
4.926972e+00 -1.705100e+00
4.015921e+00 -8.872273e+00
-2.147645e+00 -6.934917e+00
-1.834291e+00 6.156516e+00
-1.022614e+01 7.488629e+00
-3.783807e-01 -6.629010e+00
1.009350e+01 -8.547986e+00
-7.473463e+00 -4.016173e+00
9.791103e+00 -2.037081e+00
1.495041e+00 7.963619e+00
-9.079941e+00 -5.787416e+00
-9.386919e+00 -1.518503e+00
-9.943635e+00 -8.830552e+00
6.723469e+00 -2.940389e+00
9.059535e-01 -3.206698e+00
1.089924e+01 -2.219824e+00
8.568789e-01 -3.217062e-01
7.765655e+00 -7.028813e-02
-2.011757e+00 -8.042133e+00
-8.270775e-01 6.869116e+00
5.538970e+00 3.788272e+00
6.070824e+00 6.248260e+00
-6.152403e+00 -8.513618e+00
4.853127e+00 5.583063e+00
-4.034582e+00 5.212005e+00
-9.530623e+00 1.061613e+01
8.154937e+00 -9.384597e+00
9.649656e+00 -6.510635e+00
7.483502e+00 -1.097428e+01
-1.052720e+01 1.105518e+01
1.044534e+01 -3.294625e+00
9.438121e+00 1.923872e+00
8.964393e+00 3.075971e+00
-1.542605e+00 -5.057558e+00
3.058721e+00 -6.808152e+00
-8.688550e-01 -1.734474e+00
4.332729e+00 -6.307354e-01
7.708352e+00 -5.182765e+00
8.778080e+00 8.093187e+00
5.153469e+00 1.272931e+00
8.069304e+00 2.377020e+00
1.607727e+00 9.121591e+00
4.807883e+00 -2.692340e+00
6.171492e+00 1.607463e+00
-8.241594e+00 8.465166e+00
7.564019e+00 -6.263355e+00
-1.008733e+01 -1.007318e+01
7.179149e+00 7.342193e+00
4.756291e+00 1.010500e+01
-3.723961e+00 6.317056e+00
5.112378e+00 -9.136598e+00
7.448106e+00 6.213994e+00
-9.628688e+00 6.246508e+00
9.344324e+00 -5.035651e+00
8.919832e-01 -4.383196e+00
-1.095654e+01 -4.300784e+00
4.575450e+00 -4.063509e+00
-1.011502e+01 -5.803028e+00
-9.460881e+00 3.688883e+00
1.338071e+00 5.545382e+00
1.236245e+00 -6.535680e+00
-7.384152e+00 1.055950e+01
-8.308926e+00 4.927811e+00
-8.513179e+00 -2.120185e+00
1.080377e+01 1.014096e+01
-6.014040e+00 1.067645e+01
