-9.754475e+00 -9.961331e+00
-9.699402e+00 7.249867e+00
-5.034727e+00 7.854359e+00
-5.405635e+00 -5.359289e+00
1.053499e+01 3.277331e+00
-7.192805e+00 -2.717341e+00
8.865408e+00 2.239416e+00
-8.044759e+00 5.580024e+00
7.243256e+00 -3.324471e+00
7.320442e+00 1.248358e-02
-1.885612e+00 9.449845e+00
9.331567e+00 4.226479e+00
9.340802e+00 1.358986e+00
6.915385e+00 3.464299e+00
-6.009552e+00 2.408480e+00
8.740170e-01 4.675466e+00
-9.364428e+00 2.440231e+00
-1.003154e+01 1.032735e+01
-6.928916e+00 -7.748059e+00
-6.807076e+00 -8.874787e+00
-9.906833e+00 -6.412042e+00
-7.903454e+00 -5.608865e+00
6.462575e+00 -8.382801e+00
1.030174e+01 9.274493e-01
4.130038e+00 1.689601e-01
-9.918647e+00 3.361888e+00
-5.880007e+00 -2.078752e+00
7.874493e+00 -8.358988e+00
7.265486e+00 -1.407125e+00
-1.094114e+01 2.679516e+00
-6.394130e+00 6.274617e+00
7.597377e+00 -2.398973e+00
-8.910009e+00 1.458676e+00
1.039189e+01 6.785302e+00
-5.008762e-01 2.699560e+00
1.035592e+01 -1.090707e+01
-1.008493e+01 -5.458693e+00
-3.737447e+00 -1.043316e+01
-6.345597e+00 -5.889030e+00
-7.115721e+00 9.001060e+00
-5.022368e+00 -7.340758e+00
-8.467178e+00 -3.586250e+00
-7.945174e+00 -8.601256e+00
-9.023394e+00 1.055070e+01
-9.918047e+00 -8.820469e+00
9.185965e+00 6.103264e+00
-1.099178e+01 1.562829e+00
-1.056351e+01 -1.389540e+00
9.631367e+00 -3.717837e+00
-8.138514e+00 2.790221e+00
3.631126e+00 4.444297e+00
-5.670874e+00 -1.021712e+00
2.981742e+00 2.703836e+00
-1.051630e+01 5.234980e+00
2.847698e+00 1.698330e+00
-7.022322e+00 4.891725e-01
-6.075188e+00 7.404959e+00
-4.522035e+00 8.141564e-01
-5.531381e+00 4.351197e+00
-8.028043e+00 8.418767e+00
8.828802e+00 -9.009583e+00
5.495427e+00 1.074091e+01
9.994355e+00 -9.051851e+00
-5.549746e+00 -9.193119e+00
-1.050380e+01 5.834883e-01
-1.020270e+01 -2.350930e+00
-8.877981e+00 -4.997809e+00
-9.290447e+00 -1.545524e+00
1.038659e+01 -4.744460e+00
9.549227e+00 -1.359929e+00
-2.729548e+00 1.881421e+00
6.904085e+00 1.410945e+00
-8.517895e-01 -1.099626e+00
-1.694594e+00 6.005751e+00
-6.000406e+00 8.557044e+00
1.863302e+00 4.684916e+00
-7.900056e+00 -1.642829e+00
-7.061327e+00 5.482694e+00
-7.178640e+00 -6.444337e+00
-7.593902e+00 9.877490e+00
2.095803e+00 1.071369e+01
-5.339104e+00 -6.369447e+00
-2.844917e+00 9.767418e+00
-1.094239e+01 -8.664258e+00
1.057487e+01 -6.846472e+00
8.792492e+00 2.314781e-02
-2.292264e+00 -6.021884e+00
-2.951852e+00 2.285497e-01
9.527593e+00 -6.746542e+00
7.300131e+00 -7.407235e+00
-8.459860e+00 -2.545601e+00
9.035707e-01 -3.076765e+00
-3.993866e+00 -1.868227e-01
1.600295e-02 1.786739e+00
8.236717e+00 7.000691e+00
3.652372e+00 -3.384252e+00
-1.075085e+01 7.018968e+00
-5.977343e+00 -3.155753e+00
-4.990405e+00 3.399887e+00
9.282520e+00 -4.827470e+00
-1.002609e+01 1.566783e+00
2.948447e+00 -1.091573e+01
-8.757741e+00 -6.200915e+00
-3.836416e+00 -6.822385e+00
-3.118000e-02 -8.291726e+00
-1.095265e+01 -6.185242e+00
-1.427955e+00 -7.971433e+00
5.349997e+00 3.041431e+00
-4.428298e+00 -5.970960e+00
-4.842791e+00 -3.841127e+00
-1.016716e+01 -4.158928e-01
-1.768798e+00 -2.973418e+00
1.082620e+00 -1.243999e-01
-3.523779e+00 1.219969e+00
5.964996e+00 5.154805e+00
1.058778e+01 5.688166e+00
-3.107279e+00 2.843570e+00
-7.486652e+00 -9.636440e+00
1.113931e+01 8.167988e+00
-1.019470e+01 8.151437e+00
-2.134313e+00 3.101117e+00
-4.418608e+00 4.300290e+00
1.660425e+00 -9.492159e+00
-6.000897e+00 -8.140050e+00
6.124771e+00 -5.274123e+00
-4.465213e+00 -9.356796e+00
-1.563722e+00 -6.844604e+00
-7.639016e-01 -8.970936e+00
-7.224321e+00 -5.315725e-01
-8.003802e+00 3.423354e-01
6.468520e+00 -6.333544e+00
1.454748e-01 -5.424650e+00
-6.982917e+00 2.744766e+00
1.035571e+01 4.551148e+00
-2.610452e+00 1.084203e+01
5.881042e+00 7.266000e+00
3.743444e+00 1.126306e+00
9.350651e-01 6.926427e+00
-4.181818e+00 6.316072e+00
-1.318996e+00 8.090825e+00
-6.644118e+00 4.544155e+00
-1.340121e-01 -9.944544e+00
-5.321886e+00 -1.024768e+01
-8.971357e+00 -9.265046e+00
-6.172192e+00 -6.982021e+00
-3.890016e+00 9.439241e+00
-4.948109e+00 -2.713276e+00
2.821627e-01 -4.021384e+00
-2.572910e+00 -4.904305e+00
-8.445985e+00 -7.098896e-01
2.781871e-02 -1.725959e+00
-2.807836e+00 -2.056793e+00
-6.038908e+00 3.422261e+00
-7.496504e-01 -6.077427e+00
-1.908198e+00 8.864978e-01
7.301638e-02 3.790346e+00
-5.022751e+00 -8.344456e+00
-7.019686e+00 7.503888e+00
-1.399977e+00 4.882037e+00
-2.799557e+00 -3.545649e+00
-7.466955e+00 6.593649e+00
-4.006464e+00 2.226332e+00
5.887972e+00 -7.290509e+00
-3.883404e+00 -3.023024e+00
-9.433472e+00 5.287612e-01
-2.867218e+00 -8.396875e-01
-2.586258e+00 5.480871e+00
-4.390286e+00 -4.957197e+00
-6.686313e+00 -1.355499e+00
-3.792508e+00 5.183212e+00
-4.733881e+00 1.035547e+01
5.142604e+00 -6.064924e+00
1.306134e+00 -8.436724e+00
-8.210804e-01 -5.614961e-02
-8.509466e+00 4.599894e+00
-1.907886e+00 -1.507707e+00
-2.328722e+00 7.443190e+00
6.399673e-01 -9.221931e+00
6.311013e+00 9.865373e+00
-4.800573e+00 -1.632563e+00
9.553502e-01 -1.023870e+01
-4.923313e+00 5.328790e+00
1.139668e+00 -5.634111e+00
-7.125233e+00 -1.078331e+01
-1.086034e+01 -7.368237e+00
4.260774e+00 1.115575e+01
-1.194710e+00 -1.012324e+01
-2.674890e+00 -8.154933e+00
-3.290463e+00 -9.218410e+00
-7.824444e+00 1.394725e+00
1.075193e+01 -1.296242e+00
-1.688163e+00 -4.170499e+00
-5.806177e+00 1.068915e+00
-6.128572e+00 -8.557133e-02
3.149568e+00 -9.345061e-02
1.004490e+01 7.982337e+00
1.301596e+00 -2.152758e+00
1.184441e+00 1.006502e+01
-1.258376e+00 6.966686e+00
1.057708e+01 -8.065863e+00
4.669671e+00 -3.391031e+00
3.106723e+00 1.034224e+01
7.749101e+00 6.003613e+00
-7.814245e+00 -4.422978e+00
-6.280687e+00 9.661701e+00
7.133493e+00 5.199645e+00
1.936929e+00 -1.060336e+01
1.346987e+00 -7.349976e+00
3.643043e+00 -1.001171e+01
-8.303992e-01 -3.566957e+00
1.043392e+00 3.670469e+00
-3.732928e-01 -7.104085e+00
-7.736069e-01 9.993903e+00
-6.811948e+00 1.613732e+00
1.976174e-01 1.043730e+01
2.442493e+00 7.097643e-01
2.258109e+00 7.362988e+00
-2.284145e+00 4.112976e+00
-8.079135e-01 8.962185e+00
-1.091664e+00 -2.195300e+00
4.325176e+00 8.846925e+00
-9.923200e+00 -1.100312e+01
4.165979e+00 9.970763e+00
-5.607200e+00 1.107966e+01
5.986328e+00 -3.281686e+00
-1.515563e-01 -2.762954e+00
6.398025e+00 -4.214817e+00
-3.268316e+00 -5.712941e+00
6.548080e+00 2.468192e+00
5.615985e-01 5.705233e+00
4.470870e-02 5.640768e-01
-7.753508e-01 1.177337e+00
-1.523728e+00 1.090765e+01
-3.318204e+00 4.154297e+00
1.054061e+00 -1.129379e+00
4.905480e+00 5.364818e+00
5.934317e+00 4.073995e+00
4.799795e+00 -1.037065e+01
5.187886e+00 -8.113295e+00
2.559915e+00 -8.756980e+00
-3.638259e+00 1.062289e+01
1.376548e+00 8.953296e+00
-4.068551e+00 7.313398e+00
4.518499e+00 7.655062e+00
-3.917588e+00 -7.910203e+00
-5.091301e+00 -8.925814e-02
9.393987e+00 9.064136e+00
2.666832e+00 -9.830647e+00
1.016851e+01 2.271895e+00
-9.385594e+00 -2.977424e+00
2.944553e+00 -6.530760e+00
1.304033e+00 -4.497134e+00
5.380773e+00 8.501125e+00
4.433543e+00 2.314270e+00
2.377603e-01 9.316991e+00
-1.943790e+00 -1.843222e-01
4.192819e+00 -4.278047e+00
8.466715e+00 -1.016651e+01
-1.079348e+01 9.365247e+00
3.596867e+00 -8.525832e+00
4.774183e+00 4.156326e+00
7.286102e+00 -5.695104e+00
-3.757859e+00 -4.085043e+00
-6.409979e+00 -9.915023e+00
8.001286e+00 4.159203e+00
8.543821e+00 -7.419749e+00
8.147807e+00 -8.399050e-01
8.965106e+00 -5.934258e+00
5.010218e+00 1.013448e+00
2.478501e+00 -7.452830e+00
-1.547463e+00 -5.275328e+00
7.564328e-01 2.473322e+00
1.100710e+01 -1.123807e-01
1.673884e+00 5.728113e+00
7.092743e+00 7.136890e+00
-6.925677e-01 6.100454e+00
4.941640e+00 6.528859e+00
3.539466e+00 8.125330e+00
8.728505e+00 8.124333e+00
2.629251e+00 6.330670e+00
6.479400e+00 8.249417e+00
2.028483e+00 -4.451723e-01
5.898453e+00 -1.049790e+01
1.026183e+00 1.111676e+01
-1.084044e+01 4.024491e+00
-2.258158e+00 -9.248852e+00
3.589346e+00 -7.546355e+00
7.929621e+00 -6.543895e+00
6.390620e+00 -2.306638e+00
5.364022e+00 -4.329164e+00
2.299913e+00 -4.263019e+00
2.459863e+00 -3.261030e+00
3.369328e+00 9.318873e+00
-2.850049e-01 5.102342e+00
2.333853e+00 9.560944e+00
-3.703788e+00 -1.627739e+00
9.519173e+00 -1.015690e+01
3.909575e+00 3.226316e+00
-3.112613e+00 6.498699e+00
-9.735996e+00 4.503130e+00
7.526638e+00 1.006555e+01
1.058712e+01 -9.868310e+00
3.956215e+00 -2.293950e+00
5.974121e+00 3.158338e-01
2.906112e+00 -2.287957e+00
3.326417e+00 -1.136818e+00
8.196232e+00 -1.114402e+01
8.914405e+00 -2.917944e+00
1.830042e+00 1.610671e+00
-2.671343e+00 -7.116631e+00
-5.738946e+00 -4.305660e+00
4.071810e+00 -6.297253e+00
-8.636763e+00 6.425273e+00
-8.730014e+00 9.439792e+00
-5.734838e-02 6.905656e+00
-1.001687e+01 6.244880e+00
-8.590296e+00 -1.045686e+01
-9.015705e+00 8.208219e+00
8.279815e+00 9.112117e+00
3.474977e+00 7.062597e+00
7.158666e+00 9.044825e+00
1.005790e+01 9.978749e+00
-8.155774e+00 -7.124237e+00
8.904375e+00 1.004838e+01
9.417250e+00 -8.146844e+00
7.846675e+00 -9.348658e+00
-5.110321e+00 1.899651e+00
6.666440e+00 -9.716768e+00
8.973824e-01 1.091396e+00
-3.993043e+00 3.349089e+00
2.802000e+00 5.115455e+00
-5.625497e-01 -1.108175e+01
-1.689113e+00 2.046938e+00
-1.106964e+00 3.654819e+00
4.492006e+00 -1.264056e+00
4.565848e+00 -9.088366e+00
-2.323816e+00 -1.050315e+01
-4.112929e+00 8.388957e+00
1.039890e+01 8.982479e+00
1.954500e+00 -6.302427e+00
9.227651e+00 1.112974e+01
-6.984744e+00 -5.043311e+00
9.969414e+00 -2.090932e-01
1.431976e+00 7.988558e+00
-9.488920e+00 -4.061870e+00
-1.049130e+01 -3.503471e+00
1.041695e+01 -5.761831e+00
6.428395e+00 -6.177384e-01
2.535350e+00 -5.406095e+00
8.572416e+00 -1.813011e+00
2.134187e+00 -1.425126e+00
7.913867e+00 1.163013e+00
5.872426e-01 -6.675821e+00
-2.900716e+00 8.696048e+00
2.790975e+00 3.775854e+00
6.315315e+00 6.177334e+00
-8.935332e+00 -8.121697e+00
3.813226e+00 5.992102e+00
-5.265200e+00 6.475983e+00
1.096938e+01 1.052315e+01
7.188787e+00 -1.064728e+01
8.150611e+00 -5.152296e+00
6.574091e+00 1.084949e+01
-9.785141e+00 -7.436319e+00
1.114310e+01 -2.213429e+00
7.631482e+00 2.164353e+00
9.444669e+00 3.076758e+00
-7.058524e-01 -4.694305e+00
4.813418e+00 -7.124506e+00
1.322155e-01 -6.165453e-01
5.244331e+00 -3.479944e-01
7.434637e+00 -4.401386e+00
9.410866e+00 7.223889e+00
1.878155e+00 2.923411e+00
8.289648e+00 3.087726e+00
2.615786e+00 8.535160e+00
5.576006e+00 -1.383738e+00
5.873511e+00 1.651731e+00
-8.274819e+00 7.426321e+00
8.433608e+00 -4.075897e+00
-1.075538e+01 -9.775934e+00
7.665492e+00 8.056544e+00
5.313769e+00 9.546531e+00
-5.078572e+00 9.300429e+00
5.738350e+00 -9.069956e+00
8.703534e+00 5.061248e+00
-9.146525e+00 5.419519e+00
9.966028e+00 -2.688225e+00
4.256031e+00 -5.312529e+00
-1.076624e+01 -4.522578e+00
5.083661e+00 -2.400841e+00
1.074930e+01 -3.323979e+00
-8.919300e+00 3.583471e+00
4.012755e-02 8.302469e+00
3.332794e+00 -4.754687e+00
-9.785289e+00 9.119134e+00
-7.585769e+00 4.066215e+00
-6.756979e+00 -3.962476e+00
-1.093666e+01 -1.084745e+01
-7.961074e+00 1.088145e+01
