-9.582206e+00 -1.040040e+01
-1.008551e+01 7.320865e+00
-4.667967e+00 8.075110e+00
-5.881612e+00 -5.062531e+00
1.023589e+01 4.074211e+00
-6.949422e+00 -2.476517e+00
8.782909e+00 2.104828e+00
-7.464479e+00 5.258091e+00
8.192890e+00 -2.982600e+00
7.493007e+00 1.453328e-01
-1.735141e+00 9.374216e+00
9.197379e+00 4.556200e+00
9.385499e+00 1.138881e+00
7.281244e+00 3.402106e+00
-5.879066e+00 2.479808e+00
1.022602e+00 4.834442e+00
-9.238600e+00 2.260116e+00
-9.946554e+00 1.028422e+01
-7.236565e+00 -7.544312e+00
-6.807163e+00 -9.261896e+00
-9.507692e+00 -7.226368e+00
-8.504889e+00 -5.320349e+00
6.374056e+00 -7.972883e+00
1.049832e+01 1.231749e+00
3.838521e+00 -9.375984e-02
-1.021803e+01 3.005577e+00
-5.516752e+00 -2.031055e+00
7.597680e+00 -8.124388e+00
7.198933e+00 -8.799133e-01
1.034909e+01 3.010642e+00
-6.563831e+00 7.115422e+00
7.773281e+00 -2.004058e+00
-8.851808e+00 1.342776e+00
1.027673e+01 6.328526e+00
-5.478236e-01 2.750923e+00
1.057311e+01 -1.077586e+01
-1.063919e+01 -5.409059e+00
-3.883343e+00 -1.025544e+01
-6.979513e+00 -5.450567e+00
-6.313545e+00 8.701589e+00
-5.199273e+00 -7.102218e+00
-8.175718e+00 -2.839406e+00
-7.523731e+00 -8.519593e+00
-8.715038e+00 9.731544e+00
-9.488596e+00 -9.258309e+00
9.639089e+00 5.482178e+00
1.104039e+01 2.231809e+00
-1.105471e+01 -1.095322e+00
9.874916e+00 -3.782818e+00
-8.055415e+00 2.643322e+00
4.152984e+00 4.393336e+00
-5.888701e+00 -9.143661e-01
3.001977e+00 2.397851e+00
-1.041169e+01 5.192515e+00
3.097731e+00 1.445364e+00
-7.083847e+00 8.755994e-01
-5.715579e+00 7.797000e+00
-4.636688e+00 5.347367e-01
-6.046342e+00 4.861916e+00
-7.588404e+00 8.728608e+00
8.307994e+00 -9.030733e+00
5.414000e+00 1.016178e+01
1.001646e+01 -8.869849e+00
-5.748656e+00 -9.336183e+00
-1.081892e+01 8.954445e-01
-1.019321e+01 -1.767651e+00
-9.625820e+00 -5.607990e+00
-9.524206e+00 -7.368811e-01
1.078835e+01 -4.530627e+00
9.498530e+00 -9.087271e-01
-2.937485e+00 1.646226e+00
6.774747e+00 1.054452e+00
-9.566439e-01 -1.268633e+00
-1.943553e+00 5.775879e+00
-4.973368e+00 9.035358e+00
2.101091e+00 4.746727e+00
-7.974398e+00 -1.494769e+00
-6.383011e+00 6.012925e+00
-7.414176e+00 -6.467504e+00
-7.617177e+00 9.691298e+00
2.280481e+00 1.065132e+01
-6.148389e+00 -6.033942e+00
-2.600417e+00 1.019388e+01
-1.110310e+01 -8.539510e+00
1.079989e+01 -6.743879e+00
8.676749e+00 4.258304e-01
-2.802981e+00 -5.745259e+00
-3.034253e+00 1.836631e-01
9.544729e+00 -7.013324e+00
7.260287e+00 -7.163184e+00
-9.097575e+00 -2.224166e+00
7.355147e-01 -3.426362e+00
-3.967123e+00 -2.623459e-01
-1.290190e-01 1.826269e+00
8.168259e+00 7.469836e+00
2.860417e+00 -3.094797e+00
1.117135e+01 7.124776e+00
-5.826969e+00 -3.093617e+00
-4.798494e+00 2.628935e+00
9.339009e+00 -4.976175e+00
-1.022459e+01 1.795163e+00
3.247728e+00 -1.104334e+01
-8.548868e+00 -6.385859e+00
-4.069690e+00 -6.661715e+00
2.161165e-01 -8.271845e+00
-1.022850e+01 -6.568309e+00
-2.015420e+00 -7.852088e+00
5.109041e+00 3.266113e+00
-5.040222e+00 -5.833313e+00
-4.957967e+00 -3.796436e+00
-1.032492e+01 -5.160510e-02
-1.425237e+00 -3.357590e+00
1.144820e+00 -1.511414e-01
-3.942536e+00 1.373742e+00
6.009285e+00 5.340324e+00
-1.109509e+01 5.969834e+00
-2.688427e+00 3.247572e+00
-7.578690e+00 -1.010304e+01
1.032090e+01 7.711672e+00
-1.106572e+01 8.218660e+00
-1.468281e+00 3.164236e+00
-4.762051e+00 3.950555e+00
1.982097e+00 -9.445860e+00
-6.364763e+00 -8.104505e+00
6.289088e+00 -5.051019e+00
-4.566955e+00 -9.253384e+00
-1.976281e+00 -6.853658e+00
-1.043704e+00 -8.568363e+00
-7.358601e+00 -1.858507e-01
-8.166165e+00 4.895189e-01
6.466166e+00 -6.257405e+00
3.069987e-02 -6.085498e+00
-7.083461e+00 3.120826e+00
1.072643e+01 5.043512e+00
-2.762415e+00 -1.095618e+01
6.265330e+00 6.750223e+00
4.118572e+00 1.139270e+00
1.422399e+00 7.019167e+00
-4.118865e+00 5.952345e+00
-1.439017e+00 8.149944e+00
-6.896035e+00 4.183598e+00
-5.324219e-01 -1.009901e+01
-5.476362e+00 -1.049907e+01
-8.462334e+00 -9.224651e+00
-6.311636e+00 -7.018251e+00
-3.611432e+00 1.035233e+01
-4.220814e+00 -2.710581e+00
5.613584e-01 -5.202125e+00
-3.107364e+00 -4.613959e+00
-8.347920e+00 -5.654537e-01
-4.033395e-02 -1.933602e+00
-2.122346e+00 -2.516393e+00
-5.892228e+00 3.745940e+00
-1.007263e+00 -6.345156e+00
-2.193302e+00 8.852181e-01
2.240038e-01 3.392143e+00
-5.076266e+00 -8.324986e+00
-7.484453e+00 7.660488e+00
-1.172504e+00 5.088288e+00
-2.500322e+00 -3.720072e+00
-7.566075e+00 6.510072e+00
-3.726126e+00 2.395277e+00
5.488950e+00 -7.295857e+00
-3.126544e+00 -2.885912e+00
-9.387134e+00 3.580331e-01
-3.138788e+00 -9.154276e-01
-2.892261e+00 5.442006e+00
-4.662948e+00 -4.840355e+00
-6.862808e+00 -1.330745e+00
-4.296788e+00 4.843469e+00
-4.726622e+00 1.003635e+01
5.394270e+00 -6.336719e+00
1.169256e+00 -8.772991e+00
-9.156499e-01 -1.589641e-01
-8.640465e+00 4.591388e+00
-2.014701e+00 -1.270920e+00
-2.042175e+00 7.106974e+00
2.592474e-01 -9.434510e+00
6.436587e+00 1.046863e+01
-4.611775e+00 -1.527402e+00
1.124702e+00 -1.008360e+01
-5.303835e+00 5.604650e+00
1.112044e+00 -6.098682e+00
-6.702447e+00 1.061489e+01
-1.082884e+01 -7.448885e+00
4.362276e+00 -1.092531e+01
-1.538674e+00 -9.589813e+00
-3.146704e+00 -8.144055e+00
-3.446256e+00 -9.219305e+00
-7.830915e+00 1.538290e+00
1.035719e+01 -1.458439e+00
-1.740941e+00 -4.538746e+00
-5.999243e+00 1.238366e+00
-6.086625e+00 1.749465e-01
2.781468e+00 3.645671e-01
9.206295e+00 7.667047e+00
1.202937e+00 -2.425097e+00
1.170039e+00 9.932570e+00
-9.421732e-01 7.273459e+00
1.027557e+01 -7.764833e+00
5.362243e+00 -3.466805e+00
3.344814e+00 1.023618e+01
8.104867e+00 6.264725e+00
-8.346121e+00 -3.861965e+00
-6.027452e+00 9.917484e+00
6.964560e+00 4.610098e+00
2.382480e+00 -1.045805e+01
1.332731e+00 -7.349409e+00
3.779588e+00 -1.002965e+01
-3.098369e-01 -4.076665e+00
1.235479e+00 3.548638e+00
-1.013501e+00 -7.513253e+00
-1.204194e+00 1.033375e+01
-6.851613e+00 2.058174e+00
1.959605e-01 1.014856e+01
1.828794e+00 5.837136e-01
2.493326e+00 6.921049e+00
-2.053543e+00 4.502953e+00
-6.668642e-01 9.388906e+00
-1.142895e+00 -2.365791e+00
4.503678e+00 8.520153e+00
-9.094102e+00 1.090062e+01
4.480262e+00 9.671078e+00
-5.712467e+00 1.087786e+01
7.202004e+00 -3.030918e+00
-2.218172e-01 -3.018027e+00
6.234520e+00 -3.997300e+00
-3.866013e+00 -5.511942e+00
6.585938e+00 2.269964e+00
7.778411e-01 6.189732e+00
6.945615e-02 1.818419e-01
-1.207085e+00 1.219884e+00
-1.694694e+00 -1.104428e+01
-3.363480e+00 4.308885e+00
1.452964e+00 -1.325894e+00
4.918033e+00 5.050390e+00
6.231178e+00 3.302841e+00
5.141441e+00 -1.011306e+01
5.403308e+00 -8.304230e+00
2.331330e+00 -8.448774e+00
-4.438627e+00 -1.113169e+01
1.650399e+00 9.025687e+00
-4.393222e+00 7.049383e+00
4.228218e+00 7.476510e+00
-4.121943e+00 -7.829232e+00
-4.925101e+00 -4.952895e-01
9.421269e+00 9.727604e+00
2.987668e+00 -9.393324e+00
9.839111e+00 2.045118e+00
-9.256618e+00 -3.242169e+00
3.129799e+00 -6.271249e+00
1.443824e+00 -4.485868e+00
5.684730e+00 7.699655e+00
4.620005e+00 2.035437e+00
3.565847e-01 9.111243e+00
-1.946120e+00 -1.127451e-01
4.057003e+00 -4.047584e+00
8.921294e+00 -9.818487e+00
1.081899e+01 9.143016e+00
3.619944e+00 -8.453733e+00
5.476655e+00 4.172574e+00
7.238006e+00 -5.609585e+00
-3.796549e+00 -3.683388e+00
-6.556251e+00 -1.044441e+01
8.307332e+00 4.155424e+00
8.476746e+00 -7.485032e+00
8.275517e+00 -5.545952e-01
8.934593e+00 -5.983705e+00
5.164728e+00 7.731736e-01
2.504418e+00 -7.382175e+00
-1.749592e+00 -5.685526e+00
1.029635e+00 2.326873e+00
1.064791e+01 1.288127e-01
1.920600e+00 5.890078e+00
7.265287e+00 6.969267e+00
-3.598535e-01 6.418467e+00
5.080070e+00 6.312592e+00
3.300023e+00 8.140775e+00
8.794425e+00 8.699928e+00
3.034071e+00 5.815978e+00
6.510761e+00 8.281654e+00
2.139482e+00 -5.045741e-01
5.541477e+00 -1.110808e+01
1.174746e+00 -1.112299e+01
-1.091528e+01 4.085368e+00
-2.297621e+00 -8.822977e+00
3.528215e+00 -7.228761e+00
8.023741e+00 -6.444035e+00
6.660350e+00 -1.786827e+00
5.109112e+00 -4.501235e+00
2.673763e+00 -4.238012e+00
1.806200e+00 -3.427798e+00
3.539381e+00 9.148169e+00
1.376324e-02 4.735207e+00
2.547555e+00 9.615129e+00
-3.572251e+00 -1.957288e+00
9.942551e+00 -9.939739e+00
4.061050e+00 3.033513e+00
-3.354486e+00 6.791688e+00
-9.712186e+00 4.100511e+00
7.514139e+00 1.028793e+01
1.088884e+01 -9.486742e+00
4.613066e+00 -2.748490e+00
6.098767e+00 3.082308e-01
3.462469e+00 -1.983791e+00
3.118398e+00 -9.361476e-01
8.253314e+00 -1.096112e+01
9.231212e+00 -3.030009e+00
2.080706e+00 1.616330e+00
-3.068077e+00 -7.109798e+00
-6.529349e+00 -4.210617e+00
4.161266e+00 -6.379071e+00
-9.096507e+00 6.614480e+00
-8.716342e+00 8.716533e+00
3.332363e-01 7.251686e+00
-1.006839e+01 6.312296e+00
-8.592256e+00 -1.045810e+01
-9.759102e+00 8.399243e+00
7.962439e+00 9.373167e+00
3.492494e+00 6.853169e+00
6.561732e+00 9.332193e+00
1.035521e+01 1.055686e+01
-8.372597e+00 -7.410056e+00
8.688074e+00 1.046488e+01
9.187141e+00 -8.295957e+00
7.007262e+00 -9.022659e+00
-5.082874e+00 1.589651e+00
6.325503e+00 -1.036231e+01
7.007873e-01 1.088778e+00
-3.937483e+00 3.431100e+00
3.226405e+00 4.771862e+00
-2.050493e-01 -1.113099e+01
-1.893237e+00 2.157061e+00
-1.012874e+00 4.064612e+00
4.296283e+00 -1.050680e+00
4.409372e+00 -9.200161e+00
-2.656752e+00 -9.915207e+00
-3.672556e+00 7.833274e+00
9.847056e+00 8.635254e+00
2.086900e+00 -6.489884e+00
9.512308e+00 -1.104399e+01
-7.722239e+00 -4.657912e+00
9.626231e+00 6.887778e-02
1.117796e+00 8.048996e+00
-9.439761e+00 -4.325668e+00
-1.024213e+01 -2.913003e+00
1.051925e+01 -5.730778e+00
6.073033e+00 -9.304675e-01
2.322992e+00 -5.285170e+00
8.913741e+00 -1.874041e+00
2.264324e+00 -2.075733e+00
7.837540e+00 1.253861e+00
3.642361e-01 -7.080433e+00
-2.657905e+00 8.340875e+00
3.041986e+00 3.649498e+00
7.217954e+00 5.623654e+00
-9.000149e+00 -8.306145e+00
4.094029e+00 5.804675e+00
-5.419045e+00 6.770296e+00
-1.097203e+01 1.022860e+01
7.717325e+00 -1.000067e+01
8.264158e+00 -5.192041e+00
7.075321e+00 -1.110619e+01
-1.013424e+01 -8.234654e+00
-1.103965e+01 -2.287987e+00
7.614688e+00 2.390296e+00
9.441906e+00 3.386046e+00
-6.226252e-01 -5.085419e+00
4.512474e+00 -7.764406e+00
1.131233e-01 -9.471409e-01
5.043668e+00 -2.423060e-01
7.456756e+00 -4.532969e+00
9.213883e+00 6.483538e+00
2.052282e+00 2.902887e+00
8.427893e+00 3.108197e+00
2.195938e+00 7.937718e+00
5.219909e+00 -1.519831e+00
5.822953e+00 1.619072e+00
-8.473458e+00 7.619747e+00
8.804384e+00 -4.071396e+00
-1.044889e+01 -9.666820e+00
7.573155e+00 8.402247e+00
5.605899e+00 8.794253e+00
-3.709255e+00 9.099329e+00
6.005882e+00 -9.322684e+00
8.146735e+00 5.194927e+00
-9.415387e+00 5.339395e+00
9.985926e+00 -2.414911e+00
4.651895e+00 -5.504529e+00
-1.058953e+01 -4.115517e+00
6.154831e+00 -2.767889e+00
1.096780e+01 -3.460043e+00
-8.764170e+00 3.389505e+00
-2.986398e-01 8.256698e+00
3.491812e+00 -5.131195e+00
-1.053220e+01 9.137920e+00
-7.885560e+00 3.916247e+00
-7.248439e+00 -3.525177e+00
-1.074263e+01 -1.105072e+01
-7.971422e+00 1.070240e+01
