-8.153733e+00 -8.869437e+00
1.003400e+01 1.013588e+01
-1.060258e+01 1.077289e+01
-9.312598e+00 -9.862694e+00
-1.041040e+01 -5.495654e+00
-9.114541e+00 -3.023860e+00
1.104779e+01 -6.467792e+00
9.980342e+00 -3.186115e+00
7.789661e+00 -2.996416e+00
7.385338e+00 -3.446505e-02
7.636343e+00 6.475643e+00
9.815786e+00 5.884673e+00
1.034651e+01 -1.365537e+00
5.962420e+00 8.436974e+00
-9.733053e+00 8.782071e+00
9.249781e+00 3.875011e+00
-9.788011e+00 3.808602e+00
-5.549259e+00 5.402807e+00
8.867753e+00 1.017112e+01
-8.411976e+00 1.031532e+01
-9.092747e+00 -8.437494e+00
-3.822355e+00 -7.010455e+00
-1.101852e+01 -1.035537e+01
-1.014307e+01 -6.521903e+00
-1.006783e+01 -8.227175e+00
-1.003403e+01 -3.608096e+00
-9.042255e+00 -5.574086e-01
-9.791128e+00 -4.712707e+00
8.876992e+00 -3.072055e+00
9.883146e+00 1.767967e+00
1.095754e+01 -2.342706e+00
9.407695e+00 -2.278127e+00
-1.076835e+01 -1.547716e+00
1.091546e+01 2.279283e+00
7.378008e+00 1.864020e+00
7.042125e+00 8.279016e+00
1.102714e+01 9.970456e+00
-6.109570e+00 9.526391e+00
-1.025799e+01 9.697685e+00
1.106693e+01 7.658083e+00
-6.950018e+00 -9.266222e+00
-7.239340e+00 -8.169796e+00
1.027074e+01 -8.318889e+00
-9.529064e+00 1.069088e+01
-8.157350e+00 -6.671916e+00
-9.691467e+00 3.562713e-01
-9.451223e+00 -1.612748e+00
-8.022109e+00 -3.371805e+00
3.439056e+00 -7.750653e-01
-1.016792e+01 1.264351e+00
1.033640e+01 -4.389128e+00
-1.071785e+01 2.753662e-01
1.100864e+01 -4.962865e-01
1.074366e+01 6.387401e+00
9.785147e+00 -4.643990e-01
-7.354562e+00 5.608182e+00
-9.544686e+00 6.151362e+00
-3.303763e+00 3.767256e+00
-6.508656e+00 6.299203e+00
-4.503858e+00 4.748367e+00
-5.171155e+00 -9.578374e+00
-2.349204e+00 -9.856011e+00
-8.311225e+00 -7.783890e+00
-8.261604e+00 -5.107042e+00
-1.030652e+01 -2.480424e+00
-8.959959e+00 -4.188100e+00
-6.633419e+00 -5.003900e+00
-6.968107e+00 -2.833115e+00
6.362385e+00 -6.763626e+00
-9.068880e+00 1.925652e+00
-7.987228e+00 1.466591e+00
1.020614e+01 3.272122e+00
5.934492e+00 4.145169e+00
9.097689e+00 4.877402e+00
-1.070081e+01 5.719931e+00
8.527068e+00 1.917711e+00
-6.519214e+00 1.617125e+00
-4.441300e+00 7.042327e+00
-7.009728e+00 8.743886e+00
-8.296332e+00 8.860742e+00
-4.481402e+00 8.070885e+00
-7.467329e+00 1.092907e+01
-6.135287e+00 -1.004079e+01
-4.013213e+00 -8.063725e+00
-7.327969e+00 -5.846116e+00
-9.023577e+00 -6.131348e+00
-6.214384e+00 -3.977166e+00
-8.032138e+00 -1.026051e+00
-1.073286e+01 -7.428783e+00
-5.877010e-01 -6.374360e+00
-7.388368e+00 -4.176556e+00
-3.855610e+00 5.149019e-01
-6.738205e+00 5.737997e-01
-7.229277e+00 2.477749e+00
-9.261733e+00 2.909235e+00
9.311156e+00 2.672107e+00
-1.081743e+01 4.414357e+00
-9.195734e+00 9.681908e+00
-2.609932e+00 6.642454e+00
-3.322252e+00 -1.008035e+01
-5.570509e+00 7.630180e+00
-4.198798e+00 -9.545774e+00
-6.339636e+00 1.110555e+01
-4.970363e+00 -2.471502e+00
-2.096407e+00 -4.501533e+00
-7.102793e+00 -1.759826e+00
3.220014e+00 -3.842097e+00
-8.210300e+00 -2.221548e+00
-6.135441e+00 -6.298771e+00
-6.086026e+00 -1.840065e+00
-7.595609e+00 1.734904e-01
-5.629991e+00 9.999983e-01
-8.491797e+00 5.999601e+00
-7.206150e+00 3.700662e+00
-8.839796e+00 4.822648e+00
1.030263e+01 5.157616e-01
-6.970207e+00 7.328601e+00
-8.166202e+00 -9.964240e+00
1.117762e+01 1.291617e+00
-7.864751e+00 6.842159e+00
-2.351761e+00 4.043944e+00
-6.640313e+00 4.850652e+00
-1.440326e+00 -9.383335e+00
-7.144039e+00 -6.960149e+00
-3.154228e+00 -4.747611e+00
-4.933278e+00 -3.739571e+00
-3.918992e+00 -2.850253e+00
-5.955498e+00 -7.508647e+00
-8.663606e+00 6.961727e-01
-3.153802e+00 -1.972965e+00
-6.920199e+00 -5.947395e-01
-4.516876e+00 1.303410e+00
-5.335742e+00 2.058963e+00
-1.092053e+01 3.260445e+00
-3.568571e+00 1.889833e+00
-3.582130e+00 6.112432e+00
-5.614045e+00 4.353851e+00
-1.022856e+01 7.783440e+00
-5.304282e+00 3.302583e+00
-3.408359e+00 4.765002e+00
-5.546321e+00 8.675386e+00
-2.995200e+00 8.420413e+00
-5.443661e+00 -1.076513e+01
-6.084869e+00 -8.661510e+00
-2.693639e+00 -6.561608e+00
-4.990187e+00 -8.450863e+00
-3.674477e+00 -3.904711e+00
-5.575864e+00 -4.963714e+00
-1.171362e+00 -5.289819e+00
-2.327826e+00 -1.145171e+00
1.928480e-01 -1.245439e+00
4.043864e-01 -3.760177e+00
-5.849893e+00 6.481757e-03
-5.340866e-01 2.781041e+00
-4.374147e+00 3.688493e+00
-1.533908e+00 1.532246e+00
-4.145587e+00 -1.821423e+00
-1.012349e+00 7.523418e+00
-5.441183e+00 6.524893e+00
-1.342968e+00 3.453781e+00
-4.846734e+00 9.429285e+00
-5.394597e+00 1.037431e+01
-3.809168e+00 8.978167e+00
-3.781533e+00 -6.037674e+00
-4.266159e+00 -4.752596e+00
-8.362368e-01 -2.929357e+00
1.360006e+00 -6.648057e+00
-5.865029e+00 -3.021834e+00
-9.082045e-01 -4.194817e+00
1.103225e+00 -7.647179e+00
3.236044e-01 -6.977886e+00
-1.289796e+00 -7.032181e-01
-1.914241e+00 -2.227548e+00
-4.892697e+00 2.225909e-01
-8.276174e+00 2.584343e+00
-7.768968e+00 4.600624e+00
-1.486402e+00 4.678714e+00
-3.083602e+00 -8.881950e+00
-2.103933e+00 7.830723e+00
-2.804105e+00 -5.815290e-02
-9.164508e-01 -1.038538e+01
-4.675913e+00 5.856713e+00
2.303359e-01 -9.393963e+00
-2.047037e+00 -8.555336e+00
-4.959635e+00 -6.942969e+00
-2.822212e+00 -2.963496e+00
2.136904e+00 -7.447895e+00
-4.789934e+00 -5.780927e+00
8.290894e-02 -4.690878e+00
-5.389938e+00 -1.095037e+00
-8.263542e-01 -1.626426e+00
2.318672e-01 -2.562901e+00
-8.572926e+00 3.693655e+00
-3.748412e+00 -8.058845e-01
2.129823e+00 3.732171e+00
-9.860269e+00 5.098246e+00
-2.410525e+00 2.984565e+00
-1.998262e+00 9.139003e+00
-2.484938e+00 5.256419e+00
-7.157490e+00 -1.040207e+01
-4.491305e+00 -1.115913e+01
1.235144e+00 7.141769e+00
-8.024788e-01 8.586124e+00
-2.685642e+00 -7.534363e+00
1.651857e-01 1.046631e+01
1.398636e-01 -8.252660e+00
-2.197504e+00 -1.110028e+01
1.251936e+00 -9.041545e+00
3.730247e+00 -7.829402e+00
1.369526e+00 -2.765971e+00
6.180625e+00 -2.666450e-01
6.501696e-01 7.328548e-01
-7.549546e-01 5.360483e+00
-1.639180e+00 2.897420e-01
-4.265537e+00 2.654129e+00
-2.965415e+00 1.038904e+00
-1.624972e+00 5.980158e+00
-3.316192e+00 7.467383e+00
2.722678e+00 8.245206e+00
5.382781e-01 5.140707e+00
-4.011527e+00 1.003472e+01
3.439750e-01 -1.057715e+01
3.289489e+00 -9.049594e+00
-9.876634e-01 -8.515652e+00
1.292630e+00 -5.529023e+00
2.663547e-01 -5.681868e+00
2.378010e+00 -5.975912e+00
8.486715e-01 -4.431598e-01
5.112410e+00 -2.586683e+00
5.558245e+00 5.681917e-01
-6.345328e+00 3.072957e+00
-4.420211e-01 1.547984e+00
-4.676143e-01 4.157788e+00
2.601358e-01 3.425296e+00
6.648642e-01 6.178999e+00
2.953095e+00 5.649966e+00
1.591947e+00 5.131343e+00
-1.850388e+00 1.025298e+01
-7.837340e-01 9.769482e+00
1.570835e-01 7.116209e+00
5.625779e-01 8.135720e+00
1.712680e+00 8.013215e+00
1.043665e+00 9.728228e+00
-2.988427e+00 9.793653e+00
-1.656679e+00 -6.586693e+00
-2.406763e+00 -5.513605e+00
4.086093e+00 -6.884338e+00
2.399955e+00 -4.799589e+00
-5.654582e-01 3.023285e-01
-2.431130e+00 1.891984e+00
2.820714e+00 5.955563e-02
4.357945e+00 2.257157e+00
5.731258e-01 2.228848e+00
8.395968e+00 5.768305e+00
1.888620e+00 6.230089e+00
1.271872e+00 3.000024e+00
2.511645e+00 1.064606e+00
1.895477e+00 9.035871e+00
4.950784e+00 7.939814e+00
1.915210e+00 1.034653e+01
4.013044e+00 6.268133e+00
2.360288e+00 -8.560958e+00
1.119452e+00 1.099331e+01
-3.206432e+00 -1.109907e+01
4.108890e+00 -1.097087e+01
5.399594e+00 -3.646103e+00
3.003491e+00 -6.904645e+00
3.645015e+00 -5.020453e+00
1.739265e+00 3.745991e-01
-1.803978e+00 -3.388283e+00
1.139198e+00 -1.718243e+00
2.449509e+00 2.592195e+00
6.699372e+00 -1.195742e+00
3.869776e+00 4.120777e+00
4.785847e+00 9.200444e+00
1.098042e+00 4.232426e+00
3.033236e+00 6.818143e+00
4.695737e+00 1.043630e+01
3.173437e+00 1.051457e+01
3.799286e+00 8.501229e+00
3.466711e+00 -1.009971e+01
9.491755e+00 -5.041929e+00
3.405036e+00 -6.017918e+00
-8.110269e-01 1.084878e+01
7.305352e-02 9.053268e+00
-9.350499e-01 -7.536497e+00
1.264551e+00 -1.009863e+01
5.789509e+00 -5.772126e+00
6.317777e+00 -4.493769e+00
4.448513e+00 -1.554043e+00
2.480485e+00 -1.730220e+00
4.696251e+00 1.239757e+00
3.953291e+00 5.204332e+00
5.613801e+00 3.064311e+00
2.974567e+00 4.506417e+00
3.299438e+00 3.211022e+00
4.610375e+00 -1.007296e+01
4.463340e+00 3.275524e+00
7.826099e+00 7.486650e+00
6.876893e+00 -1.091893e+01
3.904954e+00 9.723902e+00
8.418276e+00 -9.419463e+00
2.355894e+00 -1.074613e+01
4.449248e+00 -5.914744e+00
4.407947e+00 -9.148081e+00
8.455519e+00 -7.549015e+00
4.815224e+00 -8.119054e+00
5.163246e+00 -6.906264e+00
5.118638e+00 -4.844988e+00
1.985313e+00 -3.706861e+00
1.971528e+00 -8.453555e-01
5.428849e+00 1.969915e+00
6.542770e+00 9.030203e-01
6.575126e+00 9.272249e+00
6.287864e+00 7.342015e+00
8.802723e+00 6.826034e+00
8.375981e+00 9.004482e+00
7.647202e+00 9.892333e+00
9.951853e+00 7.065705e+00
2.922720e+00 9.220726e+00
2.198053e+00 -9.630387e+00
5.694140e+00 -8.849125e+00
7.374236e+00 -9.183293e+00
7.643552e+00 -1.021534e+01
9.541769e+00 -9.515852e+00
1.068864e+01 -5.306325e+00
9.021341e+00 -8.421686e+00
7.511395e+00 -6.361383e+00
6.129589e+00 -2.701092e+00
1.175276e+00 -4.472522e+00
7.292153e+00 5.113041e+00
6.517259e+00 6.310443e+00
6.674336e+00 2.835595e+00
1.364298e+00 1.511696e+00
4.873357e+00 4.574255e+00
5.630232e+00 9.848519e+00
4.907597e+00 5.690749e+00
1.006344e+01 -1.035434e+01
6.684003e+00 1.040109e+01
7.384367e+00 -7.296513e+00
1.065108e+01 -9.480562e+00
-1.031256e+01 -9.463350e+00
5.817048e+00 -7.752920e+00
6.578901e+00 -9.882933e+00
-9.341560e+00 -7.447289e+00
5.702101e+00 -1.418847e+00
9.738174e+00 -6.110753e+00
6.755446e+00 -3.559988e+00
3.422583e+00 -1.955559e+00
9.159820e+00 -4.005560e+00
4.132286e+00 1.826025e-01
4.013077e+00 -2.872581e+00
-1.018445e+01 2.379194e+00
3.330368e+00 1.994118e+00
8.820541e+00 7.949263e+00
9.489849e+00 9.151601e+00
5.527823e+00 1.100675e+01
9.946872e+00 8.127997e+00
5.568454e+00 -1.030919e+01
8.824505e+00 -1.032675e+01
7.701734e+00 -8.223847e+00
-1.085506e+01 -4.480039e+00
-1.102869e+01 -8.569926e+00
-9.974772e+00 -1.075806e+01
8.639149e+00 -6.391351e+00
7.881417e+00 -1.112522e+00
7.063654e+00 -5.467145e+00
4.310125e+00 -3.943271e+00
2.861545e+00 -2.935629e+00
7.732251e+00 -4.369531e+00
8.400002e+00 -2.088035e+00
4.948860e+00 -5.255550e-01
8.145486e+00 4.257960e+00
8.161380e+00 8.920216e-01
4.047025e+00 7.328172e+00
5.025782e+00 6.804241e+00
8.221862e+00 2.942471e+00
1.070771e+01 5.244321e+00
1.045731e+01 9.046702e+00
6.649455e+00 -8.394155e+00
-8.497427e+00 -1.094429e+01
7.944154e+00 1.110108e+01
9.414140e+00 1.109518e+01
-7.981860e+00 7.921434e+00
9.522703e+00 -7.452009e+00
-1.015151e+01 -5.699592e-01
1.100052e+01 -3.485865e+00
8.375471e+00 -5.251921e+00
7.296846e+00 -2.070040e+00
9.216461e+00 8.814521e-01
8.554176e+00 -5.723351e-02
9.072988e+00 -1.162610e+00
-1.067404e+01 6.816912e+00
7.186392e+00 3.710986e+00
5.976555e+00 5.189747e+00
-1.077663e+01 8.829154e+00
1.016337e+01 4.420359e+00
-8.979260e+00 7.640327e+00
1.064927e+01 1.110677e+01
-7.321800e+00 9.737509e+00
