9.698003e+00 -8.464031e+00
-7.441108e+00 8.185850e+00
1.051877e+01 8.274894e+00
-2.421707e-01 -1.469564e+00
-4.555751e+00 3.740629e+00
-1.114584e+01 1.032541e+01
7.207547e+00 1.708531e+00
5.777738e+00 4.541272e+00
6.463597e+00 -2.156753e+00
8.437416e+00 -1.556629e+00
-5.783902e+00 6.537731e+00
7.716816e+00 5.770136e+00
-7.516698e+00 -4.226904e+00
6.619515e+00 5.522231e+00
-6.253651e+00 2.028282e+00
4.359423e+00 9.654219e+00
-4.019360e+00 -6.140285e+00
1.086758e+01 -8.321579e+00
1.005387e+01 -1.032844e+01
9.695892e+00 7.565739e+00
5.077100e+00 -5.391228e+00
8.152936e+00 -4.512335e+00
5.282094e-02 -5.444667e+00
-2.274170e+00 -8.300462e-01
6.139542e+00 1.394979e+00
1.086095e+01 4.709564e+00
-4.640092e+00 -1.145737e+00
-3.755030e+00 9.110290e+00
-9.315652e+00 -2.995881e+00
-7.282244e+00 4.282729e+00
6.784724e-01 -8.427210e+00
4.469479e+00 3.366525e+00
-7.073223e+00 -2.199513e+00
-1.115551e+01 -3.120383e+00
-1.763864e+00 5.579508e+00
-5.864252e+00 -1.030712e+01
-9.032570e+00 1.097749e+01
8.758062e+00 8.102747e+00
-1.052932e+01 -7.442141e+00
-9.000949e+00 1.160298e+00
6.921243e+00 -1.047507e+01
7.887264e+00 -7.410810e-01
1.102746e+01 -1.048048e+01
5.497830e+00 3.601675e+00
-8.673450e+00 -4.889267e+00
8.605256e+00 -8.651426e+00
-2.216870e+00 -5.036621e+00
-6.602581e+00 -5.530931e+00
9.179072e+00 -4.682946e+00
1.006434e+01 -2.532615e+00
2.899124e+00 -1.481348e+00
2.001677e+00 4.631629e+00
-1.090512e+01 -2.560570e-01
-9.672813e+00 2.394845e+00
-9.772428e+00 -2.212374e-02
-6.530778e+00 -4.006254e-01
2.396244e-01 6.746806e+00
-4.262320e+00 -2.710998e+00
-8.764461e+00 5.380223e+00
-1.167558e+00 6.657464e+00
1.430970e+00 -7.237809e+00
5.102827e+00 -8.066294e+00
7.115278e+00 -7.667317e+00
1.037024e-01 1.103736e+01
-6.100729e+00 -1.387007e+00
1.522738e+00 -5.593107e+00
9.283094e+00 -3.553544e+00
-2.427056e+00 1.387423e+00
-8.096553e+00 1.010105e+01
4.277538e+00 -2.877733e+00
2.246399e+00 -9.831554e+00
-1.002733e+01 1.032113e+00
-4.562422e-01 5.862194e+00
2.042532e+00 6.012503e+00
-2.647960e+00 6.334589e+00
3.249217e+00 7.854746e+00
-7.372185e+00 -6.310172e+00
-1.392861e+00 1.180855e+00
6.785490e+00 -3.322205e+00
-1.097945e+01 -4.340024e+00
2.454274e+00 -7.525946e+00
-5.960690e+00 -7.773275e+00
5.423688e+00 9.722059e+00
-9.814174e-01 -1.097665e+01
4.281423e+00 -6.152064e+00
2.932460e+00 2.567894e+00
8.010471e+00 -1.084049e+01
-1.017866e+01 3.455193e+00
-1.121444e+00 -5.062930e+00
2.203240e+00 -4.711991e+00
-3.471337e+00 1.764122e+00
7.378906e-01 -1.136602e+00
7.355416e-01 2.143327e+00
4.040522e+00 6.481748e+00
9.624226e+00 4.967364e+00
3.164212e+00 1.578603e+00
4.360794e+00 -1.071353e+01
-8.708682e-01 3.439780e+00
-1.077572e+01 2.104141e+00
-9.500126e+00 -9.273187e+00
5.428204e+00 5.670981e+00
3.828367e+00 1.061579e+01
-9.583735e+00 -6.991814e+00
1.063485e+01 -9.404366e+00
-3.485692e+00 -8.268733e+00
-6.965425e+00 6.036452e+00
-9.095516e-01 -9.965013e+00
8.846375e+00 5.754462e+00
-4.060710e+00 -3.926569e+00
-8.194202e+00 -8.105209e+00
-8.536708e+00 -3.854807e+00
-8.038615e+00 -2.702967e+00
6.905021e+00 -1.194726e+00
7.006789e+00 1.083276e+01
-1.067209e+01 7.587864e+00
-8.950238e+00 9.629901e+00
-5.551428e+00 5.622917e-03
-5.061561e+00 1.117742e+01
6.720074e+00 3.421376e+00
-9.655507e+00 7.329295e+00
1.654716e-01 3.672799e+00
3.181059e+00 9.832216e+00
-8.087834e+00 6.255531e+00
-8.485714e+00 7.232532e+00
3.585435e+00 -5.404260e-01
9.525266e+00 -1.490567e+00
-6.247937e+00 -6.567300e+00
-8.127325e+00 8.930482e+00
-1.271891e+00 -6.491076e-01
-1.054567e+01 -5.324297e+00
7.913049e+00 -3.385934e+00
-5.141327e+00 8.980357e+00
-9.900827e+00 9.110301e+00
1.062339e+01 -1.011076e+00
-7.409589e-01 -6.227965e+00
4.851922e+00 -9.738952e+00
-3.279198e+00 -3.106492e+00
7.662717e+00 2.619874e+00
2.732568e+00 6.858650e+00
-1.383943e+00 2.296249e+00
-4.608364e+00 4.876789e+00
7.881150e-02 -7.569993e+00
1.041806e+01 9.362325e+00
-8.804622e+00 -8.441073e-01
8.689016e+00 -2.611043e+00
-7.293881e+00 2.211196e+00
-8.440610e+00 2.161860e+00
-4.343823e+00 -1.015772e+01
6.385490e+00 2.374588e+00
-5.716906e+00 -4.934994e+00
1.767782e+00 2.396417e+00
-1.020456e+01 -3.586256e+00
-5.521975e+00 5.515389e+00
-6.678197e+00 -9.665629e+00
4.259068e+00 5.422968e+00
7.925519e+00 -9.578059e+00
-4.548313e+00 1.012167e+01
-3.469470e+00 1.014749e+01
1.084060e+01 7.023345e+00
-1.950414e-01 1.222069e+00
4.026794e+00 2.478750e+00
-7.368280e+00 -8.727401e-01
-8.856780e-01 -7.237024e+00
-4.700336e+00 -4.761028e+00
8.331567e+00 4.829457e+00
9.202658e+00 5.044248e-01
-1.405840e+00 -2.060563e+00
1.030573e+01 -4.883343e+00
5.113167e+00 8.677662e+00
-7.405191e+00 3.225376e+00
-3.715657e+00 4.284227e+00
1.327635e+00 -9.274169e+00
-8.495595e-01 1.038968e+01
7.456372e+00 6.898116e+00
3.872230e+00 8.756057e+00
-7.711284e+00 -5.239443e+00
8.706362e+00 2.833318e+00
1.978559e+00 -1.077756e+01
2.441874e-01 -9.340057e+00
-1.040681e-01 -2.539255e+00
-2.564318e+00 9.686492e+00
4.356126e+00 1.311309e+00
-3.961591e+00 -1.114327e+01
-4.283732e+00 6.070239e+00
2.030663e+00 7.914273e+00
1.082903e+01 5.834206e+00
-3.036050e+00 -7.337556e+00
-5.204901e+00 -7.117247e+00
-6.472327e+00 7.552046e+00
-2.575347e+00 2.497695e+00
-1.019797e+01 -2.396893e+00
-2.943908e+00 -6.163153e+00
4.437723e+00 7.704111e+00
-6.359106e+00 3.681201e+00
-5.366316e+00 -2.175376e+00
-9.793275e+00 1.026106e+01
-3.469379e-01 2.309698e+00
9.141534e-01 9.680849e-01
-2.933925e+00 3.528485e+00
3.094627e+00 -5.625972e+00
7.550834e+00 -2.054873e+00
6.289358e-01 -6.426786e+00
6.254283e+00 -5.377468e+00
4.853520e+00 -4.282252e+00
-4.045292e+00 2.610167e+00
9.313345e+00 1.762765e+00
3.545074e+00 -3.563674e+00
-4.841603e+00 -8.255647e+00
4.809717e+00 1.070403e+01
-1.033938e+01 -1.128952e+00
2.182082e+00 -2.301500e+00
-2.207818e+00 -2.920836e+00
-2.908411e+00 -1.077162e+01
1.455536e+00 6.828425e+00
1.806045e+00 -1.195248e+00
5.727455e+00 -1.280394e+00
7.458970e+00 -5.535429e+00
-9.399109e+00 4.533161e+00
2.522467e+00 1.070673e+01
6.559921e+00 8.795939e+00
3.252298e+00 -2.556149e+00
-6.121367e+00 1.083387e+01
-7.785398e+00 5.249135e+00
-5.516753e+00 3.094058e+00
-8.212574e-01 2.043667e-01
-5.671830e+00 1.052051e+00
-1.810954e+00 -3.947441e+00
-8.957504e+00 8.256058e+00
-2.991097e+00 -4.100193e+00
2.791396e+00 -8.593073e+00
-9.163351e+00 -1.920444e+00
1.022877e+01 -8.476059e-02
-1.831279e+00 7.466630e+00
-2.174281e+00 4.501391e+00
3.236518e+00 3.514516e+00
1.007456e+01 3.729595e+00
7.193869e+00 -8.763449e+00
-1.960634e+00 1.055986e+01
1.248420e+00 -1.847322e-01
-2.522814e+00 -8.889641e+00
-1.334843e-01 4.858381e+00
-5.885010e+00 -9.010678e+00
-1.195460e+00 4.640810e+00
6.095715e+00 -9.582132e+00
-4.401222e+00 -4.014724e-02
5.191564e+00 2.317812e+00
6.088535e+00 -8.491120e+00
-8.373233e+00 4.259918e+00
2.104359e+00 3.523716e+00
8.636912e+00 -5.700336e+00
-3.100657e+00 4.823406e-01
-1.870135e+00 -6.065405e+00
3.285316e+00 -9.650551e+00
5.767396e+00 -6.395797e+00
5.055801e-01 -3.430860e+00
-6.911379e-01 7.582227e+00
-1.089181e+00 -3.203737e+00
9.664430e+00 -7.357229e+00
7.871656e+00 3.676208e+00
5.672329e+00 -3.246610e+00
-5.258185e+00 -5.989488e+00
8.815298e+00 -1.017783e+01
-6.192750e+00 -2.711783e+00
-3.361998e+00 -9.764799e+00
6.675401e+00 7.567391e+00
-4.402452e+00 1.006378e+00
9.076006e+00 1.078748e+01
5.224081e+00 -2.238379e+00
9.558728e+00 -6.175355e+00
1.727706e+00 -3.565686e+00
-4.143513e+00 -7.317930e+00
9.125971e+00 -5.132732e-01
8.899549e-01 -4.806135e+00
-2.236195e+00 -9.910843e+00
3.262177e+00 -6.681992e+00
6.428030e+00 9.849573e+00
7.597519e+00 8.866388e+00
8.451913e-01 7.727787e+00
3.557737e+00 -7.727794e+00
-1.570105e+00 9.525093e+00
6.890330e+00 -6.451316e+00
1.924972e+00 1.095087e+00
3.525023e+00 -4.657243e+00
-4.771485e+00 7.030257e+00
-8.064846e+00 -1.604165e+00
-6.813359e+00 1.126873e+00
-3.303175e+00 -5.520284e-01
4.696334e-01 9.716510e+00
8.178416e+00 1.391129e+00
2.944405e+00 4.776286e-01
-2.177550e+00 -7.837266e+00
-3.536529e+00 -1.670546e+00
7.974974e+00 1.046336e+01
-1.040270e+01 5.467114e+00
-1.517719e+00 -8.630610e+00
-1.115495e+01 9.688032e-01
9.841050e+00 6.512802e+00
-5.281936e+00 -3.339530e+00
-4.115952e+00 8.214859e+00
-7.851177e+00 1.273751e+00
-7.098108e+00 1.031932e+01
7.874393e+00 -6.866651e+00
7.027279e+00 6.531308e-01
-3.942539e-01 -8.532817e+00
-3.605728e+00 -4.979522e+00
9.023928e+00 3.945967e+00
-1.042014e+01 -9.502903e+00
1.048010e+01 -3.873505e+00
-1.032795e+01 6.598647e+00
-1.866484e+00 2.768028e-01
-7.860542e+00 -9.246507e+00
1.158570e+00 -2.240398e+00
-1.050607e+01 4.382785e+00
-5.478244e+00 4.273039e+00
5.526734e+00 7.787000e+00
-7.128336e+00 9.159389e+00
-9.578010e+00 -1.042100e+01
-6.769184e+00 -8.430260e+00
-6.100713e-01 9.282922e+00
1.009823e+01 8.914032e-01
-8.441245e+00 -7.152658e+00
-3.188414e+00 5.284881e+00
6.059504e+00 -7.454049e+00
-7.926147e+00 1.106807e+01
9.455405e+00 9.856274e+00
5.442891e+00 -2.233872e-01
3.112022e+00 5.769455e+00
5.263298e+00 6.763755e+00
9.781231e+00 2.694948e+00
2.553305e+00 8.965308e+00
4.283065e+00 -8.801262e+00
-3.716098e+00 7.119046e+00
2.364292e+00 -3.492689e-01
5.647499e+00 -1.051965e+01
1.102040e+01 -2.098168e+00
4.209101e+00 2.379276e-01
-4.200309e+00 -9.153824e+00
-2.303017e+00 8.601340e+00
-7.358904e+00 6.963567e+00
-5.449798e+00 7.843882e+00
1.563752e-01 8.616529e+00
-9.673650e+00 -4.481823e+00
5.208837e+00 7.335582e-01
-1.290039e+00 8.438594e+00
-1.045932e+01 -1.110689e+01
-8.533451e+00 -1.019167e+01
1.017895e+01 1.065494e+01
4.579391e+00 4.323925e+00
1.174130e+00 8.833179e+00
-7.140841e+00 -3.273104e+00
6.632694e-01 5.665602e+00
5.888418e+00 -4.240114e+00
-5.933561e+00 9.735930e+00
-6.146168e+00 8.681424e+00
5.840518e+00 1.070233e+01
7.639080e+00 7.846791e+00
-1.031114e+01 -8.471777e+00
8.484748e+00 9.528488e+00
3.434393e+00 4.674627e+00
9.609706e+00 8.744949e+00
1.154962e+00 1.083657e+01
8.628123e+00 7.123307e+00
1.649026e+00 9.748504e+00
-9.476379e+00 -5.815582e+00
-9.282370e+00 -8.050953e+00
-7.468009e+00 2.181680e-01
-1.044716e+01 -6.345625e+00
-7.440191e+00 -1.032102e+01
8.655549e+00 -7.560418e+00
8.101260e+00 2.965763e-01
4.654299e+00 -9.183148e-01
1.089058e+01 -5.915247e+00
-1.088217e+01 8.741115e+00
6.268906e+00 6.492541e+00
-5.231342e+00 2.034296e+00
-2.979644e+00 7.847803e+00
1.130867e+00 3.414426e+00
-7.296628e+00 -7.432426e+00
1.115957e+01 3.207785e+00
-3.012967e-01 -4.389362e+00
1.730464e+00 -8.221223e+00
7.220737e+00 4.573311e+00
9.649461e-01 -1.051228e+01
-1.912467e+00 3.291366e+00
3.303178e+00 -1.084065e+01
-9.299631e+00 6.346447e+00
1.231950e-01 -1.976255e-01
1.076984e+01 -7.055478e+00
-2.599111e+00 -1.950470e+00
-6.209174e+00 -3.824092e+00
9.246166e-01 4.513804e+00
7.109962e+00 -4.350132e+00
1.053360e+01 2.004786e+00
4.857346e+00 -7.007454e+00
2.124463e+00 -6.442228e+00
-8.409151e+00 -6.109153e+00
-8.900496e+00 3.132070e+00
4.252185e+00 -1.835591e+00
-8.534496e+00 1.715717e-01
-6.362285e+00 4.907614e+00
