1.084996e+01 -9.368800e+00
-7.727045e+00 7.764293e+00
-6.047889e+00 1.014945e+01
-7.760951e+00 -1.300975e-02
-1.004650e+01 2.610755e+00
1.073872e+01 -5.122904e+00
8.096630e+00 -3.708574e+00
-5.703075e+00 4.371524e+00
8.387350e+00 -5.357980e+00
7.093382e+00 -3.515788e+00
-4.883522e+00 9.649531e+00
-9.036783e+00 4.622817e+00
1.036260e+01 5.761356e-01
7.853740e+00 -1.373856e+00
-2.419735e+00 4.539074e+00
7.382061e+00 2.646699e+00
9.228176e+00 1.384199e+00
-8.744504e+00 1.116948e+01
-6.499123e+00 -5.991295e+00
-5.393391e+00 -5.507059e+00
1.030095e+01 -8.310004e+00
8.409330e+00 -6.449540e+00
2.866595e+00 -8.251314e+00
3.045705e+00 -4.117646e+00
7.163504e+00 5.126119e-01
-7.910342e+00 6.555103e+00
-3.506721e+00 2.214887e+00
4.102890e+00 -1.097339e+01
4.970184e+00 -5.068011e-01
-8.648368e+00 5.766740e+00
-6.268219e-01 5.866083e+00
1.848820e+00 -3.839135e+00
-8.961192e+00 2.729869e+00
-9.612291e+00 6.568184e+00
-1.453917e+00 4.864224e+00
-1.025521e+01 -1.117039e+01
1.046859e+01 -7.139028e+00
-6.860727e+00 -7.510214e+00
-1.094352e+01 -5.991823e+00
-2.650059e+00 6.746735e+00
-9.820512e+00 -6.767339e+00
9.271439e+00 -3.356782e+00
-7.574526e+00 -6.440382e+00
-8.719195e+00 9.488770e+00
-1.084550e+01 -7.342797e+00
-9.653219e+00 5.514695e+00
-9.954875e+00 8.738500e-01
-1.005702e+01 -1.413624e+00
5.319515e+00 -2.971192e+00
-5.332039e+00 1.991131e+00
7.131612e+00 -2.310799e+00
-1.210039e+00 1.492042e+00
6.048574e+00 -2.395521e-01
-8.014192e+00 4.961965e+00
8.117915e+00 4.973394e-03
-6.205534e+00 1.181297e+00
1.700126e+00 4.542881e+00
-7.944102e+00 -9.831504e-01
-4.394087e+00 3.933113e+00
-2.206534e+00 7.949985e+00
7.694447e+00 9.492603e+00
9.542741e+00 8.591827e+00
-9.682551e+00 8.982095e+00
-5.556759e+00 -6.965500e+00
-7.491057e+00 2.827219e+00
7.204863e+00 -8.229049e+00
6.454105e+00 -7.341251e+00
-9.133601e+00 -9.346342e-01
9.434833e+00 -6.803907e+00
5.208013e+00 -4.642047e+00
3.432638e-01 6.248202e+00
6.291648e+00 -1.620212e+00
-2.385170e-01 3.479458e+00
1.655316e+00 5.747915e+00
-5.099905e+00 8.470592e+00
7.414836e+00 6.383054e+00
-9.056369e+00 -2.018347e+00
-6.720482e+00 8.202971e+00
6.189057e+00 -5.166976e+00
-7.720198e+00 -8.361482e+00
6.110634e+00 1.117879e+01
-9.625510e+00 -5.796666e+00
2.568389e+00 8.714636e+00
5.029929e+00 -9.145148e+00
8.204125e+00 -1.046444e+01
5.054519e+00 -1.886277e+00
-8.742069e+00 -2.962522e+00
7.890675e-01 5.179612e+00
3.950272e+00 -8.687841e+00
6.704275e-01 -4.686222e+00
1.080239e+01 -3.097644e+00
2.589372e-01 -1.651376e-01
-3.042979e+00 5.364543e-01
5.510072e+00 2.839795e+00
1.078193e+01 4.123488e+00
-6.074624e-01 -3.008278e+00
8.301133e+00 3.365289e+00
-5.170711e+00 7.353019e-01
-4.987263e+00 5.456235e+00
7.178648e+00 -6.207558e+00
-1.094126e+01 1.972202e-01
5.302624e+00 8.416754e+00
-8.749234e+00 -6.566153e+00
1.036059e+01 -6.084531e+00
-4.361575e+00 -9.614601e+00
1.047292e+01 -1.027466e+01
-3.413846e+00 -4.207235e+00
9.413317e+00 2.617571e+00
-6.560834e+00 4.175798e-02
-8.600314e+00 -5.488321e+00
-1.113098e+01 -8.967859e-01
-3.575184e+00 -5.137605e-01
1.208555e+00 -7.680344e-01
1.930008e+00 2.263968e+00
-1.088513e+01 7.654347e+00
-1.099273e+01 9.743491e+00
-4.809132e+00 6.539294e+00
-6.596225e+00 -4.730508e+00
-7.709263e+00 3.886203e+00
-7.354860e+00 -9.460417e+00
3.362437e-02 8.271831e+00
-2.810481e+00 5.634781e+00
-4.765357e-01 -9.856256e+00
-9.989400e+00 -7.943512e+00
2.538956e+00 -7.036320e+00
-9.980514e+00 -2.132111e-01
-6.863835e+00 -2.173528e+00
-5.967813e+00 -1.110210e+01
-3.595473e+00 3.234207e+00
-6.414476e+00 2.598751e+00
3.398812e+00 -6.296684e+00
-5.177731e+00 -3.007989e+00
-8.162440e+00 2.011981e+00
-1.066438e+01 3.517129e+00
-3.307046e+00 -9.979524e+00
3.707882e+00 9.066648e+00
8.750883e-01 -2.493331e+00
3.652139e+00 4.495917e+00
-1.185565e+00 8.168582e+00
2.137695e+00 7.034068e+00
-6.096521e+00 5.515307e+00
-2.799738e+00 1.008147e+01
-8.994112e+00 -7.716400e+00
-7.906617e+00 -7.363601e+00
-1.112477e+01 -4.107400e+00
-3.712607e+00 6.258036e+00
-4.836507e+00 -2.745731e-01
-3.251389e+00 -5.614733e+00
1.036463e+00 1.574266e+00
-8.030259e+00 -2.068209e+00
2.095000e+00 -1.751890e-01
-4.533589e+00 2.830995e+00
-6.097039e+00 6.573891e+00
-4.081984e+00 -7.177712e+00
3.811187e+00 3.242528e+00
4.221334e+00 2.206249e+00
-7.488271e+00 -5.373692e+00
-6.942768e+00 9.575030e+00
7.686386e+00 4.200449e+00
-2.047063e+00 -2.610853e+00
-1.796697e+00 5.873368e+00
-3.851685e+00 5.289499e+00
-4.338459e-03 -6.346889e+00
-6.864406e+00 -1.016311e+00
1.002595e+01 -2.421164e+00
5.891718e-01 2.872975e+00
2.201161e+00 1.224350e+00
-1.043338e+01 -4.896634e+00
-2.561738e+00 3.447244e+00
-1.332344e+00 3.519181e+00
-2.869855e+00 8.910392e+00
2.858033e+00 -1.061120e+01
-3.140370e+00 -7.862710e+00
3.213572e+00 1.911228e+00
-9.612950e+00 3.606147e+00
-2.596396e+00 -6.877059e-01
4.567976e+00 4.877243e+00
-1.324166e+00 -1.048289e+01
6.878946e+00 -1.043613e+01
-1.573742e+00 -3.332006e-01
-3.088133e+00 1.117125e+01
-2.464923e-01 4.851037e+00
-4.954734e+00 -1.420586e+00
-4.511234e+00 7.544183e+00
8.295873e+00 1.039354e+01
4.419924e+00 6.514642e+00
-3.074611e+00 -6.746590e+00
-7.736351e+00 -3.186170e+00
-1.184902e+00 -8.197810e+00
-7.325880e+00 9.769339e-01
9.029311e+00 -1.879944e+00
-4.315654e+00 -2.280173e+00
-9.281663e-01 2.484263e+00
-1.995800e+00 2.551036e+00
2.096298e+00 -1.304948e+00
1.097127e+01 -1.117283e+01
-1.015247e+00 -2.058792e+00
2.855350e+00 9.764665e+00
2.934362e+00 6.291209e+00
6.142239e+00 -8.369917e+00
1.748288e+00 -7.809898e+00
5.751048e+00 9.694276e+00
1.070297e+01 6.960431e+00
1.007778e+01 -4.198979e+00
-3.675300e+00 8.221771e+00
8.383178e+00 2.214876e+00
6.652148e-01 -8.202932e+00
-4.215966e+00 -6.138179e+00
4.299759e+00 8.135902e+00
-1.135116e+00 -4.709376e+00
2.644736e+00 5.101701e+00
-4.402941e+00 -3.877795e+00
-3.399254e+00 -8.926903e+00
-2.649999e+00 1.660573e+00
1.443372e+00 -8.859808e+00
4.171774e+00 -1.198356e+00
6.850263e+00 4.922779e+00
7.625044e-01 4.043576e+00
1.839555e+00 -1.097140e+01
3.968653e+00 -3.040830e-02
2.877142e+00 1.075945e+01
-8.619615e+00 -1.005325e+01
-2.089744e+00 1.095278e+01
-7.850040e+00 8.894538e+00
3.085774e+00 -2.019605e+00
-1.820648e+00 -1.541868e+00
1.147665e+00 -6.149776e+00
-3.144220e+00 -1.834265e+00
-8.779125e+00 4.213267e-01
2.550249e+00 3.927809e+00
5.234409e+00 1.637141e+00
1.583616e+00 3.321882e+00
-4.075824e+00 -1.079523e+01
-3.402535e+00 4.276131e+00
-8.601124e-01 5.066452e-01
9.791628e+00 3.642929e+00
1.062544e+01 2.754172e+00
5.064693e+00 1.076041e+01
-2.741698e-01 -4.126207e+00
-4.276196e+00 -8.321938e+00
-4.949470e+00 1.076066e+01
-2.250408e+00 -8.570181e+00
-3.859288e+00 9.431759e+00
1.050029e+01 8.114238e+00
-6.579418e+00 -3.204895e+00
1.889962e-01 8.739391e-01
8.725776e+00 7.527681e+00
-3.928476e+00 1.045428e+01
-4.331698e+00 1.643673e+00
5.344737e+00 -7.170994e+00
-2.083662e+00 -6.275896e+00
-2.426679e+00 -4.021885e+00
6.723379e+00 1.019235e+01
3.048973e+00 6.498708e-01
-1.329059e+00 1.025105e+01
-3.735976e-02 1.878510e+00
8.686490e-01 -7.101833e+00
9.204356e+00 1.082649e+01
9.367463e+00 9.625190e+00
1.916236e+00 -9.861867e+00
9.438934e+00 1.653726e-01
8.253674e+00 -8.586094e+00
-5.854374e+00 -7.608367e-01
-5.424144e+00 -9.448464e+00
-1.084137e+01 1.629795e+00
-1.241173e-01 -5.286942e+00
6.104341e+00 -6.384369e+00
3.597388e+00 -7.338454e+00
9.085700e+00 -8.155589e-01
-2.946951e-01 -8.725885e+00
-5.856461e+00 -1.938111e+00
6.607321e+00 3.426678e+00
8.277137e+00 -2.625806e+00
4.065836e+00 -2.208174e+00
5.435641e+00 6.327198e+00
5.709236e+00 5.337207e+00
3.470238e+00 7.204133e+00
3.927769e+00 1.028162e+01
7.608428e+00 8.425265e+00
6.528420e+00 5.996224e+00
6.706816e+00 9.067777e+00
2.073467e+00 -2.426436e+00
4.711007e+00 9.420425e+00
1.044817e+00 1.071629e+01
-1.022610e+01 4.517699e+00
-5.176651e+00 -1.041371e+01
-1.304079e+00 -6.995782e+00
5.885894e+00 -9.958381e+00
4.100788e+00 -4.307359e+00
-9.836675e-01 -5.994048e+00
-2.334195e+00 -5.243459e+00
-1.410350e+00 -3.707386e+00
6.190313e+00 7.035216e+00
4.843112e+00 3.720899e+00
-2.279326e+00 -9.619581e+00
-1.917773e+00 7.193142e-01
-8.840907e+00 7.228062e+00
6.376932e+00 1.195096e+00
5.772737e-03 1.025727e+01
-6.822667e+00 4.753832e+00
-1.080186e+01 -1.027986e+01
9.451080e+00 -1.046722e+01
7.356989e+00 1.553660e+00
2.295580e+00 -4.862489e+00
8.554189e-01 -3.548283e+00
3.999404e+00 1.133038e+00
-1.101329e+01 -8.435487e+00
3.414856e+00 -5.107355e+00
1.029721e+01 5.886586e+00
-4.129603e+00 4.843791e-01
-8.486755e+00 -4.022367e+00
-1.299397e+00 -9.319639e+00
-7.909758e+00 1.017512e+01
-7.069824e+00 5.893523e+00
3.872560e+00 5.590320e+00
-1.093083e+01 8.734121e+00
-5.748316e+00 -4.189408e+00
-7.485384e+00 -1.049166e+01
5.129011e+00 7.327320e+00
8.004363e+00 5.305121e+00
1.019244e+01 1.029870e+01
-6.348846e+00 -1.002157e+01
-1.040669e+01 -9.235136e+00
1.045849e+01 9.234465e+00
8.709684e+00 -9.468295e+00
7.603614e+00 -9.581222e+00
-4.538163e-01 6.952505e+00
7.264878e+00 7.404492e+00
8.913067e+00 4.356979e+00
-1.699229e+00 6.967609e+00
8.496525e+00 6.284699e+00
-6.624460e+00 -8.677523e+00
-1.859578e+00 9.031342e+00
2.781937e+00 2.897799e+00
7.076178e+00 -5.832414e-01
3.649189e+00 -9.726371e+00
-2.220397e+00 -7.375808e+00
1.586388e+00 8.214638e+00
-5.958883e+00 9.177422e+00
1.007076e+00 -1.023712e+01
6.622711e+00 -9.247861e+00
-9.299200e+00 -4.733733e+00
4.206128e+00 -3.315968e+00
2.779440e-01 -1.094398e+01
-9.246207e+00 -8.902382e+00
-1.016274e+01 -2.783324e+00
-9.834286e+00 7.537157e+00
4.500987e+00 -6.574763e+00
3.981069e-01 -1.421665e+00
-1.115642e+01 -2.022120e+00
-5.710984e-01 -7.094430e-01
7.406748e+00 -4.579939e+00
-4.330675e+00 -5.020309e+00
4.373383e-01 9.286463e+00
6.385741e+00 2.247250e+00
9.498347e+00 6.803926e+00
-7.535413e+00 -4.327105e+00
9.135252e+00 5.371017e+00
5.294395e-01 7.392398e+00
-8.587746e+00 8.262741e+00
7.228684e+00 1.101444e+01
7.601788e+00 -7.170572e+00
8.504324e+00 8.879445e+00
-9.688265e+00 -1.030537e+01
6.088261e+00 -3.899312e+00
-9.247251e+00 1.722163e+00
1.010392e+01 -6.378322e-01
-3.076065e+00 -2.969864e+00
4.828492e+00 -1.024227e+01
1.078843e+00 4.140617e-01
3.056943e+00 -8.536503e-01
5.161898e+00 -5.685202e+00
-1.114059e+01 5.260450e+00
5.068103e+00 6.358220e-01
1.034373e+01 1.589027e+00
-7.010208e-01 1.107370e+01
2.871936e+00 -3.028214e+00
8.265404e+00 1.065654e+00
-5.754018e+00 7.743524e+00
2.713124e+00 -9.355294e+00
9.809109e+00 -9.266698e+00
-1.065755e+01 6.544499e+00
1.722949e+00 9.505352e+00
-7.076082e-01 9.179113e+00
6.265446e+00 8.126489e+00
9.947714e+00 4.703750e+00
-6.987663e+00 7.093034e+00
4.926657e+00 -8.129371e+00
-3.098378e-01 -7.510086e+00
9.488386e+00 -5.494725e+00
2.257218e+00 -5.968612e+00
9.047159e+00 -4.468012e+00
-6.668411e+00 3.765605e+00
5.851627e+00 4.287449e+00
5.170581e-01 -9.385716e+00
-5.660816e+00 -7.921950e+00
-5.619668e+00 3.266982e+00
-9.981577e+00 -3.868015e+00
-9.427609e+00 1.028831e+01
-7.223929e+00 1.087482e+01
