9.243484e+00 -1.001033e+01
-1.000442e+01 7.768904e+00
-7.590709e+00 9.860085e+00
-4.824537e+00 -4.566756e-01
-9.729672e+00 1.243172e+00
-9.882219e+00 -6.205865e+00
4.958989e+00 -4.006125e+00
-7.349333e-01 4.556148e+00
5.396350e+00 -5.158918e+00
5.442657e+00 -2.575173e+00
-7.257439e+00 8.214088e+00
-1.086413e+01 5.234749e+00
-7.760848e+00 4.535584e-01
4.738476e+00 -6.785475e-01
-8.645659e-01 5.624147e+00
7.358729e+00 2.401025e+00
1.036592e+01 -1.600047e+00
-9.247107e+00 1.047861e+01
-6.659833e+00 -6.388742e+00
-8.151053e+00 -8.578501e+00
8.208692e+00 -1.108705e+01
8.239422e+00 -5.497306e+00
2.741731e+00 -6.087636e+00
1.966921e+00 -3.825954e+00
7.280692e+00 -2.401231e+00
-1.039740e+01 6.406802e+00
-3.216806e+00 2.098174e+00
2.819776e+00 9.454288e+00
5.504944e+00 5.195708e-02
-9.097752e+00 4.613804e+00
1.785241e-01 8.417124e+00
4.255290e+00 2.772261e+00
-9.596460e+00 3.509351e+00
-1.018040e+01 4.433966e+00
-6.647402e-01 7.857767e+00
-1.055701e+01 -8.269449e+00
1.116787e+01 -6.234248e+00
-7.647983e+00 -9.556580e+00
9.316444e+00 -5.245835e+00
-5.069110e+00 3.421595e+00
1.070562e+01 -7.385316e+00
6.292611e+00 -2.093024e+00
-8.240798e+00 1.068098e+01
-8.634808e+00 5.667096e+00
1.035830e+01 -5.431800e+00
-1.101184e+01 7.254725e+00
-7.324540e+00 -2.617480e+00
-9.795183e+00 -2.052039e+00
3.706982e+00 -4.177517e+00
-7.111218e+00 1.219518e+00
4.532639e+00 3.976394e-01
-1.710703e+00 4.158488e+00
7.063551e+00 -1.322391e+00
-6.975068e+00 4.372029e+00
9.087793e+00 -2.693452e+00
-5.981110e+00 1.553737e+00
1.183751e+00 6.438678e+00
-8.015042e+00 -4.004071e+00
-5.216802e+00 2.449391e+00
-2.417143e+00 9.537001e+00
7.004127e+00 1.071193e+01
9.644410e+00 1.045699e+01
1.112993e+01 1.055772e+01
-5.760616e+00 -8.230178e+00
-9.159818e+00 2.252950e+00
7.543812e+00 -8.419755e+00
7.868131e+00 -6.747423e+00
-7.690099e+00 -1.374404e+00
1.063270e+01 -8.530136e+00
3.279916e+00 -5.258205e+00
-9.027053e-01 6.715717e+00
5.700068e+00 -1.229761e+00
3.753847e-01 7.393666e+00
2.366847e+00 5.110291e+00
-5.320157e+00 9.267336e+00
1.022869e+01 5.651341e+00
-8.316533e+00 -2.188023e+00
-4.935079e+00 5.617393e+00
5.271671e+00 -6.300778e+00
-1.053512e+01 -7.018890e+00
4.802842e+00 1.114805e+01
1.091462e+01 -4.340674e+00
3.235768e+00 5.620566e+00
2.349624e+00 -7.120130e+00
7.997200e+00 1.018640e+01
4.356189e+00 1.740601e+00
-1.056783e+01 -5.343346e+00
-1.775039e+00 5.211603e+00
1.627659e+00 -8.215029e+00
9.883844e-01 -2.753962e+00
-8.936569e+00 -1.428446e+00
-2.640169e-01 3.449352e-01
-2.781053e+00 1.076078e+00
7.599524e+00 9.798002e-01
1.066452e+01 3.197205e+00
1.897071e+00 -9.646433e-01
8.514236e+00 2.678661e+00
-3.183637e+00 3.175456e+00
-4.194977e+00 1.718059e+00
-1.100823e+01 -9.287003e+00
-6.479868e+00 3.305983e-01
5.331367e+00 9.067691e+00
-9.591757e+00 -5.169676e+00
8.761647e+00 -4.368692e+00
-4.674041e+00 -7.948932e+00
-9.220376e+00 -1.064649e+01
-2.698177e+00 -5.980434e+00
-1.078356e+01 1.228790e+00
-6.628013e+00 -1.322710e+00
-7.801784e+00 -6.338524e+00
1.073912e+01 -5.406117e-01
-4.302065e+00 6.971995e-01
1.363900e+00 3.201265e+00
2.206857e+00 3.987524e+00
-9.456178e+00 8.655875e+00
-8.378115e+00 8.380905e+00
-4.875866e+00 4.474277e+00
-4.777801e+00 -4.788664e+00
-8.530957e+00 3.126964e+00
-9.294201e+00 -8.593487e+00
1.662959e+00 7.555054e+00
-2.921507e+00 7.953227e+00
-1.400172e+00 -9.999937e+00
-6.949783e+00 -1.027787e+01
1.221599e+00 -4.799255e+00
-9.627464e+00 -6.277430e-01
-6.332451e+00 -4.613590e+00
-6.570425e+00 9.544533e+00
1.823281e-01 3.589467e+00
-6.600281e+00 2.618486e+00
4.018780e+00 -6.154387e+00
-3.573061e+00 -5.515959e+00
-8.218772e+00 1.461317e+00
-1.040618e+01 2.655029e-01
-4.041390e+00 -9.054016e+00
5.248439e+00 5.722199e+00
2.742855e+00 -1.752617e+00
5.766596e+00 4.747009e+00
2.000702e+00 8.615278e+00
2.633994e+00 7.012046e+00
-3.924713e+00 4.009362e+00
-4.568564e+00 -9.974937e+00
-9.944304e+00 9.813752e+00
-8.725601e+00 9.428647e+00
1.035919e+01 -2.644694e+00
-2.811932e+00 5.781869e+00
-3.836721e+00 -1.548222e+00
-5.878066e+00 -5.725390e+00
1.361220e+00 5.314774e+00
-9.857935e+00 -3.120764e+00
7.696704e-01 -7.192113e-01
-7.479177e+00 3.342415e+00
-5.833921e+00 4.574121e+00
-3.633348e+00 -7.917730e+00
5.363341e+00 2.475789e+00
6.538174e+00 3.078914e+00
-7.780810e+00 -7.573071e+00
-5.872579e+00 -9.675521e+00
9.438843e+00 2.167943e+00
-1.053822e+00 -1.610382e+00
-1.980452e+00 7.292204e+00
-2.728558e+00 4.023246e+00
5.665376e-01 -5.937401e+00
-6.593652e+00 -3.544628e+00
8.165633e+00 -3.422493e+00
-8.231249e-01 2.445271e+00
3.797753e-01 2.522483e+00
-1.108968e+01 -3.215990e+00
-8.291057e-01 3.498248e+00
-1.826559e+00 6.188928e+00
-8.266163e-01 8.898502e+00
2.805795e+00 -9.235532e+00
-3.050043e+00 -8.728150e+00
6.670773e+00 4.313923e+00
-1.041444e+01 2.257428e+00
-3.858722e+00 -3.193470e-01
5.658868e+00 3.642499e+00
-7.260100e-01 -1.086375e+01
6.927381e+00 9.630010e+00
-2.511865e+00 -1.051567e-01
-3.466438e+00 1.012519e+01
-3.952445e+00 7.401860e+00
-2.809864e+00 -1.964091e+00
-4.634950e+00 6.629333e+00
7.002631e+00 -1.049941e+01
9.282051e+00 6.214202e+00
-2.603172e+00 -4.583194e+00
-5.429499e+00 -3.543606e+00
-3.552694e+00 -1.005027e+01
-8.883677e+00 2.939981e-01
4.683550e+00 -1.738984e+00
-4.388336e+00 -3.692548e+00
2.110453e-01 5.089226e+00
-4.223256e+00 2.735005e+00
2.327454e-01 -1.652523e+00
-9.727726e+00 -7.585387e+00
-1.392893e+00 -1.618461e-01
4.791847e+00 9.973976e+00
2.120514e+00 6.078735e+00
5.118984e+00 -8.166530e+00
1.712440e+00 -6.182790e+00
3.827990e+00 -1.088382e+01
1.091876e+01 9.285488e+00
6.650464e+00 -4.932790e+00
-3.921691e+00 5.754747e+00
1.077245e+01 5.082087e-01
2.046193e-01 -7.006778e+00
-4.264702e+00 -6.978320e+00
4.459737e+00 8.394249e+00
-1.869780e-01 -3.704119e+00
2.286174e+00 2.530954e+00
-4.834091e+00 -6.104056e+00
-2.512223e+00 -9.761769e+00
-1.832429e+00 1.986129e+00
1.596123e+00 -9.232263e+00
3.515994e+00 1.048120e+00
8.667262e+00 4.064216e+00
-3.013184e+00 6.877498e+00
6.312951e-01 1.032989e+01
3.258965e+00 3.134884e+00
2.421918e+00 -1.023069e+01
-8.831532e+00 -6.059515e+00
-1.347960e+00 9.928165e+00
-6.583722e+00 7.358525e+00
1.242119e+00 2.895554e-01
-2.014074e+00 -1.047105e+00
-4.904884e-01 -5.810786e+00
-3.659080e+00 -2.709515e+00
-6.304993e+00 -2.402383e+00
4.396690e+00 5.083264e+00
6.917588e+00 -3.080092e-01
3.342970e+00 2.152888e+00
-5.181345e+00 7.511209e+00
-3.343628e+00 4.863699e+00
-3.155610e-01 1.542966e+00
1.088750e+01 2.069542e+00
9.583647e+00 3.361937e+00
4.290518e+00 -8.978473e+00
-8.993377e-01 -4.741695e+00
-3.196080e+00 -6.976403e+00
-4.511644e+00 1.010776e+01
-3.538660e+00 -1.109082e+01
-4.577332e+00 8.488045e+00
9.749795e+00 9.291681e+00
-4.785059e+00 -2.199844e+00
9.212041e-01 4.357867e+00
7.257611e+00 8.143718e+00
-5.789558e+00 6.361467e+00
-1.808801e+00 3.040320e+00
6.334197e+00 -8.304345e+00
-2.426819e+00 -7.654060e+00
-1.273618e+00 -2.755011e+00
3.698701e+00 -9.878188e+00
3.227650e+00 4.263576e+00
-9.224804e-02 -1.004250e+01
7.668862e-02 6.272058e+00
-1.400708e+00 -8.017220e+00
9.676000e+00 -1.089837e+01
7.319280e+00 6.927389e+00
2.605729e+00 -8.198997e+00
-1.103386e+01 -2.196097e+00
9.668451e+00 -9.010673e+00
-5.929908e+00 -4.511352e-01
-5.091994e+00 -9.009203e+00
1.011460e+01 1.351509e+00
-1.592593e+00 -5.579425e+00
6.707296e+00 -7.331686e+00
3.369627e+00 -7.053469e+00
6.035641e+00 -3.991670e+00
2.259340e-01 -8.019239e+00
-5.468883e+00 -1.386082e+00
5.426614e+00 1.400505e+00
3.621113e+00 -1.206647e+00
2.987158e+00 -3.228502e+00
6.325816e+00 7.419314e+00
9.666022e+00 4.318876e+00
6.788636e+00 5.343676e+00
3.782528e+00 1.036490e+01
5.555225e+00 -1.058573e+01
8.281383e+00 7.825471e+00
6.341745e+00 8.779329e+00
2.434008e+00 2.058414e-02
2.761752e+00 1.097932e+01
3.286539e+00 8.423372e+00
-1.058587e+01 3.490494e+00
-6.128252e+00 -1.094037e+01
-8.418784e-01 -7.005452e+00
5.877377e+00 1.071061e+01
4.307863e+00 -3.203168e+00
-1.779093e+00 -3.943107e+00
-2.674548e+00 -3.217374e+00
1.458328e+00 -1.862159e+00
8.338183e+00 6.669811e+00
7.628171e+00 4.654971e+00
-2.624618e+00 1.068785e+01
-1.681679e+00 8.701347e-01
-1.052704e+01 8.777648e+00
8.399880e+00 -9.493874e-01
1.608200e+00 9.591658e+00
-6.125633e+00 3.589068e+00
-8.046124e+00 -1.051776e+01
8.482708e+00 -9.085217e+00
9.683919e+00 -7.342517e-01
9.007674e-01 -3.797609e+00
2.082744e+00 -2.712738e+00
8.876537e+00 5.177292e+00
9.910152e+00 -6.457502e+00
2.175053e+00 -5.131810e+00
1.086793e+01 4.276901e+00
-5.330781e+00 7.724848e-01
-8.688276e+00 -3.118764e+00
-4.185405e-01 -8.900268e+00
-7.328044e+00 6.371884e+00
-7.555062e+00 5.303606e+00
6.142510e+00 6.402878e+00
-9.756870e+00 -9.602211e+00
-7.353412e+00 -5.117915e+00
-7.250730e+00 1.110336e+01
4.855756e+00 7.099508e+00
6.391097e+00 1.961713e+00
-1.052849e+01 -1.027000e+01
-4.957030e+00 -1.103421e+01
1.026597e+01 -9.989529e+00
1.081692e+01 -1.084237e+01
8.242575e+00 -7.644043e+00
6.811498e+00 -9.227255e+00
-1.923918e+00 8.556067e+00
7.886030e+00 5.712578e+00
9.608543e+00 3.026796e-01
-1.576038e+00 1.097507e+01
7.720136e+00 9.003093e+00
-5.601697e+00 -6.878043e+00
-3.479099e+00 8.919305e+00
4.769605e+00 4.049632e+00
8.235286e+00 -1.921142e+00
3.712582e+00 -8.041264e+00
-1.737928e+00 -9.011723e+00
4.172208e+00 6.177984e+00
-6.163238e+00 8.483741e+00
1.147080e+00 -1.017149e+01
5.663383e+00 -9.368181e+00
-9.191827e+00 -4.124981e+00
3.508366e+00 -1.518260e-01
1.735988e+00 1.076280e+01
-8.740902e+00 -9.623529e+00
-1.023661e+01 -4.216228e+00
-1.006306e+01 1.101297e+01
3.746312e+00 -2.332034e+00
-2.613725e-01 -6.450648e-01
-1.058854e+01 -1.277780e+00
-2.224507e-01 -2.567332e+00
7.238204e+00 -5.795339e+00
-6.680936e+00 -7.387237e+00
-3.999686e-01 1.040455e+01
8.529065e+00 1.484789e-01
9.122137e+00 8.369262e+00
-8.445054e+00 -5.088434e+00
8.788057e+00 1.371270e+00
3.658292e+00 7.219213e+00
-8.033475e+00 7.375202e+00
7.791798e+00 -9.909665e+00
9.292822e+00 -7.462107e+00
8.719534e+00 9.355518e+00
-8.810049e+00 -7.114743e+00
4.359408e+00 -5.035745e+00
-7.178148e+00 -4.979562e-01
7.668776e+00 -4.485352e+00
-3.705460e+00 -4.511540e+00
5.695502e+00 -7.224360e+00
1.320012e+00 2.132897e+00
7.295959e-01 1.234178e+00
6.196521e+00 -6.005003e+00
1.026210e+01 8.058176e+00
6.603908e+00 7.661655e-01
-8.228762e+00 -3.918373e-01
4.536496e-01 -1.097611e+01
2.441666e+00 1.165448e+00
9.290132e+00 -1.626927e+00
-9.698992e+00 5.447891e+00
1.320402e+00 -7.130857e+00
4.713124e+00 -1.000011e+01
9.234215e+00 7.211974e+00
3.851441e+00 9.337169e+00
1.812539e-01 9.422570e+00
5.555836e+00 8.043192e+00
1.029314e+01 6.741547e+00
-6.572019e+00 5.628017e+00
4.533433e+00 -7.185692e+00
-1.862458e+00 -6.604642e+00
8.834087e+00 -6.434458e+00
1.906810e-01 -4.812455e+00
6.976090e+00 -3.373022e+00
-7.619185e+00 2.216345e+00
7.616698e+00 3.543021e+00
6.052761e-01 -9.137182e+00
-6.800107e+00 -8.641290e+00
-8.039315e+00 4.264221e+00
1.000796e+01 -3.831679e+00
-9.242840e+00 6.792985e+00
-5.611269e+00 1.032017e+01
