-8.743841e+00 -7.936017e+00
-1.037783e+01 1.014361e+01
-8.919320e+00 -9.266024e+00
-9.791333e+00 -8.100168e+00
-1.047500e+01 -3.429751e+00
-9.312154e+00 -4.779774e+00
8.696064e+00 -4.789040e+00
8.913028e+00 -3.690151e+00
7.883649e+00 -3.119305e+00
8.809917e+00 -2.418816e+00
7.302365e+00 4.399636e+00
9.840282e+00 5.209990e+00
9.997389e+00 2.062920e+00
5.783377e+00 6.667279e+00
1.067276e+01 8.526578e+00
8.612978e+00 5.222002e+00
-9.803608e+00 3.530076e+00
-1.079520e+01 9.057312e+00
9.809604e+00 1.078090e+01
-8.081901e+00 -1.003503e+01
-9.567219e+00 -6.772851e+00
-5.673925e+00 -1.020213e+01
-8.742928e+00 -1.087932e+01
1.109575e+01 -4.298337e+00
-1.048292e+01 -7.294680e+00
-1.091262e+01 -1.253478e+00
9.919109e+00 -4.032245e+00
-1.058248e+01 -2.341373e+00
6.965290e+00 -3.602837e+00
1.015861e+01 3.090675e+00
1.009151e+01 -3.339744e-01
9.460220e+00 -1.260011e+00
8.956786e+00 -4.009339e-01
1.112498e+01 1.985701e+00
-1.059726e+01 4.384224e+00
7.342679e+00 6.857127e+00
1.109815e+01 1.086185e+01
-6.436982e+00 8.523671e+00
-1.005339e+01 -1.116750e+01
1.065949e+01 9.931592e+00
-7.627481e+00 -1.092789e+01
-7.400410e+00 -5.948887e+00
-1.104827e+01 -6.419905e+00
-7.758686e+00 -9.017763e+00
-1.028993e+01 -4.592950e+00
-9.379892e+00 -2.000801e+00
-8.295702e+00 -2.494262e+00
-9.804272e+00 -1.045595e+00
6.378043e+00 -3.982698e-01
-9.853999e+00 7.336040e-02
7.915772e+00 -4.170701e+00
9.819675e+00 7.902582e-01
-1.088975e+01 -1.453188e-01
9.731587e+00 6.537505e+00
1.096003e+01 8.471566e-01
-7.259177e+00 5.233636e+00
-8.754416e+00 6.095750e+00
-6.769438e+00 4.297276e+00
-8.553661e+00 7.154815e+00
-8.997043e+00 8.279086e+00
-6.584646e+00 -8.743921e+00
-3.449903e+00 -1.097473e+01
-8.327027e+00 -5.127019e+00
-8.869399e+00 -5.973461e+00
1.036418e+01 -1.870209e+00
-1.011404e+01 -5.669242e+00
-7.232958e+00 -4.421926e+00
-7.320082e+00 -2.998838e+00
6.791256e+00 -7.012054e+00
-7.478469e+00 -1.576084e+00
-8.516413e+00 -1.406125e+00
-1.054823e+01 2.770838e+00
1.076525e+01 3.881699e+00
1.085203e+01 4.871995e+00
1.073852e+01 5.900916e+00
-9.474025e+00 4.925172e+00
-1.031888e+01 1.440996e+00
-5.866375e+00 7.451269e+00
-7.097846e+00 9.326598e+00
-1.083851e+01 7.761003e+00
-6.069846e+00 9.585874e+00
-6.540556e+00 -1.074973e+01
-5.242921e+00 1.007819e+01
-6.978842e+00 -9.768467e+00
-6.139234e+00 -4.621389e+00
-8.140210e+00 -6.864329e+00
-4.898303e+00 -4.850756e+00
-9.422953e+00 -3.123501e+00
-1.116290e+01 -5.369299e+00
-9.884590e-01 -4.564145e+00
-6.333534e+00 -3.472116e+00
-6.734474e+00 -1.540961e-01
-5.561693e+00 -2.660628e+00
-7.771649e+00 -4.176892e-01
-9.153415e+00 1.349477e+00
-8.911513e+00 4.042347e+00
-7.887848e+00 4.164547e+00
-8.357334e+00 9.251882e+00
-4.960329e+00 6.728607e+00
-5.149614e+00 8.578861e+00
-3.327850e+00 9.607314e+00
-4.022810e+00 1.040357e+01
-4.730842e+00 -1.065782e+01
-5.122088e+00 -8.147225e+00
-5.022894e+00 -5.931012e+00
-4.659467e+00 -3.081917e+00
6.179040e-01 -3.577084e+00
-8.330521e+00 -3.577656e+00
-4.123518e+00 -3.957620e+00
-2.623715e+00 -3.415966e+00
-3.917284e+00 -7.223912e-01
-5.400220e+00 -1.634481e+00
-6.764835e+00 9.159725e-01
-8.056329e+00 8.171886e-01
-7.099124e+00 1.887070e+00
-8.803352e+00 -1.899428e-01
-7.643676e+00 8.351817e+00
-6.511754e+00 1.056669e+01
-7.611994e+00 3.152030e+00
-6.853182e+00 7.475750e+00
-5.691523e+00 5.703154e+00
-5.506218e+00 2.455016e+00
-2.760713e+00 -1.011089e+01
-6.945127e+00 -7.042015e+00
-3.867550e+00 -5.100525e+00
-3.793634e+00 -6.645139e+00
-1.964234e+00 -4.649879e+00
-6.219166e+00 -6.100098e+00
-5.305569e+00 -3.842112e+00
-6.212410e-01 -1.638686e+00
-4.322079e+00 -1.850975e+00
-6.620537e+00 -2.281404e+00
-8.208124e+00 2.015352e+00
-8.874818e+00 2.985673e+00
-5.826584e+00 5.293464e-01
-7.779892e+00 6.222221e+00
-9.960702e+00 8.368160e+00
-6.553966e+00 2.764337e+00
-3.473377e+00 4.360024e+00
-6.723480e+00 6.252478e+00
-2.841558e+00 1.053003e+01
-2.740817e+00 6.322898e+00
-3.881892e+00 -9.882925e+00
-7.422334e+00 -8.002655e+00
-2.787004e+00 -6.697186e+00
-6.139270e+00 -7.819014e+00
-1.900319e+00 -5.932370e+00
-3.566158e+00 -2.703523e+00
-1.604375e+00 -3.649899e+00
-2.718183e+00 -6.494328e-01
4.134338e-01 4.650152e-01
-2.411182e+00 -2.396617e+00
-5.618424e+00 -5.956224e-01
-4.019656e+00 1.386245e+00
-5.742643e+00 4.610947e+00
-3.287849e+00 2.375190e-01
-1.737834e+00 -1.565931e+00
-1.355426e+00 4.495128e+00
-3.791269e+00 8.488092e+00
-4.635996e+00 5.601680e+00
-3.583383e+00 7.011727e+00
-4.468704e+00 9.374738e+00
-2.723802e+00 8.767553e+00
-5.547770e+00 -6.895175e+00
-3.990796e+00 -8.475533e+00
-2.957380e+00 -5.590089e+00
1.297707e+00 -2.729826e+00
-3.003682e+00 -4.487850e+00
4.916794e-01 -1.746056e+00
5.747559e-02 -4.736175e+00
-4.841508e-01 -3.624014e+00
-8.957973e-01 -2.831233e-01
-1.933344e+00 1.282778e-01
-2.932700e+00 1.264314e+00
-4.329297e+00 2.435646e+00
-4.764387e+00 4.396545e+00
-4.920911e+00 3.363931e+00
-1.885980e+00 1.096613e+01
-2.002831e+00 5.403928e+00
-4.630226e+00 2.676346e-01
-2.138019e+00 9.885862e+00
-4.542306e+00 7.764026e+00
-3.099207e+00 -9.059856e+00
-1.857311e+00 -9.250351e+00
-5.146646e+00 -9.140649e+00
-1.591220e+00 -7.515295e+00
-5.142132e-01 -5.639700e+00
-4.599113e+00 -7.279830e+00
-6.469571e-02 -2.652239e+00
-3.324766e+00 -7.685930e+00
-1.367779e+00 -2.658323e+00
2.938764e-01 1.607702e+00
-3.329456e+00 2.383583e+00
-6.527357e+00 -1.170805e+00
2.000716e+00 2.983313e+00
-5.913655e+00 3.543267e+00
-3.514358e+00 5.591609e+00
-2.753650e+00 7.665380e+00
-2.345275e+00 4.309949e+00
-5.597940e+00 1.108952e+01
2.935729e-01 -1.108965e+01
-4.133295e-01 7.702988e+00
-6.496573e-01 -9.602004e+00
-2.410718e+00 -8.203608e+00
1.293939e+00 -9.998412e+00
2.303262e-01 -6.733341e+00
3.464699e-01 -9.456428e+00
1.529621e+00 -5.813531e+00
1.780807e+00 -7.855525e+00
1.799967e-01 -6.072096e-01
3.076486e+00 2.073778e+00
-1.848623e+00 2.368201e+00
-1.399857e+00 3.413234e+00
-3.205548e+00 -1.624548e+00
-3.814741e+00 3.444488e+00
-2.726503e+00 3.329826e+00
-4.444038e-01 5.238486e+00
-1.695737e+00 6.804921e+00
1.680307e+00 8.480420e+00
4.924964e-01 4.625709e+00
-1.297115e+00 9.335736e+00
-1.661598e+00 -1.030775e+01
7.323397e-01 -7.743099e+00
-1.066616e+00 -8.386557e+00
5.386177e-01 -5.705363e+00
-9.171874e-01 -6.616972e+00
2.946833e+00 -5.483794e+00
1.342474e+00 9.179708e-01
1.130733e+00 -4.754646e+00
4.155932e+00 1.868582e+00
-5.038912e+00 1.370785e+00
1.167522e+00 2.300411e+00
-8.491307e-01 2.052980e+00
-2.706045e-01 3.801499e+00
-8.819915e-02 6.682579e+00
1.676712e+00 4.546957e+00
1.048784e+00 3.555381e+00
6.458829e-01 8.786376e+00
5.683015e-01 7.724247e+00
1.754821e+00 7.394411e+00
1.102578e+00 6.613496e+00
5.271286e-01 5.754485e+00
1.391620e+00 9.647493e+00
-1.415692e+00 8.048874e+00
-6.794844e-02 -8.583230e+00
-4.135991e-01 -7.596004e+00
1.446136e+00 -6.818679e+00
2.164384e+00 -4.785074e+00
-7.796181e-01 9.482947e-01
-1.849879e+00 1.343077e+00
4.173192e+00 2.984800e+00
5.386080e+00 7.222050e-01
2.068853e+00 1.733127e+00
6.594905e+00 2.432695e+00
1.652021e+00 5.582650e+00
3.402935e+00 5.984671e+00
4.594307e+00 7.660694e+00
4.388463e+00 8.912356e+00
4.863812e+00 9.758482e+00
3.113805e+00 -1.103622e+01
3.560317e+00 8.238387e+00
2.356523e+00 -8.767300e+00
2.631792e+00 1.019015e+01
-7.272203e-01 1.031563e+01
2.814120e-01 9.846161e+00
5.476723e+00 -3.785593e+00
2.505129e+00 -6.687813e+00
2.814907e+00 -3.452452e+00
3.346616e+00 -3.271242e-01
1.342141e+00 -3.565917e-01
2.864758e+00 1.018568e+00
3.761959e+00 4.044071e+00
7.042100e+00 3.767135e-01
2.638434e+00 5.309963e+00
5.945274e+00 9.203170e+00
1.356730e-01 2.779934e+00
2.733563e+00 7.590669e+00
4.734202e+00 -9.405610e+00
3.805726e+00 9.920398e+00
4.266217e+00 -1.049742e+01
1.921433e+00 -1.112770e+01
9.885567e+00 -8.090706e+00
2.987035e+00 -7.835712e+00
-8.952662e-01 -1.087901e+01
-5.044377e-01 8.706808e+00
1.296141e+00 -8.753579e+00
2.452535e+00 -9.835679e+00
3.865551e+00 -5.003206e+00
4.888145e+00 -4.598907e+00
1.673223e+00 -3.824968e+00
2.408605e+00 5.658677e-02
3.911719e+00 9.199707e-01
4.254879e+00 5.248118e+00
5.333986e+00 5.780843e+00
2.121284e+00 6.460510e+00
2.722275e+00 4.216002e+00
5.340724e+00 -1.042824e+01
3.657386e+00 7.072561e+00
8.694759e+00 8.882120e+00
6.308878e+00 -1.004118e+01
5.115990e+00 1.097393e+01
7.406637e+00 -9.637659e+00
1.087243e+00 1.064809e+01
3.843336e+00 -6.492470e+00
3.794551e+00 -8.635041e+00
7.502899e+00 -7.923422e+00
4.097038e+00 -7.462065e+00
5.758524e+00 -6.921575e+00
4.747046e+00 -6.003112e+00
1.586260e+00 -1.691191e+00
4.436873e+00 -6.000594e-02
6.347727e+00 1.239001e+00
8.087257e+00 2.616536e+00
6.815727e+00 8.559810e+00
6.520276e+00 7.602107e+00
7.614175e+00 7.891185e+00
8.659777e+00 7.366502e+00
5.982644e+00 1.025112e+01
9.446586e+00 8.174009e+00
2.589808e+00 9.062609e+00
3.603570e+00 -9.588438e+00
4.959631e+00 -8.305817e+00
8.397777e+00 1.112535e+01
7.353182e+00 -1.079475e+01
1.063976e+01 -8.721863e+00
9.245135e+00 -5.989558e+00
8.104874e+00 -8.785880e+00
8.258898e+00 -6.842176e+00
4.753384e+00 -3.001158e+00
2.792715e+00 -1.214139e+00
5.962035e+00 3.627020e+00
5.317647e+00 1.725683e+00
7.271304e+00 -2.105775e+00
3.063211e+00 3.177044e+00
7.220815e+00 3.281146e+00
6.842840e+00 9.593400e+00
6.433061e+00 5.831033e+00
1.039323e+01 -1.066038e+01
6.976970e+00 1.058633e+01
8.452380e+00 -9.991448e+00
9.158369e+00 -9.143233e+00
1.108775e+01 -9.625863e+00
6.016453e+00 -8.028225e+00
8.750919e+00 -7.936061e+00
1.030490e+01 -6.187772e+00
6.106202e+00 -1.556548e+00
9.365079e+00 -7.065245e+00
6.978717e+00 -6.010120e+00
3.766456e+00 -2.396175e+00
6.281464e+00 -4.417913e+00
7.251825e+00 -1.057864e+00
5.361073e+00 -6.789925e-01
9.103212e+00 2.873359e+00
5.254444e+00 2.743401e+00
6.228610e+00 4.640850e+00
8.435591e+00 6.311101e+00
6.184149e+00 -1.110501e+01
9.767452e+00 9.202921e+00
7.703186e+00 9.141996e+00
8.936893e+00 1.004549e+01
6.844936e+00 -8.757697e+00
1.012997e+01 -5.106062e+00
-1.061409e+01 -8.730952e+00
-9.976844e+00 -9.901618e+00
8.249953e+00 -5.686285e+00
3.993489e+00 -1.234672e+00
6.018417e+00 -5.458888e+00
4.081970e+00 -3.847428e+00
2.460900e+00 -2.376523e+00
6.062267e+00 -2.876752e+00
8.214448e+00 -1.259962e+00
7.592635e+00 1.422345e+00
9.535809e+00 4.021368e+00
8.308742e+00 3.957413e+00
5.591119e+00 8.089663e+00
4.421315e+00 6.363392e+00
-1.062179e+01 5.515901e+00
1.045260e+01 7.506938e+00
9.360282e+00 -1.053240e+01
5.723339e+00 -9.103615e+00
-9.202596e+00 1.045523e+01
7.960677e+00 1.015406e+01
1.005391e+01 -9.686350e+00
-7.783882e+00 1.037992e+01
1.081377e+01 -7.403241e+00
1.079466e+01 -3.261017e+00
9.812024e+00 -2.924639e+00
7.164435e+00 -4.879635e+00
4.877647e+00 -1.883655e+00
8.910635e+00 1.776431e+00
8.411512e+00 8.179296e-01
7.921790e+00 -2.302955e-01
-9.747288e+00 6.199343e+00
7.532280e+00 5.615064e+00
4.935241e+00 4.162251e+00
-9.781690e+00 7.246988e+00
-8.416025e+00 5.084351e+00
-1.091017e+01 6.676899e+00
-1.085500e+01 -1.050497e+01
-9.565251e+00 9.398536e+00
