7.646055e+00 1.069326e+01
-7.670980e+00 -9.945812e+00
8.704545e+00 6.192170e+00
2.707609e+00 -6.433805e+00
-4.921508e+00 5.937199e+00
1.086902e+01 -9.207702e+00
1.043650e+01 8.149856e-01
9.168012e+00 7.930099e-01
1.011840e+01 -2.995436e-01
-9.019270e+00 1.912960e+00
-5.237754e+00 1.008130e+01
9.560951e+00 5.025150e+00
-6.614813e+00 -4.337582e+00
4.034719e+00 4.274683e+00
-4.886758e+00 3.521704e+00
2.032494e+00 7.705554e+00
-3.892881e+00 -3.139224e+00
1.107664e+01 -6.065606e+00
9.482798e+00 -1.036924e+01
-1.004835e+01 8.183062e+00
4.603324e+00 -1.087472e+01
7.332871e+00 -4.523081e+00
3.771772e+00 -6.785905e+00
-2.142669e-01 -4.709486e-01
4.854524e+00 -6.897658e-01
9.789362e+00 6.108392e+00
-4.406235e+00 1.230252e+00
-5.292330e+00 -9.082647e+00
-9.974354e+00 -3.826868e-01
-8.415791e+00 9.486166e+00
8.362922e-01 -1.068312e+01
5.330424e+00 3.130980e-01
-5.789287e+00 -3.441877e+00
-1.085666e+01 -1.643771e+00
-1.875441e+00 5.437483e+00
-6.277056e+00 -5.990947e+00
8.924258e+00 -6.015223e+00
8.967766e+00 4.152015e+00
1.100111e+01 -3.983035e+00
-1.049555e+01 4.677618e+00
4.197950e+00 7.485856e+00
1.053995e+01 2.641221e+00
8.413681e+00 8.312713e+00
-1.090042e+01 3.036744e+00
-7.654671e+00 -4.143867e+00
6.841267e+00 6.681810e+00
-1.696350e+00 -5.734746e+00
-7.524195e+00 -5.251697e+00
8.116772e+00 -5.285532e+00
-1.081618e+01 -4.892853e+00
6.309082e+00 -4.928297e+00
1.888876e-01 4.895750e+00
-9.206530e+00 2.951217e+00
1.086216e+01 5.342063e+00
-6.909310e+00 9.594465e-01
-6.328576e+00 -1.699203e-02
8.968977e-01 3.705021e+00
-1.226337e+00 9.264974e-02
-9.338742e+00 5.289588e+00
-7.133097e+00 6.544313e+00
-1.950210e+00 -7.852423e+00
7.542333e+00 -8.804998e+00
8.469911e+00 -1.065355e+01
1.176023e+00 7.011305e+00
-4.069033e+00 -7.853448e-01
3.754129e+00 -8.894379e+00
6.265373e+00 -2.387763e+00
-1.591187e-01 5.801438e-01
-1.008750e+01 7.076196e+00
5.185131e+00 -6.856469e+00
4.272057e+00 8.800446e+00
-6.904699e+00 5.378782e+00
-2.866560e+00 5.245042e+00
-1.920552e+00 6.693231e+00
-4.645243e+00 9.140568e+00
2.663348e+00 9.415361e+00
-1.016858e+01 -2.647702e+00
-8.101374e-01 2.569413e+00
4.305321e+00 -2.031978e+00
-8.843266e+00 -3.914151e+00
1.882005e+00 -1.095306e+01
-4.650177e+00 -3.935988e+00
5.243903e+00 8.217032e+00
-3.676445e+00 -9.141131e+00
2.063712e+00 -8.540050e+00
1.991986e+00 1.103691e+00
7.366309e+00 5.711036e+00
-8.151358e+00 5.718394e+00
-2.014643e+00 -4.555001e+00
5.516263e+00 -7.781751e+00
1.437860e+00 -1.281597e+00
-1.547438e-01 -7.243613e+00
4.520297e+00 1.577200e+00
5.271178e+00 5.546900e+00
8.474043e+00 1.678547e+00
2.334478e+00 -2.028396e+00
5.576017e+00 9.626462e+00
-2.981074e+00 6.300134e+00
-7.803707e+00 4.690271e+00
-9.707170e+00 -5.945771e+00
3.516784e+00 2.270888e+00
8.861408e-01 8.092261e+00
-9.128000e+00 -2.582407e+00
7.503665e+00 -9.836844e+00
-2.771733e+00 -5.291169e+00
-7.715211e+00 1.096344e+01
-2.065689e+00 1.086297e+01
-9.219616e+00 6.393627e+00
-7.926951e+00 2.234055e+00
-7.100211e+00 -3.170590e+00
-6.070796e+00 -1.331747e+00
-7.059353e+00 -9.239512e-01
7.671831e+00 -3.439139e+00
3.044042e+00 7.366960e+00
9.498513e+00 9.887597e+00
1.047218e+01 -8.238029e+00
-2.061741e+00 2.141697e+00
-1.496154e+00 -8.977274e+00
1.104886e+01 1.697225e+00
-8.997410e+00 1.109691e+01
1.697661e+00 3.084847e+00
9.881990e-02 7.261576e+00
-9.334906e+00 8.942371e+00
-8.548955e+00 -9.332615e+00
2.253185e+00 -3.269126e+00
7.883563e+00 -1.073139e+00
-6.537052e+00 -8.355021e+00
-1.062848e+01 -8.540881e+00
-1.398218e-01 1.672605e+00
9.213274e+00 -4.989695e+00
8.915115e+00 -3.213256e+00
-1.002748e+01 -1.100649e+01
-9.266706e+00 -1.022133e+01
1.117756e+01 -6.242334e-01
5.523792e-01 -6.188005e+00
5.726716e+00 1.088453e+01
-2.222098e+00 -1.709462e-01
-8.957886e+00 4.059075e+00
2.055588e+00 5.293354e+00
-9.667382e-01 4.274750e+00
-7.414451e+00 9.972608e+00
-4.871288e-02 -8.642199e+00
-1.117564e+01 -1.096011e+01
-7.919811e+00 1.085952e+00
1.012373e+01 -3.152102e+00
-7.015544e+00 8.860594e+00
-7.172407e+00 2.935472e+00
-4.636624e+00 -1.100595e+01
5.333907e+00 -1.691599e+00
-4.773250e+00 -2.713123e+00
3.386179e+00 -1.595310e+00
-8.250915e+00 -1.796146e+00
-5.740933e+00 8.743005e+00
-4.483300e+00 -8.390548e+00
5.419970e+00 3.626941e+00
8.323430e+00 9.513285e+00
-5.674383e+00 -1.078701e+01
-2.708633e+00 -1.066595e+01
-1.102776e+01 7.643077e+00
2.892004e+00 2.418953e-01
1.738876e+00 -1.512259e-01
-5.956050e+00 3.520269e+00
-9.484540e-01 -8.144613e+00
-2.996352e+00 -2.378195e+00
7.647248e+00 9.475383e-01
7.290442e+00 -2.446207e+00
-2.945533e+00 -9.996795e-01
1.110910e+01 -2.755409e+00
2.171681e+00 6.693902e+00
-6.026456e+00 7.515954e+00
-5.179508e+00 2.233171e+00
-3.562791e+00 -7.771539e+00
-1.102770e-01 1.056457e+01
5.962381e+00 2.766832e+00
4.238882e+00 6.432389e+00
-5.887463e+00 -2.430530e+00
-9.985166e+00 3.677774e+00
7.967670e-01 -9.560096e+00
-1.687546e+00 -1.039922e+01
1.008475e+00 -3.586628e+00
-1.172419e+00 8.880693e+00
1.219718e+00 -5.306781e+00
-2.593504e+00 -8.653769e+00
-3.812759e+00 3.315654e+00
3.152981e+00 4.780264e+00
-8.209618e+00 8.269698e+00
-4.236968e+00 -5.999939e+00
-4.140990e+00 -4.968774e+00
-2.474551e+00 -9.720366e+00
8.374083e-01 6.260226e-01
-1.011572e+01 1.106052e+00
-4.485674e+00 1.862337e-01
6.083059e+00 4.446838e+00
-3.700809e+00 4.435643e+00
-1.964931e+00 9.329724e-01
1.023820e+01 -6.995124e+00
-7.617755e-01 5.353121e+00
9.738762e-01 1.760685e+00
-2.164506e+00 4.396064e+00
1.832059e+00 -9.819384e+00
7.995516e+00 -3.888984e-02
2.289588e+00 -7.446643e+00
7.339436e+00 -7.640015e+00
4.432791e+00 -7.585101e+00
-4.916948e+00 -1.340802e+00
8.958539e+00 -4.987424e-01
3.258117e+00 -3.956513e+00
-7.743358e+00 -7.601123e+00
9.188525e+00 1.090947e+01
-8.999212e+00 8.922271e-01
-6.896805e-01 -6.320284e+00
-1.039450e+00 -3.752147e+00
-4.444032e+00 -7.140576e+00
1.232078e+00 5.993048e+00
-9.555449e-01 -4.998366e+00
4.078538e+00 -3.108889e+00
9.755551e+00 -4.119230e+00
-1.034467e+01 2.146235e+00
1.713685e+00 8.783474e+00
5.355097e+00 6.788099e+00
4.433932e+00 -4.268286e+00
-6.709560e+00 -7.226561e+00
-9.106102e+00 7.646901e+00
-2.600049e+00 3.294000e+00
-1.539208e+00 3.313544e+00
-3.138104e+00 1.220054e+00
-2.578352e+00 -3.332599e+00
-1.048434e+01 9.425059e+00
-3.966649e+00 -1.951317e+00
3.862762e+00 -1.000327e+01
-7.124659e+00 -2.063554e+00
9.522979e+00 3.288743e+00
-3.244965e+00 9.287308e+00
-1.202697e+00 1.638308e+00
5.908855e+00 -8.345960e-01
1.093171e+01 6.635629e+00
3.249516e+00 8.344812e+00
-1.021130e+00 -1.116393e+01
-2.405126e-02 -2.827609e+00
-4.761082e+00 -9.954114e+00
2.037291e+00 4.219363e+00
-5.415534e+00 -7.876847e+00
-2.816887e+00 7.488065e+00
6.680622e+00 1.037883e+01
-2.045384e+00 -1.587470e+00
6.460200e+00 5.598711e-01
8.375927e+00 -4.221626e+00
-6.118103e+00 6.476082e+00
3.436940e+00 -5.262873e+00
7.902131e+00 -6.469061e+00
1.112122e+00 -2.328409e+00
-2.294296e+00 -6.773413e+00
2.765973e+00 -1.053000e+01
2.819501e+00 -9.367872e+00
8.711458e-01 -7.348643e+00
-4.080773e+00 7.255532e+00
1.212366e-01 -5.060661e+00
7.078275e+00 -5.572436e+00
3.633104e+00 -6.141114e-01
6.842430e+00 -1.413797e+00
-7.234720e+00 -6.379338e+00
7.222940e+00 7.788958e+00
-6.251634e+00 2.303129e+00
-5.437585e+00 -6.774966e+00
6.219119e+00 5.760778e+00
6.730701e-02 -1.450836e+00
6.338761e+00 8.787623e+00
6.450391e+00 -3.632413e+00
5.725947e+00 -1.045316e+01
6.044142e+00 -6.160445e+00
-5.253838e+00 -5.456527e+00
9.633277e+00 1.888023e+00
4.576770e+00 -6.048308e+00
-4.024990e+00 1.003418e+01
4.895803e+00 -9.852054e+00
7.462156e+00 8.947780e+00
7.990320e+00 3.580422e+00
-3.344071e-01 9.461609e+00
6.022158e+00 -9.467112e+00
1.041537e+00 1.060390e+01
8.603127e+00 -9.519468e+00
7.373367e-01 -4.324423e-01
3.280922e+00 -7.803846e+00
-2.151474e+00 8.359591e+00
-8.884416e+00 -7.762595e-01
-4.717769e+00 4.894239e+00
-1.183339e+00 -9.216059e-01
-1.656370e-01 8.333145e+00
7.447035e+00 2.318900e+00
3.144560e+00 -2.716255e+00
-1.104817e+00 1.017815e+01
-1.741525e+00 -2.701791e+00
5.039027e+00 4.580147e+00
-7.260287e+00 7.841172e+00
-8.697649e-02 -1.047416e+01
-1.094139e+01 4.290218e-01
9.196281e+00 7.254772e+00
-5.517295e+00 -4.484311e+00
-6.332630e+00 9.692152e+00
-6.928382e+00 4.091026e+00
-8.775172e+00 -8.296653e+00
8.341708e+00 -8.112502e+00
7.007249e+00 -4.236055e-01
-1.236581e+00 -7.173658e+00
-5.290179e+00 -3.757032e-01
8.538385e+00 2.631222e+00
1.047536e+01 -1.025023e+01
9.522211e+00 -2.267160e+00
1.003109e+01 8.795584e+00
-2.760079e-01 3.508658e+00
-8.953086e+00 -6.937873e+00
1.617192e+00 -6.621375e+00
-8.151059e+00 7.099486e+00
-3.841410e+00 8.355471e+00
3.144347e+00 6.095860e+00
-9.630895e+00 -9.116650e+00
8.695237e+00 -7.128483e+00
-8.422287e+00 -6.030345e+00
-1.971410e+00 9.582362e+00
-7.771809e+00 -1.904988e-01
-8.535198e+00 -4.933854e+00
-4.840533e+00 8.103089e+00
6.590382e+00 -8.383140e+00
-1.039856e+01 -6.679085e+00
8.091833e+00 7.029984e+00
1.920755e+00 -4.322495e+00
4.152421e+00 5.361553e+00
4.901386e+00 2.484033e+00
8.404737e+00 5.213223e+00
1.160064e+00 4.808004e+00
4.543967e+00 1.044575e+01
-3.580990e+00 1.093800e+01
3.832698e-04 -4.006320e+00
6.837406e+00 -1.099972e+01
8.443041e+00 -2.069551e+00
1.042923e+01 -4.915460e+00
-3.480178e+00 -6.723205e+00
-2.783828e+00 1.019664e+01
-6.746375e+00 -1.053785e+01
-1.061624e+01 -9.816710e+00
-1.412066e+00 7.696004e+00
-9.767790e+00 -1.562671e+00
2.578790e+00 -8.306957e-01
-3.944874e+00 5.668470e+00
9.452554e+00 -8.927860e+00
-9.843904e+00 -7.626225e+00
1.071363e+01 9.683875e+00
5.617007e+00 1.339074e+00
1.561019e-01 6.148435e+00
-8.169710e+00 -3.082360e+00
2.813598e+00 3.442207e+00
4.754886e+00 -8.794639e+00
-6.611923e+00 -9.407139e+00
-9.531813e+00 1.004181e+01
3.669510e+00 9.753730e+00
6.715606e+00 3.533602e+00
-1.004487e+01 -3.675125e+00
6.098014e+00 7.598114e+00
4.275338e+00 2.852006e-01
7.210070e+00 4.503499e+00
2.465981e+00 1.054587e+01
1.028099e+01 7.710608e+00
-8.634015e-01 6.498062e+00
1.045855e+01 -1.805658e+00
-1.111850e+01 -7.599580e+00
-3.396011e+00 2.004580e-01
1.023111e+01 1.073005e+01
-7.695926e+00 -8.601476e+00
-9.602853e+00 -4.877272e+00
5.377168e+00 -3.027931e+00
2.391636e+00 -5.352736e+00
9.577999e+00 -7.819723e+00
-1.059078e+01 1.048220e+01
3.944245e+00 3.153332e+00
-3.292686e+00 2.465676e+00
-6.376165e+00 1.077049e+01
2.193601e+00 2.161643e+00
-3.326376e+00 -4.110705e+00
1.020927e+01 4.243808e+00
-5.730913e-01 -9.567888e+00
3.424127e+00 1.084208e+01
6.617065e+00 1.715318e+00
6.761834e-01 9.291932e+00
-5.139917e+00 7.035371e+00
1.736849e+00 9.817274e+00
1.110171e+01 8.684362e+00
3.356273e+00 1.171985e+00
1.000498e+01 -5.901468e+00
-7.804786e-01 -2.077753e+00
-5.543746e+00 1.021639e+00
4.228132e-01 2.651294e+00
5.563174e+00 -4.167809e+00
-1.021824e+01 6.049387e+00
6.834403e+00 -6.758471e+00
1.002819e+00 -8.527520e+00
9.614440e+00 -1.266061e+00
-5.736604e+00 4.574628e+00
5.029798e+00 -5.134858e+00
-8.234208e+00 3.320948e+00
-3.735608e+00 -1.041976e+01
