8.267247e+00 -1.005749e+01
-9.128630e+00 7.578442e+00
-8.014041e+00 -1.097771e+01
-7.146645e+00 9.167773e-02
-9.539594e+00 1.541486e+00
-1.037199e+01 -6.833549e+00
6.183481e+00 -4.314240e+00
-4.288312e+00 4.179189e+00
7.288907e+00 -4.188972e+00
5.727902e+00 -3.372275e+00
-7.046167e+00 8.736845e+00
-1.001708e+01 4.639331e+00
-1.014893e+01 -1.881201e-01
6.060673e+00 -1.305078e+00
-2.074827e+00 4.888284e+00
8.434910e+00 2.136752e+00
9.958059e+00 2.640303e-01
-8.685851e+00 -1.022187e+01
-6.973761e+00 -6.142924e+00
-5.848373e+00 -6.653367e+00
8.246937e+00 -8.735841e+00
9.457677e+00 -5.810241e+00
2.984311e+00 -7.201467e+00
2.582215e+00 -3.804634e+00
7.205924e+00 -1.552039e+00
-8.354266e+00 6.751711e+00
-3.146214e+00 8.910460e-01
2.183944e+00 1.095930e+01
5.985528e+00 7.026722e-01
-9.122474e+00 5.687662e+00
8.750399e-01 7.088650e+00
4.379005e+00 -4.584591e-01
-9.492708e+00 3.672427e+00
-9.428226e+00 6.640942e+00
-3.701961e-01 7.292027e+00
1.042379e+01 -9.392759e+00
9.831262e+00 -7.065104e+00
-6.775683e+00 -7.232053e+00
-1.080180e+01 -5.872107e+00
-4.193395e+00 6.319500e+00
-9.824307e+00 -8.343879e+00
7.246680e+00 -3.144368e+00
-6.938743e+00 -9.255036e+00
-8.121369e+00 9.076698e+00
1.107907e+01 -7.255269e+00
-1.051213e+01 5.533587e+00
-6.126911e+00 -1.698129e+00
-1.016460e+01 -2.431745e+00
4.865481e+00 -4.429012e+00
-5.806327e+00 1.785498e+00
4.858489e+00 -1.387865e+00
-3.324842e+00 3.244420e+00
6.729857e+00 -4.053570e-01
-8.046439e+00 5.676233e+00
9.706880e+00 -8.277698e-01
-4.723957e+00 1.853964e+00
7.666978e-01 4.103694e+00
-6.251082e+00 -3.173406e+00
-5.491538e+00 2.852336e+00
-1.546344e+00 8.635568e+00
7.592695e+00 8.170232e+00
9.088592e+00 9.615547e+00
-1.013556e+01 1.066364e+01
-5.631483e+00 -7.720288e+00
-8.991206e+00 2.552667e+00
6.466480e+00 -7.430754e+00
7.396161e+00 -6.502413e+00
-9.103980e+00 -2.557984e+00
8.127552e+00 -5.406698e+00
4.009758e+00 -5.418796e+00
6.343020e-01 5.940088e+00
5.471266e+00 -4.484746e-01
1.789301e-01 5.032717e+00
1.818872e+00 3.715162e+00
-6.025257e+00 8.520433e+00
9.783423e+00 5.958701e+00
-7.128584e+00 -2.240498e+00
-6.313335e+00 6.550929e+00
5.826302e+00 -5.376162e+00
-9.079227e+00 -7.327417e+00
4.885490e+00 1.006264e+01
-9.240945e+00 -5.190091e+00
2.363101e+00 5.429912e+00
4.171305e+00 -8.192260e+00
8.973139e+00 -1.096318e+01
4.593028e+00 5.836409e-01
-1.018480e+01 -3.495076e+00
-9.002128e-01 5.136079e+00
2.962902e+00 -8.297072e+00
-5.007086e-01 -3.244939e+00
1.110564e+01 -2.321790e+00
-1.019510e+00 -1.183517e-01
-2.763364e+00 -5.682143e-01
6.314254e+00 2.135440e+00
-1.112351e+01 4.386658e+00
1.587167e+00 -1.428488e+00
1.021085e+01 3.622423e+00
-4.206355e+00 8.759459e-01
-5.330995e+00 3.920617e+00
8.390750e+00 -6.607057e+00
-9.102352e+00 -6.085788e-01
4.858140e+00 8.914487e+00
-9.684193e+00 -6.124329e+00
1.059105e+01 -5.835972e+00
-3.875578e+00 -8.929414e+00
-9.696702e+00 -1.070791e+01
-4.174224e+00 -5.113152e+00
1.035929e+01 1.222419e+00
-7.488382e+00 1.473990e+00
-8.593102e+00 -6.353741e+00
1.080440e+01 -5.710602e-01
-4.060628e+00 -1.262947e-01
7.928794e-02 1.457106e+00
3.031992e+00 2.173494e+00
-1.030086e+01 9.337870e+00
-8.977330e+00 1.095100e+01
-5.312059e+00 6.310400e+00
-6.172837e+00 -5.460480e+00
-8.712704e+00 4.608215e+00
-7.880153e+00 -9.485365e+00
1.626812e+00 6.353187e+00
-2.267496e+00 7.229779e+00
-8.852664e-01 -9.702860e+00
-7.403586e+00 -8.183945e+00
2.491519e+00 -6.061386e+00
-9.469934e+00 -1.604877e+00
-7.072762e+00 -3.770067e+00
-7.091577e+00 1.091164e+01
-2.548128e+00 2.463963e+00
-7.744577e+00 2.588125e+00
3.564684e+00 -6.323388e+00
-4.872459e+00 -3.939446e+00
-8.528106e+00 1.571041e+00
-9.359966e+00 5.465524e-01
-2.935434e+00 -9.497648e+00
3.718352e+00 7.457464e+00
2.670155e+00 -1.788417e+00
2.757904e+00 4.469595e+00
8.401479e-01 8.207360e+00
1.539740e+00 4.782258e+00
-6.637284e+00 4.370655e+00
-3.678388e+00 1.085479e+01
-7.071231e+00 -1.040084e+01
-6.376947e+00 -8.422511e+00
1.037859e+01 -3.483132e+00
-3.735436e+00 5.067930e+00
-5.166561e+00 -8.907114e-01
-4.828522e+00 -5.856444e+00
6.194244e-01 2.981444e+00
-7.891752e+00 -2.965226e+00
1.422091e+00 -3.587774e-01
-6.512799e+00 3.264760e+00
-5.896595e+00 5.391210e+00
-3.522761e+00 -7.662319e+00
6.049027e+00 3.320354e+00
5.883653e+00 4.539022e+00
-7.926605e+00 -7.224621e+00
-6.536169e+00 9.854802e+00
9.080131e+00 2.910250e+00
-2.947057e-01 -2.104921e+00
-1.305336e+00 6.865014e+00
-4.733208e+00 5.339563e+00
4.221128e-01 -5.138096e+00
-7.033604e+00 -1.166560e+00
9.293588e+00 -3.780377e+00
-1.237862e+00 2.128232e+00
1.216213e+00 7.648054e-01
1.018345e+01 -4.579294e+00
-2.966413e+00 4.328213e+00
-1.353876e+00 4.151108e+00
-2.638944e+00 8.387678e+00
3.358820e+00 -1.071079e+01
-2.370512e+00 -7.350738e+00
5.059346e+00 2.961000e+00
-1.010304e+01 2.711486e+00
-3.917560e+00 -1.162041e+00
4.924822e+00 4.087271e+00
-1.171822e+00 1.106143e+01
7.112955e+00 9.758346e+00
-1.744339e+00 -9.258343e-01
-4.841854e+00 1.060962e+01
-1.773068e+00 5.860608e+00
-4.683382e+00 -1.876665e+00
-4.500181e+00 7.414276e+00
8.101017e+00 9.104471e+00
6.961444e+00 5.275215e+00
-2.781066e+00 -5.164542e+00
-6.105012e+00 -4.190794e+00
-1.774664e+00 -9.110785e+00
-8.117893e+00 5.507623e-01
6.460810e+00 -2.367176e+00
-4.011703e+00 -3.152440e+00
-1.635071e-01 3.624251e+00
-4.405909e+00 3.015327e+00
5.427599e-01 -1.050092e+00
-1.110313e+01 -1.031981e+01
-4.937258e-01 -1.056072e+00
2.848622e+00 8.303779e+00
4.004309e+00 4.953568e+00
6.254598e+00 -9.380238e+00
1.714398e+00 -6.883876e+00
4.054280e+00 1.085167e+01
1.097508e+01 8.844024e+00
8.324975e+00 -4.073055e+00
-3.488258e+00 7.124874e+00
9.272123e+00 1.065453e+00
7.664942e-01 -7.265601e+00
-3.891229e+00 -6.336251e+00
3.746991e+00 9.550527e+00
-1.562024e+00 -3.116705e+00
2.135344e+00 2.660660e+00
-5.247312e+00 -4.935504e+00
-2.757141e+00 -8.373743e+00
-2.190190e+00 1.477776e+00
1.202565e+00 -9.294811e+00
3.349015e+00 9.472748e-01
8.959561e+00 5.300520e+00
-4.542029e-01 6.242718e+00
1.676367e+00 9.907132e+00
4.211825e+00 1.635503e+00
2.331002e+00 -1.029042e+01
-8.541644e+00 -8.334015e+00
-2.318200e+00 1.066801e+01
-7.211053e+00 7.661092e+00
2.471750e+00 -8.094297e-01
-2.778298e+00 -1.586360e+00
1.447587e+00 -5.670690e+00
-3.657223e+00 -2.194832e+00
-8.102486e+00 -1.664154e+00
2.821666e+00 3.436646e+00
7.034900e+00 7.734744e-01
2.193333e+00 1.170991e+00
-3.731550e+00 8.369220e+00
-2.912062e+00 5.952001e+00
-7.930521e-01 9.837161e-01
-1.086728e+01 1.859883e+00
1.064195e+01 2.366063e+00
4.318126e+00 -1.007260e+01
6.346986e-01 -4.007794e+00
-2.841965e+00 -6.379494e+00
-5.379370e+00 9.682411e+00
-1.873438e+00 -1.013256e+01
-4.934968e+00 8.472612e+00
1.022875e+01 9.691785e+00
-5.171406e+00 -2.774085e+00
-2.777081e-01 2.474316e+00
6.811814e+00 8.781464e+00
-4.128813e+00 9.518469e+00
-3.582382e+00 1.839514e+00
6.213301e+00 -8.383215e+00
-1.654244e+00 -5.825033e+00
-2.667138e+00 -2.744237e+00
5.133944e+00 1.113575e+01
3.938822e+00 2.807560e+00
-2.427976e-01 -1.086677e+01
-1.656851e+00 3.092168e+00
2.903291e-01 -6.304406e+00
9.320025e+00 -9.860989e+00
8.502298e+00 7.728529e+00
2.368267e+00 -9.178712e+00
1.015782e+01 -1.924873e+00
9.037300e+00 -7.732934e+00
-6.345130e+00 8.454838e-01
-3.710180e+00 -1.023805e+01
1.113419e+01 4.742196e-01
-7.653359e-01 -4.442211e+00
6.356273e+00 -6.333782e+00
4.370028e+00 -7.053812e+00
8.071695e+00 -2.149538e+00
-4.574451e-01 -7.572964e+00
-6.181654e+00 -3.020101e-01
7.089682e+00 2.808534e+00
5.279284e+00 -2.402122e+00
4.525951e+00 -3.355456e+00
7.081842e+00 6.505220e+00
7.807763e+00 5.782625e+00
5.307081e+00 6.540715e+00
2.557432e+00 9.342070e+00
5.888993e+00 9.231682e+00
8.624575e+00 6.414179e+00
5.780506e+00 8.064035e+00
3.738867e+00 -1.352136e+00
3.126319e+00 1.035398e+01
1.591282e+00 8.845482e+00
-1.090617e+01 3.402947e+00
-4.777355e+00 -1.049938e+01
-5.602601e-01 -5.674069e+00
6.063523e+00 1.038786e+01
3.147022e+00 -2.850367e+00
-1.825877e+00 -4.783220e+00
-2.277185e+00 -3.793112e+00
7.127045e-01 -2.669611e+00
6.021397e+00 5.783575e+00
7.930348e+00 4.760073e+00
-2.812648e+00 -1.081506e+01
-2.066454e+00 2.633383e-01
-1.014655e+01 8.188012e+00
7.912165e+00 -2.852269e-01
6.027395e-01 9.348775e+00
-7.619070e+00 4.686961e+00
-1.020927e+01 -9.845805e+00
7.265885e+00 -9.693328e+00
8.150002e+00 9.465009e-01
1.638493e+00 -3.489757e+00
1.959132e+00 -2.503874e+00
6.907415e+00 4.086381e+00
1.056008e+01 -8.366420e+00
2.791850e+00 -4.928737e+00
1.079726e+01 5.524014e+00
-5.339012e+00 5.555487e-01
-8.212481e+00 -4.278044e+00
-5.317521e-01 -8.640770e+00
-7.989796e+00 1.017810e+01
-6.953062e+00 5.472722e+00
5.058802e+00 5.372061e+00
1.071755e+01 1.098478e+01
-7.102214e+00 -4.779969e+00
-5.888900e+00 -9.575795e+00
3.913147e+00 8.467958e+00
7.905463e+00 3.715103e+00
1.019680e+01 -1.050363e+01
-5.919963e+00 1.075020e+01
9.450577e+00 -8.766658e+00
9.698052e+00 1.061444e+01
7.204390e+00 -8.700872e+00
7.573037e+00 -1.110094e+01
-2.222181e-01 8.270319e+00
6.815411e+00 7.526406e+00
9.643013e+00 2.021160e+00
-4.578736e-01 9.379264e+00
9.664713e+00 6.991254e+00
-4.583588e+00 -8.135059e+00
-3.000570e+00 9.294502e+00
3.868942e+00 4.012161e+00
8.681337e+00 -1.089569e+00
3.520662e+00 -9.212285e+00
-1.423621e+00 -8.077361e+00
3.516663e+00 5.946156e+00
-5.724586e+00 7.473771e+00
1.090708e-01 -9.428810e+00
5.488664e+00 -1.007860e+01
-9.178102e+00 -3.597248e+00
4.147535e+00 -2.265314e+00
1.291893e+00 -1.033193e+01
-1.083779e+01 -8.804561e+00
-1.114108e+01 -4.068305e+00
-1.115533e+01 1.008209e+01
3.575441e+00 -4.124908e+00
2.438784e-01 -4.120100e-02
-1.053561e+01 -1.435694e+00
-1.773967e+00 -1.949802e+00
6.997343e+00 -5.459361e+00
-4.818057e+00 -7.051933e+00
6.134970e-02 1.031877e+01
7.415320e+00 1.775699e+00
1.016420e+01 7.963937e+00
-8.154206e+00 -5.411322e+00
1.012616e+01 4.782859e+00
1.871759e+00 7.788591e+00
-9.132878e+00 9.960426e+00
8.365525e+00 1.040167e+01
7.848121e+00 -7.632741e+00
9.243823e+00 8.614804e+00
-9.287450e+00 -9.213512e+00
4.941947e+00 -6.080114e+00
-8.030214e+00 -6.515470e-01
9.153927e+00 -2.086486e+00
-3.319524e+00 -4.079732e+00
4.916256e+00 -9.101563e+00
1.265212e+00 1.988275e+00
2.266077e+00 2.451534e-01
5.539893e+00 -6.877627e+00
-1.058043e+01 6.658067e+00
5.400844e+00 1.605264e+00
-1.035998e+01 9.400987e-01
1.104677e+00 1.091515e+01
3.384419e+00 -1.642353e-01
8.944036e+00 1.696339e-02
-7.257856e+00 6.707630e+00
1.781327e+00 -8.261037e+00
6.686568e+00 -1.049511e+01
-1.111147e+01 7.640868e+00
2.866866e+00 6.752941e+00
-1.682350e+00 9.812711e+00
4.704747e+00 7.646048e+00
1.069022e+01 6.738302e+00
-8.184538e+00 7.984254e+00
5.196290e+00 -8.028065e+00
-1.285662e+00 -6.901173e+00
9.046539e+00 -4.892073e+00
1.646959e+00 -4.543000e+00
8.542406e+00 -3.086889e+00
-8.459371e+00 3.426422e+00
9.172171e+00 4.206528e+00
5.340894e-01 -8.401488e+00
-4.875043e+00 -9.373841e+00
-7.441909e+00 3.585593e+00
-1.029068e+01 -4.843633e+00
-9.180912e+00 8.807005e+00
-5.852994e+00 -1.056109e+01
