-7.917511e+00 -8.306135e+00
-1.011347e+01 1.065002e+01
-9.067474e+00 -9.336124e+00
-9.993552e+00 -8.737125e+00
-9.976856e+00 -4.002446e+00
-8.075504e+00 -4.693249e+00
1.016477e+01 -4.817757e+00
8.192600e+00 -3.619815e+00
6.301782e+00 -2.733780e+00
7.261054e+00 -1.482141e+00
7.403282e+00 4.740974e+00
9.083125e+00 5.705643e+00
8.841935e+00 4.338760e-01
5.485614e+00 5.662459e+00
-1.004999e+01 9.530237e+00
9.735077e+00 4.538533e+00
-9.950481e+00 2.943054e+00
-8.817194e+00 8.951050e+00
1.018143e+01 1.011612e+01
-8.502526e+00 -1.043635e+01
-9.054151e+00 -8.060619e+00
-3.850890e+00 -9.132750e+00
-1.088831e+01 -9.611277e+00
-1.076421e+01 -4.768454e+00
-1.010566e+01 -7.625589e+00
1.113736e+01 -2.027753e+00
9.351982e+00 -3.613908e+00
-1.064276e+01 -3.230483e+00
7.533670e+00 -2.497636e+00
9.402058e+00 2.549267e+00
9.746847e+00 -1.959344e+00
8.370868e+00 -1.707132e+00
9.130131e+00 -5.812140e-01
1.062866e+01 9.171667e-01
1.105193e+01 3.227817e+00
7.204315e+00 6.850848e+00
1.100642e+01 1.077545e+01
-6.205171e+00 9.175544e+00
-9.506319e+00 -1.075689e+01
1.114484e+01 9.608266e+00
-7.456010e+00 -1.023030e+01
-6.610264e+00 -6.418961e+00
-1.101233e+01 -7.080771e+00
-8.059198e+00 -9.356784e+00
-9.092246e+00 -4.542278e+00
-8.958394e+00 -2.129525e+00
-7.909370e+00 -2.134424e+00
-1.002084e+01 -2.003829e+00
4.763578e+00 -6.241710e-02
-1.014746e+01 2.322147e-01
9.096919e+00 -4.845877e+00
1.059574e+01 -1.248843e+00
-1.061309e+01 -1.021755e+00
1.041649e+01 6.575359e+00
1.005434e+01 -1.041602e-01
-8.405730e+00 5.327965e+00
-9.596682e+00 6.524131e+00
-7.960021e+00 6.509248e+00
-7.091813e+00 7.348781e+00
-7.911161e+00 7.967035e+00
-5.859121e+00 -8.808568e+00
-2.866978e+00 -1.106799e+01
-7.326609e+00 -5.598378e+00
-8.680903e+00 -5.844663e+00
1.027021e+01 -2.891996e+00
-9.146428e+00 -6.834565e+00
-7.010179e+00 -4.627458e+00
-7.562410e+00 -3.219970e+00
5.802230e+00 -6.657441e+00
-7.968956e+00 -9.986197e-01
-9.477511e+00 -9.002631e-01
1.041611e+01 2.122213e+00
9.969582e+00 3.499089e+00
1.043304e+01 5.381816e+00
-1.083927e+01 5.168605e+00
-1.038825e+01 4.036791e+00
-1.115060e+01 -8.364306e-02
-5.736124e+00 8.057734e+00
-5.975398e+00 1.027911e+01
-1.101990e+01 7.913103e+00
-4.848336e+00 8.904885e+00
-5.617354e+00 -1.043363e+01
-4.642298e+00 1.006136e+01
-6.329414e+00 -9.668116e+00
-6.205081e+00 -5.438312e+00
-7.981095e+00 -6.737982e+00
-5.521297e+00 -4.417532e+00
-9.647899e+00 -3.003885e+00
-9.939192e+00 -5.488456e+00
3.829228e-01 -3.679905e+00
-6.565204e+00 -3.523484e+00
-7.061534e+00 6.935684e-01
-7.007546e+00 -1.566374e+00
-8.048765e+00 2.514097e-01
-1.070389e+01 1.213540e+00
-8.938159e+00 3.639200e+00
-7.960296e+00 4.021547e+00
-8.008784e+00 1.008171e+01
-3.952323e+00 7.029472e+00
-3.751579e+00 9.217965e+00
-2.734298e+00 9.216587e+00
-3.963651e+00 1.116178e+01
-4.423805e+00 -9.980524e+00
-3.421468e+00 -7.099636e+00
-5.169557e+00 -5.457196e+00
-6.255996e+00 -2.464232e+00
1.940880e+00 -2.690559e+00
-8.602122e+00 -3.553643e+00
-4.453846e+00 -4.593129e+00
-3.376680e+00 -3.759437e+00
-5.096913e+00 -2.184275e+00
-5.984484e+00 -1.349650e+00
-6.633780e+00 2.901503e+00
-7.370757e+00 1.788675e+00
-9.080599e+00 2.346997e+00
-9.093301e+00 2.899922e-01
-7.559311e+00 9.101573e+00
-6.787004e+00 1.100610e+01
-9.629972e+00 1.292256e+00
-6.755429e+00 8.291742e+00
-4.428081e+00 6.107520e+00
-6.922441e+00 4.026865e+00
-2.680693e+00 -9.290455e+00
-7.109673e+00 -7.569368e+00
-3.859775e+00 -5.439679e+00
-2.944032e+00 -4.744459e+00
-7.807751e-01 -4.063918e+00
-5.618878e+00 -6.716370e+00
-5.515704e+00 -3.196180e+00
-2.026238e+00 -9.091611e-01
-4.098006e+00 -2.184527e+00
-6.447451e+00 -1.044825e-01
-8.560169e+00 1.450490e+00
-1.082322e+01 2.170391e+00
-6.143247e+00 9.368887e-01
-6.937552e+00 6.186220e+00
-9.926835e+00 8.446865e+00
-7.864873e+00 2.892730e+00
-4.940120e+00 4.963625e+00
-6.055881e+00 6.988961e+00
-2.354193e+00 1.017237e+01
-3.207342e+00 6.206403e+00
-3.455691e+00 -1.020634e+01
-6.955004e+00 -8.785476e+00
-1.897989e+00 -5.968089e+00
-6.021778e+00 -7.762636e+00
1.283561e-01 -4.964182e+00
-4.521664e+00 -3.376710e+00
-4.854075e-01 -3.021500e+00
-3.396356e+00 -1.141409e+00
-7.995899e-01 5.525759e-01
-1.854830e+00 -2.814527e+00
-4.594524e+00 -1.238470e+00
-4.022588e+00 1.756408e+00
-6.331059e+00 5.162226e+00
-3.972982e+00 -2.751026e-01
-2.565944e+00 -1.778369e+00
-1.790717e+00 4.531818e+00
-3.365652e+00 8.280061e+00
-5.487945e+00 6.075640e+00
-2.850080e+00 7.327855e+00
-3.555371e+00 1.022876e+01
-2.129613e+00 8.324581e+00
-4.951837e+00 -7.608607e+00
-3.947501e+00 -8.055492e+00
-1.447357e+00 -4.997197e+00
8.367632e-01 -1.334802e+00
-2.078338e+00 -3.840946e+00
-1.266857e-01 -1.884260e+00
1.373791e+00 -4.709509e+00
8.947986e-01 -2.463808e+00
-1.968937e+00 2.254874e-01
-2.888408e+00 -2.713684e-01
-3.724373e+00 6.759264e-01
-5.339237e+00 2.109432e+00
-5.807391e+00 4.200860e+00
-4.906719e+00 3.654388e+00
-2.203531e+00 -1.018607e+01
-2.455000e+00 5.554929e+00
-4.938821e+00 9.720766e-01
-1.769970e+00 1.111950e+01
-4.629105e+00 7.854367e+00
-2.433953e+00 -8.158973e+00
-1.331028e+00 -8.055040e+00
-4.853422e+00 -8.599195e+00
-6.735315e-01 -5.919385e+00
1.756323e+00 -5.708301e+00
-4.394875e+00 -6.603347e+00
-9.513189e-01 -6.402564e-01
-2.941505e+00 -5.979461e+00
-1.283476e+00 -1.737620e+00
-2.268255e-01 1.385127e+00
-4.466254e+00 2.693015e+00
-5.222599e+00 -2.493969e-01
1.410843e+00 3.426579e+00
-7.308745e+00 5.039498e+00
-3.602417e+00 5.231680e+00
-1.210365e+00 7.518387e+00
-2.908469e+00 4.338932e+00
-5.177902e+00 1.101511e+01
-1.016084e+00 1.026231e+01
2.163351e-02 8.051545e+00
-5.847064e-01 -9.269107e+00
-2.277299e+00 -7.028921e+00
1.529888e-01 -1.040263e+01
1.657309e+00 -6.978521e+00
-1.226823e-01 1.096148e+01
2.728646e+00 -6.869836e+00
2.974603e+00 -8.994947e+00
1.859215e-01 -5.560122e-01
3.501464e+00 2.298649e+00
-2.653229e+00 2.086129e+00
-2.392146e+00 3.344205e+00
-3.015338e+00 -2.822326e+00
-3.901681e+00 3.870737e+00
-3.360995e+00 2.968859e+00
-1.222055e+00 5.616608e+00
-1.823215e+00 6.625367e+00
3.579458e+00 8.134154e+00
-7.456385e-01 4.538307e+00
-1.671735e+00 9.237770e+00
-1.665180e+00 -9.042429e+00
8.152296e-01 -7.874256e+00
-8.639114e-01 -6.901338e+00
2.377719e+00 -4.466944e+00
5.353489e-01 -5.970894e+00
2.993137e+00 -5.405160e+00
8.227270e-01 1.527919e+00
1.392953e+00 -3.539437e+00
4.776756e+00 2.720843e+00
-6.362801e+00 1.974210e+00
6.560656e-01 2.628470e+00
-1.622760e+00 2.487556e+00
-1.203629e+00 3.492001e+00
-7.072096e-01 6.589869e+00
3.059322e-01 4.470058e+00
-1.222862e-01 3.467971e+00
1.758981e+00 8.802122e+00
1.273202e+00 7.863666e+00
2.496963e+00 8.032342e+00
4.541024e-01 7.118412e+00
-1.358174e-01 5.630058e+00
3.016124e+00 9.039357e+00
-5.929741e-01 9.286332e+00
-3.413401e-01 -7.952206e+00
1.565252e-01 -6.948708e+00
2.257411e+00 -7.895826e+00
2.650347e+00 -3.456664e+00
-1.753479e+00 1.481286e+00
-2.730129e+00 9.309801e-01
3.480933e+00 3.326372e+00
5.424803e+00 1.691590e+00
1.727703e+00 2.168171e+00
6.999522e+00 2.857766e+00
1.013749e+00 6.017207e+00
2.490794e+00 4.990568e+00
4.188388e+00 5.833895e+00
4.760167e+00 7.731878e+00
5.345686e+00 8.567030e+00
3.195054e+00 -1.106248e+01
3.923480e+00 7.034188e+00
1.910696e+00 -9.053740e+00
2.647774e+00 1.031135e+01
2.432779e-01 1.000836e+01
1.550619e+00 1.015365e+01
5.798717e+00 -4.735200e+00
3.318636e+00 -7.973398e+00
3.599438e+00 -4.607719e+00
3.575407e+00 1.066216e+00
5.816763e-01 4.631241e-01
2.574437e+00 1.706481e+00
2.596157e+00 3.963576e+00
5.811937e+00 2.424822e-01
2.072482e+00 5.914281e+00
6.165035e+00 7.599211e+00
-5.576413e-01 2.421964e+00
2.866946e+00 7.066583e+00
4.628620e+00 -1.095277e+01
4.813554e+00 9.913569e+00
3.868143e+00 1.044169e+01
2.121936e+00 -1.115648e+01
7.844285e+00 -7.169869e+00
3.988771e+00 -8.877049e+00
-9.945383e-01 -1.049472e+01
7.264030e-01 8.793382e+00
6.254312e-01 -8.967713e+00
1.260230e+00 -1.008557e+01
4.090410e+00 -5.592395e+00
5.159649e+00 -5.659254e+00
3.244213e+00 -2.590050e+00
1.846895e+00 1.037902e+00
4.743354e+00 1.016973e+00
3.616791e+00 4.793165e+00
5.778140e+00 4.644364e+00
1.854833e+00 6.889084e+00
1.514171e+00 4.583461e+00
5.584849e+00 1.077081e+01
3.125119e+00 5.751795e+00
8.343944e+00 8.379499e+00
6.650875e+00 -1.028893e+01
5.876896e+00 9.577877e+00
7.455505e+00 -9.365983e+00
9.511526e-01 1.105461e+01
4.724937e+00 -8.011008e+00
3.338876e+00 -9.986508e+00
7.029321e+00 -8.188466e+00
5.054097e+00 -9.062273e+00
4.799624e+00 -6.865901e+00
3.717830e+00 -6.714524e+00
1.535750e+00 -4.221975e-01
3.697923e+00 -3.623697e-01
6.397225e+00 1.762008e+00
7.419701e+00 1.773580e+00
7.323796e+00 7.911522e+00
6.268330e+00 6.420220e+00
8.265917e+00 7.240606e+00
9.395877e+00 7.940290e+00
6.438069e+00 8.653466e+00
1.035720e+01 7.699706e+00
4.153603e+00 9.012953e+00
2.293411e+00 -1.018248e+01
4.393333e+00 -9.936554e+00
8.693992e+00 -1.108358e+01
7.782735e+00 -1.038753e+01
8.849100e+00 -7.661055e+00
9.878353e+00 -5.826520e+00
7.999173e+00 -8.419844e+00
7.639056e+00 -5.925419e+00
3.687989e+00 -3.540968e+00
2.604875e+00 -3.559074e-02
6.598511e+00 3.926130e+00
5.817027e+00 2.708258e+00
6.179887e+00 -1.732017e+00
2.505937e+00 2.829269e+00
7.680810e+00 3.691602e+00
6.837863e+00 1.011655e+01
6.512089e+00 5.445553e+00
1.063459e+01 -1.047508e+01
7.967345e+00 1.036287e+01
8.560041e+00 -9.680324e+00
9.435034e+00 -8.813883e+00
1.039818e+01 -9.233433e+00
6.103520e+00 -7.783023e+00
6.874331e+00 -6.914098e+00
-1.018574e+01 -6.545848e+00
5.332537e+00 -2.431869e+00
9.240614e+00 -6.762943e+00
6.375014e+00 -5.701442e+00
3.421595e+00 -1.472831e+00
7.136448e+00 -3.525796e+00
5.426928e+00 -9.406920e-01
4.456641e+00 -1.230226e+00
9.690434e+00 1.348696e+00
4.301631e+00 3.876193e+00
8.131874e+00 6.059533e+00
9.408184e+00 6.874027e+00
7.181877e+00 1.104735e+01
1.010171e+01 8.939015e+00
7.309679e+00 9.131187e+00
9.008737e+00 1.030914e+01
6.294691e+00 -9.321009e+00
1.089653e+01 -5.917333e+00
9.972236e+00 -7.775704e+00
-1.111123e+01 -8.320967e+00
8.753387e+00 -5.834349e+00
4.321145e+00 -2.206981e+00
6.801847e+00 -4.539201e+00
4.734390e+00 -4.411483e+00
2.326403e+00 -1.463322e+00
5.773161e+00 -3.683053e+00
7.840495e+00 -6.289513e-01
6.729313e+00 8.548877e-01
8.932492e+00 3.652213e+00
8.315330e+00 2.643713e+00
5.145684e+00 6.599578e+00
4.755163e+00 4.858380e+00
1.099331e+01 4.322665e+00
-1.079644e+01 6.178279e+00
9.726087e+00 1.103637e+01
5.577194e+00 -1.023010e+01
-7.832204e+00 1.107800e+01
9.052568e+00 9.243293e+00
9.417831e+00 -1.025553e+01
-7.016145e+00 9.970452e+00
1.038044e+01 -6.830323e+00
1.087850e+01 -3.905288e+00
8.609154e+00 -2.701995e+00
7.968985e+00 -4.660169e+00
4.670412e+00 -3.307340e+00
8.479378e+00 1.440847e+00
7.749868e+00 4.986820e-01
6.566908e+00 -4.949614e-01
-9.835108e+00 5.498576e+00
8.624359e+00 4.613363e+00
5.373533e+00 3.661763e+00
-9.206299e+00 7.600407e+00
-9.369051e+00 4.549472e+00
-1.022000e+01 7.339737e+00
-1.065377e+01 -1.067306e+01
-9.096541e+00 1.016405e+01
