9.763344e+00 -9.567304e+00
-8.154389e+00 8.154897e+00
-4.762475e+00 9.918080e+00
-6.914280e+00 5.399333e-01
-1.011989e+01 2.570457e+00
1.106843e+01 -5.587155e+00
9.017739e+00 -4.117428e+00
-5.769850e+00 4.908490e+00
8.535088e+00 -5.089107e+00
7.879444e+00 -2.364744e+00
-3.579705e+00 1.006743e+01
-9.520577e+00 5.044496e+00
-1.089385e+01 6.024788e-01
8.354986e+00 -1.271202e+00
-1.232571e+00 4.491931e+00
7.353172e+00 2.858212e+00
1.054835e+01 9.765962e-01
-8.826254e+00 -1.084499e+01
-6.282133e+00 -6.054521e+00
-4.997737e+00 -5.925084e+00
1.114889e+01 -8.150902e+00
8.863441e+00 -6.461908e+00
2.891927e+00 -8.018726e+00
3.370824e+00 -4.153176e+00
6.788825e+00 3.910177e-01
-8.781060e+00 7.131479e+00
-3.555764e+00 2.819702e+00
4.111270e+00 1.039491e+01
4.795019e+00 -1.284697e+00
-9.868782e+00 6.657011e+00
-9.714896e-01 5.861929e+00
2.628539e+00 -3.260297e+00
-8.959699e+00 2.843135e+00
-1.091087e+01 7.274018e+00
-3.133277e-01 4.915788e+00
-9.759370e+00 1.090847e+01
9.843127e+00 -7.084433e+00
-6.694903e+00 -7.252901e+00
-1.040922e+01 -6.013612e+00
-2.848118e+00 6.390503e+00
-9.330439e+00 -6.358971e+00
9.726072e+00 -3.354000e+00
-8.546988e+00 -7.080878e+00
-7.926928e+00 9.261728e+00
-1.013429e+01 -7.386693e+00
-1.042104e+01 5.750971e+00
-9.680620e+00 5.051198e-01
-1.012566e+01 -1.361967e+00
6.866260e+00 -2.864066e+00
-6.015387e+00 1.172744e+00
7.023384e+00 -1.718771e+00
-2.387462e+00 1.427446e+00
5.621876e+00 -5.720757e-01
-8.967869e+00 6.045724e+00
7.730749e+00 -4.277715e-01
-7.032382e+00 1.540435e+00
1.756836e+00 5.256032e+00
-7.044322e+00 -8.352008e-01
-5.845138e+00 3.179559e+00
-2.524105e+00 7.665476e+00
7.190048e+00 1.112669e+01
9.066011e+00 8.811743e+00
-1.042791e+01 1.002863e+01
-5.598242e+00 -6.835431e+00
-7.982234e+00 3.495624e+00
6.691501e+00 -7.667888e+00
6.915591e+00 -6.580190e+00
-8.122016e+00 -8.759271e-01
8.902035e+00 -7.534614e+00
5.660912e+00 -3.768654e+00
2.016389e-01 5.967823e+00
5.870959e+00 -1.645929e+00
3.391704e-01 2.390124e+00
2.312760e+00 6.233759e+00
-4.693129e+00 8.194942e+00
7.393312e+00 6.176375e+00
-8.976686e+00 -1.847396e+00
-6.981773e+00 7.963988e+00
7.621500e+00 -4.541705e+00
-7.149281e+00 -9.272655e+00
5.405532e+00 -1.045865e+01
-9.267080e+00 -5.323195e+00
1.714467e+00 8.627349e+00
4.887479e+00 -7.751638e+00
7.607942e+00 -1.022093e+01
5.301021e+00 -2.802971e+00
-8.347012e+00 -3.009577e+00
1.182806e+00 6.472973e+00
3.969104e+00 -8.407309e+00
1.859675e+00 -5.226427e+00
1.084635e+01 -3.244009e+00
-2.835696e-01 -1.365814e+00
-3.434499e+00 1.683452e+00
5.334098e+00 2.611858e+00
9.914585e+00 4.370504e+00
-4.496999e-02 -4.036951e+00
9.238298e+00 2.567838e+00
-4.956346e+00 6.855514e-01
-4.609788e+00 4.766815e+00
7.829521e+00 -5.953507e+00
-1.016350e+01 -3.344292e-01
6.195719e+00 8.869612e+00
-8.332054e+00 -5.933689e+00
1.093452e+01 -6.705780e+00
-4.980883e+00 -9.471990e+00
1.097546e+01 -9.928332e+00
-3.285838e+00 -4.967929e+00
1.016372e+01 2.156438e+00
-5.852859e+00 7.910343e-02
-8.095153e+00 -4.910732e+00
1.107628e+01 -4.345292e-01
-4.450639e+00 -1.709041e+00
7.801595e-01 -7.081358e-01
1.271282e+00 8.465967e-01
1.102766e+01 8.256635e+00
1.079608e+01 1.056551e+01
-4.221416e+00 5.776620e+00
-6.928477e+00 -5.197373e+00
-8.383993e+00 4.515928e+00
-7.387521e+00 1.094559e+01
-3.496573e-01 7.942648e+00
-3.167836e+00 5.396713e+00
-3.388379e-01 -9.106938e+00
-1.019726e+01 -8.399328e+00
2.821050e+00 -6.887962e+00
-9.179185e+00 -8.141479e-01
-6.514949e+00 -1.860783e+00
-6.377098e+00 1.098339e+01
-4.416286e+00 3.650036e+00
-6.793388e+00 2.538437e+00
3.506150e+00 -6.100633e+00
-5.299149e+00 -3.996877e+00
-8.140775e+00 2.198913e+00
-1.099961e+01 3.161516e+00
-3.512917e+00 -1.049526e+01
3.103494e+00 8.962321e+00
6.465848e-01 -1.804051e+00
3.299080e+00 3.778453e+00
-1.425452e+00 7.690601e+00
2.569392e+00 7.564283e+00
-6.538349e+00 5.777912e+00
-2.159259e+00 9.862987e+00
-9.026586e+00 -8.153934e+00
-7.672580e+00 -7.812833e+00
-1.067749e+01 -3.878045e+00
-3.985571e+00 6.837147e+00
-4.908827e+00 -5.597100e-01
-2.355825e+00 -5.987193e+00
-5.670325e-03 1.451724e+00
-7.843576e+00 -1.956434e+00
1.705766e+00 -7.212688e-02
-4.838825e+00 2.638747e+00
-5.290285e+00 5.979989e+00
-4.493490e+00 -6.904325e+00
3.185119e+00 2.735489e+00
4.217008e+00 2.167392e+00
-7.413067e+00 -6.541465e+00
-5.397836e+00 9.113563e+00
7.344959e+00 4.098138e+00
-2.800455e+00 -2.784255e+00
-2.045727e+00 5.574595e+00
-3.601494e+00 4.301743e+00
6.871679e-01 -5.839475e+00
-5.806634e+00 -9.928157e-01
9.542387e+00 -1.030682e+00
1.361362e+00 1.992346e+00
3.276649e-01 2.174602e-01
-1.045527e+01 -5.011070e+00
-2.820849e+00 3.580158e+00
4.275896e-01 4.107204e+00
-2.568877e+00 8.951584e+00
3.280024e+00 -1.008374e+01
-2.997448e+00 -8.424495e+00
3.462996e+00 1.400455e+00
-9.710728e+00 3.625900e+00
-3.836351e+00 -7.467302e-01
4.133070e+00 4.440388e+00
-1.035441e+00 -1.055144e+01
5.709662e+00 -9.400047e+00
-2.659085e+00 -8.504578e-01
-1.445714e+00 1.083475e+01
8.439214e-01 5.051907e+00
-4.914242e+00 -2.983125e+00
-5.055936e+00 7.155741e+00
8.480424e+00 -1.104950e+01
4.979559e+00 7.255420e+00
-3.846899e+00 -7.739682e+00
-7.086585e+00 -2.898503e+00
-1.877215e+00 -8.277755e+00
-8.200478e+00 1.129457e+00
1.006177e+01 -2.316573e+00
-3.956681e+00 -3.906500e+00
-4.933382e-01 3.464643e+00
-1.520162e+00 3.124649e+00
1.741125e+00 -1.225080e+00
1.053150e+01 -1.086380e+01
-2.302837e+00 -1.888662e+00
3.210020e+00 9.962351e+00
3.316690e+00 6.173616e+00
5.721194e+00 -7.167208e+00
1.294777e+00 -7.234852e+00
5.311667e+00 9.414993e+00
1.049942e+01 7.352376e+00
1.065287e+01 -4.382636e+00
-3.430367e+00 8.108736e+00
8.366937e+00 1.776561e+00
7.176490e-01 -8.078978e+00
-3.194741e+00 -6.753646e+00
5.179562e+00 8.355852e+00
-9.922795e-01 -4.736063e+00
3.167004e+00 4.866214e+00
-4.365604e+00 -4.974010e+00
-3.890521e+00 -9.565741e+00
-2.346667e+00 2.590971e+00
1.825410e+00 -8.310406e+00
3.749756e+00 -8.936534e-01
6.238735e+00 4.271422e+00
9.991776e-01 3.216349e+00
1.586870e+00 -1.078046e+01
3.291023e+00 2.457749e-02
3.121739e+00 1.096955e+01
-7.959333e+00 -1.022604e+01
3.695886e-03 1.007998e+01
-6.538886e+00 8.888832e+00
2.847204e+00 -2.191178e+00
-3.394595e+00 -1.731761e+00
1.939957e+00 -6.268158e+00
-3.819498e+00 -2.755929e+00
-8.619649e+00 5.434663e-02
2.135860e+00 4.235654e+00
5.133932e+00 1.571940e+00
2.147775e+00 2.948115e+00
-4.587726e+00 -1.046260e+01
-2.525987e+00 4.583047e+00
-1.865076e+00 2.421521e-01
8.824184e+00 3.710736e+00
1.012622e+01 3.253594e+00
5.107368e+00 1.038806e+01
1.374399e+00 -3.094819e+00
-4.468674e+00 -8.614338e+00
-4.975189e+00 1.087499e+01
-2.615939e+00 -9.418980e+00
-3.994705e+00 9.159321e+00
1.011823e+01 8.547364e+00
-6.369002e+00 -3.876598e+00
-1.291554e+00 1.167589e+00
8.114997e+00 8.133565e+00
-2.785398e+00 1.102037e+01
-4.512727e+00 1.632209e+00
6.024143e+00 -6.060119e+00
-1.396176e+00 -5.721162e+00
-1.768739e+00 -3.627686e+00
6.107119e+00 1.090999e+01
2.331439e+00 7.698978e-01
-1.083453e+00 9.862900e+00
-9.875124e-01 2.169397e+00
2.138120e-01 -7.141544e+00
9.438387e+00 -1.057742e+01
8.835177e+00 9.944685e+00
1.848121e+00 -9.763935e+00
9.285779e+00 1.121353e+00
7.664807e+00 -8.206739e+00
-5.467584e+00 -1.986994e+00
-6.129911e+00 -9.576381e+00
-1.014566e+01 1.524443e+00
9.849229e-01 -4.045463e+00
6.871972e+00 -5.397060e+00
3.910998e+00 -7.107228e+00
8.820421e+00 -1.279832e-01
-5.222804e-01 -8.047774e+00
-5.979154e+00 -2.844859e+00
6.303846e+00 3.158992e+00
8.816623e+00 -2.863978e+00
4.025600e+00 -2.001813e+00
5.232501e+00 6.202668e+00
5.348142e+00 5.058278e+00
3.571655e+00 7.096342e+00
4.087557e+00 9.355999e+00
7.621389e+00 9.140545e+00
6.220979e+00 5.644841e+00
6.791479e+00 9.920038e+00
1.780689e+00 -2.241781e+00
3.910468e+00 8.088260e+00
2.091393e+00 1.049149e+01
-1.045824e+01 4.543491e+00
-5.611349e+00 -1.067964e+01
-1.448746e+00 -7.353510e+00
4.934450e+00 -8.785379e+00
4.955921e+00 -4.599296e+00
-2.566435e-01 -5.452140e+00
-2.302476e+00 -4.967021e+00
-5.629083e-01 -3.176531e+00
6.362507e+00 6.626154e+00
4.386617e+00 3.269278e+00
-2.075553e+00 -1.049411e+01
-2.933030e+00 4.112806e-01
-1.004806e+01 7.789809e+00
5.584971e+00 5.074390e-01
1.013468e+00 9.405139e+00
-7.272564e+00 4.681948e+00
-1.075195e+01 -1.098743e+01
8.704693e+00 -9.983042e+00
7.250937e+00 1.646847e+00
2.235828e+00 -4.224770e+00
3.989185e-01 -2.810105e+00
4.425139e+00 8.093215e-01
-1.053412e+01 -9.500081e+00
3.904815e+00 -5.160338e+00
9.435110e+00 6.643192e+00
-3.945863e+00 7.308099e-01
-8.743996e+00 -3.961506e+00
-1.416561e+00 -9.162194e+00
-7.056770e+00 9.790877e+00
-7.615734e+00 5.694109e+00
4.157595e+00 5.598631e+00
1.112503e+01 9.372661e+00
-5.805819e+00 -4.955693e+00
-8.468113e+00 1.044404e+01
6.174683e+00 7.670284e+00
7.415837e+00 5.204684e+00
9.715484e+00 1.067003e+01
-6.795602e+00 -1.030998e+01
-9.356613e+00 -9.307097e+00
1.020673e+01 9.763927e+00
8.527046e+00 -8.953504e+00
6.940215e+00 -9.016666e+00
-6.408868e-01 6.954061e+00
7.446709e+00 7.225275e+00
8.493800e+00 4.692636e+00
-1.594002e+00 6.689062e+00
8.340064e+00 6.764763e+00
-6.444182e+00 -8.347498e+00
-1.484695e+00 8.855574e+00
2.583113e+00 1.853076e+00
6.710684e+00 -6.748134e-01
4.434247e+00 -9.877542e+00
-2.490574e+00 -7.475013e+00
3.892322e-01 7.152185e+00
-5.834036e+00 8.096453e+00
3.161736e-01 -1.055020e+01
5.825824e+00 -8.289788e+00
-9.667635e+00 -4.340053e+00
4.495752e+00 -3.456310e+00
1.048958e+00 1.060993e+01
-8.300166e+00 -8.887069e+00
-1.076629e+01 -2.571874e+00
-1.026160e+01 8.958233e+00
4.951124e+00 -5.606418e+00
-1.260211e+00 -2.064801e+00
1.060758e+01 -1.344617e+00
-1.604626e+00 -1.075352e+00
8.105678e+00 -3.614014e+00
-3.976354e+00 -5.978375e+00
6.135354e-01 8.236841e+00
6.153540e+00 1.966322e+00
9.015905e+00 7.662727e+00
-7.348402e+00 -4.159975e+00
8.432120e+00 5.786028e+00
1.423273e+00 7.631589e+00
-9.122132e+00 8.366102e+00
6.449138e+00 -1.023943e+01
7.901166e+00 -6.992557e+00
7.759280e+00 1.027764e+01
-9.785707e+00 -1.032879e+01
6.688538e+00 -3.900504e+00
-9.136256e+00 1.603786e+00
1.007260e+01 1.442841e-02
-2.859056e+00 -3.937221e+00
4.468597e+00 -1.097314e+01
-7.039165e-01 -2.698012e-02
2.693829e+00 -8.287425e-01
5.980120e+00 -4.745504e+00
1.080385e+01 4.977258e+00
4.628956e+00 -2.247174e-01
1.114674e+01 1.921619e+00
-4.290180e-01 1.103275e+01
3.551361e+00 -2.970202e+00
8.115594e+00 7.121078e-01
-6.155549e+00 6.830526e+00
2.657216e+00 -9.027985e+00
9.725635e+00 -8.396301e+00
1.036617e+01 6.093832e+00
2.304284e+00 9.485646e+00
-1.682643e-01 8.979939e+00
7.035611e+00 8.241907e+00
9.519822e+00 5.322427e+00
-7.623893e+00 7.004315e+00
4.811530e+00 -6.664260e+00
-7.078730e-01 -6.519726e+00
1.001028e+01 -6.055850e+00
2.922524e+00 -5.200669e+00
9.606190e+00 -4.948596e+00
-6.870322e+00 3.703806e+00
5.235970e+00 3.918760e+00
9.850569e-01 -9.121483e+00
-5.277227e+00 -7.874840e+00
-5.755818e+00 2.134373e+00
-9.644720e+00 -3.169063e+00
-9.233491e+00 9.694363e+00
-5.942616e+00 9.999073e+00
