9.758345e+00 -1.015680e+01
1.066290e+01 -1.083579e+01
-1.046598e+01 -7.892358e+00
-8.636233e+00 -8.234034e+00
-1.048884e+01 -6.708597e+00
-1.024406e+01 -5.275485e+00
1.069986e+01 -4.924489e+00
1.034580e+01 -3.624633e+00
8.431700e+00 -1.003214e+00
9.469192e+00 -6.667762e-01
1.041245e+01 8.070155e-01
9.359415e+00 1.614488e+00
1.096223e+01 1.617953e+00
1.011355e+01 2.334073e+00
1.018413e+01 3.528120e+00
9.737823e+00 4.498227e+00
-1.047451e+01 6.481607e+00
1.057526e+01 9.441156e+00
8.902998e+00 1.019890e+01
8.948436e+00 -1.075445e+01
-9.754657e+00 -9.877697e+00
-1.059359e+01 -9.217313e+00
-1.066114e+01 -1.072376e+01
-9.579632e+00 -7.361866e+00
-9.596823e+00 -6.117729e+00
-9.136552e+00 -5.021514e+00
-8.818498e+00 -3.980793e+00
-1.100220e+01 -4.040763e+00
1.019916e+01 -2.415607e+00
1.100627e+01 -4.025925e-02
-9.958069e+00 -2.099268e+00
-1.038563e+01 -7.487398e-01
-1.058253e+01 6.206678e-01
-1.044587e+01 2.049283e+00
-1.057210e+01 5.318231e+00
-1.010341e+01 4.347639e+00
1.013988e+01 8.019405e+00
-1.012214e+01 7.539097e+00
-1.114057e+01 8.253320e+00
-1.072089e+01 9.450754e+00
-9.738860e+00 -1.115031e+01
-7.613991e+00 -9.914873e+00
-9.707889e+00 -8.661062e+00
-8.807767e+00 -9.340092e+00
-7.610536e+00 -7.811752e+00
-9.865689e+00 -4.132255e+00
-8.126803e+00 -5.991749e+00
-1.028366e+01 -3.179404e+00
-1.104351e+01 -1.552922e+00
-9.211769e+00 -2.872261e+00
-9.451655e+00 -1.222575e+00
-9.180259e+00 1.410787e-01
-9.715191e+00 1.030614e+00
-1.098773e+01 3.616118e+00
-9.117002e+00 3.845855e+00
-9.441611e+00 6.560346e+00
1.099533e+01 7.208123e+00
-8.463080e+00 6.830445e+00
-1.020868e+01 8.558119e+00
-9.792492e+00 1.012702e+01
-8.805308e+00 -1.046328e+01
-7.882063e+00 -1.107539e+01
-6.802492e+00 -9.173859e+00
-7.797092e+00 -8.883155e+00
-8.463614e+00 -7.142035e+00
-7.212351e+00 -6.662270e+00
-6.949748e+00 -4.410805e+00
-8.056423e+00 -4.829275e+00
-1.112397e+01 -2.565320e+00
-7.983946e+00 -2.708648e+00
-8.741536e+00 -1.946801e+00
-8.072308e+00 -4.983983e-01
-9.179702e+00 2.199405e+00
-9.784310e+00 3.082770e+00
1.105644e+01 2.589226e+00
-9.407277e+00 5.046503e+00
-8.380361e+00 4.659694e+00
-8.130185e+00 7.744216e+00
-9.139106e+00 7.911585e+00
-9.347089e+00 9.171796e+00
-7.135061e+00 9.507493e+00
-7.819104e+00 1.025957e+01
-5.733783e+00 -8.922886e+00
-4.791289e+00 -8.357823e+00
-6.712327e+00 -8.188753e+00
-5.944766e+00 -7.414301e+00
-6.216832e+00 -6.460860e+00
-6.892192e+00 -5.538940e+00
-7.804202e+00 -3.761232e+00
-6.526527e+00 -1.142767e+00
-7.536151e+00 -1.638727e+00
-8.683695e+00 1.217549e+00
-7.035303e+00 -1.368739e-01
-7.855557e+00 1.980297e+00
-8.445628e+00 2.896704e+00
-7.385669e+00 4.929514e+00
-8.708131e+00 5.828935e+00
-8.195206e+00 9.215100e+00
-6.261758e+00 8.811427e+00
-8.777361e+00 1.082548e+01
-6.241919e+00 1.008865e+01
-6.555837e+00 1.110395e+01
-5.387600e+00 1.097703e+01
-6.089402e+00 -1.013704e+01
-3.639107e+00 -8.958066e+00
-5.614024e+00 -5.332270e+00
-3.559219e+00 -3.187377e+00
-5.604929e+00 -4.326714e+00
-6.941955e+00 -3.206610e+00
-4.901495e+00 -3.661668e-01
-5.888951e+00 -2.990914e-01
-7.619683e+00 7.982563e-01
-6.830472e+00 1.714515e+00
-7.087090e+00 2.797267e+00
-5.868992e+00 3.263898e+00
-7.645162e+00 3.705879e+00
-7.695709e+00 6.087250e+00
-7.274956e+00 8.403272e+00
-6.027611e+00 6.826304e+00
-5.765060e+00 7.840851e+00
-5.191660e+00 8.774653e+00
-5.139782e+00 9.905843e+00
-4.975546e+00 -1.041387e+01
-3.888298e+00 -7.830435e+00
-4.938220e+00 -7.297471e+00
-4.400415e+00 -4.996982e+00
-5.360003e+00 -1.885539e+00
-5.867319e+00 -3.180640e+00
-6.379400e+00 -2.219854e+00
-3.508691e+00 -2.056701e+00
-5.119491e+00 6.977361e-01
-6.222149e+00 8.549782e-01
-5.710863e+00 1.894764e+00
-4.749417e+00 2.916595e+00
-5.514725e+00 4.205236e+00
-6.617353e+00 4.307201e+00
-6.993862e+00 7.229194e+00
-6.639419e+00 6.010150e+00
-3.145127e+00 6.107219e+00
-4.938044e+00 6.995468e+00
-4.322008e+00 1.102089e+01
-3.026327e+00 1.111063e+01
-2.845745e+00 -9.578009e+00
-4.708623e+00 -9.402449e+00
-3.843429e+00 -6.767877e+00
-4.930151e+00 -6.213801e+00
-3.460323e+00 -5.557369e+00
-4.124957e+00 -1.046397e+00
-4.544938e+00 -2.667845e+00
-3.862772e+00 3.904510e-01
-1.622599e+00 -2.042240e-01
-3.211188e+00 -5.220188e-01
-4.679791e+00 1.833051e+00
-4.252192e+00 3.846730e+00
-4.486080e+00 4.939344e+00
-5.628857e+00 5.604974e+00
-3.088995e+00 4.767391e+00
-2.902170e+00 7.948879e+00
-3.674592e+00 7.062149e+00
-4.219252e+00 8.112190e+00
-4.217872e+00 9.292810e+00
-1.777972e+00 -9.241973e+00
-3.739091e+00 -1.041806e+01
-2.814574e+00 -7.501584e+00
-2.010623e+00 -6.923692e+00
-2.833357e+00 -6.367290e+00
-1.339300e-01 -3.323965e+00
-4.506350e+00 -3.842315e+00
-3.485616e+00 -4.229112e+00
-2.523672e+00 -3.390437e+00
-2.553439e+00 -1.339584e+00
-2.457284e+00 4.552310e-01
-3.706050e+00 1.415327e+00
-3.621979e+00 2.515081e+00
-2.529782e+00 2.821368e+00
-4.256647e+00 6.015955e+00
-2.035363e+00 4.180517e+00
-1.812002e+00 7.766191e+00
-2.105427e+00 8.879612e+00
-3.170483e+00 9.189845e+00
-2.304579e+00 -1.048799e+01
-3.645321e+00 1.019595e+01
-6.686079e-01 -8.976421e+00
-1.425252e+00 -7.838024e+00
-2.577026e+00 -8.508610e+00
-1.507106e+00 -5.456491e+00
-2.637555e+00 -4.784584e+00
-5.770320e-01 -4.670890e+00
-2.065773e+00 -2.439867e+00
-1.653434e+00 -4.387280e+00
-1.470842e+00 -1.548323e+00
-7.124050e-01 3.912532e-01
-1.561224e+00 1.081998e+00
-2.648244e+00 1.672794e+00
-7.173686e-01 5.294453e+00
-3.059265e+00 3.750929e+00
-2.405378e+00 6.808340e+00
-1.228107e+00 9.610705e+00
-2.316705e+00 9.961661e+00
-1.855958e+00 1.084329e+01
-6.889765e-01 1.044470e+01
4.184940e-02 9.456770e+00
-5.859268e-02 -9.806804e+00
-3.286100e-01 -7.820676e+00
1.647818e+00 -6.407832e+00
-4.724613e-01 -6.782641e+00
2.163509e+00 -5.408679e+00
-1.436186e+00 -3.269931e+00
1.754727e+00 -3.079235e+00
-7.612796e-01 -2.467295e+00
1.725869e-01 -7.315440e-02
2.144189e-01 1.037019e+00
-5.083104e-01 2.823484e+00
-1.459730e+00 2.172806e+00
-1.468329e+00 3.310312e+00
-2.235346e+00 5.596443e+00
-1.440157e+00 6.318007e+00
-8.608793e-01 8.628624e+00
7.623444e-01 6.888291e+00
-4.554922e-03 7.772135e+00
5.685393e-01 1.056792e+01
-1.252018e+00 -1.030303e+01
3.394295e-01 -8.807887e+00
6.527709e-01 -6.526740e+00
-2.930881e-01 -5.730126e+00
8.915582e-01 -5.178006e+00
2.778590e+00 -4.502135e+00
2.182152e-01 -2.154623e+00
2.612553e+00 -2.446385e+00
7.134686e-01 -1.118738e+00
-5.255259e-01 1.770936e+00
1.197411e+00 7.272476e-01
5.054538e-01 2.296590e+00
-8.273031e-01 4.105403e+00
-2.175141e-01 6.191762e+00
1.647570e+00 6.335355e+00
-8.455981e-01 7.250948e+00
3.717678e+00 6.635415e+00
7.993556e-01 8.696322e+00
1.484032e+00 7.661228e+00
2.576830e+00 9.840140e+00
1.364975e+00 1.114104e+01
-2.267385e-01 -1.100136e+01
8.010007e-01 -1.026614e+01
9.750613e-01 -7.762219e+00
1.975480e+00 -7.457069e+00
1.770125e+00 -4.349386e+00
2.948913e+00 -3.428656e+00
7.077776e-01 -3.912494e+00
-4.314669e-01 -1.010634e+00
1.407801e+00 -3.905495e-01
1.739093e+00 1.954237e+00
1.507407e+00 3.133581e+00
3.730589e-01 3.448551e+00
1.211003e+00 4.317144e+00
1.289196e-01 4.749928e+00
2.573374e+00 6.937263e+00
4.670571e+00 5.997767e+00
3.567625e+00 7.737562e+00
1.437139e+00 9.996054e+00
3.131981e+00 9.041977e+00
3.093240e+00 -1.070999e+01
4.387800e+00 1.084502e+01
3.344827e+00 1.059801e+01
1.440774e+00 -9.156853e+00
4.102750e+00 -7.581984e+00
3.039020e+00 -6.185901e+00
3.730313e+00 -2.733102e+00
1.475733e+00 -2.111233e+00
2.246761e+00 -1.222039e+00
3.389369e+00 -1.341638e+00
2.198732e+00 7.637017e-01
3.516156e+00 2.575453e+00
2.549008e+00 2.965816e+00
3.121313e+00 4.625173e+00
8.011680e-01 5.690251e+00
3.161542e+00 5.799528e+00
5.110726e+00 8.095387e+00
2.533289e+00 8.004486e+00
2.005995e+00 8.913557e+00
4.249489e+00 9.886765e+00
5.254669e+00 -1.086619e+01
3.590887e+00 -9.561684e+00
1.990658e+00 -1.038623e+01
2.600093e+00 -9.436769e+00
2.996650e+00 -8.313773e+00
3.043751e+00 -7.199448e+00
4.866763e+00 -4.544889e+00
3.776344e+00 -4.165892e+00
4.718730e+00 -2.262139e+00
3.793235e+00 -3.597990e-01
2.628238e+00 -2.216446e-01
4.548963e+00 2.905535e+00
3.681849e+00 3.581999e+00
4.817415e+00 4.110542e+00
2.363387e+00 3.991618e+00
4.641935e+00 7.116402e+00
2.059348e+00 5.212022e+00
7.126612e+00 8.085349e+00
4.239763e+00 8.770694e+00
5.229749e+00 1.017190e+01
6.155424e+00 -7.500406e+00
4.144030e+00 -1.039521e+01
4.109519e+00 -8.568483e+00
4.137592e+00 -6.530620e+00
5.867104e+00 -6.331567e+00
3.761116e+00 -5.441777e+00
4.837285e+00 -5.683903e+00
5.903291e+00 -2.571299e+00
4.571824e+00 -3.293688e+00
4.491749e+00 -1.296893e+00
3.796314e+00 7.411459e-01
5.654509e+00 3.298158e+00
6.311035e+00 4.195497e+00
5.578034e+00 5.057362e+00
4.274322e+00 4.994032e+00
5.670915e+00 6.417373e+00
5.993290e+00 7.525089e+00
6.080927e+00 8.529683e+00
5.249865e+00 9.179576e+00
6.143058e+00 1.077195e+01
5.132341e+00 -8.285665e+00
5.112855e+00 -7.189751e+00
6.248666e+00 -8.783897e+00
7.151345e+00 -7.033809e+00
6.804198e+00 -5.824326e+00
7.066848e+00 -4.736909e+00
5.754224e+00 -5.182321e+00
6.952010e+00 -3.732624e+00
5.543043e+00 -1.594905e+00
6.121960e+00 1.094757e+00
5.321764e+00 -5.123451e-01
4.914539e+00 5.732450e-01
2.877253e+00 1.524769e+00
6.849734e+00 3.173114e+00
6.830488e+00 6.641415e+00
7.952567e+00 6.347548e+00
8.155754e+00 7.415391e+00
7.157054e+00 9.099182e+00
7.135827e+00 1.056457e+01
5.840842e+00 -9.776393e+00
8.308340e+00 -8.752321e+00
4.805351e+00 -9.365318e+00
7.417382e+00 -8.402266e+00
9.803737e+00 -7.429950e+00
8.223336e+00 -5.468562e+00
8.125048e+00 -6.676192e+00
5.961419e+00 -3.803919e+00
7.961529e+00 -3.089959e+00
7.142858e+00 -2.440773e+00
6.462081e+00 -1.215751e+00
5.279709e+00 2.118778e+00
7.157932e+00 7.541399e-01
4.330137e+00 1.690125e+00
6.288084e+00 2.346286e+00
6.776950e+00 5.570195e+00
8.475423e+00 5.245575e+00
8.994635e+00 6.501916e+00
8.140450e+00 8.470938e+00
8.180111e+00 1.097445e+01
6.250693e+00 9.702144e+00
8.611402e+00 -9.767559e+00
8.726384e+00 -7.538557e+00
9.546610e+00 -8.823586e+00
1.004484e+01 -5.876555e+00
9.387846e+00 -5.044314e+00
9.241114e+00 -6.546864e+00
8.251450e+00 -4.384225e+00
9.004898e+00 -2.754299e+00
8.113045e+00 -1.991425e+00
7.355118e+00 -7.509301e-01
6.401719e+00 2.949629e-02
8.115330e+00 1.253100e+00
7.351249e+00 2.163236e+00
7.845669e+00 3.247854e+00
7.500039e+00 4.734236e+00
9.613153e+00 5.624545e+00
9.143276e+00 8.272492e+00
7.901580e+00 9.875844e+00
6.642817e+00 -1.043881e+01
9.904940e+00 1.064520e+01
7.769486e+00 -1.039184e+01
7.242359e+00 -9.436685e+00
1.064810e+01 -9.500493e+00
1.073002e+01 -8.397485e+00
1.095432e+01 -7.275065e+00
1.105464e+01 -6.176309e+00
9.214527e+00 -3.804122e+00
9.190801e+00 -1.704170e+00
1.028889e+01 -1.350039e+00
9.172344e+00 4.034650e-01
8.191767e+00 2.679344e-02
8.537569e+00 2.285271e+00
9.234277e+00 3.041677e+00
8.520205e+00 4.136681e+00
1.069170e+01 6.208306e+00
1.076877e+01 5.035209e+00
9.932301e+00 6.868318e+00
9.488816e+00 9.368109e+00
1.096355e+01 1.058352e+01
