-8.241193e+00 -9.192914e+00
-1.090657e+01 8.965792e+00
-1.060710e+01 1.000330e+01
-9.006247e+00 -8.499673e+00
9.836485e+00 -5.158145e+00
-1.054236e+01 -5.701139e+00
1.064987e+01 -4.406126e+00
9.643087e+00 -2.610623e+00
6.030198e+00 -4.874029e+00
9.136279e+00 -4.500096e-01
6.228632e+00 4.549129e+00
9.677951e+00 5.885101e+00
1.025054e+01 8.839448e-02
5.174198e+00 6.160721e+00
-8.857188e+00 9.377709e+00
9.299332e+00 4.730132e+00
-9.746617e+00 2.417108e+00
-5.724830e+00 8.566172e+00
9.313650e+00 9.257557e+00
-7.839015e+00 1.117278e+01
-9.986350e+00 -7.682512e+00
-5.248134e+00 -9.061779e+00
-1.061969e+01 -9.989160e+00
-1.040808e+01 -6.722406e+00
1.113183e+01 -7.266579e+00
-1.077875e+01 -3.162459e+00
-7.906724e+00 -8.105518e-01
9.515654e+00 -3.853761e+00
8.449755e+00 -3.394621e+00
1.049297e+01 1.104192e+00
-9.644931e+00 -2.166056e+00
8.645378e+00 -2.138579e+00
-1.042919e+01 -1.023958e+00
1.115945e+01 3.317215e+00
7.445397e+00 8.812037e-01
6.328546e+00 7.867864e+00
-9.878810e+00 9.055237e+00
-6.221856e+00 9.477680e+00
-9.308753e+00 1.050056e+01
1.094987e+01 7.449874e+00
-6.876288e+00 -7.833711e+00
-6.055930e+00 -6.684751e+00
9.789567e+00 1.035960e+01
-6.308294e+00 -1.106210e+01
-9.334113e+00 -6.204809e+00
-6.869990e+00 -6.275048e-01
-8.532018e+00 -2.561595e+00
-7.093575e+00 -3.789042e+00
4.270992e+00 -1.744917e+00
-9.267410e+00 -6.855114e-01
1.059381e+01 -2.110628e+00
-8.685507e+00 3.903046e-01
1.047911e+01 -9.478869e-01
1.084966e+01 6.283588e+00
9.291141e+00 7.195703e-01
-6.563551e+00 6.566724e+00
-9.582375e+00 5.993113e+00
-2.652310e+00 5.292726e+00
-6.746773e+00 5.398689e+00
-5.502753e+00 6.720668e+00
-4.871356e+00 -9.988743e+00
-2.883573e+00 -9.947589e+00
-7.157984e+00 -9.199727e+00
-7.261574e+00 -6.904213e+00
-8.715945e+00 -1.455772e+00
-8.816021e+00 -5.291910e+00
-7.860474e+00 -6.008082e+00
-8.984807e+00 -4.159007e+00
7.677539e+00 -6.341942e+00
-7.649614e+00 1.560944e-01
-9.848150e+00 2.506063e-01
1.009634e+01 3.914770e+00
6.387753e+00 6.357146e-01
8.497101e+00 5.532531e+00
-1.057902e+01 5.681901e+00
8.610623e+00 2.557035e+00
-8.080618e+00 1.214424e+00
-4.386696e+00 7.089939e+00
-8.221616e+00 7.203139e+00
-8.248918e+00 1.023759e+01
-5.101007e+00 9.508411e+00
-8.175318e+00 -1.017975e+01
-6.035916e+00 -9.811037e+00
-5.417706e+00 -7.956611e+00
-8.551188e+00 -7.240844e+00
-1.049807e+01 -4.211356e+00
-5.071475e+00 -4.310107e+00
-7.123557e+00 -2.785492e+00
-1.085472e+01 -8.276176e+00
4.143230e-01 -4.646615e+00
-9.873650e+00 -4.983166e+00
-2.811808e+00 2.439790e+00
-7.676573e+00 2.222059e+00
-8.067375e+00 3.202046e+00
-1.072450e+01 2.024843e+00
8.556684e+00 1.473673e+00
-1.004499e+01 3.451663e+00
-9.142066e+00 -1.068310e+01
-2.322508e+00 7.965592e+00
-4.003945e+00 -1.091238e+01
-6.841180e+00 8.393523e+00
-1.806533e+00 -1.034796e+01
-5.065968e+00 -1.100023e+01
-5.777638e+00 -2.238922e+00
-2.881078e+00 -5.898909e+00
-8.113493e+00 -3.475209e+00
1.749893e+00 -1.438749e+00
-9.507909e+00 -3.209384e+00
-3.897664e+00 -4.275327e+00
-5.553076e+00 -3.356041e+00
-5.381745e+00 -1.677853e-01
-6.608732e+00 3.608854e+00
-8.229807e+00 5.138485e+00
-5.980210e+00 4.502244e+00
-9.085920e+00 3.234760e+00
-1.111030e+01 1.052614e-01
-7.628486e+00 6.212480e+00
-6.244352e+00 -8.668695e+00
-1.062792e+01 1.035054e+00
-8.596392e+00 6.112242e+00
-1.863478e+00 6.045438e+00
-5.681249e+00 5.720110e+00
-7.371471e-01 -8.397795e+00
-6.781875e+00 -5.645238e+00
-1.808230e+00 -4.114288e+00
-2.959805e+00 -3.638251e+00
-3.782589e+00 -1.611489e+00
-5.709302e+00 -5.288662e+00
-6.312955e+00 2.708402e-01
-4.892312e+00 6.970172e-01
-6.795336e+00 -1.725052e+00
-3.778355e+00 2.649358e+00
-6.613845e+00 2.270448e+00
1.063883e+01 2.276498e+00
-3.379727e+00 3.816946e+00
-3.489811e+00 6.286231e+00
-4.847640e+00 4.669215e+00
-9.484144e+00 7.096767e+00
-3.818836e+00 5.045114e+00
-4.508933e+00 5.887330e+00
-7.130014e+00 7.429689e+00
-1.751958e+00 8.915181e+00
-5.668010e+00 1.036459e+01
-3.095647e+00 -8.701936e+00
-4.431831e+00 -7.204638e+00
-4.361633e+00 -8.217350e+00
-4.565057e+00 -3.335304e+00
-6.111779e+00 -4.258305e+00
-1.850158e+00 -5.190827e+00
-4.216613e+00 -8.723125e-02
-9.157068e-01 1.534410e-02
-8.757968e-01 -4.750764e+00
-7.003112e+00 1.110464e+00
4.400737e-02 3.145328e+00
-4.855783e+00 3.550662e+00
-1.114184e+00 2.768878e+00
-5.898463e+00 -1.165536e+00
-2.604023e+00 6.793130e+00
-6.084100e+00 7.606740e+00
7.045701e-01 4.088102e+00
-4.665454e+00 1.048756e+01
-7.162247e+00 1.028989e+01
-4.090034e+00 9.098017e+00
-3.802100e+00 -6.377853e+00
-4.701871e+00 -2.262101e+00
-1.829373e+00 5.300552e-01
9.017031e-01 -6.911774e+00
-7.264154e+00 -4.840928e+00
-2.606616e+00 -1.085501e+00
1.817272e+00 -6.088226e+00
1.947567e-01 -7.719059e+00
5.142756e-01 1.821891e-01
-3.602689e+00 -2.788433e+00
-4.786607e+00 2.156462e+00
-9.247248e+00 1.295443e+00
-7.391997e+00 4.423965e+00
1.589669e-01 5.687189e+00
-3.344147e+00 -7.612070e+00
-1.545327e+00 7.045537e+00
-1.149483e+00 1.441646e+00
3.489030e-01 -8.718896e+00
-4.811146e+00 8.234216e+00
1.347078e+00 -8.039484e+00
-2.249007e+00 -7.828057e+00
-4.961878e+00 -6.369248e+00
-3.001304e+00 -4.863010e+00
2.776037e+00 -5.662109e+00
-4.041658e+00 -9.350846e+00
-2.051389e+00 -3.053580e+00
-5.810498e+00 1.269064e+00
-2.901756e+00 2.103717e-01
-1.710091e+00 -2.081402e+00
-8.720002e+00 2.255308e+00
-3.549441e+00 1.605731e+00
3.991924e+00 4.048539e+00
-9.303759e+00 4.490810e+00
-6.967438e-01 3.876136e+00
1.750925e-01 8.154052e+00
-8.909854e-01 4.978901e+00
-7.001694e+00 -1.032818e+01
-2.624471e+00 1.007150e+01
1.833950e+00 9.607882e+00
-9.176011e-01 8.024010e+00
-4.361072e+00 -5.228375e+00
-1.263912e+00 9.775144e+00
3.083878e+00 -9.148015e+00
-1.131174e+00 -7.420233e+00
4.057168e+00 -8.502470e+00
3.380006e+00 -6.553350e+00
-1.467282e+00 -1.009896e+00
6.272946e+00 -1.461555e+00
2.425999e+00 8.483818e-01
7.874456e-01 6.702049e+00
-4.770129e+00 -1.081887e+00
-1.929002e+00 4.511904e+00
-2.194229e+00 3.342063e+00
-8.355202e-01 6.079537e+00
-3.418813e+00 7.699609e+00
2.869156e+00 9.979946e+00
1.132705e+00 4.954235e+00
-3.633290e+00 1.005805e+01
-1.631637e+00 -9.015476e+00
6.404663e+00 1.093413e+01
-2.310456e+00 -6.855968e+00
6.627863e-01 -5.860643e+00
-3.260288e-01 -3.820173e+00
1.752109e+00 -4.794296e+00
1.375813e+00 8.466683e-01
2.068046e+00 -3.663132e+00
7.274862e+00 -5.765077e-01
-5.630299e+00 2.725225e+00
7.132431e-01 1.663605e+00
1.035801e+00 2.735890e+00
2.501283e+00 2.994296e+00
1.822853e+00 3.788648e+00
4.106956e+00 6.325089e+00
3.121817e+00 6.380223e+00
-3.543253e-01 9.156875e+00
-1.031888e-01 1.097741e+01
1.162774e+00 7.605152e+00
-3.886739e-01 7.177878e+00
2.071808e+00 1.071933e+01
-8.544568e-01 -9.781177e+00
-2.978408e+00 8.878969e+00
-3.821073e-01 -5.689101e+00
-1.402821e+00 -6.102284e+00
2.871682e+00 -8.132684e+00
2.771721e+00 -4.538197e+00
-3.215858e-01 8.494668e-01
-2.496626e+00 1.247372e+00
3.685728e+00 -3.703994e-01
4.071667e+00 1.492250e+00
1.755034e+00 1.963177e+00
6.723568e+00 6.665352e+00
1.465487e+00 5.934316e+00
-3.505891e-01 2.087974e+00
2.486300e+00 -1.823838e-01
6.647369e-01 9.533932e+00
5.226923e+00 8.118602e+00
1.308350e+00 -1.065005e+01
3.353020e+00 7.438338e+00
2.023522e+00 -8.972262e+00
2.531292e-01 -1.030252e+01
-2.604926e+00 -1.104258e+01
4.652667e+00 1.028468e+01
4.510707e+00 -3.970474e+00
4.401060e+00 -5.969799e+00
3.944829e+00 -4.841933e+00
3.185746e+00 -1.404781e+00
-2.716627e+00 -2.240513e+00
-5.366820e-02 -6.852869e-01
2.803276e+00 1.863941e+00
7.399068e+00 -1.741346e+00
5.163178e+00 4.286373e+00
3.039441e+00 8.924385e+00
2.926750e+00 4.117711e+00
2.185450e+00 6.914852e+00
3.875910e+00 9.564222e+00
2.936021e+00 -1.084095e+01
4.287979e+00 -1.083469e+01
5.396729e+00 1.111437e+01
7.631349e+00 -4.047337e+00
5.574837e+00 -5.790438e+00
-1.517563e+00 1.105042e+01
1.292965e+00 8.707275e+00
-3.478973e-01 -6.713444e+00
2.189693e+00 -1.004508e+01
4.066258e+00 -7.425085e+00
6.625279e+00 -5.914581e+00
3.542375e+00 -2.491630e+00
-6.321640e-01 -1.726733e+00
4.850701e+00 -9.090751e-01
3.275762e+00 5.306047e+00
6.150755e+00 1.893356e+00
2.256473e+00 5.025543e+00
4.958194e+00 2.028359e+00
7.348533e+00 -1.064182e+01
5.409993e+00 1.008010e+00
6.178598e+00 5.716618e+00
6.131443e+00 8.987929e+00
3.640894e+00 1.067087e+01
7.941869e+00 -9.659865e+00
1.079324e+00 -9.558489e+00
3.019457e+00 -3.447262e+00
2.355300e+00 -7.011422e+00
8.966811e+00 -7.978243e+00
5.504053e+00 -7.860287e+00
6.416947e+00 -7.161749e+00
5.347261e+00 -6.844180e+00
1.234644e+00 -2.544244e+00
1.495549e+00 -4.477446e-01
5.981500e+00 -2.422666e-01
8.255142e+00 -1.159149e+00
4.951082e+00 9.264917e+00
5.824774e+00 6.968531e+00
8.396691e+00 7.557405e+00
7.358835e+00 7.669892e+00
8.303061e+00 8.568134e+00
7.857541e+00 6.534278e+00
9.566448e-01 1.054136e+01
4.185337e+00 -9.855668e+00
5.199978e+00 -1.007068e+01
1.003161e+01 -9.685323e+00
8.516044e+00 -1.091313e+01
9.556213e+00 -1.078098e+01
9.280884e+00 -6.170036e+00
1.072242e+01 -1.047544e+01
7.967263e+00 -8.606185e+00
4.634669e+00 -2.826452e+00
-8.863398e-01 -2.868810e+00
7.401069e+00 5.392811e+00
6.736855e+00 3.301938e+00
8.935009e+00 3.627813e+00
4.613774e+00 3.162262e+00
5.649012e+00 3.263315e+00
3.881391e+00 8.284438e+00
4.427902e+00 5.150341e+00
1.073092e+01 1.076959e+01
7.129928e+00 8.736984e+00
7.485921e+00 -7.504700e+00
1.101021e+01 -9.221339e+00
-1.023536e+01 -9.017306e+00
6.065786e+00 -9.126450e+00
6.327220e+00 -1.021749e+01
-7.893330e+00 -8.098591e+00
5.308361e+00 -1.894998e+00
9.701579e+00 -7.146870e+00
4.950461e+00 -5.015037e+00
6.565510e-01 -1.571179e+00
8.226169e+00 -5.387411e+00
3.400293e+00 6.174171e-01
2.458169e+00 -2.599032e+00
9.678260e+00 1.760562e+00
3.490380e+00 2.605662e+00
9.550466e+00 7.909229e+00
9.885147e+00 6.943163e+00
5.719568e+00 1.007693e+01
8.852628e+00 6.588799e+00
7.701911e+00 1.064535e+01
8.704664e+00 1.022891e+01
8.983144e+00 -9.923080e+00
8.685719e+00 -4.443905e+00
1.031827e+01 -8.127005e+00
-1.062709e+01 1.115944e+01
1.073688e+01 -5.966626e+00
7.518666e+00 -2.947785e+00
8.498737e+00 -6.991290e+00
1.051273e+00 -3.819316e+00
8.235937e-02 -2.606359e+00
5.532502e+00 -3.403467e+00
6.571627e+00 -3.801622e+00
4.538868e+00 4.479940e-01
8.241075e+00 4.472733e+00
7.179083e+00 2.245083e+00
2.173608e+00 7.933437e+00
4.573313e+00 7.316633e+00
9.787920e+00 2.901767e+00
1.081375e+01 5.120243e+00
-1.042014e+01 7.771080e+00
6.920005e+00 -8.305138e+00
-9.370152e+00 -9.709132e+00
6.888300e+00 9.934359e+00
7.966255e+00 9.549804e+00
-8.156345e+00 8.328624e+00
9.283925e+00 -8.903417e+00
-7.799678e+00 -1.931588e+00
1.044819e+01 -3.288789e+00
7.182972e+00 -4.980533e+00
6.595926e+00 -2.526558e+00
8.161069e+00 1.700642e-01
9.529178e+00 -1.561282e+00
-1.070905e+01 -2.081812e+00
-1.052911e+01 6.735395e+00
7.890063e+00 3.522464e+00
7.239149e+00 4.358566e+00
1.042241e+01 8.378448e+00
-1.052818e+01 4.433341e+00
-9.257286e+00 8.146611e+00
1.034211e+01 9.404061e+00
-7.457884e+00 9.302906e+00
