-1.060537e+01 -7.985644e+00
-9.332905e+00 8.497744e+00
-9.378671e+00 1.075733e+01
-9.689669e+00 -7.326439e+00
-9.377099e+00 -3.746662e-01
-7.880008e+00 -1.499925e+00
-8.377579e+00 -3.528213e-01
-1.028943e+01 2.636457e+00
5.701968e+00 -4.016987e+00
-1.048751e+01 1.605430e+00
5.541138e+00 5.933100e+00
1.029746e+01 1.914250e+00
9.851479e+00 2.903227e+00
7.489766e+00 3.037262e+00
-5.093675e+00 7.499443e+00
8.742296e+00 9.500529e-01
-6.990260e+00 6.053061e+00
-6.068679e+00 9.166729e+00
9.326974e+00 -8.386793e+00
-9.039001e+00 -1.058000e+01
-8.143655e+00 -4.497481e+00
-8.591761e+00 -3.490359e+00
1.007153e+01 -5.581234e+00
-6.345197e+00 -3.104542e+00
-7.710350e+00 -2.542350e+00
-1.070367e+01 4.044679e+00
-6.648169e+00 -1.098940e+00
1.026037e+01 -2.180199e+00
4.002227e+00 -3.570661e+00
9.166394e+00 3.934551e+00
-8.049327e+00 5.814381e+00
6.556667e+00 -2.807459e-01
-8.906981e+00 2.747280e+00
9.983012e+00 8.212541e-01
1.532341e+00 1.032427e+00
9.279081e+00 8.248080e+00
-9.202484e+00 -9.562741e+00
-6.113947e+00 1.028382e+01
-9.996784e+00 -1.034057e+01
-9.476272e+00 7.427697e+00
-6.827908e+00 -9.684092e+00
-1.029503e+01 -4.822104e+00
-1.034332e+01 9.030340e+00
-8.161438e+00 9.957084e+00
-9.547451e+00 -6.128976e+00
-6.856034e+00 7.078753e-01
-9.768208e+00 3.470163e+00
-8.222173e+00 1.690270e+00
1.008076e+01 -2.440520e-01
-7.438320e+00 4.973561e+00
9.291586e+00 -1.830479e+00
-7.247917e+00 1.623742e+00
1.102115e+01 8.989620e-01
8.662139e+00 4.895107e+00
4.212468e+00 2.628535e+00
-4.587700e+00 3.127658e+00
-1.038754e+01 1.008978e+01
-1.383612e+00 4.320730e+00
-5.252282e+00 5.050007e+00
-1.858204e+00 7.782465e+00
8.984141e+00 -5.006311e+00
1.332197e+00 9.827312e+00
-9.153707e+00 -4.460169e+00
-6.037558e+00 -7.550180e+00
-7.773397e+00 2.601074e+00
-6.735942e+00 -2.135607e+00
-7.079607e+00 -4.754695e+00
-5.676966e+00 -1.866512e+00
7.420829e+00 -7.907564e-01
-7.276813e+00 -2.964894e-01
-4.959714e+00 6.223658e+00
8.336215e+00 1.529935e-02
7.159745e-01 -2.583456e+00
7.574826e+00 5.246605e+00
1.115313e+01 8.416501e+00
2.284657e+00 1.766061e+00
-6.063273e+00 4.029049e+00
-3.230304e+00 6.378928e+00
-7.620030e+00 6.974578e+00
-9.635398e+00 -8.478032e+00
-1.003784e+00 1.012808e+01
-8.555910e+00 -8.800699e+00
-2.839015e+00 1.024655e+01
-1.057426e+01 -5.792832e+00
-1.025565e+01 -2.521737e+00
1.002957e+01 -3.395083e+00
-5.494928e+00 -6.438556e+00
-8.464383e+00 3.670999e+00
-9.864331e+00 -3.617566e+00
3.582552e+00 -7.993020e+00
-7.603595e+00 -6.847698e+00
-5.735899e+00 -4.906920e-01
-5.963700e+00 5.983728e+00
-4.187291e+00 5.237197e+00
9.604256e+00 5.723443e+00
4.489006e+00 -4.384299e-01
7.018091e+00 1.888904e+00
-1.102355e+01 -3.956041e+00
1.175648e+00 7.921819e+00
1.092723e+01 -5.017136e+00
-8.329619e+00 8.929069e+00
6.344218e-01 1.108102e+01
-5.130168e+00 1.096428e+01
-6.175914e+00 -4.168459e+00
-6.037819e+00 -1.082258e+01
-1.107527e+01 -1.952662e+00
-1.343354e+00 -7.916985e+00
-1.010523e+01 5.271965e-01
-7.316888e+00 -1.071765e+01
-4.056808e+00 -3.509311e+00
-5.705250e+00 5.173382e-01
-4.565752e+00 1.099706e+00
-5.678993e+00 2.783617e+00
-3.032207e+00 2.111086e+00
9.851285e+00 6.744654e+00
1.053812e+01 3.668086e+00
-4.091565e+00 6.973496e+00
-9.460090e+00 9.583753e+00
1.001142e+01 4.753411e+00
-9.540597e+00 5.833723e+00
-1.975070e+00 5.532060e+00
-5.636527e-01 8.071800e+00
-3.465506e+00 -1.026476e+01
-6.482454e+00 -6.511802e+00
2.152988e-01 -6.463056e+00
-3.291238e+00 -7.569473e+00
-4.036752e+00 -8.341159e+00
-4.262596e+00 -6.709213e+00
-6.236154e+00 1.691490e+00
-4.195457e+00 2.097488e+00
-3.665446e+00 -4.468894e+00
-1.240100e+00 -1.760208e+00
-8.513279e+00 4.775738e+00
1.106762e+01 2.631458e+00
-8.748555e-01 5.386268e+00
4.247096e+00 7.648699e+00
-3.935650e+00 4.217633e+00
1.067614e+01 6.079267e+00
-2.628495e+00 4.293461e+00
-3.153569e+00 5.316357e+00
-6.097072e+00 7.064821e+00
2.314569e+00 7.677227e+00
-3.992840e+00 9.344977e+00
-8.285514e+00 1.113087e+01
-8.060500e+00 -9.859526e+00
-4.034793e+00 1.089675e+01
-6.213516e+00 -5.440744e+00
-5.192061e+00 -5.454684e+00
-6.336888e+00 -8.582249e+00
-3.023880e+00 -3.251240e+00
-1.638767e-01 -1.990222e+00
-2.324436e-01 -7.755271e+00
1.093525e+01 5.041242e+00
1.599138e+00 -4.450612e+00
-1.283990e+00 2.935992e+00
-3.255836e-01 7.115823e-01
-4.953217e+00 -4.224971e+00
-3.002775e+00 7.611610e+00
-2.230082e+00 6.790116e+00
-2.936316e+00 -3.726692e-01
-1.369733e+00 8.849547e+00
-4.733955e+00 1.000370e+01
-1.613481e-01 8.977075e+00
-5.057317e+00 -8.934434e+00
-7.913554e+00 6.309279e-01
-5.257310e+00 -3.009613e+00
-4.685002e+00 -1.043799e+01
-7.338799e+00 -3.740347e+00
-3.912593e+00 -5.713729e+00
-1.734835e+00 -9.167359e+00
-8.213323e-01 -1.113080e+01
1.251030e+00 -6.555738e+00
-1.949686e+00 -7.020060e+00
-2.412457e+00 3.192732e+00
-9.551143e+00 4.485662e+00
-5.042462e+00 4.065244e+00
-3.251310e-02 6.036269e+00
-7.223348e+00 -7.818966e+00
3.409402e+00 6.870495e+00
-4.263612e+00 -2.495250e+00
-4.202305e+00 -9.518219e+00
-4.140716e+00 8.110602e+00
9.645828e-01 -9.939252e+00
-7.319461e+00 1.052291e+01
-7.526452e+00 -8.891881e+00
-1.455248e+00 -1.021327e+01
3.881590e-01 -8.698763e+00
-8.443686e+00 -7.757355e+00
-3.251050e+00 -8.991513e+00
-7.110537e+00 3.982968e+00
-6.710063e+00 2.942625e+00
-2.680810e+00 -4.264567e+00
-8.691241e+00 6.739121e+00
-3.595026e+00 6.347826e-01
4.579843e+00 5.195005e+00
-1.025858e+01 6.678412e+00
-2.025387e+00 2.060390e+00
5.615953e+00 8.746129e+00
4.472768e+00 6.366939e+00
-1.087287e+01 -6.692111e+00
3.860638e+00 1.059643e+01
1.791608e+00 1.085153e+01
5.226548e+00 7.239398e+00
-5.032666e+00 -7.633660e+00
2.100862e+00 8.797148e+00
7.215679e+00 1.026662e+01
1.480860e-01 1.005501e+01
1.689805e+00 -8.937182e+00
7.005725e+00 -6.717124e+00
-3.076104e+00 -1.896718e+00
2.707544e+00 6.569232e-01
4.356838e-01 -4.311587e+00
1.412034e+00 6.622898e+00
-4.841006e+00 -1.225351e+00
-4.786623e-01 3.777052e+00
-1.803450e+00 -7.108808e-01
2.625716e+00 4.922646e+00
1.533352e-01 7.191392e+00
6.470217e+00 9.473184e+00
-3.596197e+00 3.032105e+00
-3.809208e-02 -9.715373e+00
-7.242746e+00 9.275525e+00
5.054560e+00 -9.439768e+00
-2.874587e+00 -1.105327e+01
2.575146e+00 -6.060854e+00
-8.126811e-01 -6.226131e+00
2.727015e+00 -8.585478e+00
-1.942948e+00 -3.460892e+00
5.620529e+00 -6.498537e+00
3.823468e+00 7.443686e-01
-6.397951e+00 5.046040e+00
-7.358470e-01 -5.390379e-01
-1.579383e+00 4.483692e-01
-1.213316e+00 6.607596e+00
3.957317e-01 -7.173257e-01
5.852824e+00 1.755892e+00
3.588452e+00 3.532712e+00
2.873175e+00 1.088345e+01
3.105742e+00 -1.046068e+01
3.135553e+00 9.183318e+00
3.355129e+00 5.703547e+00
1.970921e+00 -1.043425e+01
-2.332412e+00 9.344546e+00
3.261070e+00 7.986056e+00
-1.807294e+00 1.106020e+01
-1.782934e+00 -4.703225e+00
5.560130e+00 -1.060761e+01
5.388555e+00 -7.533148e+00
-4.517868e+00 -6.388487e-03
-3.858707e+00 -9.223642e-01
2.399543e-01 -5.377231e+00
-1.072656e+00 -2.731177e+00
2.556267e+00 3.798472e+00
6.690403e+00 4.157135e+00
6.820724e-02 4.933887e+00
-2.581281e+00 9.982531e-01
2.414745e+00 -7.483832e+00
4.178533e+00 -1.082321e+01
8.827962e+00 9.274502e+00
2.354213e+00 9.965245e+00
7.467060e+00 6.331463e+00
3.602105e+00 -9.233934e+00
-6.803002e-01 -8.835618e+00
-3.185551e+00 8.751515e+00
7.001019e+00 8.455651e+00
5.512407e+00 -5.107772e+00
8.062343e+00 -4.246256e+00
4.422192e+00 -6.873817e+00
2.343033e+00 -3.275793e+00
-3.194613e+00 -6.551133e+00
-2.920127e+00 -5.311819e+00
-3.855244e-02 2.819191e+00
8.289110e+00 -1.664381e+00
3.650065e+00 4.654436e+00
6.517358e+00 5.468754e+00
4.627940e+00 4.033661e+00
6.235378e+00 7.648309e+00
4.106658e+00 9.643383e+00
6.894942e+00 -1.080255e+01
8.355505e+00 1.019300e+01
5.871839e+00 -8.639367e+00
5.975886e+00 -2.415544e+00
4.477121e+00 -8.534470e+00
8.537929e-01 8.895085e+00
6.432251e+00 6.577874e+00
-5.659079e+00 -9.790001e+00
2.532333e+00 -9.606094e+00
3.326836e+00 -6.717938e+00
3.943045e+00 -2.384228e+00
2.523637e+00 -4.990326e+00
-2.165425e+00 -2.485312e+00
2.914712e+00 -2.436423e+00
1.653537e+00 5.441843e+00
1.591758e+00 3.316142e+00
1.403030e+00 4.429506e+00
-5.111664e-01 1.798370e+00
7.942239e+00 -1.117148e+01
1.745572e+00 -2.444758e+00
5.157597e+00 2.694372e+00
8.661549e+00 7.343360e+00
6.088330e+00 1.049359e+01
8.635607e+00 -7.596822e+00
9.960737e-01 -7.698071e+00
4.530198e+00 -4.433140e+00
4.773047e+00 -5.834527e+00
6.592977e+00 -3.312896e+00
6.146604e+00 -9.727307e+00
6.572152e+00 -7.666829e+00
6.340558e+00 -1.473526e+00
-2.392637e+00 -8.255834e+00
-1.004141e+00 -3.937965e+00
1.194113e+00 -3.532513e+00
9.245465e+00 1.841140e+00
8.839046e+00 -1.040687e+01
5.684183e+00 4.808888e+00
-1.041596e+01 7.734402e+00
-1.066942e+01 1.114832e+01
9.391802e+00 1.106003e+01
1.008544e+01 8.906574e+00
4.974379e+00 1.086815e+01
7.037819e+00 -9.144576e+00
7.592273e+00 -8.073238e+00
1.053258e+01 -9.087370e+00
7.797422e+00 -1.004553e+01
9.920185e+00 -4.515024e+00
1.103489e+01 -2.978018e+00
-6.358040e+00 8.140755e+00
8.037244e+00 -5.615293e+00
3.423439e+00 -3.112890e-01
-2.513845e+00 -9.861333e+00
6.461991e+00 2.863183e+00
1.112502e+00 2.222138e+00
3.408766e+00 1.727619e+00
4.862164e-01 1.299154e+00
5.641118e+00 3.684135e+00
5.276524e+00 9.733222e+00
2.421862e+00 6.480393e+00
1.073704e+01 1.048909e+01
9.665915e+00 9.964920e+00
5.055294e+00 -3.110821e+00
1.048785e+01 -6.572225e+00
-8.556531e+00 -5.533361e+00
7.353411e+00 -2.273287e+00
7.939700e+00 8.730543e+00
-7.237072e+00 -5.836280e+00
9.026699e+00 -8.105807e-01
8.707417e+00 -2.672318e+00
3.282686e+00 -4.407067e+00
-1.576560e-01 -3.429842e+00
5.510067e+00 -6.201513e-01
1.155991e+00 1.496971e-01
3.543417e+00 -5.531677e+00
2.159536e+00 -4.665741e-01
6.034611e-01 3.685689e+00
1.030343e+01 7.795154e+00
1.109388e+01 7.098877e+00
8.249302e+00 -8.883657e+00
7.674869e+00 1.004985e+00
1.022846e+01 -1.054355e+01
9.451446e+00 -9.628340e+00
8.023733e+00 -6.727925e+00
6.777513e+00 -5.600355e+00
9.082608e+00 -3.998420e+00
-1.046413e+01 -9.072781e+00
-9.035239e+00 -1.449769e+00
6.471907e+00 9.050149e-01
-9.017287e+00 -2.463154e+00
-8.435736e-01 -5.175184e+00
-1.901534e+00 -5.752807e+00
3.703080e+00 -1.314056e+00
5.175166e+00 -1.660418e+00
1.486288e+00 -5.502590e+00
8.141320e+00 3.990946e+00
4.597828e+00 1.663050e+00
8.454084e+00 5.931375e+00
4.572595e+00 8.707203e+00
5.126570e+00 6.796540e-01
8.111067e+00 1.954640e+00
-8.485967e+00 7.845235e+00
6.981340e+00 -4.510993e+00
1.069399e+01 -7.930585e+00
7.457299e+00 7.503428e+00
9.797966e+00 -7.495364e+00
-5.250377e+00 8.580787e+00
9.186913e+00 -6.428890e+00
-9.080372e+00 6.868977e-01
-9.421212e+00 1.675679e+00
7.647921e+00 -3.238427e+00
2.430301e+00 -1.495502e+00
-1.033695e+01 -1.030134e+00
1.054750e+01 -1.231747e+00
-1.095991e+01 -1.391521e-01
8.640067e+00 3.069394e+00
2.468455e+00 2.779928e+00
1.418662e+00 -1.227115e+00
-1.098165e+01 -9.986457e+00
-1.052893e+01 5.529273e+00
-8.734263e+00 -6.720567e+00
1.103075e+01 9.459285e+00
-7.475956e+00 8.283900e+00
