7.717971e+00 -1.020791e+01
-8.155844e+00 7.959310e+00
-9.052032e+00 7.369155e+00
-3.856274e+00 1.090901e+00
-4.694565e+00 1.896071e+00
-8.756911e+00 -9.615365e+00
7.696061e+00 -1.096513e-01
4.819168e+00 3.609391e+00
6.567533e+00 -6.383458e+00
6.547382e+00 -2.817330e+00
-4.440078e+00 7.651080e+00
1.030976e+01 5.632242e+00
-7.469755e+00 -1.605531e-01
6.208195e+00 3.232998e+00
-5.382859e+00 3.769850e+00
6.286190e+00 4.381487e+00
-9.107713e+00 -4.093688e+00
1.069146e+01 -1.002491e+01
-9.138168e+00 -8.323242e+00
-1.059127e+01 -8.545135e+00
5.396130e+00 -8.544719e+00
7.918584e+00 -4.439977e+00
2.507181e+00 -5.479713e+00
-2.983849e+00 1.679820e-01
5.170640e+00 1.278524e+00
-1.014011e+01 6.731332e+00
-4.229165e+00 -2.393273e-03
-1.370344e+00 1.026590e+01
9.661299e+00 1.985787e-01
-6.626371e+00 3.445462e+00
2.352889e+00 -7.618879e+00
7.232833e+00 2.503512e+00
-9.507308e+00 2.423457e+00
-1.036258e+01 -1.871666e+00
1.191648e+00 2.966046e+00
-4.373664e+00 1.089996e+01
-8.499480e+00 -1.073932e+01
-9.716695e+00 -9.213186e+00
8.911627e+00 -6.468144e+00
-8.350627e+00 3.296624e+00
8.916336e+00 -1.038521e+01
5.563872e+00 -2.573107e+00
-9.531194e+00 -1.032166e+01
9.373308e+00 2.727978e+00
-1.008284e+01 -5.227753e+00
7.909849e+00 7.655441e+00
-7.234106e+00 -3.371740e+00
-7.570265e+00 -4.476751e+00
8.393278e+00 -5.471708e+00
-1.092984e+01 -9.126417e-01
4.486099e+00 -3.667329e+00
-1.388575e+00 2.684248e+00
8.754229e+00 -5.801958e-01
-8.332165e+00 4.645047e+00
9.980801e+00 -1.156830e+00
-7.461438e+00 -1.348627e+00
1.224334e+00 4.366020e+00
-6.320465e+00 -3.984883e+00
-7.191900e+00 7.412567e+00
-6.217247e-02 5.029425e+00
2.753664e+00 -1.021017e+01
4.948933e+00 -7.493933e+00
7.951066e+00 1.004871e+01
-1.871114e+00 -1.015021e+01
-9.840076e+00 1.130389e+00
4.150121e+00 -6.618441e+00
9.976537e+00 -4.743466e+00
-5.006637e+00 8.582716e-01
-7.290168e+00 9.835642e+00
4.660081e+00 -5.635957e+00
4.142649e+00 8.935952e+00
-1.057911e+01 2.172481e+00
5.573428e-01 5.851120e+00
3.648218e+00 4.792737e+00
2.263091e-01 3.994546e+00
9.567597e+00 4.502241e+00
-9.409929e+00 -6.006334e+00
-3.363209e+00 5.086102e+00
6.169721e+00 -7.360229e+00
9.745263e+00 -5.879656e+00
3.609759e+00 -9.529800e+00
-7.585610e+00 -5.644443e+00
7.234157e+00 3.574149e+00
5.175143e-01 -6.259244e+00
5.971190e+00 1.000587e+01
4.070178e+00 1.075850e+00
1.027381e+01 1.030806e+01
-7.327086e+00 5.267236e+00
3.485510e+00 -7.531139e+00
9.655213e-01 -1.868584e+00
-6.504334e+00 3.247216e-01
-1.926248e+00 3.254720e-01
-4.059785e-01 2.077392e+00
8.125977e+00 1.722931e+00
1.114485e+01 6.340995e+00
4.035073e+00 -6.885224e-01
5.231906e+00 8.780796e+00
-3.079483e-02 8.878156e-01
-9.306418e+00 3.773604e+00
9.754297e+00 -7.026130e+00
1.072413e+01 4.482825e+00
2.616558e+00 6.557253e+00
1.083627e+01 -7.751278e+00
8.950605e+00 -4.455804e+00
-2.358408e+00 -6.411153e+00
-4.967474e+00 8.849614e+00
-3.545697e+00 -6.206607e+00
1.006265e+01 3.509106e+00
-5.337383e+00 -2.254981e-01
-6.074297e+00 -7.738048e+00
-9.242786e+00 -1.852200e+00
-6.391461e+00 4.458062e+00
2.151021e+00 -2.043944e+00
5.460854e+00 5.392860e+00
1.117084e+01 8.479950e+00
-1.013137e+01 9.098848e+00
-8.797492e+00 9.982902e-01
-4.408148e+00 -7.074796e+00
8.557012e+00 3.427937e+00
-8.013750e+00 9.093546e+00
7.453223e-01 7.789993e-03
1.714153e+00 5.547428e+00
-4.025177e+00 9.680510e+00
-3.634024e+00 8.400073e+00
4.034137e+00 -4.808971e+00
1.083882e+01 -1.944249e+00
-5.426971e+00 -6.784505e+00
-4.939807e+00 9.976854e+00
-1.800235e+00 3.783703e+00
-1.024609e+01 8.872356e-02
7.316117e+00 -5.257512e+00
-5.033413e+00 -8.195986e+00
-8.943948e+00 9.576964e+00
1.059712e+01 2.517809e+00
-4.865934e-01 -6.146521e+00
4.673783e+00 9.738428e+00
-4.758231e+00 -2.332314e+00
8.689215e+00 6.162172e-01
1.611822e+00 8.899499e+00
-1.403657e+00 5.723233e+00
-4.494273e+00 3.248944e+00
-4.321982e-01 -7.349860e+00
-1.034178e+01 -1.113424e+01
-8.115077e+00 6.817371e+00
8.750066e+00 -1.686758e+00
-6.380475e+00 2.356637e+00
-7.009950e+00 1.574975e+00
-4.376235e+00 -9.432587e+00
7.546530e+00 8.396689e-01
-8.585496e+00 -5.093396e+00
-3.738980e-01 -2.319948e-01
-1.109544e+01 1.124379e+00
-5.926997e+00 8.145501e+00
-3.101762e+00 -7.327142e+00
3.837119e+00 3.303549e+00
6.491491e+00 5.530514e+00
-6.135236e+00 1.041186e+01
-4.531781e+00 -1.046643e+01
1.026186e+01 8.078384e+00
-1.175260e+00 -3.430885e+00
-7.837866e-01 3.478384e+00
-8.407674e+00 2.237067e+00
1.040388e+00 -3.861854e+00
-6.795660e+00 -2.387046e+00
9.205051e+00 1.666159e+00
3.159585e+00 -5.741479e-03
-1.199233e+00 -2.304346e+00
-1.028581e+01 -2.914456e+00
4.430060e+00 7.827065e+00
-6.304622e+00 5.495942e+00
-2.327280e+00 6.900906e+00
1.518180e+00 -8.343321e+00
-1.190380e-01 -8.673726e+00
8.275655e+00 6.403679e+00
7.362583e+00 4.579269e+00
-9.259995e+00 -2.908199e+00
6.508665e+00 7.937917e-01
-1.019191e+00 -9.251245e+00
4.779335e-01 -1.116772e+01
-2.708837e+00 1.153205e+00
-1.288285e+00 -1.105556e+01
1.842759e+00 2.081195e+00
-5.893747e+00 -8.799463e+00
-1.480034e+00 8.058692e+00
5.040375e-01 9.937032e+00
1.085538e+01 -1.114804e+01
-4.591430e+00 -5.973490e+00
-6.653153e+00 -5.097936e+00
-3.035604e+00 9.247653e+00
-3.400647e+00 2.282131e+00
-9.691840e+00 -8.338130e-01
-1.828562e+00 -5.477729e+00
5.865127e+00 6.691939e+00
-5.100003e+00 4.808415e+00
-7.802077e+00 8.004975e-01
-9.282578e+00 1.088899e+01
-9.285082e-01 -1.044966e+00
1.944294e+00 1.176207e-01
-3.757895e-01 6.126440e+00
2.430299e+00 -6.572285e+00
2.675308e+00 -9.488237e-01
2.903742e+00 -8.639919e+00
7.035542e+00 9.624981e+00
3.575608e+00 -5.731237e+00
-3.446459e+00 3.349671e+00
7.029948e+00 -1.779422e+00
1.284479e+00 -2.859814e+00
-2.088210e+00 -7.720320e+00
3.012019e+00 5.632272e+00
7.964016e+00 -2.400509e+00
-7.102307e-02 -2.045618e+00
-2.989053e+00 -5.315720e+00
-3.418736e+00 -1.068718e+01
1.799616e-01 2.974934e+00
3.303014e+00 -1.741856e+00
5.143457e+00 -4.621163e+00
6.718202e+00 -1.016567e+01
-6.764395e+00 6.489003e+00
1.513150e+00 1.066285e+01
7.054903e+00 6.572255e+00
2.106358e+00 -4.407771e+00
-6.717138e+00 -9.764120e+00
-3.230065e+00 6.171453e+00
-4.320567e+00 5.586734e+00
-1.895131e+00 1.711400e+00
-5.428334e+00 2.651846e+00
-2.976995e+00 -4.054622e+00
-5.405269e+00 -1.101219e+01
-5.836730e+00 -2.736991e+00
3.159421e+00 1.003568e+01
1.100983e+01 6.807521e-02
5.959270e+00 -1.545249e+00
2.139784e-01 7.178070e+00
-4.152718e+00 4.243398e+00
2.678619e+00 1.430857e+00
-1.038927e+01 5.686335e+00
7.378420e+00 1.096887e+01
6.069213e-01 -7.893359e+00
4.470490e+00 -2.122188e+00
-2.997500e+00 -8.525576e+00
-1.037978e+00 4.563054e+00
-5.402066e+00 -9.712750e+00
-2.434183e+00 8.334355e+00
6.399348e+00 8.700202e+00
-5.583431e+00 -1.677525e+00
7.170691e-01 1.779455e+00
2.922130e+00 8.842022e+00
-5.995195e+00 9.292460e+00
1.496944e+00 1.124116e+00
7.304177e+00 -7.293406e+00
-4.004218e+00 -3.881513e+00
-6.452551e+00 -6.117036e+00
2.002224e+00 -9.335656e+00
3.316867e+00 7.771353e+00
6.851774e-02 -5.254464e+00
1.327068e+00 6.636152e+00
-1.966904e+00 -4.413345e+00
6.314425e+00 1.100659e+01
6.458585e+00 1.897170e+00
5.488688e+00 -6.475602e+00
-8.269831e+00 -3.278920e+00
7.385658e+00 -9.172666e+00
-8.548635e+00 -1.124329e+00
-1.132586e+00 -8.151283e+00
8.803620e+00 5.431081e+00
-3.396392e+00 -8.069509e-01
8.724599e+00 1.095234e+01
6.382620e+00 -4.262367e+00
8.004034e+00 -8.356451e+00
1.174749e+00 -4.875388e+00
-5.062569e+00 -3.561677e+00
5.135763e+00 -9.823072e-01
-2.184540e+00 -8.340709e-01
1.323417e+00 -7.162446e+00
3.962181e+00 -1.065388e+01
8.545551e+00 9.073735e+00
7.529691e+00 5.614247e+00
-3.079443e-01 -1.050435e+01
3.999132e+00 1.055359e+01
-4.817583e-01 9.504756e+00
5.144406e+00 1.069877e+01
2.239390e+00 -3.310614e+00
1.947877e-01 -3.076181e+00
-1.554748e+00 9.055098e+00
-1.025375e+01 3.267737e+00
-5.346404e+00 5.985125e+00
-2.440410e+00 -1.999639e+00
2.171281e+00 9.813463e+00
5.903427e+00 -2.109413e-01
3.253095e+00 -3.796380e+00
-5.571161e+00 -5.503185e+00
-4.662836e+00 -1.186379e+00
-1.056216e+01 -1.002871e+01
9.379617e+00 8.500307e+00
-1.322225e+00 -6.833720e+00
4.666545e+00 9.038854e-02
-1.005697e+01 1.022062e+01
-8.135131e+00 -2.171513e+00
4.921261e-01 8.847768e+00
-7.474430e+00 2.624551e+00
-6.354837e+00 -1.077236e+01
5.442312e+00 -1.048437e+01
7.918482e+00 -1.088665e+00
-8.993495e-01 -4.762525e+00
-4.767214e+00 -4.740012e+00
-1.022333e+01 7.806982e+00
-9.359822e+00 -7.269578e+00
8.562912e+00 -3.499784e+00
1.019196e+01 9.219834e+00
-3.564602e+00 -1.895846e+00
-7.291614e+00 -7.029044e+00
-2.299784e+00 -3.029513e+00
-8.313727e+00 5.675638e+00
-5.477399e+00 7.219414e+00
4.351463e+00 5.807498e+00
-7.408999e+00 1.090858e+01
-8.164643e+00 -7.711176e+00
-7.441372e+00 -1.039879e+01
-2.762052e+00 -9.613452e+00
1.015705e+01 1.211945e+00
1.106984e+01 -5.407606e+00
-3.351123e+00 7.223865e+00
9.257487e+00 9.875380e+00
-8.303269e+00 1.042885e+01
9.882429e+00 -1.069160e+01
7.419510e+00 -3.369403e+00
2.059346e+00 3.527519e+00
9.002183e+00 7.316653e+00
1.110149e+01 3.560423e+00
4.618739e+00 4.729567e+00
7.057667e-01 -1.011431e+01
-4.627414e-01 8.111404e+00
4.849071e-01 -9.833039e-01
5.764004e+00 7.798222e+00
9.440206e+00 -2.431605e+00
5.583026e+00 -3.607903e+00
-1.930020e+00 -8.838033e+00
1.123198e+00 7.732334e+00
-6.892837e+00 8.827143e+00
-2.426345e+00 1.012266e+01
1.748263e+00 -1.056313e+01
-1.044663e+01 -6.474599e+00
6.869154e+00 -8.376299e-01
-3.955103e-01 1.059235e+01
-6.902726e+00 -8.687429e+00
-8.367598e+00 -6.636276e+00
1.078451e+01 -8.974418e+00
3.986461e+00 2.288028e+00
2.846124e+00 2.851194e+00
-8.878913e+00 -6.020470e-02
-1.134871e+00 9.563547e-01
9.678220e+00 -3.611158e+00
-2.267030e+00 1.116593e+01
-3.399784e+00 1.050267e+01
6.890728e+00 7.749795e+00
9.426005e+00 6.196749e+00
1.074387e+01 -6.556328e+00
7.523916e+00 8.693464e+00
2.679110e+00 4.373012e+00
-9.277301e+00 8.537824e+00
2.502444e+00 1.102092e+01
9.820202e+00 -9.435047e+00
2.228533e+00 7.715723e+00
-1.053757e+01 -7.467125e+00
8.870476e+00 -7.793254e+00
-5.924765e+00 1.303595e+00
1.091227e+01 -2.945940e+00
-3.988650e+00 -8.233103e+00
6.567924e+00 -8.521629e+00
5.320035e+00 2.666532e+00
3.758045e+00 -2.886445e+00
9.911879e+00 -8.400419e+00
-1.106162e+01 9.748101e+00
8.491471e+00 4.474520e+00
-6.308683e+00 -7.803860e-01
-1.140200e+00 7.083507e+00
1.586079e+00 -1.030443e+00
-1.035964e+01 -4.226544e+00
-9.177818e+00 6.287028e+00
-4.145109e-02 -4.140329e+00
4.361942e+00 -8.719040e+00
1.006520e+01 6.983948e+00
8.420151e-01 -9.133013e+00
-2.354018e+00 5.409473e+00
3.828267e+00 6.705219e+00
1.107880e+01 7.363330e+00
-2.788094e+00 4.180348e+00
8.872418e+00 -8.962315e+00
-3.490991e+00 -2.948921e+00
1.102102e+01 -4.026849e+00
-2.451859e+00 2.742077e+00
7.805603e+00 -6.323599e+00
-1.049392e+01 4.432708e+00
4.954845e+00 -9.572227e+00
1.600526e+00 -5.910780e+00
-7.921544e+00 -8.979189e+00
-7.579506e+00 3.948620e+00
6.183704e+00 -5.371980e+00
-9.477486e+00 5.154691e+00
-4.551964e+00 6.693954e+00
