-1.047379e+01 -9.902222e+00
-8.928889e+00 8.018219e+00
-9.044283e+00 9.047512e+00
-6.200913e+00 -6.746939e+00
1.098539e+01 -2.997045e+00
-9.287879e+00 -3.034417e+00
-7.135604e+00 -1.479795e+00
9.303540e+00 5.184633e-01
7.170569e+00 -4.634258e+00
8.240779e+00 2.263652e-01
2.914844e+00 3.513354e+00
1.003241e+01 2.857092e+00
1.086118e+01 2.165341e+00
6.319524e+00 6.463476e+00
-8.549034e+00 7.080872e+00
6.861119e+00 4.333728e+00
-9.093688e+00 2.254964e+00
-6.773681e+00 7.488008e+00
8.566213e+00 -1.051073e+01
-7.670906e+00 9.173421e+00
-7.478945e+00 -3.683306e+00
-8.243344e+00 -7.063752e+00
-9.129633e+00 -6.001850e+00
-7.238580e+00 -2.617672e+00
-8.504103e+00 -3.971991e+00
-1.095715e+01 8.998406e-01
-5.931567e+00 6.638075e-02
1.069415e+01 -3.953804e+00
7.444933e+00 -3.707908e+00
1.113808e+01 3.395851e+00
-9.784704e+00 8.269870e-01
9.226777e+00 -2.034572e+00
-1.033156e+01 -3.199870e-02
8.998094e+00 2.763895e+00
5.596720e+00 -1.348930e-01
8.448760e+00 7.294503e+00
-9.737130e+00 1.011270e+01
-5.612863e+00 6.836626e+00
1.101180e+01 9.538970e+00
-9.585169e+00 6.083681e+00
-4.354434e+00 -7.633042e+00
-8.007664e+00 -8.100628e+00
-1.072697e+01 1.043940e+01
-8.390205e+00 9.997980e+00
-5.727271e+00 -5.807318e+00
-6.907482e+00 -4.191997e-01
-8.975871e+00 9.535425e-02
-8.598512e+00 -1.781039e+00
7.437030e+00 -1.300334e+00
-8.774107e+00 1.169054e+00
9.805787e+00 -2.916405e+00
-7.890850e+00 3.790096e-01
1.031632e+01 1.044780e+00
8.459703e+00 4.702669e+00
4.311233e+00 2.454566e+00
-6.246377e+00 5.876542e+00
9.555498e+00 8.014787e+00
-3.595841e+00 5.325349e+00
-7.063588e+00 4.672024e+00
-2.606693e+00 7.544106e+00
-9.107472e+00 -8.077505e+00
-8.891287e-01 1.059801e+01
-6.692384e+00 -8.123919e+00
-3.735568e+00 -6.835341e+00
-8.163374e+00 -8.017671e-01
-8.269810e+00 -2.737573e+00
-6.696957e+00 -4.318084e+00
-5.415930e+00 -3.361577e+00
1.012710e+01 -4.869839e+00
-5.962535e+00 -1.203044e+00
-8.825615e+00 3.371982e+00
6.901884e+00 3.205756e+00
2.771292e+00 -2.495170e+00
7.733161e+00 6.189701e+00
9.636801e+00 6.624376e+00
4.142542e+00 1.354640e+00
-5.658092e+00 3.107952e+00
-5.686214e+00 7.991458e+00
-9.337225e+00 5.038044e+00
-9.971059e+00 -1.088032e+01
-2.602551e+00 9.947375e+00
-7.957954e+00 1.100890e+01
-4.748457e+00 9.738371e+00
-8.104149e+00 -9.346187e+00
-7.800675e+00 -4.822434e+00
-1.065751e+01 -3.954217e+00
-4.197733e+00 -4.231758e+00
-9.377512e+00 -9.550646e-01
-7.892908e+00 -5.876514e+00
4.004162e+00 -7.715206e+00
-4.881847e+00 -6.570554e+00
-3.213146e+00 1.835093e+00
-8.087410e+00 2.616723e+00
-8.321672e+00 4.759725e+00
8.768152e+00 5.787904e+00
6.962291e+00 2.020597e+00
7.986431e+00 3.733191e+00
-9.107554e+00 -9.408078e+00
-6.969295e-01 7.057116e+00
-1.001267e+01 -8.815612e+00
-7.636757e+00 8.141880e+00
-9.206759e-01 -1.070158e+01
-5.010021e+00 -9.898934e+00
-4.180433e+00 -2.733191e+00
-3.818897e+00 -9.797452e+00
-1.037213e+01 -2.808924e+00
-1.049178e+00 -4.657327e+00
1.085770e+01 -1.593044e-02
-4.616353e+00 -8.700006e+00
-5.187879e+00 -2.231200e+00
-4.149992e+00 2.493214e+00
-4.568214e+00 3.790513e+00
-6.644066e+00 3.684667e+00
-2.552581e+00 3.992458e+00
9.648196e+00 5.017509e+00
-1.029495e+01 1.871560e+00
-7.482883e+00 6.703689e+00
-1.034422e+01 9.277805e+00
1.028681e+01 4.075972e+00
-1.031467e+01 5.395830e+00
-3.087614e+00 6.207276e+00
-3.668105e+00 7.157772e+00
-3.988853e+00 -1.081498e+01
-4.850832e+00 -5.270439e+00
1.308543e+00 -5.761164e+00
-3.238863e+00 -4.942881e+00
-3.231636e+00 -2.546378e+00
-2.147068e+00 -3.006417e+00
-5.448889e+00 1.984718e+00
-4.572024e+00 4.929325e+00
-4.089719e+00 -3.773179e-01
-4.515954e+00 1.457540e+00
-7.773457e+00 1.365277e+00
9.492245e+00 1.722194e+00
-1.458519e+00 5.265537e+00
4.723531e-01 7.103177e+00
-7.316397e+00 5.688523e+00
1.060760e+01 6.169692e+00
-5.180957e+00 5.701966e+00
-4.237172e+00 6.212526e+00
-8.391951e+00 5.813943e+00
3.521396e-02 8.013109e+00
-5.933873e+00 1.038391e+01
-6.672853e+00 1.117673e+01
-6.393638e+00 -1.003529e+01
-4.790749e+00 1.089531e+01
-5.684846e+00 -4.482931e+00
-3.238334e+00 -3.568812e+00
-3.531456e+00 -8.292249e+00
-2.825716e+00 -1.512703e+00
-1.628627e+00 -8.565720e-01
-7.184381e-01 -6.764735e+00
-1.067673e+01 4.339988e+00
5.359177e-01 -6.385649e-01
-1.562757e+00 4.226793e+00
1.603301e-01 4.779491e-01
-6.236972e+00 -2.279384e+00
-3.500825e+00 8.251711e+00
-4.674391e+00 7.560292e+00
-7.481732e-01 2.133197e+00
-2.356561e+00 8.672501e+00
-5.518057e+00 9.044748e+00
-1.140750e+00 8.146779e+00
-2.900634e+00 -7.399227e+00
-6.777651e+00 7.386651e-01
-4.939754e+00 -8.868726e-01
-2.556269e+00 -8.485021e+00
-6.473999e+00 -3.339629e+00
-4.018890e+00 -1.420818e+00
-1.483160e+00 -8.970538e+00
-8.242059e-01 -9.696975e+00
1.148580e+00 -3.948775e+00
-2.032602e+00 -5.306637e+00
-3.694741e+00 4.272241e+00
-9.899273e+00 3.033702e+00
-5.942706e+00 4.582053e+00
5.710500e-01 4.988570e+00
-5.534491e+00 -7.818320e+00
1.159634e+00 7.906620e+00
-3.695414e+00 6.268628e-01
-9.123566e-01 -8.074341e+00
-4.524336e+00 8.600151e+00
1.046006e+00 -8.058499e+00
-5.641626e+00 -8.943005e+00
-6.793314e+00 -9.156409e+00
-1.742245e+00 -1.004072e+01
1.572879e+00 -6.906644e+00
-7.588732e+00 -1.020926e+01
-2.821580e+00 -6.295349e+00
-7.082987e+00 2.681409e+00
-6.518158e+00 1.822574e+00
-1.742648e+00 -1.993186e+00
-9.642894e+00 4.121375e+00
-2.979125e+00 2.926248e+00
2.507298e+00 4.700519e+00
-1.065254e+01 6.378401e+00
-1.146886e+00 1.131108e+00
2.294400e+00 9.961596e+00
3.350578e+00 5.879137e+00
-8.705514e+00 -1.042437e+01
1.961624e-01 1.013817e+01
2.253241e+00 -1.045392e+01
2.201701e+00 7.596186e+00
-3.848343e+00 -5.733548e+00
-4.924368e-01 9.340617e+00
6.290752e+00 1.096230e+01
-1.986398e+00 1.089213e+01
2.709125e+00 -9.497950e+00
7.987790e+00 -5.349114e+00
-2.950202e+00 -3.341067e-01
6.512322e+00 -7.920853e-01
1.615427e+00 -1.665079e+00
1.592842e+00 5.344918e+00
-5.762772e+00 1.049187e+00
-6.927284e-01 3.592929e+00
-1.793678e+00 3.097447e+00
6.665856e-01 6.022769e+00
-1.731986e+00 6.936081e+00
3.442654e+00 1.026473e+01
-2.492180e+00 5.328987e+00
2.646034e-01 -9.804364e+00
-5.577932e+00 -1.076444e+01
6.601869e+00 -9.805407e+00
-2.874667e+00 -1.050519e+01
3.188664e+00 -5.383462e+00
4.033961e-01 -6.236151e+00
3.159830e+00 -7.053871e+00
3.844171e-01 -2.997206e+00
4.257164e+00 -4.577463e+00
6.277881e+00 1.258267e+00
-7.647538e+00 3.814045e+00
-1.867152e+00 1.570576e-01
1.573476e-01 1.484494e+00
-4.251382e-01 5.808974e+00
-6.941426e-01 -7.496394e-02
5.348832e+00 5.461372e+00
1.126830e+00 3.256123e+00
4.510273e-01 8.929261e+00
1.180037e+00 -1.060058e+01
1.178907e+00 9.697036e+00
1.611321e+00 6.394321e+00
1.943919e+00 -8.607867e+00
-3.153246e+00 1.083559e+01
-1.564736e+00 9.730440e+00
-2.570478e+00 -9.502885e+00
-9.995990e-01 -5.701982e+00
3.907953e+00 -9.313071e+00
4.266896e+00 -5.628374e+00
-1.948744e+00 1.916535e+00
-4.794827e+00 3.871703e-01
2.279447e+00 -4.815483e+00
1.666300e+00 -2.680341e+00
9.144540e-02 2.906756e+00
4.344293e+00 5.914548e+00
-4.691945e-01 4.785735e+00
-2.543817e+00 9.855519e-01
2.303495e+00 -6.175587e+00
2.588868e+00 1.095185e+01
6.904572e+00 8.241077e+00
1.237213e+00 -9.340945e+00
4.236198e+00 8.005465e+00
3.160353e+00 -8.407023e+00
1.069286e-01 -8.667325e+00
-3.636576e+00 9.477510e+00
4.495336e+00 1.010393e+01
5.261934e+00 -5.119932e+00
8.307117e+00 -6.674267e+00
6.421572e+00 -5.253006e+00
2.226623e+00 -3.764614e+00
-1.110940e+00 -3.562097e+00
-5.965274e-01 -2.438862e+00
1.198719e+00 2.291086e-01
7.479136e+00 9.061126e-01
2.813164e+00 6.806213e+00
5.197597e+00 6.612978e+00
3.183617e+00 2.425213e+00
3.152601e+00 7.961477e+00
5.318684e+00 1.099319e+01
5.037304e+00 -9.431875e+00
5.654883e+00 -1.037400e+01
6.290243e+00 -8.417225e+00
8.218050e+00 -4.379168e+00
5.445079e+00 -6.259307e+00
9.917864e-02 -1.114363e+01
3.287167e+00 9.094175e+00
-1.857952e+00 -7.610550e+00
3.419236e+00 -1.038968e+01
5.476422e+00 -7.316487e+00
5.863884e+00 -2.871544e+00
4.742524e+00 -2.922460e+00
3.890415e-01 -1.868563e+00
5.041518e+00 -1.957230e+00
1.448233e+00 4.335198e+00
2.326113e+00 3.819686e-01
2.382091e-01 3.930874e+00
2.118115e+00 2.698915e+00
7.553825e+00 9.261344e+00
3.821278e+00 -2.242054e+00
4.611533e+00 4.606542e+00
7.225548e+00 7.105941e+00
4.526694e+00 -1.068970e+01
7.205352e+00 -8.829624e+00
2.340516e+00 -7.655250e+00
5.084811e+00 -4.006614e+00
4.494529e+00 -6.652301e+00
1.050015e+01 -6.856492e+00
6.447013e+00 -6.828080e+00
7.046941e+00 -7.631218e+00
9.316351e+00 -4.070893e+00
-1.824148e+00 -6.559055e+00
1.838445e-02 -3.997252e+00
2.771270e+00 -1.482413e+00
7.952934e+00 2.684837e+00
7.342517e+00 1.034886e+01
6.038890e+00 7.612387e+00
-1.083372e+01 7.473725e+00
1.031740e+01 8.799858e+00
8.661841e+00 9.829021e+00
7.896089e+00 8.244981e+00
1.408895e+00 1.077472e+01
4.916016e+00 -8.399900e+00
7.956411e+00 -8.093890e+00
1.008735e+01 -8.896888e+00
7.632985e+00 -9.933616e+00
-1.071670e+01 -7.413700e+00
-8.943559e+00 -5.030251e+00
-1.003904e+01 8.234744e+00
9.223782e+00 -8.442256e+00
4.922698e+00 -9.716965e-01
2.303177e-01 -7.335121e+00
5.698274e+00 4.321698e+00
4.693361e+00 1.725473e-01
4.289333e+00 3.507516e+00
1.914535e+00 1.604130e+00
3.656622e+00 4.785106e+00
5.494865e+00 9.782429e+00
4.213649e+00 6.961224e+00
1.050806e+01 1.061661e+01
8.808762e+00 8.749893e+00
9.024420e+00 -5.194071e+00
-1.111250e+01 -8.864994e+00
-6.650940e+00 -5.413040e+00
9.237968e+00 -7.178432e+00
6.518075e+00 9.637876e+00
-7.158772e+00 -6.898448e+00
8.150705e+00 1.659543e+00
-1.102977e+01 -5.027593e+00
6.163703e+00 -4.148365e+00
-5.893567e-01 -1.210081e+00
8.757371e+00 -3.087739e+00
1.919216e+00 -5.987212e-01
3.217740e+00 -4.297605e+00
3.900696e+00 -1.033722e+00
9.722956e-01 2.198675e+00
1.047590e+01 7.532698e+00
-1.106808e+01 8.501452e+00
7.427209e+00 -1.106987e+01
5.669334e+00 3.065382e+00
9.203076e+00 1.073860e+01
1.070051e+01 -9.838616e+00
8.163738e+00 -9.052266e+00
7.367700e+00 -6.228509e+00
-1.060701e+01 -6.429194e+00
1.110865e+01 -1.083357e+01
-9.561824e+00 -4.055379e+00
6.706783e+00 2.627192e-01
-1.008813e+01 -5.353916e+00
4.182288e-01 -5.209400e+00
-2.128310e+00 -4.302640e+00
8.145801e+00 -2.195508e+00
6.986846e+00 -2.655579e+00
3.837391e+00 -3.398618e+00
6.425683e+00 5.245520e+00
5.147193e+00 1.081298e+00
5.243142e+00 8.799443e+00
2.012764e+00 8.645682e+00
5.371888e+00 2.072777e+00
7.502873e+00 5.162991e+00
-9.772297e+00 7.180957e+00
9.442984e+00 -6.109796e+00
-9.461482e+00 -6.948175e+00
4.254855e+00 8.970694e+00
9.331154e+00 -9.655991e+00
-6.500356e+00 9.386927e+00
1.005691e+01 -7.782202e+00
-1.003408e+01 -1.800580e+00
-1.072599e+01 -1.100312e+00
1.064553e+01 -5.872109e+00
6.208737e+00 -1.778066e+00
9.846928e+00 -1.109308e+00
1.087295e+01 -1.816113e+00
8.436364e+00 -9.935585e-01
9.226552e+00 3.842402e+00
3.108398e+00 1.160933e+00
3.569184e+00 2.162044e-01
9.832359e+00 -1.063472e+01
1.068957e+01 5.092370e+00
-9.030649e+00 1.088146e+01
9.675014e+00 9.672729e+00
-7.168052e+00 1.022087e+01
