-8.316859e+00 -9.072614e+00
-1.104262e+01 9.305710e+00
-1.075070e+01 1.029180e+01
-9.205077e+00 -8.602045e+00
1.037068e+01 -5.103996e+00
-9.848005e+00 -5.383841e+00
-1.094196e+01 -5.188543e+00
8.977778e+00 -2.573874e+00
5.699770e+00 -4.813353e+00
8.762566e+00 -7.720466e-01
5.779292e+00 4.765919e+00
9.480795e+00 6.281380e+00
9.965268e+00 -6.825025e-01
5.435540e+00 6.115742e+00
-8.937622e+00 9.517384e+00
9.366979e+00 4.617412e+00
-9.639156e+00 3.272314e+00
-5.482658e+00 7.877307e+00
9.503950e+00 9.533513e+00
-7.671880e+00 1.100203e+01
-9.440458e+00 -7.528158e+00
-5.196962e+00 -8.807769e+00
-1.080629e+01 -1.027686e+01
-1.069995e+01 -6.682590e+00
1.079799e+01 -7.357289e+00
-1.068901e+01 -3.738017e+00
-7.976887e+00 -3.597445e-01
9.759489e+00 -3.609327e+00
8.626700e+00 -3.591527e+00
1.031434e+01 6.802293e-01
-9.724120e+00 -1.931226e+00
8.102417e+00 -1.755267e+00
-9.949721e+00 -8.149348e-01
1.066172e+01 2.979368e+00
7.572775e+00 1.772505e+00
5.789406e+00 8.133871e+00
-1.000475e+01 9.361807e+00
-5.993450e+00 9.568739e+00
-9.694762e+00 1.036949e+01
-1.098303e+01 7.191249e+00
-6.447829e+00 -7.388967e+00
-5.495181e+00 -7.792203e+00
9.732286e+00 1.099626e+01
-6.427702e+00 -1.078388e+01
-9.710293e+00 -6.414452e+00
-6.913323e+00 -5.347441e-01
-8.823334e+00 -2.630142e+00
-6.955307e+00 -3.663171e+00
4.463599e+00 -1.511009e+00
-9.222526e+00 -2.504251e-02
1.100565e+01 -3.006968e+00
-8.428062e+00 6.260437e-01
1.103269e+01 -1.022787e+00
1.067405e+01 6.365002e+00
9.218663e+00 3.851697e-01
-6.993023e+00 6.106390e+00
-9.789790e+00 5.258215e+00
-2.495413e+00 4.588371e+00
-7.635463e+00 5.298477e+00
-5.616258e+00 5.916141e+00
-4.678376e+00 -9.757886e+00
-3.448508e+00 -9.611462e+00
-7.424228e+00 -8.404934e+00
-7.409399e+00 -7.115096e+00
-8.818857e+00 -1.444261e+00
-8.849173e+00 -5.529382e+00
-7.297337e+00 -6.024285e+00
-8.047985e+00 -3.769565e+00
6.357373e+00 -6.684781e+00
-7.410140e+00 8.963519e-01
-9.477503e+00 9.535915e-01
1.004410e+01 3.800672e+00
6.550193e+00 1.390989e+00
8.659647e+00 5.610664e+00
-1.081309e+01 5.121251e+00
8.672311e+00 2.237002e+00
-8.188393e+00 1.675029e+00
-3.664481e+00 6.867240e+00
-8.597051e+00 7.406902e+00
-7.985685e+00 9.869010e+00
-5.151675e+00 8.887520e+00
-8.741488e+00 -1.023748e+01
-6.547781e+00 -9.703220e+00
-4.484437e+00 -7.568170e+00
-8.641078e+00 -6.687661e+00
-9.792285e+00 -4.363578e+00
-5.972356e+00 -4.015798e+00
-6.798286e+00 -1.728942e+00
-1.058508e+01 -7.895130e+00
5.677897e-01 -4.886094e+00
-8.793706e+00 -4.489710e+00
-2.805888e+00 2.288801e+00
-7.134542e+00 2.022522e+00
-7.428642e+00 3.025097e+00
-1.030158e+01 1.983227e+00
8.436442e+00 1.169510e+00
-1.065812e+01 3.167252e+00
-8.882556e+00 1.098335e+01
-2.827702e+00 7.854801e+00
-3.894212e+00 -1.108062e+01
-6.528548e+00 8.025278e+00
-2.328432e+00 -9.709285e+00
-5.053193e+00 -1.090666e+01
-5.075908e+00 -1.968109e+00
-2.278567e+00 -5.682313e+00
-7.640263e+00 -2.668322e+00
2.215004e+00 -1.603391e+00
-9.700473e+00 -3.252307e+00
-4.844382e+00 -4.672893e+00
-6.386971e+00 -2.784598e+00
-5.469889e+00 1.490296e-01
-6.372363e+00 2.780177e+00
-8.668062e+00 5.381507e+00
-6.756510e+00 4.005238e+00
-9.099685e+00 4.345093e+00
-1.074460e+01 -1.781040e-01
-7.904439e+00 6.498103e+00
-6.324799e+00 -8.467783e+00
-1.072148e+01 9.363359e-01
-9.001831e+00 6.426117e+00
-1.988821e+00 5.555909e+00
-6.433911e+00 5.127673e+00
-6.246277e-01 -8.792117e+00
-6.208214e+00 -6.243108e+00
-2.698833e+00 -4.645812e+00
-3.580960e+00 -3.462009e+00
-4.100186e+00 -1.733953e+00
-5.548567e+00 -5.400206e+00
-6.435562e+00 4.780107e-01
-4.277757e+00 3.336895e-01
-5.890451e+00 -1.300785e+00
-3.769361e+00 2.700929e+00
-4.962359e+00 2.742668e+00
1.094714e+01 1.903535e+00
-2.816724e+00 3.364231e+00
-3.449318e+00 5.558187e+00
-5.191497e+00 4.902007e+00
-9.707483e+00 7.378140e+00
-3.549791e+00 4.464086e+00
-4.464544e+00 5.765838e+00
-7.628542e+00 7.535675e+00
-1.888087e+00 8.808133e+00
-5.345981e+00 1.041769e+01
-2.758755e+00 -8.777345e+00
-3.405989e+00 -6.815978e+00
-3.503344e+00 -8.005691e+00
-5.411812e+00 -2.981951e+00
-6.642279e+00 -5.020703e+00
-1.377457e+00 -5.223172e+00
-2.951834e+00 1.305482e-02
-2.479211e-01 3.834906e-01
-4.349661e-01 -4.523484e+00
-6.144546e+00 1.747471e+00
2.813644e-01 3.137865e+00
-4.308983e+00 3.700620e+00
-1.359205e+00 1.893013e+00
-4.842348e+00 -8.345371e-01
-2.676311e+00 6.381724e+00
-6.428983e+00 7.058426e+00
-1.869440e-01 4.356720e+00
-4.339265e+00 1.025327e+01
-6.438155e+00 1.044287e+01
-3.979326e+00 9.219401e+00
-3.368748e+00 -5.673330e+00
-4.598214e+00 -3.679339e+00
-2.018648e+00 -3.413923e-01
9.740516e-01 -7.296961e+00
-7.753384e+00 -4.883460e+00
-2.179125e+00 -2.162293e+00
1.959520e+00 -6.303317e+00
1.221574e-01 -8.024405e+00
4.505907e-01 -6.021491e-01
-3.205480e+00 -2.421848e+00
-4.259287e+00 1.715103e+00
-9.221562e+00 2.034227e+00
-8.078449e+00 4.242525e+00
6.223680e-01 5.447179e+00
-2.533149e+00 -7.645721e+00
-1.593599e+00 7.274406e+00
-1.322273e+00 5.724650e-01
4.162695e-01 -9.227949e+00
-5.028168e+00 6.956905e+00
1.115385e+00 -8.263594e+00
-1.725155e+00 -8.868156e+00
-5.056697e+00 -6.798102e+00
-3.785620e+00 -4.661271e+00
2.731644e+00 -5.681124e+00
-4.172554e+00 -8.781000e+00
-1.520441e+00 -4.248628e+00
-5.142061e+00 1.114661e+00
-2.921091e+00 -1.206076e+00
-1.193338e+00 -2.382348e+00
-8.434879e+00 3.001918e+00
-3.457433e+00 1.104086e+00
3.634452e+00 4.583712e+00
-1.012330e+01 4.206714e+00
-8.204455e-01 3.457198e+00
6.522719e-02 8.585660e+00
-5.621529e-01 5.389333e+00
-7.512782e+00 -1.026747e+01
-2.508382e+00 9.751845e+00
2.372323e+00 8.145319e+00
-1.077015e+00 8.115102e+00
-4.397523e+00 -5.640958e+00
-1.426155e+00 9.991699e+00
2.977015e+00 -9.320694e+00
-1.398370e+00 -7.862460e+00
4.030199e+00 -8.668363e+00
2.911119e+00 -6.779921e+00
-1.508339e+00 -1.352120e+00
6.676906e+00 -5.402798e-01
1.783166e+00 4.514473e-01
-8.059528e-02 6.253913e+00
-3.833188e+00 -6.599845e-01
-1.345637e+00 4.589698e+00
-1.905930e+00 2.831473e+00
-1.142540e+00 6.349582e+00
-4.137609e+00 8.049310e+00
2.331688e+00 1.076230e+01
1.690666e+00 4.735384e+00
-3.196475e+00 1.053048e+01
-1.347540e+00 -9.974706e+00
5.397482e+00 -1.074127e+01
-2.086981e+00 -6.713710e+00
9.357743e-01 -6.183933e+00
4.488487e-01 -3.647456e+00
1.594750e+00 -5.281876e+00
6.956794e-01 8.578467e-01
2.301344e+00 -3.264320e+00
7.022087e+00 5.050239e-01
-5.647778e+00 3.759167e+00
5.383814e-01 2.150402e+00
1.351245e+00 2.974592e+00
2.279433e+00 2.291021e+00
8.364645e-01 4.068009e+00
3.672953e+00 5.694633e+00
2.821642e+00 6.099973e+00
-8.974109e-01 9.105641e+00
-2.822176e-01 1.021358e+01
6.754996e-01 7.576054e+00
-3.442420e-01 7.280016e+00
2.067563e+00 9.321187e+00
-9.081397e-01 1.112765e+01
-2.946228e+00 8.886837e+00
-1.328814e-01 -5.572923e+00
-1.036680e+00 -6.234393e+00
2.717272e+00 -8.332191e+00
2.702509e+00 -4.261389e+00
-3.386323e-01 1.418828e+00
-2.297294e+00 1.140900e+00
4.438379e+00 -1.576073e-01
3.903139e+00 1.572674e+00
1.616798e+00 1.446620e+00
7.434674e+00 7.253178e+00
1.249869e+00 6.685535e+00
-4.682961e-01 2.436764e+00
2.803038e+00 -1.548333e-01
6.622768e-01 9.497523e+00
5.136816e+00 7.282699e+00
2.650709e-01 1.112728e+01
3.350224e+00 7.347629e+00
1.848405e+00 -9.105087e+00
-2.700827e-01 -1.013763e+01
-2.923734e+00 -1.062384e+01
5.203893e+00 1.009571e+01
4.521945e+00 -3.728948e+00
3.748581e+00 -5.943522e+00
3.603388e+00 -4.745983e+00
3.231427e+00 -1.184758e+00
-2.299853e+00 -3.197942e+00
-8.690374e-01 -4.609845e-01
2.803604e+00 1.404038e+00
6.953852e+00 -1.671899e+00
4.860986e+00 4.215871e+00
2.983388e+00 1.000918e+01
2.350224e+00 3.378293e+00
2.325676e+00 7.124081e+00
4.042883e+00 9.172125e+00
1.485119e+00 -1.096953e+01
3.244214e+00 1.105573e+01
4.528133e+00 1.109764e+01
7.955149e+00 -4.296377e+00
4.908094e+00 -5.983638e+00
-2.093761e+00 1.085245e+01
1.300624e+00 8.645682e+00
-4.232843e-02 -6.913627e+00
2.168200e+00 -1.012473e+01
4.020250e+00 -7.091873e+00
6.082915e+00 -5.753582e+00
4.303604e+00 -2.561513e+00
-1.541376e-01 -1.519865e+00
5.502356e+00 -3.467532e-01
2.745447e+00 5.058819e+00
6.750320e+00 2.608045e+00
1.847280e+00 5.743808e+00
4.541095e+00 2.565190e+00
6.730617e+00 -1.078333e+01
5.492931e+00 1.793080e+00
6.470543e+00 5.924938e+00
6.198581e+00 9.113348e+00
3.921433e+00 1.030835e+01
7.403870e+00 -9.458924e+00
9.509359e-01 -1.005820e+01
3.505585e+00 -3.345500e+00
2.017676e+00 -7.379433e+00
8.481779e+00 -7.239254e+00
4.835482e+00 -7.954446e+00
6.034233e+00 -7.755156e+00
5.301198e+00 -6.951031e+00
1.563455e+00 -2.445901e+00
1.710024e+00 -6.677627e-01
5.811325e+00 6.269167e-01
7.661055e+00 -7.501557e-01
5.033262e+00 8.895935e+00
6.349201e+00 6.975511e+00
8.282800e+00 7.936948e+00
6.726272e+00 7.941104e+00
8.676225e+00 8.903487e+00
8.365842e+00 6.737036e+00
1.421215e+00 1.017825e+01
3.503285e+00 -1.030155e+01
4.786189e+00 -9.738558e+00
9.749364e+00 -9.295765e+00
7.894173e+00 -1.042036e+01
9.448886e+00 -1.035425e+01
9.305586e+00 -6.137155e+00
1.050700e+01 -1.025885e+01
8.092560e+00 -8.263284e+00
5.279453e+00 -2.983214e+00
-5.385838e-01 -3.274256e+00
7.500251e+00 5.991895e+00
6.407460e+00 3.685094e+00
8.592864e+00 3.531112e+00
3.941400e+00 3.604121e+00
5.697907e+00 2.904584e+00
4.259314e+00 8.099312e+00
4.731925e+00 5.250684e+00
1.089150e+01 1.106163e+01
7.495713e+00 8.616982e+00
7.133978e+00 -7.672434e+00
1.098086e+01 -9.258606e+00
-1.020891e+01 -8.963926e+00
5.341272e+00 -8.882864e+00
6.390070e+00 -9.757928e+00
-8.367337e+00 -7.864559e+00
5.805501e+00 -1.467680e+00
9.720707e+00 -7.268040e+00
4.650857e+00 -4.767478e+00
1.053268e+00 -1.539108e+00
8.070831e+00 -5.470010e+00
3.644720e+00 6.322374e-01
2.962133e+00 -2.397620e+00
9.732187e+00 1.847284e+00
3.430472e+00 2.562764e+00
9.657317e+00 8.460818e+00
1.038779e+01 7.518266e+00
6.417723e+00 1.056283e+01
9.311596e+00 7.523404e+00
7.627223e+00 1.077947e+01
8.683487e+00 -1.108436e+01
8.481251e+00 -9.403340e+00
9.042186e+00 -4.685339e+00
1.034350e+01 -8.429887e+00
-1.016599e+01 -1.110463e+01
1.049198e+01 -6.204727e+00
7.560318e+00 -2.756516e+00
7.512090e+00 -6.655786e+00
1.611604e+00 -4.059764e+00
3.636105e-01 -2.604697e+00
5.918242e+00 -3.764743e+00
7.018405e+00 -3.625042e+00
4.758771e+00 7.966309e-01
8.132780e+00 4.753181e+00
7.892253e+00 2.805878e+00
3.109803e+00 8.867181e+00
4.335778e+00 6.593470e+00
9.516854e+00 2.876797e+00
1.029311e+01 5.227750e+00
-1.065804e+01 8.228227e+00
6.631117e+00 -8.646778e+00
-9.712762e+00 -1.004122e+01
7.848611e+00 9.669146e+00
8.726820e+00 1.017560e+01
-8.173478e+00 8.679859e+00
9.183573e+00 -8.214943e+00
-7.853901e+00 -1.605479e+00
1.077661e+01 -4.185958e+00
7.062891e+00 -5.012258e+00
6.298323e+00 -2.625409e+00
8.123183e+00 1.503412e-01
9.512909e+00 -1.710710e+00
-1.083436e+01 -1.988649e+00
-1.023940e+01 6.379770e+00
7.576433e+00 3.823279e+00
6.856182e+00 4.659994e+00
1.065975e+01 8.558886e+00
1.109246e+01 4.097933e+00
-9.441758e+00 8.418536e+00
1.039455e+01 1.005046e+01
-7.100066e+00 9.086166e+00
