-1.107136e+01 -9.492650e+00
-9.187538e+00 8.860712e+00
-1.036523e+01 1.065692e+01
-7.584063e+00 -7.435243e+00
-1.087822e+01 -6.789317e-01
-9.799164e+00 -1.287072e+00
-7.745737e+00 -1.518873e+00
1.057745e+01 1.317991e+00
6.157531e+00 -4.364390e+00
9.616795e+00 9.834235e-01
3.210267e+00 4.522749e+00
9.764416e+00 2.064922e+00
1.032530e+01 3.181726e+00
6.543286e+00 5.353939e+00
-7.065672e+00 8.454163e+00
7.693359e+00 2.810724e+00
-8.900108e+00 4.086490e+00
-5.281479e+00 8.453637e+00
8.083280e+00 -9.392989e+00
-8.335530e+00 1.043360e+01
-8.425357e+00 -4.006717e+00
-8.795154e+00 -6.875007e+00
1.069981e+01 -5.539655e+00
-7.901106e+00 -2.803390e+00
-9.026981e+00 -2.703896e+00
-1.072971e+01 1.434168e+00
-5.568093e+00 -1.563247e+00
1.032522e+01 -2.234555e+00
5.918135e+00 -3.196821e+00
1.046529e+01 4.394347e+00
-1.051045e+01 2.767197e+00
7.260730e+00 -1.581594e+00
-8.969400e+00 8.352994e-01
8.745286e+00 1.575778e+00
4.042408e+00 3.176581e-01
9.244970e+00 7.286579e+00
-9.179203e+00 1.115371e+01
-6.225678e+00 7.913716e+00
1.102343e+01 -1.101145e+01
-9.355849e+00 6.400867e+00
-5.421675e+00 -8.220007e+00
-9.536759e+00 -7.702787e+00
1.113480e+01 9.990852e+00
-9.310723e+00 1.002910e+01
-6.453786e+00 -5.790419e+00
-6.665840e+00 -1.682506e+00
-9.763287e+00 1.834947e+00
-8.227532e+00 -4.219887e-01
8.635583e+00 6.046864e-01
-8.975907e+00 2.953268e+00
8.361862e+00 -1.774523e+00
-6.758890e+00 5.563637e-01
9.580056e+00 -4.139381e-02
9.770674e+00 5.246687e+00
4.082696e+00 2.599195e+00
-4.303078e+00 6.391625e+00
1.026175e+01 9.501757e+00
-3.029727e+00 5.173619e+00
-6.292119e+00 4.665015e+00
-1.947291e+00 8.076856e+00
-1.073772e+01 -6.107962e+00
5.913292e-01 1.060248e+01
-8.505570e+00 -8.102900e+00
-4.556747e+00 -7.673108e+00
-7.089353e+00 -6.319235e-01
-8.799156e+00 -1.413779e+00
-7.171958e+00 -4.957077e+00
-6.126951e+00 -3.770470e+00
9.095945e+00 -2.714836e+00
-6.822522e+00 -2.883636e+00
-7.301592e+00 4.752944e+00
6.412870e+00 1.236639e+00
2.519309e+00 -2.070631e+00
7.623853e+00 6.052307e+00
1.027450e+01 7.830999e+00
2.475532e+00 1.958410e+00
-6.685867e+00 2.546788e+00
-4.899334e+00 7.295967e+00
-8.269256e+00 6.347457e+00
-9.925544e+00 -9.705929e+00
-1.601395e+00 1.044908e+01
-8.119067e+00 -1.094887e+01
-3.616922e+00 1.013083e+01
-7.481517e+00 -8.746413e+00
-9.491600e+00 -4.449633e+00
-1.100005e+01 -2.972876e+00
-5.262900e+00 -5.503375e+00
-7.811057e+00 5.040680e-01
-9.155881e+00 -5.488823e+00
3.877278e+00 -8.541187e+00
-6.153636e+00 -7.004630e+00
-4.711677e+00 3.380882e-01
-7.824861e+00 3.703981e+00
-7.033965e+00 6.459088e+00
8.759626e+00 6.116599e+00
6.015221e+00 -8.165855e-02
8.368218e+00 3.884946e+00
-9.748781e+00 -6.379489e+00
2.901605e-01 6.247006e+00
-9.956551e+00 -8.587101e+00
-7.682605e+00 9.340181e+00
3.985480e-01 -1.074993e+01
-4.808135e+00 -1.050802e+01
-5.079737e+00 -3.902116e+00
-4.036846e+00 -9.755215e+00
-1.098856e+01 -1.926924e+00
-1.617649e+00 -5.933703e+00
1.081758e+01 2.364651e-01
-5.241976e+00 -9.528886e+00
-4.311980e+00 -3.217545e+00
-4.652776e+00 1.478570e+00
-4.623413e+00 2.724048e+00
-5.782895e+00 3.473516e+00
-2.617219e+00 2.625579e+00
9.823135e+00 6.380197e+00
-1.103460e+01 3.693467e+00
-5.779011e+00 6.749690e+00
-1.030137e+01 9.383096e+00
1.112912e+01 5.282125e+00
-9.242815e+00 5.231975e+00
-1.873110e+00 5.838431e+00
-2.142710e+00 7.073149e+00
-3.911998e+00 -1.112724e+01
-5.097162e+00 -6.492879e+00
8.891064e-01 -7.086194e+00
-3.464466e+00 -5.189889e+00
-3.361639e+00 -4.021080e+00
-2.018019e+00 -3.884798e+00
-5.524423e+00 2.212053e+00
-4.513209e+00 3.862814e+00
-3.593745e+00 -2.525350e+00
-3.717198e+00 -1.665266e-01
-8.592016e+00 1.867119e+00
1.090198e+01 2.338884e+00
-1.956282e+00 4.772062e+00
2.445031e+00 7.951462e+00
-5.477272e+00 5.701075e+00
1.090296e+01 6.453810e+00
-4.203665e+00 4.874720e+00
-2.948827e+00 6.237363e+00
-7.595396e+00 7.307236e+00
1.790099e-01 7.453580e+00
-4.472844e+00 9.303549e+00
-7.238735e+00 1.090304e+01
-7.107899e+00 -1.049366e+01
-4.901383e+00 1.077662e+01
-5.985811e+00 -4.864344e+00
-4.466515e+00 -4.829731e+00
-4.445156e+00 -8.784515e+00
-2.402148e+00 -1.526691e+00
-1.294053e+00 -1.372435e+00
-7.399252e-01 -6.623045e+00
-1.018540e+01 4.658513e+00
6.840854e-01 -1.859763e+00
-1.608741e+00 2.887052e+00
-1.905166e-01 2.711874e-01
-5.537703e+00 -2.740846e+00
-2.973960e+00 8.110447e+00
-3.680617e+00 7.229991e+00
-2.358911e+00 4.617377e-01
-1.358199e+00 9.339817e+00
-5.371255e+00 9.794480e+00
-9.400443e-01 8.229791e+00
-3.498879e+00 -7.944534e+00
-5.509747e+00 9.845967e-01
-4.602018e+00 -2.154879e+00
-3.187161e+00 -9.117239e+00
-7.334043e+00 -3.863764e+00
-2.543894e+00 -2.983697e+00
-2.370929e+00 -9.678208e+00
-8.138241e-01 -9.941594e+00
1.997334e+00 -4.458712e+00
-2.893147e+00 -6.109980e+00
-3.410812e+00 4.166506e+00
-9.774580e+00 3.524429e+00
-5.226354e+00 4.606621e+00
2.365768e-01 5.113584e+00
-6.679885e+00 -7.949016e+00
1.261120e+00 8.047665e+00
-3.449336e+00 -1.402828e+00
-1.393899e+00 -8.747528e+00
-4.082662e+00 8.198389e+00
6.147223e-01 -8.334200e+00
-6.117676e+00 -1.012003e+01
-6.207874e+00 -8.959848e+00
-1.936018e+00 -1.064654e+01
-1.399853e-01 -7.566307e+00
-7.855035e+00 -9.801275e+00
-3.802466e+00 -6.840411e+00
-7.730468e+00 2.696578e+00
-7.287090e+00 1.774493e+00
-1.601869e+00 -2.480319e+00
-8.153689e+00 5.241236e+00
-3.617842e+00 3.165291e+00
2.229847e+00 3.961652e+00
-1.021378e+01 7.005601e+00
-1.035976e+00 1.585131e+00
3.497342e+00 8.949742e+00
3.474759e+00 5.723414e+00
-8.648328e+00 -9.061659e+00
2.730316e+00 9.654224e+00
2.516179e+00 -1.053162e+01
4.483778e+00 7.098757e+00
-4.297523e+00 -5.880800e+00
2.108944e-01 8.626992e+00
7.862292e+00 9.125608e+00
-5.188097e-01 1.083352e+01
2.311144e+00 -9.512019e+00
6.771222e+00 -5.378860e+00
-2.717270e+00 -5.033415e-01
4.938265e+00 -3.811769e-01
1.541167e+00 -2.375021e+00
1.143784e+00 5.710344e+00
-5.832096e+00 -2.198847e-01
-7.715645e-01 3.552834e+00
-2.158619e+00 1.656912e+00
1.305435e+00 7.074504e+00
-1.061637e+00 7.125489e+00
4.486062e+00 9.438011e+00
-2.453166e+00 3.759766e+00
1.885405e-01 -9.515860e+00
-5.998630e+00 1.057331e+01
4.932329e+00 -9.133065e+00
-2.588089e+00 1.089088e+01
2.990038e+00 -6.526674e+00
6.096802e-01 -5.958394e+00
2.655313e+00 -8.541979e+00
-2.793886e-01 -4.158017e+00
3.835558e+00 -5.307132e+00
4.992417e+00 7.887113e-01
-6.760700e+00 3.617763e+00
-1.362493e+00 3.297575e-01
2.315730e-01 1.506342e+00
-6.880864e-01 5.909220e+00
-3.197928e-01 -1.074460e+00
6.426436e+00 3.231067e+00
1.211434e+00 3.758396e+00
8.898644e-01 9.387588e+00
2.600626e+00 1.072686e+01
1.871273e+00 8.959516e+00
2.176939e+00 6.404009e+00
1.372474e+00 -9.972043e+00
-2.446927e+00 9.423242e+00
-2.230285e-01 9.709120e+00
-3.024535e+00 -1.045238e+01
-4.777207e-01 -5.537348e+00
4.532378e+00 -1.014354e+01
4.664764e+00 -6.074057e+00
-3.672082e+00 1.940427e+00
-4.471491e+00 -9.432169e-01
1.925401e+00 -6.450792e+00
1.020107e+00 -3.867112e+00
-4.346557e-01 2.509734e+00
5.498606e+00 5.113211e+00
-9.100849e-01 4.666976e+00
-3.280632e+00 1.001342e+00
2.926194e+00 -7.559554e+00
3.612698e+00 -1.085079e+01
8.491401e+00 8.150924e+00
1.611863e+00 1.116025e+01
5.753660e+00 6.097763e+00
1.599088e+00 -8.672572e+00
-3.937744e-01 -8.672205e+00
-3.420188e+00 9.012468e+00
5.485633e+00 9.186923e+00
5.036905e+00 -4.998907e+00
8.783587e+00 -6.350586e+00
5.740156e+00 -5.885912e+00
2.202570e+00 -3.202814e+00
-1.125875e+00 -4.665987e+00
-8.739269e-01 -3.273113e+00
2.006854e+00 9.741702e-01
7.535817e+00 3.680005e-01
2.523139e+00 5.331557e+00
4.669487e+00 6.025427e+00
4.170166e+00 4.002801e+00
5.473737e+00 7.049713e+00
5.660324e+00 1.014266e+01
6.074847e+00 1.098805e+01
6.851439e+00 9.844064e+00
7.187679e+00 -7.806149e+00
7.140857e+00 -3.740257e+00
5.291271e+00 -7.130640e+00
1.756327e+00 1.005956e+01
4.781979e+00 8.133239e+00
-2.454928e+00 -8.354873e+00
3.558063e+00 -9.748178e+00
4.804388e+00 -8.096270e+00
4.817380e+00 -2.807051e+00
3.573926e+00 -2.802349e+00
2.956087e-01 -3.060889e+00
3.685884e+00 -1.616529e+00
1.624300e+00 4.766399e+00
1.985618e+00 2.996137e+00
1.199601e-01 4.014153e+00
1.217600e+00 1.997642e+00
7.881095e+00 1.062775e+01
2.703480e+00 -9.558976e-01
5.372635e+00 4.084053e+00
8.164607e+00 6.942174e+00
4.947307e+00 1.107554e+01
7.154396e+00 -8.864163e+00
1.830109e+00 -7.498314e+00
4.073742e+00 -4.229395e+00
4.184696e+00 -6.969678e+00
9.588831e+00 -5.644312e+00
5.990249e+00 -8.017601e+00
6.704235e+00 -6.554532e+00
7.916551e+00 -2.756549e+00
-2.078466e+00 -7.416966e+00
5.514373e-01 -4.823584e+00
1.724708e+00 -1.238061e+00
9.132432e+00 3.036568e+00
7.021610e+00 -1.113406e+01
6.384170e+00 4.284313e+00
-9.847905e+00 8.015463e+00
1.015254e+01 1.066495e+01
8.401535e+00 -1.084819e+01
9.607035e+00 8.698508e+00
3.826981e+00 1.024061e+01
6.123134e+00 -9.251237e+00
8.021381e+00 -7.113570e+00
1.012334e+01 -7.753038e+00
6.047864e+00 -1.036716e+01
-1.048930e+01 -7.287317e+00
-1.050764e+01 -4.869975e+00
-8.657215e+00 7.436662e+00
8.981931e+00 -7.490364e+00
3.711327e+00 -5.777104e-01
-1.147099e+00 -7.771022e+00
7.356524e+00 3.934903e+00
3.275413e+00 1.258942e+00
5.344014e+00 3.021821e+00
9.633258e-01 6.921504e-01
4.510298e+00 4.984936e+00
6.447883e+00 8.893042e+00
3.463537e+00 6.867258e+00
9.472977e+00 -1.084649e+01
8.891737e+00 9.457054e+00
8.355829e+00 -3.791218e+00
1.107497e+01 -8.339978e+00
-8.103947e+00 -5.389356e+00
8.698345e+00 -5.018770e+00
7.270144e+00 7.887961e+00
-7.599853e+00 -6.338816e+00
7.730485e+00 1.451619e+00
9.820722e+00 -3.538838e+00
5.194695e+00 -3.952186e+00
-4.657121e-01 -2.166041e+00
6.729062e+00 -2.440726e+00
7.175126e-01 -5.527866e-01
2.907052e+00 -5.538249e+00
2.952437e+00 2.073941e-01
5.074575e-01 3.040791e+00
-1.097557e+01 7.769060e+00
1.117541e+01 8.843485e+00
7.178877e+00 -1.002213e+01
6.731790e+00 2.178724e+00
9.014919e+00 -9.942411e+00
1.013689e+01 -8.863955e+00
8.157863e+00 -8.251082e+00
7.757852e+00 -6.137159e+00
1.111614e+01 -4.018380e+00
-1.046353e+01 -1.057713e+01
-1.011855e+01 -2.357736e+00
7.091283e+00 -5.820370e-01
-1.007048e+01 -3.577696e+00
1.598894e+00 -5.429663e+00
-2.491815e+00 -4.797119e+00
6.123206e+00 -1.104891e+00
5.732965e+00 -2.093551e+00
3.078265e+00 -4.039604e+00
7.569007e+00 4.900220e+00
4.273495e+00 1.618039e+00
6.624991e+00 6.710719e+00
3.561364e+00 7.846874e+00
5.604959e+00 1.851532e+00
8.659824e+00 4.997191e+00
-8.010870e+00 8.370113e+00
7.675584e+00 -4.742760e+00
1.081712e+01 -6.873202e+00
5.919503e+00 7.955438e+00
9.055123e+00 -8.942686e+00
-6.109046e+00 8.983909e+00
9.880973e+00 -6.554403e+00
-9.377106e+00 -1.478330e-01
-1.026590e+01 4.766893e-01
1.015616e+01 -4.657620e+00
4.750074e+00 -1.664268e+00
1.044432e+01 -9.203542e-01
9.448431e+00 -1.578073e+00
8.673954e+00 -8.313261e-01
9.512923e+00 4.164525e+00
3.090517e+00 3.119872e+00
1.723149e+00 -1.798436e-01
1.039782e+01 -1.004208e+01
-1.039515e+01 5.944573e+00
-8.815680e+00 -1.015290e+01
9.021733e+00 1.047461e+01
-6.699490e+00 9.841285e+00
