9.859466e+00 1.109240e+01
-7.139946e+00 -1.040400e+01
9.778900e+00 8.352854e+00
-5.354066e-02 -4.584743e+00
-4.500277e+00 5.024738e+00
1.006456e+01 -9.818161e+00
8.343780e+00 1.001686e+00
8.163248e+00 3.056555e+00
8.280801e+00 -6.276252e-01
1.027432e+01 3.319639e-01
-3.379809e+00 8.574271e+00
1.109592e+01 4.758029e+00
-7.186827e+00 -4.940656e+00
6.066634e+00 4.848299e+00
-4.989361e+00 3.009937e+00
5.018870e+00 7.817919e+00
-6.116561e+00 -4.047936e+00
1.010423e+01 -5.433348e+00
7.891541e+00 1.107762e+01
-9.875872e+00 7.389293e+00
4.344297e+00 -7.436338e+00
7.012863e+00 -4.584881e+00
9.113722e-01 -5.276149e+00
-9.546000e-02 -1.542841e+00
6.331876e+00 -3.671351e-01
-1.036437e+01 5.276905e+00
-5.661307e+00 7.031226e-01
-5.734659e+00 -1.069471e+01
-1.107519e+01 -1.850230e+00
-6.918016e+00 8.815295e+00
2.199796e+00 -7.801257e+00
4.752894e+00 2.583002e+00
-8.034504e+00 -2.913498e+00
1.036636e+01 -2.244035e+00
-2.363253e+00 3.737975e+00
-5.111131e+00 -7.824968e+00
-1.032082e+01 -7.395802e+00
9.739677e+00 5.949699e+00
-9.760563e+00 -5.392859e+00
-9.496211e+00 3.169715e+00
6.308970e+00 8.647031e+00
9.431000e+00 9.766831e-01
8.924510e+00 1.045081e+01
1.069589e+01 3.735768e+00
-8.074293e+00 -4.452849e+00
8.757597e+00 -1.070652e+01
-3.987877e+00 -5.893019e+00
-6.617874e+00 -6.346197e+00
7.951587e+00 -5.193948e+00
1.009895e+01 -4.426412e+00
3.550407e+00 -3.651185e+00
-1.100025e-02 4.158633e+00
-8.974905e+00 1.354750e+00
-1.042616e+01 2.890065e+00
-7.594285e+00 6.923610e-01
-7.377624e+00 -4.683871e-01
1.657399e+00 5.474976e+00
-2.229979e+00 -1.038930e+00
-9.183469e+00 5.342686e+00
-3.216776e+00 5.364966e+00
1.434054e+00 -8.527532e+00
7.498080e+00 -8.401538e+00
5.749886e+00 -1.004770e+01
1.079246e+00 8.188675e+00
-4.662412e+00 -1.444149e+00
3.161627e+00 -7.328338e+00
7.475795e+00 -1.492758e+00
-1.344618e+00 1.237420e+00
-1.035117e+01 8.566097e+00
3.770229e+00 -6.493376e+00
2.548759e+00 -1.026105e+01
-8.440828e+00 2.653674e+00
-2.167669e+00 4.683031e+00
-3.638649e-01 6.482105e+00
-5.072992e+00 7.681862e+00
3.391370e+00 8.255374e+00
-1.111747e+01 -3.188996e+00
-3.136173e-01 1.490036e+00
6.356891e+00 -1.473778e+00
-9.238941e+00 -4.492524e+00
2.372454e+00 -9.167368e+00
-5.981898e+00 -5.162517e+00
5.135357e+00 1.023668e+01
-2.644424e+00 -9.246074e+00
3.056107e+00 -8.422009e+00
3.462996e+00 7.265469e-01
8.093718e+00 8.926003e+00
-8.425545e+00 4.078210e+00
-3.389135e+00 -4.297970e+00
2.539238e+00 -4.350190e+00
1.117729e+00 9.473861e-02
-9.941177e-01 -6.411547e+00
3.741458e+00 1.788955e+00
5.440295e+00 5.687487e+00
8.883236e+00 5.072525e+00
2.987242e+00 -1.877386e-01
3.899604e+00 1.035499e+01
-9.873934e-01 4.566446e+00
-9.736432e+00 2.087055e+00
-8.340967e+00 -6.523517e+00
3.200856e+00 4.525174e+00
1.485554e+00 9.380124e+00
-1.023496e+01 -4.297679e+00
7.622814e+00 -9.846657e+00
-3.547114e+00 -6.863194e+00
-5.863161e+00 8.426874e+00
-1.901513e+00 -1.109342e+01
-9.610841e+00 6.365025e+00
-6.539676e+00 3.679076e-02
-8.742477e+00 -5.646123e+00
-6.833995e+00 -2.871430e+00
-8.379613e+00 -1.022052e+00
5.571993e+00 -3.385597e+00
6.299884e+00 7.609517e+00
1.091525e+01 8.534763e+00
-1.077404e+01 -9.492093e+00
-2.090647e+00 5.483858e-01
-3.921260e+00 1.061428e+01
8.030439e+00 2.016917e+00
-7.985328e+00 1.021709e+01
1.673715e+00 3.435766e+00
2.074595e+00 8.525494e+00
-7.996118e+00 9.057699e+00
-7.098852e+00 1.085991e+01
2.524366e-01 -2.553166e+00
9.479391e+00 -1.329528e+00
-7.491365e+00 -8.393083e+00
-1.019349e+01 -1.051099e+01
6.892954e-01 1.901772e+00
8.947096e+00 -5.747380e+00
6.674442e+00 -3.564441e+00
-1.021779e+01 1.072151e+01
-8.980220e+00 9.658948e+00
-1.098791e+01 2.524621e-01
-1.708182e+00 -5.565693e+00
4.945463e+00 -1.103349e+01
-3.376533e+00 -1.184320e+00
1.101541e+01 2.577647e+00
2.178855e+00 6.450228e+00
-1.255912e+00 3.445637e+00
-5.695711e+00 9.439330e+00
-6.245200e-01 -7.647094e+00
1.101958e+01 1.083117e+01
-6.706998e+00 1.481804e+00
8.702197e+00 -3.357537e+00
-6.982795e+00 7.111602e+00
-7.096710e+00 2.640680e+00
-4.886191e+00 -1.004782e+01
7.183686e+00 1.392337e+00
-5.543066e+00 -3.066685e+00
4.161851e+00 -4.705013e-01
-8.967125e+00 -2.222392e+00
-5.876761e+00 7.035999e+00
-6.239342e+00 -8.430061e+00
3.772161e+00 2.853411e+00
7.068529e+00 9.310747e+00
-5.887501e+00 -9.396201e+00
-2.828548e+00 1.061816e+01
-8.549326e+00 7.549117e+00
2.767251e+00 2.444202e+00
4.450303e+00 1.014166e+00
-5.702441e+00 1.917067e+00
-1.923423e+00 -7.380280e+00
-4.487252e+00 -4.542096e+00
7.131060e+00 2.673796e+00
5.415142e+00 -2.023968e+00
-2.225574e+00 -2.098986e+00
8.875966e+00 -4.572146e+00
4.039558e+00 7.424037e+00
-5.438588e+00 4.405281e+00
-4.651681e+00 1.953365e+00
-6.983393e-01 -9.100342e+00
-1.532570e-01 8.479128e+00
7.159889e+00 4.967766e+00
5.566186e+00 6.818071e+00
-8.976349e+00 -3.437011e+00
-1.042654e+01 1.240911e+00
4.965643e-01 -7.969645e+00
6.567900e-01 -1.043784e+01
-4.332274e-01 -3.496829e+00
-6.840357e-01 9.638241e+00
1.725542e+00 -3.387590e+00
-3.954925e+00 -1.053417e+01
-4.471978e+00 3.961110e+00
3.413357e+00 6.586727e+00
-7.440061e+00 5.982245e+00
-1.749517e+00 -8.410124e+00
-4.992412e+00 -5.496657e+00
-4.819837e+00 1.117433e+01
-5.508027e-02 4.902698e-01
9.370693e+00 -2.189814e-01
-4.431649e+00 -2.532088e+00
8.110145e+00 7.026664e+00
-3.412367e+00 4.308269e+00
-3.198855e+00 -1.807227e-01
-1.033614e+01 -8.384167e+00
9.951613e-01 4.417174e+00
1.492576e+00 1.245722e+00
-2.629704e+00 2.632851e+00
3.385067e+00 -9.442705e+00
8.536261e+00 -1.641734e+00
2.711290e-02 -6.773799e+00
5.768334e+00 -5.500110e+00
3.023621e+00 -5.706679e+00
-4.301749e+00 -8.010142e-02
1.084866e+01 -6.898704e-01
3.683801e+00 -2.342522e+00
-8.752710e+00 -9.055659e+00
5.881855e+00 1.099603e+01
-8.582416e+00 6.790092e-02
-2.250761e+00 -4.300680e+00
-2.985111e+00 -5.235463e+00
-3.820924e-01 -1.012580e+01
2.551509e+00 7.551978e+00
6.535766e-01 -3.566118e+00
5.132434e+00 -7.375583e-01
8.020164e+00 -6.257525e+00
1.036014e+01 1.747503e+00
2.410020e+00 9.989442e+00
7.531235e+00 7.990272e+00
3.749513e+00 -4.790668e+00
-7.132046e+00 -9.320826e+00
-7.624745e+00 7.987850e+00
-3.949467e+00 2.949795e+00
-1.302986e+00 2.395209e+00
-3.353894e+00 8.669352e-01
-3.482968e+00 -3.247494e+00
-1.097910e+01 9.821022e+00
-3.257698e+00 -2.184599e+00
4.616793e+00 -9.945443e+00
-7.417686e+00 -1.929801e+00
9.963452e+00 2.970789e+00
-3.956726e+00 7.567033e+00
-2.415084e+00 1.514523e+00
5.988949e+00 2.665234e+00
-8.370296e+00 6.497316e+00
4.292964e+00 8.801636e+00
-1.748054e+00 1.010869e+01
-1.176663e+00 -2.446168e+00
-3.762317e+00 -9.494782e+00
2.142401e+00 4.341410e+00
-4.755073e+00 -8.882965e+00
1.766495e-01 5.246405e+00
6.085920e+00 9.642378e+00
-1.288844e+00 -1.450292e+00
5.986973e+00 3.827208e+00
6.864868e+00 -5.834540e+00
-6.419731e+00 5.085752e+00
2.498151e+00 -2.050487e+00
9.001245e+00 -6.768530e+00
1.096883e+00 -1.247796e+00
-2.964087e+00 -7.983085e+00
1.427983e+00 -9.679147e+00
4.528452e+00 -8.733589e+00
-1.225835e-02 -5.726804e+00
-2.786258e+00 6.906260e+00
-1.090948e+00 -4.616206e+00
8.184720e+00 -7.410434e+00
6.383441e+00 7.304656e-01
6.957852e+00 -2.462454e+00
-6.220986e+00 -7.285477e+00
6.749799e+00 1.050604e+01
-5.395519e+00 -5.029946e-01
-4.007804e+00 -8.023976e+00
7.124134e+00 6.886515e+00
9.875780e-02 -5.615720e-01
7.827257e+00 1.002160e+01
4.634963e+00 -2.862588e+00
6.680916e+00 -9.293977e+00
4.732517e+00 -5.270614e+00
-5.577739e+00 -6.345319e+00
9.207791e+00 2.117810e+00
2.013764e+00 -5.315498e+00
-2.875156e+00 -1.061031e+01
5.575613e+00 -7.432677e+00
5.305022e+00 8.930576e+00
8.797668e+00 6.253637e+00
-7.770429e-01 7.590147e+00
6.435311e+00 -8.108058e+00
2.967929e-01 9.378416e+00
6.752170e+00 -1.056110e+01
2.201656e+00 4.707712e-01
2.345076e+00 -6.773694e+00
-2.319647e+00 5.824751e+00
-9.422266e+00 -8.923873e-01
-6.629665e+00 3.900408e+00
-1.167144e+00 -1.467210e-01
-1.640596e+00 6.825600e+00
9.305043e+00 3.756821e+00
2.181739e+00 -9.187410e-01
-1.953253e+00 -1.002657e+01
-2.477540e+00 -3.128050e+00
7.733289e+00 5.981334e+00
-6.423165e+00 6.118410e+00
4.419742e-01 -9.062470e+00
-1.047895e+01 -9.226316e-01
-1.066091e+01 6.398712e+00
-7.208018e+00 -3.829931e+00
-4.781100e+00 8.907425e+00
-6.070733e+00 2.986085e+00
-9.677741e+00 -9.606982e+00
8.516283e+00 -8.437794e+00
7.399895e+00 -4.642547e-02
-2.584434e+00 -6.502340e+00
-5.660935e+00 -1.925066e+00
8.173207e+00 4.159410e+00
9.826128e+00 -8.821803e+00
7.946407e+00 -2.598937e+00
1.108054e+01 7.552818e+00
-2.536722e-01 2.631479e+00
-7.456439e+00 -6.991864e+00
1.397843e+00 -4.365283e+00
-7.746915e+00 4.975725e+00
-4.742648e+00 6.698530e+00
4.674792e+00 6.438869e+00
-9.098102e+00 -1.042303e+01
1.054835e+01 -7.563894e+00
-7.534065e+00 -5.927912e+00
-2.564477e+00 7.894370e+00
-9.947148e+00 2.999866e-01
-1.024034e+01 -6.284270e+00
-5.430380e+00 5.695812e+00
7.190577e+00 -7.378204e+00
-8.531531e+00 -7.587832e+00
9.163862e+00 9.410016e+00
3.252182e+00 -1.292759e+00
3.870906e+00 5.661483e+00
2.894046e+00 3.587022e+00
9.950239e+00 4.920180e+00
1.494627e+00 7.291563e+00
2.810455e+00 1.115044e+01
-3.443011e+00 9.696629e+00
1.371043e+00 -2.228749e+00
5.690020e+00 -8.763743e+00
9.337617e+00 -2.367169e+00
7.808359e+00 -4.011648e+00
-4.646341e+00 -6.867101e+00
-2.335424e+00 9.223970e+00
-6.744494e+00 9.911338e+00
-9.057503e+00 1.073472e+01
-1.410920e+00 8.639064e+00
-1.003641e+01 -1.967800e+00
5.360088e+00 4.328576e-01
-1.245595e+00 5.795590e+00
1.090448e+01 -8.524635e+00
-9.342570e+00 -8.193246e+00
1.027658e+01 9.454352e+00
4.901806e+00 3.858795e+00
6.838971e-01 6.124857e+00
-1.001349e+01 -3.117214e+00
2.841543e+00 5.648935e+00
5.092751e+00 -6.262033e+00
-8.115849e+00 -1.091778e+01
-9.947157e+00 9.662258e+00
3.340083e+00 9.423213e+00
6.584971e+00 5.941449e+00
-1.116436e+01 -5.520563e+00
8.818345e+00 7.863820e+00
5.503858e+00 1.520275e+00
9.491405e+00 7.013343e+00
7.419323e-01 1.057476e+01
1.049456e+01 6.657253e+00
2.744156e-01 7.338436e+00
1.111214e+01 -4.255807e+00
-9.383839e+00 -6.936802e+00
-4.527220e+00 8.457332e-01
8.949339e+00 -9.689621e+00
-8.087057e+00 -9.824690e+00
1.108426e+01 -6.663485e+00
4.325880e+00 -1.574536e+00
2.661658e+00 -3.111701e+00
9.488369e+00 -7.765992e+00
1.102755e+01 -1.044654e+01
4.656741e+00 4.846016e+00
-3.492893e+00 1.992385e+00
-4.819153e+00 1.007789e+01
1.710564e+00 2.222651e+00
-4.654691e+00 -3.587061e+00
-1.056820e+01 3.936291e+00
1.072105e+00 -7.155432e+00
3.622403e+00 -1.053716e+01
7.087976e+00 3.896419e+00
-5.288560e-01 1.097334e+01
-3.775339e+00 6.354290e+00
1.814212e+00 1.092255e+01
-9.000861e+00 8.501294e+00
2.717353e+00 1.438173e+00
1.003317e+01 -6.539670e+00
-1.529152e+00 -3.533347e+00
-6.321452e+00 -9.703298e-01
6.236835e-01 3.366942e+00
5.865962e+00 -4.479796e+00
-9.529730e+00 4.310600e+00
6.120074e+00 -6.575934e+00
1.331609e+00 -6.157006e+00
1.010760e+01 -3.331412e+00
-7.691332e+00 3.440626e+00
4.736207e+00 -3.935316e+00
-7.789202e+00 1.821195e+00
-5.889118e+00 1.064863e+01
