8.708394e+00 -8.414562e+00
-8.038487e+00 8.658445e+00
-9.270025e+00 6.795929e+00
-3.448996e+00 7.419301e-01
-4.443423e+00 1.240386e+00
-8.083506e+00 -8.875573e+00
8.376993e+00 5.264354e-01
5.316207e+00 4.837403e+00
6.966002e+00 -5.708101e+00
6.680992e+00 -2.501333e+00
-5.238393e+00 6.678021e+00
8.202699e+00 6.752008e+00
-7.444646e+00 1.583663e-01
5.640449e+00 3.700833e+00
-5.846680e+00 2.968170e+00
5.018271e+00 7.388552e+00
-7.075966e+00 -3.995682e+00
9.687957e+00 -8.882667e+00
-1.035975e+01 -9.089539e+00
-1.076793e+01 -1.009316e+01
5.211287e+00 -7.780320e+00
8.730230e+00 -3.301903e+00
1.740608e+00 -7.164806e+00
-2.072675e+00 1.162879e-01
6.405528e+00 1.568314e+00
-1.114535e+01 5.622661e+00
-5.386717e+00 -4.290222e-01
-3.040900e+00 9.758131e+00
1.001630e+01 -7.251567e-01
-6.763549e+00 3.540223e+00
8.241425e-01 -7.974736e+00
4.840815e+00 2.773927e+00
-9.707300e+00 1.521461e+00
-9.836579e+00 -3.078603e+00
8.344525e-01 5.209305e+00
-5.208499e+00 1.027796e+01
-7.292465e+00 -1.091978e+01
-9.312347e+00 -9.297591e+00
1.049172e+01 -6.980709e+00
-9.335377e+00 2.690340e+00
8.616660e+00 -1.096614e+01
6.224633e+00 -1.556549e+00
-8.430007e+00 -9.846936e+00
8.748347e+00 3.636961e+00
-9.565399e+00 -4.824773e+00
8.322197e+00 1.040670e+01
-6.022776e+00 -2.059771e+00
-6.125419e+00 -3.378377e+00
9.468483e+00 -5.434467e+00
-1.095184e+01 -2.420356e+00
4.937126e+00 -3.422770e+00
1.195255e+00 2.131454e+00
9.030757e+00 -3.306793e-01
-9.850008e+00 3.531197e+00
9.005151e+00 -1.368377e+00
-7.872526e+00 -7.705811e-01
8.640239e-01 6.380375e+00
-5.252304e+00 -2.747643e+00
-7.371959e+00 7.068167e+00
-9.153957e-02 5.663300e+00
2.372556e+00 -1.084727e+01
3.881694e+00 -6.632885e+00
5.978001e+00 -9.839591e+00
-1.338056e+00 1.089360e+01
-1.009754e+01 4.149414e-01
3.308626e+00 -5.660837e+00
1.050815e+01 -4.668930e+00
-4.360208e+00 1.550248e-01
-8.349182e+00 1.036982e+01
4.509245e+00 -5.685472e+00
2.474199e+00 9.431187e+00
-1.073167e+01 1.144552e+00
-7.495489e-01 4.512006e+00
2.824323e+00 4.923086e+00
2.695853e-01 4.306146e+00
7.750638e+00 5.105119e+00
-7.777790e+00 -5.742595e+00
-1.592200e+00 1.838369e+00
5.579481e+00 -6.699040e+00
-1.081541e+01 -5.021639e+00
3.639846e+00 -9.917328e+00
-5.430990e+00 -7.137435e+00
4.992735e+00 5.968619e+00
-3.383529e-01 -7.772904e+00
4.178845e+00 -8.960725e+00
4.214183e+00 1.967785e+00
9.452939e+00 1.090256e+01
-7.855857e+00 5.219387e+00
2.441948e+00 -7.933036e+00
1.210477e+00 -3.501683e+00
-5.372029e+00 7.067308e-01
-6.249106e-02 -7.528852e-01
2.263656e+00 1.065524e+00
7.067621e+00 6.010686e+00
1.019755e+01 3.990642e+00
4.774161e+00 -7.567482e-02
5.181427e+00 9.378768e+00
1.002469e+00 -4.719930e-02
-1.072904e+01 2.391791e+00
-1.064039e+01 -7.765183e+00
8.908386e+00 5.585826e+00
2.939055e+00 7.231239e+00
-9.908542e+00 -6.827518e+00
1.061930e+01 -5.717056e+00
-2.425415e+00 -5.904922e+00
-6.324405e+00 6.952490e+00
-2.296466e+00 -6.983981e+00
9.056375e+00 4.587421e+00
-6.298590e+00 -9.716490e-01
-7.093772e+00 -8.649293e+00
-8.943315e+00 -2.547457e+00
-7.612766e+00 4.146385e+00
4.410678e+00 -1.176906e+00
6.941550e+00 8.231543e+00
-1.112216e+01 9.086720e+00
-1.019794e+01 8.754792e+00
-7.729361e+00 1.325954e+00
-5.485998e+00 -8.250765e+00
6.288620e+00 5.227513e+00
-9.161747e+00 8.263128e+00
1.706250e+00 -8.949733e-01
1.781072e+00 6.847028e+00
-5.780369e+00 7.856324e+00
-3.880063e+00 6.505848e+00
4.435119e+00 -4.352038e+00
1.022489e+01 -1.786895e+00
-4.480705e+00 -7.776590e+00
-6.086700e+00 8.908559e+00
-5.478874e-01 2.450211e+00
-9.908362e+00 -7.846456e-01
7.643174e+00 -4.041478e+00
-6.162170e+00 -9.246619e+00
-9.061737e+00 9.373511e+00
1.063471e+01 2.052658e-01
1.212821e-01 -5.643327e+00
4.456088e+00 1.070763e+01
-4.173793e+00 -3.261999e+00
7.479907e+00 2.420487e+00
5.918176e-01 7.357671e+00
-6.246976e-01 3.438197e+00
-4.724331e+00 2.751348e+00
-2.774246e-01 -6.669327e+00
-9.444804e+00 -1.057580e+01
-8.339553e+00 7.524451e+00
8.444638e+00 -2.303525e+00
-6.712286e+00 2.216087e+00
-7.585846e+00 2.836135e+00
-4.199634e+00 -9.987452e+00
7.693130e+00 3.617927e+00
-6.982420e+00 -5.131485e+00
7.146745e-01 -1.470417e+00
-1.084541e+01 -2.562561e-01
-5.628147e+00 5.722038e+00
-3.326261e+00 -6.744290e+00
4.163372e+00 4.724411e+00
8.794868e+00 9.142834e+00
-6.206309e+00 1.002434e+01
-3.788400e+00 1.046268e+01
1.073880e+01 7.890346e+00
-1.333818e+00 -2.606321e+00
2.200127e+00 2.257285e+00
-8.492478e+00 2.086690e+00
-1.486997e-01 -4.480764e+00
-7.065657e+00 -1.761983e+00
9.291075e+00 1.650814e+00
3.712030e+00 2.321626e-01
-2.151610e+00 -2.050007e+00
1.112143e+01 -3.556182e+00
4.700362e+00 8.407901e+00
-6.752228e+00 4.795365e+00
-2.671692e+00 3.835317e+00
7.083691e-01 -9.102874e+00
-9.487729e-01 -9.813587e+00
9.881462e+00 9.831378e+00
6.183782e+00 6.390868e+00
-8.041956e+00 -3.181304e+00
8.708444e+00 2.543498e+00
-3.226655e-01 -1.099759e+01
1.319087e+00 -1.108072e+01
-1.130118e+00 -3.464515e-01
-2.509946e+00 1.078251e+01
3.222773e+00 3.943831e+00
-5.173693e+00 -9.462784e+00
-2.936180e+00 6.118737e+00
3.135145e-01 9.452842e+00
1.073334e+01 -1.106156e+01
-3.648989e+00 -5.712599e+00
-5.598966e+00 -5.876412e+00
-4.542784e+00 7.732893e+00
-2.423661e+00 1.087487e+00
-9.892481e+00 -1.946725e+00
-1.440718e+00 -5.215675e+00
6.010035e+00 8.673555e+00
-5.717407e+00 4.166965e+00
-8.565169e+00 7.651831e-01
-9.442501e+00 1.070489e+01
-2.396548e-01 -1.997639e+00
2.430746e+00 -2.980143e-02
-1.806448e+00 4.312843e+00
2.837036e+00 -6.954550e+00
3.335635e+00 -7.652104e-01
2.547517e+00 -9.820068e+00
5.291746e+00 -8.989845e+00
2.151588e+00 -6.006979e+00
-3.393024e+00 1.788259e+00
8.003174e+00 -5.208329e-01
9.989596e-01 -4.496316e+00
-3.308207e+00 -8.066223e+00
3.677935e+00 8.619798e+00
7.311314e+00 -1.499534e+00
7.188197e-01 -2.488001e+00
-2.990224e+00 -4.796570e+00
-3.140724e+00 -1.056352e+01
2.286082e+00 3.297835e+00
2.872430e+00 -2.870634e+00
5.681870e+00 -4.523484e+00
6.729117e+00 -6.714363e+00
-8.218277e+00 6.402878e+00
5.729888e-01 1.052541e+01
7.613512e+00 9.180089e+00
2.258244e+00 -4.946496e+00
-5.310003e+00 -1.060436e+01
-3.744634e+00 4.202435e+00
-3.483266e+00 2.949927e+00
-2.197732e-01 2.920556e-01
-5.554631e+00 1.930427e+00
-2.090495e+00 -4.215188e+00
-5.974584e+00 1.100146e+01
-5.023685e+00 -1.544322e+00
3.236148e+00 1.044540e+01
-1.117518e+01 -1.267871e+00
6.931707e+00 -4.986185e-01
-1.971433e+00 6.623480e+00
-2.457548e+00 2.434903e+00
4.567706e+00 9.442126e-01
1.103050e+01 4.608347e+00
7.095238e+00 -1.007502e+01
-1.328549e+00 -8.590895e+00
3.599419e+00 -1.908426e+00
-3.180190e+00 -9.351392e+00
4.724079e-01 3.237498e+00
-4.263973e+00 -1.099598e+01
-2.225871e+00 5.423569e+00
5.289675e+00 -1.092080e+01
-3.990753e+00 -8.265701e-01
3.474926e+00 2.894753e+00
2.594703e+00 8.270669e+00
-7.141985e+00 9.346213e+00
3.184503e+00 1.454523e+00
8.212715e+00 -6.302661e+00
-4.088177e+00 -4.421447e+00
-4.347719e+00 -6.543800e+00
2.127640e+00 1.041726e+01
4.033113e+00 9.629805e+00
1.306199e+00 -5.523373e+00
-4.939174e-01 6.844167e+00
-2.264638e+00 -3.063571e+00
6.496439e+00 -9.006573e+00
6.706282e+00 3.493874e+00
5.716955e+00 -5.597856e+00
-6.989459e+00 -2.788647e+00
7.540291e+00 -8.932865e+00
-8.948448e+00 -1.273098e+00
-2.264845e+00 -8.080415e+00
8.194153e+00 7.981497e+00
-3.045381e+00 -3.463520e-01
8.211803e+00 -9.728203e+00
6.457505e+00 -3.631177e+00
8.538664e+00 -7.353258e+00
3.384585e+00 -4.498972e+00
-5.116100e+00 -4.115504e+00
5.731104e+00 -6.458693e-01
-1.083117e+00 -1.538433e+00
-3.513331e-01 -8.910584e+00
3.155441e+00 -9.009134e+00
7.484457e+00 -1.102683e+01
9.328871e+00 8.243926e+00
-1.697102e+00 9.916934e+00
3.700060e+00 -1.092273e+01
-2.336553e+00 8.822824e+00
4.770657e+00 -1.000469e+01
2.348172e+00 -3.906362e+00
-2.371180e-01 -2.971774e+00
-3.508117e+00 7.489228e+00
1.039336e+01 1.320238e+00
-4.699138e+00 3.779314e+00
-2.159564e+00 -1.021345e+00
7.740139e-01 8.491993e+00
7.143879e+00 5.836274e-01
3.899353e+00 -3.338843e+00
-6.101333e+00 -4.561813e+00
-3.149378e+00 -1.431807e+00
1.027212e+01 -1.017894e+01
9.942327e+00 7.392418e+00
-1.339194e+00 -7.440956e+00
6.011851e+00 4.979078e-01
-1.052191e+01 1.116355e+01
-8.092109e+00 -1.970965e+00
-1.085537e+00 7.699647e+00
-8.415644e+00 3.498284e+00
-6.370123e+00 -1.042055e+01
6.317373e+00 -7.748689e+00
8.138921e+00 1.538775e+00
-1.336831e+00 -6.416960e+00
-4.746105e+00 -5.378009e+00
-1.088997e+01 6.723104e+00
-7.464414e+00 -6.715489e+00
9.724030e+00 -3.854998e+00
1.019833e+01 8.808464e+00
-4.099359e+00 -2.144242e+00
-6.584925e+00 -7.785688e+00
-3.203291e+00 -2.615986e+00
-8.961749e+00 5.757278e+00
-6.705267e+00 5.899410e+00
6.125238e+00 7.639620e+00
-7.190093e+00 1.030870e+01
-8.212547e+00 -7.676400e+00
-7.362890e+00 -9.847085e+00
-2.010271e+00 -1.066872e+01
9.537875e+00 6.304970e-01
-1.027663e+01 -4.125168e+00
-3.703314e+00 5.382400e+00
6.360358e+00 1.104850e+01
-8.464475e+00 -1.093065e+01
1.097088e+01 1.023142e+01
7.598616e+00 -2.955677e+00
1.871036e+00 5.519581e+00
1.012780e+01 6.349371e+00
9.817549e+00 2.972114e+00
3.977689e+00 6.065954e+00
1.468340e+00 -1.003199e+01
-2.441906e+00 7.727938e+00
1.828993e+00 -2.548523e+00
6.322274e+00 9.711910e+00
9.409618e+00 -2.541655e+00
5.686071e+00 -2.695032e+00
-2.051460e+00 -9.492578e+00
-3.036268e-01 8.358823e+00
-6.841393e+00 7.993334e+00
-3.666850e+00 8.577410e+00
-4.158503e-01 1.033941e+01
-9.984844e+00 -5.799275e+00
6.109337e+00 2.686957e+00
-1.242862e+00 8.804559e+00
-9.374290e+00 -8.015259e+00
-6.466880e+00 -6.492788e+00
1.086290e+01 -9.158056e+00
4.538631e+00 3.779787e+00
1.742183e+00 4.220809e+00
-9.088362e+00 -1.297222e-01
1.073838e+00 1.020327e+00
8.876998e+00 -4.597840e+00
-4.270171e+00 9.529818e+00
-5.098907e+00 8.709412e+00
5.444652e+00 1.038767e+01
9.149982e+00 6.597668e+00
-1.092640e+01 -6.355579e+00
7.144309e+00 1.025431e+01
2.829566e+00 5.974197e+00
-1.010560e+01 7.608296e+00
1.426935e+00 9.316526e+00
9.229755e+00 -1.014706e+01
1.678353e+00 7.896747e+00
-8.896477e+00 -5.620155e+00
9.376130e+00 -6.520922e+00
-6.643025e+00 1.154395e+00
1.039011e+01 -2.878302e+00
-4.327548e+00 -8.799606e+00
7.575187e+00 -7.889317e+00
5.330006e+00 1.600782e+00
4.722429e+00 -2.292833e+00
1.059576e+01 -8.055581e+00
-1.028338e+01 9.814510e+00
7.108593e+00 7.069160e+00
-6.278895e+00 1.642060e-01
-1.119156e+00 5.602359e+00
2.508299e+00 -1.673052e+00
-8.199389e+00 -4.594993e+00
-1.028818e+01 4.976127e+00
-1.098639e+00 -3.879680e+00
1.717119e+00 -8.870700e+00
9.953273e+00 5.205400e+00
4.611185e-01 -1.038100e+01
-1.680055e+00 3.189893e+00
4.019755e+00 7.197070e+00
-1.005121e+01 6.000205e+00
-9.943891e-01 9.380843e-01
9.623625e+00 -7.830418e+00
-3.102957e+00 -3.759413e+00
-9.006646e+00 -3.697355e+00
1.286145e-01 1.654547e+00
7.835400e+00 -5.125526e+00
1.058456e+01 2.337222e+00
3.546410e+00 -7.962461e+00
8.087461e-01 -6.505153e+00
-8.667722e+00 -6.834077e+00
-9.137624e+00 4.563612e+00
6.728761e+00 -4.690596e+00
-1.097051e+01 3.351147e+00
-4.684487e+00 5.061623e+00
