9.328304e+00 1.050156e+01
-7.531810e+00 -1.093978e+01
9.289415e+00 5.846500e+00
2.275455e+00 -5.660097e+00
-5.142553e+00 5.024773e+00
1.020807e+01 -9.424126e+00
1.004320e+01 3.135914e-01
8.673292e+00 1.320837e+00
8.742069e+00 2.954950e-01
-1.005932e+01 1.247091e+00
-3.907569e+00 9.137312e+00
1.093032e+01 5.169183e+00
-6.023619e+00 -6.128623e+00
5.357483e+00 5.042857e+00
-5.579057e+00 3.140167e+00
4.012150e+00 7.313322e+00
-5.528968e+00 -3.981861e+00
-1.006783e+01 -5.852436e+00
8.393617e+00 -9.871452e+00
-9.189230e+00 8.853045e+00
5.479355e+00 -1.081599e+01
5.526733e+00 -4.227241e+00
3.184380e+00 -6.424290e+00
-1.204812e+00 -1.209998e+00
5.661068e+00 -1.651852e-01
-1.074022e+01 6.528449e+00
-4.533874e+00 7.959036e-01
-6.924591e+00 -9.773239e+00
-9.535515e+00 -9.222749e-01
-8.079057e+00 9.518616e+00
1.323562e+00 -1.010056e+01
5.307854e+00 9.682136e-01
-6.615005e+00 -3.938535e+00
-1.071956e+01 -1.161158e+00
-2.766677e+00 3.901707e+00
-5.587502e+00 -7.152885e+00
9.389694e+00 -6.522277e+00
9.330708e+00 4.159974e+00
-9.719411e+00 -4.193116e+00
-9.621176e+00 4.507961e+00
5.955144e+00 8.193193e+00
1.027647e+01 2.190969e+00
8.998928e+00 8.228066e+00
1.107872e+01 3.024495e+00
-7.090280e+00 -5.825713e+00
7.987370e+00 8.315241e+00
-2.076543e+00 -4.953181e+00
-6.706509e+00 -7.145717e+00
6.662480e+00 -4.433253e+00
-1.059975e+01 -4.982439e+00
4.663969e+00 -4.886173e+00
-2.609601e-01 3.607325e+00
-8.653894e+00 2.403719e+00
-1.060099e+01 4.229491e+00
-7.773042e+00 8.949481e-01
-7.443220e+00 -5.082727e-02
7.549869e-01 4.207927e+00
-1.078516e+00 6.988704e-01
-9.108633e+00 5.401149e+00
-6.021157e+00 5.680265e+00
-1.009788e+00 -8.410584e+00
7.393333e+00 -7.222678e+00
7.597685e+00 -1.063125e+01
3.165426e-01 7.535303e+00
-4.746691e+00 -1.347299e+00
3.519910e+00 -8.579700e+00
5.824791e+00 -1.651271e+00
-1.132005e-02 6.860644e-01
-9.132068e+00 7.729085e+00
4.608756e+00 -5.978241e+00
3.739080e+00 9.564323e+00
-8.472507e+00 4.583705e+00
-3.578072e+00 4.532123e+00
-2.215382e+00 6.340898e+00
-5.134334e+00 8.982179e+00
2.593297e+00 7.861893e+00
-9.938284e+00 -2.014583e+00
-3.535469e-01 1.625276e+00
4.906857e+00 -1.068787e+00
-8.580162e+00 -3.949033e+00
2.274888e+00 -1.089580e+01
-5.065536e+00 -4.854106e+00
5.780637e+00 9.287702e+00
-4.299328e+00 -8.311196e+00
1.405873e+00 -9.063390e+00
2.325811e+00 1.658786e+00
8.091195e+00 7.152714e+00
-8.120535e+00 5.820332e+00
-2.002636e+00 -3.926034e+00
4.052735e+00 -7.005120e+00
7.873187e-01 -8.325488e-01
-3.993304e-01 -7.468310e+00
4.285055e+00 1.363393e+00
6.309696e+00 5.809696e+00
8.571720e+00 3.433270e+00
1.905905e+00 -2.917631e-01
6.695243e+00 9.779389e+00
-2.238437e+00 4.935956e+00
-8.945601e+00 3.466342e+00
-8.975889e+00 -6.165705e+00
3.887181e+00 3.365470e+00
7.228364e-01 8.807031e+00
-9.216537e+00 -3.006938e+00
6.885468e+00 -8.321448e+00
-2.967242e+00 -4.366979e+00
-7.218048e+00 1.006425e+01
-2.029218e+00 1.081311e+01
-9.727461e+00 6.231780e+00
-6.609215e+00 1.178480e+00
-7.374691e+00 -4.646101e+00
-5.541486e+00 -2.015585e+00
-7.764571e+00 -1.418740e+00
6.777743e+00 -3.173537e+00
4.968385e+00 7.431376e+00
9.827744e+00 9.399987e+00
1.015050e+01 -8.335759e+00
-2.408837e+00 1.759794e+00
-1.117338e+00 -9.449987e+00
9.689148e+00 1.322613e+00
-8.198579e+00 1.053292e+01
1.845512e+00 3.552775e+00
2.402821e-01 6.076067e+00
-8.168561e+00 8.532109e+00
-8.717205e+00 -1.078996e+01
5.879540e-01 -2.099316e+00
8.800058e+00 -1.761603e+00
-7.656053e+00 -8.909424e+00
-1.111943e+01 -8.670033e+00
6.073000e-01 2.087819e+00
9.525181e+00 -5.361661e+00
7.677721e+00 -3.745667e+00
-9.682007e+00 1.106050e+01
-9.682553e+00 -1.029690e+01
1.061819e+01 -7.114276e-01
-6.061474e-01 -6.182952e+00
5.936164e+00 1.041947e+01
-2.815037e+00 -2.430834e-01
-9.963416e+00 3.448094e+00
1.922884e+00 5.832334e+00
-1.553247e+00 4.007039e+00
-5.786543e+00 1.008967e+01
8.307512e-01 -7.262803e+00
1.099994e+01 -1.069321e+01
-7.637652e+00 2.076055e+00
1.042434e+01 -3.241431e+00
-7.169047e+00 8.987710e+00
-6.575170e+00 2.262965e+00
-4.224027e+00 -1.076034e+01
6.760639e+00 -8.769904e-01
-4.892361e+00 -3.046155e+00
2.573491e+00 -1.037431e+00
-8.146933e+00 -2.505586e+00
-5.990750e+00 8.491053e+00
-5.416610e+00 -8.190847e+00
5.265484e+00 3.894802e+00
8.281071e+00 1.037033e+01
-5.165606e+00 -1.033711e+01
-2.993475e+00 -1.114346e+01
1.108082e+01 7.517401e+00
3.304752e+00 1.139034e+00
2.157817e+00 7.023357e-01
-5.503018e+00 1.724368e+00
-1.375635e+00 -7.353037e+00
-3.777450e+00 -3.273957e+00
7.505767e+00 1.267529e+00
8.245909e+00 -2.766560e+00
-3.708506e+00 -1.016844e+00
-1.117411e+01 -3.954949e+00
1.970822e+00 7.050419e+00
-5.936068e+00 6.698220e+00
-4.303064e+00 1.792731e+00
-2.194717e+00 -8.011925e+00
-6.278172e-01 9.666828e+00
6.298209e+00 3.189465e+00
5.003107e+00 6.407895e+00
-6.138487e+00 -3.020329e+00
-1.010654e+01 2.412454e+00
2.090456e-02 -9.185348e+00
4.509174e-02 -1.047926e+01
4.647291e-02 -3.049452e+00
-1.670942e+00 9.774122e+00
1.863483e+00 -4.046473e+00
-3.022725e+00 -8.764278e+00
-4.581834e+00 2.744213e+00
3.105637e+00 4.996501e+00
-7.649253e+00 7.549698e+00
-3.681435e+00 -6.398953e+00
-4.116565e+00 -5.402062e+00
-2.024738e+00 -9.978812e+00
1.300470e+00 1.270537e+00
1.091144e+01 8.913152e-01
-4.734368e+00 -3.069456e-01
8.163292e+00 5.916557e+00
-4.667761e+00 3.922243e+00
-2.202543e+00 6.234137e-01
1.009243e+01 -7.212100e+00
-1.125653e+00 5.188390e+00
1.616300e+00 2.480203e+00
-2.488091e+00 2.926985e+00
2.289353e+00 -9.742398e+00
7.992656e+00 -9.748666e-01
2.088227e+00 -6.749317e+00
5.867462e+00 -6.512716e+00
2.730037e+00 -7.637892e+00
-5.694083e+00 -7.414362e-01
9.338449e+00 -7.433874e-01
2.493590e+00 -2.320926e+00
-8.538974e+00 -8.333126e+00
8.704483e+00 -1.087682e+01
-9.383944e+00 2.382060e-01
-9.761240e-01 -4.975244e+00
-1.277261e+00 -3.182276e+00
-3.342840e+00 -7.681944e+00
1.130437e+00 6.492544e+00
-5.910335e-01 -4.011352e+00
3.631604e+00 -1.879160e+00
8.471788e+00 -4.597732e+00
-1.107474e+01 2.067032e+00
1.488124e+00 8.020241e+00
5.937267e+00 6.991796e+00
3.708511e+00 -2.944461e+00
-6.553010e+00 -8.245418e+00
-8.634485e+00 6.704063e+00
-3.701925e+00 3.380938e+00
-1.472927e+00 2.951238e+00
-3.492440e+00 9.553148e-01
-2.735868e+00 -3.219415e+00
-1.015667e+01 9.893713e+00
-4.051283e+00 -2.067348e+00
4.481051e+00 -1.034216e+01
-7.116442e+00 -2.449901e+00
9.910137e+00 3.330499e+00
-3.339167e+00 8.295849e+00
-1.351851e+00 1.828652e+00
6.628064e+00 3.660603e-01
-1.019346e+01 7.498699e+00
4.833549e+00 8.544766e+00
-7.341424e-01 1.082649e+01
-7.269772e-01 -2.284581e+00
-4.525100e+00 -9.486129e+00
1.868465e+00 4.623586e+00
-5.778994e+00 -9.356572e+00
-3.052569e+00 5.609136e+00
7.262792e+00 1.066881e+01
-2.228545e+00 -1.318782e+00
6.329372e+00 1.346933e+00
7.521606e+00 -5.134285e+00
-7.110294e+00 5.499518e+00
2.652043e+00 -3.399527e+00
8.459294e+00 -5.685411e+00
-1.247386e-01 -1.261191e+00
-2.598387e+00 -6.875986e+00
3.593269e+00 -1.081499e+01
3.686461e+00 -9.602873e+00
7.725461e-01 -6.207639e+00
-4.137292e+00 6.615074e+00
6.634596e-02 -5.351105e+00
7.025002e+00 -6.198494e+00
3.897173e+00 -7.917917e-01
7.439312e+00 -1.864848e+00
-7.712257e+00 -7.899655e+00
8.712218e+00 9.197945e+00
-5.551532e+00 5.350929e-01
-4.459710e+00 -7.277553e+00
7.193519e+00 6.572425e+00
-4.959105e-01 -2.907338e-01
6.927271e+00 8.696659e+00
5.892129e+00 -2.685854e+00
6.562769e+00 -9.804849e+00
5.645215e+00 -5.334191e+00
-4.712875e+00 -6.289516e+00
9.123044e+00 2.448951e+00
3.688426e+00 -5.265451e+00
-2.818797e+00 1.005194e+01
4.932461e+00 -9.419853e+00
7.641006e+00 9.395248e+00
7.577680e+00 4.091198e+00
-3.540295e-01 8.452068e+00
5.773443e+00 -8.695635e+00
2.012655e+00 1.043285e+01
7.498749e+00 -9.403921e+00
9.092606e-01 2.630559e-01
2.445310e+00 -8.696416e+00
-3.217183e+00 7.138680e+00
-8.565686e+00 -3.180858e-01
-6.004482e+00 4.389552e+00
-1.619464e+00 -2.192598e-01
-1.500103e+00 7.292945e+00
8.094142e+00 2.250572e+00
1.569956e+00 -1.711876e+00
-1.192153e+00 -1.060481e+01
-3.023180e+00 -2.013485e+00
7.299027e+00 5.258305e+00
-6.506195e+00 7.645015e+00
8.736588e-01 1.096048e+01
-1.077616e+01 1.365095e-01
1.009470e+01 6.766563e+00
-6.243506e+00 -5.098254e+00
-4.664861e+00 9.901216e+00
-6.545523e+00 3.320730e+00
-9.704381e+00 -8.295081e+00
7.961273e+00 -8.345355e+00
7.663588e+00 4.033755e-02
-1.800414e+00 -6.021315e+00
-6.481484e+00 -1.308024e+00
7.527692e+00 3.103577e+00
9.629696e+00 -1.027914e+01
9.119368e+00 -3.625750e+00
1.075726e+01 8.629919e+00
-4.812417e-01 2.619774e+00
-8.626682e+00 -7.203383e+00
1.175935e+00 -5.152894e+00
-7.196873e+00 6.603867e+00
-4.331633e+00 8.113027e+00
3.262950e+00 6.498604e+00
-1.013585e+01 -9.201303e+00
8.285691e+00 -6.653144e+00
-7.775349e+00 -6.555972e+00
-2.355925e+00 7.784439e+00
-8.876449e+00 1.206687e+00
-8.131722e+00 -5.359696e+00
-4.964941e+00 7.278064e+00
6.223192e+00 -7.557252e+00
-9.918118e+00 -7.215496e+00
9.070720e+00 6.951704e+00
1.208323e+00 -3.087473e+00
4.086700e+00 5.721339e+00
4.741273e+00 2.377597e+00
9.930996e+00 5.004333e+00
7.763586e-01 5.205431e+00
4.918074e+00 9.941839e+00
-3.747975e+00 1.052512e+01
7.482077e-01 -4.022309e+00
6.496601e+00 -1.093869e+01
9.774262e+00 -2.301797e+00
1.010687e+01 -4.362412e+00
-2.817767e+00 -5.731307e+00
-2.512398e+00 8.965679e+00
-6.271170e+00 1.117649e+01
-1.109837e+01 -9.707156e+00
-1.500659e+00 8.647676e+00
-8.841648e+00 -1.705895e+00
3.257000e+00 6.494085e-02
-4.103869e+00 5.582885e+00
9.089029e+00 -8.673259e+00
1.106190e+01 -7.496014e+00
1.097573e+01 9.796904e+00
5.812369e+00 2.226476e+00
-1.316856e-01 4.761217e+00
-7.623477e+00 -3.596850e+00
2.981491e+00 3.900277e+00
4.561651e+00 -8.300697e+00
-8.012802e+00 -9.947394e+00
-9.161197e+00 1.008396e+01
2.971763e+00 8.800732e+00
6.269386e+00 4.637565e+00
-1.023853e+01 -3.234305e+00
6.827250e+00 7.591314e+00
4.616525e+00 1.650302e-01
8.642987e+00 4.928871e+00
3.047210e+00 1.045900e+01
1.002071e+01 7.798126e+00
-8.270668e-01 6.471331e+00
-1.084911e+01 -2.479149e+00
-1.093827e+01 -6.537893e+00
-3.743995e+00 2.507730e-02
1.033337e+01 1.077828e+01
-8.919926e+00 -9.270738e+00
-9.300064e+00 -5.119728e+00
4.793694e+00 -2.264204e+00
2.926930e+00 -4.636442e+00
8.882931e+00 -7.574399e+00
-1.084863e+01 1.078958e+01
4.092700e+00 4.531076e+00
-3.324750e+00 2.257948e+00
-4.995933e+00 1.086756e+01
2.673268e+00 2.624097e+00
-4.076284e+00 -4.350082e+00
1.056078e+01 4.133503e+00
7.667469e-01 -8.348976e+00
4.407480e+00 1.091560e+01
6.865427e+00 2.257180e+00
3.366143e-01 9.847149e+00
-5.032882e+00 6.015881e+00
1.756565e+00 8.993386e+00
-1.034853e+01 8.799022e+00
3.673772e+00 2.228023e+00
1.065675e+01 -5.557190e+00
-1.997010e+00 -2.368100e+00
-6.406135e+00 -4.860230e-03
7.085838e-01 3.183750e+00
4.825958e+00 -3.417970e+00
-1.037706e+01 5.376210e+00
5.138089e+00 -7.396177e+00
1.692039e+00 -7.888864e+00
1.065908e+01 -1.729389e+00
-7.324253e+00 4.135611e+00
3.857359e+00 -4.140867e+00
-7.935561e+00 3.113865e+00
-3.289858e+00 -9.791650e+00
