9.653496e+00 -8.389244e+00
-8.202190e+00 6.695458e+00
-3.793779e+00 9.851528e+00
-7.361837e+00 -1.609335e+00
-1.099827e+01 3.270396e+00
-1.016521e+01 -4.833286e+00
1.085012e+01 -1.286586e+00
-6.942374e+00 4.834059e+00
1.018396e+01 -4.158550e+00
9.051754e+00 -8.055803e-02
-3.048308e+00 8.440193e+00
1.080680e+01 5.246906e+00
1.102394e+01 6.964131e-01
9.814891e+00 7.845745e-01
-4.581565e+00 4.817161e+00
5.297529e+00 4.336938e+00
9.560023e+00 1.853079e+00
-8.564396e+00 9.941017e+00
-5.443025e+00 -6.560673e+00
-4.297820e+00 -6.163195e+00
1.087746e+01 -8.300470e+00
1.077050e+01 -6.221623e+00
2.382037e+00 -8.006809e+00
8.526970e+00 -9.786394e-01
6.294578e+00 2.299793e+00
-1.036175e+01 5.966775e+00
-5.282989e+00 1.538442e+00
5.080446e+00 -1.041038e+01
5.842271e+00 9.445050e-01
-1.040028e+01 4.987045e+00
-2.925425e+00 4.732650e+00
6.062277e+00 -3.714223e+00
-8.209311e+00 2.805374e+00
9.048106e+00 7.456085e+00
-1.980716e+00 2.760296e+00
-1.113031e+01 8.396893e+00
-1.118017e+01 -7.145293e+00
-7.130570e+00 -9.025416e+00
-9.439893e+00 -5.755213e+00
-5.305780e+00 6.884285e+00
-9.394121e+00 -7.969640e+00
-1.011674e+01 -2.507546e+00
-8.653954e+00 -9.179308e+00
-8.750211e+00 8.838098e+00
-1.047383e+01 -7.927738e+00
1.099249e+01 6.409229e+00
-9.367332e+00 6.361878e-01
-9.308876e+00 -1.832054e+00
8.411678e+00 -3.503534e+00
-8.011120e+00 8.580863e-01
7.102681e+00 1.676898e+00
-3.135661e+00 3.466152e-01
3.938810e+00 8.921581e-02
-1.014382e+01 3.819278e+00
8.276340e+00 1.894281e+00
-6.651911e+00 1.609510e+00
3.772161e-01 3.505019e+00
-6.489153e+00 -4.695234e-01
-6.512711e+00 3.911158e+00
-4.424041e+00 7.748732e+00
6.881803e+00 -9.524738e+00
8.064732e+00 9.404483e+00
1.030749e+01 1.021805e+01
-5.268386e+00 -7.689548e+00
-7.094338e+00 2.882078e+00
9.976659e+00 -5.178751e+00
1.102171e+01 -5.132247e+00
-8.452857e+00 -1.256553e+00
8.853288e+00 -7.590176e+00
7.433597e+00 -2.242575e+00
-1.951088e+00 4.327724e+00
7.243135e+00 5.200137e-01
-2.249643e+00 -3.205699e-01
7.922871e-01 6.497519e+00
-4.910557e+00 9.794511e+00
5.280988e+00 6.436380e+00
-6.403287e+00 -1.871932e+00
-7.734349e+00 8.697692e+00
1.092114e+01 -3.279181e+00
-6.413810e+00 -9.846926e+00
4.702669e+00 -9.303194e+00
-8.554532e+00 -7.215811e+00
2.036124e+00 8.913428e+00
6.693373e+00 -5.726974e+00
7.571381e+00 -7.830644e+00
7.253472e+00 -7.807403e-01
-5.620417e+00 -4.473258e+00
9.520784e-02 4.458384e+00
5.801089e+00 -6.221988e+00
3.122073e+00 -5.944007e+00
-9.890514e+00 -3.771450e+00
-3.486946e-01 -1.092436e+00
-4.284973e+00 -4.710793e-01
3.744086e+00 2.139449e+00
7.461825e+00 5.215920e+00
2.542211e+00 -4.636548e+00
8.903798e+00 4.273202e+00
-7.729793e+00 -1.823953e-01
-5.675163e+00 4.625675e+00
9.131023e+00 -4.176206e+00
-8.691374e+00 -2.033126e-01
4.509820e+00 1.092084e+01
-9.699522e+00 -8.896616e+00
-9.644305e+00 -6.766826e+00
-4.303895e+00 -8.226765e+00
1.052316e+01 -9.262773e+00
-2.062083e+00 -7.117465e+00
9.293640e+00 2.837014e+00
-6.999835e+00 -2.701408e+00
-8.268498e+00 -6.216044e+00
-9.609332e+00 -7.422243e-01
-2.036780e+00 -2.755954e+00
6.377344e-01 -6.082060e-01
-9.006293e-01 9.539002e-01
6.967486e+00 7.341883e+00
9.804304e+00 8.276238e+00
-6.097906e+00 5.879625e+00
-8.108869e+00 -8.257840e+00
-8.682012e+00 3.909317e+00
-7.906975e+00 1.116675e+01
-1.937685e+00 5.394710e+00
-5.039635e+00 5.758848e+00
-1.231745e+00 -9.223973e+00
1.110450e+01 -1.007467e+01
3.846522e+00 -4.896902e+00
-6.079238e+00 -3.228208e+00
-5.240257e+00 -5.542165e+00
-5.704602e+00 -1.071429e+01
-4.396593e+00 3.399733e+00
-5.856883e+00 2.431631e+00
5.655821e+00 -4.979815e+00
-3.610590e+00 -4.176169e+00
-7.643574e+00 1.824043e+00
9.696034e+00 5.383424e+00
-3.944511e+00 1.113286e+01
2.506250e+00 7.901362e+00
2.142921e+00 -2.578933e+00
2.971784e+00 3.920680e+00
1.596841e-01 5.543727e+00
3.941960e-01 7.705602e+00
-8.075211e+00 5.219209e+00
-1.283400e+00 8.610803e+00
-1.009692e+01 -9.985650e+00
-7.543220e+00 -1.009791e+01
-8.113883e+00 -3.614879e+00
-4.128147e+00 8.848714e+00
-5.005475e+00 -2.911009e+00
3.049267e-02 -6.378977e+00
-3.383806e+00 -9.713132e-01
-5.385453e+00 -5.641572e-01
1.055862e+00 3.931052e-01
-4.666037e+00 4.879570e-01
-7.399800e+00 6.004973e+00
-4.139549e+00 -7.201897e+00
1.329764e+00 1.543407e+00
2.701822e+00 1.651663e+00
-6.328785e+00 -7.801951e+00
-6.277392e+00 8.295144e+00
4.270575e+00 3.974917e+00
-2.309431e-01 -4.420479e+00
-4.220700e+00 6.674762e+00
-5.524132e+00 3.553913e+00
3.099040e+00 -7.281323e+00
-4.279384e+00 -1.548682e+00
-1.065622e+01 -2.423315e-01
-2.653253e-01 7.509850e-02
-5.222724e-01 2.980051e+00
-8.142826e+00 -5.119325e+00
-3.831199e+00 1.397908e+00
-1.073210e+00 2.013084e+00
-2.242600e+00 9.364396e+00
4.351431e+00 -7.689934e+00
-1.542063e+00 -8.033469e+00
1.803945e+00 -3.465695e-01
-9.286631e+00 2.993120e+00
-5.273942e+00 -1.859197e+00
3.070135e+00 5.854104e+00
5.864727e-01 -1.028445e+01
6.137569e+00 -1.026614e+01
-2.537096e+00 -1.622756e+00
-2.218790e+00 -1.016088e+01
-1.020218e+00 3.948944e+00
-2.284768e+00 -4.224863e+00
-5.246509e+00 8.548489e+00
9.487987e+00 1.105061e+01
3.697214e+00 9.906595e+00
-2.937606e+00 -7.723197e+00
-6.227273e+00 -5.796044e+00
-2.298890e+00 -8.886493e+00
-8.821327e+00 1.920430e+00
-1.117676e+01 -2.197736e+00
-3.106463e+00 -5.519240e+00
-2.679423e+00 3.584627e+00
-3.509383e+00 2.836711e+00
2.346542e+00 -1.384867e+00
9.380442e+00 9.771926e+00
-9.463227e-02 -3.188653e+00
2.780750e+00 -1.036133e+01
2.468469e+00 4.981654e+00
7.287865e+00 -6.754261e+00
2.338013e+00 -9.122017e+00
4.021489e+00 -1.047528e+01
8.009936e+00 7.156658e+00
-9.139708e+00 -4.510049e+00
-2.636206e+00 6.559722e+00
7.304479e+00 2.833277e+00
1.025816e+00 -8.292752e+00
-1.208778e+00 -6.306961e+00
1.798101e+00 1.112046e+01
5.456271e-01 -5.403196e+00
1.769973e+00 3.585632e+00
-3.007693e+00 -6.689512e+00
-3.531183e+00 -1.015635e+01
-2.797420e+00 1.751569e+00
3.430169e+00 -9.490855e+00
2.819722e+00 -2.473013e-01
4.087320e+00 6.197778e+00
5.230444e-01 2.397994e+00
6.317379e-02 1.004295e+01
2.172080e+00 6.258842e-01
1.125065e+00 1.034879e+01
-8.909170e+00 -1.016881e+01
-8.490719e-01 9.576401e+00
-6.338680e+00 9.280652e+00
4.314779e+00 -1.910675e+00
-1.117552e+00 -3.554103e+00
4.984365e+00 -4.031409e+00
-3.986592e+00 -3.181018e+00
1.086892e+01 1.707696e+00
1.314589e+00 4.624033e+00
3.477041e+00 9.366487e-01
1.668277e+00 2.530226e+00
-4.699147e+00 -1.050226e+01
-3.608054e+00 3.995965e+00
-8.702772e-01 -2.382478e+00
6.443044e+00 4.247112e+00
8.486351e+00 5.461689e+00
5.478921e+00 1.069524e+01
4.422491e+00 -2.892839e+00
-3.435633e+00 -8.845310e+00
-5.215067e+00 1.077275e+01
-2.838678e+00 -1.110210e+01
-3.416468e+00 7.361958e+00
7.616766e+00 8.193099e+00
-4.222237e+00 -5.097927e+00
-1.393493e+00 -1.465793e+00
7.026892e+00 9.171488e+00
-2.856137e+00 1.029249e+01
-6.994548e+00 5.480041e-01
8.919917e+00 -5.176051e+00
1.438165e+00 -4.644446e+00
6.953155e-01 -3.918631e+00
7.803581e+00 -9.916772e+00
3.549805e+00 -1.089173e+00
-1.833163e+00 1.029907e+01
-2.244287e+00 9.046213e-01
2.217914e+00 -6.633387e+00
8.950518e+00 -9.380280e+00
8.492732e+00 1.078601e+01
1.834655e+00 -1.009501e+01
7.744833e+00 4.204253e+00
8.652460e+00 -6.523799e+00
-4.678766e+00 -4.077777e+00
-6.764258e+00 -1.085035e+01
1.051288e+01 2.658913e+00
3.928804e+00 -3.832157e+00
9.594824e+00 -3.265283e+00
4.640364e+00 -5.650356e+00
8.765955e+00 9.958748e-01
1.494859e+00 -7.383072e+00
-2.920805e+00 -3.333491e+00
3.682435e+00 3.137987e+00
1.018205e+01 -1.826278e-01
5.182465e+00 6.811511e-02
4.100291e+00 8.963132e+00
3.018705e+00 6.984494e+00
3.592642e+00 8.031088e+00
2.601212e+00 9.884893e+00
7.580990e+00 1.034234e+01
4.538652e+00 7.354007e+00
6.879695e+00 -1.105712e+01
1.267716e+00 -1.556160e+00
3.086745e+00 8.955466e+00
1.738932e-01 1.116542e+01
1.106966e+01 4.208489e+00
-4.416900e+00 -9.327686e+00
4.156433e-01 -7.350320e+00
5.366044e+00 -7.247528e+00
7.219802e+00 -3.384582e+00
1.938304e+00 -5.573308e+00
-1.019321e+00 -5.231456e+00
2.070153e+00 -3.679052e+00
5.744823e+00 9.327159e+00
2.676842e+00 2.684526e+00
-1.637649e+00 -1.109825e+01
-5.849439e+00 5.684782e-01
-1.076514e+01 7.287150e+00
4.669030e+00 2.940520e+00
-6.166709e-04 8.783206e+00
-9.302874e+00 4.875727e+00
-1.087708e+01 9.522753e+00
1.058410e+01 -1.095832e+01
5.052695e+00 2.043937e+00
6.437958e+00 -2.649878e+00
3.051080e+00 -3.175888e+00
4.805977e+00 1.037918e+00
-1.087658e+01 1.064809e+01
6.537948e+00 -1.668613e+00
6.537113e+00 6.403037e+00
-3.354757e+00 -2.387467e+00
-7.241507e+00 -5.693896e+00
7.475083e-03 -9.296775e+00
-7.313284e+00 9.746578e+00
-7.349970e+00 7.695545e+00
1.954936e+00 6.928128e+00
1.056046e+01 7.470898e+00
-6.753845e+00 -6.659320e+00
-1.013788e+01 8.713289e+00
3.102267e+00 1.090869e+01
4.911070e+00 5.253748e+00
8.821344e+00 -1.046453e+01
-8.915041e+00 1.105182e+01
-9.946570e+00 -1.098396e+01
8.625716e+00 8.398610e+00
7.839067e+00 -8.856472e+00
5.919466e+00 -9.250106e+00
-8.437656e-01 5.134232e+00
4.801539e+00 9.763382e+00
5.889032e+00 5.389134e+00
-3.539019e+00 5.602180e+00
5.009445e+00 8.362621e+00
-5.407437e+00 -9.686290e+00
-1.394111e+00 6.408576e+00
1.135955e-01 1.096527e+00
6.307021e+00 3.388121e-02
5.350020e+00 -8.218977e+00
-2.099925e-01 -8.205978e+00
-2.230925e-01 6.716890e+00
-8.434103e+00 7.824396e+00
-8.968717e-01 -1.034635e+01
6.507844e+00 -7.375559e+00
-7.158588e+00 -4.409692e+00
8.717182e+00 -2.169988e+00
1.474128e+00 7.873093e+00
-1.071261e+01 -9.111549e+00
-9.005221e+00 -2.995345e+00
1.040218e+01 9.210301e+00
6.925997e+00 -4.420760e+00
9.701763e-01 -2.863111e+00
-1.043240e+01 -1.403632e+00
2.174614e-01 -2.082126e+00
9.496638e+00 -1.502973e+00
-6.473022e-01 -7.253971e+00
-7.332311e-01 7.710732e+00
5.777307e+00 3.165115e+00
6.287223e+00 8.400102e+00
-7.383366e+00 -7.473664e+00
5.707780e+00 7.427861e+00
1.827893e+00 5.759959e+00
-9.398218e+00 6.699273e+00
6.595518e+00 -8.382183e+00
9.600105e+00 -6.220292e+00
9.772951e+00 -1.009737e+01
-9.829743e+00 1.000056e+01
1.003773e+01 -2.364626e+00
-1.044464e+01 2.307388e+00
-1.036836e+01 1.107467e+00
-1.967462e+00 -5.558917e+00
3.511682e+00 -8.472754e+00
-1.202817e+00 -3.527478e-01
3.202845e+00 -2.051311e+00
8.047966e+00 -4.496681e+00
9.966546e+00 6.633114e+00
4.533842e+00 -7.764255e-01
1.011855e+01 3.879282e+00
-8.174624e-01 1.068756e+01
5.481037e+00 -1.370455e+00
8.285139e+00 3.206623e+00
-6.487204e+00 7.159008e+00
4.295192e+00 -6.687352e+00
1.013845e+01 -7.252904e+00
9.028544e+00 6.434876e+00
1.089356e+00 9.381239e+00
-2.142890e+00 7.686940e+00
6.525398e+00 1.020094e+01
7.699685e+00 6.159172e+00
-8.913059e+00 5.834415e+00
7.911257e+00 -5.677473e+00
1.076448e+00 -6.358863e+00
-1.046712e+01 -5.922466e+00
5.464473e+00 -2.415852e+00
-1.092467e+01 -4.111166e+00
-7.574151e+00 3.839828e+00
3.734949e+00 5.046262e+00
1.097859e+00 -9.301406e+00
-5.659039e+00 -8.650328e+00
-4.694943e+00 2.390054e+00
-8.201321e+00 -2.304981e+00
-9.594579e+00 7.749409e+00
-6.462395e+00 1.045112e+01
