-8.509390e+00 -1.105337e+01
-8.127431e+00 6.815702e+00
-5.869104e+00 8.270776e+00
-5.693245e+00 -6.362712e+00
1.001282e+01 3.173061e+00
-1.011331e+01 -5.141497e+00
7.989135e+00 1.656467e+00
-9.028755e+00 3.904672e+00
5.821268e+00 -3.574048e+00
8.001439e+00 5.196282e-01
1.258300e-01 6.988441e+00
8.933611e+00 1.171940e+00
9.633186e+00 -9.015589e-01
6.742534e+00 3.627117e+00
-6.665813e+00 3.044046e+00
2.679429e+00 5.093392e+00
-1.015888e+01 6.161112e-01
-9.952245e+00 8.601893e+00
-7.638798e+00 -7.956828e+00
-5.953393e+00 -1.097301e+01
-9.573924e+00 -7.274194e+00
-7.815233e+00 -6.169975e+00
9.829288e+00 -6.613533e+00
1.104689e+01 -1.481115e+00
5.739019e+00 7.221401e-01
1.099822e+01 2.725935e+00
-6.631917e+00 -3.414320e+00
9.001665e+00 -7.615111e+00
5.884131e+00 -5.927170e-01
-1.064302e+01 1.716691e+00
-5.605284e+00 5.005649e+00
6.191726e+00 -1.805883e+00
-8.615642e+00 1.404962e+00
9.074783e+00 4.681450e+00
-1.082273e+00 4.028872e+00
1.089999e+01 8.322933e+00
-1.004435e+01 -6.302450e+00
-3.355625e+00 -9.351670e+00
-6.909956e+00 -6.923377e+00
-8.023889e+00 7.961229e+00
-1.195410e+00 -8.389540e+00
-9.036449e+00 -3.682947e+00
-7.540311e+00 -9.024183e+00
-6.947624e+00 7.893463e+00
-1.095788e+01 -9.264481e+00
8.007663e+00 4.086360e+00
1.109360e+01 7.533243e-01
-1.019167e+01 -1.698295e+00
8.917978e+00 -3.913226e+00
-8.480578e+00 2.838243e+00
6.063167e+00 2.819639e+00
-7.346287e+00 -1.287374e+00
5.227951e+00 3.734192e+00
-1.116782e+01 6.188275e+00
4.142205e+00 3.374946e+00
-6.304344e+00 1.775504e+00
-6.600420e+00 8.968232e+00
-4.045545e+00 2.203984e+00
-6.759722e+00 4.192379e+00
-7.061329e+00 6.768822e+00
1.042498e+01 -9.066258e+00
6.774090e+00 -1.072281e+01
-1.110177e+01 -8.212848e+00
-5.364779e+00 -1.003875e+01
-9.228024e+00 9.960249e-02
1.088860e+01 -2.587051e+00
-1.014163e+01 -4.078405e+00
-8.873742e+00 -2.606765e+00
1.033123e+01 -5.565261e+00
8.804160e+00 -1.591541e+00
-5.067524e+00 1.868588e+00
7.021219e+00 2.415048e+00
-3.973108e-02 -2.645550e+00
2.809040e-01 5.959669e+00
-6.623870e+00 1.057709e+01
2.969487e+00 4.060996e+00
-6.791173e+00 -2.397941e+00
-6.246341e+00 5.884200e+00
-6.607127e+00 -1.017812e+01
-5.560645e+00 9.223392e+00
1.210814e+00 -1.080363e+01
-4.221416e+00 -8.819584e+00
-2.190758e+00 8.810668e+00
-9.845023e+00 -9.441672e+00
-8.783226e+00 -8.091690e+00
7.632637e+00 -3.177330e+00
-4.176794e+00 -7.409215e+00
-3.085445e+00 -1.299343e-01
-1.064031e+01 -7.233451e+00
5.884687e+00 -7.156281e+00
-7.712631e+00 -5.135043e+00
-1.133152e-01 -1.254784e+00
-5.305525e+00 6.492262e-01
-1.524475e+00 1.731698e+00
8.051135e+00 5.109820e+00
1.908447e+00 -2.398720e+00
1.013256e+01 5.562375e+00
-9.064014e+00 -4.870549e+00
-3.246100e+00 4.041989e+00
9.948898e+00 -4.576090e+00
-9.725430e+00 2.122647e+00
2.274114e+00 -1.103916e+01
-6.367862e+00 -9.078620e+00
-2.894373e+00 -7.078364e+00
8.159908e-01 -6.994542e+00
1.089089e+01 -6.650283e+00
-2.166249e+00 -6.312020e+00
5.853769e+00 1.857762e+00
-5.239865e+00 -7.352273e+00
-4.882720e+00 -2.773592e+00
-9.278405e+00 -9.814296e-01
-2.296924e+00 -2.295853e+00
3.466141e-01 5.943674e-01
-2.242797e+00 9.117043e-01
6.999593e+00 4.788412e+00
1.008746e+01 4.454739e+00
-4.537384e+00 3.150110e+00
-7.405479e+00 -1.092405e+01
1.097838e+01 7.264623e+00
-9.144148e+00 7.443080e+00
-3.255534e+00 2.903786e+00
-4.680766e+00 4.495773e+00
1.620834e+00 -9.009349e+00
-5.195189e+00 -8.995052e+00
3.141231e+00 -6.360703e+00
-3.302292e+00 -8.066751e+00
-1.856115e+00 -5.333928e+00
-5.200459e-01 -7.059969e+00
-8.177867e+00 -6.557989e-01
-8.297170e+00 4.541355e-01
4.083758e+00 -7.180178e+00
-1.307184e+00 -3.511316e+00
-7.721990e+00 3.565933e+00
9.020603e+00 3.573751e+00
-1.261492e+00 1.024093e+01
5.809864e+00 9.553315e+00
-1.278499e+00 2.783892e+00
6.081618e+00 6.254537e+00
-1.848491e+00 6.101779e+00
-2.071506e+00 7.217637e+00
-7.993337e+00 4.616856e+00
8.095093e-02 9.778032e+00
-4.003024e+00 -1.034877e+01
-8.186012e+00 -1.005751e+01
-6.381166e+00 -7.912769e+00
-2.666187e+00 1.016880e+01
-6.452202e+00 -4.502187e+00
-3.773892e+00 -2.723718e+00
-3.434613e+00 -6.209262e+00
-7.888987e+00 -2.966941e+00
7.724000e-01 -6.123436e-01
-3.922766e+00 -8.899768e-01
-1.013825e+01 4.169003e+00
-8.393140e-01 -5.023927e+00
-3.225143e+00 9.447127e-01
1.909546e+00 4.451564e+00
-2.211807e+00 -7.946090e+00
-6.087717e+00 7.020052e+00
-1.719852e-01 4.929142e+00
-5.798996e+00 -2.224469e+00
-5.281353e+00 6.275564e+00
-5.591393e+00 3.840127e+00
4.801224e+00 -7.978406e+00
-6.294102e+00 -1.298545e+00
-8.318326e+00 -1.616807e+00
-5.911201e+00 -3.183755e-01
-1.314867e+00 5.110699e+00
-4.603085e+00 -6.410461e+00
-7.572908e+00 -3.957089e+00
-3.973103e+00 7.574671e+00
-3.101789e+00 -1.085295e+01
2.067107e+00 -6.712948e+00
1.971062e+00 -7.874708e+00
-5.745482e-01 -2.488789e-01
-1.027571e+01 5.528740e+00
-4.596546e+00 -1.209731e-01
-1.027596e+00 7.201595e+00
9.690197e-01 -8.044001e+00
7.284417e+00 1.047240e+01
-5.175609e+00 -1.255221e+00
-1.026281e-01 -8.343642e+00
-4.014222e+00 5.388622e+00
2.934229e-01 -4.936911e+00
-5.451168e+00 1.028459e+01
-8.701148e+00 -9.188081e+00
3.504612e+00 -9.725278e+00
-6.177856e-01 -9.255202e+00
-1.529451e+00 -7.212123e+00
-2.152655e+00 -9.002151e+00
-7.589241e+00 2.382467e+00
-1.052294e+01 -6.174303e-01
-4.346544e+00 -1.820247e+00
-7.279719e+00 1.290079e+00
-7.088296e+00 -2.042026e-01
2.717902e+00 1.826492e+00
1.012550e+01 6.751372e+00
1.627275e+00 1.371938e-01
1.259046e+00 9.414271e+00
1.709483e+00 6.549706e+00
-1.006805e+01 -8.419701e+00
3.808751e+00 -4.390775e+00
3.244380e+00 -1.075597e+01
8.183976e+00 6.318867e+00
-5.178643e+00 -4.943443e+00
-3.408218e+00 9.477045e+00
5.730332e+00 7.239814e+00
9.539806e-01 -9.821530e+00
6.511837e-02 -6.124360e+00
5.781730e+00 -8.699014e+00
-2.824450e+00 -3.331112e+00
1.963116e+00 3.300439e+00
-1.023468e+00 -6.107758e+00
-3.276701e-01 8.118411e+00
-4.311118e+00 1.113874e+00
-9.324871e-01 9.173653e+00
-3.964486e-01 1.364274e+00
4.272552e+00 8.732808e+00
-2.234035e+00 4.498596e+00
1.139632e+00 7.507762e+00
-1.248019e+00 -2.500013e+00
2.936884e+00 1.044567e+01
-9.871280e+00 9.754433e+00
5.233774e+00 -1.014057e+01
-3.642984e+00 1.054736e+01
5.329770e+00 -2.432203e+00
-3.423099e-01 -4.070342e+00
4.900434e+00 -4.734035e+00
-5.459546e+00 -3.670082e+00
6.799735e+00 1.336846e+00
2.528474e+00 7.462334e+00
-2.381967e+00 -1.246138e+00
-2.009540e+00 -2.125070e-01
-1.352832e+00 8.187518e+00
-2.883396e+00 5.306632e+00
7.103564e-01 1.609266e+00
4.503354e+00 4.597143e+00
5.923206e+00 4.565627e+00
4.296982e+00 -1.053832e+01
6.827566e+00 -7.749975e+00
2.273720e+00 -1.003469e+01
-1.955120e+00 -1.094633e+01
2.426668e+00 9.526485e+00
-4.117405e+00 6.529265e+00
5.184274e+00 1.113843e+01
-1.487937e+00 -9.926329e+00
-6.362362e+00 7.386623e-01
7.372392e+00 8.582623e+00
4.585536e+00 -9.289733e+00
1.001252e+01 4.275640e-01
-1.036218e+01 -2.928306e+00
2.570005e+00 -4.621801e+00
6.933196e-01 -4.025972e+00
4.181711e+00 1.070717e+01
2.982069e+00 2.952151e+00
6.147378e-01 8.624245e+00
-1.205796e+00 -1.376708e+00
4.572925e+00 -3.578551e+00
9.581052e+00 -9.597128e+00
9.900443e+00 7.966329e+00
7.098499e+00 -9.137628e+00
7.212871e+00 5.873117e+00
4.173739e+00 -6.122850e+00
-4.297624e+00 -3.952926e+00
-4.670534e+00 1.114567e+01
9.123137e+00 7.173902e+00
5.962622e+00 -5.546322e+00
6.953611e+00 -8.253680e-01
8.422801e+00 -5.221019e+00
4.800758e+00 1.213863e+00
2.821674e+00 -8.805488e+00
-2.084351e+00 -4.353480e+00
-1.674189e-01 2.767329e+00
1.080759e+01 -4.929659e-01
3.838396e+00 5.593161e+00
6.304951e+00 1.054596e+01
1.314739e+00 5.368470e+00
4.694672e+00 6.389149e+00
3.688668e+00 9.672221e+00
8.852988e+00 8.202998e+00
5.199763e+00 8.332086e+00
6.883758e+00 9.522583e+00
2.926834e+00 7.514472e-01
6.147677e+00 -9.679288e+00
-7.318980e-02 -1.016504e+01
1.107696e+01 5.190236e+00
-2.524814e+00 -9.948780e+00
3.824606e+00 -8.235488e+00
5.232433e+00 -6.300801e+00
6.837524e+00 -3.885500e+00
3.331500e+00 -5.370648e+00
1.028776e+00 -1.722274e+00
3.330166e+00 -2.700231e+00
1.726989e+00 1.039428e+01
7.542505e-01 4.449882e+00
6.626343e-01 1.070229e+01
-2.711981e+00 1.912714e+00
9.423342e+00 -1.095875e+01
5.002435e+00 2.537509e+00
-7.339501e-01 5.951103e+00
1.095856e+01 3.784948e+00
8.894498e+00 1.030631e+01
1.062884e+01 -1.001893e+01
4.069593e+00 -1.997876e+00
6.620297e+00 1.420302e-01
2.926001e+00 -1.684101e+00
2.755865e+00 -5.494104e-01
8.237079e+00 1.112043e+01
7.637919e+00 -5.978142e+00
-1.118675e+00 6.183603e-01
-2.894122e+00 -5.234531e+00
-3.937229e+00 -5.301258e+00
2.254991e+00 -5.647918e+00
-8.105149e+00 5.642743e+00
-8.836843e+00 8.763690e+00
2.733397e+00 6.161370e+00
-1.017746e+01 6.723094e+00
-7.738613e+00 1.039202e+01
-1.048946e+01 7.701313e+00
7.852347e+00 7.537281e+00
4.713073e+00 9.742485e+00
7.929190e+00 9.618945e+00
1.117438e+01 1.034058e+01
-9.204686e+00 -1.018944e+01
1.007299e+01 1.040581e+01
1.024980e+01 -7.571575e+00
8.547678e+00 -6.461758e+00
-5.624317e+00 2.825552e+00
7.515711e+00 -7.050825e+00
-5.861481e-02 3.801675e+00
-2.953266e+00 6.639784e+00
3.740921e+00 6.754450e+00
-2.829939e-01 1.067991e+01
-2.114917e+00 3.387982e+00
9.984433e-01 3.127082e+00
4.043559e+00 2.336150e+00
7.924980e+00 -8.378534e+00
-8.544862e-01 -1.083786e+01
-4.628730e+00 8.415044e+00
9.032283e+00 9.350043e+00
1.260360e+00 -5.922590e+00
1.099240e+01 -1.097496e+01
-6.720105e+00 -5.773567e+00
8.280792e+00 -6.801613e-01
3.659471e+00 7.772180e+00
-1.110492e+01 -4.671923e+00
9.939192e+00 -3.280223e+00
9.360612e+00 -5.678718e+00
4.950723e+00 -1.661006e-01
9.183547e-01 -3.002940e+00
7.904092e+00 -4.385204e+00
1.858021e+00 -1.132072e+00
7.561332e+00 -2.005842e+00
1.495278e+00 -4.697573e+00
-3.122154e+00 8.206700e+00
4.608431e+00 7.476171e+00
6.999587e+00 6.936681e+00
-9.931513e+00 -1.116198e+01
5.246314e+00 5.406536e+00
-4.971312e+00 7.239343e+00
1.043312e+01 9.283279e+00
9.518231e+00 -8.518853e+00
6.973715e+00 -5.175371e+00
8.571023e+00 -9.981356e+00
-8.396088e+00 -7.041196e+00
9.816389e+00 -2.074151e+00
8.114609e+00 2.946167e+00
9.969467e+00 1.803350e+00
-3.260389e+00 -4.249071e+00
3.110438e+00 -7.498322e+00
1.838877e+00 1.178273e+00
3.743208e+00 1.344621e+00
5.965529e+00 -4.566008e+00
9.208003e+00 5.984582e+00
1.565778e+00 2.206116e+00
8.928726e+00 2.246984e+00
3.033132e+00 8.723288e+00
5.200248e+00 -1.358741e+00
3.916032e+00 3.053463e-01
-7.081215e+00 5.157189e+00
6.672480e+00 -2.737695e+00
-1.048112e+01 -1.031010e+01
6.597329e+00 7.878002e+00
7.591126e+00 -1.003187e+01
-4.498519e+00 9.840063e+00
6.704692e+00 -6.403927e+00
8.994422e+00 1.050329e-01
-9.092044e+00 6.368866e+00
8.598765e+00 -2.684497e+00
2.990087e+00 -3.711676e+00
-1.095637e+01 -5.790083e+00
3.935319e+00 -8.831364e-01
1.099894e+01 -3.612844e+00
-1.000797e+01 3.178002e+00
1.885355e+00 8.495386e+00
1.735592e+00 -3.675824e+00
-8.739613e+00 9.794557e+00
-9.252113e+00 5.056645e+00
-8.833961e+00 -5.973483e+00
-1.088936e+01 9.209786e+00
-7.691015e+00 9.165623e+00
