-8.882851e+00 -1.116796e+01
-9.651476e+00 6.942068e+00
-5.716452e+00 8.588679e+00
-5.712537e+00 -6.337700e+00
1.003462e+01 3.462825e+00
-8.618606e+00 -5.825054e+00
8.061349e+00 1.101451e+00
-8.197324e+00 3.682523e+00
5.278402e+00 -3.805946e+00
7.714149e+00 -5.318980e-01
-6.910407e-01 7.805158e+00
9.769062e+00 2.061910e+00
1.066073e+01 9.327186e-01
6.924735e+00 4.117840e+00
-5.823838e+00 2.765602e+00
1.627744e+00 5.699444e+00
-8.926453e+00 1.650870e+00
-1.062475e+01 9.161021e+00
-7.192704e+00 -7.418289e+00
-6.772410e+00 -9.812762e+00
-1.038065e+01 -6.946917e+00
-8.045479e+00 -6.629858e+00
9.636722e+00 -6.783276e+00
1.089834e+01 -5.723778e-01
3.894815e+00 2.042893e+00
-1.008377e+01 3.332694e+00
-6.314485e+00 -2.448583e+00
8.941099e+00 -7.630981e+00
6.786138e+00 -9.951246e-01
-1.015424e+01 2.035520e+00
-6.832791e+00 5.637154e+00
7.133989e+00 -2.513038e+00
-7.280332e+00 1.486510e+00
9.119332e+00 4.026777e+00
-2.090400e+00 3.199774e+00
1.064562e+01 9.499047e+00
-9.750845e+00 -6.110881e+00
-3.601976e+00 -9.994536e+00
-6.778956e+00 -6.054750e+00
-8.756818e+00 7.764480e+00
-2.027397e+00 -8.171269e+00
-9.326897e+00 -3.856222e+00
-7.710988e+00 -9.436378e+00
-8.090760e+00 9.196427e+00
-1.097660e+01 -9.984263e+00
8.140579e+00 3.526783e+00
-9.444601e+00 6.669406e-01
-1.067971e+01 -2.574005e+00
8.723445e+00 -3.579596e+00
-7.874882e+00 2.533638e+00
4.951787e+00 2.892049e+00
-7.037701e+00 -1.656465e+00
3.698685e+00 4.547503e+00
-1.099205e+01 5.347853e+00
2.672006e+00 3.752486e+00
-6.091107e+00 1.737870e+00
-6.376272e+00 7.633758e+00
-3.821169e+00 9.026656e-01
-5.957676e+00 4.601323e+00
-8.411449e+00 6.784525e+00
9.836796e+00 -9.134107e+00
6.271521e+00 1.070953e+01
1.096113e+01 -8.870716e+00
-5.715621e+00 -9.575950e+00
-8.863423e+00 -1.951477e-01
1.076360e+01 -3.351350e+00
-9.674274e+00 -5.050775e+00
-9.676974e+00 -2.610650e+00
1.034556e+01 -6.023912e+00
9.858977e+00 -1.046049e+00
-4.662371e+00 1.529845e+00
7.175672e+00 1.721409e+00
-7.477851e-04 -2.434301e+00
-4.606201e-01 5.966330e+00
-6.726817e+00 8.700923e+00
2.616340e+00 4.954205e+00
-7.657496e+00 -2.525218e+00
-7.190656e+00 6.838950e+00
-7.163844e+00 -8.411288e+00
-6.033673e+00 9.563810e+00
1.370408e+00 -9.572725e+00
-4.899598e+00 -8.392367e+00
-3.440210e+00 9.352880e+00
-9.808767e+00 -9.569794e+00
-9.483795e+00 -8.060752e+00
8.806754e+00 -1.146366e+00
-2.812888e+00 -6.422416e+00
-2.425772e+00 -1.229908e+00
-1.104377e+01 -7.881801e+00
6.075845e+00 -6.870135e+00
-8.683383e+00 -4.739036e+00
1.151384e+00 -1.803872e+00
-4.171015e+00 -2.824707e-01
-1.783470e+00 2.161291e+00
7.904760e+00 4.614912e+00
2.968967e+00 -2.423223e+00
9.776811e+00 5.162676e+00
-7.757303e+00 -4.234259e+00
-4.890504e+00 4.615935e+00
8.518592e+00 -4.813533e+00
-8.175716e+00 8.426111e-01
2.594234e+00 -9.544441e+00
-8.294737e+00 -7.618639e+00
-2.768332e+00 -7.474824e+00
9.044073e-01 -6.811760e+00
1.068611e+01 -7.080629e+00
-2.123245e-01 -6.533434e+00
6.072502e+00 2.303465e+00
-4.955591e+00 -7.043134e+00
-4.792059e+00 -3.447463e+00
-9.390425e+00 -1.206171e+00
-1.982392e+00 -2.283651e+00
2.793696e-01 8.471106e-01
-2.587867e+00 1.123527e+00
6.621614e+00 5.254963e+00
1.076628e+01 4.287605e+00
-4.048127e+00 3.942080e+00
-7.066109e+00 1.113491e+01
1.066587e+01 6.211837e+00
-1.010771e+01 7.931083e+00
-3.668199e+00 2.982263e+00
-5.395837e+00 5.651987e+00
2.019470e+00 -8.568051e+00
-6.082898e+00 -8.442927e+00
4.156165e+00 -5.825151e+00
-3.910653e+00 -8.994621e+00
-7.493483e-01 -5.581880e+00
2.144302e-02 -7.653891e+00
-8.013836e+00 -8.042099e-01
-7.485768e+00 1.161689e-01
5.068807e+00 -6.732840e+00
-1.410290e+00 -4.376167e+00
-6.929330e+00 3.503460e+00
9.096496e+00 2.939253e+00
-2.429638e+00 1.047041e+01
5.114183e+00 8.188706e+00
1.015898e+00 2.550930e+00
4.357556e+00 7.433590e+00
-2.511298e+00 7.222644e+00
-1.807428e+00 8.031916e+00
-7.013136e+00 4.557710e+00
-4.593400e-01 -1.094672e+01
-4.682776e+00 -9.622645e+00
-7.783660e+00 -1.048632e+01
-6.017146e+00 -7.327568e+00
-3.572761e+00 1.037669e+01
-5.761163e+00 -3.904042e+00
-2.652575e+00 -3.732726e+00
-3.458320e+00 -5.602428e+00
-8.380597e+00 -3.304060e+00
1.168005e+00 -7.789798e-01
-2.986887e+00 -2.229695e+00
-9.281696e+00 4.153906e+00
-4.290554e-01 -4.602084e+00
-2.020454e+00 2.364867e-01
4.333065e-01 4.563207e+00
-3.727608e+00 -7.862551e+00
-7.767153e+00 8.304002e+00
-1.446157e+00 5.301276e+00
-5.206573e+00 -2.325759e+00
-6.116719e+00 6.398524e+00
-5.266726e+00 3.707473e+00
5.300107e+00 -7.880295e+00
-5.885038e+00 -1.495984e+00
-8.714657e+00 -2.128822e+00
-4.538134e+00 -1.344739e+00
-1.977034e+00 4.433161e+00
-3.814640e+00 -6.721234e+00
-7.036342e+00 -3.374942e+00
-3.419254e+00 6.514587e+00
-4.262890e+00 -1.102639e+01
3.145938e+00 -5.894127e+00
1.661504e+00 -7.588346e+00
1.984206e-01 -1.725054e-01
-9.660437e+00 5.037205e+00
-3.461007e+00 -1.353225e+00
-1.276539e+00 6.960085e+00
9.589009e-01 -8.485270e+00
6.847160e+00 9.718100e+00
-4.084584e+00 -2.403627e+00
-9.085424e-01 -8.398473e+00
-4.856633e+00 6.561398e+00
1.103583e+00 -5.021795e+00
-6.072739e+00 1.061566e+01
-8.501085e+00 -8.691652e+00
3.742082e+00 -9.824393e+00
-7.498923e-01 -9.961157e+00
-9.706085e-01 -7.288805e+00
-2.938467e+00 -8.628979e+00
-6.840161e+00 2.484701e+00
-1.044464e+01 -1.375516e+00
-3.643620e+00 -3.394043e+00
-6.448264e+00 5.995620e-01
-6.623127e+00 -4.632553e-01
1.910504e+00 1.999247e+00
9.579479e+00 6.396803e+00
2.227700e+00 -7.033335e-01
5.645913e-01 1.105126e+01
3.627499e-02 6.975748e+00
-1.040708e+01 -8.685420e+00
4.202765e+00 -4.332793e+00
3.138335e+00 -1.067380e+01
6.764298e+00 6.498369e+00
-5.550058e+00 -5.266438e+00
-4.566406e+00 9.582103e+00
5.909978e+00 7.132593e+00
-2.275120e-02 -9.165663e+00
1.606349e+00 -6.031460e+00
5.713991e+00 -9.631218e+00
-1.634952e+00 -3.261555e+00
1.488236e+00 4.743851e+00
4.058463e-01 -5.768107e+00
-5.839051e-01 8.849674e+00
-4.795037e+00 5.224631e-01
-4.806935e-01 9.952061e+00
-7.368668e-03 1.975505e+00
3.861041e+00 8.651446e+00
-2.947733e+00 4.047508e+00
6.655317e-01 8.005918e+00
-9.042845e-01 -2.083980e+00
3.474184e+00 1.063255e+01
-9.813744e+00 1.045376e+01
5.302199e+00 -1.051835e+01
-5.042662e+00 1.062752e+01
5.442470e+00 -2.748876e+00
-5.576417e-01 -3.353174e+00
4.896594e+00 -5.091342e+00
-4.635054e+00 -4.718619e+00
6.104588e+00 1.074149e+00
1.795785e+00 7.482081e+00
-9.304212e-01 -1.046626e+00
-9.806276e-01 5.555253e-02
-1.430362e+00 9.565825e+00
-3.011382e+00 5.097604e+00
1.158133e+00 1.364575e+00
4.648309e+00 5.348107e+00
6.029451e+00 3.516451e+00
4.289202e+00 -1.065999e+01
6.151159e+00 -8.699333e+00
3.266799e+00 -8.801941e+00
-3.169272e+00 -1.097928e+01
1.796462e+00 9.604143e+00
-3.920684e+00 7.566568e+00
5.362483e+00 1.011343e+01
-1.827084e+00 -9.213765e+00
-5.450257e+00 -4.372705e-01
8.120542e+00 8.051150e+00
4.685568e+00 -9.280869e+00
-1.067236e+01 1.015532e+00
-1.061777e+01 -3.680494e+00
2.442600e+00 -4.044642e+00
3.264216e-01 -3.925167e+00
4.565938e+00 1.072041e+01
2.785599e+00 2.775945e+00
6.344681e-01 9.524135e+00
2.317251e-01 -1.348414e+00
4.355424e+00 -3.029186e+00
9.145325e+00 -9.997955e+00
1.033079e+01 7.394591e+00
6.930030e+00 -9.428635e+00
5.817248e+00 4.643683e+00
5.759425e+00 -5.916275e+00
-3.624850e+00 -4.581564e+00
-5.812220e+00 -1.062892e+01
7.716616e+00 5.772405e+00
7.216043e+00 -6.808549e+00
7.829640e+00 -1.611060e+00
7.817747e+00 -5.718020e+00
4.913141e+00 1.744867e+00
2.853257e+00 -7.720878e+00
-1.765955e+00 -5.312927e+00
1.883522e-01 3.396963e+00
-1.033012e+01 -1.509519e-01
2.442152e+00 6.566710e+00
5.819888e+00 8.972487e+00
5.819598e-01 5.733985e+00
4.597748e+00 6.350095e+00
3.862168e+00 9.690896e+00
8.614723e+00 7.026165e+00
3.538404e+00 6.807910e+00
7.449120e+00 8.822784e+00
2.155995e+00 7.209360e-01
6.363012e+00 -1.057189e+01
4.374296e-01 -1.017028e+01
-1.047354e+01 4.381238e+00
-2.459322e+00 -9.975858e+00
4.217186e+00 -8.095423e+00
6.779134e+00 -5.592201e+00
6.410543e+00 -3.403384e+00
3.245428e+00 -4.740511e+00
2.168027e+00 -1.825950e+00
3.942222e+00 -2.069977e+00
2.350707e+00 1.085843e+01
-5.313060e-01 4.880163e+00
1.463217e+00 -1.080412e+01
-3.186862e+00 7.497879e-02
9.484658e+00 -1.106345e+01
3.737290e+00 3.310014e+00
-2.468246e+00 5.930258e+00
1.111413e+01 3.289516e+00
7.848239e+00 9.963549e+00
1.031212e+01 -1.021292e+01
4.977908e+00 -1.643594e+00
7.177891e+00 4.799133e-01
4.339395e+00 -6.711761e-01
3.124976e+00 -3.567284e-02
8.517075e+00 -1.087326e+01
7.390172e+00 -3.613873e+00
-8.965833e-01 1.357769e+00
-1.563658e+00 -6.421456e+00
-4.589502e+00 -5.822389e+00
2.286296e+00 -5.184897e+00
-8.839494e+00 5.851207e+00
-9.289460e+00 8.942631e+00
1.181816e+00 6.638593e+00
-1.069779e+01 7.037095e+00
-8.035649e+00 1.041588e+01
1.112306e+01 8.057856e+00
7.358733e+00 7.309189e+00
4.899975e+00 9.234396e+00
8.545425e+00 9.228323e+00
9.625919e+00 9.353131e+00
-8.710722e+00 -9.907118e+00
8.847372e+00 1.032234e+01
1.001774e+01 -8.084889e+00
8.653619e+00 -6.476802e+00
-4.664717e+00 2.714914e+00
7.930399e+00 -7.533751e+00
-9.189541e-01 2.840587e+00
-3.989343e+00 5.583244e+00
2.856857e+00 7.590314e+00
-1.418365e+00 1.071656e+01
-2.871875e+00 2.282286e+00
-9.723958e-01 3.885807e+00
2.939565e+00 1.394431e+00
7.812194e+00 -8.827774e+00
-1.563379e+00 -1.061150e+01
-3.172841e+00 8.243832e+00
9.178716e+00 7.946284e+00
2.339214e+00 -6.840501e+00
1.018337e+01 1.050356e+01
-6.701568e+00 -4.604971e+00
9.739626e+00 1.781908e-01
2.649007e+00 8.713409e+00
-1.060310e+01 -4.718305e+00
1.069446e+01 -4.678155e+00
9.270835e+00 -5.591047e+00
6.188737e+00 -1.988226e-02
9.625184e-01 -3.003307e+00
9.446789e+00 -2.042171e+00
3.135037e+00 -1.314213e+00
8.638210e+00 -1.066195e-01
1.447478e+00 -4.012213e+00
-2.348598e+00 8.972045e+00
3.690055e+00 5.706231e+00
5.589784e+00 5.922772e+00
-9.900736e+00 -1.072314e+01
4.668476e+00 3.951995e+00
-5.098403e+00 7.690318e+00
1.017468e+01 8.543725e+00
8.841631e+00 -8.728552e+00
7.364140e+00 -4.684513e+00
7.945858e+00 -9.960824e+00
-9.231740e+00 -7.023180e+00
1.077641e+01 -2.224274e+00
7.075345e+00 3.081321e+00
1.087214e+01 2.057052e+00
-2.706326e+00 -4.937657e+00
3.950381e+00 -6.895458e+00
1.239595e+00 3.281420e-01
3.813243e+00 7.469648e-01
5.984477e+00 -4.617369e+00
8.739743e+00 5.835155e+00
1.149694e+00 3.741061e+00
8.429815e+00 2.094052e+00
2.808305e+00 9.761133e+00
6.101857e+00 -1.952185e+00
4.811323e+00 3.203736e-01
-7.804498e+00 5.900739e+00
8.371796e+00 -2.589410e+00
1.099791e+01 -1.100454e+01
6.525409e+00 8.195010e+00
7.255774e+00 1.101298e+01
-4.266891e+00 8.558845e+00
6.955155e+00 -8.008527e+00
9.106435e+00 1.185284e+00
-1.015008e+01 5.957547e+00
9.720377e+00 -3.317400e+00
3.444939e+00 -3.655950e+00
-1.099111e+01 -5.738669e+00
5.362012e+00 -5.712397e-01
9.621472e+00 -4.515547e+00
-9.186935e+00 2.742637e+00
1.601622e+00 8.488130e+00
2.072895e+00 -2.986885e+00
-8.915387e+00 9.864607e+00
-8.240690e+00 4.861045e+00
-7.543943e+00 -5.380838e+00
-1.098375e+01 1.024296e+01
-7.149818e+00 9.796177e+00
