5.024429e+00 -1.025040e+01
-7.864308e+00 6.041157e+00
-9.010404e+00 8.806158e+00
-5.075009e+00 -2.870841e+00
-7.077375e+00 6.161356e-01
-1.081691e+01 -9.808924e+00
6.695010e+00 6.337947e-01
1.146369e+00 4.454488e+00
8.660252e+00 -5.758253e+00
6.078749e+00 -2.927116e+00
-7.923959e+00 8.376993e+00
-1.102118e+01 5.390944e+00
-8.261254e+00 8.677035e-01
3.481641e+00 2.644892e+00
-2.951493e+00 4.038284e+00
6.588103e+00 3.481290e+00
-9.484949e+00 -7.675418e-01
-8.846370e+00 7.314872e+00
-8.646505e+00 -7.312340e+00
-7.972763e+00 -8.903377e+00
7.359787e+00 9.756937e+00
1.070211e+01 -5.639675e+00
6.781021e+00 -4.859592e+00
7.220368e-02 -2.371449e+00
5.778546e+00 1.003634e+00
-8.626116e+00 5.040686e+00
-4.107705e+00 7.919778e-01
6.911710e-01 -9.564405e+00
8.643674e+00 2.460811e+00
-6.668587e+00 3.584685e+00
1.511746e+00 -8.631767e+00
4.053506e+00 4.580143e+00
-1.074278e+01 2.100934e+00
-9.661729e+00 2.454547e+00
-5.833124e-01 5.258084e+00
-7.697007e+00 -1.081778e+01
1.074064e+01 -1.036389e+01
-8.914773e+00 -8.383044e+00
1.025978e+01 -3.792873e+00
-4.892094e+00 1.543739e+00
1.014371e+01 -8.388966e+00
5.721810e+00 -2.452344e-01
1.060344e+01 9.667399e+00
-1.065586e+01 3.113386e+00
-8.975528e+00 -4.385388e+00
1.036798e+01 8.468371e+00
-8.128136e+00 -2.336260e+00
-8.404990e+00 -1.258778e+00
7.622885e+00 -7.928875e-01
-1.008851e+01 1.151660e+00
4.944146e+00 -1.159123e+00
-4.352672e-01 3.554052e+00
9.584492e+00 1.805608e+00
-7.503724e+00 4.360041e+00
8.493507e+00 -1.708484e-01
-6.119617e+00 8.763599e-02
8.776692e-01 7.474913e+00
-8.069748e+00 -5.128530e+00
-6.545248e+00 2.549590e+00
-1.826511e+00 1.056920e+01
5.042462e+00 1.109445e+01
6.967240e+00 -9.947023e+00
8.278269e+00 1.041118e+01
-2.296463e+00 -9.717862e+00
-8.712736e+00 3.018464e+00
5.557341e+00 -8.406076e+00
-1.072517e+01 -6.788452e+00
-7.113683e+00 -3.248478e+00
-9.921972e+00 1.068626e+01
8.250180e+00 -4.146498e+00
3.151942e+00 5.067505e+00
8.009466e+00 1.069469e+00
3.175605e-01 8.348082e+00
1.310559e+00 5.902177e+00
-3.503574e+00 6.281823e+00
-1.065016e+01 4.259217e+00
-7.451053e+00 -9.946107e-01
-5.576007e+00 8.173508e+00
7.610779e+00 -7.620519e+00
1.044597e+01 -6.844954e+00
3.303054e+00 -9.141215e+00
-1.028680e+01 -3.961110e+00
2.543166e+00 6.037777e+00
5.109651e+00 -5.082560e+00
5.687760e+00 1.021603e+01
3.408793e+00 1.269464e+00
8.831677e+00 -9.098120e+00
-3.846046e+00 5.307334e+00
5.915107e+00 -5.650036e+00
5.100956e-01 -1.455837e+00
-8.169802e+00 -1.589015e-01
-1.030298e+00 -2.559607e+00
-1.242875e+00 3.970891e-01
7.600695e+00 4.062697e+00
9.514472e+00 4.280878e+00
2.531518e+00 -2.902240e+00
6.177550e+00 4.453028e+00
-3.338884e+00 1.603591e-02
-5.028480e+00 3.529279e-01
-9.480483e+00 -9.430660e+00
-8.190015e+00 2.166084e+00
2.971546e+00 9.372297e+00
-9.862076e+00 -7.520505e+00
9.557385e+00 -7.362883e+00
-3.933876e+00 -8.308318e+00
-7.734496e+00 1.048228e+01
-2.136795e+00 -6.559885e+00
-9.087197e+00 1.456104e+00
-6.099773e+00 -3.046357e+00
-6.941555e+00 -8.477629e+00
-1.085453e+01 -1.136302e+00
-3.018378e+00 1.019393e+00
2.522874e+00 4.570134e-01
2.112785e+00 5.024810e+00
-9.980412e+00 5.755057e+00
-9.895007e+00 6.882741e+00
-5.365776e+00 3.743215e+00
-6.012288e+00 -5.777160e+00
-7.532159e+00 3.062700e+00
-9.782784e+00 -1.049144e+01
-1.161198e+00 6.157130e+00
-1.771287e+00 5.138175e+00
-3.574496e+00 1.116633e+01
-5.458297e+00 1.017744e+01
7.166631e+00 -3.790159e+00
-1.040482e+01 -1.489245e-01
-8.073733e+00 -3.706502e+00
-9.766709e+00 8.065520e+00
6.885421e-01 1.621736e+00
-6.062948e+00 1.056373e+00
7.778934e+00 -5.187457e+00
-7.156532e+00 -5.606878e+00
-1.087574e+01 6.392078e+00
-1.103929e+01 6.506752e-01
-1.805949e+00 -7.682560e+00
6.576870e+00 7.015582e+00
-2.691987e+00 -4.666981e+00
4.389403e+00 2.005333e+00
8.302871e-01 9.245618e+00
-7.879963e-01 9.903770e+00
-1.323133e+00 1.497125e+00
-6.557169e-01 -8.150443e+00
-1.084902e+01 1.003165e+01
-7.814659e+00 7.272095e+00
8.041741e+00 -1.723147e+00
-4.049183e+00 4.269051e+00
-4.389022e+00 -2.033601e+00
-6.207482e+00 -7.572250e+00
2.501956e+00 2.846590e+00
-1.018051e+01 -2.768801e+00
-2.058214e+00 -1.761790e+00
-9.616206e+00 3.535038e+00
-6.146542e+00 4.544612e+00
-5.961783e+00 -8.572436e+00
2.372111e+00 1.510446e+00
3.334578e+00 3.748923e+00
-5.906732e+00 -1.011531e+01
-5.620618e+00 -1.112480e+01
8.337567e+00 5.893520e+00
-2.088384e+00 -2.827811e+00
-2.726537e+00 7.455756e+00
-3.719538e+00 1.984249e+00
6.163511e+00 -4.049049e+00
-9.349902e+00 -3.431206e+00
9.018439e+00 8.865929e-01
-1.183928e+00 2.624181e+00
-7.323600e-01 -1.426153e+00
-9.682077e+00 -1.862952e+00
1.130492e-01 4.450239e+00
-4.731851e+00 6.156124e+00
-1.908423e+00 9.420627e+00
2.140792e+00 -5.620788e+00
1.484585e+00 -6.386916e+00
7.306661e+00 5.068359e+00
1.070891e+01 3.574895e+00
-4.348812e+00 -4.572355e-01
5.627702e+00 3.039209e+00
3.355740e-01 -8.463578e+00
1.466373e+00 -1.023359e+01
-2.328614e+00 1.913964e-01
-3.386848e+00 -1.017375e+01
-2.850518e+00 5.099258e+00
-4.422124e+00 -6.853677e+00
-6.671030e+00 8.453793e+00
2.416928e+00 1.061220e+01
-1.116190e+01 7.627874e+00
-2.004792e+00 -3.885636e+00
-5.153493e+00 -3.985992e+00
-8.496643e-01 -9.351633e+00
-6.506451e+00 -1.268736e+00
6.555286e+00 2.094613e+00
-4.849810e+00 -5.090349e+00
2.306143e+00 3.989174e+00
-2.492623e+00 2.005866e+00
-2.441402e+00 -7.751268e-01
-1.025612e+01 -8.728270e+00
-3.524953e+00 -1.143241e+00
-7.639605e-01 8.699374e+00
-2.567621e-01 7.198252e+00
6.404475e+00 -7.618013e+00
4.128683e+00 -4.392774e+00
4.002685e+00 -8.182653e+00
8.531007e+00 9.279342e+00
7.807762e+00 -8.801298e+00
-3.125748e+00 2.945242e+00
1.082083e+01 -2.481567e-01
1.113279e-01 -3.430811e+00
-3.157639e+00 -7.487434e+00
-1.878155e+00 8.425000e+00
6.258367e+00 -1.772300e+00
1.441202e+00 2.463870e+00
-6.684478e+00 -6.640269e+00
-1.452096e+00 -1.062563e+01
-1.450333e-01 2.440178e+00
7.554152e-01 -4.295497e+00
4.679586e+00 -5.088230e-02
7.470260e+00 8.743041e+00
-5.065206e+00 4.792510e+00
6.655569e-01 -1.091775e+01
3.990301e+00 5.775597e+00
4.264030e+00 -6.521959e+00
-7.965238e+00 -6.397518e+00
-2.929942e+00 8.454981e+00
-5.793244e+00 6.904775e+00
-3.898578e-01 -5.578225e-01
-1.435928e+00 -6.554897e-01
-8.995318e-01 -3.641388e+00
-5.490477e+00 -6.704785e+00
-7.132883e+00 -4.408434e+00
5.446058e+00 7.374784e+00
1.022508e+01 6.596878e-01
4.483800e+00 9.939189e-01
-4.443384e+00 8.350172e+00
-1.442867e+00 4.228730e+00
9.140419e-02 6.573546e-01
1.057318e+01 4.705108e+00
7.476245e+00 7.616135e+00
3.490180e+00 -7.237008e+00
1.431889e+00 -3.548383e+00
-4.969119e+00 -8.815676e+00
-4.656920e+00 7.273296e+00
-6.644559e+00 -1.084877e+01
-4.371646e+00 1.042157e+01
6.648411e+00 1.071457e+01
-6.021967e+00 -4.618379e+00
8.388276e-01 3.331019e+00
3.952723e+00 7.739244e+00
-8.120350e+00 9.423198e+00
-2.062796e+00 3.247020e+00
7.565411e+00 -1.114949e+01
-9.583878e-01 -7.082708e+00
-3.758048e+00 -5.462955e+00
2.830663e+00 -8.020471e+00
4.505885e+00 6.812432e+00
9.419779e-01 -5.358158e+00
1.935062e-01 5.894560e+00
2.107075e-01 -6.168993e+00
8.699860e+00 -1.088744e+01
4.380933e+00 3.084728e+00
5.367639e+00 -6.664528e+00
-1.098355e+01 -2.185006e+00
9.210395e+00 -1.001658e+01
-5.251610e+00 -8.402894e-01
-3.023645e+00 -8.859587e+00
8.358972e+00 4.789408e+00
-6.828107e-02 -4.820004e+00
7.954739e+00 -1.014651e+01
7.814928e+00 -6.281972e+00
9.234974e+00 -4.933663e+00
3.109690e+00 -4.971734e+00
-3.869751e+00 -4.404021e+00
5.443198e+00 2.030491e+00
-2.991054e+00 -2.298872e+00
5.124258e+00 -3.322902e+00
3.898775e+00 -1.016100e+01
9.361875e+00 6.518040e+00
5.082884e+00 4.322047e+00
2.390446e+00 -6.964073e+00
4.509556e+00 -9.213362e+00
4.945685e+00 8.256120e+00
4.765632e+00 9.662942e+00
4.285434e+00 -2.206631e+00
1.922645e+00 -4.649873e+00
1.562812e+00 1.099201e+01
1.074485e+01 1.541426e+00
-5.804859e+00 9.180382e+00
-7.453978e-01 -5.716512e+00
3.785362e+00 1.009757e+01
6.634378e+00 -7.845717e-01
4.054488e+00 -3.314566e+00
-4.980309e+00 -7.788611e+00
-2.966584e+00 -3.353504e+00
-1.090939e+01 8.842181e+00
6.095928e+00 5.484886e+00
-1.794309e+00 -8.759959e+00
3.184992e+00 -2.093435e+00
9.445404e+00 8.917970e+00
1.030757e+01 -1.452844e+00
2.618693e-01 1.011920e+01
-4.332379e+00 3.010970e+00
-6.585686e+00 1.037344e+01
5.982946e+00 -1.071679e+01
9.601499e+00 -3.957149e-01
3.084612e+00 -3.962163e+00
-1.943527e+00 -5.478168e+00
1.036415e+01 5.966929e+00
1.117163e+01 -3.183761e+00
5.265145e+00 -2.169758e+00
9.537365e+00 5.369409e+00
-4.014344e+00 -2.985151e+00
-8.979290e+00 -5.747781e+00
6.268838e-02 -7.176993e+00
-7.082396e+00 5.281274e+00
-6.815248e+00 6.337539e+00
3.196623e+00 7.047131e+00
-8.988561e+00 1.005296e+01
-9.708524e+00 -6.469230e+00
-8.805636e+00 -1.111121e+01
1.857260e+00 9.569931e+00
7.686833e+00 2.910761e+00
1.054108e+01 1.075676e+01
-4.752976e+00 9.439185e+00
9.870747e+00 -1.090982e+01
-1.002416e+01 9.407647e+00
1.007181e+01 -9.453053e+00
5.769544e+00 -9.436379e+00
-3.667272e+00 7.533271e+00
5.626710e+00 6.380469e+00
1.067933e+01 2.599500e+00
-1.229635e+00 7.526806e+00
2.702973e+00 -1.054344e+01
-4.579790e+00 -1.073290e+01
-2.211355e+00 6.327552e+00
4.958942e+00 5.391725e+00
8.975822e+00 -1.180014e+00
6.556671e+00 -6.460154e+00
-2.541924e+00 -1.087383e+01
2.735814e+00 8.259957e+00
-6.834001e+00 7.329293e+00
-1.521863e-01 -1.020800e+01
3.557228e+00 1.115124e+01
1.110869e+01 -7.712774e+00
7.209136e+00 -2.703959e+00
1.317665e+00 -7.517113e+00
-8.456646e+00 -9.989851e+00
-9.865587e+00 -4.890930e+00
9.483929e+00 1.005371e+01
3.761893e+00 -1.134386e+00
6.598277e-01 -1.498981e-01
-9.378108e+00 2.997267e-01
2.228851e+00 -1.682242e+00
8.591461e+00 -8.144474e+00
-4.256613e+00 -9.645157e+00
-3.257847e+00 1.019179e+01
8.699447e+00 3.510627e+00
8.597454e+00 7.211982e+00
1.104700e+01 -8.854475e+00
7.381196e+00 6.256918e+00
2.001170e+00 7.348492e+00
-8.950226e+00 6.095471e+00
3.920270e+00 8.756210e+00
-1.082988e+01 -1.109455e+01
5.695199e+00 8.970892e+00
-7.587017e+00 -7.577858e+00
9.184732e+00 -3.440738e+00
-5.582364e+00 -1.918460e+00
9.256008e+00 -2.310064e+00
-3.296427e+00 -6.492329e+00
6.776370e+00 -8.885738e+00
1.512499e+00 9.637955e-01
2.919168e+00 -4.893534e-01
9.734902e+00 -5.971667e+00
8.544714e+00 8.242935e+00
9.688631e+00 3.122165e+00
-6.956595e+00 -2.153094e+00
-5.197076e-01 1.105632e+01
1.721094e+00 -4.036987e-01
1.031292e+01 -2.479733e+00
-8.502937e+00 3.981036e+00
4.069736e+00 -5.507565e+00
4.882752e+00 -7.524382e+00
9.475448e+00 7.746887e+00
2.276283e+00 -9.428515e+00
-3.688710e+00 9.103448e+00
1.543508e+00 8.338743e+00
1.039877e+01 7.009743e+00
-5.832068e+00 5.608234e+00
8.471279e+00 -7.122362e+00
-1.158559e+00 -4.650696e+00
-1.106500e+01 -4.756834e+00
1.341594e+00 -2.472627e+00
8.254702e+00 -3.113898e+00
-7.175405e+00 1.725691e+00
6.420572e+00 8.188638e+00
3.121418e+00 -6.141018e+00
-7.100414e+00 -9.724707e+00
-5.380250e+00 2.676456e+00
-1.054979e+01 -5.725006e+00
-9.620717e+00 4.806062e+00
-7.049523e+00 9.404800e+00
