4.793102e+00 -9.081598e+00
-7.450666e+00 5.178823e+00
-8.557505e+00 6.800256e+00
-5.988095e+00 -2.914203e+00
-5.101580e+00 1.873313e+00
-1.013912e+01 -9.744863e+00
6.341727e+00 1.928241e+00
2.232135e+00 4.904056e+00
7.578338e+00 -5.936044e+00
6.789708e+00 -2.794604e+00
-7.118127e+00 8.317713e+00
-1.030120e+01 4.255802e+00
-7.957488e+00 1.603009e-01
3.521470e+00 2.832645e+00
-2.787790e+00 2.558206e+00
6.205948e+00 3.219950e+00
-8.936415e+00 -1.565727e+00
-7.578476e+00 7.172043e+00
-8.529932e+00 -6.349350e+00
-8.198945e+00 -8.608495e+00
7.197628e+00 1.113643e+01
9.055047e+00 -5.148727e+00
5.442589e+00 -2.862863e+00
8.693979e-01 -1.541679e+00
5.246803e+00 1.321933e+00
-9.637261e+00 5.397729e+00
-3.379723e+00 -1.808974e+00
-3.533415e-01 -9.165387e+00
9.145264e+00 2.931086e+00
-6.187268e+00 3.431999e+00
1.302267e+00 -9.043173e+00
5.393815e+00 4.013356e+00
-1.075749e+01 1.521620e+00
-9.577638e+00 1.286234e+00
-7.379100e-01 4.086168e+00
-7.279718e+00 -1.072122e+01
1.070541e+01 -9.948928e+00
-9.451253e+00 -7.460387e+00
8.320712e+00 -4.004716e+00
-5.941306e+00 1.292379e+00
9.997954e+00 -7.080787e+00
6.666541e+00 5.137812e-01
1.117122e+01 9.975830e+00
-9.813492e+00 2.434089e+00
-1.015765e+01 -4.574037e+00
1.030173e+01 9.144730e+00
-9.344894e+00 -3.588980e+00
-9.059911e+00 -2.610384e+00
8.982798e+00 -1.624200e+00
-9.538839e+00 1.162640e-01
4.997352e+00 -7.523902e-01
1.867374e-01 4.962365e+00
1.022560e+01 2.609415e+00
-7.237958e+00 3.334450e+00
8.716770e+00 8.667188e-01
-6.569356e+00 -7.779642e-01
2.027851e+00 7.392538e+00
-7.687130e+00 -5.222510e+00
-7.443327e+00 2.265011e+00
-2.724923e+00 9.117618e+00
4.198691e+00 1.108860e+01
6.790174e+00 -9.045215e+00
7.822770e+00 -1.032116e+01
-1.830240e+00 -1.033771e+01
-8.815993e+00 2.166053e+00
5.140312e+00 -6.193493e+00
-1.047425e+01 -6.846692e+00
-8.279036e+00 -3.259414e+00
-9.143429e+00 9.904362e+00
8.026204e+00 -4.991447e+00
5.011590e+00 6.093569e+00
8.307033e+00 2.186381e+00
5.924717e-02 8.095395e+00
1.844332e+00 6.266510e+00
-2.655004e+00 5.152971e+00
1.099410e+01 3.489115e+00
-7.894616e+00 -1.190693e+00
-4.270469e+00 6.939490e+00
6.666206e+00 -7.905754e+00
1.107512e+01 -6.243361e+00
2.447220e+00 -9.070899e+00
1.056293e+01 -3.502379e+00
4.033488e+00 5.952003e+00
2.911415e+00 -4.037822e+00
5.036955e+00 1.028307e+01
3.408967e+00 1.469063e+00
9.472149e+00 -8.073870e+00
-3.874897e+00 3.491246e+00
5.907899e+00 -4.887797e+00
-2.799356e-01 -3.595277e-01
-8.064771e+00 -2.192172e+00
-1.576977e-01 -3.677800e+00
-4.377978e-01 9.212220e-01
7.719551e+00 4.419189e+00
9.719776e+00 4.746345e+00
2.720224e+00 -6.005380e-01
6.981952e+00 5.394985e+00
-1.229993e+00 -1.118228e+00
-6.610433e+00 3.424779e-01
-9.329227e+00 -8.576547e+00
-7.294477e+00 1.184104e+00
2.426687e+00 9.799169e+00
-1.039809e+01 -8.045977e+00
8.920486e+00 -7.160297e+00
-3.413929e+00 -9.115016e+00
-7.392373e+00 1.018297e+01
-3.635601e+00 -6.907942e+00
-8.423534e+00 1.101104e+00
-6.487173e+00 -3.912381e+00
-7.207930e+00 -8.560409e+00
1.085042e+01 -1.501562e+00
-2.336946e+00 -2.139578e-01
2.238974e+00 1.596110e+00
2.828443e+00 5.854518e+00
-1.033562e+01 6.390912e+00
-9.762024e+00 7.273072e+00
-4.972957e+00 2.974870e+00
-5.115650e+00 -5.439521e+00
-8.422182e+00 3.199777e+00
-9.492098e+00 -1.067685e+01
-1.830626e+00 4.589825e+00
-1.884242e+00 3.274142e+00
-3.046258e+00 1.013073e+01
-6.893601e+00 9.326723e+00
6.100561e+00 -3.682355e+00
-1.025883e+01 -5.417902e-01
-8.581223e+00 -4.362211e+00
-9.906810e+00 8.339386e+00
1.107260e+00 2.968862e+00
-4.835110e+00 5.745430e-01
6.970428e+00 -5.122887e+00
-6.527765e+00 -5.582154e+00
-1.090188e+01 7.599090e+00
-1.064072e+01 4.573578e-01
-2.002153e+00 -7.863814e+00
6.794484e+00 7.639748e+00
-3.363616e+00 -4.819323e+00
5.422635e+00 2.483058e+00
2.680299e-01 9.123760e+00
-1.901554e+00 8.473547e+00
-1.556586e+00 1.093087e+00
-9.029623e-01 -8.185112e+00
-1.016337e+01 1.073304e+01
-7.018540e+00 6.289443e+00
8.217277e+00 -9.036270e-01
-3.886843e+00 1.242877e+00
-5.048761e+00 -2.364191e+00
-6.590546e+00 -7.417653e+00
3.092021e+00 3.877437e+00
-1.015798e+01 -2.645699e+00
-1.037410e+00 -3.272731e+00
-9.597963e+00 3.522708e+00
-5.654817e+00 4.487029e+00
-6.555971e+00 -1.003867e+01
2.504681e+00 2.596247e+00
4.692972e+00 4.982128e+00
-4.649433e+00 -1.092959e+01
-5.397252e+00 1.065081e+01
8.798292e+00 6.672660e+00
-2.503101e+00 -3.895322e+00
-1.288952e+00 6.587995e+00
-3.395030e+00 -7.872264e-01
4.398618e+00 -3.229065e+00
-1.061343e+01 -3.569084e+00
9.453452e+00 1.784368e+00
-7.307968e-01 1.971607e+00
2.874792e-01 -2.609213e+00
-1.040360e+01 -1.632931e+00
1.146300e+00 5.473172e+00
-3.762335e+00 4.751681e+00
-3.288420e+00 8.137708e+00
1.917101e+00 -5.823590e+00
8.982263e-01 -7.129034e+00
8.074071e+00 6.009991e+00
9.988925e+00 3.682749e+00
-5.598927e+00 -1.810646e-01
4.628515e+00 3.126635e+00
-3.205435e-01 -7.367300e+00
5.752142e-01 -1.007112e+01
-1.237265e+00 -5.576961e-02
-2.947491e+00 -1.041732e+01
-2.748324e+00 4.120270e+00
-5.104830e+00 -9.245785e+00
-5.736066e+00 8.519498e+00
2.202134e+00 1.081083e+01
-1.092374e+01 8.580275e+00
-2.318711e+00 -4.938441e+00
-5.026091e+00 -3.520433e+00
-6.205176e-01 -1.034770e+01
-5.935070e+00 -1.714709e+00
7.187284e+00 2.585301e+00
-4.672538e+00 -6.600987e+00
3.452022e+00 4.997787e+00
-2.819477e+00 1.331263e+00
-2.311762e+00 -1.651717e+00
-1.097860e+01 -9.045520e+00
-3.060959e+00 -2.886754e+00
-1.885003e-01 7.016682e+00
9.377343e-01 7.507385e+00
4.679308e+00 -5.275688e+00
3.453055e+00 -2.852913e+00
3.742054e+00 -7.144198e+00
8.329425e+00 1.098882e+01
5.640838e+00 -8.438102e+00
-3.370681e+00 3.352964e-01
1.101461e+01 -3.950951e-01
1.327280e+00 -2.654033e+00
-3.250572e+00 -7.992334e+00
-9.890970e-01 7.628467e+00
7.998947e+00 1.288978e-01
1.973985e+00 3.783745e+00
-5.899695e+00 -6.477501e+00
-1.266043e+00 1.110998e+01
2.191579e-01 3.791258e+00
2.411593e+00 -2.728657e+00
6.001512e+00 -3.977015e-01
7.644245e+00 1.008520e+01
-4.608371e+00 4.283682e+00
-5.463237e-01 9.765621e+00
5.709978e+00 6.921929e+00
3.764448e+00 -4.889407e+00
-7.330069e+00 -6.298579e+00
-2.206730e+00 7.249035e+00
-5.757058e+00 6.561461e+00
-2.660692e-01 -1.569444e+00
-1.005647e+00 -2.251243e+00
-1.516607e+00 -4.148748e+00
-5.513300e+00 -7.457823e+00
-7.550751e+00 -4.068208e+00
6.007815e+00 8.489115e+00
1.001734e+01 2.223252e-01
5.128035e+00 2.824774e-01
-3.166642e+00 7.048624e+00
-7.911088e-01 3.109479e+00
1.212031e-01 2.670562e+00
1.077241e+01 4.670260e+00
8.212734e+00 9.094623e+00
2.640536e+00 -7.911619e+00
3.028625e+00 -1.778282e+00
-5.464073e+00 -1.028889e+01
-4.097065e+00 5.838235e+00
-6.252396e+00 -1.109760e+01
-4.331703e+00 1.010924e+01
6.198890e+00 1.064974e+01
-5.758231e+00 -4.702002e+00
1.197696e+00 4.452196e+00
4.113861e+00 8.251930e+00
-8.314832e+00 7.844418e+00
-1.796972e+00 2.044084e+00
5.700072e+00 -9.555922e+00
-2.596705e+00 -6.989105e+00
-4.025478e+00 -5.717390e+00
1.603947e+00 -8.054698e+00
5.062339e+00 7.855695e+00
6.900468e-01 -6.040802e+00
6.823303e-01 6.449660e+00
-4.784526e-01 -6.217972e+00
6.720658e+00 -1.011636e+01
4.142677e+00 4.091221e+00
4.897326e+00 -4.076131e+00
1.102720e+01 -2.559819e+00
8.793847e+00 -9.586380e+00
-5.115002e+00 -1.156047e+00
-2.383328e+00 -8.882979e+00
9.342077e+00 5.744862e+00
-1.151113e-01 -4.714489e+00
7.874850e+00 -9.084689e+00
6.573682e+00 -6.849224e+00
8.599136e+00 -6.215073e+00
1.505670e+00 -4.756443e+00
-4.488174e+00 -4.411261e+00
4.466272e+00 2.110027e+00
-1.941815e+00 -2.632423e+00
5.452848e+00 -1.735864e+00
4.336526e+00 -1.015457e+01
9.818705e+00 6.952290e+00
6.725289e+00 4.201176e+00
2.095374e+00 -6.918206e+00
3.706192e+00 -8.479059e+00
5.073837e+00 8.927751e+00
4.263248e+00 9.541582e+00
4.019912e+00 -1.247733e+00
9.466430e-01 -3.687599e+00
3.907199e-01 1.022920e+01
1.055359e+01 1.409588e+00
-5.199280e+00 7.505955e+00
-1.923209e+00 -5.980112e+00
3.219205e+00 1.051340e+01
7.330033e+00 1.600511e+00
4.329243e+00 -2.225466e+00
-6.061821e+00 -8.485982e+00
-3.687707e+00 -3.761255e+00
-1.001668e+01 9.367187e+00
7.787725e+00 6.933279e+00
-1.465439e+00 -9.351007e+00
2.822797e+00 6.534653e-01
1.013893e+01 1.024079e+01
9.932781e+00 -2.271939e+00
-8.270409e-01 8.777012e+00
-4.361213e+00 -4.322095e-01
-6.309265e+00 1.015226e+01
5.823193e+00 -1.068437e+01
9.090310e+00 -1.246495e-01
1.935037e+00 -3.686218e+00
-2.981592e+00 -5.833926e+00
-1.073379e+01 5.380505e+00
1.004681e+01 -4.388302e+00
6.484525e+00 -1.571927e+00
1.033848e+01 5.694312e+00
-4.107809e+00 -2.804774e+00
-9.047349e+00 -5.333248e+00
-1.363212e+00 -6.960954e+00
-6.727268e+00 4.380207e+00
-6.223774e+00 5.311391e+00
4.194658e+00 6.979644e+00
-8.289350e+00 1.080889e+01
-9.672780e+00 -6.227866e+00
-8.426946e+00 -1.046481e+01
1.263468e+00 9.479920e+00
7.881501e+00 3.371855e+00
1.048021e+01 -1.111268e+01
-5.109454e+00 9.426617e+00
9.622793e+00 -1.022803e+01
-8.889897e+00 8.649121e+00
9.714918e+00 -9.114250e+00
4.661390e+00 -7.906733e+00
-2.560696e+00 6.175654e+00
6.759383e+00 6.569242e+00
-1.089469e+01 2.588700e+00
-2.451587e-01 5.893358e+00
1.106003e+00 1.107771e+01
-3.717463e+00 1.107123e+01
-1.512983e+00 5.573174e+00
5.694527e+00 5.232943e+00
9.851610e+00 -1.060762e+00
6.304249e+00 -5.936226e+00
-2.416042e+00 1.100838e+01
3.033116e+00 7.901662e+00
-6.456229e+00 7.274796e+00
2.856821e-02 -1.115337e+01
3.260289e+00 -1.066930e+01
1.100954e+01 -7.416594e+00
7.127817e+00 -4.929664e-01
3.780996e-01 -8.209492e+00
-8.989703e+00 -9.481330e+00
-1.041821e+01 -5.576836e+00
9.438250e+00 1.099423e+01
3.718008e+00 -1.494419e-01
6.621216e-01 7.308227e-01
-8.726903e+00 -4.742591e-01
9.681207e-01 -4.043463e-01
8.280720e+00 -7.939282e+00
-3.986292e+00 -1.006175e+01
-3.792095e+00 9.215419e+00
8.671290e+00 5.000798e+00
8.961131e+00 8.290641e+00
1.047963e+01 -8.394879e+00
7.816458e+00 8.086103e+00
3.203580e+00 6.838045e+00
-8.508070e+00 5.547656e+00
3.230519e+00 9.009100e+00
-1.093747e+01 -1.066606e+01
5.997668e+00 9.468784e+00
-8.454056e+00 -7.490811e+00
7.190182e+00 -3.853168e+00
-7.304031e+00 -2.986092e+00
8.374121e+00 -2.763816e+00
-4.476668e+00 -8.052729e+00
5.587564e+00 -7.386403e+00
1.190633e+00 1.876608e+00
4.257604e+00 8.432831e-01
9.752821e+00 -6.073374e+00
9.090606e+00 9.552010e+00
8.882013e+00 3.899739e+00
-7.033044e+00 -1.945442e+00
-1.644842e+00 9.945302e+00
1.777731e+00 4.432399e-01
9.244164e+00 -3.603812e+00
-7.795632e+00 4.224791e+00
2.660521e+00 -5.066492e+00
4.150905e+00 -6.223646e+00
1.049895e+01 7.946747e+00
1.759346e+00 -1.020876e+01
-4.331733e+00 8.026696e+00
1.959242e+00 8.493708e+00
1.097989e+01 6.562644e+00
-5.115608e+00 5.535476e+00
7.676170e+00 -7.046415e+00
-1.178936e+00 -5.193491e+00
1.118010e+01 -4.459687e+00
1.955563e+00 -1.423569e+00
7.516767e+00 -1.847861e+00
-6.275373e+00 2.246101e+00
7.083369e+00 9.010648e+00
3.058333e+00 -6.297801e+00
-7.715469e+00 -9.742941e+00
-3.950788e+00 2.445940e+00
1.065473e+01 -5.315167e+00
-8.871321e+00 4.259121e+00
-8.087721e+00 9.303486e+00
