9.023661e+00 -9.955112e+00
-7.481381e+00 7.782575e+00
1.031447e+01 8.505167e+00
-5.700570e-01 -8.425138e-01
-5.405979e+00 4.995694e+00
-1.047670e+01 1.049884e+01
7.761324e+00 5.775911e-01
6.653974e+00 3.746685e+00
6.137056e+00 -1.550113e+00
8.837688e+00 -1.513342e+00
-5.644981e+00 7.248369e+00
8.259127e+00 6.010268e+00
-6.639126e+00 -4.743518e+00
6.066714e+00 5.651837e+00
-5.469775e+00 1.501416e+00
3.578814e+00 1.046311e+01
-4.444340e+00 -5.285900e+00
1.082468e+01 -9.052880e+00
8.800805e+00 -1.109633e+01
1.036103e+01 6.299083e+00
3.992262e+00 -4.927013e+00
7.430023e+00 -5.650086e+00
7.022313e-01 -5.269148e+00
-7.640662e-01 2.420964e-01
5.711935e+00 1.153398e+00
1.081246e+01 4.187133e+00
-3.962792e+00 -1.234465e+00
-4.976172e+00 9.342884e+00
-1.023656e+01 -2.641375e+00
-7.797725e+00 4.390696e+00
9.238689e-01 -8.175104e+00
4.778346e+00 3.715038e+00
-7.999870e+00 -2.923658e+00
1.110890e+01 -3.300248e+00
-1.232970e+00 5.284654e+00
-5.558402e+00 -9.607845e+00
-8.960590e+00 -9.478886e+00
8.583718e+00 7.155878e+00
-9.917864e+00 -8.018577e+00
-9.033710e+00 1.295655e+00
6.764479e+00 1.036650e+01
7.591978e+00 -1.444560e+00
9.906941e+00 -1.099302e+01
6.901765e+00 2.702327e+00
-9.531097e+00 -4.794830e+00
7.652152e+00 -8.818388e+00
-1.498458e+00 -5.856680e+00
-6.230496e+00 -5.843917e+00
8.698261e+00 -5.322254e+00
1.035672e+01 -4.063282e+00
2.987079e+00 -1.053602e+00
2.416877e+00 4.373893e+00
-1.053809e+01 -6.141187e-01
-1.016509e+01 1.307331e+00
-8.825498e+00 2.668525e-01
-5.301312e+00 -1.765659e+00
-6.006955e-01 6.355822e+00
-3.348933e+00 -2.153608e+00
-9.602217e+00 3.533098e+00
-2.798524e+00 5.720695e+00
1.334972e+00 -7.161251e+00
5.251492e+00 -8.507464e+00
6.617759e+00 -8.383320e+00
-7.167542e-01 1.046777e+01
-5.327466e+00 -7.457768e-01
1.754625e+00 -5.189158e+00
8.810368e+00 -4.221738e+00
-3.452064e+00 2.482397e+00
-8.706013e+00 1.054998e+01
5.662074e+00 -4.519376e+00
1.191612e+00 -9.385683e+00
-9.837401e+00 1.724626e-01
-1.861977e+00 6.152426e+00
1.826339e+00 6.382463e+00
-3.530473e+00 7.692712e+00
2.794406e+00 8.496673e+00
-8.519010e+00 -5.097419e+00
-2.383803e+00 1.836920e+00
7.779169e+00 -3.323512e+00
-1.087275e+01 -4.397806e+00
2.712636e+00 -7.212795e+00
-6.960095e+00 -6.612118e+00
4.640404e+00 1.094137e+01
-2.562900e+00 -1.113693e+01
4.593370e+00 -6.220215e+00
2.551029e+00 2.077865e+00
7.783165e+00 1.032313e+01
-1.065143e+01 3.305200e+00
-1.219602e+00 -4.847143e+00
2.139640e+00 -4.222049e+00
-3.476622e+00 1.398424e+00
1.935637e+00 -1.078067e+00
5.928868e-01 3.094103e+00
4.162601e+00 7.983725e+00
8.270352e+00 4.870223e+00
3.789019e+00 -2.719354e-01
4.238110e+00 -1.028139e+01
-5.767741e-01 4.394880e+00
-1.092845e+01 3.527145e-01
-8.939248e+00 -8.322322e+00
4.319666e+00 5.400143e+00
3.349959e+00 -1.087936e+01
-9.461434e+00 -7.109536e+00
1.048714e+01 -1.002225e+01
-3.981814e+00 -6.240504e+00
-7.729583e+00 6.361032e+00
-1.481354e+00 -1.112810e+01
9.425705e+00 4.968013e+00
-5.010398e+00 -3.627268e+00
-7.361380e+00 -7.676588e+00
-8.711767e+00 -3.986068e+00
-9.309839e+00 -3.029312e+00
7.109178e+00 -2.453968e+00
7.246581e+00 9.174726e+00
1.058748e+01 7.543412e+00
-9.394899e+00 9.838158e+00
-4.158979e+00 -2.555493e-01
-4.519648e+00 -1.056319e+01
7.804946e+00 1.725875e+00
-9.566942e+00 7.858118e+00
1.390930e+00 4.031658e+00
2.711694e+00 9.564344e+00
-8.956377e+00 6.376132e+00
-8.612425e+00 8.553163e+00
2.620269e+00 -9.394317e-02
9.360646e+00 -2.323224e+00
-5.624181e+00 -7.147889e+00
-7.667252e+00 1.047746e+01
-1.416095e-01 1.050391e+00
-1.060334e+01 -5.489349e+00
7.739637e+00 -4.493289e+00
-5.969759e+00 9.337646e+00
-9.772266e+00 8.887979e+00
1.014160e+01 -1.530885e+00
-4.399455e-01 -5.631748e+00
4.608028e+00 -9.369222e+00
-2.667792e+00 -3.011153e+00
9.614942e+00 2.511825e+00
3.266072e+00 7.341935e+00
-1.523065e+00 3.861308e+00
-5.097968e+00 5.997695e+00
7.399870e-01 -6.253361e+00
1.061287e+01 1.027491e+01
-7.680138e+00 -7.615518e-01
9.293880e+00 -3.369341e+00
-6.760851e+00 2.193754e+00
-7.910650e+00 1.469448e+00
-2.848178e+00 -9.311152e+00
6.766884e+00 1.614826e+00
-5.543961e+00 -4.665699e+00
1.493734e+00 2.394852e+00
-9.874235e+00 -1.562023e+00
-6.338220e+00 5.982698e+00
-5.410002e+00 -8.527099e+00
3.215785e+00 5.110564e+00
7.411729e+00 -1.095346e+01
-5.827571e+00 1.046304e+01
-4.680368e+00 1.075527e+01
-1.105185e+01 6.727857e+00
-5.724437e-01 3.277090e+00
4.598495e+00 2.595805e+00
-6.625225e+00 -1.586674e+00
-8.155967e-01 -6.674003e+00
-4.130676e+00 -4.262569e+00
7.748638e+00 3.786221e+00
6.654868e+00 5.506717e-01
-1.089591e+00 -1.680068e+00
1.062463e+01 -5.311445e+00
4.880117e+00 9.876277e+00
-7.664652e+00 2.846375e+00
-4.569708e+00 3.099123e+00
5.023359e-01 -1.009282e+01
-7.115984e-01 9.285922e+00
7.019784e+00 6.055195e+00
3.823145e+00 9.487753e+00
-7.790998e+00 -4.324098e+00
1.015133e+01 1.481855e+00
1.455818e+00 -1.111712e+01
-7.389707e-01 -1.003567e+01
-3.836136e-02 -1.800600e+00
-2.711594e+00 1.022426e+01
3.750945e+00 8.747481e-01
-3.540717e+00 -1.006026e+01
-3.899993e+00 5.895280e+00
2.196436e+00 7.394942e+00
-9.499443e+00 5.372250e+00
-3.617426e+00 -7.319890e+00
-2.562168e+00 -5.834999e+00
-6.674704e+00 6.959240e+00
-2.456544e+00 3.109799e+00
-1.103789e+01 -1.519621e+00
-3.038284e+00 -4.027160e+00
5.350726e+00 8.564449e+00
-6.766746e+00 3.309997e+00
-4.636181e+00 -2.679976e+00
-9.586847e+00 1.109773e+01
4.279489e-01 4.128563e+00
4.894966e-01 1.952010e+00
-3.295066e+00 3.814568e+00
3.438191e+00 -5.939633e+00
8.241003e+00 -2.318216e+00
2.244166e+00 -6.198458e+00
6.474376e+00 -5.831107e+00
4.571456e+00 -4.038918e+00
-4.380021e+00 2.055294e+00
1.032538e+01 3.363830e-01
5.264710e+00 -3.294764e+00
-4.634199e+00 -7.294103e+00
5.239387e+00 -1.046317e+01
-8.949569e+00 -8.197239e-01
1.610206e+00 -3.224174e+00
-7.645248e-01 -3.778508e+00
-1.871906e+00 -9.862587e+00
1.174920e+00 7.496454e+00
1.958130e+00 -2.060565e+00
5.089743e+00 -1.136966e+00
8.173917e+00 -6.721482e+00
-1.002832e+01 2.426395e+00
2.483715e+00 1.080272e+01
6.087073e+00 7.957450e+00
2.721520e+00 -3.278047e+00
-5.718590e+00 -1.078536e+01
-8.417764e+00 5.234406e+00
-5.580774e+00 3.890137e+00
-1.601946e+00 2.527656e+00
-4.371835e+00 8.560535e-01
-2.290643e+00 -4.760016e+00
-8.349471e+00 9.546505e+00
-1.817549e+00 -3.729058e+00
3.104675e+00 -8.359032e+00
-7.761095e+00 -1.755737e+00
9.656675e+00 -5.351314e-01
-2.311207e+00 7.747926e+00
-2.417234e+00 4.353925e+00
3.732037e+00 3.351044e+00
-1.085796e+01 5.673422e+00
6.850927e+00 -9.912517e+00
-3.676543e+00 1.098183e+01
3.168782e-01 1.128321e-02
-1.696778e+00 -7.958795e+00
9.754769e-01 5.295774e+00
-4.358237e+00 -9.428838e+00
-1.421487e-01 5.452559e+00
6.280925e+00 -1.084966e+01
-2.922412e+00 -8.258281e-01
5.746407e+00 2.196604e+00
5.978757e+00 -7.560618e+00
-8.558673e+00 3.402459e+00
3.673392e+00 1.981737e+00
9.693910e+00 -6.356642e+00
-2.171935e+00 7.509937e-02
-2.466441e+00 -7.025390e+00
2.296899e+00 -9.220677e+00
5.630473e+00 -6.444345e+00
9.676360e-01 -2.081556e+00
-1.314919e+00 7.243744e+00
3.746699e-01 -3.194166e+00
1.012919e+01 -8.327424e+00
5.698895e+00 3.349069e+00
6.761556e+00 -3.622033e+00
-5.082665e+00 -6.129510e+00
7.945132e+00 -1.000975e+01
-5.875309e+00 -2.547343e+00
-2.819599e+00 -8.138330e+00
6.169176e+00 6.919460e+00
-3.211721e+00 1.616258e-01
9.323776e+00 1.025462e+01
6.072852e+00 -2.645305e+00
9.221021e+00 -7.621668e+00
4.049167e+00 -2.987255e+00
-3.476717e+00 -5.178009e+00
8.569067e+00 -3.993779e-01
8.964043e-01 -4.113670e+00
-1.100604e+00 -8.940833e+00
3.664779e+00 -7.472067e+00
6.096701e+00 9.284877e+00
7.173617e+00 8.168816e+00
8.554030e-02 7.241770e+00
4.129376e+00 -8.396367e+00
-1.668051e+00 9.792321e+00
8.079775e+00 -7.768258e+00
1.168114e+00 9.259286e-01
3.484014e+00 -4.105426e+00
-4.546683e+00 6.917608e+00
-8.774056e+00 -1.950101e+00
-5.691778e+00 2.068814e-01
-1.907642e+00 -9.485670e-01
4.068993e-01 9.455075e+00
8.828641e+00 1.740155e+00
2.573573e+00 1.073792e+00
-6.364500e-01 -7.762573e+00
-2.083910e+00 -2.007386e+00
8.250088e+00 9.371688e+00
-8.982097e+00 4.439654e+00
-5.239540e-02 -8.949175e+00
1.075118e+01 -6.369493e-01
1.055446e+01 5.172744e+00
-6.124330e+00 -3.736654e+00
-4.735221e+00 8.009356e+00
-6.951877e+00 1.101219e+00
-7.998363e+00 -1.087075e+01
8.717987e+00 -8.597305e+00
6.914592e+00 -5.385734e-01
2.861058e-01 -7.307685e+00
-3.755270e+00 -3.207135e+00
8.826750e+00 3.177473e+00
-1.075389e+01 -9.952548e+00
9.630636e+00 -4.922944e+00
-1.081831e+01 8.294458e+00
-1.637926e+00 1.129451e+00
-6.368906e+00 -7.858729e+00
7.498219e-01 -1.019416e+00
-1.042858e+01 4.305780e+00
-6.600863e+00 4.607678e+00
5.202341e+00 7.373269e+00
-6.832341e+00 1.004294e+01
-9.739583e+00 -1.011236e+01
-8.315254e+00 -6.174193e+00
-1.520205e+00 8.611663e+00
9.249298e+00 6.254758e-01
-8.433059e+00 -7.375224e+00
-4.392140e+00 4.107688e+00
7.045330e+00 -7.337905e+00
-6.748071e+00 -9.051608e+00
9.118971e+00 8.764825e+00
4.683194e+00 2.407642e-01
2.902491e+00 6.245859e+00
3.971378e+00 6.435357e+00
9.739082e+00 3.791784e+00
1.653547e+00 8.670580e+00
3.413079e+00 -9.510469e+00
-3.510410e+00 8.799859e+00
1.485504e+00 -1.437200e-01
5.948442e+00 -9.339842e+00
1.030867e+01 -2.608613e+00
4.064669e+00 -1.527133e+00
-4.233835e+00 -8.231614e+00
-2.480443e+00 9.090784e+00
-8.459840e+00 7.379293e+00
-6.159720e+00 8.211876e+00
-5.472081e-01 7.985190e+00
-1.004344e+01 -3.698319e+00
4.666893e+00 1.435130e+00
-2.876605e+00 6.854362e+00
1.112027e+01 -1.092877e+01
-7.542458e+00 -9.609243e+00
9.938714e+00 9.484976e+00
5.418617e+00 4.768280e+00
6.443356e-01 8.451288e+00
-7.198928e+00 -3.524287e+00
6.409264e-01 6.273158e+00
5.222520e+00 -5.476381e+00
-6.814934e+00 1.115346e+01
-7.492064e+00 8.909294e+00
5.641029e+00 1.071901e+01
7.573350e+00 6.967278e+00
-1.048916e+01 -8.957895e+00
8.380515e+00 8.139596e+00
4.008441e+00 4.435487e+00
9.445067e+00 7.743421e+00
7.277411e-01 1.048607e+01
9.364562e+00 6.128192e+00
1.678946e+00 9.987236e+00
-1.050301e+01 -7.018503e+00
-7.945728e+00 -8.593141e+00
-6.593576e+00 -1.775366e-01
-1.113530e+01 -8.071545e+00
-6.498690e+00 -1.013521e+01
9.675137e+00 -9.223690e+00
5.834470e+00 -3.022413e-01
4.870204e+00 -2.387640e+00
1.105432e+01 -6.269445e+00
-1.065866e+01 9.534473e+00
5.293814e+00 6.373297e+00
-5.739020e+00 2.685024e+00
-3.872607e+00 9.841152e+00
2.495459e+00 3.280723e+00
-7.528361e+00 -5.424155e+00
1.055321e+01 2.951860e+00
-5.781129e-02 -4.539489e+00
2.048866e+00 -8.101302e+00
7.169930e+00 4.842396e+00
-1.614787e-02 -1.107105e+01
-3.458293e+00 4.932663e+00
2.282489e+00 -1.028069e+01
-1.003178e+01 6.920166e+00
-8.034416e-01 1.907070e+00
1.044646e+01 -7.187966e+00
-8.315497e-01 -2.725836e+00
-6.953244e+00 -2.562734e+00
2.157581e+00 5.338561e+00
6.727581e+00 -4.759859e+00
-1.098548e+01 1.894462e+00
4.809451e+00 -7.479207e+00
2.854998e+00 -5.070248e+00
-9.831442e+00 -6.131637e+00
-8.952424e+00 2.365467e+00
3.253844e+00 -2.239301e+00
-7.687196e+00 2.670651e-01
-7.370858e+00 5.287540e+00
