-8.597623e+00 -7.970634e+00
-1.023231e+01 1.012749e+01
-9.455660e+00 -8.696783e+00
-1.005082e+01 -7.874502e+00
-1.052810e+01 -4.334661e+00
-9.421371e+00 -4.886978e+00
8.908738e+00 -3.716724e+00
8.495633e+00 -2.646399e+00
7.338119e+00 -3.148280e+00
8.395816e+00 -1.675316e+00
7.339189e+00 4.599497e+00
9.692521e+00 5.362339e+00
1.036407e+01 2.033610e+00
5.644824e+00 6.869303e+00
1.035900e+01 8.315533e+00
8.635270e+00 4.979840e+00
-1.012582e+01 3.241322e+00
-1.063988e+01 9.094643e+00
1.021204e+01 1.068307e+01
-9.107923e+00 -1.051276e+01
-9.255156e+00 -7.174805e+00
-6.944909e+00 -1.066081e+01
-8.790263e+00 1.060017e+01
1.087279e+01 -4.766601e+00
1.092776e+01 -7.620156e+00
-1.092005e+01 -2.096600e+00
9.777895e+00 -3.124479e+00
-1.052724e+01 -3.032290e+00
6.576493e+00 -4.040506e+00
1.061236e+01 3.031948e+00
1.017483e+01 -1.106012e+00
8.931405e+00 -6.226777e-01
9.967502e+00 -6.992446e-02
-1.114403e+01 1.471376e+00
1.103526e+01 3.932820e+00
7.596651e+00 6.973937e+00
-1.105470e+01 1.071640e+01
-6.006611e+00 7.815217e+00
-9.922774e+00 1.113892e+01
1.075738e+01 9.621162e+00
-7.848603e+00 -1.024090e+01
-6.738297e+00 -5.441912e+00
1.055353e+01 -6.646756e+00
-8.601597e+00 -9.496354e+00
-9.830003e+00 -5.958679e+00
-9.516061e+00 -2.396995e+00
-8.432277e+00 -2.797668e+00
-1.004191e+01 -1.489438e+00
6.865477e+00 -1.897912e-01
-1.014448e+01 -3.062617e-01
7.590871e+00 -4.136029e+00
1.081799e+01 4.815490e-01
-1.114895e+01 -5.809268e-01
9.672321e+00 6.534950e+00
-1.045956e+01 7.127018e-01
-6.934919e+00 5.220255e+00
-9.756255e+00 5.253939e+00
-6.879957e+00 4.065297e+00
-8.284678e+00 6.851109e+00
-8.424650e+00 8.112301e+00
-7.445780e+00 -8.039580e+00
-4.802578e+00 -1.023497e+01
-8.295869e+00 -4.856342e+00
-8.732628e+00 -5.832852e+00
1.040746e+01 -2.294595e+00
-1.080892e+01 -6.808742e+00
-7.350712e+00 -4.423180e+00
-7.189644e+00 -2.978941e+00
7.165429e+00 -6.253285e+00
-7.751647e+00 -1.915953e+00
-8.956230e+00 -1.499753e+00
-1.005321e+01 1.673991e+00
-1.087789e+01 2.455195e+00
9.967542e+00 4.095528e+00
1.066404e+01 6.168650e+00
-1.024863e+01 4.266680e+00
-9.344546e+00 7.440351e-01
-5.286948e+00 7.012823e+00
-6.917282e+00 8.432742e+00
-1.029407e+01 7.856867e+00
-5.929403e+00 9.018567e+00
-6.801075e+00 1.068963e+01
-5.999012e+00 1.011049e+01
-7.422548e+00 -9.247889e+00
-5.720053e+00 -4.706253e+00
-7.699130e+00 -5.923143e+00
-4.813274e+00 -5.113190e+00
-9.674965e+00 -3.573175e+00
-1.096160e+01 -5.755570e+00
-9.608358e-01 -4.696861e+00
-6.429535e+00 -3.906072e+00
-7.089236e+00 -2.556484e-01
-4.790824e+00 -2.814901e+00
-7.989109e+00 -9.306269e-01
-8.514647e+00 1.516231e+00
-9.116985e+00 3.537540e+00
-7.950219e+00 3.780527e+00
-8.087563e+00 9.204498e+00
-4.675392e+00 6.036594e+00
-4.880826e+00 7.903945e+00
-4.854771e+00 1.015558e+01
-4.328306e+00 1.108358e+01
-5.874581e+00 -1.001298e+01
-5.156007e+00 -7.984306e+00
-4.650587e+00 -6.177483e+00
-3.711590e+00 -2.950854e+00
1.334583e+00 -3.776351e+00
-8.720457e+00 -3.878872e+00
-4.208486e+00 -3.792869e+00
-2.628099e+00 -3.129750e+00
-4.748002e+00 -7.045131e-01
-5.378870e+00 -1.679805e+00
-7.154618e+00 1.136716e+00
-7.961710e+00 4.428994e-01
-7.231483e+00 2.385600e+00
-9.143614e+00 -4.632324e-01
-7.323571e+00 7.404537e+00
-6.973095e+00 9.518318e+00
-6.284084e+00 2.875185e+00
-6.439990e+00 6.869628e+00
-5.871542e+00 4.714746e+00
-4.959569e+00 1.690155e+00
-3.734383e+00 -1.044824e+01
-6.753624e+00 -6.565471e+00
-3.869051e+00 -4.868253e+00
-3.527419e+00 -6.185902e+00
-2.004026e+00 -4.436951e+00
-5.672171e+00 -5.764294e+00
-5.219991e+00 -3.746388e+00
-2.500566e-01 -1.617854e+00
-4.254140e+00 -1.819851e+00
-5.795960e+00 -2.757741e+00
-9.387446e+00 2.481944e+00
-8.327997e+00 2.782041e+00
-5.890224e+00 5.902028e-01
-8.069270e+00 5.228756e+00
-9.227321e+00 7.410379e+00
-6.160646e+00 1.688538e+00
-3.309082e+00 4.464517e+00
-5.957642e+00 5.940818e+00
-3.856980e+00 1.014711e+01
-3.034604e+00 6.378390e+00
-4.990716e+00 -9.107712e+00
-7.967491e+00 -7.074726e+00
-2.366499e+00 -6.465932e+00
-6.444850e+00 -7.626175e+00
-1.647741e+00 -5.634108e+00
-3.032938e+00 -2.031730e+00
-1.324015e+00 -3.464256e+00
-2.289706e+00 -1.291648e+00
2.579493e-02 3.637133e-01
-1.625755e+00 -2.463985e+00
-5.897981e+00 -5.322331e-01
-3.672381e+00 4.320903e-01
-5.561084e+00 3.689319e+00
-2.725341e+00 -4.299378e-02
-1.246685e+00 -1.310052e+00
-1.651207e+00 5.225448e+00
-3.745959e+00 8.269087e+00
-4.801617e+00 4.842534e+00
-2.834922e+00 7.545273e+00
-4.531938e+00 9.074062e+00
-3.364538e+00 9.210304e+00
-5.580168e+00 -6.969573e+00
-4.197287e+00 -8.385154e+00
-2.869876e+00 -5.348394e+00
2.170321e+00 -2.591857e+00
-3.222961e+00 -4.103679e+00
1.289360e+00 -2.044113e+00
3.328972e-02 -4.904559e+00
-4.003051e-01 -3.787092e+00
-6.803471e-01 -4.327795e-01
-1.703122e+00 -4.524651e-01
-2.756035e+00 1.027024e+00
-2.897409e+00 2.126535e+00
-4.185651e+00 3.743622e+00
-3.869991e+00 2.783456e+00
-1.305720e+00 -1.104376e+01
-1.819911e+00 6.704276e+00
-4.757075e+00 5.640331e-01
-3.032678e+00 1.073138e+01
-3.923121e+00 6.931717e+00
-3.752207e+00 -9.403774e+00
-2.660196e+00 -9.473606e+00
-6.352994e+00 -8.814958e+00
-1.784669e+00 -7.452116e+00
-6.311673e-01 -5.725058e+00
-4.407213e+00 -7.175577e+00
5.309674e-01 -3.177664e+00
-3.293931e+00 -7.434415e+00
-5.228243e-01 -2.628029e+00
2.127686e-01 1.539297e+00
-1.716856e+00 1.974409e+00
-6.725595e+00 -1.263856e+00
1.699102e+00 3.036395e+00
-5.190203e+00 2.712902e+00
-3.867486e+00 5.389483e+00
-2.352079e+00 8.790120e+00
-2.747580e+00 5.378750e+00
-5.576475e+00 -1.111914e+01
1.012416e+00 -1.076585e+01
-1.304551e+00 8.995981e+00
-1.524145e+00 -9.904833e+00
-2.390105e+00 -8.450775e+00
1.756811e+00 -9.872107e+00
3.641475e-01 -7.104170e+00
6.046249e-01 -9.631119e+00
1.730075e+00 -5.638650e+00
1.275827e+00 -7.768326e+00
4.013217e-01 -8.230661e-01
2.597112e+00 2.413832e+00
-1.441992e+00 3.028526e+00
-1.246367e+00 4.080641e+00
-3.210642e+00 -9.657433e-01
-2.575731e+00 3.264045e+00
-2.273139e+00 4.319441e+00
-9.237577e-01 6.123214e+00
-1.741487e+00 7.835108e+00
1.506914e+00 8.306119e+00
8.816799e-01 4.944691e+00
-1.288742e+00 1.020772e+01
-2.435415e+00 -1.063032e+01
3.652886e-01 -8.584243e+00
-1.327741e+00 -8.704656e+00
5.223542e-01 -5.973959e+00
-1.173597e+00 -6.597477e+00
2.956989e+00 -5.690825e+00
1.228630e+00 8.309265e-01
1.121722e+00 -4.745248e+00
3.556461e+00 1.862897e+00
-3.885824e+00 1.534306e+00
6.442646e-01 2.734121e+00
-6.512564e-01 2.311428e+00
-3.212662e-01 4.812611e+00
-8.291705e-01 7.203431e+00
2.042841e+00 4.078345e+00
1.036320e+00 3.832225e+00
5.320201e-01 8.791389e+00
-3.937264e-01 8.420870e+00
1.358480e+00 7.082978e+00
3.418474e-01 7.381393e+00
3.378317e-01 5.861338e+00
1.529072e+00 9.604490e+00
-2.398087e+00 9.914238e+00
-3.868906e-01 -9.252721e+00
-5.590582e-01 -8.025458e+00
1.402725e+00 -6.651587e+00
2.403118e+00 -4.713185e+00
-7.390808e-01 1.038997e+00
-1.763950e+00 6.482369e-01
3.981425e+00 2.904748e+00
5.285999e+00 8.415664e-01
1.366922e+00 1.856047e+00
5.742609e+00 2.402318e+00
1.372328e+00 5.924219e+00
3.577876e+00 5.304891e+00
4.634675e+00 7.091741e+00
4.426036e+00 8.135448e+00
4.698656e+00 9.876107e+00
3.790552e+00 1.086395e+01
3.422376e+00 8.365064e+00
2.619506e+00 -8.760758e+00
2.772756e+00 1.034480e+01
-2.813056e-01 1.075205e+01
5.736667e-01 1.009955e+01
5.526714e+00 -3.865479e+00
2.442608e+00 -6.608589e+00
3.544823e+00 -3.881485e+00
2.930211e+00 -4.805410e-01
1.431051e+00 -7.164025e-01
2.627599e+00 1.394496e+00
4.232325e+00 4.181727e+00
7.059301e+00 8.116453e-01
2.544393e+00 5.394557e+00
5.257252e+00 8.866885e+00
-7.065555e-02 3.724307e+00
2.440942e+00 7.646973e+00
4.623100e+00 -8.502805e+00
3.413566e+00 9.442446e+00
3.561213e+00 -1.050495e+01
2.480612e+00 -1.099735e+01
9.264414e+00 -8.569545e+00
2.553876e+00 -7.740167e+00
-2.408099e-01 -1.045635e+01
-3.541749e-01 9.520941e+00
1.513219e+00 -8.823776e+00
2.901123e+00 -9.790365e+00
3.796908e+00 -5.107427e+00
4.640812e+00 -4.350297e+00
2.339924e+00 -3.654577e+00
2.073278e+00 2.058094e-01
3.713536e+00 7.503321e-01
4.769682e+00 5.027474e+00
5.481547e+00 5.875643e+00
2.413697e+00 6.524990e+00
3.060416e+00 4.339041e+00
5.011920e+00 -9.483124e+00
3.560422e+00 7.168752e+00
9.087504e+00 8.745645e+00
6.208796e+00 -1.041224e+01
4.789662e+00 -1.069351e+01
7.391103e+00 -9.153521e+00
1.680273e+00 1.071301e+01
3.630987e+00 -7.219527e+00
3.563613e+00 -8.389631e+00
7.563318e+00 -7.242764e+00
4.701318e+00 -7.426869e+00
5.495362e+00 -6.833286e+00
3.944187e+00 -6.109502e+00
2.196166e+00 -1.378570e+00
4.791558e+00 -1.187699e-01
6.300221e+00 1.622951e+00
8.622278e+00 2.755164e+00
6.452447e+00 8.913653e+00
6.882006e+00 7.890409e+00
7.550548e+00 8.659704e+00
8.416354e+00 7.940934e+00
5.885408e+00 9.809646e+00
9.479482e+00 7.675735e+00
2.454815e+00 9.087170e+00
3.937178e+00 -9.334376e+00
5.632263e+00 -8.317111e+00
8.439271e+00 -1.086075e+01
7.161456e+00 -1.083686e+01
1.031744e+01 -8.615197e+00
9.173491e+00 -5.479667e+00
8.129476e+00 -8.558946e+00
8.289637e+00 -6.301158e+00
5.277568e+00 -2.669091e+00
4.055338e+00 -9.197653e-01
6.220047e+00 3.635772e+00
4.729558e+00 1.936518e+00
7.140831e+00 -2.030535e+00
3.034163e+00 3.330364e+00
7.446678e+00 3.457330e+00
7.081028e+00 9.748071e+00
6.564380e+00 6.272950e+00
1.079542e+01 -1.056124e+01
6.419808e+00 1.077898e+01
7.866940e+00 -9.987432e+00
8.815231e+00 -9.635751e+00
1.104803e+01 -9.548944e+00
6.374808e+00 -7.344122e+00
8.585047e+00 -7.619067e+00
1.018086e+01 -5.621594e+00
6.171787e+00 -1.117267e+00
9.401783e+00 -6.550123e+00
6.057424e+00 -5.954288e+00
3.140367e+00 -2.895826e+00
5.876431e+00 -4.916970e+00
7.431044e+00 -1.033098e+00
5.868669e+00 -1.279473e-02
9.272444e+00 1.978274e+00
5.130629e+00 3.219077e+00
6.443105e+00 5.187347e+00
8.584231e+00 6.817505e+00
5.370751e+00 1.068154e+01
9.708104e+00 9.538301e+00
8.391186e+00 9.506079e+00
8.998138e+00 1.048475e+01
6.717971e+00 -8.322705e+00
9.855452e+00 -4.318204e+00
-1.087811e+01 -8.610362e+00
-9.839652e+00 -9.640982e+00
8.150624e+00 -4.995015e+00
4.010812e+00 -2.315043e+00
4.898549e+00 -5.783457e+00
4.421008e+00 -3.332758e+00
3.178911e+00 -1.859329e+00
6.363296e+00 -2.713187e+00
7.846296e+00 9.698972e-02
7.547548e+00 2.307154e+00
9.557115e+00 3.115729e+00
8.621917e+00 3.873175e+00
5.707796e+00 7.911334e+00
4.411608e+00 6.064549e+00
1.084375e+01 5.080607e+00
1.098225e+01 7.268897e+00
9.488978e+00 -1.059163e+01
6.338882e+00 -9.280069e+00
-9.243289e+00 9.593761e+00
7.782560e+00 1.066011e+01
9.971717e+00 -9.660377e+00
-7.804097e+00 1.046726e+01
9.794174e+00 -7.685161e+00
1.094887e+01 -3.749526e+00
9.433257e+00 -1.956122e+00
6.964317e+00 -5.040452e+00
5.106914e+00 -1.321569e+00
9.814349e+00 1.125291e+00
8.195586e+00 1.303281e+00
8.772435e+00 5.137241e-01
-1.075950e+01 5.771866e+00
8.012415e+00 6.005022e+00
5.302045e+00 4.179708e+00
-9.439973e+00 6.269239e+00
-8.875565e+00 4.512274e+00
-1.034758e+01 6.809028e+00
-1.055220e+01 -1.036663e+01
-9.418886e+00 8.492564e+00
