1.050874e+01 -8.521364e+00
-8.500738e+00 8.095861e+00
-8.368612e+00 9.764551e+00
-9.812085e+00 -7.589888e+00
-1.037218e+01 -1.491788e-01
-8.497958e+00 -1.464458e+00
-8.460414e+00 -2.757963e-01
-1.105857e+01 3.032827e+00
6.924096e+00 -3.737974e+00
-1.082068e+01 1.974480e+00
7.042119e+00 5.993597e+00
9.573809e+00 1.303037e+00
1.048818e+01 1.866622e+00
7.618315e+00 2.353414e+00
-4.925043e+00 7.597020e+00
8.630186e+00 -9.829156e-02
-5.687480e+00 4.938638e+00
-6.034662e+00 9.460359e+00
1.064063e+01 -1.050001e+01
-7.953319e+00 1.078766e+01
-8.452274e+00 -5.827002e+00
-8.026683e+00 -3.606920e+00
1.018873e+01 -6.477368e+00
-6.142492e+00 -3.443949e+00
-9.566805e+00 -1.110010e+00
1.085725e+01 4.267519e+00
-7.166248e+00 -2.968854e+00
1.094700e+01 -2.893340e+00
4.686760e+00 -3.504835e+00
9.772632e+00 4.064299e+00
-6.532489e+00 5.878755e+00
6.878472e+00 -8.787424e-01
-9.326532e+00 3.800207e+00
9.782430e+00 3.736456e-02
-1.118962e+00 6.909804e-01
1.039086e+01 7.393379e+00
-1.089764e+01 -8.041543e+00
-4.542360e+00 1.033392e+01
-1.012331e+01 -8.737929e+00
-9.339359e+00 7.377843e+00
-5.594446e+00 -9.317531e+00
-8.374993e+00 -4.722351e+00
-9.256883e+00 9.220943e+00
-7.116202e+00 1.017076e+01
-1.083833e+01 -6.568712e+00
-7.597172e+00 -8.295578e-01
-1.047409e+01 4.309263e+00
-9.491714e+00 1.707714e+00
8.866922e+00 -1.297116e+00
-6.002343e+00 3.818382e+00
8.557325e+00 -2.281848e+00
-9.006162e+00 2.643338e+00
1.042544e+01 8.174566e-01
8.116952e+00 3.846857e+00
3.274203e+00 3.327529e+00
-4.456945e+00 4.562148e+00
-8.980029e+00 1.069292e+01
-4.737794e-01 6.469820e+00
-4.816128e+00 5.525528e+00
-1.158347e+00 7.964604e+00
8.385336e+00 -5.654060e+00
2.630174e+00 1.040392e+01
-9.542807e+00 -5.425473e+00
-5.853222e+00 -7.613242e+00
-8.192497e+00 3.332732e+00
-8.150495e+00 -2.506985e+00
-5.957875e+00 -4.583493e+00
-6.303957e+00 -2.322930e+00
6.105323e+00 -1.756905e+00
-7.303594e+00 -1.837567e+00
-3.774619e+00 5.856850e+00
7.460315e+00 2.144970e-02
1.287014e+00 -3.352059e+00
6.482108e+00 5.030813e+00
-1.089329e+01 8.832694e+00
1.579986e+00 2.883421e+00
-6.209022e+00 2.730357e+00
-3.072991e+00 6.659723e+00
-7.333762e+00 6.492804e+00
-8.893811e+00 -8.638966e+00
8.610950e-01 1.106749e+01
-8.022620e+00 -9.522961e+00
-2.088905e+00 9.972312e+00
1.070603e+01 -7.396962e+00
-9.363231e+00 -4.350804e+00
1.001276e+01 -4.573664e+00
-6.417263e+00 -6.721619e+00
-6.739219e+00 4.671094e+00
-9.187356e+00 -3.365436e+00
6.264826e+00 -8.922380e+00
-8.767354e+00 -6.927376e+00
-6.478313e+00 -4.158742e-01
-4.526210e+00 6.627919e+00
-1.871699e+00 4.717129e+00
8.597542e+00 5.737605e+00
2.292545e+00 6.465106e-02
5.690318e+00 1.718553e+00
-1.062412e+01 -5.420071e+00
9.752750e-01 8.236095e+00
9.523973e+00 -5.562950e+00
-7.452565e+00 7.650569e+00
2.148522e-01 -9.330326e+00
-3.006526e+00 1.057429e+01
-4.167785e+00 -2.953747e+00
-5.014230e+00 -1.078592e+01
-1.027863e+01 -3.448559e+00
5.314610e-01 -7.248441e+00
1.098673e+01 -3.316980e-01
-6.036114e+00 -1.034502e+01
-4.525926e+00 -1.947057e+00
-8.607707e+00 9.167896e-01
-6.911134e+00 1.302766e+00
-5.229702e+00 2.393083e+00
-4.124373e+00 1.763012e+00
7.561868e+00 4.999759e+00
8.997211e+00 3.358242e+00
-3.804276e+00 7.501571e+00
-7.634651e+00 9.021983e+00
8.874303e+00 4.693123e+00
-9.228891e+00 5.987458e+00
-2.637324e+00 5.607202e+00
-4.430764e-01 8.791489e+00
-4.359560e+00 -9.734250e+00
-7.421277e+00 -6.604004e+00
1.687131e-01 -5.158176e+00
-2.502795e+00 -8.026346e+00
-4.531049e+00 -7.301453e+00
-3.684023e+00 -6.277954e+00
-7.296335e+00 2.274329e+00
-3.904988e+00 3.327652e+00
-2.706058e+00 -6.735776e+00
-1.254818e+00 -2.254064e+00
-8.840611e+00 4.987422e+00
1.023975e+01 3.075218e+00
2.074012e-01 5.631653e+00
4.785708e+00 8.102485e+00
-2.580058e+00 3.755464e+00
1.109751e+01 6.445919e+00
-1.379513e+00 3.814801e+00
-1.621845e+00 5.845811e+00
-5.585747e+00 6.296410e+00
2.169369e+00 8.074615e+00
-3.707915e+00 9.532301e+00
-6.584844e+00 1.101383e+01
-7.068955e+00 -1.032489e+01
-1.942835e+00 1.103972e+01
-5.078357e+00 -3.984417e+00
-4.062751e+00 -4.149696e+00
-6.370596e+00 -8.504578e+00
-3.408014e+00 -1.064506e+00
-1.558392e+00 -3.491096e+00
1.891751e+00 -5.159681e+00
9.991100e+00 5.173147e+00
5.757927e-01 -4.179141e+00
-1.908433e+00 2.776138e+00
-2.031623e-01 1.223196e+00
-4.020540e+00 -5.275372e+00
-2.397447e+00 7.491277e+00
-1.584527e+00 6.877033e+00
-5.298898e+00 -3.758857e-01
-1.799522e+00 8.749015e+00
-4.926498e+00 9.387206e+00
-8.713141e-01 9.901988e+00
-5.323613e+00 -6.579065e+00
-9.609416e+00 6.317544e-01
-5.322060e+00 -2.827650e+00
-3.009984e+00 -1.068857e+01
-6.965860e+00 -4.437363e+00
-5.059132e+00 -5.365162e+00
-1.835642e+00 -8.864869e+00
4.350705e-02 -1.043257e+01
2.343347e+00 -7.256793e+00
-5.389204e-01 -7.024909e+00
-3.172866e+00 9.346796e-01
-9.963741e+00 5.339263e+00
-3.404955e+00 4.466359e+00
1.326550e+00 6.163398e+00
-6.885808e+00 -7.661011e+00
4.264611e+00 7.188273e+00
-5.453938e+00 -1.355202e+00
-5.123274e+00 -8.365804e+00
-3.178848e+00 8.292940e+00
4.690611e-01 -8.328446e+00
-5.581228e+00 1.044682e+01
-6.661319e+00 -9.444738e+00
-1.458897e+00 -1.036921e+01
-5.398219e-01 -8.277372e+00
-7.433559e+00 -8.697626e+00
-4.135085e+00 -8.255787e+00
-7.698815e+00 4.250614e+00
-7.056887e+00 3.430371e+00
-3.336118e+00 -2.272448e+00
-7.607122e+00 5.501527e+00
-5.839898e+00 1.561096e+00
4.252124e+00 5.141652e+00
-1.019041e+01 6.613070e+00
-3.541431e+00 -3.048381e-02
4.707540e+00 9.391028e+00
4.854954e+00 6.301238e+00
9.637992e+00 -7.400911e+00
3.653311e+00 -1.019910e+01
2.075767e+00 -1.110643e+01
5.510292e+00 7.285118e+00
-6.101086e+00 -5.611892e+00
1.585653e+00 9.003005e+00
8.025725e+00 9.625749e+00
1.615955e+00 1.025682e+01
2.248515e+00 -8.417263e+00
5.746587e+00 -6.104583e+00
-4.374536e+00 -8.827541e-01
1.684753e+00 8.591020e-01
-9.021815e-01 -4.974376e+00
1.547773e+00 7.157322e+00
-5.533808e+00 5.965715e-01
-6.391525e-01 4.573745e+00
-2.164826e+00 7.925569e-01
3.255186e+00 5.389661e+00
5.078390e-01 6.855179e+00
5.848188e+00 8.368869e+00
-3.203210e+00 2.394067e+00
-9.332830e-01 -9.434578e+00
-6.694908e+00 8.685835e+00
7.255002e+00 -9.015911e+00
-2.403244e+00 -9.899706e+00
3.595034e+00 -6.029020e+00
1.396012e+00 -6.361668e+00
3.596311e+00 -8.095221e+00
-2.551206e+00 -3.052027e+00
5.896645e+00 -4.009238e+00
3.024260e+00 1.082792e+00
-4.899684e+00 3.536641e+00
-1.429854e+00 -3.679512e-01
-1.322050e+00 1.766606e+00
-3.618369e-02 7.785755e+00
-7.193667e-01 -1.280175e+00
4.670374e+00 2.083676e+00
3.612124e+00 4.288487e+00
2.308624e+00 -1.003559e+01
4.322127e+00 -8.802374e+00
2.710091e+00 9.021540e+00
3.704822e+00 6.287604e+00
1.076040e+00 -1.018094e+01
2.275059e-01 1.015558e+01
3.274009e+00 7.596090e+00
-7.815777e-01 1.111169e+01
-3.114757e+00 -3.880089e+00
5.732700e+00 -1.092605e+01
6.170503e+00 -7.471384e+00
-8.193497e+00 1.836194e+00
-7.495988e+00 3.636455e-01
1.411375e-01 -6.299345e+00
-2.090364e+00 -1.676047e+00
2.474374e+00 4.739397e+00
5.937789e+00 3.907246e+00
4.472378e-01 4.577865e+00
-4.310396e+00 6.582706e-01
3.498802e+00 -7.077598e+00
6.575313e+00 -9.961723e+00
9.372733e+00 8.155265e+00
3.670148e+00 1.101911e+01
8.011982e+00 6.592879e+00
3.269642e+00 -9.205772e+00
-1.461857e+00 -7.959816e+00
-2.746352e+00 9.208748e+00
6.901391e+00 8.237485e+00
6.257067e+00 -5.004363e+00
7.717416e+00 -4.479785e+00
4.701304e+00 -6.020553e+00
3.808701e+00 -4.136306e+00
-3.503062e+00 -7.432665e+00
-2.003524e+00 -5.497965e+00
-6.389866e-01 2.574974e+00
7.481632e+00 -1.783282e+00
4.680485e+00 4.145837e+00
5.970714e+00 6.255842e+00
4.317328e+00 3.204531e+00
6.833645e+00 7.109825e+00
3.722564e+00 9.871767e+00
6.972646e+00 1.009174e+01
9.106526e+00 9.244831e+00
7.314595e+00 -7.857390e+00
4.357869e+00 -1.211354e-01
5.408720e+00 -9.517772e+00
5.848148e-01 9.124298e+00
7.738379e+00 7.645818e+00
-3.964247e+00 -1.109156e+01
1.580318e+00 -9.251155e+00
5.363309e+00 -8.377771e+00
3.268381e+00 -2.039668e+00
3.041572e+00 -5.094583e+00
-2.476044e+00 -5.353491e-01
2.383053e+00 -2.674288e+00
2.265706e+00 5.718533e+00
8.866729e-01 3.708283e+00
1.447891e+00 5.086609e+00
-2.417726e+00 1.786717e+00
9.486648e+00 1.034552e+01
7.927127e-01 -2.283022e+00
3.428966e+00 2.241445e+00
9.206863e+00 6.839220e+00
5.619842e+00 1.029513e+01
8.310435e+00 -8.632734e+00
1.451514e+00 -7.743059e+00
4.426560e+00 -2.283015e+00
5.539265e+00 -2.815961e+00
5.014418e+00 -1.352969e+00
7.394768e+00 -1.093812e+01
5.101632e+00 -7.362265e+00
3.321607e+00 1.781862e-02
-1.593796e+00 -6.991868e+00
-2.015183e+00 -4.468032e+00
2.544093e+00 -4.123701e+00
8.569840e+00 1.556229e+00
9.569873e+00 -1.081049e+01
5.372828e+00 5.276748e+00
-9.969948e+00 8.129027e+00
-9.383070e+00 -9.578963e+00
1.039180e+01 9.513714e+00
1.055265e+01 8.357609e+00
4.655318e+00 -1.051020e+01
8.857005e+00 -9.480266e+00
7.687612e+00 -9.921017e+00
-1.022681e+01 -1.012751e+01
8.399652e+00 1.061647e+01
1.066944e+01 -5.339334e+00
-1.104194e+01 -4.173839e+00
-5.504266e+00 8.486101e+00
7.909952e+00 -6.550020e+00
6.281194e-01 5.944071e-01
-3.436482e+00 -9.359349e+00
6.785428e+00 1.732562e+00
4.471765e-01 2.734784e+00
2.310711e+00 2.071281e+00
1.177070e+00 1.787468e+00
5.450307e+00 3.041373e+00
4.700084e+00 1.075793e+01
2.594329e+00 6.858149e+00
-8.212516e+00 -1.061448e+01
-1.115617e+01 1.011863e+01
3.374783e+00 -3.132864e+00
9.419431e+00 -8.466129e+00
-9.763069e+00 -6.366191e+00
6.917137e+00 -2.670832e+00
6.459881e+00 9.156103e+00
-7.497868e+00 -5.336722e+00
9.790560e+00 -2.287620e+00
7.888396e+00 -3.203053e+00
4.168035e+00 -5.126800e+00
-4.039608e-01 -3.822020e+00
5.806638e+00 -7.776287e-01
-3.627068e-01 -1.848318e-01
5.059405e+00 -4.603973e+00
5.664181e-01 -1.023453e+00
-3.534439e-01 3.535311e+00
1.014860e+01 6.207577e+00
-1.100183e+01 7.616028e+00
8.615110e+00 -1.048331e+01
6.451092e+00 6.486407e-01
-1.001940e+01 1.099914e+01
-1.098999e+01 1.115895e+01
8.515625e+00 -7.547647e+00
6.823285e+00 -6.677026e+00
8.938540e+00 -4.558548e+00
1.103526e+01 -9.555148e+00
-1.071679e+01 -1.098653e+00
5.231413e+00 6.081716e-01
-9.224737e+00 -2.375905e+00
-2.933546e+00 -5.052334e+00
-9.516986e-01 -6.056283e+00
1.518080e+00 -1.384179e+00
3.818641e+00 -1.117932e+00
2.504673e+00 -6.042939e+00
6.484784e+00 2.747426e+00
4.203676e+00 9.514097e-01
7.128900e+00 3.579948e+00
3.779161e+00 8.673299e+00
2.704011e+00 -9.864010e-01
7.668844e+00 1.081272e+00
-8.449621e+00 6.921325e+00
8.840338e+00 -3.468980e+00
9.874279e+00 -9.535315e+00
8.149806e+00 8.605680e+00
9.074472e+00 -6.488320e+00
-4.416808e+00 8.465684e+00
7.245048e+00 -5.458409e+00
-1.082063e+01 7.550459e-01
-1.002529e+01 3.086148e+00
9.961173e+00 -3.355769e+00
1.178221e+00 -2.100014e-01
-1.045890e+01 -2.462361e+00
1.000909e+01 -1.052430e+00
1.085130e+01 -1.837391e+00
9.444335e+00 2.398817e+00
2.233378e+00 3.713292e+00
-1.889120e-01 -2.742144e+00
-9.316656e+00 -1.064815e+01
-1.112094e+01 5.398606e+00
-8.104379e+00 -7.774176e+00
-1.006360e+01 9.872721e+00
-6.322310e+00 7.534098e+00
