8.914942e+00 -9.245918e+00
-7.488117e+00 7.833686e+00
1.073307e+01 8.030432e+00
-7.458478e-01 -8.181426e-01
-4.655500e+00 4.014025e+00
-1.105612e+01 9.889340e+00
7.326250e+00 1.485657e+00
6.095195e+00 4.159009e+00
5.945860e+00 -2.312410e+00
8.771758e+00 -2.006314e+00
-5.808895e+00 6.842878e+00
7.938239e+00 5.592198e+00
-7.369915e+00 -4.597257e+00
6.839408e+00 6.167873e+00
-6.120900e+00 2.130745e+00
4.181799e+00 9.953432e+00
-4.197094e+00 -5.395413e+00
1.070211e+01 -9.131273e+00
9.549872e+00 -1.111194e+01
9.667824e+00 7.407472e+00
4.442954e+00 -5.510537e+00
7.930741e+00 -4.854940e+00
2.832129e-01 -4.725803e+00
-2.089456e+00 -4.095466e-01
6.394864e+00 8.909716e-01
1.006535e+01 5.232855e+00
-4.225078e+00 -1.078380e+00
-4.257403e+00 8.758337e+00
-9.273239e+00 -3.356154e+00
-7.199141e+00 4.034008e+00
2.873878e-01 -8.602384e+00
5.080237e+00 3.098524e+00
-6.489299e+00 -2.044128e+00
1.103604e+01 -3.816564e+00
-2.039997e+00 5.593724e+00
-5.162780e+00 -9.736076e+00
-9.414945e+00 -1.101008e+01
8.602202e+00 7.646763e+00
-1.012309e+01 -7.862420e+00
-9.253014e+00 1.324360e+00
6.429678e+00 -1.033179e+01
7.818088e+00 -1.438115e+00
1.064070e+01 -1.097582e+01
6.150566e+00 3.014007e+00
-9.160732e+00 -4.718835e+00
7.925818e+00 -9.145953e+00
-2.371471e+00 -5.043742e+00
-6.375592e+00 -5.929471e+00
9.313411e+00 -5.298148e+00
1.018553e+01 -3.143781e+00
2.726140e+00 -1.616025e+00
2.845085e+00 5.143827e+00
-1.058639e+01 -3.542524e-01
-1.034329e+01 2.228875e+00
-9.600751e+00 3.833505e-01
-6.346222e+00 2.926524e-01
4.581277e-01 6.828028e+00
-4.445527e+00 -2.492186e+00
-8.941897e+00 4.976265e+00
-1.504272e+00 6.851567e+00
9.770355e-01 -7.159886e+00
5.093633e+00 -8.492520e+00
7.729011e+00 -7.976101e+00
3.848328e-02 1.100449e+01
-5.913519e+00 -8.767125e-01
1.244541e+00 -5.159155e+00
8.886333e+00 -4.157810e+00
-2.624845e+00 1.344509e+00
-8.374249e+00 1.079894e+01
5.058783e+00 -3.263751e+00
1.963932e+00 -9.236310e+00
-1.030220e+01 1.137100e+00
-8.586406e-01 5.991988e+00
2.079030e+00 5.961834e+00
-2.736029e+00 6.459057e+00
3.049035e+00 8.088434e+00
-7.437284e+00 -6.108353e+00
-1.678214e+00 1.783758e+00
6.747557e+00 -2.987278e+00
1.114026e+01 -4.849087e+00
2.098814e+00 -7.484219e+00
-6.115387e+00 -7.988104e+00
5.370286e+00 1.004141e+01
-1.977194e+00 1.059441e+01
4.274504e+00 -6.583479e+00
2.762444e+00 1.969343e+00
7.782951e+00 -1.112774e+01
-1.050767e+01 3.279734e+00
-9.083977e-01 -4.982399e+00
2.322839e+00 -5.355160e+00
-3.573912e+00 1.960148e+00
2.121822e-01 -1.152463e+00
1.324157e+00 2.437083e+00
3.653524e+00 6.987158e+00
9.965757e+00 4.144849e+00
2.774206e+00 8.150713e-01
4.055876e+00 -1.029257e+01
-4.898763e-01 3.680002e+00
1.114990e+01 1.625221e+00
-9.109466e+00 -8.901069e+00
5.901581e+00 5.543829e+00
3.283105e+00 1.110289e+01
-9.486030e+00 -7.015576e+00
9.865123e+00 -9.759287e+00
-2.891777e+00 -7.654483e+00
-7.297280e+00 6.110297e+00
-9.144849e-01 -1.081906e+01
9.028833e+00 5.187762e+00
-3.859112e+00 -3.903993e+00
-8.112712e+00 -8.664006e+00
-8.228670e+00 -3.812595e+00
-8.359955e+00 -2.771140e+00
6.911146e+00 -1.969789e+00
6.810908e+00 1.096019e+01
-1.064481e+01 7.718038e+00
-8.509509e+00 9.768325e+00
-4.985166e+00 -1.126430e-01
-4.471639e+00 1.102378e+01
7.219705e+00 2.632143e+00
-9.638157e+00 8.048334e+00
1.010133e+00 4.242143e+00
2.867792e+00 1.011274e+01
-8.434583e+00 5.988849e+00
-8.621322e+00 8.045795e+00
3.508287e+00 -1.094959e-01
1.029137e+01 -1.833769e+00
-5.858146e+00 -6.806845e+00
-7.452767e+00 9.892862e+00
-8.341517e-01 1.575570e-01
-1.103002e+01 -5.917127e+00
7.909856e+00 -3.838211e+00
-5.600359e+00 8.885077e+00
-9.454757e+00 9.171986e+00
-1.117732e+01 -1.269300e+00
-4.941345e-01 -6.036576e+00
4.596221e+00 -9.403464e+00
-3.392873e+00 -2.959194e+00
8.186167e+00 2.181747e+00
2.571699e+00 6.960079e+00
-1.216294e+00 2.846663e+00
-4.382549e+00 5.469145e+00
-1.249929e-01 -7.022451e+00
1.050634e+01 9.256007e+00
-8.019977e+00 -7.905524e-01
9.095731e+00 -3.113618e+00
-7.211687e+00 2.483215e+00
-8.451031e+00 2.209457e+00
-4.194941e+00 -1.002015e+01
5.876159e+00 1.886486e+00
-6.258107e+00 -4.845726e+00
1.671920e+00 3.411692e+00
-1.037137e+01 -3.324890e+00
-5.752599e+00 5.789919e+00
-6.250648e+00 -9.296172e+00
4.877505e+00 5.956004e+00
7.832460e+00 -1.014635e+01
-5.280061e+00 1.015597e+01
-4.144417e+00 9.931328e+00
1.091476e+01 6.975422e+00
-2.218580e-01 2.317438e+00
4.038599e+00 2.628583e+00
-7.007672e+00 -9.918384e-01
-1.139402e+00 -6.970761e+00
-4.931096e+00 -4.609204e+00
7.998319e+00 4.525507e+00
8.472274e+00 -4.083063e-01
-1.741803e+00 -1.653200e+00
1.038300e+01 -5.542556e+00
4.717290e+00 9.073513e+00
-7.823604e+00 3.194799e+00
-3.815877e+00 4.648801e+00
9.581091e-01 -9.394605e+00
-7.971450e-01 1.004395e+01
7.866805e+00 6.625875e+00
3.543748e+00 8.940227e+00
-8.195706e+00 -5.236277e+00
9.192978e+00 1.846229e+00
1.256963e+00 -1.049855e+01
-5.362369e-01 -9.484143e+00
-5.085211e-01 -2.069195e+00
-3.226372e+00 9.430499e+00
3.835078e+00 1.473552e+00
-3.528041e+00 -1.093437e+01
-3.829079e+00 6.331990e+00
1.976272e+00 7.896175e+00
1.106571e+01 5.904043e+00
-2.140537e+00 -6.770287e+00
-4.709238e+00 -6.837147e+00
-6.848159e+00 6.990613e+00
-2.519682e+00 2.354599e+00
-9.998686e+00 -1.891101e+00
-2.814305e+00 -6.001130e+00
4.144469e+00 8.046821e+00
-6.425247e+00 3.327053e+00
-5.083554e+00 -1.620514e+00
-9.853168e+00 1.040493e+01
5.445469e-01 3.201694e+00
1.740483e+00 1.445331e+00
-3.236316e+00 3.568860e+00
3.212060e+00 -6.328989e+00
7.823905e+00 -2.726869e+00
5.679240e-01 -6.069329e+00
7.153376e+00 -5.456660e+00
4.875131e+00 -4.437851e+00
-4.305305e+00 2.854930e+00
1.009506e+01 1.105436e+00
3.870622e+00 -3.292429e+00
-4.094224e+00 -7.787778e+00
4.389476e+00 1.104045e+01
-9.581085e+00 -8.220570e-01
2.086205e+00 -3.006064e+00
-1.944285e+00 -3.207954e+00
-2.471977e+00 -1.073382e+01
1.588782e+00 6.853685e+00
1.740306e+00 -1.796161e+00
5.599463e+00 -1.239677e+00
8.355141e+00 -5.975513e+00
-9.503939e+00 3.961245e+00
2.188295e+00 1.100476e+01
6.156710e+00 8.712683e+00
3.083106e+00 -2.597252e+00
-5.453828e+00 -1.090284e+01
-7.781968e+00 4.955124e+00
-5.314689e+00 3.098496e+00
-6.090811e-01 1.335857e+00
-5.261407e+00 1.094755e+00
-1.496938e+00 -4.077392e+00
-7.843864e+00 8.783423e+00
-2.592726e+00 -3.992494e+00
2.622970e+00 -8.375094e+00
-8.898850e+00 -1.478882e+00
1.044886e+01 -3.181111e-01
-2.196919e+00 7.571708e+00
-2.827588e+00 4.523242e+00
3.968009e+00 3.796870e+00
1.101769e+01 4.772584e+00
6.968893e+00 -8.748299e+00
-3.111216e+00 1.035281e+01
2.820911e-01 -4.367433e-03
-2.467454e+00 -8.737048e+00
-1.587370e-01 4.634121e+00
-5.209094e+00 -8.621706e+00
-1.231340e+00 4.700435e+00
5.885814e+00 -9.215975e+00
-3.838554e+00 -7.739676e-02
4.817051e+00 1.841336e+00
6.357387e+00 -7.879602e+00
-8.384466e+00 4.079743e+00
3.002945e+00 3.360155e+00
9.546950e+00 -6.484406e+00
-2.867945e+00 2.972857e-01
-1.606728e+00 -5.914043e+00
3.090913e+00 -9.372451e+00
5.380838e+00 -6.151118e+00
1.707185e-01 -3.022084e+00
-5.343581e-01 7.228949e+00
-9.164660e-01 -2.981231e+00
9.852669e+00 -8.598566e+00
7.154265e+00 3.827106e+00
5.815861e+00 -4.019512e+00
-5.253700e+00 -5.807194e+00
8.861593e+00 -1.032937e+01
-5.713121e+00 -2.819153e+00
-2.996412e+00 -9.690446e+00
6.236161e+00 7.601789e+00
-4.208468e+00 1.044228e+00
8.760761e+00 1.062024e+01
4.964717e+00 -2.229208e+00
9.631921e+00 -7.488496e+00
2.544487e+00 -4.007188e+00
-3.704334e+00 -6.633067e+00
9.487530e+00 -8.342757e-01
1.167781e+00 -4.093947e+00
-1.664974e+00 -1.012094e+01
3.127910e+00 -7.442497e+00
6.667644e+00 9.772285e+00
7.348572e+00 8.808768e+00
8.542959e-01 7.807310e+00
4.313615e+00 -7.625634e+00
-1.842810e+00 9.508425e+00
7.423710e+00 -6.884451e+00
1.273411e+00 4.533270e-01
3.506132e+00 -4.911904e+00
-4.769974e+00 6.700523e+00
-7.690186e+00 -1.737717e+00
-6.725571e+00 1.224213e+00
-3.111263e+00 -7.757447e-01
3.802683e-01 9.899606e+00
8.533624e+00 9.972225e-01
2.160009e+00 -2.929872e-01
-1.770148e+00 -7.873329e+00
-3.577178e+00 -1.860382e+00
7.671679e+00 9.979342e+00
-9.511530e+00 5.888021e+00
-1.468347e+00 -8.925024e+00
1.114114e+01 4.761201e-01
1.006340e+01 6.381870e+00
-4.874789e+00 -3.423124e+00
-4.861571e+00 7.786797e+00
-7.796209e+00 1.364707e+00
-7.281410e+00 1.092185e+01
8.641586e+00 -7.055368e+00
6.455209e+00 -1.778675e-01
-7.205101e-01 -8.014745e+00
-3.381534e+00 -4.834368e+00
8.502119e+00 3.508788e+00
-1.112007e+01 -1.007354e+01
1.002195e+01 -4.349903e+00
-1.022825e+01 6.615896e+00
-1.708793e+00 7.805977e-01
-7.493504e+00 -9.582900e+00
8.376086e-01 -2.173790e+00
-1.014210e+01 4.999451e+00
-5.493167e+00 4.768721e+00
5.317348e+00 8.052455e+00
-6.223795e+00 9.753175e+00
-1.002064e+01 -1.003519e+01
-7.101849e+00 -8.286269e+00
-7.584498e-01 8.860378e+00
9.502976e+00 2.627277e-01
-8.399876e+00 -6.905153e+00
-3.128333e+00 5.557233e+00
6.390255e+00 -6.374041e+00
-7.780528e+00 -1.055024e+01
9.235168e+00 9.583562e+00
5.315706e+00 -1.398276e-01
3.836371e+00 5.908332e+00
4.780303e+00 7.156278e+00
9.402781e+00 2.891694e+00
2.530613e+00 9.043122e+00
3.797900e+00 -8.576515e+00
-3.535965e+00 7.342957e+00
1.136615e+00 -6.713989e-01
5.379035e+00 -1.033616e+01
1.117831e+01 -2.465166e+00
4.356778e+00 5.174608e-01
-3.910025e+00 -8.806353e+00
-2.225260e+00 8.562498e+00
-7.959514e+00 6.887424e+00
-6.279965e+00 7.910176e+00
3.101526e-01 8.656355e+00
-1.020294e+01 -4.404767e+00
5.331369e+00 1.019527e+00
-1.241219e+00 7.915571e+00
-1.052948e+01 -1.111609e+01
-8.556357e+00 -9.842726e+00
1.014162e+01 1.033826e+01
5.030343e+00 4.567653e+00
1.469728e+00 8.842690e+00
-7.257490e+00 -3.448280e+00
1.882985e-01 5.766039e+00
6.053910e+00 -5.308291e+00
-6.330597e+00 1.083388e+01
-6.838285e+00 8.782268e+00
5.691416e+00 1.098465e+01
7.338473e+00 7.565163e+00
-1.050758e+01 -8.925112e+00
8.519915e+00 8.727332e+00
4.095068e+00 4.914984e+00
9.658129e+00 8.516204e+00
1.053051e+00 1.089004e+01
9.040569e+00 6.542321e+00
1.867281e+00 9.808982e+00
-1.008513e+01 -5.490412e+00
-8.758822e+00 -7.841395e+00
-7.414389e+00 3.088475e-01
-1.068362e+01 -6.833873e+00
-6.542100e+00 -1.039289e+01
8.866962e+00 -8.192293e+00
7.566115e+00 3.877035e-01
4.603868e+00 -1.013915e+00
1.043344e+01 -6.944224e+00
-1.071473e+01 8.825787e+00
5.745684e+00 6.597372e+00
-4.935650e+00 2.095192e+00
-3.266333e+00 8.358189e+00
2.269575e+00 4.206692e+00
-7.086451e+00 -7.136975e+00
1.080393e+01 3.703879e+00
-4.501498e-01 -3.909263e+00
1.288621e+00 -8.344924e+00
6.728851e+00 5.006873e+00
1.357323e-01 -1.029024e+01
-1.970020e+00 3.613843e+00
2.285305e+00 -1.025115e+01
-9.039174e+00 6.964462e+00
5.035704e-01 1.448315e+00
1.105900e+01 -7.890470e+00
-2.556773e+00 -2.248924e+00
-5.955606e+00 -3.847791e+00
1.527478e+00 5.131480e+00
6.870778e+00 -4.339848e+00
1.046291e+01 2.454029e+00
5.328621e+00 -7.416921e+00
2.236742e+00 -6.379395e+00
-9.019075e+00 -6.116055e+00
-9.369368e+00 2.816803e+00
3.854185e+00 -1.790288e+00
-8.552722e+00 1.166384e-01
-6.661020e+00 5.189685e+00
