-8.222082e+00 -9.406730e+00
-1.098214e+01 1.005169e+01
-1.073606e+01 1.104980e+01
-9.102738e+00 -8.895982e+00
9.779196e+00 -5.184445e+00
-9.770041e+00 -5.657422e+00
1.092903e+01 -5.097884e+00
9.301236e+00 -2.408241e+00
6.797365e+00 -4.650539e+00
8.544696e+00 -8.256347e-02
6.015791e+00 5.375800e+00
9.809858e+00 6.183015e+00
1.040292e+01 -4.538208e-01
5.089152e+00 6.159878e+00
-9.005294e+00 9.438385e+00
9.239655e+00 4.806781e+00
-9.783847e+00 3.375654e+00
-5.330598e+00 7.447590e+00
1.009397e+01 9.424172e+00
-7.874371e+00 1.085241e+01
-9.945661e+00 -7.863089e+00
-5.053363e+00 -9.291748e+00
-1.054126e+01 -1.011534e+01
-1.081242e+01 -5.994370e+00
-1.082380e+01 -7.142251e+00
-1.053724e+01 -3.020489e+00
-7.715485e+00 -6.868998e-01
1.005420e+01 -3.928035e+00
8.876911e+00 -3.299202e+00
1.089373e+01 5.962690e-01
-1.109536e+01 -2.010457e+00
8.300595e+00 -1.103882e+00
-9.680182e+00 -6.207289e-01
1.047789e+01 3.182019e+00
7.356926e+00 1.759851e+00
5.987612e+00 8.259007e+00
-1.041560e+01 9.186371e+00
-5.859647e+00 9.667271e+00
-9.848218e+00 1.019223e+01
-1.084251e+01 6.753683e+00
-6.753346e+00 -7.583943e+00
-5.743397e+00 -8.295068e+00
9.990997e+00 -1.086717e+01
-7.053680e+00 -1.083664e+01
-9.843064e+00 -6.786174e+00
-6.640024e+00 -4.063244e-01
-9.625379e+00 -2.689529e+00
-7.239126e+00 -3.386462e+00
4.796251e+00 -1.639606e+00
-9.641142e+00 3.964269e-01
1.045533e+01 -2.871935e+00
-8.626766e+00 3.918057e-01
-1.101734e+01 -9.682734e-01
1.081806e+01 5.976746e+00
9.676663e+00 3.799532e-01
-6.686512e+00 6.272577e+00
-9.752481e+00 5.161554e+00
-2.242454e+00 5.245208e+00
-7.556658e+00 5.717448e+00
-5.780679e+00 5.673941e+00
-4.797700e+00 -1.028124e+01
-3.672908e+00 -9.680850e+00
-7.671486e+00 -8.082838e+00
-7.852258e+00 -6.946318e+00
-1.011522e+01 -1.611239e+00
-8.795051e+00 -5.081304e+00
-7.427985e+00 -5.781673e+00
-8.871774e+00 -3.343452e+00
6.418728e+00 -6.892010e+00
-7.351145e+00 7.302187e-01
-9.350115e+00 1.408376e+00
9.626933e+00 3.799816e+00
6.242382e+00 1.226077e+00
8.781698e+00 5.718829e+00
-1.087894e+01 5.049426e+00
8.374496e+00 2.069643e+00
-8.217713e+00 1.657529e+00
-4.258050e+00 7.187582e+00
-8.716266e+00 7.382852e+00
-7.857552e+00 9.432774e+00
-4.784084e+00 8.977490e+00
-8.146239e+00 -1.047019e+01
-6.233858e+00 -9.659942e+00
-4.656188e+00 -7.278263e+00
-8.839097e+00 -6.192493e+00
-1.041099e+01 -4.758323e+00
-6.230585e+00 -3.631145e+00
-6.894832e+00 -1.542175e+00
-1.115603e+01 -8.367724e+00
1.671433e-01 -5.873538e+00
-7.957593e+00 -4.205806e+00
-3.228400e+00 1.722229e+00
-6.991023e+00 1.887318e+00
-7.665438e+00 2.907387e+00
-1.016306e+01 2.393145e+00
8.948517e+00 1.178059e+00
-1.085889e+01 3.257376e+00
-8.852562e+00 1.045074e+01
-3.227647e+00 7.424398e+00
-4.418038e+00 1.109375e+01
-5.911711e+00 8.632376e+00
-2.424654e+00 -9.644168e+00
-5.877152e+00 -1.065124e+01
-4.662959e+00 -1.953001e+00
-2.562464e+00 -5.567415e+00
-8.015387e+00 -2.403467e+00
2.670256e+00 -2.056288e+00
-9.685881e+00 -4.033924e+00
-4.669813e+00 -4.918054e+00
-6.455063e+00 -2.641159e+00
-5.575568e+00 -7.916571e-01
-6.591107e+00 2.837432e+00
-8.564554e+00 5.237958e+00
-6.944349e+00 3.825162e+00
-9.129679e+00 4.269399e+00
-1.054743e+01 -3.099617e-02
-7.887595e+00 6.688393e+00
-6.910366e+00 -8.829454e+00
-1.040522e+01 1.236183e+00
-8.858949e+00 6.296469e+00
-1.598225e+00 6.043813e+00
-6.836749e+00 4.931912e+00
-2.218398e-01 -8.507547e+00
-6.568661e+00 -6.474566e+00
-2.613072e+00 -4.265325e+00
-4.334874e+00 -2.995701e+00
-3.665491e+00 -1.519864e+00
-5.552299e+00 -5.722422e+00
-6.296860e+00 8.470637e-01
-5.121295e+00 1.828388e-01
-5.739160e+00 -1.812939e+00
-3.442190e+00 3.010294e+00
-4.990254e+00 2.700325e+00
1.110571e+01 1.951423e+00
-2.805658e+00 3.862164e+00
-3.718634e+00 6.121645e+00
-5.482527e+00 4.687181e+00
-9.816261e+00 7.237127e+00
-3.204092e+00 4.897419e+00
-4.285908e+00 4.934926e+00
-7.500954e+00 7.889635e+00
-1.848737e+00 9.021002e+00
-6.158815e+00 1.068485e+01
-3.709914e+00 -8.645392e+00
-3.216383e+00 -6.684197e+00
-3.560814e+00 -7.662162e+00
-5.373626e+00 -2.770230e+00
-5.823755e+00 -4.774886e+00
-1.653257e+00 -4.961008e+00
-2.531203e+00 -6.030030e-01
-6.030099e-01 2.296856e-01
-5.489021e-01 -4.594320e+00
-6.005405e+00 1.967089e+00
-2.393343e-01 3.130233e+00
-4.517282e+00 3.647373e+00
-1.819448e+00 1.309826e+00
-4.547244e+00 -7.908959e-01
-2.544635e+00 6.575083e+00
-6.498209e+00 7.564054e+00
-5.565292e-01 4.202180e+00
-4.815352e+00 1.006066e+01
-6.903135e+00 9.904169e+00
-3.717535e+00 9.464197e+00
-3.514170e+00 -5.165446e+00
-4.918321e+00 -3.946907e+00
-1.657983e+00 -1.130368e+00
8.521624e-01 -6.649720e+00
-6.851236e+00 -4.727970e+00
-1.689084e+00 -2.661282e+00
2.058056e+00 -6.775783e+00
2.874336e-01 -7.620381e+00
6.194599e-01 -3.049224e-01
-3.467617e+00 -2.466920e+00
-4.220506e+00 2.011188e+00
-8.968194e+00 2.486953e+00
-7.934436e+00 4.279468e+00
2.352099e-01 5.069701e+00
-2.408962e+00 -8.364260e+00
-2.048992e+00 7.632445e+00
-1.852204e+00 2.245656e-01
8.759510e-01 -8.643979e+00
-4.730286e+00 6.183622e+00
1.275416e+00 -7.604027e+00
-1.534089e+00 -9.119862e+00
-5.693993e+00 -7.088159e+00
-3.540094e+00 -3.757707e+00
2.613989e+00 -5.953283e+00
-4.690327e+00 -8.246004e+00
-1.608601e+00 -3.908121e+00
-5.045442e+00 1.320296e+00
-2.478326e+00 -1.974311e+00
-7.225530e-01 -3.288731e+00
-8.522862e+00 3.419966e+00
-4.036606e+00 8.094274e-01
3.885532e+00 4.302002e+00
-1.035763e+01 4.206093e+00
-1.338330e+00 3.338546e+00
-3.754253e-01 9.019058e+00
-8.722310e-01 5.219319e+00
-7.277384e+00 -9.847621e+00
-2.583068e+00 1.012249e+01
1.590955e+00 7.958139e+00
-9.786310e-01 8.113512e+00
-4.303262e+00 -6.318978e+00
-1.493010e+00 1.102531e+01
3.033432e+00 -9.152069e+00
-1.267420e+00 -8.000563e+00
4.412238e+00 -9.466744e+00
3.598519e+00 -7.209181e+00
-7.769402e-01 -2.164478e+00
6.168808e+00 -4.776608e-01
1.602774e+00 2.941386e-01
-1.186466e-01 6.171584e+00
-3.534417e+00 -3.232797e-01
-1.565169e+00 4.324264e+00
-2.335996e+00 2.718876e+00
-1.022225e+00 7.147361e+00
-4.096943e+00 8.290438e+00
2.519961e+00 9.844026e+00
1.707393e+00 4.154983e+00
-3.480990e+00 1.059623e+01
-1.401392e+00 -1.015986e+01
5.799897e+00 -1.112146e+01
-2.216278e+00 -7.309324e+00
1.503763e+00 -5.703648e+00
7.037867e-01 -4.772128e+00
2.136293e+00 -4.883337e+00
6.076293e-01 8.926051e-01
3.262452e+00 -3.006242e+00
6.806185e+00 3.858394e-01
-5.739068e+00 3.651920e+00
2.709511e-01 2.133881e+00
1.423512e+00 2.936937e+00
2.346856e+00 2.387206e+00
5.530377e-01 3.933423e+00
4.091131e+00 6.105041e+00
2.971412e+00 6.168360e+00
-1.440817e+00 1.000845e+01
-2.741854e-01 1.025204e+01
1.014690e+00 6.934081e+00
8.438084e-02 7.454332e+00
1.559933e+00 9.119687e+00
-2.202671e-01 -1.077740e+01
-3.089407e+00 8.565386e+00
-8.927303e-01 -5.643718e+00
-1.591545e+00 -6.469373e+00
3.613564e+00 -8.312335e+00
3.014307e+00 -4.416515e+00
-7.674628e-01 1.201766e+00
-2.882246e+00 6.288949e-01
3.679310e+00 -6.621118e-01
4.804080e+00 1.340193e+00
1.483727e+00 1.668074e+00
7.768219e+00 7.192609e+00
1.372544e+00 5.643016e+00
-1.325307e+00 2.303212e+00
2.753031e+00 1.658850e-01
6.014121e-01 9.488041e+00
4.867664e+00 8.031127e+00
6.317650e-01 1.089415e+01
2.881139e+00 7.211620e+00
1.951658e+00 -8.913310e+00
-2.523840e-01 -9.575789e+00
-3.455014e+00 -1.067191e+01
5.290294e+00 1.018504e+01
5.170880e+00 -3.465512e+00
4.445156e+00 -6.282797e+00
3.578932e+00 -5.506410e+00
2.541896e+00 -1.000958e+00
-2.722760e+00 -3.206331e+00
-4.832610e-01 -1.048067e+00
2.544988e+00 1.258220e+00
7.212106e+00 -1.514410e+00
4.861247e+00 3.916100e+00
3.365106e+00 8.989626e+00
2.915907e+00 4.191578e+00
2.041378e+00 6.554429e+00
4.472338e+00 8.942656e+00
2.212721e+00 -1.104221e+01
3.183925e+00 1.053156e+01
4.331867e+00 1.083927e+01
7.770819e+00 -4.116369e+00
4.645684e+00 -5.174831e+00
-2.371494e+00 -1.075750e+01
5.450156e-01 8.432065e+00
-6.384289e-01 -6.898723e+00
2.474572e+00 -1.001783e+01
4.650319e+00 -7.324129e+00
5.903562e+00 -5.354761e+00
4.447084e+00 -2.664183e+00
6.746545e-01 -1.314593e+00
5.134471e+00 -6.104466e-01
3.397429e+00 5.223421e+00
6.874306e+00 2.698638e+00
2.348150e+00 5.165200e+00
4.498188e+00 2.585009e+00
6.976235e+00 -1.115582e+01
5.680466e+00 2.046399e+00
6.598333e+00 6.676244e+00
6.822873e+00 9.046164e+00
3.984546e+00 9.826975e+00
7.172206e+00 -9.651257e+00
1.307405e+00 -1.011157e+01
4.112415e+00 -3.894810e+00
2.330491e+00 -7.966207e+00
8.901130e+00 -6.982566e+00
4.638383e+00 -8.460985e+00
5.649487e+00 -8.110943e+00
5.546758e+00 -6.295476e+00
1.468833e+00 -3.095765e+00
1.557014e+00 -6.977092e-01
5.415232e+00 3.686238e-01
7.479346e+00 -4.691708e-01
5.840971e+00 9.265216e+00
5.592744e+00 7.114343e+00
8.856778e+00 7.922705e+00
6.914429e+00 7.718901e+00
8.924593e+00 9.233728e+00
8.752104e+00 6.879468e+00
1.581777e+00 1.054806e+01
3.533205e+00 -1.032341e+01
4.795177e+00 -1.046427e+01
9.185628e+00 -8.998675e+00
7.848933e+00 -1.052860e+01
8.778810e+00 -9.961492e+00
9.138034e+00 -5.946988e+00
1.002133e+01 -9.770106e+00
8.146633e+00 -7.649687e+00
5.605282e+00 -2.484775e+00
3.030606e-01 -3.631523e+00
7.556624e+00 6.079566e+00
6.115449e+00 4.247628e+00
8.455276e+00 4.058117e+00
3.467359e+00 3.119533e+00
5.644487e+00 3.188054e+00
3.671412e+00 7.924280e+00
4.863374e+00 4.926991e+00
1.090767e+01 -1.057216e+01
7.978965e+00 8.482209e+00
7.071177e+00 -7.867856e+00
1.100574e+01 -9.412256e+00
-1.022275e+01 -8.921958e+00
5.469268e+00 -9.306888e+00
6.335568e+00 -1.021471e+01
-8.918654e+00 -7.613257e+00
6.090177e+00 -1.507216e+00
1.036483e+01 -7.373721e+00
5.431963e+00 -4.399486e+00
1.748991e+00 -1.660766e+00
8.122629e+00 -6.002565e+00
3.524512e+00 9.760284e-01
3.731968e+00 -1.820576e+00
9.927873e+00 1.647388e+00
3.394391e+00 2.026624e+00
9.932433e+00 8.364396e+00
1.087249e+01 7.623698e+00
6.621678e+00 1.012706e+01
9.809370e+00 7.285381e+00
7.887963e+00 1.058058e+01
8.693381e+00 -1.115372e+01
7.808970e+00 -8.876871e+00
8.680702e+00 -4.735566e+00
1.021619e+01 -8.634430e+00
-9.451636e+00 -1.102854e+01
1.026119e+01 -6.253294e+00
8.134080e+00 -2.245369e+00
7.446734e+00 -6.788244e+00
2.435454e+00 -3.560665e+00
5.033005e-01 -2.487754e+00
6.262268e+00 -3.624737e+00
7.328724e+00 -3.171322e+00
4.212615e+00 2.824466e-01
8.131897e+00 4.999692e+00
7.998559e+00 3.084380e+00
2.578989e+00 8.376144e+00
4.475368e+00 7.058041e+00
9.438477e+00 2.709632e+00
1.032739e+01 4.939911e+00
-1.049835e+01 8.004497e+00
6.479490e+00 -8.785621e+00
-9.354463e+00 -9.888398e+00
7.894969e+00 9.480341e+00
9.315373e+00 1.024646e+01
-8.380476e+00 8.404252e+00
9.145450e+00 -7.999864e+00
-8.927404e+00 -1.240858e+00
1.110988e+01 -3.839190e+00
7.005259e+00 -5.747010e+00
6.689519e+00 -2.388256e+00
7.816175e+00 6.768394e-01
9.322617e+00 -9.980483e-01
1.018496e+01 -1.589068e+00
-9.891425e+00 6.179678e+00
7.223213e+00 3.849089e+00
6.931425e+00 4.952952e+00
1.097118e+01 8.828235e+00
1.093739e+01 4.093529e+00
-9.515611e+00 8.441886e+00
1.032001e+01 1.039392e+01
-6.964453e+00 8.835351e+00
