-9.505346e+00 -1.109838e+01
-7.009021e+00 5.945442e+00
-6.905938e+00 8.273784e+00
-5.352940e+00 -8.265806e+00
1.102233e+01 1.733544e+00
-1.010314e+01 -4.521845e+00
6.438114e+00 1.766822e+00
-8.968040e+00 3.960776e+00
5.724239e+00 -5.068451e+00
7.501063e+00 8.734566e-01
7.265660e-01 7.385101e+00
7.910622e+00 1.850463e+00
8.000314e+00 -1.584629e-01
7.183405e+00 2.605526e+00
-6.616970e+00 1.915400e+00
4.050183e+00 5.627587e+00
-9.338551e+00 6.978555e-01
-9.614807e+00 1.002736e+01
-7.340147e+00 -9.043599e+00
-4.678086e+00 1.071085e+01
-9.863317e+00 -7.581999e+00
-7.031825e+00 -7.063833e+00
1.006756e+01 -5.409434e+00
1.009241e+01 -3.591241e-01
4.472807e+00 3.758414e-01
-1.057450e+01 2.570999e+00
-7.058334e+00 -3.107374e+00
9.733058e+00 -6.492286e+00
5.754007e+00 -1.748608e+00
-1.031375e+01 1.236821e+00
-5.928413e+00 4.496250e+00
4.873687e+00 -2.225983e+00
-8.397683e+00 1.638129e+00
1.010162e+01 3.982517e+00
-4.847502e-01 4.680329e+00
1.038534e+01 8.177813e+00
-9.228423e+00 -6.714744e+00
-2.433762e+00 -9.546698e+00
-6.660927e+00 -8.204634e+00
-7.153599e+00 6.959994e+00
-2.093158e+00 -7.799174e+00
-9.009362e+00 -5.145324e+00
-6.766665e+00 -9.983661e+00
-6.042519e+00 6.740077e+00
-1.084878e+01 -7.747387e+00
8.978389e+00 3.579416e+00
-1.112763e+01 4.661300e-01
1.089008e+01 -1.106367e+00
8.480226e+00 -2.071903e+00
-8.627845e+00 2.631278e+00
4.522632e+00 2.786878e+00
-6.580752e+00 -1.082509e+00
6.053531e+00 2.899353e+00
-1.086161e+01 5.814249e+00
3.705970e+00 3.570346e+00
-6.223921e+00 9.074338e-01
-7.996733e+00 8.139898e+00
-3.231523e+00 2.755542e+00
-6.108184e+00 2.974954e+00
-6.890814e+00 4.944006e+00
1.029911e+01 -8.683712e+00
7.936179e+00 -1.107378e+01
-1.049604e+01 -6.562409e+00
-4.227858e+00 -1.052909e+01
-8.770270e+00 -3.080597e-01
9.760987e+00 -1.251991e+00
-9.543733e+00 -2.759627e+00
-8.453344e+00 -2.817820e+00
1.077505e+01 -4.704665e+00
6.729592e+00 -8.854691e-01
-5.167206e+00 2.267240e+00
5.384139e+00 2.051333e+00
-7.554305e-01 -4.209326e+00
4.583271e-01 6.222476e+00
-7.614529e+00 9.267471e+00
2.885221e+00 4.257143e+00
-7.663137e+00 -2.158787e+00
-5.863645e+00 5.706579e+00
-6.563419e+00 1.113536e+01
-5.938318e+00 9.139625e+00
2.182704e+00 -1.068180e+01
-3.721754e+00 -9.603013e+00
-2.832273e+00 9.025471e+00
-8.409265e+00 -8.978168e+00
-9.200126e+00 -8.301605e+00
8.856047e+00 -3.104426e+00
-5.891296e+00 -7.482038e+00
-4.180853e+00 8.915730e-01
-1.104569e+01 -5.588187e+00
6.470300e+00 -8.298838e+00
-8.463787e+00 -6.083155e+00
-1.888773e+00 -2.019411e+00
-5.086401e+00 1.187590e+00
-1.500906e+00 4.172621e+00
8.179825e+00 4.613752e+00
1.620199e+00 -1.972494e+00
1.050090e+01 5.041088e+00
-9.904573e+00 -5.695832e+00
-2.501839e+00 4.572439e+00
1.101776e+01 -3.668105e+00
-9.454177e+00 1.988657e+00
3.133751e+00 -1.027513e+01
-4.928740e+00 -9.810080e+00
-4.291059e+00 -7.703134e+00
2.336911e-01 -6.129412e+00
1.079776e+01 -6.556314e+00
-2.861471e+00 -6.412056e+00
4.490160e+00 1.646900e+00
-5.951974e+00 -9.315924e+00
-4.869296e+00 -3.358858e+00
-9.531640e+00 -1.149562e+00
-3.150158e+00 -1.610221e+00
-7.166039e-01 7.384294e-01
-2.136510e+00 1.377181e+00
6.956176e+00 3.884161e+00
1.079520e+01 2.967935e+00
-3.994142e+00 3.504358e+00
-6.785152e+00 9.934454e+00
1.042893e+01 6.950966e+00
-8.306774e+00 7.116357e+00
-2.379165e+00 3.484262e+00
-3.862795e+00 4.726444e+00
1.034190e+00 -7.760434e+00
-4.348590e+00 -8.783599e+00
2.745456e+00 -5.975294e+00
-3.172150e+00 -8.717659e+00
-3.890785e+00 -5.413921e+00
-8.151160e-01 -6.233110e+00
-7.710202e+00 -9.326625e-01
-8.206507e+00 5.958959e-01
3.079780e+00 -6.941546e+00
-1.217405e+00 -3.078962e+00
-7.919275e+00 3.319898e+00
9.766764e+00 2.801053e+00
-1.383870e+00 1.093177e+01
6.506648e+00 9.521407e+00
-1.190987e+00 3.103593e+00
6.205305e+00 5.778878e+00
-1.296189e+00 7.559883e+00
-2.366697e+00 7.952564e+00
-7.898233e+00 4.376155e+00
3.467760e-01 1.002955e+01
-3.230570e+00 -1.051367e+01
-8.400519e+00 1.112131e+01
-5.439385e+00 -1.084760e+01
-3.557070e+00 9.779141e+00
-6.701766e+00 -5.347276e+00
-3.588792e+00 -3.289305e+00
-4.030213e+00 -6.529845e+00
-8.253729e+00 -3.840574e+00
-3.893240e-01 -1.122293e+00
-4.242234e+00 -1.217840e+00
-9.890001e+00 4.553915e+00
-2.668553e+00 -5.219855e+00
-3.369322e+00 1.543130e+00
1.775178e+00 4.508770e+00
-3.246924e+00 -7.419394e+00
-4.937692e+00 6.516411e+00
-4.201343e-01 5.765314e+00
-5.955249e+00 -3.193014e+00
-4.618475e+00 5.552529e+00
-4.872426e+00 4.481286e+00
3.331623e+00 -8.017118e+00
-6.619869e+00 -2.110452e+00
-8.610350e+00 -1.745480e+00
-5.342331e+00 -9.071054e-01
-1.252009e+00 6.355538e+00
-5.121895e+00 -6.596706e+00
-7.955289e+00 -4.935638e+00
-4.546966e+00 7.583694e+00
-2.041987e+00 -1.056587e+01
1.710299e+00 -5.820321e+00
1.057700e+00 -6.727316e+00
-1.687190e+00 1.087074e-01
-9.954907e+00 7.445672e+00
-5.063745e+00 8.393453e-02
-1.019567e-01 8.182707e+00
1.051094e-01 -7.283219e+00
7.341024e+00 1.021474e+01
-5.434072e+00 -2.069178e+00
-1.066271e+00 -7.718055e+00
-3.416380e+00 5.641699e+00
3.730244e-01 -4.162495e+00
-5.724330e+00 1.011658e+01
-7.956181e+00 -1.023898e+01
2.914110e+00 -9.022110e+00
-2.058716e-01 -8.321656e+00
-1.861702e+00 -6.692350e+00
-1.505933e+00 -8.831852e+00
-7.605626e+00 2.229429e+00
-1.048957e+01 -4.261004e-01
-4.391194e+00 -2.326179e+00
-7.362993e+00 1.096144e+00
-7.215857e+00 -2.057582e-02
2.643543e+00 2.039783e+00
9.700521e+00 6.084440e+00
-2.648808e-02 -1.283221e-01
1.491355e+00 9.586647e+00
1.852744e+00 6.719071e+00
-1.069548e+01 -8.843609e+00
4.034191e+00 -6.560808e+00
4.088254e+00 -1.084667e+01
8.131995e+00 5.724943e+00
-7.458573e+00 -6.020256e+00
-4.049603e+00 8.884744e+00
6.390667e+00 6.971115e+00
8.701095e-01 -8.842421e+00
-2.576456e-01 -5.264095e+00
5.510037e+00 -8.033985e+00
-2.788143e+00 -2.565112e+00
1.687260e+00 2.806240e+00
-1.576017e+00 -5.433276e+00
6.907035e-01 8.785002e+00
-4.167051e+00 2.309438e+00
-5.932086e-01 9.055312e+00
-1.456644e-01 1.950752e+00
4.315737e+00 9.314801e+00
-1.554112e+00 5.246880e+00
2.655570e+00 7.396587e+00
-2.510851e+00 -8.344691e-01
3.118463e+00 1.104103e+01
-1.090961e+01 9.712498e+00
7.663846e+00 -1.002244e+01
-2.482973e+00 1.063812e+01
5.849567e+00 -3.747276e+00
-1.857177e+00 -4.397364e+00
5.504614e+00 -6.129391e+00
-7.142178e+00 -4.258298e+00
5.335087e+00 9.762872e-01
3.667459e+00 7.731457e+00
-3.884956e+00 -1.926124e-01
-2.890978e+00 3.710649e-01
-1.645373e+00 8.757459e+00
-2.398550e+00 5.893432e+00
3.252850e-01 9.335156e-01
5.078132e+00 3.761204e+00
6.176514e+00 4.658884e+00
4.529455e+00 -9.774045e+00
6.787982e+00 -9.448383e+00
1.944213e+00 -9.538062e+00
-1.810160e+00 9.869112e+00
2.972353e+00 9.798115e+00
-3.869789e+00 6.722344e+00
6.814490e+00 -1.090618e+01
2.293028e-03 -9.936727e+00
-6.098986e+00 -1.812138e-01
8.630762e+00 9.266766e+00
5.718304e+00 -9.087633e+00
1.021009e+01 7.219868e-01
-1.036828e+01 -1.813523e+00
3.778782e+00 -3.909722e+00
1.137427e+00 -3.242053e+00
5.094278e+00 1.102395e+01
2.606805e+00 3.254925e+00
1.680879e+00 7.784040e+00
-1.472408e+00 -1.040578e+00
4.674206e+00 -5.282941e+00
9.967883e+00 -9.994149e+00
9.392931e+00 7.648884e+00
7.767594e+00 -8.675952e+00
7.148006e+00 5.067072e+00
5.130255e+00 -7.072257e+00
-4.537479e+00 -4.477997e+00
-3.571935e+00 1.081355e+01
8.137736e+00 6.943668e+00
6.303789e+00 -6.911239e+00
6.963099e+00 -2.106456e+00
7.885996e+00 -4.957962e+00
3.260740e+00 -1.076256e+00
2.000538e+00 -8.439906e+00
-2.469780e+00 -3.629029e+00
6.057211e-01 2.839083e+00
9.182504e+00 8.027522e-02
4.268784e+00 4.573967e+00
6.249224e+00 1.045164e+01
2.429076e+00 5.400441e+00
5.098799e+00 6.077770e+00
3.996227e+00 1.027512e+01
8.352100e+00 8.211981e+00
5.459628e+00 8.770417e+00
7.490076e+00 8.990868e+00
2.049781e+00 1.168096e+00
5.698817e+00 -1.022997e+01
1.148785e+00 -1.025604e+01
-9.710122e+00 5.634174e+00
-1.189840e+00 -9.826729e+00
3.934545e+00 -8.880930e+00
4.418728e+00 -7.983349e+00
7.617140e+00 -2.859775e+00
3.513984e+00 -4.974743e+00
-6.828212e-01 -2.160634e+00
3.276892e+00 -2.920765e+00
2.052629e+00 1.063470e+01
1.344930e+00 5.622200e+00
1.033104e+00 1.080023e+01
-2.170107e+00 2.461905e+00
1.091132e+01 -1.068490e+01
3.692015e+00 -1.604984e-01
-1.899193e-01 7.054693e+00
-1.113216e+01 4.174962e+00
9.656196e+00 1.111714e+01
1.099392e+01 -9.563742e+00
4.724310e+00 -4.244917e+00
5.529312e+00 -2.761904e-01
2.678114e+00 -1.950831e+00
2.195504e+00 -9.105643e-01
8.910586e+00 -1.044757e+01
8.846586e+00 -5.367748e+00
-1.151021e+00 1.897183e+00
-5.102994e+00 -5.459559e+00
-5.636609e+00 -4.270770e+00
2.462535e+00 -4.906870e+00
-8.112140e+00 5.982394e+00
-9.000951e+00 7.979685e+00
3.222219e+00 6.211117e+00
-1.104254e+01 7.545110e+00
-7.477677e+00 1.078511e+01
-9.978869e+00 8.732199e+00
7.300825e+00 7.712681e+00
5.266731e+00 9.830823e+00
8.601495e+00 1.031774e+01
1.049880e+01 9.328831e+00
-8.931576e+00 -1.004260e+01
1.071892e+01 1.050188e+01
1.040883e+01 -7.632775e+00
9.729321e+00 -4.175827e+00
-5.124742e+00 3.427941e+00
8.214634e+00 -6.524995e+00
6.089391e-01 4.808850e+00
-2.802273e+00 6.945637e+00
4.202357e+00 6.849172e+00
-7.227723e-01 1.004867e+01
-2.192234e-01 3.570684e+00
9.792464e-01 3.868089e+00
3.484912e+00 2.560325e+00
8.277333e+00 -7.720116e+00
-1.149999e-01 1.107060e+01
-5.155390e+00 8.455003e+00
9.596692e+00 9.877537e+00
8.469959e-01 -5.271757e+00
-1.031963e+01 -1.027314e+01
-6.174961e+00 -6.299013e+00
6.398994e+00 6.346021e-01
4.678043e+00 8.138111e+00
-9.388437e+00 -3.795096e+00
1.010416e+01 -3.196227e+00
8.385153e+00 -4.069471e+00
4.520992e+00 -7.590408e-01
-2.107143e-01 -3.235017e+00
7.025996e+00 -3.703632e+00
8.249084e-01 -1.232213e+00
6.101272e+00 -2.699117e+00
1.493166e+00 -4.348353e+00
-3.515696e+00 7.943528e+00
5.303319e+00 7.203262e+00
7.294206e+00 6.329762e+00
-1.058698e+01 1.097948e+01
5.175906e+00 5.030737e+00
-5.923853e+00 7.831775e+00
9.548784e+00 8.780894e+00
9.375899e+00 -7.422935e+00
7.013307e+00 -5.849316e+00
9.048788e+00 -8.553644e+00
-7.949992e+00 -8.115209e+00
8.750019e+00 -1.147440e+00
7.982531e+00 3.524750e+00
9.854689e+00 1.643665e+00
-3.412833e+00 -4.476701e+00
2.049711e+00 -7.195945e+00
1.224444e+00 1.219430e-01
3.429552e+00 9.485023e-01
6.771582e+00 -4.736880e+00
9.371760e+00 5.079602e+00
1.215636e+00 1.765849e+00
8.673484e+00 2.546290e+00
3.426009e+00 8.698092e+00
4.388569e+00 -3.101645e+00
2.488661e+00 1.698899e-01
-6.979762e+00 3.780404e+00
7.673562e+00 -1.160231e+00
-9.706745e+00 -9.296712e+00
6.270665e+00 8.131709e+00
8.578785e+00 -9.494321e+00
-4.785211e+00 9.569866e+00
7.359807e+00 -7.200779e+00
8.710008e+00 1.068273e+00
-9.251647e+00 6.688579e+00
9.476153e+00 -2.324990e+00
2.527799e+00 -3.869369e+00
-1.058260e+01 -2.819424e+00
3.831283e+00 -2.058547e+00
1.090109e+01 -2.229372e+00
-9.711080e+00 3.188677e+00
2.064441e+00 8.787074e+00
4.135038e-01 -2.260963e+00
-8.278361e+00 9.939949e+00
-8.759841e+00 5.186289e+00
-8.268237e+00 -7.101469e+00
-1.099308e+01 8.627360e+00
-8.722521e+00 8.966474e+00
