8.981913e+00 -1.095327e+01
-7.207183e+00 8.322897e+00
-1.070065e+01 7.209497e+00
-1.038144e+00 -9.834196e-01
-5.425116e+00 6.225885e+00
-1.081361e+01 1.038303e+01
7.840370e+00 5.760840e-01
6.773986e+00 3.515170e+00
7.782605e+00 -1.555039e+00
8.801872e+00 -1.804813e+00
-5.281018e+00 8.292223e+00
8.552426e+00 6.109342e+00
-6.743898e+00 -4.551644e+00
5.287651e+00 6.084804e+00
-5.792959e+00 2.106457e+00
3.991409e+00 9.612458e+00
-4.622146e+00 -4.975996e+00
1.099808e+01 -8.622767e+00
9.417511e+00 1.038829e+01
-1.095580e+01 4.163432e+00
4.584769e+00 -4.123139e+00
7.117763e+00 -6.516094e+00
6.422032e-01 -5.637634e+00
-1.646129e-01 7.621714e-01
5.990183e+00 1.515510e+00
9.355010e+00 4.464296e+00
-3.891147e+00 -3.561497e-01
-5.651288e+00 9.924818e+00
1.066627e+01 -2.696969e+00
-6.569124e+00 4.304693e+00
6.536431e-01 -7.742875e+00
4.599124e+00 3.305662e+00
-7.740810e+00 -2.838736e+00
-1.081543e+01 -3.353918e+00
-1.864082e+00 5.311273e+00
-5.839421e+00 -9.205957e+00
-8.899247e+00 -9.617126e+00
9.524712e+00 6.609746e+00
-9.365468e+00 -7.625919e+00
-9.458440e+00 2.669275e+00
7.206559e+00 9.921392e+00
8.165325e+00 -5.315705e-01
1.042359e+01 1.098232e+01
7.653431e+00 2.836315e+00
-9.997696e+00 -4.940732e+00
9.093068e+00 -9.648574e+00
-2.410128e+00 -5.767363e+00
-5.685082e+00 -4.850008e+00
7.943390e+00 -5.910149e+00
1.000643e+01 -4.752284e+00
2.932085e+00 -2.098735e+00
3.487822e+00 3.192473e+00
-9.592820e+00 -6.396645e-01
-9.714582e+00 1.583749e+00
-8.622897e+00 -1.345695e+00
-5.224611e+00 -9.144342e-01
-9.521560e-01 6.732454e+00
-2.165178e+00 -1.239569e+00
-8.607169e+00 3.392701e+00
-3.309790e+00 6.471249e+00
2.283677e+00 -7.344993e+00
5.856218e+00 -8.399971e+00
6.318107e+00 -9.367077e+00
-2.162189e-01 1.023086e+01
-4.898063e+00 1.939423e-01
1.717002e+00 -5.274405e+00
8.820733e+00 -4.821884e+00
-3.735400e+00 2.812097e+00
-8.682775e+00 1.004507e+01
5.940817e+00 -4.377573e+00
1.936192e+00 -8.410530e+00
-8.780568e+00 7.312679e-01
-2.203104e+00 6.417663e+00
1.296467e+00 6.154792e+00
-4.055285e+00 8.322828e+00
3.593528e+00 8.485700e+00
-9.024451e+00 -5.298081e+00
-1.907653e+00 2.331784e+00
7.917919e+00 -3.773636e+00
1.099174e+01 -4.850011e+00
2.553082e+00 -6.156358e+00
-7.147539e+00 -6.792314e+00
3.335339e+00 1.059088e+01
-3.043985e+00 -1.074234e+01
3.961820e+00 -5.068888e+00
2.947493e+00 2.312590e+00
7.920188e+00 8.945580e+00
-1.060412e+01 3.029697e+00
-1.861700e+00 -4.506651e+00
2.270961e+00 -4.138841e+00
-3.194981e+00 1.781948e+00
7.730428e-01 -1.118836e+00
2.218426e+00 3.418990e+00
3.164747e+00 7.303314e+00
8.428378e+00 4.926936e+00
3.886493e+00 1.612401e-01
3.542718e+00 -1.063341e+01
-2.636655e-01 4.583569e+00
-1.020283e+01 5.890984e-01
-8.455769e+00 -8.155121e+00
5.128110e+00 4.829432e+00
2.308822e+00 1.090078e+01
-9.488991e+00 -6.245311e+00
1.006756e+01 -1.036788e+01
-4.271591e+00 -6.511352e+00
-7.370030e+00 7.229476e+00
-9.440064e-01 -1.117197e+01
9.574087e+00 5.520174e+00
-4.248365e+00 -1.391212e+00
-7.485922e+00 -7.845627e+00
-8.668530e+00 -4.018257e+00
-9.647076e+00 -2.952173e+00
7.148834e+00 -2.422417e+00
6.867387e+00 8.984547e+00
1.080503e+01 8.106366e+00
-9.938396e+00 9.814199e+00
-3.176903e+00 6.388959e-01
-5.134233e+00 -9.922364e+00
8.377872e+00 1.749327e+00
-9.584379e+00 7.474208e+00
2.041721e+00 4.828638e+00
2.838550e+00 9.502234e+00
-8.426813e+00 5.504985e+00
-8.638681e+00 7.876414e+00
2.374474e+00 -1.241223e+00
9.530235e+00 -2.935403e+00
-6.183561e+00 -6.378988e+00
-8.802315e+00 1.103660e+01
2.539744e-01 1.815126e+00
1.109068e+01 -6.485432e+00
7.647458e+00 -4.836355e+00
-6.909279e+00 9.716845e+00
-1.021632e+01 8.369040e+00
9.932669e+00 -1.977100e+00
-1.355833e+00 -5.403209e+00
4.091188e+00 -9.796931e+00
-2.619723e+00 -2.386695e+00
1.047937e+01 1.388500e+00
2.066709e+00 7.026947e+00
-1.338621e+00 4.387692e+00
-5.126961e+00 7.239101e+00
-3.737285e-01 -6.088630e+00
1.026895e+01 9.864357e+00
-7.052598e+00 -6.634022e-01
9.358426e+00 -3.930284e+00
-6.801064e+00 2.609120e+00
-7.590943e+00 1.493824e+00
-2.941262e+00 -9.623896e+00
7.198857e+00 1.557006e+00
-5.207193e+00 -3.923810e+00
2.164029e+00 1.738104e+00
-1.058653e+01 -2.333507e+00
-6.564236e+00 6.514026e+00
-5.393138e+00 -8.197899e+00
4.233209e+00 5.630991e+00
8.334030e+00 1.036807e+01
-6.158154e+00 1.084470e+01
-5.180321e+00 -1.112534e+01
-1.086498e+01 5.190502e+00
1.086712e+00 3.300726e+00
5.037867e+00 1.987658e+00
-6.317885e+00 -1.361512e+00
-1.355780e+00 -6.559251e+00
-4.557095e+00 -3.061470e+00
7.569101e+00 4.214684e+00
6.403851e+00 5.844072e-01
-3.464623e-01 -3.091665e+00
1.031464e+01 -5.793678e+00
4.992916e+00 1.014389e+01
-7.813979e+00 2.477681e+00
-4.815669e+00 2.504131e+00
1.015581e+00 -8.805043e+00
-4.797679e-01 9.102253e+00
7.474903e+00 5.345782e+00
4.863976e+00 9.033512e+00
-7.847812e+00 -4.920092e+00
1.103268e+01 3.703440e-01
6.211305e-01 -9.848858e+00
-3.845266e-01 -1.012230e+01
-1.651675e-01 -1.723283e+00
-2.186643e+00 1.092672e+01
2.945792e+00 -4.130382e-01
-4.112205e+00 -9.989656e+00
-4.278040e+00 5.939529e+00
2.543264e+00 8.269090e+00
-9.672504e+00 5.379006e+00
-2.856312e+00 -7.421540e+00
-3.252339e+00 -6.363570e+00
-6.312426e+00 7.641461e+00
-2.604782e+00 3.169525e+00
1.110971e+01 -1.504521e+00
-3.732533e+00 -3.578893e+00
5.803970e+00 8.522210e+00
-5.502755e+00 4.204885e+00
-3.266951e+00 -1.441967e+00
-9.964819e+00 1.098177e+01
1.022508e+00 4.450383e+00
1.225407e+00 2.244927e+00
-3.597552e+00 3.816990e+00
3.560058e+00 -6.020973e+00
8.175162e+00 -2.588283e+00
9.641342e-01 -6.792166e+00
5.783054e+00 -6.233790e+00
3.970183e+00 -3.212275e+00
-5.001163e+00 1.440068e+00
1.044941e+01 -6.183019e-01
5.912215e+00 -2.453372e+00
-5.075211e+00 -7.120634e+00
4.562960e+00 -1.113010e+01
-8.654379e+00 -2.435820e+00
1.485034e+00 -3.325061e+00
-9.653262e-01 -4.015557e+00
-2.032220e+00 -1.024333e+01
1.042603e+00 7.200674e+00
1.740149e+00 -2.201118e+00
4.776663e+00 -4.860981e-01
7.680901e+00 -7.709284e+00
-1.073528e+01 1.671992e+00
1.333525e+00 -1.062185e+01
6.752709e+00 7.805120e+00
2.530917e+00 -3.035035e+00
-6.200235e+00 -1.027110e+01
-7.454158e+00 4.751783e+00
-4.559304e+00 3.512012e+00
-1.407231e+00 3.264444e+00
-4.107561e+00 9.386113e-01
-3.034398e+00 -4.598408e+00
-9.273397e+00 8.940140e+00
-2.626345e+00 -3.580794e+00
3.815677e+00 -8.777097e+00
-7.399709e+00 -1.708866e+00
9.209945e+00 -4.892833e-01
-2.482336e+00 8.425748e+00
-2.465840e+00 4.347240e+00
4.106225e+00 2.280693e+00
1.038205e+01 3.952116e+00
6.326913e+00 -1.046971e+01
-4.212547e+00 -1.102128e+01
6.817300e-01 2.550319e-01
-2.283561e+00 -8.739198e+00
2.175537e-01 5.524043e+00
-4.405574e+00 -8.987278e+00
-8.338851e-01 5.476360e+00
6.884899e+00 1.089405e+01
-2.480316e+00 -1.682973e-01
6.738611e+00 2.487384e+00
6.166311e+00 -7.233166e+00
-7.691755e+00 3.761906e+00
3.145871e+00 1.280513e+00
9.128133e+00 -7.581670e+00
-9.757582e-01 1.474063e+00
-1.728226e+00 -7.637346e+00
1.740623e+00 -9.609886e+00
4.618258e+00 -6.280474e+00
6.518057e-01 -2.258063e+00
-1.686827e+00 7.638695e+00
1.198880e-01 -4.056418e+00
1.015574e+01 -8.004030e+00
5.723876e+00 2.761083e+00
6.789344e+00 -3.740658e+00
-5.140900e+00 -5.965581e+00
7.799889e+00 -1.103634e+01
-5.423082e+00 -2.474422e+00
-3.336774e+00 -8.552370e+00
5.490578e+00 7.367919e+00
-2.056334e+00 1.207301e+00
8.890385e+00 9.494063e+00
6.452316e+00 -1.564343e+00
8.014516e+00 -8.762875e+00
5.356158e+00 -3.410526e+00
-3.683843e+00 -5.437585e+00
8.850201e+00 6.535362e-01
1.214589e+00 -4.358194e+00
-1.294624e+00 -9.391226e+00
3.820748e+00 -7.338361e+00
6.065352e+00 9.632886e+00
7.656753e+00 6.607645e+00
-6.523069e-01 7.864587e+00
4.902527e+00 -8.974354e+00
-1.314824e+00 1.021114e+01
7.900893e+00 -9.993226e+00
1.410981e+00 9.351678e-01
3.228756e+00 -4.024782e+00
-4.115638e+00 7.206930e+00
-9.683375e+00 -1.707261e+00
-6.597847e+00 1.075330e+00
-1.508482e+00 2.800788e-01
6.747103e-01 9.438234e+00
9.399192e+00 1.568820e+00
2.391385e+00 5.106232e-01
-8.871956e-01 -8.459128e+00
-1.139613e+00 -2.044734e+00
7.785619e+00 7.729804e+00
-8.536842e+00 4.445575e+00
-5.168334e-02 -9.075893e+00
-1.072309e+01 -5.054330e-01
1.051557e+01 4.963379e+00
-6.309630e+00 -3.656283e+00
-4.942891e+00 9.233150e+00
-7.578638e+00 4.193220e-01
-9.575489e+00 -1.040491e+01
9.260192e+00 -8.585607e+00
7.199449e+00 -2.219830e-01
-3.700434e-01 -7.316064e+00
-3.798672e+00 -2.325842e+00
8.801836e+00 2.811484e+00
1.102870e+01 -9.871653e+00
9.074410e+00 -5.915832e+00
-1.032052e+01 6.229834e+00
-6.367831e-01 2.576037e+00
-6.223443e+00 -7.336691e+00
-1.358269e-01 -4.801364e-01
-9.891348e+00 3.870332e+00
-6.289680e+00 5.409146e+00
4.571533e+00 7.910914e+00
-7.644719e+00 1.048176e+01
-1.027711e+01 -9.194235e+00
-8.212250e+00 -5.965719e+00
-2.549110e+00 9.791845e+00
9.871201e+00 3.297559e-01
-8.372926e+00 -7.010180e+00
-5.167340e+00 5.218416e+00
6.903321e+00 -8.438524e+00
-6.708028e+00 -8.551909e+00
8.743586e+00 8.338530e+00
5.145970e+00 5.548270e-01
2.283713e+00 6.038045e+00
3.297217e+00 6.240749e+00
8.534094e+00 3.888915e+00
1.672957e+00 8.826314e+00
2.884006e+00 -9.228850e+00
-3.717541e+00 9.317698e+00
1.710145e+00 -3.489311e-01
5.400179e+00 -9.972964e+00
1.053042e+01 -3.779094e+00
3.821360e+00 -1.077272e+00
-4.040000e+00 -7.779156e+00
-3.317108e+00 1.050755e+01
-8.316910e+00 6.863466e+00
-6.026260e+00 8.982503e+00
-1.471861e+00 8.606905e+00
-9.822128e+00 -3.972194e+00
4.288889e+00 1.146664e+00
-2.778669e+00 7.417958e+00
-1.091288e+01 -1.090922e+01
-8.047836e+00 -1.046492e+01
9.763631e+00 8.846367e+00
5.721389e+00 3.863186e+00
6.506304e-01 8.266639e+00
-7.576801e+00 -3.912501e+00
9.314023e-02 6.734937e+00
5.280290e+00 -5.295887e+00
-6.966985e+00 -1.091571e+01
-7.869350e+00 9.210311e+00
5.675287e+00 1.102198e+01
6.252116e+00 6.443260e+00
-9.396550e+00 -8.619408e+00
8.659697e+00 7.173185e+00
4.054816e+00 4.428351e+00
9.623314e+00 7.703406e+00
8.809179e-01 1.064437e+01
1.073488e+01 6.674308e+00
1.817390e+00 9.925686e+00
-1.030740e+01 -6.960834e+00
-7.806071e+00 -9.011610e+00
-6.189055e+00 8.660374e-02
-1.030105e+01 -8.098377e+00
-6.934350e+00 -9.563583e+00
1.015793e+01 -9.352990e+00
6.017525e+00 -4.122950e-01
5.269524e+00 -1.643767e+00
1.107131e+01 -7.522778e+00
-1.112724e+01 9.439941e+00
4.213215e+00 6.786642e+00
-5.860388e+00 3.192338e+00
-4.529265e+00 1.019925e+01
2.958950e+00 4.195462e+00
-7.018258e+00 -5.681729e+00
9.769172e+00 2.964149e+00
-3.806977e-01 -4.996322e+00
3.005385e+00 -8.142492e+00
6.316870e+00 5.198897e+00
2.225717e-01 -1.092487e+01
-3.218064e+00 5.347997e+00
2.410400e+00 -1.043846e+01
-9.285760e+00 6.366493e+00
6.018659e-02 3.517894e+00
1.000170e+01 -6.941639e+00
-1.515389e+00 -3.124561e+00
-6.674865e+00 -2.444454e+00
3.211260e+00 5.173662e+00
6.617038e+00 -5.254915e+00
1.079020e+01 2.402240e+00
4.973384e+00 -7.517949e+00
2.847553e+00 -5.075134e+00
-1.045453e+01 -5.862445e+00
-8.592425e+00 1.746956e+00
4.038523e+00 -2.127905e+00
-8.456580e+00 -2.801386e-01
-7.411253e+00 5.766391e+00
