1.031385e+01 -1.112799e+01
-7.167545e+00 1.114737e+01
9.845118e+00 7.302741e+00
6.124263e-04 -3.160275e+00
-3.287073e+00 4.946085e+00
-1.075867e+01 1.110432e+01
7.073998e+00 -8.940073e-02
7.647272e+00 2.675188e+00
8.181016e+00 -1.436527e+00
8.971849e+00 5.373228e-01
-3.989580e+00 9.315021e+00
1.026983e+01 5.787072e+00
-6.564634e+00 -3.928335e+00
5.206690e+00 4.934615e+00
-4.930607e+00 3.501573e+00
4.685004e+00 9.024184e+00
-5.363111e+00 -4.075915e+00
1.010262e+01 -6.581462e+00
9.257645e+00 1.071271e+01
-9.425484e+00 6.528789e+00
3.610462e+00 -7.368813e+00
6.744675e+00 -5.906461e+00
9.863221e-01 -5.561680e+00
1.034655e+00 -1.494129e+00
6.638110e+00 8.495752e-01
-1.107846e+01 5.379402e+00
-4.791860e+00 -1.352599e+00
-5.793557e+00 1.025758e+01
1.036634e+01 -1.069860e+00
-6.150103e+00 6.911628e+00
1.763701e+00 -6.337428e+00
4.287400e+00 2.801512e+00
-7.345586e+00 -3.056251e+00
1.116125e+01 -3.184434e+00
-2.203359e+00 5.062638e+00
-5.834672e+00 -8.774245e+00
-1.010884e+01 -7.451291e+00
9.327932e+00 6.150228e+00
-9.893752e+00 -6.138399e+00
-9.368316e+00 3.500033e+00
6.571644e+00 9.281624e+00
7.945237e+00 6.478655e-01
9.701519e+00 9.719096e+00
9.287786e+00 4.026926e+00
-8.345803e+00 -3.801519e+00
8.964806e+00 -1.060713e+01
-3.120733e+00 -5.854524e+00
-6.223046e+00 -6.120172e+00
7.599181e+00 -4.669978e+00
1.000649e+01 -4.422219e+00
4.811370e+00 -3.355535e+00
3.823489e-01 3.113563e+00
-1.032382e+01 7.969858e-02
-1.032829e+01 3.138093e+00
-7.606022e+00 6.731525e-01
-6.902915e+00 -5.812587e-01
1.298704e+00 6.368744e+00
-2.484644e+00 -1.077408e+00
-9.083107e+00 4.537624e+00
-1.895145e+00 6.068102e+00
1.587963e+00 -7.911098e+00
7.927668e+00 -8.910215e+00
6.819471e+00 -1.100986e+01
6.732512e-01 9.543879e+00
-5.669742e+00 8.429356e-02
2.545438e+00 -7.262825e+00
7.972305e+00 -3.553627e+00
-2.515934e+00 6.797535e-01
-9.387457e+00 8.331010e+00
3.989296e+00 -6.074117e+00
1.655694e+00 -9.904506e+00
-8.670583e+00 2.591148e+00
-1.177251e+00 5.265753e+00
2.077259e-03 6.707326e+00
-3.210213e+00 7.623535e+00
2.359550e+00 8.590763e+00
-9.994317e+00 -3.832066e+00
-8.071118e-01 2.198255e+00
7.622627e+00 -2.407299e+00
-9.296623e+00 -4.599468e+00
2.230828e+00 -8.689343e+00
-6.684893e+00 -5.191133e+00
4.733404e+00 1.110922e+01
-3.050234e+00 -1.037793e+01
3.504263e+00 -8.452912e+00
2.722373e+00 1.261280e+00
7.926362e+00 8.454031e+00
-1.049388e+01 4.273370e+00
-2.492768e+00 -3.962720e+00
2.484950e+00 -3.938221e+00
-5.884269e-01 1.624056e-01
-1.734845e-01 -5.475738e+00
3.177227e+00 2.755168e+00
4.576135e+00 5.869658e+00
8.101368e+00 4.975664e+00
3.365471e+00 -8.294415e-01
3.695044e+00 1.114464e+01
-5.092628e-01 4.441910e+00
-9.688394e+00 2.247428e+00
-7.615163e+00 -6.221897e+00
3.678527e+00 3.825956e+00
1.550472e+00 1.056218e+01
-1.032210e+01 -5.011186e+00
1.001155e+01 -9.964062e+00
-4.230531e+00 -7.132012e+00
-5.018303e+00 6.847277e+00
-1.233071e+00 -1.067981e+01
-9.931780e+00 5.551791e+00
-5.756825e+00 -1.069507e+00
-8.680915e+00 -5.497727e+00
-8.253325e+00 -1.333318e+00
-9.569542e+00 -6.481543e-01
6.425503e+00 -2.069891e+00
5.798017e+00 8.511475e+00
1.086341e+01 7.691552e+00
-1.005519e+01 -1.019794e+01
-3.261079e+00 -2.332049e-01
-5.098984e+00 1.110351e+01
7.621386e+00 1.620616e+00
-7.912772e+00 9.625450e+00
1.710955e+00 4.456986e+00
2.009954e+00 9.488565e+00
-7.677588e+00 7.619643e+00
-6.929016e+00 9.963760e+00
1.902721e+00 -2.204514e+00
1.008713e+01 -2.223791e+00
-6.873328e+00 -8.047251e+00
-9.618775e+00 1.106410e+01
-4.686747e-01 1.235379e+00
1.030164e+01 -5.505240e+00
6.570772e+00 -4.878081e+00
-1.020363e+01 9.830831e+00
-8.272462e+00 8.523341e+00
9.906265e+00 1.243945e+00
-2.163790e+00 -6.207967e+00
4.903472e+00 -1.023450e+01
-3.671175e+00 -1.202377e+00
9.868599e+00 3.064943e+00
2.869667e+00 6.662352e+00
-1.476442e+00 3.995461e+00
-5.490350e+00 8.115922e+00
-1.108975e+00 -5.950295e+00
1.098598e+01 9.159302e+00
-7.918689e+00 1.887585e+00
1.017665e+01 -3.202840e+00
-6.148011e+00 5.862650e+00
-7.059128e+00 2.539171e+00
-5.040736e+00 -1.015657e+01
6.434813e+00 2.670109e+00
-4.591719e+00 -3.223552e+00
3.535488e+00 5.989331e-01
-9.435771e+00 -1.772374e+00
-3.930921e+00 6.735037e+00
-6.041651e+00 -9.707791e+00
2.492600e+00 3.448402e+00
7.955439e+00 9.968104e+00
-6.123102e+00 -1.079707e+01
-4.230360e+00 1.037433e+01
-8.147917e+00 6.377734e+00
2.073611e+00 2.070992e+00
3.724142e+00 1.700331e+00
-6.612828e+00 3.867543e-01
-3.033374e+00 -7.113307e+00
-3.305236e+00 -4.748701e+00
7.338748e+00 4.201414e+00
5.540605e+00 7.491517e-01
-1.651195e+00 -1.621412e+00
8.707678e+00 -4.755730e+00
3.635161e+00 8.771730e+00
-5.953130e+00 3.867096e+00
-4.758406e+00 2.420460e+00
-9.574961e-01 -7.170613e+00
-4.898800e-01 9.680414e+00
7.227602e+00 5.727525e+00
4.686667e+00 7.702437e+00
-8.295596e+00 -2.530494e+00
-1.021200e+01 1.080579e+00
3.614600e-01 -8.029736e+00
2.686479e-01 -9.476860e+00
-9.981711e-01 -2.790487e+00
-4.266056e-01 1.094596e+01
3.098578e+00 -2.940133e+00
-3.967559e+00 -1.106437e+01
-4.376582e+00 4.392450e+00
3.201492e+00 7.722813e+00
-7.209536e+00 5.546746e+00
-2.763683e+00 -8.170400e+00
-4.170796e+00 -5.696737e+00
-6.036975e+00 9.090287e+00
-1.500874e+00 1.354181e+00
9.392987e+00 -1.527516e+00
-4.078303e+00 -2.199099e+00
5.959221e+00 7.545131e+00
-3.162876e+00 3.761875e+00
-4.469305e+00 -2.498251e-01
-1.021598e+01 -8.887938e+00
6.218962e-01 4.202333e+00
4.620910e-01 2.161946e-01
-2.677972e+00 2.848249e+00
2.665314e+00 -9.663096e+00
9.026407e+00 -2.543223e+00
-6.081693e-02 -6.664115e+00
6.103420e+00 -6.867751e+00
3.118682e+00 -4.710520e+00
-4.717408e+00 1.308309e+00
9.852545e+00 -1.557115e-01
5.243431e+00 -2.447648e+00
-7.141345e+00 -9.066643e+00
5.979964e+00 -1.041512e+01
-9.357976e+00 4.267501e-01
-1.226464e+00 -4.817076e+00
-2.255668e+00 -5.087603e+00
-8.218761e-01 -9.606586e+00
2.135406e+00 7.438918e+00
1.473042e+00 -3.319062e+00
4.574516e+00 -4.194777e-01
8.260561e+00 -6.587807e+00
-1.077609e+01 2.212133e+00
2.718512e+00 1.066665e+01
6.849797e+00 8.243561e+00
3.743942e+00 -3.740364e+00
-7.011180e+00 -1.012931e+01
-7.117445e+00 6.694904e+00
-3.835849e+00 2.990047e+00
-1.693306e+00 2.831917e+00
-3.864630e+00 5.994486e-01
-4.601050e+00 -4.705636e+00
-1.051324e+01 8.659544e+00
-3.556230e+00 -3.573214e+00
5.705599e+00 -9.330680e+00
-8.192237e+00 -2.033873e-01
1.055432e+01 2.251790e+00
-2.938010e+00 8.577706e+00
-2.603578e+00 1.767491e+00
5.406562e+00 2.798275e+00
-8.891612e+00 5.646360e+00
4.196608e+00 9.968173e+00
-3.134671e+00 1.072105e+01
8.523304e-01 -2.568039e+00
-3.906173e+00 -9.879017e+00
1.077909e+00 5.317914e+00
-4.645757e+00 -9.121800e+00
-2.494518e-02 5.605542e+00
5.754833e+00 1.075216e+01
-8.529639e-01 -8.938039e-01
5.997672e+00 3.797652e+00
7.233443e+00 -6.887553e+00
-7.038372e+00 3.598057e+00
2.962173e+00 -1.796197e+00
7.946114e+00 -5.624721e+00
1.172677e-01 -9.758989e-01
-2.960684e+00 -9.240482e+00
1.242935e+00 -8.885721e+00
4.606075e+00 -7.891634e+00
-5.292524e-01 -4.005373e+00
-1.733693e+00 8.029310e+00
-1.486619e+00 -3.714102e+00
8.903774e+00 -8.349156e+00
5.929807e+00 1.771434e+00
6.943064e+00 -3.162744e+00
-5.851521e+00 -7.601904e+00
6.923845e+00 1.030300e+01
-6.327049e+00 -2.086324e+00
-3.882694e+00 -8.131738e+00
5.351677e+00 6.697652e+00
-2.617561e-01 -1.974381e+00
8.813060e+00 9.109143e+00
7.129964e+00 -1.307428e+00
7.763212e+00 -1.017687e+01
4.207085e+00 -5.019377e+00
-5.097484e+00 -6.630224e+00
8.695263e+00 1.523814e+00
1.389687e+00 -4.310896e+00
-1.916837e+00 -9.530673e+00
5.602006e+00 -8.149321e+00
5.547504e+00 9.661875e+00
8.299149e+00 6.042880e+00
-9.279017e-01 8.707386e+00
6.883994e+00 -8.886974e+00
4.648978e-01 1.052959e+01
7.961561e+00 1.103373e+01
2.552092e+00 3.288605e-01
2.863062e+00 -6.100065e+00
-2.399664e+00 7.002086e+00
-1.053407e+01 -1.047251e+00
-5.808577e+00 2.327042e+00
-1.673196e+00 4.299351e-02
-5.111742e-01 7.701992e+00
9.020453e+00 2.617984e+00
1.627971e+00 -1.097866e-01
-1.743503e+00 -8.517240e+00
-2.999610e+00 -2.050731e+00
6.840670e+00 6.829928e+00
-6.692002e+00 4.677386e+00
-6.340888e-01 -8.478138e+00
1.099414e+01 2.076385e-01
-1.048215e+01 6.412122e+00
-5.953178e+00 -3.072141e+00
-4.401475e+00 8.275683e+00
-6.735198e+00 1.555164e+00
-9.170381e+00 -9.201981e+00
8.999583e+00 -9.464333e+00
8.701586e+00 -4.864572e-01
-1.953255e+00 -7.415459e+00
-5.173439e+00 -2.365047e+00
8.277792e+00 3.436989e+00
9.885723e+00 -8.719984e+00
9.258327e+00 -3.667372e+00
-1.033107e+01 7.657657e+00
-6.670857e-01 3.366766e+00
-6.839549e+00 -6.922637e+00
4.350411e-01 -4.629229e+00
-7.805156e+00 4.583715e+00
-4.595470e+00 5.669440e+00
3.940067e+00 6.871657e+00
-9.047428e+00 -1.034280e+01
-1.094710e+01 -8.152288e+00
-7.770240e+00 -4.892169e+00
-1.869939e+00 9.178534e+00
1.114366e+01 1.205884e+00
-8.723778e+00 -6.641856e+00
-5.361227e+00 4.720829e+00
7.811668e+00 -7.743567e+00
-7.874510e+00 -8.354325e+00
8.935884e+00 7.996237e+00
4.709621e+00 -1.467815e+00
3.476412e+00 5.838094e+00
2.879968e+00 4.774999e+00
9.645518e+00 5.010864e+00
1.319067e+00 8.454293e+00
3.653418e+00 -1.009128e+01
-2.860689e+00 9.695429e+00
2.103960e+00 -1.154223e+00
6.810087e+00 -9.867873e+00
1.115518e+01 -2.022470e+00
5.908537e+00 -3.174295e+00
-4.882183e+00 -8.076883e+00
-2.056978e+00 1.096032e+01
-7.078643e+00 8.791754e+00
-8.589183e+00 1.048478e+01
-1.430176e+00 1.016198e+01
-1.027969e+01 -2.630219e+00
4.530000e+00 7.945862e-01
-1.085721e+00 6.668959e+00
1.105650e+01 -1.023117e+01
-9.160628e+00 -8.170479e+00
1.000114e+01 8.314566e+00
5.055155e+00 3.772530e+00
1.037086e+00 7.389627e+00
-9.242292e+00 -2.939101e+00
2.141315e+00 5.716242e+00
5.027224e+00 -6.870835e+00
-8.103297e+00 -1.077945e+01
-9.145955e+00 9.404225e+00
3.122517e+00 9.728283e+00
5.871357e+00 5.664820e+00
1.111745e+01 -6.980082e+00
7.689474e+00 7.431234e+00
4.853911e+00 1.879632e+00
8.761747e+00 7.034032e+00
9.514563e-01 -1.086391e+01
1.088061e+01 6.641350e+00
2.423589e-01 8.477917e+00
-1.099336e+01 -5.823863e+00
-7.789154e+00 -7.402594e+00
-5.773360e+00 1.283560e+00
1.088315e+01 -9.124322e+00
-8.191642e+00 -9.600416e+00
1.028324e+01 -7.663073e+00
5.683495e+00 -6.845163e-01
4.028257e+00 -2.236807e+00
9.103370e+00 -7.224285e+00
1.087476e+01 1.022608e+01
4.069576e+00 4.835301e+00
-3.866813e+00 1.940515e+00
-5.057615e+00 9.275035e+00
6.519231e-01 1.884813e+00
-5.544323e+00 -5.290515e+00
1.053216e+01 4.269177e+00
9.526417e-01 -6.990551e+00
4.353150e+00 -9.249142e+00
6.413591e+00 4.791304e+00
5.519176e-02 -1.047440e+01
-3.167108e+00 6.068372e+00
2.229582e+00 -1.071513e+01
-8.617604e+00 7.287748e+00
1.461730e+00 9.507124e-01
9.117069e+00 -5.849248e+00
-2.368602e+00 -2.894550e+00
-7.290474e+00 -1.667434e+00
1.452257e+00 3.116864e+00
5.610129e+00 -5.896255e+00
1.099871e+01 3.352082e+00
6.728329e+00 -7.785290e+00
2.077516e+00 -5.331226e+00
-1.106846e+01 -4.248598e+00
-8.334374e+00 3.651560e+00
5.527705e+00 -4.195244e+00
-8.893986e+00 1.491425e+00
-6.554041e+00 7.862305e+00
