1.010072e+01 1.111321e+01
-6.995263e+00 -1.095674e+01
1.008873e+01 7.432574e+00
6.877995e-01 -3.705388e+00
-3.425681e+00 5.201858e+00
1.068141e+01 -1.036488e+01
6.861451e+00 -5.267738e-01
7.636465e+00 2.431844e+00
8.658892e+00 -1.519462e+00
8.799112e+00 8.180127e-01
-3.140980e+00 8.682619e+00
1.087936e+01 5.797277e+00
-6.916018e+00 -4.316344e+00
6.375070e+00 5.053354e+00
-5.002361e+00 3.675982e+00
5.028399e+00 8.104457e+00
-6.068458e+00 -3.797404e+00
1.035712e+01 -6.010957e+00
8.647798e+00 1.024531e+01
-9.252329e+00 6.811365e+00
3.943237e+00 -7.429537e+00
7.146896e+00 -5.945743e+00
9.977058e-01 -5.680229e+00
4.886029e-01 -1.628537e+00
5.564871e+00 3.052164e-01
-1.034824e+01 4.974993e+00
-5.311466e+00 -2.214515e-01
-5.800308e+00 -1.115596e+01
1.093371e+01 -9.051804e-01
-6.213909e+00 8.244459e+00
2.223812e+00 -7.237506e+00
3.865249e+00 2.659334e+00
-7.124661e+00 -3.198617e+00
-1.091011e+01 -2.373912e+00
-1.937689e+00 4.603024e+00
-5.995527e+00 -8.222871e+00
-1.052258e+01 -7.516391e+00
9.888350e+00 6.397962e+00
-9.099315e+00 -5.617248e+00
-8.971222e+00 3.373943e+00
6.849720e+00 9.430070e+00
7.711709e+00 1.038195e-01
9.745263e+00 1.005765e+01
9.675181e+00 4.148722e+00
-7.917907e+00 -3.922003e+00
8.899625e+00 -1.098283e+01
-3.055430e+00 -6.608882e+00
-6.845244e+00 -5.840486e+00
7.790073e+00 -4.216278e+00
9.736364e+00 -4.175365e+00
5.067182e+00 -3.459909e+00
4.365557e-02 3.608465e+00
-9.739054e+00 1.252439e+00
-1.019264e+01 3.062103e+00
-7.933645e+00 7.471707e-01
-7.460189e+00 -3.080846e-01
9.854659e-01 5.528988e+00
-2.876263e+00 -1.482864e+00
-8.661482e+00 4.913370e+00
-2.143401e+00 5.671442e+00
1.115364e+00 -8.003657e+00
7.823925e+00 -9.019544e+00
6.549206e+00 -1.088542e+01
1.017755e+00 8.953723e+00
-4.345425e+00 3.100524e-01
3.012431e+00 -7.961078e+00
7.959646e+00 -2.576741e+00
-2.175390e+00 9.046739e-01
-9.872090e+00 8.242794e+00
4.260644e+00 -6.120634e+00
1.642912e+00 -1.027872e+01
-8.199873e+00 2.455597e+00
-1.128686e+00 5.247437e+00
-1.384499e-01 6.004589e+00
-4.243326e+00 7.727754e+00
2.832198e+00 8.156838e+00
-1.013508e+01 -3.747193e+00
2.252484e-01 2.608939e+00
6.466748e+00 -1.540822e+00
-8.908078e+00 -3.339840e+00
2.145856e+00 -8.579906e+00
-6.064312e+00 -5.031064e+00
5.090716e+00 1.011813e+01
-3.167411e+00 -9.614454e+00
3.515766e+00 -9.012332e+00
2.742043e+00 1.117561e+00
8.227743e+00 8.519546e+00
-9.524675e+00 4.253546e+00
-3.078180e+00 -4.267712e+00
3.272818e+00 -4.304894e+00
-2.254611e-01 2.203537e-01
-6.398920e-01 -5.634643e+00
2.793439e+00 2.058047e+00
5.123593e+00 6.053590e+00
8.544340e+00 4.484609e+00
3.092637e+00 -4.846294e-01
3.689476e+00 1.020132e+01
-1.149881e+00 3.926706e+00
-9.471744e+00 2.292547e+00
-8.045325e+00 -6.076672e+00
3.832932e+00 4.135955e+00
1.663882e+00 9.848944e+00
-1.007041e+01 -4.744502e+00
8.314298e+00 -9.881865e+00
-4.112800e+00 -7.457193e+00
-5.308859e+00 7.700618e+00
-1.393047e+00 -1.070091e+01
-9.392229e+00 5.724649e+00
-6.333895e+00 -1.959604e-01
-8.950402e+00 -4.604707e+00
-7.612508e+00 -1.764920e+00
-9.381629e+00 -6.993961e-01
6.191118e+00 -3.274675e+00
6.098866e+00 8.064064e+00
1.108147e+01 8.236597e+00
-1.061176e+01 -1.001719e+01
-2.463355e+00 -4.206259e-01
-4.581576e+00 1.084852e+01
7.788362e+00 1.229046e+00
-8.091716e+00 1.013484e+01
1.981644e+00 3.882469e+00
2.096897e+00 8.968721e+00
-7.815131e+00 8.254967e+00
-6.637634e+00 1.028243e+01
9.457365e-01 -2.587640e+00
9.632952e+00 -1.015283e+00
-7.207606e+00 -8.042763e+00
-9.967910e+00 1.117729e+01
1.489654e-01 1.342596e+00
9.444802e+00 -5.462713e+00
6.767498e+00 -4.749317e+00
-1.032244e+01 1.015309e+01
-8.805751e+00 9.093955e+00
1.013674e+01 1.252748e+00
-2.028281e+00 -6.251901e+00
4.298361e+00 -1.092680e+01
-4.408333e+00 -1.358905e+00
1.033359e+01 3.392614e+00
1.827478e+00 6.098302e+00
-2.015895e+00 3.321597e+00
-5.218445e+00 8.913251e+00
-1.039642e+00 -6.658163e+00
1.077079e+01 9.790614e+00
-7.436183e+00 1.704969e+00
1.000141e+01 -3.030724e+00
-5.999647e+00 6.492346e+00
-7.240018e+00 2.819780e+00
-5.086167e+00 -1.027381e+01
6.800601e+00 1.848444e+00
-5.023092e+00 -3.461705e+00
3.702275e+00 4.267455e-01
-9.313227e+00 -1.821153e+00
-4.982207e+00 6.695980e+00
-6.658291e+00 -8.949238e+00
2.783923e+00 3.202114e+00
7.888826e+00 9.601030e+00
-6.239154e+00 -1.019706e+01
-3.516803e+00 1.092582e+01
-7.852903e+00 7.073022e+00
1.935700e+00 2.557673e+00
3.785370e+00 1.593848e+00
-6.613253e+00 8.472204e-01
-2.886991e+00 -7.753314e+00
-4.063443e+00 -4.823001e+00
6.706999e+00 2.885309e+00
5.698965e+00 -7.678109e-01
-1.384673e+00 -2.182619e+00
8.737346e+00 -4.732095e+00
3.946416e+00 8.254217e+00
-5.941854e+00 4.211307e+00
-5.099421e+00 2.612895e+00
-9.934551e-01 -7.676110e+00
1.513155e-02 9.450148e+00
7.910017e+00 5.358490e+00
4.546107e+00 7.211408e+00
-8.363457e+00 -2.523633e+00
-1.053651e+01 2.069570e+00
1.634052e-01 -7.584368e+00
2.922710e-01 -9.864194e+00
-4.284485e-01 -3.681034e+00
-6.279282e-01 1.034612e+01
1.949093e+00 -2.997517e+00
-3.923601e+00 -1.043108e+01
-4.625887e+00 4.734504e+00
3.459462e+00 7.248125e+00
-7.090452e+00 6.416004e+00
-2.416291e+00 -8.731888e+00
-4.325692e+00 -6.320232e+00
-5.498398e+00 1.006725e+01
-1.057138e+00 1.343873e+00
8.758544e+00 -3.895056e-01
-3.982332e+00 -2.726037e+00
6.785744e+00 7.171629e+00
-2.930629e+00 4.030498e+00
-3.758655e+00 -6.227202e-01
-1.038330e+01 -8.955625e+00
9.899574e-01 4.300761e+00
1.221344e+00 2.375989e-01
-3.008991e+00 2.983823e+00
2.731584e+00 -9.833853e+00
9.155524e+00 -2.423553e+00
1.464540e-01 -6.413964e+00
5.872989e+00 -6.566617e+00
3.901821e+00 -5.122085e+00
-4.071713e+00 1.348271e+00
9.832833e+00 1.268244e-02
3.934621e+00 -2.675468e+00
-7.639960e+00 -8.934007e+00
5.465199e+00 -1.105435e+01
-9.059509e+00 4.571136e-01
-1.847793e+00 -5.155905e+00
-2.871477e+00 -5.360284e+00
-7.994702e-01 -9.828073e+00
2.184852e+00 7.110199e+00
2.186086e+00 -4.075908e+00
4.587169e+00 -4.587709e-01
8.186577e+00 -7.005894e+00
1.092343e+01 2.514747e+00
2.658529e+00 1.018624e+01
7.224946e+00 8.229891e+00
4.253845e+00 -4.079932e+00
-7.316514e+00 -9.870195e+00
-6.845727e+00 7.409641e+00
-3.930193e+00 3.774832e+00
-1.907314e+00 2.254897e+00
-3.194875e+00 3.240558e-01
-5.175126e+00 -4.525764e+00
-1.069430e+01 9.067118e+00
-4.052637e+00 -3.828420e+00
4.752573e+00 -9.773008e+00
-8.331202e+00 -1.036091e+00
9.673657e+00 2.213483e+00
-2.956528e+00 7.549867e+00
-2.997185e+00 1.990067e+00
5.720391e+00 2.634366e+00
-7.983952e+00 5.818615e+00
4.549706e+00 9.174618e+00
-2.484079e+00 -1.081158e+01
-3.394471e-01 -2.340703e+00
-4.229751e+00 -9.320950e+00
1.839367e+00 4.991415e+00
-5.652251e+00 -9.255203e+00
-2.552002e-01 4.558197e+00
6.124702e+00 1.047607e+01
-1.611655e+00 -9.733221e-01
5.770581e+00 3.727375e+00
7.136384e+00 -7.009357e+00
-6.953779e+00 4.035755e+00
2.681072e+00 -1.501087e+00
8.136022e+00 -5.634023e+00
5.227507e-01 -5.050487e-01
-3.522911e+00 -8.512164e+00
1.133902e+00 -9.026973e+00
4.565973e+00 -8.324758e+00
8.045208e-02 -4.687399e+00
-1.695518e+00 7.504648e+00
-1.010643e+00 -4.652355e+00
8.999114e+00 -7.758307e+00
5.724030e+00 1.423198e+00
6.871398e+00 -2.466605e+00
-6.369658e+00 -7.175534e+00
7.411160e+00 1.056229e+01
-5.519411e+00 -1.400906e+00
-4.899971e+00 -8.548776e+00
5.729439e+00 6.953334e+00
-5.230690e-01 -1.057915e+00
9.090616e+00 9.291511e+00
5.450697e+00 -2.574710e+00
7.022001e+00 -9.998371e+00
4.970752e+00 -5.186967e+00
-5.792760e+00 -6.252157e+00
8.614191e+00 1.897133e+00
2.344603e+00 -5.089706e+00
-1.971201e+00 -9.584085e+00
5.554826e+00 -8.620079e+00
5.803141e+00 9.028572e+00
8.758992e+00 6.135263e+00
-5.946289e-01 8.212973e+00
6.703980e+00 -8.711662e+00
6.579581e-01 1.033900e+01
7.868667e+00 -1.087232e+01
2.305003e+00 1.446325e-01
3.064064e+00 -5.972644e+00
-2.409107e+00 6.638690e+00
-1.023540e+01 3.656139e-01
-6.184823e+00 3.202544e+00
-1.268454e+00 1.375849e-01
-3.031302e-01 7.207830e+00
8.974472e+00 3.036747e+00
1.686537e+00 -7.630398e-01
-1.149168e+00 -8.840047e+00
-2.925955e+00 -2.785813e+00
7.833602e+00 6.475721e+00
-6.528693e+00 5.124391e+00
2.952845e-02 -8.814842e+00
1.098958e+01 2.285616e-01
-1.039226e+01 6.022680e+00
-6.173796e+00 -2.688534e+00
-4.168558e+00 8.861618e+00
-6.412275e+00 2.195798e+00
-9.028657e+00 -8.806457e+00
8.893381e+00 -9.019544e+00
7.613294e+00 -1.460261e+00
-1.964082e+00 -7.234138e+00
-5.131031e+00 -2.367465e+00
7.921401e+00 3.443519e+00
9.775267e+00 -8.414813e+00
8.641825e+00 -3.573018e+00
-1.032488e+01 7.281903e+00
-9.885210e-01 2.907431e+00
-7.592309e+00 -7.063102e+00
1.223621e+00 -4.642984e+00
-7.551261e+00 4.883853e+00
-4.343276e+00 5.760988e+00
4.007011e+00 6.213634e+00
-9.214395e+00 -1.029705e+01
1.091350e+01 -8.013918e+00
-7.631500e+00 -5.135720e+00
-1.974068e+00 8.718873e+00
-1.116828e+01 1.282966e+00
-9.767676e+00 -6.484531e+00
-5.545445e+00 5.584824e+00
7.547747e+00 -7.989939e+00
-8.407972e+00 -7.898425e+00
9.409592e+00 8.217288e+00
3.791069e+00 -1.371700e+00
3.949395e+00 5.153962e+00
2.930964e+00 4.615773e+00
9.498553e+00 5.289821e+00
1.627612e+00 8.024027e+00
2.978203e+00 1.116960e+01
-3.338474e+00 9.725394e+00
1.674760e+00 -1.841132e+00
6.004868e+00 -9.570398e+00
1.032869e+01 -1.914599e+00
7.307184e+00 -3.385284e+00
-5.249115e+00 -7.444857e+00
-1.708112e+00 1.047207e+01
-7.249032e+00 9.257125e+00
-8.914453e+00 1.096066e+01
-1.087221e+00 9.325781e+00
-1.040194e+01 -1.049660e+00
4.639889e+00 1.039100e+00
-1.309017e+00 6.506673e+00
1.072097e+01 -9.214925e+00
-9.443906e+00 -7.817382e+00
1.011550e+01 8.986377e+00
4.731799e+00 3.351622e+00
9.685996e-01 6.918693e+00
-9.870392e+00 -2.714877e+00
2.946185e+00 6.401710e+00
5.315697e+00 -7.534941e+00
-8.035126e+00 -1.076300e+01
-9.274083e+00 1.001789e+01
3.315556e+00 9.158469e+00
6.816067e+00 6.100393e+00
-1.050003e+01 -5.723714e+00
8.049640e+00 7.556530e+00
4.799549e+00 2.137129e+00
9.087145e+00 7.180231e+00
7.811770e-01 -1.089918e+01
1.102879e+01 7.004621e+00
4.521925e-01 7.928288e+00
1.117423e+01 -4.759503e+00
-8.745137e+00 -6.921846e+00
-5.489671e+00 1.144027e+00
9.528348e+00 -1.006831e+01
-8.379983e+00 -9.632856e+00
1.095527e+01 -6.891273e+00
4.911910e+00 -1.380299e+00
3.044280e+00 -3.311020e+00
9.921190e+00 -6.973233e+00
-1.100749e+01 1.089414e+01
5.170544e+00 4.660666e+00
-4.067320e+00 2.448903e+00
-4.362375e+00 9.791778e+00
1.072361e+00 1.959303e+00
-5.009703e+00 -5.503450e+00
1.062905e+01 4.590596e+00
1.164479e+00 -6.959113e+00
3.751789e+00 -1.010712e+01
7.238122e+00 4.509311e+00
-2.538773e-01 -1.090498e+01
-3.620189e+00 6.529082e+00
1.761575e+00 1.101715e+01
-8.930443e+00 7.905712e+00
1.775049e+00 1.218703e+00
8.913436e+00 -6.314064e+00
-1.735454e+00 -3.475095e+00
-6.705789e+00 -1.357147e+00
1.134940e+00 3.236679e+00
6.063946e+00 -5.539846e+00
-1.089198e+01 3.842742e+00
6.317338e+00 -7.704182e+00
1.963475e+00 -6.217671e+00
1.087442e+01 -3.684225e+00
-7.957509e+00 3.666303e+00
5.813032e+00 -4.334104e+00
-8.560466e+00 1.514562e+00
-6.176176e+00 9.309604e+00
