8.108593e+00 9.311049e+00
-7.077191e+00 -7.876560e+00
7.547794e+00 4.798544e+00
4.221475e+00 -5.824852e+00
-4.760434e+00 7.626014e+00
1.005351e+01 -9.139967e+00
7.827640e+00 -5.345807e-01
8.804845e+00 -1.528544e-01
8.197893e+00 1.203360e+00
-9.642845e+00 2.204873e+00
-7.342788e+00 -1.050416e+01
6.972104e+00 3.131949e+00
-4.623393e+00 -3.512775e+00
1.643357e+00 3.949327e+00
-4.023171e+00 3.587578e+00
9.740953e-01 8.891692e+00
-3.582616e+00 -3.452855e+00
-1.114441e+01 -6.793648e+00
9.629550e+00 -1.101485e+01
-1.080910e+01 7.115716e+00
5.545598e+00 9.499521e+00
1.036159e+01 -2.962730e+00
5.948124e+00 -7.747574e+00
-8.004066e-01 -1.481213e+00
5.444664e+00 -1.735538e+00
8.479610e+00 5.447271e+00
-3.164195e+00 2.718162e+00
-5.825987e+00 -8.695407e+00
-1.037057e+01 1.193804e+00
-8.345206e+00 9.447974e+00
-7.954001e-01 -8.724417e+00
4.400524e+00 -1.427938e+00
-5.832036e+00 -1.247900e+00
-9.338329e+00 4.803253e-01
-1.477291e+00 7.424217e+00
-6.865820e+00 -4.054487e+00
8.849975e+00 -5.689078e+00
5.785714e+00 2.497063e+00
-1.018532e+01 -3.129518e+00
1.049326e+01 4.057494e+00
5.236726e+00 7.396968e+00
8.935078e+00 2.888282e+00
7.246549e+00 5.910105e+00
-9.926050e+00 3.164855e+00
-8.208828e+00 -2.750403e+00
5.299108e+00 5.875351e+00
-1.641370e+00 -4.206744e+00
-7.889669e+00 -4.228618e+00
1.002170e+01 -4.040406e+00
-9.280580e+00 -5.909382e+00
8.075664e+00 -6.362752e+00
-1.528918e-01 5.083857e+00
-8.309517e+00 2.372071e+00
9.532351e+00 4.806242e+00
-8.840970e+00 1.461196e+00
-5.681146e+00 2.711836e+00
-1.282439e+00 3.212986e+00
-7.392025e-01 1.287894e-01
-1.093829e+01 5.177654e+00
-6.817807e+00 7.928979e+00
-1.917005e+00 -6.544702e+00
6.738519e+00 -1.051428e+01
8.084949e+00 -1.081986e+01
1.874262e+00 6.738726e+00
-3.558875e+00 -1.356170e+00
3.327463e+00 -1.023670e+01
8.778964e+00 -4.552412e+00
2.741617e-01 -7.319698e-01
-1.016031e+01 6.307413e+00
4.467360e+00 -9.053912e+00
4.174433e+00 6.111929e+00
-6.917122e+00 5.979008e+00
-2.100057e+00 6.686184e+00
-2.188032e+00 8.365336e+00
-4.385531e+00 1.066465e+01
1.567561e+00 1.071166e+01
-8.005629e+00 6.121207e-01
-1.899190e+00 4.496793e+00
5.818285e+00 -4.071957e+00
-8.934528e+00 -1.477803e+00
1.212492e+00 -9.432818e+00
-4.589264e+00 -4.819477e+00
6.294873e+00 7.601288e+00
-4.485549e+00 -8.465966e+00
2.405475e+00 -1.099909e+01
1.069458e+00 -7.371640e-02
5.456403e+00 4.467508e+00
-8.803980e+00 5.065498e+00
-2.907531e+00 -2.112986e+00
4.454078e+00 -1.043896e+01
2.709891e+00 -2.930850e+00
9.472554e-01 -8.391934e+00
3.032858e+00 2.083435e-01
5.787713e+00 3.485282e+00
6.186697e+00 4.189534e-01
2.080725e+00 -4.963045e+00
5.397223e+00 8.422315e+00
-2.884150e+00 7.527712e+00
-9.853727e+00 5.157009e+00
-8.613813e+00 -7.055904e+00
1.366593e+00 1.205665e+00
-1.375861e+00 9.553515e+00
-8.628778e+00 -3.429202e-01
7.492493e+00 1.024721e+01
-2.870162e+00 -5.977652e+00
-8.685992e+00 -1.077911e+01
-2.531577e+00 -1.111176e+01
-8.704296e+00 6.128256e+00
-6.295240e+00 3.516155e+00
-7.017667e+00 -2.921788e+00
-5.260144e+00 1.715255e+00
-5.935427e+00 8.229815e-01
9.903358e+00 -1.972857e+00
3.003474e+00 7.242951e+00
1.034241e+01 8.911816e+00
9.108896e+00 -6.651231e+00
-3.248006e+00 4.861655e+00
-2.445192e+00 -7.368579e+00
-1.047869e+01 4.203351e+00
-1.034199e+01 9.852560e+00
-3.313694e-01 2.426729e+00
1.565598e+00 7.873584e+00
-1.016887e+01 8.309678e+00
-8.774008e+00 -8.943468e+00
2.706572e+00 -4.073426e+00
6.459341e+00 -1.848339e+00
-6.319505e+00 -6.059793e+00
-1.085181e+01 -8.010562e+00
-1.720595e+00 6.964548e-01
1.004635e+01 -6.947368e+00
1.035213e+01 -8.273361e-01
-9.221564e+00 -9.923638e+00
-1.005573e+01 -8.860913e+00
1.094729e+01 1.463189e+00
2.425975e+00 -9.790189e+00
7.355726e+00 8.164555e+00
-1.541863e+00 -6.336007e-01
-9.356672e+00 4.183692e+00
1.199007e+00 4.942489e+00
8.419746e-02 6.150447e+00
-9.192780e+00 1.035865e+01
-8.193654e-01 -6.791199e+00
-9.712127e+00 -1.108354e+01
-6.469275e+00 1.735830e+00
-1.086582e+01 -8.733490e-01
-7.256322e+00 9.962843e+00
-7.816575e+00 5.319550e+00
-5.869202e+00 -9.866788e+00
7.837712e+00 -3.846357e+00
-5.155916e+00 -2.098794e+00
4.850703e+00 -3.526603e+00
-6.930717e+00 6.026389e-01
-6.070443e+00 9.238851e+00
-5.463244e+00 -7.757202e+00
2.870169e+00 2.355371e+00
9.724763e+00 8.097530e+00
-6.900975e+00 -9.555279e+00
-3.582485e+00 -1.088131e+01
1.093647e+01 6.298303e+00
3.277527e+00 -1.084050e+00
2.244343e+00 -1.800669e+00
-6.086091e+00 4.970308e+00
-9.617858e-01 -5.652140e+00
-4.062438e+00 -2.295640e+00
6.848958e+00 -6.307552e-01
1.095692e+01 3.397461e-01
-2.643103e+00 -8.895516e-01
-1.009339e+01 -1.802306e+00
2.205865e+00 5.717223e+00
-5.778136e+00 8.244124e+00
-5.027910e+00 5.329068e+00
-3.544772e+00 -6.905518e+00
3.920518e-01 -1.016505e+01
5.101374e+00 5.868188e-01
4.178205e+00 7.176325e+00
-4.744784e+00 8.099627e-01
-1.094630e+01 3.308670e+00
-1.399997e+00 -7.747466e+00
-3.920179e+00 -9.807411e+00
2.743242e+00 -5.849618e+00
-2.004538e-02 9.334557e+00
5.464317e+00 -5.456709e+00
-2.359441e+00 -8.541583e+00
-2.756627e+00 3.701742e+00
2.494426e+00 4.682512e+00
-9.056779e+00 8.099420e+00
-5.378778e+00 -5.488018e+00
-3.450746e+00 -5.071545e+00
-3.349151e+00 -9.000484e+00
1.340651e+00 -1.316874e+00
-1.079222e+01 2.202503e+00
-4.137297e+00 1.996591e+00
2.515565e+00 3.328955e+00
-3.832367e+00 5.749050e+00
-2.642218e+00 8.267097e-02
1.042225e+01 -8.116403e+00
-1.058207e+00 6.351944e+00
2.998269e-01 5.263557e-01
-2.335321e+00 5.725200e+00
2.255748e+00 -8.684204e+00
8.846978e+00 -2.150317e+00
2.764656e+00 -7.797154e+00
6.519833e+00 -9.513331e+00
4.888942e+00 -6.850376e+00
-5.214109e+00 -2.423451e-01
9.487744e+00 1.206628e+00
4.603447e+00 -4.569524e+00
-7.314905e+00 -5.433319e+00
9.743868e+00 1.022505e+01
-7.552503e+00 -3.326911e-01
2.016451e+00 -7.005416e+00
-7.879621e-01 -3.560780e+00
-3.338211e+00 -7.982598e+00
1.174122e+00 5.942714e+00
2.514978e-01 -6.069985e+00
6.771752e+00 -3.274065e+00
1.047499e+01 -5.938138e+00
-8.853389e+00 3.244004e+00
1.870275e+00 9.599801e+00
4.571461e+00 5.022312e+00
6.498436e+00 -4.898843e+00
-5.340159e+00 -6.610519e+00
-9.694106e+00 7.236149e+00
-4.279241e+00 4.591116e+00
-1.217557e+00 5.315117e+00
-2.853873e+00 1.546060e+00
-2.483933e+00 -3.417474e+00
1.093604e+01 8.047523e+00
-4.647434e+00 -1.087225e+00
4.104244e+00 1.000297e+01
-6.445887e+00 -4.440232e-01
1.030900e+01 3.069165e+00
-2.797453e+00 9.174509e+00
-1.643291e+00 1.846001e+00
5.852081e+00 -2.867174e+00
8.526202e+00 4.313579e+00
2.634021e+00 8.232666e+00
-1.662572e+00 -1.041031e+01
1.597760e+00 -3.725431e+00
-4.900110e+00 -9.362082e+00
1.014268e+00 2.863314e+00
-6.284005e+00 -7.094531e+00
-3.673549e+00 8.462689e+00
8.452734e+00 8.298711e+00
-6.704113e-01 -2.522758e+00
5.702748e+00 -6.485390e-01
1.092744e+01 -1.843789e+00
-7.224158e+00 8.893718e+00
7.051342e+00 -5.969166e+00
8.295881e+00 -7.436271e+00
1.004560e+00 -5.146181e+00
-7.140570e-01 -4.701256e+00
2.939890e+00 1.029447e+01
3.340855e+00 -9.277572e+00
-2.722332e-02 -7.868032e+00
-3.734598e+00 6.845696e+00
9.928396e-01 -7.151484e+00
7.166193e+00 -7.222750e+00
4.864452e+00 -2.522754e+00
9.093722e+00 -1.140452e+00
-9.108735e+00 -3.692557e+00
7.178184e+00 7.031919e+00
-5.118112e+00 3.772981e+00
-4.519771e+00 -7.145517e+00
4.425952e+00 3.907248e+00
1.575394e+00 -2.609118e+00
6.375787e+00 8.756536e+00
8.851696e+00 -3.357276e+00
6.529189e+00 9.786782e+00
5.746927e+00 -8.863036e+00
-5.575603e+00 -4.142529e+00
7.865754e+00 2.317936e+00
5.902825e+00 -6.753368e+00
-5.873987e+00 1.036472e+01
5.011930e+00 1.056839e+01
9.348288e+00 9.185425e+00
7.248248e+00 5.984713e-01
-5.970188e-01 -1.017357e+01
5.878814e+00 -1.100104e+01
1.736668e-01 -9.157998e+00
8.962120e+00 -1.022227e+01
3.425961e-01 -2.000875e+00
4.893095e+00 -7.939126e+00
-9.622391e-01 8.518397e+00
-6.893561e+00 -1.873482e+00
-5.797855e+00 6.041968e+00
5.890567e-01 -3.254531e+00
7.205892e-01 1.011584e+01
4.950340e+00 1.608585e+00
3.833791e+00 -3.836105e+00
-1.264575e+00 1.080635e+01
-1.889660e+00 -1.685181e+00
4.743419e+00 2.811053e+00
-8.017791e+00 8.209628e+00
-2.782373e+00 -1.003649e+01
1.011454e+01 2.056823e+00
8.245698e+00 6.517211e+00
-5.707281e+00 -3.090143e+00
-6.812158e+00 1.096531e+01
-7.677770e+00 6.674560e+00
-7.286726e+00 -6.551012e+00
7.903460e+00 -9.766266e+00
7.766999e+00 -1.578153e+00
-1.980629e+00 -5.270045e+00
-3.601097e+00 8.299610e-01
7.909909e+00 3.458997e+00
-1.064104e+01 1.095258e+01
-1.037116e+01 8.045346e-02
9.418885e+00 6.051498e+00
-8.082063e-01 4.131450e+00
-8.188930e+00 -5.966744e+00
3.386483e+00 -6.823348e+00
-8.561058e+00 7.206649e+00
-3.902033e+00 9.501293e+00
3.294420e+00 5.419605e+00
-9.438816e+00 -7.919148e+00
9.020732e+00 -8.956131e+00
-8.550304e+00 -5.025616e+00
-2.172346e+00 1.015382e+01
-7.126867e+00 2.662520e+00
-1.010704e+01 -4.179273e+00
-5.002338e+00 9.849011e+00
5.440048e+00 -9.910931e+00
-9.853584e+00 -6.866775e+00
6.462969e+00 5.258078e+00
1.407820e+00 -6.113460e+00
3.420871e+00 4.397222e+00
2.748583e+00 1.195238e+00
6.895666e+00 1.757036e+00
6.057918e-01 4.027158e+00
4.526468e+00 9.058417e+00
-5.655920e+00 -1.100590e+01
4.580809e-01 -4.288372e+00
8.633491e+00 1.039435e+01
9.854940e+00 6.645772e-02
-1.109022e+01 -5.051931e+00
-4.397030e+00 -5.997684e+00
-3.265440e+00 1.027582e+01
-8.141207e+00 -9.787480e+00
-1.033216e+01 -9.834977e+00
2.126028e-01 8.162486e+00
-7.523976e+00 1.571171e+00
3.701760e+00 -2.420505e+00
-4.697301e+00 6.298851e+00
1.084421e+01 -1.023765e+01
-8.322639e+00 -8.057339e+00
1.075345e+01 9.905941e+00
4.613330e+00 -3.458913e-01
7.863514e-01 7.087609e+00
-7.942970e+00 -1.553373e+00
1.825899e+00 2.287736e+00
3.642611e+00 1.111802e+01
-7.709146e+00 -8.908310e+00
-9.538598e+00 9.196517e+00
3.890976e+00 8.269535e+00
3.907920e+00 7.413146e-01
-9.254364e+00 -2.692241e+00
6.197757e+00 6.481903e+00
2.169467e+00 -6.304039e-01
6.680058e+00 4.180057e+00
1.463527e+00 -1.048218e+01
9.042425e+00 7.272577e+00
-3.715583e-01 7.217600e+00
-9.762660e+00 -7.235749e-01
1.111739e+01 -9.238459e+00
-3.963842e+00 -1.929203e-01
1.060449e+01 1.112816e+01
-6.235615e+00 -4.923047e+00
-1.040486e+01 -5.971907e+00
7.696040e+00 -5.044527e+00
3.428009e+00 -4.981157e+00
9.369686e+00 -7.977608e+00
-1.090420e+01 9.001257e+00
3.514409e+00 3.447176e+00
-2.105238e+00 2.780590e+00
-7.936335e+00 1.082270e+01
4.171736e-01 1.702549e+00
-2.652522e+00 -4.496655e+00
9.483133e+00 3.753684e+00
-1.672777e+00 -9.348140e+00
3.176650e+00 9.244058e+00
3.967005e+00 2.014627e+00
-2.383114e-01 1.053410e+01
-4.882177e+00 8.700343e+00
6.241397e-01 -1.114365e+01
1.020145e+01 7.114454e+00
2.022726e+00 4.217535e-01
9.882805e+00 -5.123137e+00
-1.576739e+00 -2.864427e+00
-7.358318e+00 4.342414e+00
-5.433137e-01 1.334224e+00
-1.107664e+01 -3.607920e+00
1.038790e+01 5.394462e+00
8.096295e+00 -8.470881e+00
3.800692e+00 -7.741372e+00
8.044477e+00 -2.809534e+00
-5.822980e+00 7.017224e+00
6.749067e+00 -8.338247e+00
-7.851975e+00 3.489909e+00
-4.749883e+00 -1.043389e+01
