4.756954e+00 -1.011544e+01
-8.555322e+00 7.552009e+00
-9.496543e+00 8.007405e+00
-5.411603e+00 -1.143655e+00
-6.334061e+00 6.280793e-01
-7.429670e+00 -1.000729e+01
7.753182e+00 -9.954019e-01
5.185502e+00 3.634300e+00
4.493837e+00 -4.406918e+00
6.318337e+00 -3.316695e+00
-5.125507e+00 7.116234e+00
-9.994737e+00 6.003883e+00
-8.862927e+00 2.669348e-01
5.059600e+00 2.177601e+00
-5.826129e+00 2.830885e+00
6.516587e+00 3.629235e+00
-9.477173e+00 -2.162731e+00
-1.020564e+01 -1.101047e+01
-8.298206e+00 -6.994378e+00
-8.549601e+00 -8.074068e+00
5.799113e+00 -9.769278e+00
1.007009e+01 -4.156744e+00
3.559824e+00 -2.795411e+00
-3.229542e+00 6.350305e-01
6.438536e+00 5.351177e-01
-1.070124e+01 7.043878e+00
-4.168641e+00 -1.179848e+00
-5.231664e-02 -9.513538e+00
6.784971e+00 2.334884e+00
-6.650934e+00 3.863958e+00
2.696122e+00 -8.571282e+00
7.555824e+00 3.437872e+00
-9.708096e+00 1.940007e+00
-1.099466e+01 3.409227e-01
-1.761203e+00 3.251167e+00
-5.572663e+00 -1.037794e+01
-8.042333e+00 -1.078984e+01
-7.510554e+00 -7.703864e+00
1.004463e+01 -6.172017e+00
-8.180458e+00 2.801591e+00
7.834698e+00 -8.296914e+00
5.444460e+00 -2.641774e+00
-8.403199e+00 -9.252445e+00
-1.108176e+01 3.779144e+00
-1.059058e+01 -5.119579e+00
7.997534e+00 9.717826e+00
-7.242261e+00 -3.670017e+00
-7.714041e+00 -4.797523e+00
9.132100e+00 -4.935059e+00
1.022725e+01 2.021486e+00
3.587734e+00 -1.685024e+00
-3.663607e-01 2.233135e+00
8.395176e+00 3.464711e-01
-8.582835e+00 4.581155e+00
1.006798e+01 -1.183526e+00
-7.440099e+00 -1.331865e+00
1.812875e+00 3.869244e+00
-4.905413e+00 -6.229928e+00
-7.840367e+00 5.395264e+00
-1.348626e+00 6.221998e+00
3.946221e+00 1.002073e+01
5.651350e+00 -8.651723e+00
7.827987e+00 -1.082290e+01
-1.140163e+00 -9.717522e+00
1.112741e+01 1.480539e+00
4.232920e+00 -5.636571e+00
-1.043536e+01 -6.923788e+00
-5.400074e+00 -2.302120e+00
-7.647937e+00 9.305552e+00
6.703815e+00 -5.545385e+00
5.694104e+00 6.442077e+00
1.014916e+01 3.092460e+00
-2.347246e-01 6.407126e+00
3.001170e+00 3.430352e+00
-2.362297e-02 4.561311e+00
1.068234e+01 5.054964e+00
-1.051289e+01 -3.105753e+00
-1.703218e+00 5.116524e+00
6.385460e+00 -6.547249e+00
1.020770e+01 -5.167757e+00
4.505159e+00 1.103821e+01
-9.313049e+00 -5.097272e+00
7.057892e+00 4.658664e+00
2.250884e+00 -4.855450e+00
5.899088e+00 9.348259e+00
5.368332e+00 9.675715e-01
8.197845e+00 -9.352268e+00
-6.699051e+00 4.929167e+00
4.405219e+00 -6.768425e+00
-1.043157e+00 1.920871e-01
-6.440791e+00 -1.563416e+00
-2.160623e+00 2.532043e-01
-2.719814e+00 3.965684e+00
9.147266e+00 3.462889e+00
9.988232e+00 6.652969e+00
3.408312e+00 -7.194460e-01
7.138782e+00 7.756501e+00
-3.071150e+00 -5.271676e-01
-8.980737e+00 3.661909e+00
-1.005380e+01 -7.942455e+00
-1.006329e+01 3.411707e+00
2.757475e+00 7.944475e+00
-1.068041e+01 -9.018930e+00
-1.114399e+01 -6.084267e+00
-8.825932e-01 -7.485468e+00
-6.508150e+00 7.744242e+00
-1.989222e+00 -7.411103e+00
-1.067319e+01 5.068415e+00
-6.232984e+00 -3.149203e+00
-6.428795e+00 -7.520196e+00
1.039323e+01 -2.163276e+00
-4.557512e+00 2.257397e+00
1.891833e-01 1.124489e-01
6.336849e+00 5.596144e+00
-1.074784e+01 9.451012e+00
-8.792705e+00 9.776117e+00
-8.853456e+00 1.351923e+00
-4.223118e+00 -7.329907e+00
9.621816e+00 5.475083e+00
-8.005726e+00 1.046316e+01
1.547023e+00 2.891198e+00
1.369166e+00 4.969162e+00
-3.049162e+00 8.040461e+00
-5.808329e+00 9.686593e+00
2.771214e+00 -3.937747e+00
1.020567e+01 8.889572e-01
-7.173703e+00 -6.623405e+00
-6.493822e+00 8.908954e+00
-2.540524e+00 2.500961e+00
-1.002828e+01 9.332531e-01
8.088559e+00 -4.403928e+00
-5.359165e+00 -7.271372e+00
-9.832867e+00 9.983810e+00
9.246514e+00 9.000750e-01
6.460920e-01 -7.569443e+00
5.052258e+00 8.058630e+00
-3.834108e+00 -3.323873e+00
7.234897e+00 1.348359e+00
1.269225e+00 7.784604e+00
1.998009e-01 7.433729e+00
-3.536925e+00 1.721807e+00
9.787767e-01 -6.572878e+00
-1.019774e+01 -9.910845e+00
-7.429452e+00 7.041579e+00
8.463921e+00 -2.912731e+00
-6.377054e+00 1.894780e+00
-7.841074e+00 -2.715254e-01
-4.994366e+00 -8.294526e+00
6.155810e+00 1.538236e+00
-8.873397e+00 -4.178036e+00
-9.039379e-01 -8.426763e-01
1.008316e+01 4.108492e+00
-6.940584e+00 5.969974e+00
-3.209429e+00 -9.247571e+00
3.789199e+00 2.640960e+00
7.533518e+00 5.791812e+00
-4.491805e+00 9.962704e+00
-3.754669e+00 1.081403e+01
9.720841e+00 8.369287e+00
-2.942749e+00 -2.814992e+00
-6.224391e-01 5.411201e+00
-7.673963e+00 1.862772e+00
-1.461600e-01 -3.491027e+00
-8.309975e+00 -3.119420e+00
8.057079e+00 2.422760e+00
2.423178e+00 -1.283008e-01
-2.092736e+00 -2.065034e+00
-1.107364e+01 -8.060727e-01
4.463927e+00 4.566852e+00
-5.606729e+00 4.421366e+00
-2.497174e+00 6.044916e+00
2.038413e+00 -6.795809e+00
1.672135e+00 -5.765129e+00
8.353627e+00 8.013050e+00
8.297012e+00 4.626309e+00
-1.003470e+01 -1.101138e+00
7.367314e+00 6.482016e-02
1.768091e+00 -9.170189e+00
3.004155e+00 -9.596009e+00
-4.300884e+00 -5.039528e-02
-6.005362e-01 -8.524400e+00
7.545423e-01 3.827816e+00
-4.285264e+00 -9.570598e+00
-4.161275e+00 7.836299e+00
7.090011e-01 8.987269e+00
1.006836e+01 -1.013043e+01
-3.654975e+00 -6.363452e+00
-6.149390e+00 -6.487038e+00
-1.411130e-01 -1.050485e+01
-5.404119e+00 1.977793e-02
1.038454e+01 -1.510318e-01
-1.353539e+00 -6.527312e+00
5.726918e+00 4.639558e+00
-4.680885e+00 3.380773e+00
-7.358721e+00 7.976545e-01
-9.165384e+00 -1.018947e+01
-3.166555e+00 -1.749924e+00
1.317933e+00 1.844710e+00
9.471875e-01 6.707497e+00
2.785164e+00 -5.895809e+00
1.400889e+00 -2.012766e+00
4.494594e+00 -9.040873e+00
7.309491e+00 1.055463e+01
5.519466e+00 -5.080805e+00
-3.526798e+00 3.143250e+00
7.514999e+00 -2.268244e+00
-8.314129e-01 -1.913306e+00
-3.202958e+00 -1.055932e+01
5.777565e-01 5.698351e+00
9.027672e+00 -3.843216e+00
9.725318e-01 8.162887e-01
-3.119619e+00 -7.456403e+00
-1.840787e+00 9.872649e+00
-1.420431e+00 2.158396e+00
1.790018e-01 -2.524922e+00
4.529143e+00 -2.223757e+00
6.775673e+00 -1.065083e+01
-5.804415e+00 5.622731e+00
2.301908e+00 -1.032482e+01
5.268456e+00 5.553670e+00
9.508789e-01 -3.242389e+00
-6.187813e+00 -8.619563e+00
-1.723675e-01 8.430149e+00
-4.670024e+00 4.869394e+00
-4.244443e+00 9.754638e-01
-5.421373e+00 1.428941e+00
-2.004559e+00 -3.332390e+00
-5.345633e+00 -9.270653e+00
-4.537169e+00 -4.275559e+00
4.697122e+00 6.845068e+00
9.255965e+00 -5.716183e-01
5.601334e+00 -1.571480e+00
-7.914170e-01 7.286932e+00
-2.813481e+00 4.960689e+00
2.986558e+00 1.635123e+00
1.097101e+01 6.188355e+00
6.282459e+00 1.034982e+01
3.199806e+00 -6.859709e+00
3.016264e-01 -1.415255e+00
-2.937950e+00 9.967594e+00
-1.230698e+00 4.205799e+00
-4.482743e+00 -1.068494e+01
-4.558860e+00 8.792412e+00
6.988686e+00 9.580475e+00
-5.738075e+00 -4.367106e+00
3.747970e-02 1.271000e+00
3.495352e+00 7.112877e+00
-8.512184e+00 8.665198e+00
-5.531508e-01 3.388003e+00
5.424948e+00 -6.098463e+00
-2.531496e+00 -6.441105e+00
-5.623748e+00 -5.395444e+00
3.731211e+00 -7.904520e+00
4.204333e+00 5.574582e+00
1.043001e+00 -4.595943e+00
1.755918e+00 6.053801e+00
-3.247460e-01 -6.507487e+00
5.558776e+00 -7.131613e+00
5.893933e+00 2.856889e+00
3.375849e+00 -4.955921e+00
-9.484422e+00 -3.220745e+00
6.819255e+00 -8.643555e+00
-8.902786e+00 -8.483540e-01
-2.233601e+00 -9.982302e+00
9.066069e+00 7.033231e+00
-2.343900e+00 -4.337949e+00
7.127972e+00 -9.625138e+00
7.924178e+00 -5.485623e+00
8.229478e+00 -7.279352e+00
-1.522260e-01 -4.563920e+00
-3.508435e+00 -4.298989e+00
5.419750e+00 -1.247668e-01
-2.078598e+00 -9.318041e-01
4.602597e+00 -3.289184e+00
2.571452e+00 1.010866e+01
9.523250e+00 9.713797e+00
7.844431e+00 6.961675e+00
2.080734e+00 -7.880744e+00
3.792828e+00 -1.031412e+01
2.594701e-01 9.967823e+00
5.234983e+00 1.028703e+01
2.113734e+00 -1.159801e+00
-1.076896e+00 -3.047148e+00
7.156606e-01 1.097301e+01
-1.081977e+01 2.666315e+00
-4.635794e+00 6.027406e+00
-1.257439e+00 -4.438604e+00
1.933088e+00 8.871691e+00
6.343670e+00 -6.861703e-01
2.498504e+00 -2.193047e+00
-3.909801e+00 -8.469318e+00
-5.183942e+00 -3.398407e+00
-9.529956e+00 -8.960279e+00
1.059871e+01 8.870249e+00
8.141064e-01 -8.796061e+00
3.388414e+00 5.894488e-01
-1.086240e+01 1.053850e+01
-8.316196e+00 -2.001972e+00
-7.154565e-01 9.526823e+00
-6.970532e+00 2.857248e+00
-5.428335e+00 1.085523e+01
5.765996e+00 -1.102469e+01
8.923637e+00 -1.600516e+00
4.621109e-01 -5.563555e+00
-4.226132e+00 -5.255437e+00
-1.076703e+01 8.337770e+00
-1.017422e+01 -4.164595e+00
7.387045e+00 -3.373984e+00
1.057324e+01 9.968137e+00
-4.407654e+00 -2.326085e+00
-6.752334e+00 -5.617089e+00
-2.024676e+00 -5.500931e+00
-8.336875e+00 6.530386e+00
-6.065155e+00 6.710625e+00
3.390365e+00 4.538430e+00
-6.784494e+00 9.960976e+00
-7.859911e+00 -5.751658e+00
-6.413787e+00 1.115064e+01
-7.246153e-01 1.076210e+01
8.358744e+00 1.358434e+00
1.048154e+01 -9.177685e+00
-3.285392e+00 6.719547e+00
8.984864e+00 -1.048097e+01
-9.173663e+00 1.096077e+01
9.271394e+00 -9.480929e+00
6.892666e+00 -4.376499e+00
2.495218e+00 2.552489e+00
6.522561e+00 8.579290e+00
9.130864e+00 2.061036e+00
4.140733e+00 3.623858e+00
1.399674e+00 9.940739e+00
-2.564313e+00 8.972319e+00
4.988885e-01 2.783273e+00
6.010590e+00 7.670100e+00
9.518188e+00 -2.570891e+00
5.505604e+00 -4.055709e+00
-2.452990e+00 1.100818e+01
2.297564e+00 6.970205e+00
-7.410419e+00 8.211096e+00
-1.513037e+00 -1.091512e+01
1.910484e+00 1.098277e+01
-1.000443e+01 -5.991197e+00
6.467004e+00 -2.105837e+00
1.203808e+00 -1.017974e+01
-7.324405e+00 -8.684688e+00
-8.921415e+00 -6.057520e+00
1.068867e+01 -1.105861e+01
4.183767e+00 -2.870773e-02
2.005979e+00 9.527301e-01
-1.003912e+01 -6.062492e-02
-1.365143e+00 1.151998e+00
1.065945e+01 -7.056084e+00
-1.552704e+00 8.181394e+00
-3.522601e+00 9.131707e+00
6.827780e+00 6.560515e+00
7.616073e+00 8.747839e+00
-1.105934e+01 -8.058012e+00
8.519188e+00 1.073570e+01
2.402987e+00 4.785657e+00
-9.593230e+00 8.998858e+00
3.800033e+00 8.156555e+00
1.106667e+01 -9.942621e+00
3.118043e+00 9.005167e+00
-9.248629e+00 -7.319666e+00
9.480143e+00 -7.418418e+00
-6.723380e+00 -3.858670e-01
1.062535e+01 -3.253507e+00
-1.672381e+00 -8.812396e+00
6.643786e+00 -7.565348e+00
4.199734e+00 1.426908e+00
4.587543e+00 -1.171990e+00
1.017748e+01 -8.093808e+00
9.559500e+00 1.101095e+01
8.615250e+00 6.000940e+00
-7.121010e+00 -2.380012e+00
-2.173849e+00 7.358778e+00
1.323905e+00 -4.277398e-01
-1.059459e+01 -1.926261e+00
-9.423265e+00 6.913188e+00
-5.608908e-01 -5.533157e+00
4.802262e+00 -8.006019e+00
8.819889e+00 8.979498e+00
3.171740e+00 1.116897e+01
-3.876071e+00 4.146312e+00
3.143781e+00 6.029787e+00
1.055713e+01 7.750613e+00
-3.618908e+00 5.681260e+00
8.887417e+00 -8.407583e+00
-3.172838e+00 -5.260977e+00
1.109054e+01 -4.158584e+00
-2.421532e+00 1.524433e+00
7.403647e+00 -6.413732e+00
-9.614225e+00 4.684449e+00
4.804136e+00 9.223075e+00
1.735360e+00 -3.836092e+00
-6.423194e+00 -9.562835e+00
-7.643407e+00 3.897533e+00
8.718547e+00 -6.288435e+00
-8.976488e+00 5.698954e+00
-5.487421e+00 8.420408e+00
