4.765476e+00 -9.038459e+00
-7.429418e+00 5.228791e+00
-8.589343e+00 6.801824e+00
-6.025872e+00 -2.896056e+00
-5.045543e+00 1.909175e+00
-1.014417e+01 -9.778951e+00
6.367525e+00 1.909926e+00
2.206954e+00 4.934124e+00
7.562971e+00 -5.962155e+00
6.854499e+00 -2.840523e+00
-7.127649e+00 8.280967e+00
-1.028068e+01 4.319863e+00
-7.966719e+00 1.118699e-01
3.575752e+00 2.836855e+00
-2.734773e+00 2.518507e+00
6.270640e+00 3.249836e+00
-8.930401e+00 -1.562013e+00
-7.584249e+00 7.183832e+00
-8.588614e+00 -6.379968e+00
-8.208494e+00 -8.635438e+00
7.217516e+00 1.111165e+01
9.093426e+00 -5.116676e+00
5.463944e+00 -2.781335e+00
7.555277e-01 -1.562077e+00
5.288148e+00 1.363731e+00
-9.689630e+00 5.381482e+00
-3.367312e+00 -1.896272e+00
-4.018743e-01 -9.195466e+00
9.116204e+00 2.972712e+00
-6.189379e+00 3.446069e+00
1.307287e+00 -9.039870e+00
5.410566e+00 3.964374e+00
-1.076504e+01 1.512109e+00
-9.527433e+00 1.297440e+00
-7.640494e-01 4.102707e+00
-7.283682e+00 -1.075145e+01
1.068255e+01 -9.811955e+00
-9.491023e+00 -7.475386e+00
8.331764e+00 -3.980203e+00
-5.989330e+00 1.229192e+00
9.982969e+00 -7.042049e+00
6.597900e+00 4.985285e-01
1.118005e+01 1.000032e+01
-9.769287e+00 2.442264e+00
-1.018466e+01 -4.540092e+00
1.031048e+01 9.207359e+00
-9.339831e+00 -3.547551e+00
-9.020770e+00 -2.598231e+00
8.961741e+00 -1.643394e+00
-9.550724e+00 7.418205e-02
4.938138e+00 -7.786621e-01
2.119877e-01 4.942554e+00
1.026079e+01 2.580653e+00
-7.229978e+00 3.338037e+00
8.706505e+00 8.979403e-01
-6.610219e+00 -8.459905e-01
2.066646e+00 7.334340e+00
-7.597981e+00 -5.235108e+00
-7.482457e+00 2.328536e+00
-2.727822e+00 9.109423e+00
4.295517e+00 1.111707e+01
6.735770e+00 -9.039994e+00
7.773015e+00 -1.031811e+01
-1.824361e+00 -1.028993e+01
-8.794354e+00 2.156082e+00
5.180126e+00 -6.182645e+00
-1.046859e+01 -6.845567e+00
-8.271471e+00 -3.334654e+00
-9.112370e+00 9.899155e+00
8.057376e+00 -4.989749e+00
5.075900e+00 6.130049e+00
8.278133e+00 2.197738e+00
1.080071e-02 8.037168e+00
1.892785e+00 6.295961e+00
-2.676895e+00 5.146939e+00
1.103061e+01 3.479806e+00
-7.909312e+00 -1.229883e+00
-4.324952e+00 6.941704e+00
6.674314e+00 -7.929689e+00
1.109429e+01 -6.224019e+00
2.474902e+00 -9.095881e+00
1.056105e+01 -3.499006e+00
4.005153e+00 5.909844e+00
2.884386e+00 -4.018772e+00
5.059268e+00 1.023568e+01
3.423994e+00 1.469456e+00
9.470271e+00 -8.115760e+00
-3.839312e+00 3.510897e+00
5.960184e+00 -4.888730e+00
-2.429736e-01 -4.348007e-01
-8.036837e+00 -2.239453e+00
-1.098826e-01 -3.659230e+00
-4.152610e-01 9.317863e-01
7.745882e+00 4.440733e+00
9.692663e+00 4.702891e+00
2.684373e+00 -5.702546e-01
6.959697e+00 5.432492e+00
-1.177863e+00 -1.147132e+00
-6.599841e+00 4.070839e-01
-9.306588e+00 -8.548845e+00
-7.254412e+00 1.153975e+00
2.458427e+00 9.761113e+00
-1.041979e+01 -8.082700e+00
8.972716e+00 -7.223199e+00
-3.361826e+00 -9.151893e+00
-7.412831e+00 1.016608e+01
-3.616135e+00 -6.837454e+00
-8.512098e+00 1.123795e+00
-6.452570e+00 -3.951186e+00
-7.221571e+00 -8.594860e+00
1.085304e+01 -1.487510e+00
-2.309635e+00 -3.318750e-01
2.193760e+00 1.616652e+00
2.753065e+00 5.856663e+00
-1.030564e+01 6.432862e+00
-9.700719e+00 7.334431e+00
-4.986787e+00 2.944271e+00
-5.053612e+00 -5.418485e+00
-8.414060e+00 3.150503e+00
-9.541555e+00 -1.068342e+01
-1.793169e+00 4.568536e+00
-1.901660e+00 3.293081e+00
-3.080450e+00 1.013803e+01
-6.854163e+00 9.297825e+00
6.110170e+00 -3.707579e+00
-1.033221e+01 -5.146947e-01
-8.588661e+00 -4.343239e+00
-9.883557e+00 8.329591e+00
1.097059e+00 3.017685e+00
-4.868130e+00 5.740711e-01
6.938610e+00 -5.087896e+00
-6.498456e+00 -5.584245e+00
-1.083401e+01 7.596512e+00
-1.068543e+01 4.813564e-01
-1.995012e+00 -7.829833e+00
6.779999e+00 7.659549e+00
-3.344836e+00 -4.837086e+00
5.469978e+00 2.526880e+00
1.985420e-01 9.137202e+00
-1.889773e+00 8.428346e+00
-1.536122e+00 1.106522e+00
-8.931052e-01 -8.136417e+00
-1.011544e+01 1.071181e+01
-6.984133e+00 6.253206e+00
8.140757e+00 -8.578788e-01
-3.827426e+00 1.350076e+00
-5.050378e+00 -2.463446e+00
-6.605634e+00 -7.470910e+00
3.081382e+00 3.844110e+00
-1.012675e+01 -2.560782e+00
-1.107473e+00 -3.205954e+00
-9.601510e+00 3.548906e+00
-5.618746e+00 4.522811e+00
-6.532875e+00 -1.002452e+01
2.505914e+00 2.685182e+00
4.688635e+00 5.033971e+00
-4.640423e+00 -1.095217e+01
-5.387547e+00 1.067755e+01
8.812645e+00 6.697643e+00
-2.524480e+00 -3.899886e+00
-1.393732e+00 6.595197e+00
-3.348408e+00 -8.644573e-01
4.369720e+00 -3.202979e+00
-1.069405e+01 -3.553034e+00
9.451336e+00 1.718942e+00
-7.153856e-01 1.984975e+00
3.032153e-01 -2.674294e+00
-1.038613e+01 -1.617112e+00
1.062241e+00 5.495508e+00
-3.703081e+00 4.760884e+00
-3.342582e+00 8.073467e+00
1.886863e+00 -5.800077e+00
8.929333e-01 -7.148470e+00
8.060719e+00 5.996338e+00
9.948202e+00 3.662418e+00
-5.599688e+00 -1.721507e-01
4.645431e+00 3.188938e+00
-2.476188e-01 -7.301267e+00
5.805259e-01 -1.011613e+01
-1.249387e+00 -1.077995e-01
-2.995091e+00 -1.043735e+01
-2.715208e+00 4.068414e+00
-5.134979e+00 -9.273264e+00
-5.754131e+00 8.499119e+00
2.182461e+00 1.081085e+01
-1.094347e+01 8.636877e+00
-2.358546e+00 -4.984389e+00
-5.055320e+00 -3.507349e+00
-6.944526e-01 -1.041173e+01
-5.924390e+00 -1.664379e+00
7.132511e+00 2.637829e+00
-4.758893e+00 -6.666626e+00
3.458372e+00 4.991447e+00
-2.828408e+00 1.275714e+00
-2.237013e+00 -1.674942e+00
-1.101472e+01 -9.066311e+00
-3.083617e+00 -2.873688e+00
-2.568427e-01 6.927409e+00
9.944948e-01 7.506842e+00
4.648925e+00 -5.242603e+00
3.453699e+00 -2.827221e+00
3.706379e+00 -7.207941e+00
8.238254e+00 1.102915e+01
5.598075e+00 -8.415549e+00
-3.365350e+00 3.515587e-01
1.097189e+01 -3.974766e-01
1.359556e+00 -2.608731e+00
-3.237648e+00 -7.954324e+00
-9.064425e-01 7.728101e+00
7.990928e+00 1.463892e-01
2.021544e+00 3.755572e+00
-5.903172e+00 -6.535526e+00
-1.242751e+00 1.100389e+01
2.455958e-01 3.809343e+00
2.463677e+00 -2.746075e+00
6.012647e+00 -4.015448e-01
7.676557e+00 1.010931e+01
-4.630112e+00 4.209823e+00
-5.735047e-01 9.771180e+00
5.718151e+00 6.879166e+00
3.725963e+00 -4.854371e+00
-7.254631e+00 -6.393304e+00
-2.138887e+00 7.233924e+00
-5.735070e+00 6.541088e+00
-2.591171e-01 -1.533460e+00
-1.041047e+00 -2.205210e+00
-1.496734e+00 -4.103004e+00
-5.548099e+00 -7.473859e+00
-7.525564e+00 -4.097966e+00
6.057358e+00 8.425783e+00
1.003742e+01 2.278137e-01
5.196897e+00 2.948827e-01
-3.187607e+00 6.982510e+00
-7.888821e-01 3.063175e+00
8.420093e-02 2.709351e+00
1.078285e+01 4.676898e+00
8.139190e+00 9.140761e+00
2.644929e+00 -7.929821e+00
3.022748e+00 -1.751667e+00
-5.424706e+00 -1.029566e+01
-4.174041e+00 5.827184e+00
-6.331959e+00 -1.109571e+01
-4.357576e+00 1.008223e+01
6.207342e+00 1.062955e+01
-5.704097e+00 -4.671965e+00
1.253472e+00 4.433541e+00
4.106869e+00 8.236591e+00
-8.360850e+00 7.801860e+00
-1.826333e+00 2.063033e+00
5.709209e+00 -9.521123e+00
-2.624864e+00 -6.955842e+00
-4.058562e+00 -5.703732e+00
1.598218e+00 -8.031038e+00
5.020380e+00 7.904521e+00
6.766288e-01 -6.024995e+00
7.363277e-01 6.437928e+00
-4.727952e-01 -6.172817e+00
6.680430e+00 -1.010760e+01
4.123494e+00 4.042709e+00
4.802715e+00 -4.082760e+00
1.106870e+01 -2.568720e+00
8.809744e+00 -9.581707e+00
-5.093249e+00 -1.067215e+00
-2.391732e+00 -8.823404e+00
9.337409e+00 5.719735e+00
-7.966110e-02 -4.731560e+00
7.788630e+00 -9.085514e+00
6.597370e+00 -6.878435e+00
8.604147e+00 -6.186452e+00
1.552074e+00 -4.777682e+00
-4.487086e+00 -4.503833e+00
4.432434e+00 2.039443e+00
-1.968119e+00 -2.625804e+00
5.440726e+00 -1.781039e+00
4.410118e+00 -1.015638e+01
9.807381e+00 6.932230e+00
6.723839e+00 4.188303e+00
2.129132e+00 -6.889133e+00
3.708849e+00 -8.439905e+00
5.089147e+00 8.974056e+00
4.198991e+00 9.530352e+00
4.052973e+00 -1.179840e+00
8.748527e-01 -3.690907e+00
3.696315e-01 1.019216e+01
1.053496e+01 1.394435e+00
-5.233925e+00 7.529981e+00
-1.926387e+00 -5.968727e+00
3.211622e+00 1.057901e+01
7.356792e+00 1.560603e+00
4.341979e+00 -2.209331e+00
-6.065229e+00 -8.486041e+00
-3.668754e+00 -3.738485e+00
-1.005786e+01 9.388960e+00
7.796596e+00 7.028429e+00
-1.421289e+00 -9.281308e+00
2.795842e+00 6.869873e-01
1.017891e+01 1.022082e+01
9.999432e+00 -2.316152e+00
-8.080246e-01 8.736965e+00
-4.324373e+00 -4.145601e-01
-6.311330e+00 1.012412e+01
5.840698e+00 -1.072228e+01
9.050698e+00 -1.252642e-01
1.944429e+00 -3.604596e+00
-2.987803e+00 -5.821042e+00
-1.070672e+01 5.345763e+00
1.006028e+01 -4.407721e+00
6.503072e+00 -1.554952e+00
1.037695e+01 5.696919e+00
-4.069296e+00 -2.727117e+00
-9.048619e+00 -5.286455e+00
-1.359248e+00 -6.942470e+00
-6.743596e+00 4.427887e+00
-6.185586e+00 5.329824e+00
4.214615e+00 6.984695e+00
-8.308539e+00 1.084655e+01
-9.626499e+00 -6.252591e+00
-8.394243e+00 -1.046606e+01
1.268347e+00 9.470799e+00
7.856960e+00 3.386169e+00
1.045021e+01 -1.108695e+01
-5.093595e+00 9.365023e+00
9.681266e+00 -1.025282e+01
-8.928616e+00 8.722035e+00
9.736578e+00 -9.134879e+00
4.644833e+00 -7.869914e+00
-2.540845e+00 6.150243e+00
6.684848e+00 6.507050e+00
-1.091492e+01 2.551529e+00
-2.034927e-01 5.937587e+00
1.073749e+00 1.109904e+01
-3.668022e+00 1.109967e+01
-1.489008e+00 5.592608e+00
5.694833e+00 5.264674e+00
9.825601e+00 -1.021705e+00
6.307160e+00 -5.884552e+00
-2.383263e+00 1.099944e+01
3.033618e+00 7.891381e+00
-6.544604e+00 7.222211e+00
6.523877e-02 -1.116143e+01
3.249258e+00 -1.068785e+01
1.102568e+01 -7.361692e+00
7.168864e+00 -4.692641e-01
3.156476e-01 -8.246854e+00
-8.912576e+00 -9.514184e+00
-1.044309e+01 -5.539554e+00
9.490918e+00 1.100411e+01
3.705083e+00 -1.234085e-01
6.664610e-01 6.936141e-01
-8.723303e+00 -5.186046e-01
9.985020e-01 -4.639715e-01
8.226794e+00 -8.010290e+00
-4.034291e+00 -1.002332e+01
-3.805422e+00 9.114467e+00
8.635776e+00 4.944247e+00
8.986599e+00 8.282090e+00
1.047408e+01 -8.380381e+00
7.891955e+00 8.084024e+00
3.136646e+00 6.834103e+00
-8.517863e+00 5.458420e+00
3.256557e+00 8.998831e+00
-1.094462e+01 -1.069115e+01
6.017074e+00 9.479286e+00
-8.404545e+00 -7.427329e+00
7.126398e+00 -3.838494e+00
-7.310347e+00 -2.948972e+00
8.263321e+00 -2.809168e+00
-4.456263e+00 -8.096340e+00
5.563992e+00 -7.368488e+00
1.173187e+00 1.868423e+00
4.285922e+00 8.249005e-01
9.807190e+00 -6.067801e+00
9.052515e+00 9.542256e+00
8.915419e+00 3.982488e+00
-7.029450e+00 -1.926413e+00
-1.665012e+00 9.919080e+00
1.799744e+00 4.239670e-01
9.210992e+00 -3.555120e+00
-7.808144e+00 4.191173e+00
2.698537e+00 -5.057093e+00
4.130124e+00 -6.263992e+00
1.047041e+01 7.962478e+00
1.707303e+00 -1.023273e+01
-4.349854e+00 7.985990e+00
1.984852e+00 8.456725e+00
1.097381e+01 6.617058e+00
-5.141354e+00 5.533872e+00
7.664512e+00 -7.056133e+00
-1.167742e+00 -5.176359e+00
1.113673e+01 -4.443373e+00
1.997346e+00 -1.429092e+00
7.550197e+00 -1.851299e+00
-6.284063e+00 2.306006e+00
7.121930e+00 9.026465e+00
3.030027e+00 -6.222814e+00
-7.729090e+00 -9.646392e+00
-3.905180e+00 2.396583e+00
1.063205e+01 -5.369429e+00
-8.823628e+00 4.277915e+00
-8.083003e+00 9.290174e+00
