8.884570e+00 -1.016831e+01
-9.520896e+00 7.198295e+00
-7.757083e+00 9.439260e+00
-4.759520e+00 -5.593725e-01
-9.586871e+00 1.838124e+00
-1.015533e+01 -5.490292e+00
5.907526e+00 -3.787823e+00
-4.705775e-01 4.226574e+00
6.434059e+00 -4.836895e+00
4.031823e+00 -2.620176e+00
-6.549810e+00 8.540289e+00
-1.107251e+01 5.457519e+00
-8.100824e+00 5.159488e-01
5.396375e+00 -9.520879e-01
-2.645269e-01 5.226000e+00
8.108004e+00 1.785424e+00
9.244356e+00 -1.638560e+00
-9.797738e+00 1.060456e+01
-7.244488e+00 -6.478181e+00
-7.714518e+00 -7.664528e+00
7.884629e+00 -1.024191e+01
8.880753e+00 -5.183056e+00
3.143450e+00 -5.444813e+00
1.757280e+00 -3.984176e+00
6.203841e+00 -1.670240e+00
-1.028037e+01 6.409263e+00
-3.552583e+00 1.494758e+00
2.022785e+00 1.073934e+01
6.565222e+00 5.262642e-01
-8.843447e+00 5.163532e+00
-1.084055e-01 8.324395e+00
4.450802e+00 1.600227e+00
-9.572791e+00 4.136797e+00
-9.942012e+00 5.359617e+00
-4.346152e-01 7.342285e+00
-1.053998e+01 -8.197572e+00
-1.107469e+01 -6.095154e+00
-7.607777e+00 -9.437210e+00
9.904841e+00 -5.644910e+00
-5.065326e+00 2.680901e+00
-1.112169e+01 -7.182102e+00
5.025745e+00 -3.091194e+00
-8.860973e+00 -1.096187e+01
-8.080280e+00 6.010397e+00
-1.114914e+01 -5.079279e+00
1.098928e+01 6.497753e+00
-6.952686e+00 -2.330091e+00
-1.032064e+01 -1.823606e+00
4.503592e+00 -4.306566e+00
-7.399944e+00 1.269667e+00
5.276626e+00 8.096071e-02
-1.735676e+00 3.953325e+00
7.275639e+00 -1.493012e+00
-6.405352e+00 4.559157e+00
9.249051e+00 -2.744492e+00
-6.319965e+00 8.070712e-01
1.845318e+00 6.420867e+00
-6.937279e+00 -4.209121e+00
-6.419836e+00 2.822659e+00
-2.305461e+00 8.960562e+00
7.405486e+00 9.361940e+00
9.320487e+00 1.003736e+01
-1.084452e+01 1.010489e+01
-6.705994e+00 -8.730348e+00
-9.499086e+00 2.981748e+00
7.449793e+00 -8.112868e+00
8.382765e+00 -7.399873e+00
-6.678679e+00 -1.065724e+00
1.030427e+01 -7.826564e+00
3.205005e+00 -4.311225e+00
-3.590154e-01 6.229302e+00
6.290069e+00 -4.887051e-01
5.890108e-01 7.541492e+00
2.390844e+00 4.625211e+00
-4.496809e+00 8.686963e+00
1.026109e+01 5.579276e+00
-7.938304e+00 -1.994303e+00
-5.676211e+00 5.398444e+00
5.763678e+00 -5.913181e+00
-1.011679e+01 -6.788733e+00
5.347818e+00 1.039104e+01
-1.114697e+01 -3.949196e+00
3.300328e+00 5.481254e+00
2.584131e+00 -6.750963e+00
8.187165e+00 1.105284e+01
5.726747e+00 1.161064e+00
-1.006754e+01 -4.194174e+00
-1.375006e+00 4.911498e+00
2.080093e+00 -7.666141e+00
-2.056224e-01 -2.917755e+00
-8.885304e+00 -1.418656e+00
-4.114822e-01 2.457354e-01
-2.723267e+00 8.860255e-01
7.729878e+00 7.105552e-01
1.082486e+01 3.366387e+00
2.294625e+00 -1.330215e+00
8.459918e+00 2.793952e+00
-2.940533e+00 2.426285e+00
-5.743546e+00 1.720846e+00
1.073085e+01 -8.894062e+00
-7.369449e+00 -1.778280e-01
5.504354e+00 9.342805e+00
-9.200649e+00 -4.884495e+00
9.214130e+00 -4.152537e+00
-4.570815e+00 -8.944090e+00
-9.723100e+00 -1.055595e+01
-2.903840e+00 -5.893645e+00
-1.019073e+01 7.139515e-01
-5.927452e+00 -2.412686e-01
-8.135465e+00 -5.743468e+00
1.025173e+01 -1.139198e+00
-4.256881e+00 5.684964e-01
1.387859e+00 2.833158e+00
2.277225e+00 3.397038e+00
-9.609298e+00 8.380817e+00
-8.496296e+00 8.603943e+00
-4.200394e+00 5.094120e+00
-5.159005e+00 -4.684218e+00
-8.497717e+00 4.176240e+00
-8.536826e+00 -8.655594e+00
1.440111e+00 9.093608e+00
-2.372178e+00 7.939498e+00
-2.542370e+00 -9.756658e+00
-7.694492e+00 -1.060889e+01
1.111436e+00 -5.075105e+00
-9.995068e+00 -7.062550e-01
-6.199611e+00 -5.385674e+00
-5.923890e+00 9.478312e+00
3.679189e-01 3.520986e+00
-7.475952e+00 2.358243e+00
4.127381e+00 -5.300665e+00
-4.093151e+00 -5.411808e+00
-8.351381e+00 1.673153e+00
-1.098546e+01 -1.685325e-01
-4.940585e+00 -1.005843e+01
5.192460e+00 6.950206e+00
3.141921e+00 -7.506209e-01
4.841447e+00 5.281317e+00
1.298838e+00 1.009640e+01
1.949845e+00 7.523637e+00
-3.879406e+00 3.733939e+00
-5.738649e+00 -1.062637e+01
-9.679104e+00 9.474895e+00
-8.665867e+00 1.003336e+01
9.973849e+00 -3.373278e+00
-2.327305e+00 5.305879e+00
-3.846166e+00 -1.101591e+00
-6.135256e+00 -6.591810e+00
1.588309e+00 5.353499e+00
-8.873544e+00 -2.644484e+00
1.169572e+00 -7.249751e-01
-7.148620e+00 3.642342e+00
-4.936916e+00 4.406575e+00
-4.156892e+00 -7.798977e+00
5.005569e+00 2.486543e+00
5.638446e+00 3.348195e+00
-8.456696e+00 -6.820040e+00
-6.701715e+00 -1.082729e+01
1.059093e+01 2.219261e+00
-1.989503e+00 -1.672475e+00
-1.536137e+00 7.042239e+00
-2.868071e+00 3.585712e+00
5.488309e-01 -6.114731e+00
-5.934397e+00 -2.892630e+00
8.138350e+00 -3.140931e+00
-8.309822e-01 2.003967e+00
2.785986e-01 2.402309e+00
1.113865e+01 -2.812994e+00
-6.824233e-01 3.257509e+00
-1.411493e+00 5.917101e+00
-7.864552e-01 9.118992e+00
2.881142e+00 -9.432272e+00
-3.511704e+00 -9.039909e+00
6.540829e+00 3.923662e+00
-1.051167e+01 2.884548e+00
-3.432463e+00 -7.041368e-02
5.430469e+00 4.366471e+00
-1.461595e+00 -1.019216e+01
6.506445e+00 9.789275e+00
-2.151444e+00 -1.230831e-02
-3.830059e+00 1.036622e+01
-3.576547e+00 6.876017e+00
-3.232885e+00 -2.050036e+00
-4.724015e+00 6.057943e+00
7.291029e+00 1.045360e+01
9.249357e+00 5.675114e+00
-2.239583e+00 -5.082268e+00
-5.866378e+00 -3.908085e+00
-3.534309e+00 -1.106866e+01
-9.119860e+00 9.152949e-01
5.145813e+00 -1.993877e+00
-4.121895e+00 -4.341704e+00
5.649551e-01 4.544667e+00
-3.965410e+00 2.514951e+00
-1.031812e+00 -2.015416e+00
-9.544771e+00 -8.389035e+00
-1.330412e+00 -7.181917e-01
4.052660e+00 9.879548e+00
2.972945e+00 6.437909e+00
5.125528e+00 -7.554347e+00
1.683282e+00 -5.948010e+00
4.543776e+00 1.095699e+01
-1.074379e+01 8.751741e+00
7.540364e+00 -5.067817e+00
-3.345360e+00 5.848292e+00
1.026998e+01 -1.190302e-01
2.068093e-01 -7.164885e+00
-5.230250e+00 -7.199221e+00
4.342653e+00 8.706921e+00
-6.449165e-01 -3.859789e+00
2.351548e+00 2.362518e+00
-5.131698e+00 -6.006534e+00
-3.680084e+00 -1.011497e+01
-2.097701e+00 1.699143e+00
1.788371e+00 -8.679395e+00
4.251927e+00 5.370721e-01
9.091657e+00 3.658996e+00
-2.462104e+00 6.461897e+00
6.129043e-01 1.081915e+01
3.823858e+00 2.505964e+00
2.714743e+00 -1.063859e+01
-9.303561e+00 -6.183731e+00
-1.471288e+00 1.006323e+01
-6.561363e+00 7.565912e+00
2.184785e+00 -2.569281e-01
-2.795711e+00 -9.709284e-01
-4.690659e-01 -5.748617e+00
-4.083227e+00 -2.813359e+00
-5.903279e+00 -1.767509e+00
4.138989e+00 4.495881e+00
7.352216e+00 -5.116999e-01
3.229920e+00 1.437829e+00
-4.366604e+00 7.711525e+00
-3.137049e+00 4.625539e+00
4.965656e-03 1.365144e+00
-1.087982e+01 1.672707e+00
9.587394e+00 2.649911e+00
4.016777e+00 -8.888371e+00
-1.034071e+00 -4.818865e+00
-4.200161e+00 -6.598043e+00
-4.676203e+00 9.740424e+00
-2.506540e+00 -1.086067e+01
-3.351301e+00 8.206533e+00
1.037970e+01 9.903660e+00
-4.812829e+00 -3.597152e+00
1.449240e+00 3.982500e+00
7.617607e+00 8.397968e+00
-5.396879e+00 7.413269e+00
-1.922928e+00 2.948701e+00
6.545198e+00 -8.722683e+00
-3.102638e+00 -7.959587e+00
-2.380143e+00 -2.789771e+00
3.805190e+00 -1.051427e+01
3.510847e+00 3.564202e+00
-3.892341e-01 -9.666151e+00
6.825011e-01 5.899973e+00
-1.337583e+00 -7.882581e+00
9.348454e+00 -1.117658e+01
7.576419e+00 7.014188e+00
2.908406e+00 -8.385573e+00
1.016722e+01 -2.167205e+00
9.586394e+00 -9.056246e+00
-5.220189e+00 7.435478e-01
-5.706127e+00 -9.300207e+00
1.047213e+01 1.016705e+00
-1.623540e+00 -6.125091e+00
7.312594e+00 -6.946638e+00
3.839716e+00 -6.735695e+00
6.036624e+00 -2.771637e+00
-1.667405e-01 -8.286766e+00
-4.775711e+00 -1.834930e+00
6.325692e+00 2.517466e+00
4.157619e+00 -1.619330e+00
3.138387e+00 -3.273738e+00
6.284087e+00 7.625993e+00
9.793751e+00 4.614400e+00
6.159406e+00 5.127354e+00
2.424950e+00 9.575536e+00
5.444323e+00 -1.064551e+01
8.605041e+00 7.229941e+00
6.465396e+00 8.694098e+00
3.202145e+00 2.760680e-01
3.213530e+00 1.079239e+01
2.580651e+00 8.305061e+00
-1.062842e+01 4.002549e+00
-5.721960e+00 1.054670e+01
-8.163771e-01 -6.974555e+00
6.282439e+00 1.086170e+01
3.005512e+00 -2.216941e+00
-1.881058e+00 -3.977001e+00
-2.952885e+00 -3.726959e+00
4.830999e-02 -1.935583e+00
8.268617e+00 5.997922e+00
7.343206e+00 5.079191e+00
-2.686961e+00 1.022275e+01
-1.080390e+00 1.051861e+00
-1.066393e+01 7.493871e+00
8.313802e+00 -1.069481e+00
2.719400e-01 9.476609e+00
-5.678182e+00 3.517712e+00
-8.610557e+00 -9.916734e+00
7.407316e+00 -9.342486e+00
9.277607e+00 -6.558803e-01
9.189506e-01 -2.838340e+00
1.168037e+00 -1.775986e+00
8.532703e+00 4.680048e+00
1.029747e+01 -6.684083e+00
2.236846e+00 -5.101789e+00
1.080712e+01 4.478231e+00
-4.630968e+00 1.689256e+00
-7.761805e+00 -3.359719e+00
-1.262482e+00 -8.979804e+00
-7.407489e+00 6.819500e+00
-7.120519e+00 5.679594e+00
5.898879e+00 6.045484e+00
-1.058921e+01 -9.284746e+00
-7.222533e+00 -5.227363e+00
-7.742138e+00 1.075374e+01
4.449779e+00 7.685505e+00
7.351662e+00 2.497573e+00
1.107684e+01 -1.023632e+01
-4.703742e+00 -1.112742e+01
9.924957e+00 -1.016791e+01
1.035837e+01 1.112661e+01
8.514312e+00 -8.948761e+00
6.082838e+00 -9.619384e+00
-1.278104e+00 8.175083e+00
7.033206e+00 6.120934e+00
9.386839e+00 3.768710e-01
-1.151615e+00 1.117526e+01
8.599537e+00 8.742088e+00
-5.714859e+00 -8.164024e+00
-3.564102e+00 9.403840e+00
4.568280e+00 3.521296e+00
7.030467e+00 -2.683832e+00
3.973873e+00 -7.822151e+00
-2.200412e+00 -8.524996e+00
4.064523e+00 6.543315e+00
-5.524955e+00 8.520794e+00
6.517839e-01 -9.155279e+00
5.461626e+00 -8.729942e+00
-8.879270e+00 -3.786245e+00
4.358374e+00 -5.695187e-01
1.950141e+00 -9.932364e+00
-9.508434e+00 -9.417572e+00
-1.011748e+01 -3.052555e+00
-1.091992e+01 1.111029e+01
1.953073e+00 -2.675511e+00
-1.065616e-01 -8.861065e-01
-1.112174e+01 -1.221845e+00
-1.289818e+00 -3.020480e+00
8.089325e+00 -5.959589e+00
-6.655578e+00 -7.596992e+00
-2.869389e-01 -1.075007e+01
8.436492e+00 5.462054e-02
9.870823e+00 8.891919e+00
-8.187298e+00 -4.626162e+00
9.280616e+00 1.526497e+00
3.455706e+00 7.680853e+00
-7.545847e+00 8.071881e+00
6.782492e+00 -1.051904e+01
9.200846e+00 -8.058903e+00
8.294972e+00 1.001822e+01
-9.263673e+00 -7.382885e+00
5.447061e+00 -4.820111e+00
-8.027167e+00 -9.020335e-01
8.154555e+00 -4.182692e+00
-3.212466e+00 -4.880214e+00
6.433492e+00 -7.693596e+00
1.081588e+00 1.614193e+00
1.024238e+00 5.598634e-01
6.860570e+00 -5.984893e+00
1.077132e+01 7.946173e+00
6.994837e+00 1.540738e+00
-9.040655e+00 -2.717606e-01
9.423672e-01 -1.051727e+01
2.057542e+00 1.226550e+00
8.285235e+00 -2.099114e+00
-9.071650e+00 6.293677e+00
1.297646e+00 -6.937748e+00
4.806246e+00 -9.635027e+00
9.651890e+00 7.779803e+00
3.371797e+00 8.912508e+00
-3.318639e-01 1.026656e+01
5.335637e+00 8.276595e+00
9.730929e+00 6.516353e+00
-6.118846e+00 6.406427e+00
4.887979e+00 -6.540643e+00
-2.200627e+00 -6.984869e+00
9.172056e+00 -6.521071e+00
1.711629e-01 -4.591805e+00
7.027905e+00 -3.846657e+00
-8.161842e+00 3.168925e+00
7.758160e+00 3.719434e+00
9.209641e-01 -7.925490e+00
-6.618323e+00 -9.739342e+00
-7.505046e+00 4.645191e+00
1.023835e+01 -4.559633e+00
-8.318534e+00 7.378652e+00
-6.789275e+00 1.027953e+01
