5.657099e+00 -9.297044e+00
-8.207354e+00 6.636058e+00
-8.682326e+00 7.543667e+00
-5.287850e+00 -1.473397e+00
-6.386278e+00 1.517860e+00
-7.985000e+00 -9.161514e+00
8.396114e+00 8.079237e-01
5.102167e+00 2.710018e+00
4.597321e+00 -4.968456e+00
6.049037e+00 -3.394840e+00
-5.596997e+00 7.496301e+00
-1.109285e+01 5.027086e+00
-8.781277e+00 -2.245916e-01
5.326587e+00 1.609217e+00
-6.290014e+00 2.702637e+00
6.422506e+00 3.192181e+00
-1.038220e+01 -1.707107e+00
-9.584505e+00 1.032461e+01
-8.395091e+00 -6.603642e+00
-8.881206e+00 -8.577263e+00
6.633905e+00 -9.185556e+00
9.691312e+00 -4.637743e+00
3.314543e+00 -2.683261e+00
-2.502134e+00 -7.759416e-01
6.409002e+00 3.830591e-02
-1.063018e+01 6.050997e+00
-4.636154e+00 -3.822809e-01
-2.843383e-01 -8.914589e+00
7.427063e+00 2.664470e+00
-6.169936e+00 4.158973e+00
2.216569e+00 -8.850247e+00
7.449859e+00 3.683765e+00
-1.032743e+01 3.020904e+00
-1.060749e+01 -5.667813e-01
-2.051643e+00 3.889676e+00
-5.899585e+00 -1.003345e+01
-7.180471e+00 -1.012437e+01
-7.772912e+00 -7.517987e+00
9.764287e+00 -5.708942e+00
-8.359773e+00 2.808012e+00
8.370980e+00 -7.808052e+00
5.012318e+00 -1.882055e+00
-9.298093e+00 -9.899140e+00
1.112765e+01 3.554156e+00
-1.045181e+01 -5.995611e+00
8.456773e+00 9.614953e+00
-6.365417e+00 -3.294851e+00
-9.058683e+00 -4.323271e+00
9.234710e+00 -3.597566e+00
1.089035e+01 8.028709e-02
3.198010e+00 -8.023427e-01
-1.056263e+00 3.296213e+00
9.362948e+00 1.403702e+00
-7.127154e+00 4.387140e+00
9.041144e+00 -1.105633e+00
-7.751377e+00 -2.080667e+00
2.239387e+00 4.192917e+00
-6.075557e+00 -6.611748e+00
-8.776300e+00 4.678802e+00
-1.342874e+00 7.258180e+00
4.255661e+00 1.055582e+01
6.509169e+00 -7.888304e+00
7.766751e+00 -9.565957e+00
-8.495362e-01 -9.842448e+00
-1.062881e+01 1.336534e+00
3.636038e+00 -5.733799e+00
-9.929762e+00 -7.809632e+00
-5.933125e+00 -2.255859e+00
-8.764813e+00 9.191935e+00
5.726557e+00 -5.876006e+00
6.220930e+00 6.103570e+00
9.995781e+00 3.442624e+00
5.372310e-01 7.064799e+00
2.899644e+00 3.282042e+00
-6.834925e-01 5.498143e+00
1.034029e+01 5.548418e+00
-9.881657e+00 -2.591297e+00
-1.525743e+00 6.216327e+00
6.108887e+00 -6.956446e+00
1.072655e+01 -5.327666e+00
4.634321e+00 -1.074359e+01
-9.990093e+00 -4.931791e+00
6.696341e+00 4.455212e+00
1.972988e+00 -4.567642e+00
6.397190e+00 9.752681e+00
5.429612e+00 5.865210e-01
8.723511e+00 -8.788615e+00
-5.523403e+00 5.014794e+00
3.792270e+00 -6.859066e+00
-5.670433e-01 1.053656e+00
-6.783105e+00 -1.574413e+00
-2.849449e+00 -1.779844e+00
-2.920718e+00 2.725062e+00
8.717000e+00 4.008959e+00
9.733804e+00 6.608277e+00
2.490651e+00 -1.210349e-01
6.778049e+00 6.931184e+00
-3.646662e+00 -7.889127e-01
-9.316469e+00 2.253150e+00
-9.878497e+00 -8.996124e+00
-9.083352e+00 3.560626e+00
2.273527e+00 7.594273e+00
-1.103999e+01 -8.134344e+00
1.090263e+01 -6.413062e+00
-1.759269e+00 -8.006359e+00
-6.506008e+00 8.140751e+00
-2.881562e+00 -7.806078e+00
-9.944774e+00 4.220184e+00
-6.276578e+00 -4.414091e+00
-6.625001e+00 -7.470061e+00
1.006427e+01 -1.715667e+00
-4.373519e+00 2.928163e+00
-1.646582e+00 1.347041e+00
5.609382e+00 5.167017e+00
-9.870371e+00 8.170845e+00
-1.010873e+01 9.199047e+00
-8.590748e+00 8.919541e-01
-3.945467e+00 -7.233452e+00
9.395126e+00 5.028940e+00
-7.589552e+00 -1.106331e+01
1.259721e+00 3.631273e+00
1.306220e+00 4.748033e+00
-2.499574e+00 7.789337e+00
-6.469191e+00 9.262742e+00
3.820438e+00 -3.676071e+00
9.910444e+00 -5.309479e-01
-7.379313e+00 -6.434649e+00
-7.572502e+00 9.174044e+00
-2.800099e+00 1.659978e+00
-9.545076e+00 1.270642e+00
6.487731e+00 -4.273783e+00
-5.052469e+00 -7.084662e+00
-1.077940e+01 1.001675e+01
1.047554e+01 1.488680e+00
-1.414973e+00 -7.024552e+00
5.026641e+00 8.101759e+00
-4.237173e+00 -4.130659e+00
7.403842e+00 1.436808e+00
1.642424e+00 8.378984e+00
6.483911e-01 8.082840e+00
-4.045213e+00 1.906139e+00
2.750151e-01 -7.629889e+00
-8.870086e+00 1.108321e+01
-6.441180e+00 6.732547e+00
8.052397e+00 -3.506346e+00
-5.205168e+00 2.272602e+00
-7.286055e+00 -5.664903e-01
-4.743582e+00 -8.163433e+00
6.313878e+00 1.088051e+00
-9.959392e+00 -3.873539e+00
-5.358548e-01 -1.337567e+00
1.048879e+01 4.345558e+00
-6.581828e+00 5.264501e+00
-3.284720e+00 -9.847901e+00
3.812271e+00 2.662522e+00
7.014515e+00 5.464365e+00
-3.290193e+00 9.619584e+00
-4.564966e+00 1.035769e+01
9.578925e+00 7.893408e+00
-2.730260e+00 -4.280801e+00
-4.754660e-01 6.509479e+00
-7.502237e+00 1.013271e+00
1.107581e+00 -3.119429e+00
-8.088536e+00 -3.905870e+00
9.008397e+00 3.091370e+00
6.528422e-01 8.019709e-01
-2.379205e+00 -2.896357e+00
1.082824e+01 -1.032242e+00
4.758385e+00 4.424860e+00
-4.797235e+00 4.106962e+00
-2.629949e+00 6.600215e+00
2.763269e+00 -6.585499e+00
5.777977e-01 -6.499336e+00
8.334487e+00 8.438148e+00
7.856075e+00 4.705784e+00
-9.525953e+00 -9.143873e-01
7.512877e+00 1.992455e-01
1.383931e+00 -7.981185e+00
2.778143e+00 -9.866837e+00
-4.194283e+00 6.649948e-01
-1.469215e+00 -8.979594e+00
2.559676e-01 4.893378e+00
-3.860748e+00 1.111800e+01
-4.614895e+00 7.986810e+00
1.085631e+00 9.179064e+00
1.060426e+01 9.830188e+00
-3.645739e+00 -5.106186e+00
-6.647025e+00 -5.618897e+00
8.375905e-01 -1.044476e+01
-5.942230e+00 -7.288422e-01
9.338233e+00 3.064848e-01
-2.367198e+00 -6.602708e+00
5.493793e+00 3.677614e+00
-5.441224e+00 3.363127e+00
-6.521433e+00 4.399860e-01
-8.261777e+00 -1.022330e+01
-3.980488e+00 -1.820347e+00
6.454428e-01 2.798105e+00
1.584678e+00 6.761399e+00
2.376493e+00 -5.570397e+00
1.456500e+00 -1.953796e+00
4.633357e+00 -9.106887e+00
7.897508e+00 -1.066922e+01
4.635856e+00 -6.282271e+00
-3.819812e+00 3.817035e+00
7.804284e+00 -2.113993e+00
-1.091085e+00 -2.678902e+00
-2.809510e+00 -1.080031e+01
3.381593e-01 5.903074e+00
7.538869e+00 -4.383088e+00
2.871880e-01 1.846896e+00
-3.622563e+00 -8.647388e+00
-6.971893e-01 1.034536e+01
-1.817353e+00 2.456534e+00
2.732234e-01 -1.896436e+00
3.939095e+00 -1.813367e+00
6.841992e+00 -1.030590e+01
-4.620217e+00 5.566778e+00
1.752826e+00 -9.895619e+00
4.917210e+00 6.064661e+00
2.243632e+00 -2.645622e+00
-5.782109e+00 -8.154188e+00
-1.844248e-01 8.883404e+00
-3.683480e+00 6.273261e+00
-3.267812e+00 1.971980e-01
-5.053354e+00 1.230462e+00
-1.402033e+00 -3.710655e+00
-5.235137e+00 -9.078246e+00
-5.297077e+00 -3.045304e+00
4.477101e+00 7.050197e+00
8.465237e+00 -2.219395e-01
6.600477e+00 -9.421586e-01
-4.156030e-01 7.834923e+00
-2.915507e+00 4.514498e+00
2.802447e+00 2.221306e+00
1.072583e+01 6.515361e+00
6.795935e+00 1.091373e+01
2.446931e+00 -7.703757e+00
8.108715e-01 -9.911371e-01
-2.533535e+00 1.040799e+01
-1.735728e+00 5.136746e+00
-5.320402e+00 1.112943e+01
-4.398526e+00 9.138376e+00
7.438804e+00 9.635782e+00
-7.330049e+00 -4.653288e+00
-5.181640e-01 2.371361e+00
3.590997e+00 7.520310e+00
-7.859391e+00 8.197694e+00
-9.161216e-01 4.369798e+00
4.972012e+00 -7.285541e+00
-3.441599e+00 -6.166761e+00
-5.625859e+00 -5.539786e+00
3.368888e+00 -8.962209e+00
3.775922e+00 6.173183e+00
1.368784e+00 -5.349904e+00
1.987749e+00 5.643914e+00
-4.544158e-01 -6.444897e+00
5.470301e+00 -8.249597e+00
6.433145e+00 2.187061e+00
3.031908e+00 -4.730331e+00
-8.805337e+00 -2.887785e+00
7.361891e+00 -7.312804e+00
-8.263673e+00 -1.185316e+00
-1.943039e+00 -1.001739e+01
8.814738e+00 7.146070e+00
-1.721250e+00 -4.829798e+00
7.375974e+00 -8.461878e+00
6.716756e+00 -5.198531e+00
8.232462e+00 -6.626328e+00
-2.882254e-01 -4.268490e+00
-5.237525e+00 -4.546953e+00
5.449118e+00 -8.295299e-01
-1.472058e+00 -1.712550e+00
4.677289e+00 -2.889618e+00
3.655767e+00 9.647811e+00
9.362145e+00 1.019779e+01
7.788284e+00 7.358720e+00
1.685842e+00 -6.990940e+00
3.892520e+00 -9.878005e+00
1.423150e+00 1.047361e+01
5.484983e+00 1.060227e+01
1.431181e+00 -3.449262e-02
3.229486e-02 -3.227692e+00
1.977957e+00 -1.098747e+01
1.095341e+01 2.496946e+00
-4.863423e+00 6.721632e+00
-6.445049e-01 -5.230463e+00
3.038377e+00 8.409413e+00
7.666046e+00 -9.286023e-01
2.284721e+00 -1.312247e+00
-4.792353e+00 -1.001652e+01
-4.273761e+00 -2.797956e+00
-9.776165e+00 -1.086938e+01
1.036437e+01 8.785436e+00
-7.192795e-01 -8.004033e+00
2.885642e+00 1.194583e+00
1.026001e+01 1.085646e+01
-9.131517e+00 -1.815229e+00
2.630912e-01 9.904192e+00
-7.336926e+00 2.027912e+00
-5.667794e+00 9.929181e+00
5.834516e+00 -1.029996e+01
8.877352e+00 -2.265664e+00
9.031295e-01 -4.230124e+00
-4.522159e+00 -6.034782e+00
-1.057884e+01 7.375977e+00
-1.093387e+01 -3.360351e+00
7.176336e+00 -3.041802e+00
-1.100106e+01 8.334105e+00
-3.370851e+00 -3.277986e+00
-8.208722e+00 -5.242257e+00
-1.501636e+00 -5.877152e+00
-7.491147e+00 5.833684e+00
-5.646520e+00 6.129871e+00
4.031149e+00 5.148659e+00
-7.143427e+00 1.016498e+01
-9.341181e+00 -5.767946e+00
-6.348311e+00 -1.103864e+01
4.553651e-01 1.088934e+01
8.543041e+00 2.191369e+00
-1.046494e+01 -9.873490e+00
-3.675568e+00 7.423026e+00
8.730955e+00 -1.002979e+01
-8.149684e+00 1.026444e+01
9.720293e+00 -9.644433e+00
5.601183e+00 -4.818965e+00
1.721297e+00 2.271931e+00
6.214272e+00 8.011503e+00
9.879273e+00 2.422755e+00
4.290220e+00 3.480218e+00
2.502929e+00 9.460701e+00
-2.378934e+00 8.915272e+00
1.079979e-01 3.659370e+00
5.655508e+00 6.999341e+00
9.832111e+00 -2.759885e+00
5.089827e+00 -3.928079e+00
-1.603840e+00 1.103469e+01
2.707962e+00 6.446368e+00
-7.279090e+00 7.274795e+00
-3.837369e-01 -1.080983e+01
2.741548e+00 1.056154e+01
-1.063828e+01 -7.028121e+00
6.056186e+00 -2.075410e+00
7.344519e-01 -8.995412e+00
-7.186697e+00 -8.435670e+00
-9.675210e+00 -6.703405e+00
1.073903e+01 -1.017810e+01
3.933581e+00 5.053404e-01
1.737160e+00 9.828186e-01
-1.012678e+01 3.221066e-01
-2.067176e+00 4.370806e-01
1.038649e+01 -7.538842e+00
-1.673290e+00 9.752971e+00
-3.421694e+00 8.434334e+00
7.717408e+00 6.344793e+00
6.981640e+00 8.720469e+00
1.107611e+01 -9.160449e+00
8.378017e+00 1.065029e+01
3.498576e+00 4.215248e+00
-9.427905e+00 6.731846e+00
4.103989e+00 8.707976e+00
-1.073945e+01 -1.112857e+01
4.834173e+00 9.598190e+00
-8.921208e+00 -7.487927e+00
8.751527e+00 -5.653984e+00
-5.401470e+00 2.768153e-01
1.056497e+01 -3.942851e+00
-2.628993e+00 -9.011369e+00
6.930906e+00 -6.184281e+00
4.003285e+00 1.531312e+00
4.430547e+00 -5.481511e-01
1.012723e+01 -8.686525e+00
9.431700e+00 -1.067653e+01
8.648301e+00 5.809528e+00
-7.355645e+00 -3.046641e+00
-1.156469e+00 8.547855e+00
-1.192154e-04 -3.103993e-01
1.097261e+01 -2.112065e+00
-8.865710e+00 5.827884e+00
3.682599e-01 -5.337570e+00
3.492316e+00 -7.917489e+00
9.266425e+00 8.981498e+00
3.376044e+00 -1.092479e+01
-3.865696e+00 4.895679e+00
2.973613e+00 5.298465e+00
1.055202e+01 7.660008e+00
-2.805555e+00 5.601134e+00
9.424371e+00 -7.156373e+00
-2.632347e+00 -5.332481e+00
-1.094761e+01 -4.541077e+00
-1.450338e+00 -4.797621e-01
7.742722e+00 -5.494640e+00
-8.065037e+00 3.934922e+00
5.672891e+00 8.992739e+00
2.494781e+00 -3.630826e+00
-6.368558e+00 -9.051414e+00
-7.225856e+00 3.250194e+00
8.544396e+00 -4.435453e+00
-9.726512e+00 5.247973e+00
-5.421940e+00 8.770664e+00
