6.827285e+00 1.058159e+01
-8.954151e+00 6.097723e+00
-8.840080e+00 8.228911e+00
-4.436098e+00 -3.228896e-01
-9.036685e+00 5.322693e-01
-9.433240e+00 -7.301329e+00
7.172395e+00 -2.923335e+00
-4.111341e-02 3.591988e+00
7.189857e+00 -4.114707e+00
6.502273e+00 -2.116842e+00
-7.764672e+00 7.769562e+00
1.113753e+01 5.600785e+00
-9.913475e+00 1.115686e+00
5.718993e+00 7.542784e-01
-1.101425e+00 5.457641e+00
8.069469e+00 2.122270e+00
-1.095811e+01 -1.956346e+00
-9.778294e+00 1.084472e+01
-6.659416e+00 -7.558687e+00
-6.978471e+00 -9.902230e+00
8.631512e+00 1.025017e+01
8.855679e+00 -5.398951e+00
4.056288e+00 -6.090294e+00
1.268416e+00 -1.858645e+00
6.399346e+00 -9.805215e-01
-1.003616e+01 6.427770e+00
-5.381928e+00 2.363615e-01
2.449718e-01 -1.078871e+01
7.746828e+00 8.708025e-01
-6.919291e+00 5.493099e+00
-4.765037e-02 1.032103e+01
3.921725e+00 2.379187e+00
-9.501308e+00 2.924085e+00
-9.858417e+00 4.211679e+00
3.897802e-01 5.524095e+00
-6.807560e+00 1.113491e+01
1.042685e+01 -8.004797e+00
-9.235074e+00 -9.325642e+00
-1.077065e+01 -4.418507e+00
-5.289338e+00 2.960866e+00
-1.095419e+01 -7.676553e+00
5.297250e+00 -1.614395e+00
-9.844679e+00 9.539186e+00
-8.543321e+00 3.896271e+00
-9.526936e+00 -4.730078e+00
1.087740e+01 7.786516e+00
-7.781061e+00 -2.453639e+00
-9.878054e+00 -2.459820e+00
5.662819e+00 -2.757925e+00
1.116016e+01 1.414027e+00
4.187831e+00 -1.217894e+00
-1.312249e+00 4.316817e+00
8.566053e+00 1.879146e-01
-7.654747e+00 4.488169e+00
8.429655e+00 -1.275833e+00
-7.852938e+00 6.629521e-01
2.779300e+00 4.353410e+00
-7.505590e+00 -4.832016e+00
-6.572876e+00 2.737431e+00
-3.202468e+00 -1.097963e+01
4.571107e+00 -1.086998e+01
9.264658e+00 1.110115e+01
1.028526e+01 1.064260e+01
-3.877851e+00 -8.798329e+00
-1.042362e+01 2.095225e+00
7.628391e+00 -8.501120e+00
1.109249e+01 -5.935375e+00
-6.701032e+00 -2.327076e+00
-1.024563e+01 -9.544602e+00
6.287850e+00 -4.772985e+00
9.977792e-01 4.422639e+00
6.622631e+00 1.929328e-03
-4.936258e-01 6.313062e+00
1.916794e+00 3.749433e+00
-4.329366e+00 8.317488e+00
-1.099380e+01 4.579738e+00
-8.789180e+00 -2.085899e+00
-4.843960e+00 6.503089e+00
6.747616e+00 -5.761855e+00
-1.058020e+01 -6.682293e+00
4.186686e+00 -9.889290e+00
-9.636172e+00 -3.643012e+00
2.020146e+00 6.754689e+00
3.126294e+00 -5.528052e+00
7.642743e+00 9.636459e+00
4.374918e+00 1.256313e+00
1.041664e+01 -6.754718e+00
-2.155533e+00 5.489169e+00
4.166632e+00 -7.443794e+00
5.437474e-02 -4.022835e+00
-8.930834e+00 -1.060730e+00
-4.927298e-01 -8.914447e-01
-2.328931e+00 8.517075e-01
8.776884e+00 3.441857e+00
8.943383e+00 4.450791e+00
1.833605e+00 -8.142589e-01
6.824511e+00 3.334834e+00
-4.466241e+00 8.587762e-01
-6.328053e+00 8.778959e-01
-9.828346e+00 -8.326568e+00
-8.001512e+00 1.653103e+00
5.745908e+00 1.050654e+01
-7.656542e+00 -7.905108e+00
9.993443e+00 -5.821355e+00
-3.308887e+00 -6.813705e+00
-8.821109e+00 -1.066764e+01
-1.854180e+00 -6.495045e+00
-9.759248e+00 -3.278278e-01
-5.823658e+00 -1.831573e+00
-6.939449e+00 -8.651705e+00
-1.082904e+01 -6.862021e-01
-5.282082e+00 1.760762e+00
3.330526e+00 8.854535e-01
2.879167e+00 2.969002e+00
1.104995e+01 6.771427e+00
-1.041447e+01 7.628105e+00
-4.788382e+00 5.238769e+00
-5.850699e+00 -5.225747e+00
-7.317232e+00 3.430869e+00
-8.090423e+00 -9.596459e+00
-6.239511e-01 7.862106e+00
-1.785993e+00 7.695067e+00
-2.722438e+00 1.052545e+01
-6.100673e+00 1.044468e+01
4.170549e+00 -4.028015e+00
-1.062155e+01 3.155090e-01
-6.585170e+00 -4.294193e+00
-8.620102e+00 9.467182e+00
-3.025046e-01 2.405344e+00
-6.865999e+00 1.742336e+00
5.514225e+00 -5.614433e+00
-4.895623e+00 -5.854917e+00
1.087413e+01 3.521966e+00
9.541858e+00 5.230846e-01
-1.908222e+00 -8.599050e+00
4.567180e+00 5.743628e+00
7.517600e-02 -1.763605e+00
5.739355e+00 3.478919e+00
1.094321e+00 9.361219e+00
3.499856e-01 7.143428e+00
-3.165701e+00 2.355823e+00
-5.032688e-01 -8.880540e+00
-1.091736e+01 8.771715e+00
-9.809872e+00 8.532098e+00
8.095560e+00 -3.415196e+00
-3.325218e+00 5.168201e+00
-3.408123e+00 -8.121372e-01
-5.512738e+00 -7.481965e+00
1.885876e+00 2.563135e+00
-8.619717e+00 -3.113677e+00
-1.478783e+00 -4.410912e-01
-8.317515e+00 2.729610e+00
-5.981422e+00 5.058276e+00
-4.428425e+00 -6.841089e+00
4.943459e+00 2.077062e+00
6.039030e+00 2.399465e+00
-5.779552e+00 -9.110491e+00
-3.452508e+00 -9.843029e+00
7.500007e+00 5.060095e+00
-1.598392e+00 -3.855917e+00
-1.657981e+00 6.535833e+00
-4.094416e+00 3.134237e+00
4.595862e+00 -5.135870e+00
-7.615247e+00 -3.536275e+00
7.481264e+00 -5.764117e-01
-2.020381e+00 3.027111e+00
1.566668e-01 8.491516e-02
-1.074833e+01 -3.386618e+00
-2.675237e-01 4.627597e+00
-2.816171e+00 6.367335e+00
-1.156181e+00 8.751242e+00
3.673617e+00 -8.986431e+00
-1.250127e+00 -7.763055e+00
5.595340e+00 4.980227e+00
1.083429e+01 2.461342e+00
-3.550501e+00 2.299317e-01
3.758633e+00 5.007676e+00
-1.763546e-01 -9.803783e+00
2.436623e+00 1.085668e+01
-3.491679e+00 1.289551e+00
-3.952695e+00 1.061743e+01
-2.747306e+00 7.358391e+00
-2.755269e+00 -3.279610e+00
-4.887484e+00 7.502019e+00
5.220212e+00 -1.001699e+01
1.022726e+01 6.082884e+00
-8.123387e-01 -4.703432e+00
-5.566180e+00 -4.170208e+00
-1.383260e+00 -9.637473e+00
-8.192592e+00 -2.937401e-01
5.384075e+00 -3.161781e-01
-4.386775e+00 -3.495530e+00
8.796060e-01 3.099507e+00
-4.220938e+00 2.134061e+00
-2.217748e+00 -1.198588e+00
-8.685568e+00 -8.046550e+00
-2.882507e+00 -2.022823e+00
2.042728e+00 9.819822e+00
1.003441e+00 6.348785e+00
6.958152e+00 -7.064927e+00
3.087056e+00 -4.358962e+00
5.489059e+00 -9.048394e+00
1.048360e+01 9.220622e+00
8.256934e+00 -7.125859e+00
-4.070546e+00 4.228349e+00
1.073467e+01 4.335832e-01
2.048450e+00 -4.789564e+00
-2.751794e+00 -5.859454e+00
6.321028e-01 8.352102e+00
1.678702e+00 -2.793320e+00
2.955608e+00 2.012438e+00
-4.598805e+00 -4.705275e+00
-2.173206e+00 -1.070512e+01
-2.113876e+00 1.961723e+00
1.237008e+00 -7.672851e+00
3.283388e+00 -3.571534e-01
6.518487e+00 6.924728e+00
-3.847853e+00 6.249305e+00
4.253992e-02 9.295898e+00
4.726729e+00 3.072032e+00
3.311786e+00 -7.986664e+00
-6.975653e+00 -5.690515e+00
-3.327322e+00 8.375906e+00
-7.106359e+00 6.571629e+00
5.590503e-01 -8.408162e-01
-2.596473e+00 -1.631144e-01
2.843906e-01 -6.273982e+00
-3.597538e+00 -4.324603e+00
-5.940948e+00 -3.115076e+00
3.649080e+00 6.294665e+00
9.248083e+00 -6.826029e-01
4.286377e+00 -1.353953e-01
-5.170939e+00 9.563326e+00
-2.412097e+00 4.316541e+00
-1.045550e+00 1.569794e+00
9.882329e+00 3.148483e+00
7.814078e+00 6.258947e+00
4.574648e+00 -8.381772e+00
1.126593e+00 -5.545647e+00
-3.637353e+00 -5.432003e+00
-5.303644e+00 8.456510e+00
-4.604898e+00 -9.618069e+00
-4.329452e+00 -1.060503e+01
9.621841e+00 9.823043e+00
-5.000066e+00 -2.623697e+00
-1.021237e+00 3.151436e+00
2.963788e+00 8.807765e+00
-6.451458e+00 8.173248e+00
-3.125852e+00 3.425979e+00
7.627864e+00 -9.737402e+00
-2.212275e+00 -7.524453e+00
-3.790501e+00 -2.549946e+00
2.986846e+00 -1.055006e+01
3.621506e+00 3.583387e+00
1.178840e+00 -8.771853e+00
1.704108e+00 5.412315e+00
1.415117e+00 -6.662382e+00
1.040206e+01 -1.046664e+01
4.664908e+00 4.227778e+00
5.608037e+00 -7.769617e+00
1.040479e+01 -3.797311e+00
9.052368e+00 -1.003878e+01
-7.074474e+00 -3.081013e-01
-2.913456e+00 -8.419299e+00
7.803554e+00 3.940500e+00
1.642580e-01 -5.191877e+00
9.503296e+00 -7.405469e+00
4.968582e+00 -6.727508e+00
8.416541e+00 -4.337418e+00
2.094854e+00 -5.960995e+00
-4.546430e+00 -1.537677e+00
6.763784e+00 1.183757e+00
-1.936064e+00 -2.580959e+00
3.304239e+00 -3.267637e+00
4.400783e+00 1.028507e+01
9.444404e+00 5.393310e+00
6.436084e+00 4.295380e+00
2.201648e+00 -9.621411e+00
6.575095e+00 -9.763045e+00
4.642419e+00 8.437036e+00
6.128637e+00 8.660087e+00
2.361905e+00 1.252170e-01
2.253443e+00 -8.588423e+00
1.702811e+00 -1.082718e+01
-1.046094e+01 3.254467e+00
-6.259352e+00 9.352552e+00
-5.273191e-01 -6.851218e+00
6.471344e+00 9.697209e+00
3.916290e+00 -2.313932e+00
1.003476e+00 -4.486085e+00
-2.509735e+00 -4.518903e+00
-1.258221e+00 -1.621069e+00
9.880099e+00 7.047585e+00
4.718708e+00 6.809901e+00
-2.546415e+00 -9.490751e+00
1.504628e-01 1.412366e+00
9.805860e+00 8.365002e+00
1.040863e+01 -2.344743e+00
1.042389e+00 1.051614e+01
-5.357977e+00 4.176739e+00
-7.129271e+00 9.906023e+00
8.257904e+00 -1.083120e+01
1.020134e+01 -9.498704e-01
2.843759e+00 -2.326201e+00
-7.021483e-01 -3.242208e+00
8.949748e+00 6.601582e+00
-1.034148e+01 -5.509181e+00
5.330489e+00 -4.128772e+00
1.040042e+01 4.876995e+00
-5.677405e+00 -7.217135e-01
-8.416228e+00 -4.414601e+00
6.854025e-02 -7.727751e+00
-8.084835e+00 5.494127e+00
-8.192693e+00 6.732525e+00
3.697906e+00 7.967716e+00
-9.916632e+00 -1.051563e+01
-5.940962e+00 -6.454324e+00
-8.758216e+00 1.056414e+01
3.143133e+00 1.002690e+01
7.033451e+00 2.314732e+00
-1.091814e+01 1.101288e+01
-5.098642e+00 1.097378e+01
1.050613e+01 -9.396254e+00
-1.095225e+01 -1.029820e+01
9.685835e+00 -8.751366e+00
7.123155e+00 -1.068348e+01
-4.112829e+00 9.337855e+00
5.665231e+00 7.647606e+00
1.004978e+01 1.663188e+00
-3.101800e+00 9.444767e+00
4.008626e+00 9.240197e+00
-4.991001e+00 -8.442920e+00
-3.885393e+00 7.388818e+00
2.710285e+00 5.391781e+00
9.471074e+00 -1.847155e+00
5.989651e+00 -6.698299e+00
-1.586691e+00 1.079082e+01
2.798653e+00 7.296121e+00
-5.907094e+00 7.141139e+00
-1.087950e+00 -1.069277e+01
6.090796e+00 -1.087336e+01
-8.215496e+00 -5.542832e+00
4.665556e+00 -3.175186e+00
1.021828e+00 -9.812400e+00
-7.874204e+00 -1.107804e+01
-9.225116e+00 -6.071341e+00
-1.089024e+01 9.917913e+00
2.730947e+00 -1.361893e+00
-1.008001e+00 5.336325e-01
-9.985640e+00 -1.447561e+00
3.718395e-01 -2.956813e+00
9.089842e+00 -6.474358e+00
-3.960598e+00 -7.777831e+00
-2.034934e+00 9.697216e+00
8.795657e+00 1.287825e+00
6.880624e+00 7.921415e+00
-8.405895e+00 -6.973433e+00
6.544679e+00 5.554247e+00
1.393626e+00 7.598468e+00
-9.307716e+00 7.133423e+00
5.154807e+00 9.467485e+00
-1.091843e+01 -8.780929e+00
7.804077e+00 8.526822e+00
-7.304034e+00 -6.729419e+00
6.247733e+00 -3.615642e+00
-6.581091e+00 -1.177858e+00
8.555728e+00 -2.363481e+00
-1.798433e+00 -5.301087e+00
8.719507e+00 -8.242233e+00
1.184503e+00 1.516059e+00
1.180803e+00 3.881202e-01
7.668122e+00 -5.074409e+00
8.804191e+00 9.099511e+00
9.090322e+00 2.351785e+00
-7.712038e+00 -1.413218e+00
-9.451288e-01 9.888453e+00
2.142491e+00 1.210173e+00
9.468192e+00 -2.928920e+00
-9.014912e+00 4.956239e+00
3.107941e+00 -6.722204e+00
6.623687e+00 -8.329471e+00
7.832322e+00 7.430753e+00
3.546853e+00 1.094293e+01
-2.263217e+00 8.657396e+00
1.833897e+00 8.546322e+00
8.949731e+00 7.701238e+00
-5.908078e+00 6.063820e+00
7.722857e+00 -6.201399e+00
-8.682453e-01 -5.776579e+00
1.061388e+01 -4.855808e+00
2.107961e+00 -3.799059e+00
7.621940e+00 -1.934655e+00
-9.028156e+00 1.933231e+00
5.584366e+00 6.173967e+00
2.287535e+00 -7.347887e+00
-5.884117e+00 -1.033437e+01
-6.405948e+00 4.010141e+00
9.521223e+00 -4.456677e+00
-1.020900e+01 5.365735e+00
-7.354295e+00 8.759806e+00
