4.743990e+00 -9.419583e+00
-7.440872e+00 5.281413e+00
-8.470062e+00 7.291136e+00
-6.160427e+00 -3.167942e+00
-5.626082e+00 1.947381e+00
-1.003139e+01 -9.709087e+00
6.308548e+00 1.559254e+00
2.312326e+00 4.575824e+00
7.179284e+00 -5.800353e+00
6.504631e+00 -2.478232e+00
-7.165262e+00 8.273576e+00
-1.042481e+01 4.364796e+00
-7.969560e+00 4.549461e-01
3.503290e+00 3.054537e+00
-3.144837e+00 3.047212e+00
5.898313e+00 3.210604e+00
-9.253704e+00 -1.486149e+00
-7.230416e+00 7.065766e+00
-8.624412e+00 -6.666710e+00
-8.420111e+00 -8.652697e+00
7.191703e+00 1.113348e+01
8.887744e+00 -4.826885e+00
5.272258e+00 -3.096281e+00
7.966993e-01 -1.467432e+00
5.357206e+00 1.093215e+00
-9.177307e+00 5.695507e+00
-3.864269e+00 -1.467269e+00
1.325791e-01 -9.302790e+00
8.948977e+00 2.847484e+00
-6.120594e+00 3.154906e+00
1.197128e+00 -8.995874e+00
5.329506e+00 4.091846e+00
-1.067995e+01 1.511539e+00
-9.616636e+00 1.448922e+00
-9.235150e-01 4.626431e+00
-7.098130e+00 -1.091805e+01
1.061759e+01 -9.651320e+00
-9.020692e+00 -7.693508e+00
8.870253e+00 -3.561796e+00
-6.007322e+00 4.934455e-01
9.896829e+00 -7.389302e+00
6.830625e+00 4.404831e-01
1.114817e+01 9.852946e+00
-1.018570e+01 2.505714e+00
-1.016391e+01 -5.162315e+00
1.025543e+01 8.864118e+00
-9.409481e+00 -3.674371e+00
-9.409406e+00 -2.546076e+00
9.279725e+00 -1.471777e+00
-8.984331e+00 5.063700e-01
5.193022e+00 -8.240712e-01
1.363456e-01 4.946198e+00
1.015695e+01 2.528776e+00
-7.264034e+00 3.180494e+00
8.688688e+00 8.865944e-01
-6.171071e+00 -8.937777e-01
1.747101e+00 7.881527e+00
-7.613959e+00 -5.247271e+00
-7.804193e+00 2.287778e+00
-2.549021e+00 9.579531e+00
4.009571e+00 1.112761e+01
6.767397e+00 -9.271764e+00
8.281424e+00 -1.097235e+01
-1.593711e+00 -1.029325e+01
-8.958320e+00 2.384346e+00
5.011753e+00 -6.878621e+00
-1.054283e+01 -6.848984e+00
-8.555962e+00 -3.201143e+00
-9.236568e+00 9.982739e+00
7.854503e+00 -4.839588e+00
5.083870e+00 6.161677e+00
8.186422e+00 1.946296e+00
2.497656e-01 8.347727e+00
1.800874e+00 6.775102e+00
-2.812391e+00 5.422951e+00
-1.107660e+01 3.586293e+00
-7.433188e+00 -7.023972e-01
-4.654747e+00 6.458182e+00
7.112414e+00 -7.749513e+00
1.063862e+01 -6.516706e+00
2.711528e+00 -9.056478e+00
1.102454e+01 -3.428874e+00
3.846542e+00 6.157995e+00
3.265502e+00 -4.279639e+00
5.045649e+00 1.097453e+01
3.297131e+00 1.902108e+00
9.334441e+00 -8.359989e+00
-4.084657e+00 3.620704e+00
5.766892e+00 -4.932166e+00
-1.612657e-01 -1.905837e-01
-8.321440e+00 -1.771341e+00
-5.688601e-02 -3.851971e+00
-6.975912e-01 8.277887e-01
7.552269e+00 4.005105e+00
9.659924e+00 4.695205e+00
2.917094e+00 -8.959854e-01
7.102107e+00 5.063562e+00
-1.743065e+00 -1.013943e+00
-6.940396e+00 2.140230e-01
-9.531356e+00 -8.646876e+00
-7.190312e+00 1.231941e+00
2.365510e+00 9.910986e+00
-1.011266e+01 -7.757134e+00
8.791699e+00 -7.215347e+00
-3.580439e+00 -8.991372e+00
-7.332450e+00 1.029159e+01
-3.746153e+00 -7.011643e+00
-8.516777e+00 1.388238e+00
-6.558114e+00 -4.249663e+00
-7.083028e+00 -8.503021e+00
1.082730e+01 -1.249990e+00
-2.394948e+00 3.969268e-01
2.443318e+00 1.094746e+00
2.280420e+00 5.849727e+00
-1.012923e+01 6.154200e+00
-9.514775e+00 7.040028e+00
-5.130007e+00 3.374555e+00
-5.197691e+00 -5.607838e+00
-8.513865e+00 3.417099e+00
-9.192907e+00 -1.112633e+01
-1.990880e+00 4.816801e+00
-2.102342e+00 3.809332e+00
-3.202986e+00 1.052024e+01
-6.833117e+00 9.303508e+00
6.392825e+00 -3.566189e+00
-9.954373e+00 -6.286487e-01
-8.647824e+00 -4.648857e+00
-1.004546e+01 8.195823e+00
1.244768e+00 2.727137e+00
-4.794069e+00 1.101420e+00
6.826540e+00 -4.723876e+00
-6.479563e+00 -5.305520e+00
-1.067145e+01 7.343746e+00
-1.013496e+01 5.926902e-01
-1.914844e+00 -8.290233e+00
6.759170e+00 7.325087e+00
-3.144049e+00 -4.821932e+00
5.605995e+00 2.251071e+00
2.518614e-01 9.350470e+00
-1.785812e+00 8.812649e+00
-1.919220e+00 1.406620e+00
-8.476790e-01 -8.466327e+00
-1.034947e+01 1.068307e+01
-6.858877e+00 6.177207e+00
8.036407e+00 -1.014401e+00
-4.003292e+00 1.673375e+00
-5.093769e+00 -2.539419e+00
-6.791862e+00 -7.318106e+00
3.191364e+00 4.022746e+00
-1.038990e+01 -2.935954e+00
-1.051525e+00 -3.228388e+00
-9.553208e+00 3.492686e+00
-5.758099e+00 4.247327e+00
-6.348928e+00 -9.198690e+00
2.281453e+00 2.230647e+00
4.695402e+00 5.147975e+00
-4.979059e+00 -1.063096e+01
-5.363948e+00 1.074271e+01
9.162916e+00 6.932252e+00
-1.980409e+00 -4.002390e+00
-1.410888e+00 6.948694e+00
-3.170897e+00 -1.852520e-01
4.178328e+00 -3.621858e+00
-1.041571e+01 -4.029249e+00
9.539140e+00 1.653007e+00
-6.467504e-01 2.182798e+00
-5.174841e-02 -2.720561e+00
-1.038603e+01 -1.658079e+00
1.413972e+00 5.089538e+00
-3.778176e+00 5.089994e+00
-2.963636e+00 8.514826e+00
1.616929e+00 -5.969049e+00
1.011370e+00 -7.011305e+00
8.048700e+00 5.969991e+00
9.862199e+00 3.532794e+00
-5.252495e+00 -3.680120e-01
4.848439e+00 3.099657e+00
-1.015590e-01 -7.708434e+00
9.338726e-01 -1.000083e+01
-1.295913e+00 -8.046979e-02
-2.654246e+00 -1.026992e+01
-3.016594e+00 4.271037e+00
-4.704052e+00 -8.903725e+00
-5.338350e+00 8.448165e+00
2.532696e+00 1.102158e+01
-1.104818e+01 8.682998e+00
-2.042312e+00 -5.297452e+00
-5.010348e+00 -3.644344e+00
-6.569918e-01 -9.899330e+00
-6.120995e+00 -2.085461e+00
6.854791e+00 2.462585e+00
-4.769459e+00 -6.743594e+00
3.167622e+00 5.312235e+00
-2.890030e+00 2.004145e+00
-2.840157e+00 -1.278573e+00
-1.085353e+01 -8.933138e+00
-3.281221e+00 -2.496718e+00
-1.970241e-01 6.848765e+00
7.812890e-01 7.324973e+00
4.794235e+00 -5.431060e+00
3.199359e+00 -3.139943e+00
4.166369e+00 -7.482477e+00
8.403992e+00 1.035605e+01
5.831506e+00 -8.967982e+00
-3.340680e+00 8.560285e-01
-1.100381e+01 -2.346373e-01
1.002168e+00 -2.560932e+00
-3.113345e+00 -8.071184e+00
-8.741136e-01 8.143824e+00
7.899424e+00 6.454543e-02
2.284884e+00 3.518270e+00
-6.393213e+00 -6.273741e+00
-7.981404e-01 -1.094760e+01
-4.847221e-02 3.043146e+00
2.079401e+00 -2.774510e+00
6.069490e+00 -2.380046e-01
7.006158e+00 1.000832e+01
-4.721113e+00 4.355654e+00
-4.510773e-01 1.038849e+01
5.698378e+00 7.053152e+00
3.724570e+00 -5.326498e+00
-7.423019e+00 -6.300456e+00
-2.134478e+00 7.678009e+00
-5.661611e+00 6.302974e+00
-2.298052e-01 -1.205909e+00
-1.004662e+00 -1.919313e+00
-1.059867e+00 -4.689878e+00
-5.712072e+00 -7.213177e+00
-7.739025e+00 -4.193974e+00
6.045529e+00 8.410432e+00
1.045025e+01 2.861718e-01
4.638374e+00 2.175221e-01
-3.992898e+00 7.333963e+00
-1.007124e+00 3.430305e+00
4.220043e-01 1.976795e+00
1.080261e+01 4.563964e+00
8.055847e+00 9.430244e+00
3.135267e+00 -7.787611e+00
3.040764e+00 -1.928182e+00
-5.441236e+00 -9.620503e+00
-3.661632e+00 6.227560e+00
-6.195112e+00 -1.043008e+01
-4.256786e+00 1.049758e+01
6.241422e+00 1.068232e+01
-5.484236e+00 -4.581312e+00
9.928029e-01 3.815945e+00
4.054261e+00 8.000664e+00
-8.404752e+00 8.316675e+00
-1.874519e+00 2.517207e+00
6.037422e+00 -1.016795e+01
-2.353025e+00 -7.297365e+00
-4.097164e+00 -5.870479e+00
2.058728e+00 -8.251966e+00
5.113746e+00 7.949917e+00
4.899459e-01 -6.122453e+00
7.465361e-01 5.935210e+00
-3.568529e-01 -6.707104e+00
7.345819e+00 -1.017831e+01
4.271662e+00 4.030293e+00
4.935930e+00 -4.288407e+00
1.101850e+01 -2.392287e+00
8.528174e+00 -9.836414e+00
-5.217925e+00 -1.447573e+00
-2.604936e+00 -9.167317e+00
9.232594e+00 5.893245e+00
4.125128e-02 -5.036186e+00
7.779419e+00 -9.010262e+00
6.494429e+00 -6.658819e+00
8.379608e+00 -5.840054e+00
1.247971e+00 -4.805849e+00
-4.173920e+00 -4.771398e+00
4.535076e+00 2.028304e+00
-1.998365e+00 -2.512362e+00
5.105180e+00 -1.900672e+00
3.781487e+00 -1.007465e+01
1.012612e+01 6.672294e+00
6.461374e+00 4.150512e+00
2.172197e+00 -7.099659e+00
3.880773e+00 -8.907806e+00
4.853901e+00 9.013933e+00
4.318531e+00 9.921394e+00
4.194158e+00 -1.480875e+00
9.078355e-01 -3.585769e+00
5.604379e-01 1.069671e+01
1.051247e+01 1.342444e+00
-5.050944e+00 7.448350e+00
-1.809893e+00 -6.307383e+00
3.351197e+00 1.032157e+01
7.594227e+00 1.083704e+00
4.251074e+00 -2.555864e+00
-5.990839e+00 -8.231296e+00
-3.259680e+00 -3.740213e+00
-1.015702e+01 9.461150e+00
7.835995e+00 7.150072e+00
-1.600469e+00 -9.235761e+00
2.952785e+00 1.764745e-01
1.016674e+01 9.946150e+00
9.906510e+00 -2.278299e+00
-7.896939e-01 9.212534e+00
-4.245638e+00 -9.635406e-02
-6.345594e+00 1.040723e+01
4.997904e+00 -1.036506e+01
8.870097e+00 -2.775487e-01
2.233106e+00 -4.437960e+00
-3.001755e+00 -6.279075e+00
-1.088901e+01 5.391382e+00
1.015070e+01 -4.495026e+00
6.220353e+00 -1.357813e+00
1.035444e+01 5.654868e+00
-4.144628e+00 -2.955052e+00
-8.670779e+00 -5.680304e+00
-1.190812e+00 -7.273683e+00
-6.883719e+00 4.279095e+00
-6.134769e+00 5.168345e+00
4.374684e+00 7.052181e+00
-8.264113e+00 1.071643e+01
-9.612315e+00 -6.126688e+00
-8.196183e+00 -1.057198e+01
1.219062e+00 9.832349e+00
7.920706e+00 2.929974e+00
1.084393e+01 1.078338e+01
-4.998044e+00 9.501070e+00
9.474295e+00 -1.043744e+01
-9.208349e+00 8.920857e+00
9.454079e+00 -9.403100e+00
4.868435e+00 -8.235277e+00
-2.530418e+00 6.492016e+00
6.417876e+00 6.063031e+00
1.115991e+01 2.428788e+00
-3.347535e-01 5.866794e+00
1.577490e+00 -1.096110e+01
-3.805827e+00 -1.091233e+01
-1.547348e+00 5.720482e+00
5.810909e+00 5.043023e+00
9.933951e+00 -5.899437e-01
5.657832e+00 -6.076200e+00
-2.110613e+00 1.110962e+01
2.984890e+00 8.062774e+00
-6.251260e+00 7.734637e+00
1.552567e-01 -1.063941e+01
2.833958e+00 -1.030369e+01
1.113888e+01 -7.634212e+00
7.046395e+00 -6.688382e-01
8.781931e-01 -8.005393e+00
-8.982990e+00 -9.887266e+00
-1.094633e+01 -5.850070e+00
9.413177e+00 1.072107e+01
3.898917e+00 -4.547236e-01
4.317192e-01 8.836099e-01
-8.520538e+00 -4.871786e-01
9.392256e-01 -4.118988e-01
8.317950e+00 -8.122770e+00
-4.136308e+00 -9.911672e+00
-3.745602e+00 9.360795e+00
8.529171e+00 5.028221e+00
9.171358e+00 8.250879e+00
1.032547e+01 -8.603875e+00
7.975077e+00 8.135863e+00
3.149652e+00 6.913041e+00
-8.192101e+00 6.164415e+00
3.383848e+00 9.235798e+00
-1.039804e+01 -1.071235e+01
5.666382e+00 9.762897e+00
-7.774792e+00 -7.784822e+00
7.722685e+00 -3.716894e+00
-7.275773e+00 -3.267506e+00
8.714072e+00 -2.461009e+00
-4.188650e+00 -8.077156e+00
5.737973e+00 -7.609486e+00
1.345843e+00 1.570879e+00
3.830400e+00 8.848187e-01
9.369239e+00 -6.225655e+00
9.158005e+00 9.737810e+00
8.789717e+00 3.909044e+00
-7.332767e+00 -1.962723e+00
-1.510304e+00 1.005945e+01
1.439456e+00 5.397271e-01
9.911364e+00 -3.434415e+00
-8.228686e+00 4.453355e+00
2.714993e+00 -5.460080e+00
4.027572e+00 -6.338416e+00
1.053582e+01 7.678705e+00
1.943039e+00 -9.763197e+00
-4.307619e+00 8.321796e+00
1.874750e+00 8.978110e+00
1.114475e+01 6.383840e+00
-5.154750e+00 5.413775e+00
7.556743e+00 -6.854428e+00
-9.264334e-01 -5.754627e+00
-1.116016e+01 -4.846835e+00
1.905638e+00 -1.648371e+00
7.687546e+00 -2.290021e+00
-6.723681e+00 2.189846e+00
6.967972e+00 8.882194e+00
2.979911e+00 -6.518614e+00
-7.424135e+00 -9.808940e+00
-4.538560e+00 2.507509e+00
1.015707e+01 -5.526514e+00
-9.279937e+00 4.582774e+00
-8.264449e+00 9.394699e+00
