1.063497e+01 -9.845656e+00
-7.966916e+00 7.746849e+00
-5.611688e+00 9.843377e+00
-8.016988e+00 -3.583634e-02
-9.569035e+00 2.484689e+00
1.020148e+01 -5.044662e+00
8.315097e+00 -3.903677e+00
-5.960428e+00 4.213338e+00
7.983276e+00 -4.932098e+00
6.431451e+00 -2.791714e+00
-4.645633e+00 1.053330e+01
-9.320931e+00 4.496494e+00
9.878899e+00 6.846871e-01
8.239844e+00 -1.488336e+00
-1.978299e+00 4.335128e+00
7.555820e+00 2.784323e+00
9.229326e+00 1.501762e+00
-8.654889e+00 -1.088282e+01
-6.582633e+00 -6.114372e+00
-5.556296e+00 -5.540889e+00
1.042470e+01 -8.294507e+00
8.904332e+00 -6.606392e+00
2.997778e+00 -8.044758e+00
2.983957e+00 -4.301308e+00
7.256769e+00 1.918310e-01
-7.816267e+00 6.742038e+00
-3.377981e+00 2.171425e+00
3.852893e+00 1.097409e+01
5.246025e+00 -1.154120e+00
-8.798080e+00 6.141743e+00
-5.729570e-01 5.901549e+00
2.036187e+00 -3.805875e+00
-8.685740e+00 3.021867e+00
-9.724873e+00 6.530819e+00
-1.224520e+00 5.071676e+00
-1.010231e+01 1.083483e+01
1.008418e+01 -7.262838e+00
-6.804429e+00 -7.077076e+00
-1.114718e+01 -5.916992e+00
-3.185154e+00 6.317147e+00
-9.787357e+00 -7.255888e+00
9.722894e+00 -2.837182e+00
-7.686271e+00 -6.504675e+00
-8.799692e+00 9.301681e+00
1.115465e+01 -7.419271e+00
-1.010568e+01 5.450176e+00
-9.998125e+00 1.146042e+00
-1.003817e+01 -1.653867e+00
5.512435e+00 -3.341267e+00
-5.437728e+00 1.740538e+00
7.248189e+00 -2.090171e+00
-1.219651e+00 1.432312e+00
6.347518e+00 -3.053202e-01
-8.386408e+00 5.129185e+00
8.153639e+00 -3.031425e-01
-6.341718e+00 1.079394e+00
1.794981e+00 4.603837e+00
-7.976743e+00 -1.189361e+00
-4.817441e+00 3.751730e+00
-2.611344e+00 7.401953e+00
7.354585e+00 1.013386e+01
9.373890e+00 8.912205e+00
-9.887943e+00 9.587390e+00
-5.526329e+00 -6.661087e+00
-7.558359e+00 3.348754e+00
7.305561e+00 -7.995326e+00
7.079709e+00 -6.922955e+00
-8.949500e+00 -5.637436e-01
9.251919e+00 -7.773978e+00
5.099491e+00 -4.634015e+00
3.831828e-01 6.302209e+00
6.308918e+00 -1.674354e+00
1.524913e-01 3.337325e+00
2.036278e+00 5.786754e+00
-4.679406e+00 8.699633e+00
7.561137e+00 6.043772e+00
-8.970632e+00 -1.667946e+00
-6.954492e+00 8.104715e+00
6.951198e+00 -4.904361e+00
-7.870043e+00 -8.846461e+00
5.844674e+00 -1.096428e+01
-9.900489e+00 -6.219971e+00
2.265433e+00 7.973485e+00
5.049325e+00 -9.198186e+00
7.812101e+00 -1.006681e+01
5.383556e+00 -2.261499e+00
-9.047757e+00 -3.049860e+00
1.037725e+00 5.374120e+00
4.120448e+00 -8.492526e+00
1.179541e+00 -4.440797e+00
1.071418e+01 -3.052328e+00
-1.433423e-01 -6.180955e-01
-3.369929e+00 8.655493e-01
5.344975e+00 3.016782e+00
1.063887e+01 4.095241e+00
2.780723e-01 -2.811418e+00
8.543231e+00 3.313104e+00
-5.474384e+00 4.880424e-01
-5.089686e+00 5.141164e+00
7.597077e+00 -5.956865e+00
-1.095388e+01 8.422645e-01
5.534113e+00 8.484023e+00
-8.750306e+00 -6.538435e+00
1.000174e+01 -6.116902e+00
-4.559257e+00 -9.804781e+00
1.011710e+01 -1.075699e+01
-3.381819e+00 -4.684616e+00
9.544967e+00 2.615771e+00
-6.695927e+00 9.187321e-02
-8.570629e+00 -5.484358e+00
-1.086199e+01 -9.682012e-01
-3.880687e+00 -7.127937e-01
9.533810e-01 -8.970309e-01
2.060143e+00 1.999657e+00
1.117765e+01 7.733472e+00
-1.098765e+01 9.831206e+00
-4.076696e+00 5.763181e+00
-6.502042e+00 -4.951318e+00
-8.151433e+00 4.138515e+00
-7.376704e+00 -9.834482e+00
1.926464e-01 8.412019e+00
-3.011589e+00 5.309892e+00
-1.148132e-01 -9.852981e+00
-9.921786e+00 -8.416143e+00
2.432726e+00 -7.100039e+00
-9.909151e+00 6.908497e-02
-7.004195e+00 -1.968085e+00
-6.687939e+00 -1.066942e+01
-3.760350e+00 3.346927e+00
-6.735969e+00 2.054844e+00
3.292683e+00 -6.467937e+00
-5.120137e+00 -3.378002e+00
-7.896630e+00 2.276448e+00
-1.076619e+01 3.420111e+00
-3.397151e+00 -1.015042e+01
3.174600e+00 8.590113e+00
1.154531e+00 -1.937788e+00
3.863225e+00 4.637926e+00
-1.398249e+00 7.962963e+00
2.211353e+00 6.785066e+00
-6.109951e+00 5.405123e+00
-2.335391e+00 9.971648e+00
-8.786574e+00 -7.629562e+00
-7.645789e+00 -7.753021e+00
-1.089049e+01 -3.806564e+00
-3.789501e+00 7.216051e+00
-4.889037e+00 -6.459832e-01
-3.556978e+00 -5.695459e+00
9.764035e-01 1.694577e+00
-8.031017e+00 -2.282916e+00
2.296487e+00 -3.210734e-02
-4.317206e+00 2.498518e+00
-5.588021e+00 6.353275e+00
-4.527376e+00 -7.460646e+00
3.636251e+00 3.403848e+00
4.191983e+00 2.398830e+00
-7.508933e+00 -5.448191e+00
-6.746179e+00 9.378581e+00
7.629976e+00 3.904305e+00
-2.681957e+00 -2.608347e+00
-2.106990e+00 5.762214e+00
-4.108812e+00 4.726378e+00
-2.001943e-01 -6.128818e+00
-7.053065e+00 -8.723786e-01
1.026105e+01 -1.637881e+00
1.109422e+00 2.787185e+00
1.701054e+00 9.332737e-01
-1.101804e+01 -4.889378e+00
-2.498097e+00 3.241240e+00
-7.516270e-01 3.966565e+00
-2.536183e+00 8.864761e+00
3.166140e+00 -1.035004e+01
-3.550540e+00 -7.926430e+00
3.345835e+00 1.765371e+00
-9.708425e+00 3.536964e+00
-2.816059e+00 4.529676e-02
4.884368e+00 4.870959e+00
-1.136244e+00 -9.972018e+00
6.798423e+00 -9.982893e+00
-1.906248e+00 -4.462443e-01
-2.865037e+00 -1.105960e+01
-1.774069e-01 4.922255e+00
-5.048735e+00 -1.904714e+00
-4.930472e+00 7.163374e+00
8.132268e+00 -1.112893e+01
4.277788e+00 6.751140e+00
-3.567948e+00 -6.824738e+00
-7.292500e+00 -3.367020e+00
-1.102617e+00 -7.715377e+00
-7.658074e+00 9.665551e-01
9.162643e+00 -1.998618e+00
-4.010678e+00 -2.743934e+00
-7.933516e-01 2.902880e+00
-1.709863e+00 2.379695e+00
1.956903e+00 -1.247227e+00
-1.111508e+01 1.094911e+01
-1.504334e+00 -2.349095e+00
3.102491e+00 9.935054e+00
3.207552e+00 6.393712e+00
6.050886e+00 -7.716120e+00
1.742396e+00 -7.910480e+00
5.074854e+00 9.519314e+00
1.034847e+01 6.996163e+00
1.012180e+01 -3.974319e+00
-3.562125e+00 8.200683e+00
8.474900e+00 2.139760e+00
7.056813e-01 -8.109051e+00
-4.572850e+00 -6.170145e+00
4.223813e+00 8.005684e+00
-1.316105e+00 -4.338648e+00
3.011101e+00 5.321745e+00
-4.341931e+00 -4.016906e+00
-3.254531e+00 -8.967724e+00
-2.492127e+00 1.591442e+00
2.216891e+00 -8.820050e+00
4.178739e+00 -1.154785e+00
6.815900e+00 4.784981e+00
9.504500e-01 4.019329e+00
1.491064e+00 -1.107607e+01
3.868340e+00 -1.401458e-01
2.563238e+00 1.115513e+01
-8.643139e+00 -9.805736e+00
-1.809821e+00 -1.113608e+01
-7.772513e+00 8.826641e+00
3.268638e+00 -1.952477e+00
-2.814756e+00 -1.234688e+00
8.885545e-01 -5.657686e+00
-3.713144e+00 -1.749848e+00
-8.899301e+00 7.823920e-01
2.840030e+00 4.101946e+00
5.649581e+00 2.039239e+00
1.984276e+00 3.297961e+00
-4.368811e+00 -1.083174e+01
-3.180831e+00 4.263302e+00
-1.004076e+00 2.138404e-01
9.761585e+00 3.593001e+00
1.075904e+01 2.813696e+00
5.007603e+00 1.073588e+01
2.531443e-01 -3.926719e+00
-4.270124e+00 -8.679019e+00
-5.713264e+00 1.086389e+01
-2.219719e+00 -8.308758e+00
-3.542049e+00 9.242464e+00
1.020335e+01 8.098666e+00
-6.445603e+00 -3.963329e+00
-4.542639e-02 9.290621e-01
8.608970e+00 8.196758e+00
-3.438687e+00 1.038011e+01
-4.419420e+00 1.444727e+00
5.318862e+00 -6.990797e+00
-2.450412e+00 -6.059584e+00
-2.013806e+00 -3.504871e+00
6.241321e+00 1.047815e+01
3.138574e+00 6.932814e-01
-1.202088e+00 1.023632e+01
-2.234305e-02 2.084540e+00
1.158014e+00 -6.907696e+00
9.364249e+00 1.090147e+01
9.229746e+00 9.931108e+00
1.828559e+00 -9.928954e+00
9.130791e+00 -2.724892e-02
8.268599e+00 -8.317341e+00
-6.030818e+00 -1.115967e+00
-5.517707e+00 -8.938946e+00
-1.094840e+01 1.948318e+00
1.410531e-02 -5.028661e+00
6.248251e+00 -6.329062e+00
3.992802e+00 -7.435405e+00
9.438132e+00 -9.999326e-01
-1.167633e-01 -8.741150e+00
-5.978771e+00 -2.521497e+00
6.609362e+00 3.359083e+00
8.062870e+00 -2.761549e+00
4.342338e+00 -2.220493e+00
5.771695e+00 6.650216e+00
5.595601e+00 5.662263e+00
3.340101e+00 7.490953e+00
4.154411e+00 1.005692e+01
7.395446e+00 8.333256e+00
6.575618e+00 5.812361e+00
6.404646e+00 9.212959e+00
2.352115e+00 -2.416921e+00
4.104136e+00 9.030724e+00
1.581633e+00 1.019722e+01
-1.085568e+01 4.676849e+00
-5.467997e+00 -1.042900e+01
-1.273070e+00 -6.425404e+00
5.721920e+00 -9.932022e+00
4.031405e+00 -4.662783e+00
-1.025820e+00 -5.443268e+00
-2.191638e+00 -4.998034e+00
-6.473436e-01 -3.380839e+00
6.875106e+00 6.846585e+00
4.597397e+00 3.830032e+00
-2.328793e+00 -1.003166e+01
-1.998273e+00 6.693160e-01
-8.982966e+00 7.362422e+00
5.880966e+00 9.305445e-01
2.615124e-01 1.016696e+01
-6.962676e+00 4.345446e+00
-1.068635e+01 -1.012540e+01
9.063865e+00 -1.037419e+01
7.461892e+00 1.510732e+00
2.132242e+00 -5.022287e+00
1.305236e+00 -3.031159e+00
4.705728e+00 1.312735e+00
-1.108360e+01 -8.886916e+00
3.169033e+00 -5.388866e+00
9.694787e+00 6.106288e+00
-4.384086e+00 3.968200e-01
-8.555887e+00 -3.965681e+00
-1.252957e+00 -8.856005e+00
-7.787898e+00 1.006526e+01
-7.117367e+00 6.026366e+00
4.184616e+00 5.642991e+00
-1.082522e+01 8.715662e+00
-5.376100e+00 -4.360277e+00
-7.670750e+00 -1.113377e+01
5.214947e+00 7.498994e+00
7.894101e+00 4.902152e+00
1.031776e+01 1.050592e+01
-6.389680e+00 -9.395475e+00
-9.737452e+00 -9.538083e+00
1.052796e+01 9.301421e+00
8.611734e+00 -9.336576e+00
7.448532e+00 -9.053026e+00
-6.476570e-01 7.187140e+00
7.824213e+00 7.233716e+00
8.892294e+00 4.276425e+00
-1.536028e+00 6.656916e+00
8.641408e+00 6.622522e+00
-6.716076e+00 -8.225292e+00
-1.501597e+00 9.016786e+00
2.884886e+00 2.728151e+00
7.263044e+00 -9.633193e-01
4.098335e+00 -9.673915e+00
-2.271554e+00 -7.246363e+00
1.229350e+00 8.125447e+00
-5.884025e+00 8.739694e+00
7.684243e-01 -1.027624e+01
6.263169e+00 -8.849817e+00
-9.738361e+00 -5.143248e+00
4.514466e+00 -3.269469e+00
4.178670e-01 1.114711e+01
-8.895906e+00 -8.721859e+00
-1.006366e+01 -3.034958e+00
-1.008095e+01 7.594318e+00
4.431012e+00 -6.496768e+00
-2.396345e-01 -1.949747e+00
-1.088156e+01 -2.294639e+00
-1.042476e+00 -1.293000e+00
7.183789e+00 -3.797910e+00
-4.552469e+00 -5.058146e+00
7.998197e-01 9.275455e+00
6.645253e+00 2.150277e+00
9.322582e+00 7.445576e+00
-7.366183e+00 -4.393134e+00
8.888701e+00 5.352575e+00
1.144067e+00 7.149039e+00
-9.652436e+00 8.546644e+00
7.009207e+00 -1.110141e+01
8.082314e+00 -7.237713e+00
8.388025e+00 9.450441e+00
-9.604464e+00 -1.052337e+01
6.103782e+00 -4.350425e+00
-8.867938e+00 1.745884e+00
1.053802e+01 -2.537524e-01
-3.346832e+00 -3.537725e+00
4.605962e+00 -1.059983e+01
8.807740e-01 1.471920e-01
2.970895e+00 -9.384700e-01
5.229631e+00 -5.755807e+00
1.073775e+01 5.743394e+00
5.081086e+00 -1.068678e-01
1.029898e+01 1.630275e+00
-6.854908e-01 -1.114410e+01
3.194700e+00 -3.040657e+00
8.161616e+00 7.477175e-01
-5.953661e+00 7.684965e+00
3.096397e+00 -9.298670e+00
9.746782e+00 -9.183079e+00
-1.081346e+01 6.485541e+00
2.156731e+00 9.201618e+00
-4.467112e-01 9.379483e+00
6.336130e+00 7.809179e+00
9.814968e+00 4.827390e+00
-6.770086e+00 7.050540e+00
5.005980e+00 -8.000347e+00
-1.036381e-01 -7.347233e+00
9.045945e+00 -5.530734e+00
1.971161e+00 -6.181865e+00
9.214879e+00 -4.486875e+00
-6.379061e+00 3.273768e+00
5.668454e+00 4.140759e+00
1.002414e+00 -9.111084e+00
-5.543096e+00 -7.717508e+00
-5.329073e+00 2.869838e+00
-9.664529e+00 -4.184902e+00
-9.048490e+00 1.054207e+01
-6.822486e+00 1.060971e+01
