8.051327e+00 -1.106905e+01
-9.220792e+00 6.489678e+00
-8.661214e+00 8.723086e+00
-5.137784e+00 -1.008258e+00
-8.536334e+00 1.066275e+00
-9.079510e+00 -6.726421e+00
7.291527e+00 -3.323639e+00
4.548166e-01 3.917315e+00
7.371615e+00 -4.566726e+00
6.277239e+00 -2.876008e+00
-7.927828e+00 7.930308e+00
1.073025e+01 5.493990e+00
-9.616882e+00 1.322119e+00
5.439538e+00 3.924793e-01
-1.219884e+00 5.806320e+00
7.958571e+00 1.217719e+00
-1.108084e+01 -1.632960e+00
-9.894604e+00 1.044280e+01
-6.563836e+00 -7.693235e+00
-7.160968e+00 -9.161480e+00
8.510333e+00 1.028724e+01
8.581029e+00 -6.215623e+00
3.927717e+00 -6.163077e+00
9.775346e-01 -1.713165e+00
6.011267e+00 -1.484779e+00
-1.104054e+01 6.361484e+00
-4.957021e+00 6.253732e-01
8.976891e-01 -1.105340e+01
6.803298e+00 3.082605e-01
-6.999160e+00 4.890506e+00
3.851045e-01 9.976739e+00
4.269076e+00 2.005752e+00
-9.627149e+00 3.123320e+00
-9.682161e+00 4.419566e+00
-6.204344e-02 5.925180e+00
-7.261582e+00 -1.029429e+01
1.025907e+01 -7.659990e+00
-8.138391e+00 -9.644917e+00
-1.103561e+01 -4.250459e+00
-6.269070e+00 2.819342e+00
-1.005296e+01 -7.207518e+00
5.366237e+00 -2.349323e+00
-9.195654e+00 9.579463e+00
-8.567625e+00 4.409536e+00
-9.650781e+00 -4.161026e+00
1.029428e+01 8.074062e+00
-7.596165e+00 -2.370745e+00
-9.993946e+00 -2.005545e+00
5.012627e+00 -3.258353e+00
-1.079285e+01 1.308249e+00
4.022786e+00 -1.493813e+00
-1.714995e+00 4.826125e+00
8.217226e+00 -3.203818e-01
-7.964522e+00 5.296674e+00
7.984382e+00 -1.695006e+00
-7.488647e+00 9.791922e-01
2.867292e+00 5.045521e+00
-6.885033e+00 -4.561840e+00
-7.472022e+00 2.988483e+00
-3.192219e+00 -1.092506e+01
4.320287e+00 1.117207e+01
9.323239e+00 -1.106951e+01
1.031147e+01 1.092346e+01
-4.473361e+00 -9.340261e+00
-1.019584e+01 2.170611e+00
7.254873e+00 -9.052825e+00
1.035055e+01 -6.535235e+00
-6.507454e+00 -2.577435e+00
-1.028180e+01 -9.299043e+00
6.199937e+00 -5.021191e+00
7.314191e-01 5.074717e+00
5.961761e+00 -5.132896e-01
-9.034061e-01 6.929954e+00
1.988287e+00 4.198337e+00
-4.667057e+00 8.378978e+00
-1.082453e+01 4.794023e+00
-8.966846e+00 -1.870864e+00
-5.242326e+00 6.451628e+00
6.384974e+00 -6.262985e+00
-1.091434e+01 -6.248969e+00
4.081644e+00 -9.992126e+00
-9.708298e+00 -3.063918e+00
2.314337e+00 6.288854e+00
3.006922e+00 -5.717900e+00
7.220999e+00 9.429248e+00
4.522646e+00 9.598168e-01
-1.104018e+01 -7.304659e+00
-2.463704e+00 5.593629e+00
4.279575e+00 -7.826201e+00
-4.898260e-01 -3.458791e+00
-9.079326e+00 -7.573570e-01
-8.660332e-01 -4.646020e-03
-2.949575e+00 1.546945e+00
7.611791e+00 2.332773e+00
9.318626e+00 3.174464e+00
1.080705e+00 -5.364650e-01
7.268386e+00 3.302684e+00
-3.963569e+00 1.506156e+00
-6.126006e+00 4.461135e-01
-9.915482e+00 -8.274560e+00
-7.939040e+00 2.056449e+00
5.278892e+00 1.039321e+01
-8.174164e+00 -7.289644e+00
9.602874e+00 -5.675389e+00
-2.939937e+00 -7.733665e+00
-9.313748e+00 -1.049780e+01
-1.432773e+00 -6.352424e+00
-9.374573e+00 2.952682e-01
-5.935841e+00 -1.715928e+00
-7.547002e+00 -8.154720e+00
1.078390e+01 -6.567806e-01
-5.696092e+00 1.559275e+00
3.460180e+00 8.316493e-01
2.122630e+00 3.124434e+00
-1.090635e+01 7.801919e+00
-1.007418e+01 7.208672e+00
-4.978281e+00 5.207012e+00
-5.902960e+00 -4.706698e+00
-7.422455e+00 3.998157e+00
-8.289107e+00 -1.070361e+01
-3.971791e-01 7.972265e+00
-1.518640e+00 7.732999e+00
-2.338783e+00 1.075453e+01
-6.482862e+00 -1.101342e+01
4.132001e+00 -3.779841e+00
-1.050434e+01 1.699019e-01
-6.227070e+00 -3.696964e+00
-8.025343e+00 9.742563e+00
-1.015499e+00 2.941188e+00
-6.747147e+00 1.942752e+00
5.499737e+00 -5.800023e+00
-4.757671e+00 -5.596626e+00
1.062284e+01 3.402191e+00
9.680143e+00 -8.788694e-02
-1.935481e+00 -8.203116e+00
5.009674e+00 5.744936e+00
1.258150e-01 -1.110116e+00
6.259889e+00 3.451755e+00
1.265964e+00 9.297680e+00
6.156371e-01 6.927523e+00
-3.778133e+00 2.727378e+00
-9.242849e-01 -8.498724e+00
-1.052394e+01 8.980555e+00
-9.737641e+00 8.194320e+00
8.385975e+00 -4.030262e+00
-3.866806e+00 5.387270e+00
-3.858054e+00 -1.717682e+00
-5.545649e+00 -6.903693e+00
1.922849e+00 1.991596e+00
-8.585380e+00 -2.902425e+00
-2.224899e+00 3.294859e-03
-8.626125e+00 3.440827e+00
-6.006643e+00 5.653599e+00
-4.514867e+00 -7.161683e+00
5.174359e+00 2.538610e+00
6.554973e+00 2.446400e+00
-6.177374e+00 -8.698892e+00
-3.338493e+00 -9.766652e+00
8.971918e+00 4.290018e+00
-1.909059e+00 -2.935893e+00
-1.953793e+00 6.486480e+00
-4.666014e+00 3.386698e+00
4.590473e+00 -5.348158e+00
-7.230497e+00 -3.393372e+00
7.101517e+00 -8.536082e-01
-1.925169e+00 3.600815e+00
-3.429378e-01 9.173278e-01
-1.082067e+01 -2.963796e+00
-4.668385e-01 4.978209e+00
-3.031699e+00 6.529605e+00
-9.456881e-01 8.808352e+00
3.284092e+00 -9.019699e+00
-1.126063e+00 -7.438449e+00
7.219031e+00 5.424657e+00
1.115628e+01 2.340852e+00
-4.178239e+00 -5.835723e-01
4.607454e+00 3.493468e+00
-2.150597e-01 -1.023896e+01
2.675257e+00 1.015525e+01
-3.583114e+00 3.733828e-01
-3.813678e+00 1.039758e+01
-2.523647e+00 7.666186e+00
-2.877978e+00 -3.574366e+00
-4.740710e+00 7.374675e+00
5.355493e+00 -1.095685e+01
1.036286e+01 6.771577e+00
-8.819949e-01 -4.564667e+00
-4.777084e+00 -4.336649e+00
-1.103891e+00 -9.603777e+00
-8.283574e+00 -8.131679e-02
4.854148e+00 -8.294417e-01
-3.762758e+00 -4.368131e+00
1.013808e+00 2.907249e+00
-4.878558e+00 2.184670e+00
-2.096694e+00 -1.146597e+00
-8.827163e+00 -7.969070e+00
-2.763041e+00 -2.291219e+00
2.256855e+00 9.108153e+00
1.233560e+00 6.030501e+00
7.051353e+00 -7.969595e+00
3.690458e+00 -4.897325e+00
5.259896e+00 -9.805614e+00
1.044510e+01 9.387382e+00
8.351983e+00 -7.205509e+00
-4.144677e+00 4.248430e+00
1.085127e+01 3.397654e-01
2.248284e+00 -4.996249e+00
-2.712272e+00 -6.204012e+00
1.388759e+00 8.155277e+00
1.669800e+00 -3.600145e+00
3.049889e+00 2.019707e+00
-3.768184e+00 -5.928035e+00
-1.990275e+00 -1.054654e+01
-2.656437e+00 2.608990e+00
9.012433e-01 -8.268676e+00
3.242461e+00 -6.277197e-01
7.138603e+00 6.400228e+00
-4.073371e+00 6.488875e+00
3.646448e-01 8.798645e+00
3.758089e+00 2.860345e+00
2.794797e+00 -7.915304e+00
-7.369323e+00 -5.515859e+00
-3.067559e+00 8.802466e+00
-7.242023e+00 7.158048e+00
1.709888e-01 -1.141080e-02
-3.047497e+00 -5.481439e-01
9.540175e-01 -5.698189e+00
-2.957259e+00 -5.094843e+00
-5.572637e+00 -2.880927e+00
3.524320e+00 5.803377e+00
8.847097e+00 -1.163966e+00
4.169869e+00 1.726477e-03
-4.824794e+00 9.967536e+00
-2.969100e+00 4.580617e+00
-1.751417e+00 2.045762e+00
1.002540e+01 2.373872e+00
8.140606e+00 5.950204e+00
4.420638e+00 -8.902284e+00
1.151665e+00 -4.639920e+00
-3.524782e+00 -6.914910e+00
-5.602848e+00 8.935038e+00
-5.096539e+00 -1.031090e+01
-4.180401e+00 -1.087648e+01
9.535676e+00 1.017173e+01
-4.600323e+00 -3.276950e+00
-6.191373e-01 3.994499e+00
4.288425e+00 8.681356e+00
-6.849692e+00 8.108469e+00
-3.102208e+00 3.560123e+00
8.848886e+00 -9.039685e+00
-2.148501e+00 -7.062420e+00
-3.733451e+00 -2.805663e+00
2.910743e+00 -1.001713e+01
3.377142e+00 4.044960e+00
-7.802747e-02 -9.014726e+00
1.810193e+00 5.208394e+00
1.033162e+00 -6.721448e+00
1.086931e+01 -1.056508e+01
5.467851e+00 4.145108e+00
5.335704e+00 -8.141895e+00
1.044793e+01 -3.278200e+00
1.004538e+01 -1.006190e+01
-7.122526e+00 -3.465270e-01
-3.028839e+00 -8.773988e+00
8.238550e+00 3.400106e+00
1.338917e-01 -4.890949e+00
9.214008e+00 -8.141589e+00
5.048297e+00 -6.917234e+00
8.677910e+00 -5.120291e+00
1.869881e+00 -6.136767e+00
-4.814308e+00 -2.197225e+00
5.725363e+00 1.465647e+00
-1.220772e+00 -2.172051e+00
2.726632e+00 -3.048576e+00
3.729492e+00 1.018256e+01
9.518291e+00 5.274437e+00
6.443748e+00 4.481011e+00
1.809097e+00 -1.035933e+01
6.375202e+00 -9.872228e+00
5.225772e+00 8.171593e+00
6.560207e+00 8.532639e+00
2.238372e+00 8.862633e-03
1.883109e+00 -8.914086e+00
2.095398e+00 1.098497e+01
-1.069818e+01 3.446577e+00
-5.996381e+00 9.812823e+00
-1.168063e-02 -6.680994e+00
6.970067e+00 1.042656e+01
2.869604e+00 -1.841570e+00
5.172267e-01 -3.855377e+00
-1.702941e+00 -4.012461e+00
-1.037446e+00 -1.080232e+00
9.391899e+00 7.366220e+00
4.803691e+00 6.833131e+00
-2.232366e+00 -9.465938e+00
-6.675011e-01 1.929195e+00
9.509721e+00 8.893198e+00
1.023831e+01 -2.258420e+00
1.392450e+00 1.035201e+01
-5.312857e+00 4.242345e+00
-6.882092e+00 1.022763e+01
8.879488e+00 -1.010671e+01
9.949978e+00 -1.246002e+00
1.683103e+00 -2.446587e+00
-5.604120e-02 -2.189840e+00
9.207049e+00 6.381927e+00
-1.028077e+01 -5.011771e+00
5.061771e+00 -4.432390e+00
1.053117e+01 4.453373e+00
-6.072778e+00 -6.125375e-01
-8.137310e+00 -3.870387e+00
-2.215867e-02 -7.731309e+00
-7.100889e+00 5.940557e+00
-8.192974e+00 6.426644e+00
3.933916e+00 7.683944e+00
-9.238885e+00 -9.427611e+00
-6.220897e+00 -5.829464e+00
-8.859232e+00 1.079715e+01
3.277178e+00 9.034687e+00
6.805124e+00 1.452957e+00
-1.077396e+01 1.103702e+01
-5.325347e+00 1.088253e+01
1.099039e+01 -9.303303e+00
-1.048386e+01 -1.033343e+01
1.013934e+01 -8.819970e+00
7.827412e+00 -9.954077e+00
-4.016694e+00 9.341107e+00
5.872579e+00 6.734558e+00
1.013520e+01 1.285605e+00
-2.816963e+00 9.841467e+00
5.001389e+00 9.338094e+00
-5.038403e+00 -8.408414e+00
-3.739774e+00 7.675623e+00
4.218725e+00 4.921267e+00
9.211326e+00 -2.102561e+00
6.033180e+00 -7.367809e+00
-1.286469e+00 1.088410e+01
2.984172e+00 7.074445e+00
-5.702399e+00 7.892127e+00
-2.450433e-01 1.084307e+01
6.497962e+00 -1.093361e+01
-8.248950e+00 -4.959269e+00
3.926497e+00 -2.689664e+00
9.920074e-01 -9.710096e+00
-7.806521e+00 1.068645e+01
-9.201802e+00 -5.365252e+00
-1.089978e+01 1.000826e+01
2.079130e+00 -9.694623e-01
-2.089172e+00 1.017327e+00
-1.010130e+01 -1.008313e+00
7.189381e-01 -2.829281e+00
9.426990e+00 -7.023164e+00
-3.967771e+00 -8.347758e+00
-1.794854e+00 9.763508e+00
9.056371e+00 9.765955e-01
6.766742e+00 7.452005e+00
-8.225682e+00 -6.130940e+00
7.639962e+00 4.304472e+00
1.844738e+00 7.230424e+00
-8.893581e+00 7.542075e+00
6.016100e+00 9.655509e+00
-1.097028e+01 -8.399737e+00
7.551341e+00 8.215625e+00
-6.869238e+00 -6.667587e+00
6.268761e+00 -3.886709e+00
-6.993766e+00 -1.457128e+00
8.272556e+00 -2.724334e+00
-1.811030e+00 -5.116292e+00
8.052515e+00 -8.299958e+00
2.876575e-01 2.129570e+00
7.900995e-01 1.197255e+00
7.385930e+00 -5.628830e+00
8.261601e+00 9.265337e+00
8.931047e+00 2.072924e+00
-8.081909e+00 -1.212590e+00
-7.618844e-01 9.929562e+00
1.869784e+00 9.060807e-01
9.408885e+00 -3.247561e+00
-8.983989e+00 5.349751e+00
3.054740e+00 -6.800003e+00
6.228768e+00 -8.803641e+00
8.282415e+00 7.056669e+00
3.276302e+00 -1.109097e+01
-2.001134e+00 8.684928e+00
2.672352e+00 8.103825e+00
8.694150e+00 8.168800e+00
-6.264949e+00 6.876215e+00
7.227944e+00 -6.913457e+00
-5.129934e-01 -5.628355e+00
1.066570e+01 -5.472169e+00
2.890632e+00 -4.120101e+00
7.013577e+00 -1.892158e+00
-8.961382e+00 2.100986e+00
5.947112e+00 5.354576e+00
1.782917e+00 -7.504333e+00
-6.118143e+00 -9.957130e+00
-6.334397e+00 4.032705e+00
9.890497e+00 -4.310859e+00
-1.015302e+01 5.630312e+00
-7.261408e+00 9.075988e+00
