1.057371e+01 -7.780225e+00
-1.023334e+01 6.784451e+00
-2.835222e+00 1.067991e+01
-6.280785e+00 -1.380328e+00
9.288378e+00 3.031889e+00
-9.205834e+00 -3.522866e+00
-1.010510e+01 -1.285660e-01
-8.298839e+00 7.170754e+00
9.595921e+00 -3.288729e+00
8.198611e+00 1.217833e+00
-2.184663e+00 9.688072e+00
1.026514e+01 5.172970e+00
-1.077192e+01 7.580771e-01
9.064533e+00 6.560767e-01
-6.713405e+00 3.502655e+00
3.424051e+00 2.525713e+00
1.047769e+01 3.025687e+00
-8.826910e+00 9.735650e+00
-5.801962e+00 -6.551792e+00
-4.473595e+00 -7.282681e+00
-9.703492e+00 -8.204316e+00
-1.065037e+01 -5.837782e+00
5.372795e+00 -7.031505e+00
9.441748e+00 -2.963616e-01
6.663395e+00 2.236736e-01
1.079174e+01 6.214993e+00
-5.380073e+00 -5.444021e-01
5.492673e+00 -1.003271e+01
7.294966e+00 -1.052436e+00
-1.109552e+01 4.517322e+00
-3.385907e+00 5.319010e+00
5.366100e+00 -4.861519e+00
-8.531983e+00 3.049657e+00
1.077928e+01 8.549437e+00
-4.111872e+00 2.540921e+00
-1.006807e+01 -1.061937e+01
1.086111e+01 -6.474645e+00
-6.170411e+00 -1.092481e+01
-8.947469e+00 -4.582160e+00
-3.289923e+00 6.769307e+00
-7.683726e+00 -6.315609e+00
-8.187902e+00 -2.661447e+00
-8.689075e+00 -9.155253e+00
-6.321704e+00 7.558342e+00
-1.038650e+01 -7.283310e+00
9.542524e+00 6.442874e+00
-9.568354e+00 1.040176e+00
-9.490615e+00 -2.072054e+00
8.536954e+00 -4.025783e+00
-9.550327e+00 3.483981e+00
5.998224e+00 3.252940e+00
-4.088475e+00 1.405402e+00
4.302740e+00 1.775655e-01
-9.154883e+00 5.224691e+00
8.032915e+00 2.209692e+00
-7.792370e+00 1.696198e+00
-8.389695e-01 3.316357e+00
-4.243654e+00 -1.080895e+00
-8.258321e+00 5.981308e+00
-4.270609e+00 7.402989e+00
6.885599e+00 -9.714850e+00
5.291585e+00 1.023433e+01
9.050607e+00 -1.016923e+01
-5.762606e+00 -8.938710e+00
-8.915652e+00 2.078387e+00
1.072112e+01 -3.286480e+00
-9.744183e+00 -6.348760e+00
-8.077299e+00 -2.058833e-01
9.863070e+00 -7.030231e+00
8.109937e+00 -1.822948e+00
-4.524584e+00 3.523491e+00
7.695737e+00 1.007422e-01
-1.843976e+00 -2.292463e+00
5.269108e-01 6.597834e+00
-3.496206e+00 9.692725e+00
3.444163e+00 3.736614e+00
-5.225936e+00 -1.639606e+00
-5.132045e+00 6.719006e+00
-1.012388e+01 -4.210909e+00
-7.845826e+00 1.037596e+01
3.619291e+00 -9.230122e+00
-7.599536e+00 -5.156168e+00
9.533550e-01 8.421322e+00
8.786639e+00 -6.942248e+00
8.426191e+00 -5.891346e+00
8.447024e+00 -6.657009e-01
-3.048248e+00 -4.201344e+00
-1.649009e+00 4.042204e+00
7.232339e+00 -8.746629e+00
6.615941e+00 -6.876253e+00
-8.133155e+00 -1.335297e+00
5.732909e-01 -1.548997e+00
-2.330651e+00 -7.831973e-01
1.938749e+00 1.781776e+00
7.044402e+00 6.551723e+00
3.767842e+00 -4.029838e+00
8.968960e+00 5.408405e+00
-7.330329e+00 5.987051e-01
-7.194995e+00 5.567009e+00
1.012287e+01 -4.325741e+00
-8.502924e+00 8.812177e-01
3.235058e+00 -1.020280e+01
-7.806315e+00 -7.326855e+00
-8.494653e+00 -5.774811e+00
-4.919219e+00 -8.348042e+00
1.071515e+01 -8.861207e+00
-1.691703e+00 -7.099075e+00
7.349431e+00 3.197531e+00
-5.200218e+00 -4.077090e+00
-8.163605e+00 -3.744834e+00
-9.223812e+00 -1.096573e+00
-3.773375e-01 -1.869360e+00
8.710787e-01 -5.801509e-01
-3.020659e+00 1.061289e+00
5.114227e+00 7.254604e+00
9.435114e+00 8.420379e+00
-5.503441e+00 5.638629e+00
-7.325645e+00 -1.093209e+01
-9.159326e+00 6.539955e+00
-9.718867e+00 1.056152e+01
-2.634499e+00 4.104062e+00
-4.504621e+00 5.651604e+00
-1.398034e+00 -9.603114e+00
-8.651615e+00 -8.026876e+00
6.102048e+00 -6.025839e+00
-4.017898e+00 -4.714836e+00
-4.685063e+00 -6.253094e+00
-5.353403e+00 1.046359e+01
-6.226132e+00 2.487121e+00
-7.463475e+00 2.692688e+00
6.651766e+00 -5.052627e+00
-3.023654e+00 -5.296315e+00
-7.670921e+00 3.815289e+00
7.880203e+00 5.653352e+00
-4.021102e+00 1.064927e+01
3.327875e+00 8.877866e+00
3.474996e+00 -1.929022e+00
2.869378e+00 4.590371e+00
1.309203e-01 5.608138e+00
9.957476e-02 7.729695e+00
-7.205932e+00 6.913858e+00
-1.226236e+00 9.299331e+00
-7.647711e+00 -8.552491e+00
-8.786854e+00 1.088187e+01
-6.534137e+00 -5.833749e+00
-3.125350e+00 8.720254e+00
-5.115913e+00 -2.911520e+00
7.494337e-01 -4.510461e+00
-4.252377e+00 2.419971e-01
-7.185783e+00 -7.732428e-01
-2.552356e-01 -6.784718e-01
-5.611247e+00 5.957908e-01
-6.393802e+00 6.215490e+00
-3.686004e+00 -6.219812e+00
-9.834029e-01 6.984786e-01
9.546059e-01 2.335829e+00
-5.771672e+00 -7.607351e+00
-5.313753e+00 7.815375e+00
1.911817e+00 5.066326e+00
-9.525178e-01 -4.354967e+00
-2.590151e+00 7.566575e+00
-6.407100e+00 4.683945e+00
5.483186e+00 -8.084570e+00
-4.130515e+00 -2.406017e+00
-1.031744e+01 -1.415849e+00
-2.011414e+00 1.652867e+00
-1.050747e+00 2.107229e+00
-6.161465e+00 -3.502286e+00
-6.655086e+00 1.577626e+00
-2.979992e+00 2.194076e+00
-1.418975e+00 1.035589e+01
4.074615e+00 -8.043894e+00
-6.444769e-01 -8.832755e+00
1.068529e+00 9.802866e-01
-9.911528e+00 4.394290e+00
-3.104622e+00 3.901415e-03
1.439981e+00 6.145033e+00
1.159929e+00 -1.010745e+01
7.022582e+00 9.523226e+00
-2.913340e+00 -1.785061e+00
-2.489136e+00 -9.469863e+00
-2.028323e+00 2.904827e+00
-1.649051e-01 -5.007784e+00
-4.306290e+00 8.547965e+00
9.332900e+00 1.066604e+01
3.575678e+00 1.114285e+01
-3.894380e+00 -8.173581e+00
-6.787029e+00 -7.055171e+00
-2.918009e+00 -8.277260e+00
-1.090386e+01 3.505219e+00
1.101675e+01 -1.811774e+00
-2.205953e+00 -6.027497e+00
-5.632816e+00 3.565170e+00
-5.446557e+00 1.608211e+00
3.891944e+00 -8.763204e-01
7.668125e+00 7.502907e+00
2.380717e+00 -2.046251e+00
2.131914e+00 -1.026729e+01
8.296591e-01 4.734127e+00
9.282818e+00 -8.087854e+00
2.328335e+00 -6.056668e+00
2.512517e+00 1.095915e+01
6.744635e+00 8.265964e+00
-7.186822e+00 -3.211411e+00
-2.414404e+00 5.961085e+00
6.793410e+00 5.459341e+00
2.712894e+00 -8.058306e+00
-3.514354e-01 -6.636473e+00
1.406961e+00 -9.102021e+00
-1.190811e-01 -3.766790e+00
2.196331e+00 2.849371e+00
-2.715149e+00 -7.033140e+00
-2.876710e+00 -1.051146e+01
-5.142953e+00 2.575181e+00
2.494262e+00 -9.304415e+00
1.864740e+00 -2.397666e-01
5.070692e+00 5.229666e+00
7.432633e-02 3.918658e+00
-5.654065e-02 8.908889e+00
1.392439e-01 2.813192e-01
1.344664e+00 1.112047e+01
-8.927772e+00 -1.025153e+01
-3.949590e-01 9.887197e+00
-6.445045e+00 8.586613e+00
6.027659e+00 -3.928210e+00
-8.444948e-01 -2.904718e+00
7.208077e+00 -5.904032e+00
-1.963878e+00 -4.852382e+00
1.014970e+01 1.531758e+00
1.918800e+00 3.895112e+00
2.234466e+00 7.142134e-01
-9.858632e-02 1.473943e+00
-4.123049e+00 -1.056567e+01
-4.346554e+00 4.532067e+00
1.468127e+00 -2.506853e+00
6.766085e+00 4.118371e+00
7.829193e+00 4.491159e+00
4.374112e+00 -1.012942e+01
5.011962e+00 -5.997780e+00
-3.626295e+00 -9.521535e+00
-4.633334e+00 9.559814e+00
-6.202597e-01 -1.117324e+01
-2.072788e+00 8.557865e+00
6.008100e+00 9.061826e+00
-4.914824e+00 -5.202975e+00
-1.388801e+00 -1.324296e+00
4.801684e+00 9.169884e+00
-4.620631e-01 -9.986915e+00
-9.107052e+00 5.331696e-02
1.064564e+01 -5.306551e+00
2.128212e+00 -4.131304e+00
1.262915e+00 -3.552486e+00
7.106518e+00 -1.084022e+01
4.971193e+00 -1.021332e+00
-1.809398e+00 -1.053344e+01
-2.084537e+00 3.714569e-01
2.790925e+00 -5.067579e+00
9.520058e+00 -9.200314e+00
8.466420e+00 9.681862e+00
3.125046e+00 -7.004871e+00
8.357108e+00 3.465382e+00
9.030654e+00 -4.942469e+00
-4.185932e+00 -3.715905e+00
-6.632292e+00 1.029282e+01
1.020774e+01 4.119697e+00
4.212899e+00 -5.172840e+00
8.847823e+00 -2.548240e+00
7.729278e+00 -6.956578e+00
7.238997e+00 1.391287e+00
2.135349e+00 -7.067641e+00
-1.996292e+00 -3.429954e+00
2.956174e+00 1.631579e+00
1.111327e+01 -3.013423e-01
5.067655e+00 1.103044e+00
4.289385e+00 8.085836e+00
3.728651e+00 5.329498e+00
3.248331e+00 7.663363e+00
2.349570e+00 8.226241e+00
8.279530e+00 8.583699e+00
5.052751e+00 3.752390e+00
6.377009e+00 1.046812e+01
2.690983e+00 -1.056862e+00
2.703151e+00 9.606785e+00
3.616761e-01 -1.078872e+01
9.031486e+00 4.266629e+00
-4.750551e+00 -9.484157e+00
9.547793e-01 -7.139724e+00
6.073478e+00 -9.008758e+00
7.952982e+00 -3.216903e+00
3.530147e+00 -6.024460e+00
1.070012e+00 -6.019720e+00
2.551963e+00 -3.166342e+00
5.495386e+00 8.194533e+00
1.110145e+00 3.369546e+00
3.868042e-01 1.054870e+01
-6.453476e+00 -1.386387e-01
1.048246e+01 9.765146e+00
6.099439e+00 1.060698e+00
-5.248455e-01 6.904411e+00
-1.045624e+01 5.598010e+00
9.499899e+00 9.553304e+00
1.037537e+01 1.105971e+01
3.656425e+00 8.937689e-01
6.798893e+00 -3.141115e+00
3.845758e+00 -2.911196e+00
3.074991e+00 -1.360628e-01
1.036770e+01 -1.014052e+01
9.210452e+00 -1.522109e+00
4.483959e+00 2.805695e+00
-3.148045e+00 -2.966884e+00
-6.815630e+00 -4.412265e+00
5.586127e-01 -8.233953e+00
-7.563318e+00 9.365838e+00
-7.517291e+00 7.981494e+00
2.419678e+00 7.101802e+00
1.007183e+01 7.551304e+00
-6.685510e+00 -8.053969e+00
-8.517391e+00 8.568896e+00
1.788663e+00 9.175967e+00
4.264192e+00 4.363258e+00
7.765273e+00 1.045828e+01
-9.718253e+00 9.062085e+00
-9.598263e+00 -9.476027e+00
9.028793e+00 7.482203e+00
8.532598e+00 -9.007282e+00
5.757401e+00 -1.107918e+01
-3.450724e+00 3.542460e+00
4.179734e+00 1.017672e+01
4.155477e+00 1.833161e+00
-5.451551e+00 4.581264e+00
3.478008e+00 6.460900e+00
-5.693778e+00 -9.946349e+00
-2.102510e+00 4.963545e+00
2.798082e-02 2.786214e+00
6.135243e+00 -1.785582e+00
4.760928e+00 -8.826837e+00
-4.617202e-01 -7.774328e+00
-1.299959e+00 5.495979e+00
-1.047473e+01 8.161464e+00
3.955243e-01 -9.307442e+00
8.063077e+00 -8.072293e+00
-5.888735e+00 -4.931023e+00
1.016405e+01 -1.084417e+00
1.441345e+00 7.348212e+00
-9.126340e+00 -7.168063e+00
-7.270948e+00 -2.083170e+00
-1.101973e+01 -1.068003e+01
7.189859e+00 -2.161054e+00
2.903571e-01 -2.842202e+00
-1.046039e+01 -2.491436e+00
1.597028e+00 -1.390063e+00
1.014134e+01 5.749227e-01
-1.512334e+00 -8.212097e+00
-9.784820e-01 8.155168e+00
5.415533e+00 2.014441e+00
4.440565e+00 6.139931e+00
-7.899076e+00 -9.859082e+00
5.775408e+00 4.485296e+00
-6.217406e-01 4.662159e+00
-1.076816e+01 1.070608e+01
7.897682e+00 -1.006731e+01
9.746946e+00 -5.749640e+00
8.469993e+00 -1.098810e+01
-1.083279e+01 -9.529308e+00
9.900505e+00 -2.330858e+00
1.104030e+01 2.078656e+00
-1.029298e+01 2.082632e+00
-1.158851e+00 -5.598387e+00
4.257861e+00 -6.774182e+00
-1.288506e+00 -2.595587e-01
4.571571e+00 -2.153883e+00
7.876676e+00 -4.932743e+00
8.387340e+00 6.536027e+00
5.593184e+00 -9.610484e-02
9.111305e+00 2.011421e+00
6.847475e-01 9.602762e+00
5.477934e+00 -2.650964e+00
6.611118e+00 2.299396e+00
-9.346170e+00 7.838985e+00
6.526359e+00 -8.042289e+00
-1.073236e+01 -8.463392e+00
6.214629e+00 7.269400e+00
1.745906e+00 1.020699e+01
-1.659765e+00 6.741192e+00
4.681444e+00 1.111895e+01
5.910222e+00 6.198817e+00
-1.108925e+01 7.299134e+00
7.224112e+00 -4.091841e+00
1.650163e+00 -5.170098e+00
1.113829e+01 -4.314611e+00
4.774821e+00 -3.870797e+00
-9.889985e+00 -5.190435e+00
-8.644599e+00 4.162575e+00
2.523435e+00 6.092068e+00
1.592049e+00 -8.041041e+00
-6.743748e+00 -9.973375e+00
-7.895543e+00 4.846894e+00
-5.998352e+00 -2.377830e+00
-1.082098e+01 9.594875e+00
-5.682310e+00 9.372762e+00
