-9.657458e+00 -9.663794e+00
-9.539843e+00 7.339485e+00
-5.009715e+00 8.013984e+00
-5.277430e+00 -5.614395e+00
1.105609e+01 3.475204e+00
-6.898487e+00 -2.644413e+00
8.768974e+00 2.315468e+00
-8.123128e+00 5.561798e+00
7.334247e+00 -3.393402e+00
7.447508e+00 1.740532e-01
-1.592834e+00 9.386118e+00
9.086387e+00 3.466307e+00
9.341747e+00 1.157110e+00
7.053442e+00 3.730246e+00
-5.936346e+00 2.272271e+00
6.545840e-01 4.660924e+00
-9.270406e+00 2.506868e+00
-1.025938e+01 1.058720e+01
-7.143360e+00 -7.761500e+00
-6.501686e+00 -8.694796e+00
-1.011234e+01 -6.433677e+00
-7.674544e+00 -5.626445e+00
7.039057e+00 -8.551539e+00
1.028302e+01 6.507567e-01
4.295089e+00 -7.790751e-02
-1.023362e+01 3.077436e+00
-5.930483e+00 -2.164276e+00
8.203808e+00 -8.329053e+00
7.058718e+00 -1.124928e+00
-1.102674e+01 2.399990e+00
-6.243006e+00 6.382695e+00
7.453331e+00 -2.319588e+00
-8.974246e+00 1.471234e+00
1.046343e+01 6.510367e+00
-4.762144e-01 2.828405e+00
1.012672e+01 -1.104212e+01
-9.900532e+00 -5.281200e+00
-3.464624e+00 -1.039706e+01
-6.539416e+00 -6.014907e+00
-7.335871e+00 9.164887e+00
-4.365446e+00 -7.670038e+00
-8.637506e+00 -3.503983e+00
-7.636671e+00 -8.760861e+00
-9.095192e+00 1.054701e+01
-9.766886e+00 -8.579502e+00
9.176992e+00 6.102759e+00
1.115997e+01 1.198517e+00
-1.074724e+01 -1.437552e+00
9.588923e+00 -3.559133e+00
-8.175355e+00 2.436879e+00
4.220931e+00 4.578310e+00
-5.684228e+00 -1.072076e+00
2.963649e+00 3.102971e+00
-1.083068e+01 5.732355e+00
3.232452e+00 2.122927e+00
-7.152703e+00 5.515269e-01
-6.083910e+00 7.412640e+00
-4.671494e+00 7.415290e-01
-5.543036e+00 4.123517e+00
-8.340468e+00 8.358844e+00
8.950697e+00 -9.354221e+00
5.140061e+00 1.081828e+01
1.018122e+01 -9.015983e+00
-5.493423e+00 -9.298855e+00
-1.031536e+01 6.765190e-01
-1.042095e+01 -2.392184e+00
-8.799943e+00 -4.808395e+00
-9.382330e+00 -1.763268e+00
1.033310e+01 -4.637216e+00
9.364333e+00 -1.401532e+00
-2.683808e+00 1.797513e+00
6.939797e+00 1.148255e+00
-6.526075e-01 -1.152720e+00
-1.316779e+00 6.249355e+00
-6.291039e+00 8.870815e+00
1.839653e+00 4.415363e+00
-7.959519e+00 -1.388976e+00
-6.953525e+00 5.530194e+00
-7.696754e+00 -6.700781e+00
-7.394268e+00 1.014242e+01
2.221290e+00 1.084079e+01
-5.188659e+00 -6.859435e+00
-2.967363e+00 9.785707e+00
-1.081742e+01 -8.832521e+00
1.052471e+01 -6.792184e+00
8.889442e+00 1.705125e-01
-2.171501e+00 -6.200329e+00
-2.841666e+00 7.870603e-02
9.363402e+00 -7.079271e+00
7.073221e+00 -7.516126e+00
-8.253752e+00 -2.377010e+00
1.161681e+00 -3.074106e+00
-3.898989e+00 -3.768728e-01
-1.125968e-01 1.779517e+00
8.442945e+00 7.155856e+00
3.390294e+00 -3.320319e+00
-1.109470e+01 7.236502e+00
-5.963078e+00 -3.238200e+00
-5.117684e+00 2.929139e+00
9.335324e+00 -5.016781e+00
-1.013301e+01 1.689517e+00
3.119067e+00 -1.099880e+01
-8.931748e+00 -6.455111e+00
-3.055282e+00 -6.777758e+00
2.350473e-01 -7.967436e+00
-1.106508e+01 -6.056617e+00
-1.074786e+00 -8.006321e+00
5.238614e+00 2.826837e+00
-4.341685e+00 -6.221833e+00
-4.461040e+00 -3.933560e+00
-1.000169e+01 -5.252152e-01
-1.994641e+00 -2.698379e+00
1.129093e+00 5.315624e-01
-3.642167e+00 1.281982e+00
5.898069e+00 5.090712e+00
1.032870e+01 5.433378e+00
-2.810453e+00 2.979317e+00
-7.661348e+00 -1.021432e+01
1.114558e+01 8.356488e+00
-1.023447e+01 8.103286e+00
-1.753107e+00 2.918308e+00
-4.563086e+00 4.400421e+00
1.798703e+00 -9.232314e+00
-5.478380e+00 -8.097899e+00
5.840242e+00 -5.411805e+00
-4.619875e+00 -9.821091e+00
-1.337958e+00 -6.858872e+00
-6.817543e-01 -9.078280e+00
-7.874017e+00 -3.631890e-01
-8.191654e+00 6.781583e-01
6.574311e+00 -6.448627e+00
4.175811e-01 -4.933676e+00
-6.993777e+00 2.467455e+00
1.038646e+01 4.394311e+00
-3.039939e+00 1.101787e+01
5.622750e+00 7.089748e+00
4.004632e+00 9.630315e-01
1.829459e+00 6.611033e+00
-3.968281e+00 6.182343e+00
-1.889184e+00 8.432716e+00
-6.412656e+00 4.548866e+00
-2.298922e-01 -1.003454e+01
-5.208126e+00 -1.076328e+01
-8.352538e+00 -9.496010e+00
-6.277974e+00 -7.180670e+00
-4.067320e+00 9.512128e+00
-4.967526e+00 -3.013610e+00
1.994794e-01 -3.730213e+00
-2.520234e+00 -4.956419e+00
-8.857407e+00 -6.115343e-01
2.486325e-01 -1.632982e+00
-2.892856e+00 -2.127951e+00
-6.405231e+00 3.505771e+00
-7.692011e-01 -5.835658e+00
-1.945268e+00 8.334669e-01
-4.662494e-02 3.740923e+00
-4.405480e+00 -8.796285e+00
-7.340314e+00 7.681196e+00
-1.440982e+00 5.136553e+00
-3.040319e+00 -3.163839e+00
-7.437138e+00 6.523953e+00
-3.637333e+00 2.311203e+00
5.976859e+00 -7.930469e+00
-3.942510e+00 -2.620383e+00
-9.231087e+00 3.423660e-01
-2.939708e+00 -9.653053e-01
-2.523210e+00 4.980226e+00
-4.313929e+00 -5.042602e+00
-6.882085e+00 -1.493814e+00
-3.692949e+00 5.217875e+00
-5.181426e+00 1.024146e+01
5.429162e+00 -6.481271e+00
1.238547e+00 -8.277707e+00
-8.162206e-01 -1.137730e-01
-8.729025e+00 4.540778e+00
-1.882604e+00 -1.590657e+00
-2.661515e+00 7.706058e+00
6.292289e-01 -9.191377e+00
6.275446e+00 9.435248e+00
-4.897568e+00 -1.789233e+00
8.414504e-01 -1.025612e+01
-5.461120e+00 5.374857e+00
1.303024e+00 -5.551042e+00
-7.210540e+00 1.109506e+01
-1.077530e+01 -7.302240e+00
4.181661e+00 1.108072e+01
-1.484255e+00 -9.899542e+00
-2.205163e+00 -8.472232e+00
-3.435344e+00 -9.059615e+00
-7.646731e+00 1.611905e+00
1.069994e+01 -1.021039e+00
-2.158420e+00 -3.970835e+00
-5.724960e+00 7.377685e-01
-6.432960e+00 -3.810488e-01
3.162964e+00 -2.024254e-01
9.976274e+00 8.272676e+00
1.703359e+00 -2.160744e+00
1.085582e+00 1.013423e+01
-1.393893e+00 7.438529e+00
1.057201e+01 -8.024836e+00
4.854830e+00 -3.028649e+00
3.260613e+00 1.040609e+01
7.764965e+00 6.065503e+00
-7.778820e+00 -4.427619e+00
-6.166435e+00 9.870050e+00
6.863507e+00 5.548004e+00
1.876089e+00 -1.037499e+01
6.775866e-01 -7.069718e+00
3.831416e+00 -1.023900e+01
-1.025005e+00 -3.489887e+00
1.033635e+00 3.570299e+00
-3.227535e-01 -6.798860e+00
-8.509505e-01 1.011914e+01
-6.627622e+00 1.456988e+00
1.328181e-01 1.068277e+01
2.892303e+00 9.979782e-01
2.481374e+00 7.455994e+00
-2.173483e+00 3.928825e+00
-7.681341e-01 8.306199e+00
-1.018998e+00 -2.135320e+00
4.468940e+00 8.935823e+00
-9.975682e+00 -1.077537e+01
4.165699e+00 9.943883e+00
-6.187758e+00 1.107595e+01
5.836299e+00 -3.282289e+00
-5.854735e-02 -2.718085e+00
6.306548e+00 -4.323666e+00
-3.386991e+00 -5.657591e+00
6.626341e+00 2.792989e+00
8.949584e-01 6.167851e+00
6.900613e-02 6.922028e-01
-8.752831e-01 9.739254e-01
-1.816405e+00 1.082290e+01
-3.479294e+00 4.291559e+00
1.368822e+00 -1.228296e+00
4.823169e+00 5.467010e+00
5.936108e+00 4.013338e+00
4.862565e+00 -1.051028e+01
4.871718e+00 -8.383747e+00
2.445146e+00 -8.437766e+00
-4.133832e+00 1.078055e+01
1.196955e+00 9.002812e+00
-3.819561e+00 7.208640e+00
4.534715e+00 7.809884e+00
-3.314790e+00 -8.011518e+00
-4.985020e+00 -2.502458e-01
9.385749e+00 9.172548e+00
2.763902e+00 -9.827137e+00
1.026671e+01 1.704176e+00
-9.468805e+00 -2.931641e+00
3.062898e+00 -6.528324e+00
1.187792e+00 -4.115617e+00
5.617774e+00 8.600249e+00
4.343189e+00 2.305570e+00
1.250088e-01 9.352406e+00
-1.861202e+00 -4.081439e-01
4.181992e+00 -3.957375e+00
8.235609e+00 -1.049502e+01
-1.073315e+01 9.334977e+00
3.556397e+00 -8.873478e+00
4.937285e+00 3.791828e+00
6.907743e+00 -5.094229e+00
-3.314272e+00 -4.235261e+00
-6.636954e+00 -9.802157e+00
7.913022e+00 4.971049e+00
8.244985e+00 -7.329086e+00
8.074532e+00 -6.281263e-01
8.562132e+00 -6.395875e+00
4.991344e+00 1.320962e+00
2.533801e+00 -7.451760e+00
-1.561725e+00 -5.184022e+00
7.007206e-01 2.623600e+00
-1.103334e+01 -1.531975e-01
1.674783e+00 5.410953e+00
6.911219e+00 6.727785e+00
-2.815798e-01 5.956414e+00
4.574673e+00 6.493618e+00
3.448965e+00 8.018962e+00
8.904065e+00 8.032818e+00
2.850876e+00 6.547639e+00
6.476780e+00 7.924146e+00
2.075876e+00 6.830195e-02
5.902459e+00 -1.052599e+01
1.162477e+00 1.113964e+01
-1.081254e+01 4.417566e+00
-2.436300e+00 -9.472916e+00
3.691941e+00 -7.594882e+00
7.551911e+00 -6.075492e+00
6.274556e+00 -2.343947e+00
5.171966e+00 -4.265579e+00
2.221768e+00 -4.560783e+00
2.413328e+00 -3.341419e+00
3.195747e+00 9.134601e+00
-4.133420e-01 4.983450e+00
2.206189e+00 9.785981e+00
-3.907069e+00 -1.422040e+00
9.548161e+00 -1.019248e+01
3.994763e+00 3.387141e+00
-2.905581e+00 6.195596e+00
-9.738113e+00 4.063080e+00
7.357022e+00 9.933844e+00
1.057328e+01 -1.002197e+01
3.945260e+00 -2.258181e+00
5.895444e+00 8.302101e-01
2.834595e+00 -2.367050e+00
3.559621e+00 -1.233191e+00
7.608635e+00 1.087035e+01
8.326328e+00 -3.024771e+00
2.097583e+00 1.919749e+00
-2.207616e+00 -7.379619e+00
-5.509103e+00 -4.347580e+00
4.216825e+00 -6.423852e+00
-9.172650e+00 6.214258e+00
-8.533165e+00 9.351332e+00
-1.018503e-01 7.002515e+00
-1.019413e+01 6.528053e+00
-8.936355e+00 -1.048183e+01
-9.321768e+00 8.613679e+00
8.307527e+00 9.095670e+00
3.729537e+00 7.002799e+00
7.251360e+00 8.881548e+00
9.647002e+00 1.035167e+01
-8.198887e+00 -7.609082e+00
8.585737e+00 1.014300e+01
9.430426e+00 -8.154234e+00
7.897444e+00 -9.306009e+00
-4.867412e+00 1.918278e+00
6.854637e+00 -9.623240e+00
9.196398e-01 1.565126e+00
-4.162384e+00 3.290727e+00
2.672901e+00 5.230756e+00
-7.741168e-01 -1.100973e+01
-1.188907e+00 1.992300e+00
-1.083410e+00 3.799300e+00
4.736914e+00 -1.149339e+00
4.600460e+00 -9.464317e+00
-2.306206e+00 -1.049250e+01
-3.950019e+00 8.282254e+00
1.057333e+01 9.256209e+00
1.659131e+00 -6.739666e+00
9.032840e+00 1.117604e+01
-6.581376e+00 -4.857962e+00
9.836818e+00 -3.298771e-01
1.271018e+00 7.661070e+00
-9.660437e+00 -4.128370e+00
-1.055438e+01 -3.430261e+00
9.991661e+00 -5.817320e+00
6.453493e+00 -2.385165e-01
2.621964e+00 -5.629723e+00
8.483828e+00 -1.854394e+00
2.398586e+00 -9.812221e-01
8.072438e+00 1.071064e+00
3.273125e-01 -5.914018e+00
-2.955480e+00 8.649223e+00
2.959526e+00 4.177771e+00
6.060387e+00 6.186306e+00
-8.756097e+00 -8.456122e+00
3.551958e+00 5.770870e+00
-4.949827e+00 6.525201e+00
1.092638e+01 1.031154e+01
7.067275e+00 -1.057132e+01
8.327839e+00 -5.259423e+00
6.273383e+00 1.064974e+01
-9.707489e+00 -7.515524e+00
1.063698e+01 -2.326667e+00
7.683904e+00 2.226476e+00
9.972214e+00 2.643738e+00
-6.964360e-01 -4.582308e+00
4.814378e+00 -7.389284e+00
3.845995e-01 -5.142004e-01
5.470668e+00 -1.401340e-01
7.649039e+00 -4.353336e+00
9.564419e+00 7.153499e+00
1.942879e+00 3.195857e+00
8.103326e+00 3.985944e+00
2.298212e+00 8.719360e+00
5.936264e+00 -1.235555e+00
5.965116e+00 1.900113e+00
-8.447048e+00 7.232797e+00
8.720422e+00 -4.095141e+00
-1.069430e+01 -1.002701e+01
7.669285e+00 7.839384e+00
5.169411e+00 9.748852e+00
-5.076962e+00 9.262583e+00
5.847142e+00 -9.127239e+00
9.263804e+00 4.922320e+00
-9.763653e+00 5.256866e+00
9.439248e+00 -2.490907e+00
4.422834e+00 -5.227206e+00
-1.078264e+01 -4.592755e+00
5.279334e+00 -2.091098e+00
1.076419e+01 -3.440542e+00
-8.670430e+00 3.470054e+00
2.737436e-01 7.955371e+00
3.437609e+00 -4.663526e+00
-9.549783e+00 9.574350e+00
-7.546051e+00 4.390683e+00
-6.820927e+00 -3.789247e+00
-1.101490e+01 -1.104891e+01
-8.259330e+00 1.103010e+01
