9.603842e+00 1.091028e+01
-6.729814e+00 9.276875e+00
9.718264e+00 6.958788e+00
-2.917805e-01 -7.935718e-01
-4.145874e+00 5.588815e+00
1.056769e+01 1.062776e+01
7.938900e+00 3.557110e-01
6.976141e+00 3.090222e+00
8.050718e+00 -1.684401e+00
9.335087e+00 -1.109877e+00
-4.786682e+00 8.308446e+00
9.680507e+00 5.588680e+00
-6.461506e+00 -4.981483e+00
5.826795e+00 5.041748e+00
-6.202913e+00 3.058359e+00
3.716092e+00 9.925438e+00
-5.336779e+00 -4.898855e+00
1.012941e+01 -8.221933e+00
8.704560e+00 1.007934e+01
-1.083799e+01 6.592700e+00
4.259468e+00 -6.166467e+00
7.351695e+00 -5.423221e+00
1.202646e+00 -5.014256e+00
8.368811e-01 -5.424917e-01
6.992988e+00 9.658842e-01
9.723367e+00 4.419648e+00
-4.529468e+00 -8.516427e-01
-5.258729e+00 9.484098e+00
1.098258e+01 -2.872610e+00
-7.473041e+00 5.709405e+00
4.817520e-01 -6.390717e+00
4.453862e+00 3.357677e+00
-8.266600e+00 -2.611200e+00
-1.067866e+01 -4.608364e+00
-2.225869e+00 4.342525e+00
-5.353355e+00 -8.836951e+00
-9.162662e+00 -8.966355e+00
8.886674e+00 6.232480e+00
-9.974403e+00 -8.170802e+00
-9.369502e+00 3.516291e+00
6.540658e+00 9.780649e+00
9.042333e+00 7.596364e-02
9.803906e+00 9.828572e+00
8.045908e+00 3.122358e+00
-8.915817e+00 -5.585672e+00
8.388098e+00 -1.107745e+01
-2.697064e+00 -4.846483e+00
-5.482871e+00 -5.883577e+00
8.029294e+00 -4.449148e+00
1.017266e+01 -5.086947e+00
4.400876e+00 -2.683620e+00
2.590470e+00 3.700455e+00
-9.538503e+00 -1.012010e+00
-9.923945e+00 2.075925e+00
-7.634893e+00 -5.172174e-01
-6.713758e+00 -1.080182e+00
-2.756229e-01 7.337965e+00
-2.486612e+00 -1.920316e-01
-9.447553e+00 4.687591e+00
-2.716329e+00 6.144938e+00
1.366156e+00 -7.387688e+00
6.541812e+00 -9.287562e+00
6.393217e+00 -1.030166e+01
5.480809e-01 1.042756e+01
-5.818626e+00 -3.536821e-01
1.964705e+00 -6.080943e+00
8.848695e+00 -3.445561e+00
-3.253750e+00 1.902840e+00
-8.633439e+00 1.035598e+01
5.609067e+00 -4.751690e+00
2.571239e+00 -8.318144e+00
-8.441315e+00 1.739099e+00
-1.723789e+00 5.327863e+00
7.831822e-01 7.313243e+00
-3.774594e+00 6.574135e+00
3.444539e+00 8.841431e+00
-8.624451e+00 -4.515991e+00
-1.394383e+00 2.312420e+00
7.862793e+00 -2.717337e+00
-1.022801e+01 -5.539697e+00
2.472645e+00 -7.184920e+00
-7.931688e+00 -5.873300e+00
2.847591e+00 1.107561e+01
-2.384434e+00 -1.072137e+01
3.070000e+00 -6.281579e+00
2.683110e+00 1.870452e+00
6.949435e+00 8.682203e+00
-1.058491e+01 4.477758e+00
-2.206333e+00 -3.507900e+00
2.872563e+00 -4.264844e+00
-8.783842e-01 1.293198e+00
1.149815e+00 -2.836574e+00
3.074051e+00 2.857723e+00
3.749818e+00 6.367154e+00
8.708637e+00 5.228457e+00
2.580413e+00 -1.448068e+00
2.378171e+00 -9.371747e+00
-1.108411e+00 4.543590e+00
-9.218053e+00 9.536288e-01
-8.820362e+00 -7.980571e+00
4.712797e+00 4.501638e+00
1.678711e+00 1.054577e+01
-1.063116e+01 -6.571986e+00
9.418435e+00 -1.027230e+01
-3.841318e+00 -6.882548e+00
-5.831741e+00 7.065162e+00
-1.215580e+00 -1.098870e+01
1.067709e+01 5.071232e+00
-5.282516e+00 -1.559373e+00
-8.506889e+00 -6.700518e+00
-9.125956e+00 -3.325100e+00
-9.376236e+00 -2.173765e+00
6.796791e+00 -2.589836e+00
5.641768e+00 9.024488e+00
-1.088318e+01 8.606039e+00
-1.063267e+01 -1.112251e+01
-2.927542e+00 9.271067e-01
-4.768136e+00 -1.079695e+01
7.597358e+00 1.903146e+00
-8.927523e+00 9.207032e+00
9.019019e-01 5.043134e+00
2.574053e+00 9.758399e+00
-8.491536e+00 7.681125e+00
-7.618136e+00 8.380743e+00
3.237654e+00 -2.987201e+00
1.018918e+01 -1.850156e+00
-6.140304e+00 -6.897874e+00
-9.203667e+00 -1.106413e+01
3.393098e-02 1.959880e+00
1.050789e+01 -6.479759e+00
6.663145e+00 -4.642219e+00
-7.587848e+00 1.057444e+01
-1.005455e+01 9.271071e+00
1.011977e+01 -1.738192e-01
-1.199459e+00 -4.855191e+00
3.048700e+00 -1.022885e+01
-3.382463e+00 -8.459801e-01
-1.104441e+01 2.177885e+00
2.763352e+00 6.847575e+00
-1.559896e+00 3.516937e+00
-4.703443e+00 7.200245e+00
-8.431440e-01 -5.968279e+00
1.027734e+01 8.812681e+00
-8.033188e+00 7.689783e-01
9.934676e+00 -3.115389e+00
-7.212317e+00 4.696028e+00
-7.194108e+00 2.497373e+00
-3.086412e+00 -9.789113e+00
6.467629e+00 1.881901e+00
-5.794828e+00 -3.866075e+00
2.254762e+00 9.271541e-01
-1.022547e+01 -2.861023e+00
-5.304678e+00 6.289271e+00
-4.258189e+00 -9.896022e+00
3.707312e+00 4.016087e+00
7.864429e+00 9.339611e+00
-5.868096e+00 -1.099264e+01
-5.049333e+00 1.056101e+01
-9.564935e+00 6.866322e+00
1.810039e+00 2.909956e+00
3.706595e+00 1.384821e+00
-6.880761e+00 4.070549e-01
-2.123374e+00 -5.687559e+00
-4.716810e+00 -3.994097e+00
7.563035e+00 4.143187e+00
6.979954e+00 -1.322362e-01
-2.547800e+00 -1.491883e+00
9.514913e+00 -6.151139e+00
4.331700e+00 9.086542e+00
-7.518712e+00 3.469340e+00
-5.134235e+00 1.598865e+00
-1.065822e+00 -7.771190e+00
2.527973e-01 9.408294e+00
7.448795e+00 5.147007e+00
3.889247e+00 7.938211e+00
-6.804340e+00 -4.002560e+00
-1.030216e+01 9.812770e-01
5.477392e-01 -8.103517e+00
3.026686e-01 -9.855119e+00
-7.286827e-01 -1.812099e+00
-1.625122e+00 1.030076e+01
3.622177e+00 -1.794061e+00
-3.466982e+00 -1.083380e+01
-4.877658e+00 4.924875e+00
2.917183e+00 7.956194e+00
-8.216804e+00 6.453807e+00
-2.765230e+00 -6.872472e+00
-3.255660e+00 -5.931052e+00
-5.934282e+00 8.392329e+00
-1.934444e+00 1.442326e+00
1.115864e+01 -1.061301e+00
-4.049342e+00 -2.934610e+00
5.002225e+00 8.073838e+00
-4.273495e+00 4.065121e+00
-3.679321e+00 2.494054e-01
-9.826221e+00 -1.023513e+01
4.264202e-01 3.615723e+00
1.575383e+00 1.719165e+00
-3.092931e+00 3.420656e+00
3.591425e+00 -7.442753e+00
9.174089e+00 -2.467270e+00
-8.512826e-02 -7.295551e+00
5.708297e+00 -6.745561e+00
4.416968e+00 -5.157457e+00
-4.763182e+00 2.638791e-01
-1.103415e+01 1.157222e-01
5.874687e+00 -1.893782e+00
-5.734310e+00 -7.873945e+00
4.183257e+00 -1.029791e+01
-8.585884e+00 -1.479418e+00
5.758180e-01 -3.682405e+00
-1.772138e-01 -4.405746e+00
-8.438418e-01 -9.884152e+00
1.679450e+00 6.710840e+00
2.273064e+00 -3.413196e+00
4.732681e+00 -6.147006e-01
8.220981e+00 -6.531316e+00
-1.041414e+01 3.451979e+00
1.972576e+00 -1.073296e+01
6.126145e+00 8.058499e+00
3.893528e+00 -3.823388e+00
-5.458573e+00 -9.900920e+00
-7.591643e+00 7.261807e+00
-5.109952e+00 2.697493e+00
-2.366743e+00 2.620570e+00
-4.171543e+00 1.461121e+00
-4.141879e+00 -4.906785e+00
-9.888179e+00 1.039540e+01
-3.270209e+00 -3.713757e+00
4.354038e+00 -9.181127e+00
-7.476027e+00 -1.782769e+00
9.743159e+00 1.050166e+00
-2.463485e+00 8.134338e+00
-4.031584e+00 2.705710e+00
5.070440e+00 2.330639e+00
-1.053819e+01 5.547247e+00
5.018231e+00 -1.107962e+01
-4.036349e+00 1.044904e+01
1.513142e+00 -1.310814e+00
-2.671172e+00 -8.812970e+00
-1.793251e-01 5.136550e+00
-3.822988e+00 -8.762967e+00
-5.041644e-01 6.099236e+00
6.301390e+00 1.102060e+01
-1.376157e+00 -4.496278e-01
5.934748e+00 2.832273e+00
6.895138e+00 -6.442281e+00
-8.175410e+00 4.346313e+00
3.477466e+00 -5.817644e-03
8.600217e+00 -5.433615e+00
6.521298e-01 1.143854e+00
-2.179429e+00 -7.717344e+00
1.544839e+00 -8.671893e+00
4.707040e+00 -7.069264e+00
-4.138643e-02 -2.665666e+00
-1.434545e+00 7.546675e+00
-1.074371e+00 -3.339699e+00
7.735680e+00 -8.570357e+00
5.347046e+00 1.128657e+00
7.235616e+00 -3.765830e+00
-4.993212e+00 -6.852208e+00
7.247283e+00 1.046650e+01
-5.048692e+00 -2.610028e+00
-3.354985e+00 -7.816742e+00
5.528743e+00 6.019819e+00
-2.086165e-03 1.875037e-01
9.192367e+00 8.924607e+00
7.091966e+00 -1.362042e+00
7.588473e+00 -9.805684e+00
4.916932e+00 -3.885033e+00
-4.449392e+00 -5.964846e+00
8.600993e+00 1.139900e+00
1.487796e+00 -4.020579e+00
-1.865442e+00 -9.818057e+00
5.546893e+00 -7.883522e+00
5.084409e+00 9.989655e+00
7.828019e+00 6.274545e+00
-4.057966e-01 8.585406e+00
5.526282e+00 -9.049296e+00
-5.587006e-01 1.054548e+01
7.283298e+00 -1.085752e+01
1.298772e+00 3.556821e-01
3.372878e+00 -5.068544e+00
-2.453810e+00 7.170287e+00
-1.039203e+01 -1.817189e+00
-6.106941e+00 1.821724e+00
-1.567406e+00 5.252461e-01
8.990183e-01 8.454850e+00
9.949760e+00 2.064850e+00
2.326017e+00 -4.347921e-01
-1.423744e+00 -8.778746e+00
-2.930239e+00 -2.585532e+00
6.275255e+00 6.806659e+00
-8.444469e+00 5.417662e+00
-2.619432e-01 -8.807896e+00
-9.896268e+00 -5.665872e-02
1.055214e+01 6.225211e+00
-7.135202e+00 -2.877035e+00
-3.681097e+00 7.989962e+00
-7.104108e+00 1.408912e+00
-8.686204e+00 -1.001866e+01
8.562003e+00 -9.540637e+00
8.256444e+00 -6.860529e-01
-1.506588e+00 -6.753815e+00
-3.991133e+00 -1.860776e+00
8.730574e+00 2.113108e+00
1.022964e+01 -9.548293e+00
9.288756e+00 -4.525363e+00
-1.033622e+01 7.539347e+00
-4.873965e-01 3.079431e+00
-7.164393e+00 -7.544444e+00
4.340008e-01 -1.694661e+00
-9.632483e+00 5.808414e+00
-6.329429e+00 5.605491e+00
4.608559e+00 6.992104e+00
-8.055688e+00 -1.092452e+01
-1.092976e+01 -1.004613e+01
-7.611254e+00 -4.774848e+00
-2.070177e+00 9.158193e+00
1.096239e+01 1.165872e+00
-9.587858e+00 -6.683044e+00
-6.062581e+00 4.546665e+00
7.426911e+00 -7.509246e+00
-6.680853e+00 -8.391945e+00
8.004600e+00 8.209821e+00
5.998201e+00 3.796307e-01
2.102090e+00 5.793056e+00
3.479802e+00 5.324110e+00
8.642297e+00 4.092116e+00
2.133783e+00 8.731879e+00
3.319942e+00 -8.963285e+00
-3.052561e+00 9.181808e+00
2.065181e+00 -2.337541e+00
5.248673e+00 -1.007619e+01
1.045565e+01 -4.072562e+00
5.504219e+00 -2.881737e+00
-4.566843e+00 -7.888462e+00
-2.928081e+00 1.048882e+01
-6.760394e+00 7.817721e+00
-6.478413e+00 1.027962e+01
-9.813668e-01 9.478555e+00
-9.815379e+00 -4.066546e+00
4.387218e+00 5.375091e-01
-1.589066e+00 6.543525e+00
1.050614e+01 -1.073723e+01
-7.661431e+00 -9.757753e+00
9.619125e+00 8.006331e+00
5.628877e+00 3.756835e+00
1.756658e+00 7.760135e+00
-8.001402e+00 -3.678706e+00
6.861423e-01 6.053288e+00
5.263605e+00 -5.833816e+00
-6.943827e+00 -1.057597e+01
-7.855137e+00 9.495931e+00
3.993181e+00 1.104774e+01
6.620187e+00 5.828526e+00
-1.026750e+01 -9.235864e+00
7.219914e+00 7.156237e+00
3.997868e+00 2.427389e+00
8.570885e+00 7.221536e+00
9.690639e-01 -1.081048e+01
1.092906e+01 7.421475e+00
1.390678e+00 9.454136e+00
-1.114625e+01 -7.556286e+00
-7.726664e+00 -8.544110e+00
-5.910138e+00 7.889753e-01
1.113947e+01 -8.766381e+00
-6.550654e+00 -9.467653e+00
9.240893e+00 -8.754518e+00
6.165767e+00 -7.937166e-01
4.799991e+00 -1.640751e+00
8.618233e+00 -7.889708e+00
-1.117671e+01 9.717934e+00
4.514736e+00 5.474103e+00
-5.275154e+00 3.783073e+00
-4.125303e+00 9.293289e+00
1.438624e+00 3.909358e+00
-6.759226e+00 -6.015824e+00
9.336667e+00 3.006652e+00
7.763689e-02 -5.424923e+00
4.555200e+00 -8.190383e+00
6.595479e+00 4.343426e+00
-1.418625e-01 -1.078476e+01
-2.997197e+00 5.124246e+00
1.329346e+00 -9.755973e+00
-9.559786e+00 8.249649e+00
8.022641e-01 2.633025e+00
9.703896e+00 -7.225099e+00
-1.826513e+00 -2.307640e+00
-6.243341e+00 -2.175584e+00
1.990166e+00 4.811607e+00
6.264171e+00 -5.613959e+00
1.040549e+01 3.026339e+00
6.617742e+00 -8.115111e+00
2.223909e+00 -5.046804e+00
1.110522e+01 -5.611655e+00
-8.397014e+00 2.934374e+00
6.143419e+00 -3.711635e+00
-8.733336e+00 -1.156716e-01
-6.779413e+00 6.599129e+00
