9.042845e+00 -8.446862e+00
-8.031879e+00 6.614881e+00
-4.282370e+00 9.909144e+00
-7.201283e+00 -1.510636e+00
-1.084736e+01 3.445446e+00
-9.776814e+00 -4.963669e+00
1.088149e+01 -9.273408e-01
-7.149332e+00 4.865053e+00
1.084440e+01 -4.250000e+00
9.084570e+00 -1.276022e-01
-3.084640e+00 8.777996e+00
1.043066e+01 5.802254e+00
1.098005e+01 4.653565e-01
1.004527e+01 8.925809e-01
-4.546485e+00 4.858632e+00
5.093868e+00 4.153838e+00
9.199260e+00 1.607546e+00
-8.196940e+00 9.462386e+00
-5.352499e+00 -6.586889e+00
-4.288485e+00 -6.002423e+00
1.076749e+01 -7.912823e+00
1.096465e+01 -6.115548e+00
2.087955e+00 -7.529870e+00
8.401478e+00 -1.472150e+00
5.924082e+00 2.035006e+00
-1.009560e+01 5.892875e+00
-5.182321e+00 1.679296e+00
4.883848e+00 -1.015117e+01
6.288018e+00 9.740074e-01
-1.037031e+01 4.914563e+00
-2.855160e+00 5.221255e+00
6.199568e+00 -3.518393e+00
-8.170849e+00 2.583018e+00
9.001042e+00 7.333563e+00
-2.087412e+00 2.887626e+00
1.108893e+01 8.569834e+00
-1.084510e+01 -6.996933e+00
-6.254510e+00 -8.854200e+00
-8.935537e+00 -5.614173e+00
-5.290131e+00 7.164013e+00
-8.756465e+00 -8.638258e+00
-1.022068e+01 -2.329352e+00
-8.595615e+00 -9.624627e+00
-8.885810e+00 8.549864e+00
-1.000236e+01 -7.733195e+00
-1.098352e+01 6.469473e+00
-9.390826e+00 6.566299e-01
-9.191502e+00 -2.062963e+00
8.366663e+00 -3.458967e+00
-8.525474e+00 1.125634e+00
7.051576e+00 1.664240e+00
-3.342252e+00 3.878735e-01
3.959981e+00 -2.443153e-01
-9.887419e+00 3.883110e+00
8.088109e+00 2.048724e+00
-6.435048e+00 1.475254e+00
5.197326e-01 3.755147e+00
-6.392277e+00 -7.181863e-01
-6.514072e+00 3.976362e+00
-4.173614e+00 7.742827e+00
7.055948e+00 -1.000887e+01
7.838688e+00 9.487705e+00
1.067338e+01 1.047609e+01
-4.952499e+00 -7.659020e+00
-6.936220e+00 2.712716e+00
9.984277e+00 -5.219996e+00
-1.089641e+01 -5.179226e+00
-8.305664e+00 -1.089926e+00
8.490847e+00 -7.587231e+00
8.059206e+00 -2.450450e+00
-1.903600e+00 3.981982e+00
7.209254e+00 6.468312e-01
-2.222903e+00 -5.732579e-01
1.131586e+00 6.831964e+00
-5.167444e+00 9.298831e+00
5.137562e+00 5.897617e+00
-6.101083e+00 -1.874719e+00
-7.314786e+00 8.822535e+00
-1.097195e+01 -3.253542e+00
-6.667891e+00 -9.810177e+00
4.932930e+00 -9.146216e+00
-8.371675e+00 -7.659730e+00
1.728632e+00 8.993434e+00
6.485230e+00 -5.477383e+00
7.471313e+00 -8.106102e+00
7.766953e+00 -2.096319e-01
-5.971012e+00 -4.856575e+00
1.852549e-01 4.779274e+00
5.530824e+00 -6.132160e+00
3.140818e+00 -6.570669e+00
-9.710649e+00 -3.271460e+00
-4.071697e-01 -1.415158e+00
-4.295121e+00 -3.108313e-01
3.547598e+00 1.674537e+00
7.224803e+00 5.175769e+00
2.699724e+00 -4.400979e+00
9.109590e+00 3.861722e+00
-7.467209e+00 -4.213812e-01
-5.750959e+00 4.781122e+00
9.276626e+00 -4.402343e+00
-8.598823e+00 -6.582957e-02
4.203392e+00 1.099483e+01
-9.952581e+00 -8.747915e+00
-9.396886e+00 -6.852034e+00
-4.044552e+00 -8.263768e+00
1.018957e+01 -9.004692e+00
-2.275194e+00 -7.155785e+00
8.929768e+00 2.901144e+00
-7.247333e+00 -2.805279e+00
-8.220406e+00 -6.431016e+00
-9.399983e+00 -9.126508e-01
-1.651894e+00 -2.563349e+00
6.522768e-01 -9.688689e-01
-9.394354e-01 7.541909e-01
6.876523e+00 7.707919e+00
9.841385e+00 8.066905e+00
-5.976422e+00 6.121789e+00
-7.482328e+00 -9.105080e+00
-8.750116e+00 4.018948e+00
-8.024222e+00 1.063198e+01
-1.986967e+00 6.070018e+00
-5.013756e+00 5.715857e+00
-1.490704e+00 -9.316484e+00
-1.085715e+01 -1.012129e+01
3.557176e+00 -5.170771e+00
-6.073963e+00 -2.921589e+00
-5.296442e+00 -5.560408e+00
-6.003179e+00 -1.064830e+01
-3.845655e+00 3.330634e+00
-5.862293e+00 3.245107e+00
5.759269e+00 -4.716252e+00
-3.158456e+00 -4.285222e+00
-7.549371e+00 1.841234e+00
9.547270e+00 5.152496e+00
-3.910082e+00 1.098725e+01
2.513452e+00 8.011421e+00
2.343556e+00 -2.478636e+00
2.982744e+00 3.871596e+00
2.742184e-01 5.764756e+00
2.632420e-01 8.031748e+00
-8.278746e+00 5.097369e+00
-1.969344e+00 8.473826e+00
-9.612997e+00 -9.789109e+00
-7.634697e+00 -1.025695e+01
-7.687065e+00 -3.735974e+00
-4.243410e+00 8.886872e+00
-4.775983e+00 -2.812955e+00
-4.611200e-01 -6.001983e+00
-3.162446e+00 -1.173576e+00
-5.398687e+00 -4.100685e-01
8.267160e-01 3.268260e-01
-4.974832e+00 6.055992e-01
-7.151941e+00 5.972894e+00
-4.066609e+00 -7.107365e+00
1.025937e+00 1.772123e+00
2.067406e+00 1.900932e+00
-6.041097e+00 -7.778847e+00
-6.309077e+00 8.354442e+00
4.052543e+00 3.907522e+00
-3.193729e-01 -4.149737e+00
-4.317033e+00 6.676835e+00
-4.978681e+00 3.798104e+00
4.008572e+00 -7.253352e+00
-3.990897e+00 -1.772429e+00
-1.017361e+01 -1.692958e-01
-1.509398e-01 -6.171547e-02
-8.761296e-01 3.086752e+00
-8.122966e+00 -4.693121e+00
-3.748250e+00 1.432316e+00
-1.229325e+00 1.965346e+00
-2.380019e+00 9.580166e+00
4.476459e+00 -8.209953e+00
-1.256630e+00 -8.118141e+00
1.893158e+00 -6.941494e-01
-9.077767e+00 3.052663e+00
-5.063154e+00 -1.836311e+00
2.709982e+00 6.026918e+00
7.082887e-01 -1.029505e+01
6.079520e+00 -1.061229e+01
-2.637099e+00 -2.071447e+00
-2.458639e+00 -9.704293e+00
-9.382017e-01 4.369681e+00
-2.189618e+00 -4.463149e+00
-5.259871e+00 8.183925e+00
9.582893e+00 1.056617e+01
3.459797e+00 1.009945e+01
-3.143431e+00 -7.743744e+00
-6.337569e+00 -5.922195e+00
-2.446548e+00 -8.535155e+00
-9.157140e+00 1.855829e+00
1.115947e+01 -2.149357e+00
-3.612357e+00 -5.241448e+00
-2.904230e+00 3.775484e+00
-3.051300e+00 2.495203e+00
2.701697e+00 -1.397765e+00
9.124226e+00 9.366493e+00
1.259065e-01 -3.151291e+00
2.786128e+00 -9.420425e+00
2.323635e+00 4.833386e+00
7.264247e+00 -6.989610e+00
1.934964e+00 -8.674290e+00
3.618009e+00 -1.037150e+01
7.930863e+00 7.519765e+00
-9.026151e+00 -4.200416e+00
-3.119147e+00 6.409264e+00
6.907141e+00 2.972751e+00
9.569574e-01 -8.116327e+00
-1.736035e+00 -6.291745e+00
2.147517e+00 -1.052460e+01
2.554750e-01 -5.032806e+00
1.703526e+00 3.749962e+00
-3.210471e+00 -6.439637e+00
-3.725656e+00 -1.038602e+01
-2.343792e+00 1.625998e+00
3.861376e+00 -9.025502e+00
2.925263e+00 -4.427972e-01
3.988683e+00 6.020539e+00
2.468476e-02 2.538040e+00
-1.010208e-01 9.559502e+00
1.952227e+00 3.936976e-01
1.352537e+00 1.105853e+01
-8.659460e+00 -1.072715e+01
-1.069609e+00 9.918267e+00
-6.164546e+00 9.392355e+00
4.454153e+00 -2.013688e+00
-1.197299e+00 -3.562768e+00
5.145551e+00 -3.789870e+00
-4.055096e+00 -3.620637e+00
1.096094e+01 1.939735e+00
1.169411e+00 4.761003e+00
2.901804e+00 8.701614e-01
1.249600e+00 2.835508e+00
-4.745504e+00 -1.054952e+01
-3.595459e+00 4.472886e+00
-6.356646e-01 -2.442574e+00
6.665060e+00 4.232249e+00
8.343727e+00 5.320714e+00
5.396748e+00 1.098600e+01
4.349636e+00 -3.051139e+00
-3.390260e+00 -9.140652e+00
-4.960248e+00 1.078828e+01
-2.837520e+00 -1.097430e+01
-3.022445e+00 7.672718e+00
7.518214e+00 8.452076e+00
-4.540001e+00 -4.615030e+00
-1.482542e+00 -1.236824e+00
6.598448e+00 9.037793e+00
-3.187603e+00 1.027700e+01
-7.479450e+00 7.764941e-01
8.917993e+00 -5.391176e+00
1.691167e+00 -4.813340e+00
6.862805e-01 -4.143982e+00
7.997857e+00 -1.027471e+01
3.747006e+00 -1.266337e+00
-2.012944e+00 1.057712e+01
-2.107927e+00 5.400300e-01
1.959140e+00 -6.434897e+00
8.968355e+00 -9.541646e+00
8.440729e+00 1.038433e+01
1.503477e+00 -9.667975e+00
8.127032e+00 4.325619e+00
8.212547e+00 -6.512932e+00
-5.228594e+00 -3.750599e+00
-6.979005e+00 -1.112189e+01
1.009495e+01 2.687326e+00
4.122187e+00 -4.171904e+00
1.029056e+01 -3.350125e+00
4.747563e+00 -5.009105e+00
8.275396e+00 1.041030e+00
1.131117e+00 -7.084329e+00
-2.390288e+00 -3.382840e+00
3.729716e+00 2.751752e+00
1.008576e+01 -2.619018e-01
5.469701e+00 2.968457e-01
4.452225e+00 9.135397e+00
3.628710e+00 7.092985e+00
3.615116e+00 8.116984e+00
2.432083e+00 1.014274e+01
6.969461e+00 1.015187e+01
4.943174e+00 7.100066e+00
7.055190e+00 -1.105222e+01
1.597192e+00 -1.698188e+00
3.029493e+00 9.060185e+00
6.255925e-02 1.068679e+01
1.099370e+01 4.707413e+00
-4.428677e+00 -9.481317e+00
2.903492e-02 -6.908602e+00
5.458871e+00 -7.227851e+00
7.387306e+00 -3.433096e+00
2.450348e+00 -5.527838e+00
-1.493177e+00 -5.294424e+00
1.994598e+00 -3.608979e+00
5.550677e+00 8.962414e+00
2.503665e+00 2.915359e+00
-1.589435e+00 -1.054951e+01
-6.328527e+00 3.413917e-01
-1.079567e+01 7.539318e+00
4.754239e+00 3.047378e+00
-9.154557e-01 8.697223e+00
-9.269430e+00 4.962912e+00
-1.093959e+01 9.693597e+00
1.068487e+01 -1.079202e+01
4.750816e+00 1.954751e+00
6.739215e+00 -2.529169e+00
2.985850e+00 -3.249472e+00
4.390383e+00 7.525096e-01
-1.076966e+01 1.099634e+01
7.217485e+00 -1.527272e+00
6.194762e+00 5.919176e+00
-3.309183e+00 -2.956288e+00
-7.485707e+00 -5.747514e+00
-4.058043e-01 -9.188012e+00
-7.051906e+00 9.834884e+00
-7.633792e+00 7.881200e+00
2.195908e+00 6.921736e+00
1.045341e+01 7.195258e+00
-6.799463e+00 -6.860858e+00
-9.937999e+00 8.884357e+00
3.140402e+00 1.109989e+01
4.350012e+00 5.038951e+00
8.914497e+00 -1.105675e+01
-9.017424e+00 1.025631e+01
-9.642330e+00 1.110096e+01
8.692225e+00 8.385306e+00
8.017759e+00 -9.101619e+00
5.998134e+00 -9.383721e+00
-7.172899e-01 5.387742e+00
4.923876e+00 1.005168e+01
5.842273e+00 4.933170e+00
-3.781870e+00 5.616136e+00
4.838559e+00 8.202055e+00
-5.625406e+00 -9.674570e+00
-9.366329e-01 6.455419e+00
1.373097e-02 1.131159e+00
6.720730e+00 -3.536821e-01
5.774839e+00 -8.443925e+00
-4.314578e-02 -8.063200e+00
1.896988e-02 6.924855e+00
-8.742265e+00 7.527793e+00
-5.267385e-01 -1.040468e+01
6.412347e+00 -7.607089e+00
-7.068841e+00 -4.607672e+00
9.144115e+00 -2.443155e+00
1.387118e+00 7.918842e+00
-1.108506e+01 -9.150633e+00
-8.596320e+00 -3.182307e+00
1.043698e+01 9.379607e+00
6.833452e+00 -4.496050e+00
1.397299e+00 -2.836438e+00
-1.045033e+01 -1.282810e+00
5.334710e-01 -2.162095e+00
9.433125e+00 -1.221531e+00
-1.032633e+00 -7.063696e+00
-9.910649e-01 7.596395e+00
5.870612e+00 3.104342e+00
5.847966e+00 8.025187e+00
-7.400295e+00 -8.072957e+00
6.025415e+00 6.968148e+00
1.571984e+00 5.854856e+00
-9.572935e+00 6.843559e+00
6.864528e+00 -8.938281e+00
9.374089e+00 -6.314930e+00
9.635738e+00 -1.035264e+01
-1.003083e+01 1.017311e+01
1.012174e+01 -2.027396e+00
-1.015231e+01 2.329543e+00
-1.034809e+01 1.233066e+00
-2.601126e+00 -5.635461e+00
3.064833e+00 -8.346993e+00
-1.151356e+00 -2.547858e-01
3.443951e+00 -2.282238e+00
7.861549e+00 -4.425526e+00
9.686716e+00 6.476967e+00
5.208647e+00 -1.143024e+00
1.022620e+01 3.899330e+00
-1.016702e+00 1.092929e+01
6.202803e+00 -1.403727e+00
7.828043e+00 3.301537e+00
-6.513462e+00 7.212609e+00
4.437612e+00 -6.143332e+00
9.595343e+00 -7.479479e+00
8.696571e+00 6.306127e+00
7.381169e-01 8.881728e+00
-1.922007e+00 7.072211e+00
5.943072e+00 9.999206e+00
7.371779e+00 6.483957e+00
-9.012729e+00 5.997988e+00
7.479292e+00 -5.529387e+00
1.016457e+00 -5.872219e+00
-1.000080e+01 -5.966273e+00
5.663057e+00 -2.558965e+00
-1.044713e+01 -4.122542e+00
-7.696177e+00 3.827124e+00
3.372623e+00 4.917253e+00
6.389614e-01 -9.161725e+00
-5.247647e+00 -8.671806e+00
-4.506836e+00 2.436185e+00
-8.142796e+00 -2.139213e+00
-9.800382e+00 7.838115e+00
-6.059330e+00 1.052869e+01
