-1.064423e+01 -9.897666e+00
-8.756806e+00 7.811647e+00
-9.958935e+00 8.540875e+00
-6.216873e+00 -6.237244e+00
1.073368e+01 -3.318603e+00
-9.533142e+00 -3.569724e+00
-7.259809e+00 -1.554221e+00
1.019896e+01 -6.807905e-01
7.623967e+00 -4.200288e+00
9.367365e+00 8.335452e-03
4.360328e+00 3.601054e+00
9.683425e+00 2.978265e+00
1.004821e+01 1.927543e+00
5.523298e+00 6.476356e+00
-8.029560e+00 7.049965e+00
7.124930e+00 4.077021e+00
-1.002015e+01 2.310950e+00
-6.135724e+00 8.317606e+00
8.160676e+00 -1.015095e+01
-7.991053e+00 8.904483e+00
-7.603495e+00 -3.905393e+00
-8.537714e+00 -8.532978e+00
-9.253918e+00 -7.307556e+00
-7.320471e+00 -2.709949e+00
-8.844268e+00 -4.492771e+00
1.103039e+01 5.067616e-01
-6.129485e+00 8.385727e-01
-1.105738e+01 -4.552235e+00
8.536941e+00 -3.354473e+00
1.068607e+01 2.816524e+00
-1.027891e+01 1.032768e+00
1.019907e+01 -1.943406e+00
-9.953263e+00 -1.216371e-01
8.723430e+00 2.103321e+00
5.165568e+00 -1.267664e+00
7.684334e+00 6.572631e+00
-9.067084e+00 9.107842e+00
-6.055333e+00 7.334365e+00
1.034231e+01 9.259204e+00
-9.164573e+00 6.339910e+00
-4.636554e+00 -6.854940e+00
-7.163772e+00 -8.259520e+00
1.105268e+01 1.016551e+01
-7.437288e+00 1.006691e+01
-6.785011e+00 -5.318455e+00
-6.400249e+00 -1.974584e-01
-8.970434e+00 -4.207359e-02
-8.274265e+00 -2.180347e+00
7.197024e+00 -1.822014e+00
-9.216971e+00 1.453862e+00
9.857696e+00 -4.662934e+00
-8.151129e+00 6.585596e-01
1.005283e+01 8.682052e-01
8.402844e+00 4.506302e+00
5.890045e+00 2.168585e+00
-6.064035e+00 6.181745e+00
9.612812e+00 7.533912e+00
-3.533684e+00 4.949913e+00
-8.303090e+00 4.897986e+00
-2.965547e+00 8.356621e+00
-8.959822e+00 -9.547331e+00
-8.241769e-01 1.035725e+01
-6.725393e+00 -7.290367e+00
-5.209288e+00 -5.750872e+00
-7.442452e+00 -3.041570e-01
-8.506439e+00 -3.226862e+00
-6.605153e+00 -4.023589e+00
-5.217238e+00 -2.652885e+00
1.047113e+01 -5.517498e+00
-5.521741e+00 -7.181495e-01
-9.929765e+00 3.405291e+00
7.535487e+00 2.443124e+00
1.928317e+00 -2.095336e+00
7.054558e+00 5.790562e+00
8.765454e+00 6.431579e+00
4.615236e+00 1.583529e+00
-6.526546e+00 3.252240e+00
-4.980039e+00 8.317369e+00
-9.307844e+00 5.293186e+00
-9.347298e+00 1.072960e+01
-1.990197e+00 1.015121e+01
-7.659557e+00 1.114804e+01
-4.577698e+00 9.425169e+00
-7.717049e+00 -9.303480e+00
-7.830486e+00 -5.059430e+00
-1.058687e+01 -3.557011e+00
-4.443670e+00 -3.546742e+00
-8.477531e+00 -9.702603e-01
-8.399998e+00 -6.505507e+00
3.337472e+00 -7.650277e+00
-5.797547e+00 -4.837457e+00
-3.404424e+00 2.350935e+00
-9.090996e+00 2.646275e+00
-9.008979e+00 4.150503e+00
9.175615e+00 5.334285e+00
6.650688e+00 1.334607e+00
8.214935e+00 3.332099e+00
-9.562439e+00 -1.041423e+01
-1.031053e+00 7.451536e+00
-9.910831e+00 -9.212215e+00
-7.219167e+00 7.995712e+00
-1.013600e+00 -1.094209e+01
-5.831360e+00 -1.016622e+01
-4.043913e+00 -2.563847e+00
-3.825059e+00 -8.659499e+00
-1.027394e+01 -2.403204e+00
-1.057283e+00 -4.653723e+00
-1.098640e+01 -6.363260e-01
-4.446963e+00 -7.893502e+00
-4.544903e+00 -1.600629e+00
-4.336437e+00 3.074947e+00
-5.473060e+00 3.861004e+00
-6.562287e+00 4.265179e+00
-2.474668e+00 4.296386e+00
1.025985e+01 5.228212e+00
1.110735e+01 1.796577e+00
-7.053077e+00 6.716000e+00
-1.004059e+01 9.708080e+00
1.027948e+01 4.110829e+00
-1.028946e+01 5.664500e+00
-3.067321e+00 6.662163e+00
-4.218193e+00 7.365930e+00
-4.268913e+00 -9.762816e+00
-4.606695e+00 -4.790710e+00
1.202863e+00 -5.279545e+00
-3.449366e+00 -4.608589e+00
-3.133427e+00 -1.923504e+00
-2.493074e+00 -2.956055e+00
-5.344142e+00 2.846870e+00
-4.577799e+00 4.707663e+00
-2.981693e+00 1.068272e-02
-4.400444e+00 1.411395e+00
-8.297434e+00 1.814984e+00
8.795766e+00 1.015157e+00
-1.711866e+00 6.332621e+00
2.768806e-01 6.634246e+00
-6.858949e+00 5.483818e+00
9.834598e+00 6.416809e+00
-4.847169e+00 5.676781e+00
-3.836784e+00 5.993278e+00
-8.160570e+00 5.946667e+00
-1.417025e-02 7.745855e+00
-5.335853e+00 1.034256e+01
-6.282968e+00 -1.114022e+01
-6.609375e+00 -9.366890e+00
-4.310293e+00 1.049046e+01
-5.516812e+00 -3.780668e+00
-3.422672e+00 -3.543824e+00
-3.138865e+00 -7.804536e+00
-3.474422e+00 -9.305421e-01
-1.348698e+00 -8.532597e-01
-3.718910e-01 -6.469927e+00
-1.114640e+01 4.834438e+00
1.183667e+00 -8.376939e-01
-1.420733e+00 5.158511e+00
2.393862e-01 4.645255e-01
-6.103977e+00 -1.538887e+00
-3.483804e+00 9.718209e+00
-5.131031e+00 6.788558e+00
-6.430972e-01 3.281277e+00
-2.442590e+00 9.242917e+00
-5.688523e+00 9.319500e+00
-1.396448e+00 8.355988e+00
-3.595519e+00 -6.735111e+00
-7.176225e+00 9.595582e-01
-5.215863e+00 4.352785e-01
-1.830723e+00 -7.197987e+00
-6.274843e+00 -2.744319e+00
-4.489109e+00 -5.508610e-01
-1.415772e+00 -8.401444e+00
-1.135682e+00 -9.652057e+00
7.776390e-01 -3.423719e+00
-2.027151e+00 -5.094906e+00
-3.832760e+00 3.983974e+00
-1.116746e+01 3.661997e+00
-5.769631e+00 5.023152e+00
1.252332e+00 4.639998e+00
-5.479630e+00 -7.405274e+00
1.530445e+00 7.250002e+00
-3.176455e+00 1.209704e+00
-8.419011e-01 -7.576311e+00
-3.992761e+00 8.430882e+00
9.250327e-01 -8.361253e+00
-4.979933e+00 -8.999278e+00
-6.061879e+00 -8.342255e+00
-2.263064e+00 -9.922972e+00
1.402224e+00 -7.226049e+00
-7.062978e+00 -1.034033e+01
-3.081706e+00 -5.589364e+00
-8.109523e+00 2.820858e+00
-7.250685e+00 2.080812e+00
-2.378550e+00 -1.089940e+00
-1.003483e+01 4.571389e+00
-3.018500e+00 3.332954e+00
3.183808e+00 3.603283e+00
-1.046893e+01 6.704784e+00
-9.897710e-01 2.275827e+00
2.416797e+00 9.559102e+00
3.125681e+00 5.624225e+00
-8.080421e+00 -1.025835e+01
-5.066798e-02 9.680236e+00
2.318535e+00 -1.017843e+01
2.657137e+00 7.412799e+00
-4.115315e+00 -5.756845e+00
-2.137816e-01 8.690231e+00
6.610913e+00 -1.012533e+01
-2.220851e+00 -1.113067e+01
3.883451e+00 -9.680847e+00
6.628789e+00 -4.524549e+00
-1.909947e+00 3.462044e-02
7.179156e+00 -6.832894e-01
8.305000e-01 -1.835982e+00
2.523530e+00 4.763896e+00
-5.847771e+00 1.854559e+00
-1.343773e+00 4.099994e+00
-1.954032e+00 3.182505e+00
7.838220e-01 5.573669e+00
-2.093822e+00 7.329627e+00
3.103003e+00 1.053572e+01
-2.618314e+00 5.581975e+00
-2.646871e-01 -1.016713e+01
-4.651427e+00 -1.081722e+01
6.229150e+00 -9.042394e+00
-3.200705e+00 -9.536413e+00
3.004576e+00 -5.959491e+00
7.663056e-01 -6.332534e+00
2.360652e+00 -7.036440e+00
1.292783e-01 -2.640519e+00
4.281908e+00 -4.540951e+00
5.770070e+00 -1.733338e-01
-7.938535e+00 3.867203e+00
-7.420787e-01 7.150415e-03
-2.342419e-01 1.380807e+00
-5.797678e-01 5.952662e+00
-1.053278e-01 -7.894974e-01
5.247873e+00 5.515737e+00
1.572135e+00 2.796152e+00
8.644678e-01 8.390785e+00
1.274605e+00 -1.060098e+01
1.161389e+00 9.522704e+00
1.826830e+00 5.778996e+00
1.689374e+00 -9.171739e+00
-3.211991e+00 -1.057034e+01
-1.195279e+00 9.377517e+00
-2.383158e+00 -8.860546e+00
-1.130427e-01 -5.405945e+00
3.765749e+00 -8.632968e+00
3.926206e+00 -5.547212e+00
-2.351291e+00 1.907785e+00
-4.098960e+00 4.338757e-01
1.856675e+00 -4.351155e+00
1.867246e+00 -3.270606e+00
4.770977e-01 2.764213e+00
4.462919e+00 6.226173e+00
-2.728598e-01 4.902695e+00
-1.501615e+00 1.227109e+00
1.945859e+00 -5.961432e+00
2.101097e+00 1.103943e+01
6.675744e+00 8.778185e+00
5.041519e-01 -9.408979e+00
4.436493e+00 8.555397e+00
2.903888e+00 -9.266372e+00
-1.631879e-01 -8.627203e+00
-3.169585e+00 1.070955e+01
4.215940e+00 1.031101e+01
5.081088e+00 -5.267724e+00
8.105608e+00 -6.433873e+00
6.017382e+00 -5.699147e+00
2.796415e+00 -3.657226e+00
-1.543790e+00 -3.666813e+00
-9.196464e-01 -2.660344e+00
1.344652e+00 3.196597e-01
6.706869e+00 1.830851e-01
3.413438e+00 6.632395e+00
5.001253e+00 7.538710e+00
3.936397e+00 2.595367e+00
3.134121e+00 8.536971e+00
5.159106e+00 1.079311e+01
4.940108e+00 -9.625022e+00
5.647776e+00 -1.054525e+01
6.266515e+00 -7.969845e+00
8.795000e+00 -4.501300e+00
4.978293e+00 -6.294088e+00
2.946464e-02 1.102948e+01
3.505130e+00 9.582055e+00
-2.126771e+00 -6.197559e+00
3.293664e+00 -1.066526e+01
4.369975e+00 -7.767983e+00
6.279868e+00 -3.515454e+00
5.354010e+00 -2.416810e+00
-5.067226e-01 -1.725576e+00
6.288154e+00 -1.377405e+00
2.120103e+00 3.842270e+00
3.358907e+00 -3.951557e-01
7.489279e-01 3.767463e+00
2.723880e+00 2.680160e+00
7.116841e+00 1.023770e+01
2.968629e+00 -2.698390e+00
5.102926e+00 4.372407e+00
7.588454e+00 8.101027e+00
4.324791e+00 -1.083621e+01
7.252667e+00 -8.337320e+00
2.318970e+00 -8.290326e+00
5.078634e+00 -3.333015e+00
3.889332e+00 -6.767026e+00
1.008413e+01 -7.532607e+00
5.918661e+00 -6.846166e+00
7.067119e+00 -7.083915e+00
9.229449e+00 -5.478252e+00
-1.109101e+00 -5.728798e+00
-2.532251e-01 -3.605533e+00
2.795305e+00 -1.479476e+00
7.698325e+00 1.277120e+00
7.163050e+00 -1.102550e+01
6.055507e+00 7.383948e+00
-1.068412e+01 7.827527e+00
9.561828e+00 8.466923e+00
8.669609e+00 1.020061e+01
8.452535e+00 7.397247e+00
1.010757e+00 1.061225e+01
5.312165e+00 -8.562151e+00
8.036860e+00 -7.710083e+00
1.064141e+01 -9.720382e+00
8.439283e+00 -8.849677e+00
-1.115822e+01 -7.797795e+00
-8.841035e+00 -5.613586e+00
-1.098386e+01 8.875999e+00
9.489321e+00 -8.277888e+00
4.189879e+00 -2.240264e+00
3.153777e-01 -7.550707e+00
6.090139e+00 3.983541e+00
3.922506e+00 6.135717e-01
5.326874e+00 3.134446e+00
2.087181e+00 1.799355e+00
3.868613e+00 4.654881e+00
6.068840e+00 9.617321e+00
3.753470e+00 7.667161e+00
9.351468e+00 9.517007e+00
7.767338e+00 9.406961e+00
8.029180e+00 -5.281506e+00
-1.087707e+01 -8.924767e+00
-7.425457e+00 -6.164367e+00
8.969684e+00 -7.318961e+00
6.280182e+00 1.077508e+01
-7.922872e+00 -7.557762e+00
8.238782e+00 -8.940152e-02
-1.066564e+01 -5.661605e+00
5.603072e+00 -4.361299e+00
-1.832456e+00 -2.036804e+00
9.620950e+00 -3.689726e+00
2.274219e+00 -1.633542e-01
2.905578e+00 -4.874877e+00
4.040013e+00 -1.176721e+00
9.954714e-01 1.357559e+00
1.067027e+01 7.101851e+00
1.060524e+01 8.135942e+00
7.450406e+00 -9.315754e+00
6.673644e+00 3.035809e+00
8.157542e+00 1.112034e+01
1.115028e+01 -1.092754e+01
9.589996e+00 -9.359201e+00
7.161480e+00 -5.947665e+00
-1.035936e+01 -7.106761e+00
-1.039553e+01 1.081042e+01
-9.852699e+00 -4.999013e+00
8.129498e+00 -1.185659e+00
-9.706255e+00 -6.314148e+00
4.522246e-01 -4.383188e+00
-2.475533e+00 -4.121258e+00
8.133258e+00 -2.352143e+00
7.410811e+00 -3.097761e+00
3.897507e+00 -3.345917e+00
6.125962e+00 5.021164e+00
4.677855e+00 -1.020558e-01
5.509787e+00 8.710093e+00
1.945090e+00 8.501243e+00
5.136395e+00 7.776028e-01
8.150101e+00 5.545485e+00
-9.672831e+00 7.338809e+00
9.782886e+00 -6.358070e+00
-9.893744e+00 -8.190373e+00
5.037107e+00 9.611594e+00
9.840111e+00 -1.057878e+01
-6.930113e+00 9.007455e+00
1.040647e+01 -8.633405e+00
-9.211784e+00 -1.774501e+00
-1.007863e+01 -1.223736e+00
1.108231e+01 -6.558090e+00
6.483896e+00 -2.558377e+00
9.188303e+00 -1.412822e+00
-1.106954e+01 -1.763444e+00
9.150237e+00 -2.456162e+00
9.259984e+00 3.859455e+00
3.556014e+00 1.599958e+00
2.797047e+00 8.444994e-01
9.863617e+00 1.046065e+01
1.098272e+01 6.192516e+00
-8.441763e+00 1.010228e+01
8.616316e+00 8.711436e+00
-6.433218e+00 1.002515e+01
