1.114730e+01 -9.089167e+00
-9.590329e+00 7.557768e+00
-8.290123e+00 9.138657e+00
-9.035881e+00 -8.830329e+00
1.053954e+01 -3.575322e-01
-8.607861e+00 -1.970969e+00
-9.626717e+00 -1.038600e+00
-9.721417e+00 2.611922e+00
7.161147e+00 -3.914151e+00
-1.011192e+01 1.420081e+00
6.785124e+00 5.589899e+00
9.573604e+00 1.575564e+00
1.032326e+01 2.264038e+00
7.530588e+00 2.847588e+00
-4.568726e+00 7.538118e+00
8.648940e+00 1.033763e+00
-6.112472e+00 5.054955e+00
-6.508267e+00 9.853013e+00
1.054848e+01 -9.974697e+00
-7.521143e+00 1.030073e+01
-8.744987e+00 -6.483137e+00
-8.506079e+00 -4.096241e+00
9.796122e+00 -6.891629e+00
-5.358341e+00 -3.412337e+00
-1.052578e+01 -5.898859e-01
1.081796e+01 3.637174e+00
-6.867137e+00 -3.329385e+00
-1.085151e+01 -4.000576e+00
4.723470e+00 -3.674457e+00
9.752243e+00 3.845751e+00
-6.805129e+00 5.773166e+00
7.120963e+00 -6.398956e-01
-9.380997e+00 4.455685e+00
9.483553e+00 2.537949e-01
-6.809061e-01 7.755978e-01
9.515780e+00 7.574330e+00
-1.079787e+01 -7.953461e+00
-4.528635e+00 1.099516e+01
-9.410014e+00 -1.006446e+01
-9.991096e+00 6.431644e+00
-5.447792e+00 -9.106773e+00
-8.112188e+00 -5.146149e+00
-9.515265e+00 8.567427e+00
-7.233157e+00 9.070976e+00
1.092291e+01 -6.989049e+00
-6.738886e+00 -1.373575e+00
-1.014421e+01 3.590176e+00
-9.047105e+00 9.785972e-01
9.360240e+00 -8.225490e-01
-6.613531e+00 4.032736e+00
8.857348e+00 -2.041997e+00
-8.748786e+00 2.052266e+00
1.114761e+01 1.593162e+00
7.539094e+00 3.941717e+00
1.908181e+00 3.646802e+00
-5.045084e+00 4.341234e+00
-9.868352e+00 9.549429e+00
-1.552554e+00 7.790123e+00
-5.081858e+00 5.465275e+00
-1.914721e+00 8.967658e+00
7.934957e+00 -6.075707e+00
2.858238e+00 1.058829e+01
-9.754791e+00 -5.836976e+00
-5.329184e+00 -7.037669e+00
-8.163603e+00 3.920358e+00
-8.013805e+00 -3.180431e+00
-5.992812e+00 -4.316607e+00
-6.041680e+00 -2.309179e+00
6.037731e+00 -1.730289e+00
-7.406957e+00 -2.352563e+00
-3.819157e+00 5.189838e+00
8.368677e+00 -4.718048e-01
8.398323e-01 -3.051192e+00
6.463055e+00 4.400320e+00
1.074054e+01 9.028059e+00
1.197354e+00 2.796750e+00
-6.688963e+00 2.105242e+00
-3.353706e+00 7.162337e+00
-6.651806e+00 6.873430e+00
-8.344936e+00 -1.025452e+01
2.074191e+00 -1.103618e+01
-7.689391e+00 -9.112885e+00
-1.591996e+00 1.069548e+01
1.035457e+01 -7.819418e+00
-9.198555e+00 -4.908538e+00
9.472497e+00 -4.418063e+00
-6.161630e+00 -6.110350e+00
-7.323926e+00 4.802025e+00
-9.146331e+00 -2.988156e+00
5.878858e+00 -9.740024e+00
-9.236174e+00 -7.606623e+00
-6.124534e+00 -5.313468e-01
-4.457227e+00 6.475166e+00
-1.723061e+00 4.412769e+00
8.631548e+00 5.690965e+00
2.962260e+00 4.411532e-01
5.828789e+00 1.582426e+00
-1.073351e+01 -5.012469e+00
5.557286e-01 8.303246e+00
9.324773e+00 -5.916178e+00
-7.658254e+00 7.096245e+00
9.392455e-01 -9.665837e+00
-3.613075e+00 1.017454e+01
-4.315565e+00 -3.462142e+00
-5.101921e+00 -1.028265e+01
-9.690210e+00 -3.903843e+00
1.031980e+00 -7.092815e+00
1.034348e+01 8.343527e-01
-6.196532e+00 -1.014886e+01
-4.458978e+00 -1.098411e+00
-8.249982e+00 -2.373576e-01
-7.144416e+00 -1.932562e-01
-5.563657e+00 2.003001e+00
-4.228046e+00 3.251958e+00
7.690917e+00 5.082026e+00
8.636432e+00 3.436179e+00
-3.889643e+00 8.350570e+00
-8.286983e+00 7.947138e+00
8.617395e+00 4.681997e+00
-1.064438e+01 5.483549e+00
-3.123125e+00 6.007998e+00
6.253770e-02 9.440897e+00
-4.047671e+00 -1.001668e+01
-7.861677e+00 -7.185330e+00
5.470903e-01 -5.324994e+00
-2.420834e+00 -8.542595e+00
-4.251039e+00 -7.428455e+00
-3.541339e+00 -6.605568e+00
-7.738582e+00 1.942700e+00
-3.728416e+00 4.114847e+00
-2.614289e+00 -6.157220e+00
-9.829762e-01 -2.276096e+00
-8.887240e+00 5.857242e+00
-1.082804e+01 2.676933e+00
-1.251198e+00 6.345787e+00
4.703699e+00 7.780971e+00
-2.602052e+00 3.763632e+00
1.074232e+01 6.859592e+00
-8.370723e-01 3.593770e+00
-2.126740e+00 5.683788e+00
-5.851571e+00 6.214104e+00
1.689901e+00 7.383385e+00
-4.401548e+00 9.573995e+00
-6.487017e+00 1.093863e+01
-7.200547e+00 -1.007903e+01
-1.002423e+00 -1.071635e+01
-4.721468e+00 -4.481268e+00
-3.535739e+00 -4.200664e+00
-5.593473e+00 -8.066641e+00
-3.184601e+00 -1.141285e+00
-1.760668e+00 -2.854645e+00
1.494909e+00 -4.511477e+00
9.759612e+00 5.370277e+00
2.422633e-01 -4.258147e+00
-1.829150e+00 2.911600e+00
5.274011e-02 1.937862e+00
-3.324665e+00 -5.515694e+00
-2.696747e+00 8.106033e+00
-2.430533e+00 6.797297e+00
-5.170356e+00 -1.044782e-01
-1.164537e+00 9.802818e+00
-5.498575e+00 9.536592e+00
-3.602424e-01 1.051795e+01
-4.376208e+00 -5.961513e+00
-9.513626e+00 5.464514e-02
-4.891086e+00 -2.435243e+00
-2.447326e+00 -1.110368e+01
-7.385404e+00 -4.261230e+00
-5.302109e+00 -5.394965e+00
-1.468741e+00 -8.991040e+00
1.118282e+00 -1.070573e+01
3.583842e+00 -7.633506e+00
-3.627649e-01 -7.001595e+00
-4.385364e+00 2.179912e+00
-1.077673e+01 4.389550e+00
-2.704114e+00 4.816503e+00
5.213021e-01 6.218312e+00
-6.612732e+00 -7.174180e+00
4.748250e+00 6.780375e+00
-5.517132e+00 -1.296140e+00
-4.527876e+00 -8.477645e+00
-3.211007e+00 9.210056e+00
1.239659e+00 -8.132679e+00
-5.529379e+00 1.063593e+01
-6.478503e+00 -9.077832e+00
-2.362127e-01 -9.275459e+00
-1.109124e+00 -7.929574e+00
-6.870323e+00 -8.113863e+00
-3.553587e+00 -8.830368e+00
-8.369434e+00 4.917128e+00
-7.439804e+00 2.985106e+00
-3.752971e+00 -2.549679e+00
-7.877286e+00 5.913198e+00
-7.075113e+00 1.136668e+00
3.786081e+00 4.933524e+00
1.070826e+01 5.789760e+00
-3.564096e+00 8.943721e-01
4.929156e+00 9.145216e+00
4.526285e+00 5.771327e+00
9.319898e+00 -7.833324e+00
3.779222e+00 -9.931859e+00
3.083778e+00 -1.076352e+01
5.686672e+00 7.347425e+00
-6.751043e+00 -5.115117e+00
1.553951e+00 8.444475e+00
7.623566e+00 9.363444e+00
1.858256e+00 1.020744e+01
2.573177e+00 -8.122418e+00
5.853999e+00 -5.773968e+00
-3.867649e+00 -1.368799e-01
1.801700e+00 8.233603e-01
-7.157689e-01 -4.798804e+00
5.739262e-01 7.294803e+00
-6.080834e+00 6.032117e-01
-1.112602e+00 5.280602e+00
-2.271462e+00 6.796640e-01
3.595202e+00 6.310639e+00
-4.809446e-01 7.261601e+00
5.627675e+00 8.428363e+00
-3.030274e+00 2.788669e+00
-5.166305e-02 -8.176380e+00
-7.236685e+00 8.050078e+00
6.761450e+00 -9.002998e+00
-1.998369e+00 -1.012456e+01
3.730276e+00 -5.762134e+00
1.440931e+00 -5.833378e+00
4.822595e+00 -7.753662e+00
-2.640383e+00 -2.106099e+00
5.785419e+00 -3.829469e+00
3.483512e+00 1.420572e+00
-5.409528e+00 3.161710e+00
-1.344985e+00 3.449525e-02
-1.624508e+00 1.481260e+00
-6.887782e-01 8.547267e+00
-5.430900e-01 -1.226780e+00
4.922484e+00 1.996215e+00
3.633101e+00 3.724354e+00
2.986033e+00 -9.122541e+00
5.191645e+00 -8.700673e+00
2.684301e+00 9.042258e+00
3.709420e+00 7.356469e+00
2.272916e+00 -1.003807e+01
8.198536e-01 1.058652e+01
2.558952e+00 8.053909e+00
-2.479781e-03 -1.072824e+01
-2.702987e+00 -3.427157e+00
6.139023e+00 -1.067862e+01
6.468645e+00 -7.141727e+00
-7.947772e+00 6.860874e-01
-7.944363e+00 -1.237595e+00
4.056663e-01 -6.320712e+00
-1.866138e+00 -1.308465e+00
2.842579e+00 5.490837e+00
5.554914e+00 3.827960e+00
4.975302e-01 5.119381e+00
-4.732390e+00 1.088751e+00
4.273937e+00 -6.724831e+00
7.228678e+00 -9.920081e+00
8.649195e+00 8.172516e+00
4.087977e+00 1.107583e+01
7.652351e+00 6.229993e+00
4.174152e+00 -8.991744e+00
-2.020753e+00 -7.048969e+00
-2.485439e+00 1.009223e+01
6.566449e+00 7.843004e+00
6.409382e+00 -4.847613e+00
8.180041e+00 -4.258022e+00
4.839287e+00 -5.877802e+00
3.318371e+00 -3.990185e+00
-3.143507e+00 -7.608553e+00
-1.678249e+00 -5.282142e+00
-9.367983e-01 2.415588e+00
7.252188e+00 -1.713666e+00
4.639094e+00 4.314175e+00
5.584923e+00 6.108120e+00
4.397567e+00 2.953603e+00
6.503665e+00 6.737615e+00
3.735955e+00 9.506657e+00
6.614367e+00 1.059641e+01
8.673648e+00 9.213988e+00
7.090659e+00 -8.064221e+00
4.775955e+00 -1.934494e-01
4.815440e+00 -9.950470e+00
1.070066e+00 9.493858e+00
7.607435e+00 7.278748e+00
-3.471718e+00 -1.095153e+01
1.904944e+00 -8.955380e+00
6.042512e+00 -8.093318e+00
3.588747e+00 -1.801157e+00
2.756459e+00 -4.971271e+00
-2.438964e+00 -3.342557e-01
2.346405e+00 -2.095482e+00
1.531811e+00 5.882343e+00
8.947332e-01 4.029407e+00
1.604461e+00 4.863656e+00
-2.741218e+00 1.699317e+00
9.255974e+00 1.029563e+01
1.292802e+00 -2.087735e+00
3.292413e+00 2.731240e+00
8.564544e+00 6.815121e+00
5.564718e+00 1.007222e+01
7.855941e+00 -9.027364e+00
2.337722e+00 -7.110872e+00
4.152390e+00 -2.737026e+00
5.202007e+00 -2.730380e+00
4.729696e+00 -1.411811e+00
7.464294e+00 -1.094980e+01
5.417703e+00 -6.900431e+00
4.014764e+00 4.704892e-01
-1.271736e+00 -6.350158e+00
-1.590276e+00 -4.159623e+00
2.031603e+00 -3.510504e+00
8.642883e+00 2.096397e+00
1.005278e+01 1.113589e+01
5.710389e+00 5.118127e+00
-1.064288e+01 7.284700e+00
-8.863796e+00 -1.117588e+01
1.018036e+01 9.890792e+00
9.686870e+00 8.764095e+00
5.296041e+00 1.116315e+01
8.917918e+00 -8.825812e+00
8.351082e+00 -1.012014e+01
-1.049635e+01 -1.006961e+01
7.955035e+00 1.048716e+01
1.038795e+01 -6.057197e+00
1.049874e+01 -5.042592e+00
-6.251526e+00 8.736028e+00
7.489988e+00 -7.012756e+00
3.785240e-01 9.480811e-01
-2.900035e+00 -9.672768e+00
6.718984e+00 1.026523e+00
1.854545e-01 3.106169e+00
2.368974e+00 1.819752e+00
1.208702e+00 1.732729e+00
5.669790e+00 2.677083e+00
4.548794e+00 1.016576e+01
2.511915e+00 6.549411e+00
-7.730673e+00 -1.105717e+01
-1.095275e+01 1.020054e+01
3.120740e+00 -2.859119e+00
1.003290e+01 -8.781667e+00
-1.034421e+01 -6.837290e+00
6.396810e+00 -2.934132e+00
6.444014e+00 9.123890e+00
-7.431271e+00 -6.254994e+00
9.636077e+00 -2.806875e+00
7.921267e+00 -2.836636e+00
4.078129e+00 -4.677298e+00
-4.385960e-01 -3.471585e+00
5.673330e+00 -7.891337e-01
-1.427341e-01 -1.334839e-01
5.243050e+00 -4.843998e+00
4.767684e-01 -1.042059e+00
-2.610628e-01 4.471690e+00
9.576132e+00 6.463714e+00
1.044461e+01 7.967262e+00
9.021151e+00 -1.087405e+01
7.761103e+00 3.809780e-01
-1.002011e+01 1.105674e+01
1.107424e+01 -1.112518e+01
8.319967e+00 -7.938832e+00
6.892799e+00 -6.117321e+00
8.596390e+00 -5.192044e+00
-1.008205e+01 -8.934841e+00
-1.114069e+01 -1.367957e+00
6.310203e+00 9.749636e-02
-9.760654e+00 -2.045210e+00
-2.585187e+00 -4.727860e+00
-4.026992e-01 -5.741933e+00
1.749663e+00 -8.194226e-01
3.702621e+00 -6.110852e-01
2.730806e+00 -6.148139e+00
6.753773e+00 2.139847e+00
5.078527e+00 9.015500e-01
6.524070e+00 3.342307e+00
3.816433e+00 8.525136e+00
2.793633e+00 -1.051200e+00
7.680524e+00 1.494177e+00
-8.713397e+00 6.938907e+00
8.793936e+00 -3.409611e+00
9.341413e+00 -9.785989e+00
7.466047e+00 8.328390e+00
8.524320e+00 -6.932897e+00
-5.012216e+00 8.634767e+00
7.535863e+00 -5.037477e+00
-1.096402e+01 6.148465e-01
-9.045844e+00 3.387036e+00
1.045561e+01 -3.966498e+00
9.167070e-01 -6.903684e-02
-1.031711e+01 -2.969952e+00
9.995274e+00 -1.673758e+00
1.095467e+01 -2.684054e+00
9.451684e+00 2.757395e+00
2.544134e+00 4.527738e+00
1.985378e-01 -2.150339e+00
-8.855060e+00 1.004969e+01
1.058086e+01 4.753132e+00
-8.159079e+00 -8.185781e+00
-1.093154e+01 8.298231e+00
-5.501004e+00 7.606993e+00
