9.505322e+00 -9.744953e+00
-8.346955e+00 8.001797e+00
-7.160302e+00 1.084850e+01
-7.216860e+00 5.294704e-01
-9.630811e+00 1.648599e+00
-1.063477e+01 -5.763948e+00
6.865795e+00 -4.406685e+00
-4.109129e+00 4.367592e+00
8.135431e+00 -4.207356e+00
6.289345e+00 -3.582422e+00
-6.448192e+00 9.106583e+00
-1.081862e+01 4.719742e+00
-1.044983e+01 -3.712029e-01
5.993426e+00 -1.364490e+00
-2.020720e+00 5.177699e+00
8.792913e+00 1.889927e+00
1.030572e+01 -9.758066e-02
-8.416807e+00 -1.025011e+01
-7.424937e+00 -5.870132e+00
-5.877423e+00 -5.747153e+00
9.687659e+00 -8.692260e+00
9.511100e+00 -5.770841e+00
2.677969e+00 -7.019861e+00
2.247835e+00 -4.600246e+00
7.028362e+00 -1.713991e+00
-8.410073e+00 6.985878e+00
-3.155584e+00 1.242913e+00
2.111307e+00 1.087052e+01
5.816471e+00 8.241479e-01
-9.795564e+00 6.170527e+00
-1.115299e-01 6.280613e+00
3.917009e+00 -8.296376e-01
-1.006109e+01 3.746049e+00
-9.443113e+00 7.309332e+00
-1.359935e+00 6.898345e+00
-1.038103e+01 -9.230412e+00
9.785900e+00 -6.963883e+00
-6.887123e+00 -7.113451e+00
-1.011930e+01 -4.841022e+00
-3.766695e+00 6.892967e+00
-1.011433e+01 -7.067467e+00
7.482536e+00 -3.447281e+00
-6.503193e+00 -9.305713e+00
-7.397630e+00 8.653506e+00
-1.110112e+01 -6.816751e+00
1.098596e+01 5.816869e+00
-6.835632e+00 -1.742046e+00
-1.025994e+01 -2.642762e+00
5.249158e+00 -4.168040e+00
-6.932140e+00 2.555606e+00
4.446360e+00 -1.963346e+00
-3.013168e+00 3.401279e+00
5.895684e+00 -2.335594e-01
-8.857694e+00 5.761239e+00
9.057366e+00 -1.756291e-01
-5.591504e+00 2.031167e+00
1.051945e+00 3.734242e+00
-5.786924e+00 -2.337553e+00
-4.966633e+00 2.891021e+00
-1.849707e+00 8.592940e+00
8.592897e+00 7.682306e+00
9.578771e+00 9.474871e+00
-9.736928e+00 1.054626e+01
-5.769292e+00 -7.131990e+00
-9.085184e+00 2.961853e+00
6.853820e+00 -7.970411e+00
7.492691e+00 -6.284632e+00
-9.288084e+00 -1.976405e+00
8.737214e+00 -5.075531e+00
4.641876e+00 -6.023003e+00
6.710515e-01 4.745752e+00
4.963509e+00 -9.566662e-01
6.093775e-03 3.956617e+00
1.867331e+00 4.391815e+00
-5.572371e+00 8.108060e+00
8.700514e+00 6.340868e+00
-7.979535e+00 -1.676408e+00
-6.744181e+00 5.865889e+00
6.377822e+00 -5.811732e+00
-9.055239e+00 -7.200193e+00
5.950152e+00 9.625738e+00
-9.113350e+00 -5.101180e+00
2.817036e+00 6.215137e+00
4.265409e+00 -8.112726e+00
8.435036e+00 1.115543e+01
4.829014e+00 1.398901e-01
-1.052577e+01 -3.658210e+00
-1.058821e+00 4.263792e+00
3.047047e+00 -8.112153e+00
1.006712e-01 -3.990833e+00
1.082000e+01 -2.646142e+00
-4.534280e-01 -1.004182e-01
-4.048990e+00 2.868605e-01
7.244201e+00 1.427915e+00
1.049889e+01 4.847582e+00
1.327181e+00 -2.729491e+00
1.015763e+01 3.456371e+00
-4.965086e+00 1.072058e+00
-5.359367e+00 3.955808e+00
8.786772e+00 -6.546975e+00
-9.388851e+00 4.492001e-02
4.252777e+00 9.303756e+00
-9.532763e+00 -6.118854e+00
1.056352e+01 -5.926062e+00
-3.475316e+00 -8.656526e+00
-1.016904e+01 -1.082763e+01
-4.161794e+00 -3.991068e+00
1.032712e+01 1.434738e+00
-6.418014e+00 1.453429e+00
-8.499205e+00 -5.940828e+00
1.096884e+01 -9.197561e-01
-3.953182e+00 -8.630681e-01
4.704448e-01 3.287502e-01
2.815787e+00 1.845171e+00
-1.057375e+01 9.138771e+00
-9.100362e+00 -1.095209e+01
-5.184759e+00 6.283426e+00
-6.706023e+00 -4.828899e+00
-9.669927e+00 4.794133e+00
-7.554781e+00 -9.124734e+00
9.038817e-01 5.762256e+00
-2.302544e+00 6.396368e+00
-5.338464e-01 -1.000078e+01
-7.944154e+00 -7.880983e+00
2.267055e+00 -6.016815e+00
-9.743658e+00 -1.068320e+00
-6.751553e+00 -2.827894e+00
-6.217517e+00 1.041046e+01
-2.659382e+00 2.245304e+00
-8.050920e+00 2.902111e+00
3.524221e+00 -6.397110e+00
-4.968774e+00 -3.236646e+00
-8.642141e+00 2.021109e+00
-8.748842e+00 9.078771e-01
-2.728305e+00 -9.387498e+00
3.268971e+00 7.191786e+00
2.351608e+00 -2.343269e+00
3.395342e+00 4.105710e+00
3.960778e-01 8.384095e+00
1.934058e+00 5.462120e+00
-6.529941e+00 3.807235e+00
-2.633709e+00 1.078536e+01
-7.060189e+00 -1.042958e+01
-6.891261e+00 -8.102581e+00
1.055948e+01 -3.756899e+00
-4.135332e+00 5.857870e+00
-5.337297e+00 -1.201081e+00
-4.588469e+00 -5.116146e+00
5.314123e-01 2.783882e+00
-8.096583e+00 -2.889782e+00
1.573528e+00 -4.397908e-01
-5.952300e+00 2.950692e+00
-6.029324e+00 5.165037e+00
-4.372110e+00 -7.601252e+00
5.299485e+00 3.269227e+00
5.610436e+00 4.383867e+00
-7.898675e+00 -6.823795e+00
-7.408740e+00 9.714655e+00
9.002861e+00 3.052334e+00
-7.272133e-01 -2.262127e+00
-2.232676e+00 7.510454e+00
-5.018638e+00 5.015338e+00
-4.551388e-01 -6.045653e+00
-7.415001e+00 -7.928788e-01
1.010960e+01 -1.963171e+00
-9.161919e-01 1.915302e+00
1.437196e+00 8.258655e-01
1.003562e+01 -4.834434e+00
-2.996112e+00 4.428615e+00
-2.087573e+00 3.856963e+00
-3.465218e+00 9.248015e+00
4.226220e+00 -1.023238e+01
-2.071394e+00 -6.982659e+00
5.079359e+00 2.215404e+00
-1.023705e+01 2.551947e+00
-2.882262e+00 -1.097830e+00
4.424527e+00 3.880111e+00
-5.737118e-01 1.075783e+01
7.066139e+00 9.699708e+00
-1.536041e+00 -5.810023e-01
-3.807874e+00 -1.090469e+01
-1.183003e+00 5.891660e+00
-3.703906e+00 -1.848338e+00
-4.640574e+00 7.414237e+00
7.633687e+00 8.851892e+00
5.253303e+00 5.909252e+00
-2.954574e+00 -5.079152e+00
-5.955552e+00 -3.633906e+00
-1.849665e+00 -8.941422e+00
-7.483750e+00 1.557104e+00
6.677195e+00 -2.636325e+00
-3.839840e+00 -3.048609e+00
-5.853787e-01 2.961308e+00
-4.004446e+00 3.116074e+00
1.334047e+00 -1.538422e+00
-1.115510e+01 -1.078619e+01
3.218819e-01 -1.827768e+00
2.470488e+00 7.929771e+00
3.421511e+00 5.306237e+00
7.390619e+00 -9.290616e+00
1.488194e+00 -6.879719e+00
3.998570e+00 1.054294e+01
1.074147e+01 8.605561e+00
9.852696e+00 -3.029948e+00
-3.160946e+00 8.023617e+00
9.604702e+00 7.125000e-01
8.513683e-01 -7.720821e+00
-3.773364e+00 -5.761085e+00
3.135425e+00 9.901985e+00
-9.037750e-01 -3.547064e+00
2.064824e+00 3.351514e+00
-5.533755e+00 -4.594460e+00
-2.769597e+00 -7.894487e+00
-1.859132e+00 1.437555e+00
1.612468e+00 -8.858065e+00
3.725591e+00 6.115892e-01
8.196219e+00 4.950469e+00
-1.373173e-01 5.325269e+00
1.727637e+00 9.788519e+00
4.835112e+00 1.197800e+00
2.454596e+00 -1.047910e+01
-8.746021e+00 -9.239853e+00
-1.620492e+00 1.078008e+01
-6.740078e+00 7.866040e+00
2.414364e+00 -1.282336e+00
-1.837925e+00 -1.567838e+00
7.453467e-01 -6.150615e+00
-2.775501e+00 -2.792280e+00
-8.707030e+00 -7.954570e-01
3.155908e+00 3.054819e+00
7.028267e+00 4.798127e-01
1.784430e+00 2.166511e+00
-3.628527e+00 1.041969e+01
-3.078690e+00 5.642685e+00
-1.307279e+00 4.715773e-01
-1.085312e+01 1.623318e+00
1.099817e+01 2.575940e+00
5.325605e+00 -1.077436e+01
2.588813e-01 -5.131248e+00
-3.516894e+00 -6.769588e+00
-5.370900e+00 9.281368e+00
-1.377324e+00 -1.052818e+01
-4.553565e+00 8.631770e+00
1.065504e+01 9.582653e+00
-4.712815e+00 -2.218761e+00
-3.197901e-01 1.098515e+00
7.269184e+00 7.750762e+00
-4.525709e+00 9.867157e+00
-4.112782e+00 1.883922e+00
5.915530e+00 -8.781208e+00
-2.609917e+00 -6.048754e+00
-1.731364e+00 -2.598348e+00
5.052082e+00 1.017716e+01
4.090895e+00 1.821771e+00
4.499021e-01 -1.089332e+01
-1.651234e+00 2.924167e+00
1.158415e-01 -6.952089e+00
9.709719e+00 -1.076872e+01
8.648419e+00 8.863663e+00
2.979833e+00 -9.301459e+00
9.745484e+00 -9.927221e-01
8.932473e+00 -7.683051e+00
-6.079868e+00 3.310886e-01
-3.710899e+00 -9.784038e+00
1.102677e+01 5.797683e-01
-6.863286e-01 -4.661982e+00
6.602648e+00 -6.990496e+00
4.801872e+00 -7.075890e+00
8.074779e+00 -2.261761e+00
-4.175287e-01 -7.870464e+00
-6.241831e+00 -7.279981e-01
6.776292e+00 2.540048e+00
5.624448e+00 -2.365827e+00
4.784413e+00 -3.250386e+00
6.491988e+00 6.505670e+00
7.435754e+00 5.773949e+00
4.148820e+00 6.526870e+00
2.741438e+00 8.944376e+00
6.526515e+00 8.730853e+00
7.747834e+00 6.890322e+00
5.230275e+00 8.798957e+00
3.354756e+00 -2.014352e+00
3.363978e+00 -1.100570e+01
1.693832e+00 8.647133e+00
-1.109676e+01 3.685926e+00
-4.766505e+00 -1.041548e+01
-1.526378e+00 -6.018891e+00
6.147058e+00 1.074571e+01
3.403605e+00 -4.305576e+00
-1.894027e+00 -5.031242e+00
-1.984760e+00 -3.642441e+00
1.941997e-01 -2.925309e+00
5.263827e+00 6.908442e+00
6.277081e+00 5.283555e+00
-2.457388e+00 -1.043082e+01
-2.858040e+00 2.305095e-01
-9.434522e+00 8.484131e+00
6.891140e+00 -6.296972e-01
7.917787e-01 9.463561e+00
-8.086848e+00 4.977548e+00
-9.755316e+00 -8.174318e+00
8.457785e+00 -9.585501e+00
8.581311e+00 8.707052e-01
1.097003e+00 -3.726812e+00
2.236491e+00 -3.460085e+00
6.330779e+00 3.536186e+00
1.037982e+01 -7.854795e+00
3.232644e+00 -5.439233e+00
9.270755e+00 5.405550e+00
-5.056307e+00 -7.245060e-02
-8.530999e+00 -4.169717e+00
-7.622271e-01 -8.900803e+00
-8.410820e+00 1.053910e+01
-7.033641e+00 4.706093e+00
4.604971e+00 4.939164e+00
1.052105e+01 1.064523e+01
-7.466229e+00 -3.712157e+00
-5.481181e+00 -9.693614e+00
3.593087e+00 8.299552e+00
7.979309e+00 3.656002e+00
1.056945e+01 -9.641829e+00
-4.850861e+00 1.095836e+01
1.097974e+01 -8.754585e+00
9.324741e+00 1.053433e+01
8.374005e+00 -8.488736e+00
7.369442e+00 1.085898e+01
-5.247118e-01 7.735155e+00
6.090054e+00 7.739928e+00
9.804512e+00 2.267506e+00
-6.856334e-01 8.781399e+00
9.418192e+00 7.132451e+00
-5.260081e+00 -8.105117e+00
-2.448309e+00 9.531499e+00
4.354403e+00 2.890068e+00
8.362613e+00 -1.099807e+00
3.943119e+00 -9.082468e+00
-1.580276e+00 -7.942028e+00
1.837408e+00 6.583185e+00
-5.893014e+00 7.014959e+00
7.074203e-01 -9.745712e+00
6.195378e+00 -1.015835e+01
-9.118690e+00 -2.980206e+00
3.475132e+00 -3.285850e+00
1.436866e+00 -1.056102e+01
-1.085280e+01 -7.830874e+00
-1.114003e+01 -4.579015e+00
-1.082108e+01 1.026992e+01
4.301640e+00 -5.091289e+00
5.180307e-01 -8.457699e-01
-1.072049e+01 -1.665802e+00
-6.564896e-01 -1.200166e+00
7.623167e+00 -5.224020e+00
-4.807156e+00 -6.465858e+00
-1.780463e-01 9.741576e+00
7.828453e+00 2.500217e+00
1.038264e+01 7.573525e+00
-7.868865e+00 -4.938881e+00
9.094774e+00 4.257595e+00
3.405715e-01 7.251686e+00
-9.421055e+00 9.518096e+00
8.366063e+00 1.000029e+01
7.850465e+00 -7.563083e+00
9.517542e+00 8.180300e+00
-9.560924e+00 -9.864947e+00
5.440791e+00 -5.196552e+00
-8.085075e+00 5.588740e-02
9.062826e+00 -1.957627e+00
-3.012680e+00 -3.965350e+00
5.161849e+00 -9.575912e+00
5.317107e-01 1.681614e+00
2.441054e+00 7.573780e-01
5.636401e+00 -6.524657e+00
-1.114015e+01 6.887617e+00
6.085511e+00 1.833579e+00
-1.025836e+01 6.779106e-01
9.800535e-01 1.063121e+01
2.894126e+00 -2.137229e-01
7.875027e+00 -7.513178e-02
-7.754105e+00 6.052005e+00
1.892846e+00 -7.778642e+00
7.116364e+00 -1.048138e+01
-1.065357e+01 7.903486e+00
1.332697e+00 7.694661e+00
-1.362937e+00 9.607966e+00
4.740241e+00 7.814361e+00
9.980422e+00 6.195452e+00
-7.245637e+00 6.902639e+00
5.759333e+00 -7.566473e+00
-1.007497e+00 -6.920743e+00
9.455033e+00 -4.034011e+00
1.364594e+00 -5.271349e+00
8.565407e+00 -3.146723e+00
-8.852735e+00 4.039671e+00
7.088222e+00 4.354943e+00
4.687067e-01 -8.708339e+00
-4.533549e+00 -9.230455e+00
-7.770129e+00 4.003406e+00
-9.549797e+00 -4.025531e+00
-8.424709e+00 9.143328e+00
-5.950030e+00 -1.055067e+01
