-8.116626e+00 -9.233467e+00
-1.098743e+01 8.349362e+00
-1.020950e+01 9.151754e+00
-7.562211e+00 -7.287735e+00
-1.102665e+01 -3.743693e+00
-8.820016e+00 -4.017903e+00
-8.120070e+00 -3.260985e+00
8.815546e+00 -1.751439e+00
8.619975e+00 -5.300049e+00
8.029699e+00 1.309487e+00
3.812636e+00 5.649440e+00
8.703579e+00 3.203365e+00
1.024302e+01 1.009414e+00
3.633628e+00 7.038751e+00
-9.127648e+00 6.925563e+00
7.773103e+00 4.325991e+00
1.099956e+01 2.858930e+00
-6.279690e+00 7.215383e+00
9.212567e+00 -1.030228e+01
-8.066963e+00 7.155591e+00
-8.250882e+00 -5.133511e+00
-7.010800e+00 -9.495204e+00
-9.623040e+00 -8.994184e+00
-7.273558e+00 -5.193057e+00
-9.460267e+00 -4.810570e+00
9.680859e+00 -1.065563e+00
-8.629198e+00 6.085302e-01
1.063968e+01 -4.687935e+00
8.736851e+00 -3.641734e+00
9.973135e+00 2.314058e+00
1.002496e+01 -2.241486e-02
7.540756e+00 -1.932366e+00
1.100574e+01 -6.198827e-01
8.167784e+00 2.368484e+00
5.705162e+00 4.176962e-01
7.708155e+00 7.937242e+00
-8.666441e+00 9.377828e+00
-6.137194e+00 6.173468e+00
-9.562574e+00 1.031972e+01
-1.019192e+01 6.832477e+00
-6.212211e+00 -7.055128e+00
-4.883272e+00 -7.887395e+00
-1.028215e+01 -1.117139e+01
-6.584594e+00 8.921614e+00
-8.989507e+00 -7.076760e+00
-8.112080e+00 -7.583793e-01
-1.030253e+01 -8.416285e-01
-7.693880e+00 -4.231457e+00
5.441789e+00 -2.016338e+00
-9.861023e+00 2.228750e-01
1.007262e+01 -3.684954e+00
-1.089604e+01 6.798341e-01
9.185456e+00 7.261737e-01
7.010622e+00 6.905841e+00
7.634120e+00 3.268361e+00
-5.831859e+00 5.207490e+00
9.066224e+00 6.325503e+00
-3.467060e+00 5.211775e+00
-7.680139e+00 4.388763e+00
-2.991174e+00 7.181776e+00
-5.680797e+00 -9.781023e+00
-2.602427e+00 1.049480e+01
-8.431670e+00 -8.032297e+00
-5.181891e+00 -6.674018e+00
-9.180338e+00 -6.720144e-01
-6.529076e+00 -4.481427e+00
-6.983424e+00 -6.239272e+00
-6.800914e+00 -2.065981e+00
9.679215e+00 -5.978271e+00
-7.490048e+00 2.628723e-01
-1.008099e+01 1.328441e+00
6.625318e+00 4.514783e+00
3.736584e+00 -2.817377e-01
6.462445e+00 6.004070e+00
9.550147e+00 5.318378e+00
6.578072e+00 3.192747e+00
-7.617506e+00 1.501207e+00
-5.051196e+00 6.075031e+00
-8.630451e+00 4.944689e+00
-7.806054e+00 8.675246e+00
-4.637719e+00 8.619042e+00
-7.438551e+00 1.088220e+01
-5.362209e+00 1.053601e+01
-5.851543e+00 -8.708375e+00
-9.266395e+00 -6.122820e+00
-1.028840e+01 -2.694969e+00
-4.927701e+00 -3.183457e+00
-8.019160e+00 -1.940822e+00
-1.026462e+01 -6.872527e+00
2.524509e+00 -5.279998e+00
-8.154467e+00 -6.371886e+00
-1.940132e+00 1.529019e+00
-9.232808e+00 2.661705e+00
-8.509343e+00 3.459615e+00
9.811665e+00 3.402852e+00
7.071823e+00 2.306007e+00
9.059776e+00 4.202860e+00
-7.035792e+00 -1.049925e+01
-2.027550e+00 7.651925e+00
-5.877757e+00 -1.095281e+01
-7.277624e+00 6.529780e+00
-2.175800e+00 -1.084134e+01
-4.394690e+00 1.087801e+01
-4.182935e+00 -2.463846e+00
-2.829993e+00 -6.890018e+00
-8.914605e+00 -2.502642e+00
2.915166e-01 -2.634355e+00
1.051060e+01 -1.762664e+00
-3.943630e+00 -4.959311e+00
-5.829377e+00 -1.281319e+00
-5.342163e+00 8.169796e-01
-5.729897e+00 2.193051e+00
-7.282756e+00 3.380115e+00
-4.852182e+00 3.246826e+00
1.057200e+01 5.061587e+00
-1.108379e+01 1.712808e+00
-7.256726e+00 5.341135e+00
-7.480029e+00 9.750741e+00
1.074895e+01 4.010712e+00
-9.736735e+00 5.151246e+00
-1.793120e+00 6.379747e+00
-4.030602e+00 6.140339e+00
-1.701902e+00 -8.134380e+00
-6.074255e+00 -5.646518e+00
-1.588597e-02 -3.635859e+00
-3.807163e+00 -3.633640e+00
-3.340489e+00 -1.717104e+00
-4.697767e+00 -4.207492e+00
-6.515985e+00 1.137635e+00
-4.861619e+00 1.707480e+00
-4.451841e+00 -1.466469e+00
-3.058350e+00 2.143026e+00
-8.885397e+00 1.704493e+00
9.034004e+00 1.793040e+00
-2.925444e+00 4.251244e+00
-1.158851e+00 5.602653e+00
-6.529746e+00 4.225170e+00
1.018268e+01 6.167946e+00
-5.409965e+00 4.105401e+00
-2.877858e+00 6.112339e+00
-8.349734e+00 6.152923e+00
-7.585637e-01 8.605538e+00
-4.534303e+00 9.840923e+00
-4.957148e+00 -1.048580e+01
-3.874308e+00 -1.018028e+01
-3.217320e+00 -1.104555e+01
-5.382513e+00 -2.243920e+00
-5.924269e+00 -3.480688e+00
-1.637162e+00 -5.694887e+00
-3.746563e+00 -6.604567e-01
-9.864082e-01 -1.544870e+00
4.624913e-01 -5.660080e+00
-1.017664e+01 3.447614e+00
1.021956e+00 1.522062e+00
-4.137935e+00 3.971598e+00
-8.381166e-01 1.325687e+00
-6.975972e+00 -1.027651e+00
-4.073861e+00 7.120848e+00
-4.661638e+00 4.951020e+00
1.570051e-02 3.050628e+00
-3.540609e+00 9.198328e+00
-5.800061e+00 8.188266e+00
-1.827710e+00 8.717262e+00
-3.651449e+00 -5.932340e+00
-6.248767e+00 1.393970e-01
-2.630032e+00 -4.361710e-01
6.419838e-01 -6.729328e+00
-7.027036e+00 -3.411448e+00
-5.256684e+00 -2.120636e-01
3.249066e-01 -7.840130e+00
-6.695938e-01 -7.180646e+00
1.532577e+00 -7.769211e-01
-1.868553e+00 -4.704294e+00
-4.126177e+00 2.521609e+00
-1.030241e+01 2.403493e+00
-6.117119e+00 3.213137e+00
4.741556e-01 4.969654e+00
-3.836755e+00 -7.402239e+00
-6.244350e-01 7.615133e+00
-1.722318e+00 5.107317e-01
2.299456e-01 -8.920506e+00
-5.165358e+00 7.287270e+00
1.681788e+00 -7.374700e+00
-2.545298e+00 -9.033028e+00
-3.773873e+00 -8.621512e+00
-2.651960e+00 -5.637393e+00
2.275190e+00 -6.554736e+00
-4.803989e+00 -9.018707e+00
-2.965377e+00 -4.415923e+00
-8.101408e+00 2.438344e+00
-3.856990e+00 1.426032e+00
-2.068963e+00 -2.366367e+00
-9.339439e+00 4.150171e+00
-3.284510e+00 3.219295e+00
2.588361e+00 4.798401e+00
-1.074342e+01 5.713853e+00
-9.042947e-01 2.411430e+00
1.731797e+00 9.772514e+00
3.023460e-01 6.860565e+00
-6.521698e+00 1.039559e+01
-1.276751e+00 9.605627e+00
1.714257e+00 1.083397e+01
1.407880e+00 7.872541e+00
-4.894141e+00 -5.645623e+00
-5.390375e-02 9.432334e+00
3.842743e+00 -9.346000e+00
-7.471809e-01 -8.522297e+00
3.172733e+00 -8.640190e+00
6.536961e+00 -6.164340e+00
-2.169894e+00 -1.342612e+00
6.531763e+00 -3.032935e-01
1.433055e+00 3.447229e-01
1.545635e+00 6.663346e+00
-3.737353e+00 3.087126e-01
-1.757110e+00 4.288275e+00
-2.197315e+00 3.104412e+00
-7.923609e-01 6.585578e+00
-2.916257e+00 8.402269e+00
2.729374e+00 1.036895e+01
-2.401952e+00 5.103791e+00
-1.403398e+00 1.076890e+01
-2.851307e+00 -1.006080e+01
7.344213e+00 -9.290694e+00
-2.718098e+00 -7.961294e+00
3.243585e+00 -6.233980e+00
5.537304e-01 -4.418447e+00
1.588516e+00 -4.189373e+00
5.222057e-01 -1.120974e-01
3.610265e+00 -4.987549e+00
6.867540e+00 1.115879e+00
-6.905307e+00 2.374926e+00
1.697389e-01 9.234474e-01
1.035760e+00 2.463183e+00
-6.552441e-01 4.617429e+00
-5.542798e-03 2.011651e+00
2.360337e+00 7.283150e+00
1.608281e+00 4.789384e+00
3.686060e-01 7.949627e+00
-3.861684e-01 -1.084690e+01
1.007160e+00 8.901368e+00
-9.667056e-02 5.883917e+00
1.708225e+00 -1.040808e+01
-1.593861e+00 -9.484958e+00
-2.491919e+00 9.491182e+00
-1.649856e+00 -6.758422e+00
-7.208994e-01 -5.022494e+00
2.818500e+00 -7.540755e+00
4.740414e+00 -6.094520e+00
-1.483501e+00 -5.563348e-01
-2.820349e+00 8.916067e-01
2.490679e+00 -1.587436e+00
2.555801e+00 -5.433887e-01
1.853263e+00 3.633153e+00
5.616785e+00 6.613109e+00
-9.533334e-01 3.391756e+00
-6.111328e-01 1.354645e-01
2.432799e+00 -3.098261e+00
7.749960e-01 1.019221e+01
7.980288e+00 8.946372e+00
6.914949e-01 -9.828982e+00
3.958678e+00 8.801993e+00
2.053464e+00 -8.338655e+00
-4.300833e-01 -9.687884e+00
-3.592732e+00 1.024254e+01
3.927809e+00 1.097597e+01
4.827059e+00 -4.836458e+00
7.601189e+00 -6.681006e+00
4.952610e+00 -7.110089e+00
3.585335e+00 -3.487491e+00
-3.130424e+00 -2.776216e+00
-1.523441e-01 -9.355231e-01
2.061981e+00 1.372756e+00
7.647154e+00 2.611420e-01
3.053782e+00 8.168209e+00
5.209230e+00 8.399407e+00
2.928121e+00 3.783972e+00
2.964249e+00 9.303867e+00
4.955835e+00 1.066736e+01
3.607649e+00 -1.033473e+01
4.763728e+00 -1.029884e+01
4.980556e+00 -9.075810e+00
9.604463e+00 -4.622975e+00
5.857207e+00 -5.357469e+00
-3.701925e-01 1.040094e+01
3.813374e+00 9.916114e+00
-6.406258e-01 -6.043029e+00
2.543275e+00 -9.772911e+00
5.340037e+00 -8.031327e+00
6.746009e+00 -4.864683e+00
5.779249e+00 -2.988629e+00
7.349165e-01 -1.599743e+00
5.639885e+00 -6.775532e-01
2.048165e+00 5.674972e+00
4.240835e+00 1.917062e+00
7.327633e-01 4.012108e+00
3.622815e+00 2.854692e+00
7.561000e+00 1.115802e+01
4.663839e+00 -1.255212e+00
4.844358e+00 5.759238e+00
6.824461e+00 8.577729e+00
2.677490e+00 -1.082317e+01
8.678480e+00 -9.469058e+00
1.206382e+00 -8.882948e+00
4.880924e+00 -3.564200e+00
3.848151e+00 -7.142097e+00
1.031670e+01 -8.330375e+00
6.051408e+00 -8.899185e+00
6.192001e+00 -7.601335e+00
8.604225e+00 -6.369299e+00
-1.291028e+00 -3.691011e+00
1.592711e+00 -2.149576e+00
4.033078e+00 7.731128e-01
8.905993e+00 -4.440098e-01
5.777261e+00 -1.100003e+01
5.964584e+00 7.665066e+00
1.013002e+01 8.357849e+00
9.789986e+00 9.577347e+00
8.828369e+00 1.015472e+01
8.908669e+00 7.649621e+00
7.232786e-01 -1.084614e+01
4.183692e+00 -8.229978e+00
7.426319e+00 -7.737899e+00
-9.165890e+00 -1.098778e+01
7.983667e+00 -1.022435e+01
-1.011949e+01 -1.009914e+01
-1.025758e+01 -5.773425e+00
-8.102552e+00 -1.046444e+01
1.022962e+01 -9.535367e+00
4.309732e+00 -2.212778e+00
1.576126e+00 -5.835436e+00
5.799632e+00 5.148974e+00
5.270500e+00 2.500042e+00
5.684055e+00 3.935516e+00
3.232604e+00 1.507093e+00
2.915835e+00 6.351871e+00
6.214622e+00 9.422970e+00
4.781432e+00 7.343460e+00
-1.082822e+01 1.009050e+01
9.121680e+00 8.718212e+00
8.802675e+00 -7.658028e+00
1.115986e+01 -8.901961e+00
-9.941057e+00 -8.010384e+00
8.214901e+00 -8.561026e+00
6.868411e+00 -1.023454e+01
-7.017417e+00 -8.256152e+00
6.392000e+00 -1.501610e+00
1.106012e+01 -5.631036e+00
5.852314e+00 -4.128488e+00
-8.157436e-01 -2.707218e+00
-1.059687e+01 -4.645110e+00
2.839534e+00 4.276682e-01
2.749876e+00 -4.149407e+00
4.734079e+00 -1.201669e-01
2.310693e+00 2.620904e+00
1.105856e+01 6.648457e+00
1.018596e+01 7.273633e+00
5.848818e+00 -9.903278e+00
7.269608e+00 5.326081e+00
7.465883e+00 9.770646e+00
1.077643e+01 1.087847e+01
1.023995e+01 -1.055949e+01
7.519626e+00 -5.564032e+00
-1.098068e+01 -7.682227e+00
-8.466259e+00 1.044350e+01
-9.856642e+00 -3.817279e+00
7.715647e+00 -3.080095e+00
1.076786e+01 -6.782605e+00
1.143841e+00 -3.275375e+00
-2.302387e+00 -3.549409e+00
6.706572e+00 -2.580775e+00
8.096483e+00 -4.470419e+00
3.561154e+00 -1.362339e+00
4.806515e+00 4.629429e+00
5.157159e+00 1.345585e+00
4.799553e+00 9.523444e+00
1.948896e+00 8.734239e+00
6.065946e+00 1.914217e+00
8.400699e+00 5.384540e+00
-1.006652e+01 8.017569e+00
9.313529e+00 -8.571345e+00
-9.039193e+00 -9.867866e+00
6.530418e+00 1.045139e+01
8.573597e+00 -1.109811e+01
-7.029945e+00 8.002038e+00
-1.110904e+01 -1.009999e+01
-9.654148e+00 -1.819220e+00
-1.083035e+01 -1.699013e+00
9.721601e+00 -7.012025e+00
6.857338e+00 -3.646621e+00
7.383367e+00 -9.045363e-01
1.079588e+01 -2.888755e+00
9.700379e+00 -2.324991e+00
8.097713e+00 6.675975e+00
4.617851e+00 3.467473e+00
3.701145e+00 4.523009e+00
9.655380e+00 1.081066e+01
-1.062560e+01 4.434147e+00
-8.940512e+00 8.353054e+00
1.079406e+01 9.234422e+00
-5.680125e+00 9.307124e+00
