-9.395280e+00 -8.117298e+00
-1.009950e+01 8.789716e+00
-1.097586e+01 -8.081424e+00
-7.575568e+00 -6.823676e+00
-1.099404e+01 -6.731449e+00
-1.022072e+01 -3.859259e+00
8.846753e+00 -3.976534e+00
9.683226e+00 -3.069098e+00
7.909328e+00 -3.926403e-01
8.887735e+00 -1.071079e+00
8.969504e+00 4.387186e+00
1.006260e+01 5.318542e+00
9.100275e+00 3.380783e+00
7.126173e+00 5.641261e+00
1.011071e+01 8.491549e+00
8.822037e+00 7.033081e+00
-9.230403e+00 2.332433e+00
-1.035907e+01 7.124747e+00
1.061266e+01 -1.067405e+01
-9.992436e+00 -1.005029e+01
-8.342622e+00 -7.558967e+00
-8.851440e+00 -9.944887e+00
-1.079124e+01 -1.088518e+01
-1.002829e+01 -6.243342e+00
-9.196246e+00 -5.584354e+00
1.057679e+01 -2.264457e+00
9.859644e+00 -4.358030e+00
1.072646e+01 -3.660997e+00
8.711465e+00 -2.573951e+00
1.014102e+01 2.950874e+00
1.054970e+01 -1.191402e+00
9.824815e+00 -4.384770e-01
9.880928e+00 5.932640e-01
9.964620e+00 1.838853e+00
1.100259e+01 3.677089e+00
8.971650e+00 5.901849e+00
-1.102668e+01 9.285153e+00
-7.443241e+00 6.164429e+00
1.023683e+01 9.767099e+00
9.145843e+00 8.058548e+00
-9.335318e+00 -1.110876e+01
-6.782109e+00 -6.092830e+00
-8.971887e+00 -6.660466e+00
-7.527563e+00 -9.235980e+00
-7.867638e+00 -5.616009e+00
-1.073521e+01 -2.987264e+00
-9.542509e+00 -3.036914e+00
-9.506555e+00 -1.656502e+00
6.489115e+00 -2.149963e+00
-1.084557e+01 -1.690922e+00
9.475000e+00 -1.916309e+00
-1.067379e+01 -5.464253e-01
1.075920e+01 -2.895519e-03
-1.088945e+01 6.249109e+00
-1.006044e+01 1.670286e+00
-7.160153e+00 3.478498e+00
-1.018957e+01 5.435308e+00
-9.170165e+00 3.401650e+00
-8.328513e+00 7.070278e+00
-8.999693e+00 9.059517e+00
-8.646155e+00 -8.928844e+00
-7.005281e+00 1.097620e+01
-6.553612e+00 -7.199223e+00
-7.117769e+00 -8.209921e+00
-1.006720e+01 -4.946123e+00
-8.994279e+00 -4.538395e+00
-6.839946e+00 -4.032150e+00
-8.682210e+00 -2.380797e+00
8.982664e+00 -5.072094e+00
-8.609751e+00 -1.122188e+00
-9.595011e+00 -6.245416e-01
1.094350e+01 1.085020e+00
-1.113809e+01 2.154072e+00
9.907655e+00 4.066622e+00
9.981225e+00 7.410156e+00
-7.774567e+00 2.617531e+00
-1.025533e+01 2.821249e+00
-6.700402e+00 6.943683e+00
-8.288243e+00 8.190707e+00
-1.111251e+01 8.200075e+00
-6.432341e+00 8.143426e+00
-8.192963e+00 -1.100966e+01
-7.384087e+00 -1.020801e+01
-4.746297e+00 -8.625528e+00
-6.921737e+00 -5.029698e+00
-5.628513e+00 -6.413252e+00
-5.849667e+00 -5.420714e+00
-7.845306e+00 -4.440043e+00
-8.539392e+00 -3.459472e+00
-1.468310e+00 -3.443075e+00
-7.667325e+00 -1.720832e+00
-7.738281e+00 -5.547350e-01
-6.701965e+00 -2.448154e+00
-1.043384e+01 4.966121e-01
-7.911922e+00 7.083260e-01
-8.301867e+00 1.696313e+00
-6.220943e+00 3.059994e+00
-7.983592e+00 1.013530e+01
-5.708542e+00 5.051645e+00
-7.424235e+00 7.703219e+00
-5.978603e+00 9.179241e+00
-6.838688e+00 9.902471e+00
-5.997649e+00 -1.099585e+01
-6.322395e+00 -9.904072e+00
-2.824267e+00 -7.880165e+00
-4.896132e+00 -4.947885e+00
6.926519e-01 -2.433794e+00
-7.541597e+00 -2.975159e+00
-5.856058e+00 -4.346143e+00
-4.891851e+00 -3.923278e+00
-5.491681e+00 -1.909800e+00
-6.478248e+00 -1.296905e+00
-5.475010e+00 -9.020964e-01
-8.671553e+00 -7.331216e-02
-5.808385e+00 1.878061e+00
-9.006585e+00 9.079347e-01
-7.590965e+00 4.710195e+00
-7.336913e+00 8.951624e+00
-5.262922e+00 4.010123e+00
-6.570414e+00 5.660119e+00
-8.202078e+00 3.816128e+00
-4.458810e+00 4.853205e+00
-5.853068e+00 1.027427e+01
-5.376356e+00 -7.502272e+00
-4.546255e+00 -6.656316e+00
-3.475806e+00 -6.789517e+00
-3.920336e+00 -4.613570e+00
-4.382629e+00 -7.653994e+00
-6.030506e+00 -3.210268e+00
-1.887849e+00 -1.802712e+00
-4.719483e+00 -2.896518e+00
-6.371269e+00 -1.227306e-01
-6.360601e+00 1.029139e+00
-5.498719e+00 4.111951e-01
-4.552737e+00 1.170717e+00
-7.274760e+00 1.700610e+00
-8.406564e+00 5.654008e+00
-5.185538e+00 2.765832e+00
-2.255748e+00 4.935931e+00
-6.442831e+00 4.253949e+00
-4.734167e+00 8.261019e+00
-2.473574e+00 7.515092e+00
-5.056241e+00 -1.035902e+01
-6.159349e+00 -8.762309e+00
-2.544439e-01 -4.944897e+00
-3.663552e+00 -8.440549e+00
-2.629961e+00 -4.508121e+00
-3.298632e+00 -3.785564e+00
-1.367966e+00 -4.576078e+00
-3.652051e+00 -2.751742e+00
3.468808e-01 3.824455e-01
-2.466341e+00 -7.673837e-01
-4.613701e+00 -1.581888e-01
-3.142524e+00 1.704096e+00
-3.339616e+00 4.945480e+00
-4.150635e+00 2.134841e+00
-2.703745e+00 3.045393e-01
-1.848901e+00 6.504341e+00
-4.677191e+00 6.854372e+00
-4.204313e+00 5.898202e+00
-5.573170e+00 6.044035e+00
-3.856270e+00 1.001851e+01
-3.941462e+00 8.991749e+00
-4.202565e+00 -9.600893e+00
-3.113055e+00 -9.418021e+00
-2.716909e+00 -5.852321e+00
1.807152e+00 -2.471445e+00
-3.801448e+00 -5.704491e+00
9.144222e-02 -1.461183e+00
7.256016e-01 -3.451516e+00
-8.878807e-01 -1.918403e+00
-1.321947e+00 -9.382144e-01
-3.723370e+00 4.704739e-01
-3.566597e+00 -9.227856e-01
-1.873703e+00 1.063838e+00
-3.026302e+00 3.796758e+00
-3.208722e+00 2.792887e+00
-2.097959e+00 9.535188e+00
-3.537230e+00 6.863869e+00
-4.259511e+00 3.220291e+00
-2.871386e+00 8.767531e+00
-5.660880e+00 7.407339e+00
-2.943570e+00 1.079548e+01
-3.461780e+00 -1.050221e+01
-5.305686e+00 -9.433255e+00
-1.916634e+00 -8.527191e+00
-1.954572e-01 -3.832365e+00
-1.978398e+00 -7.291892e+00
-2.310798e-01 -2.782045e+00
-1.487186e+00 -5.884167e+00
-2.490679e+00 -2.918501e+00
-6.273709e-01 8.838701e-01
-1.513084e+00 9.582030e-02
-4.550074e+00 -1.430373e+00
7.313999e-01 4.241480e+00
-2.066887e+00 3.539672e+00
-2.808597e+00 6.041570e+00
-1.055499e+00 9.014758e+00
-3.555903e+00 7.882801e+00
-4.899941e+00 9.367707e+00
-1.911258e-01 1.105076e+01
5.755193e-01 7.997466e+00
-2.161073e+00 -1.073970e+01
-1.887693e+00 -9.706451e+00
9.673021e-01 -1.019287e+01
-1.019301e+00 -6.919365e+00
2.747074e-01 -9.078864e+00
6.065756e-01 -5.707503e+00
1.144248e+00 -6.846947e+00
9.233285e-01 -4.901144e-01
1.392785e+00 2.059305e+00
-1.119090e+00 1.911453e+00
-3.527819e-01 3.798359e+00
-2.989662e+00 -1.912889e+00
-1.125149e+00 3.071666e+00
-9.633753e-01 5.778468e+00
-6.238459e-01 6.697567e+00
4.745431e-01 6.614090e+00
2.607325e+00 7.689781e+00
5.230740e-01 5.542550e+00
9.194965e-02 8.954945e+00
-4.296845e+00 1.110513e+01
-2.814606e-01 -1.018125e+01
-6.260554e-01 -8.181160e+00
7.548015e-01 -4.626332e+00
-3.335524e-01 -6.062177e+00
1.779409e+00 -5.308905e+00
1.398256e+00 8.642566e-01
1.713678e+00 -3.947049e+00
3.484772e+00 1.525501e+00
-2.110322e+00 2.319904e+00
4.082234e-01 1.559816e+00
6.125133e-02 2.677936e+00
-1.217724e+00 4.535260e+00
-1.448840e+00 7.448533e+00
1.860018e+00 3.748954e+00
-2.114419e-01 4.824903e+00
1.980522e+00 8.603024e+00
1.807031e+00 6.013755e+00
1.738269e+00 4.817524e+00
1.435374e+00 7.330120e+00
-4.681921e-01 7.989956e+00
-7.865633e-01 1.014402e+01
-1.852817e+00 8.410372e+00
-9.641750e-01 -9.127528e+00
7.646466e-01 -7.941057e+00
-8.947320e-03 -7.162231e+00
2.685639e+00 -4.736949e+00
1.351573e+00 -1.492977e+00
-4.873936e-01 -2.856305e-01
2.368915e+00 1.462601e+00
4.299476e+00 2.184148e+00
2.186226e+00 2.799576e+00
3.160092e+00 2.446436e+00
2.880407e+00 5.445654e+00
3.667270e+00 6.137928e+00
4.348937e+00 8.593349e+00
5.191943e+00 9.356626e+00
4.704604e+00 1.058580e+01
4.148861e+00 9.612855e+00
2.392799e+00 9.661205e+00
2.264253e+00 -8.956907e+00
2.038591e+00 1.075908e+01
-1.798641e+00 1.060052e+01
3.709254e-01 9.999592e+00
5.629105e+00 -3.687014e+00
2.194473e+00 -6.699994e+00
3.512584e+00 -3.745030e+00
2.305218e+00 3.061671e-01
2.143192e+00 -8.476950e-01
3.590943e+00 -1.268303e+00
5.322422e+00 2.831179e+00
5.994151e+00 1.956144e+00
4.193553e+00 3.237690e+00
5.408488e+00 8.348988e+00
9.873562e-01 3.202957e+00
2.699189e+00 6.616850e+00
4.064588e+00 -9.526635e+00
3.317213e+00 8.954995e+00
3.499399e+00 1.058105e+01
3.311640e+00 -1.067115e+01
8.729059e+00 -8.427284e+00
3.206902e+00 -7.245087e+00
-1.109924e+00 -1.087687e+01
8.688557e-01 1.108342e+01
2.007663e+00 -7.895860e+00
1.243029e+00 -8.863326e+00
3.801407e+00 -5.018794e+00
4.510399e+00 -4.224820e+00
2.573940e+00 -3.263642e+00
3.498744e+00 -3.820644e-02
4.562333e+00 1.184584e+00
4.912453e+00 5.695644e+00
5.792499e+00 6.326419e+00
4.749931e+00 7.005582e+00
3.875497e+00 5.047788e+00
5.069204e+00 -9.915056e+00
3.748868e+00 7.513790e+00
8.242697e+00 -1.048757e+01
5.717229e+00 -1.068755e+01
4.397886e+00 -1.064744e+01
5.408711e+00 -7.872192e+00
2.250708e+00 -1.043390e+01
2.791466e+00 -5.802036e+00
3.817323e+00 -6.415449e+00
6.139424e+00 -6.735316e+00
4.694416e+00 -5.605414e+00
7.243134e+00 -5.632536e+00
5.777873e+00 -5.700130e+00
2.701821e+00 -1.841760e+00
4.578787e+00 1.103769e-01
5.668117e+00 8.478761e-01
6.980793e+00 4.589845e+00
6.866125e+00 1.007734e+01
6.781111e+00 8.034794e+00
6.206482e+00 9.305127e+00
7.214129e+00 8.931715e+00
5.767112e+00 1.034912e+01
7.511789e+00 1.088817e+01
1.065379e+00 9.205155e+00
3.103902e+00 -9.472199e+00
3.377562e+00 -8.420913e+00
6.461877e+00 -7.653169e+00
6.783553e+00 -8.790847e+00
9.403345e+00 -7.487452e+00
9.379105e+00 -6.188317e+00
7.937708e+00 -4.576971e+00
8.231374e+00 -5.963040e+00
5.558551e+00 -4.696621e+00
4.558512e+00 -9.064931e-01
6.830253e+00 2.458554e+00
4.783381e+00 4.198132e+00
6.867621e+00 -1.037142e+00
3.234477e+00 3.919771e+00
6.802344e+00 3.512792e+00
8.574355e+00 1.068853e+01
7.704703e+00 7.177132e+00
1.096792e+01 1.044158e+01
7.101724e+00 -1.027078e+01
5.632433e+00 -8.956379e+00
7.720959e+00 -7.804973e+00
1.076693e+01 -8.847250e+00
4.311319e+00 -7.387859e+00
7.309039e+00 -6.756359e+00
1.030314e+01 -6.503750e+00
7.408660e+00 -2.344019e+00
8.460877e+00 -6.963568e+00
6.695628e+00 -4.614771e+00
3.486721e+00 -2.503766e+00
5.052005e+00 -6.614616e+00
7.780380e+00 8.303426e-01
5.782760e+00 -3.638683e-01
6.801308e+00 1.192527e+00
5.818914e+00 3.893644e+00
5.829572e+00 4.999479e+00
8.041838e+00 8.187738e+00
6.559748e+00 1.112662e+01
9.187006e+00 9.206075e+00
9.631400e+00 1.072248e+01
7.968297e+00 -9.395545e+00
4.545838e+00 -8.581333e+00
-1.013220e+01 -7.344146e+00
9.669892e+00 -8.594600e+00
-1.017795e+01 -8.979088e+00
1.014619e+01 -5.447690e+00
5.571825e+00 -2.617489e+00
7.902813e+00 -3.368819e+00
4.617985e+00 -3.197281e+00
4.636561e+00 -1.981984e+00
7.979984e+00 -1.531771e+00
6.807012e+00 1.398410e-01
7.637529e+00 1.852996e+00
7.774225e+00 2.869967e+00
8.050014e+00 3.924326e+00
6.689808e+00 6.820098e+00
5.945227e+00 7.437515e+00
1.109946e+01 5.095725e+00
8.079907e+00 9.539054e+00
9.272222e+00 -1.054042e+01
6.231881e+00 -9.740439e+00
-1.014784e+01 1.003320e+01
9.021513e+00 -9.489648e+00
1.008306e+01 -9.778327e+00
-9.017009e+00 1.012771e+01
1.038592e+01 -7.815709e+00
-1.105028e+01 -5.600748e+00
1.095628e+01 -4.613252e+00
6.744634e+00 -3.590743e+00
5.713318e+00 -1.499153e+00
8.853590e+00 1.260157e+00
8.985017e+00 2.292044e+00
8.882589e+00 2.168086e-01
1.011370e+01 6.357857e+00
8.220082e+00 5.040226e+00
7.957765e+00 6.205589e+00
-9.260995e+00 4.865583e+00
-1.047386e+01 4.344305e+00
-9.581548e+00 6.334057e+00
-1.108674e+01 -9.821889e+00
-9.296546e+00 8.044398e+00
