-8.408730e+00 -8.419855e+00
-1.055899e+01 8.807120e+00
-1.070707e+01 9.871164e+00
-9.107838e+00 -7.623158e+00
9.578881e+00 -4.970470e+00
-1.086336e+01 -5.199104e+00
1.023035e+01 -4.206189e+00
8.965004e+00 -2.555028e+00
6.580507e+00 -4.808554e+00
8.446390e+00 8.201549e-02
6.033411e+00 4.912723e+00
9.695122e+00 5.817604e+00
1.034157e+01 1.000410e-01
5.483351e+00 6.395892e+00
-8.590100e+00 9.425781e+00
9.129581e+00 4.980924e+00
-9.853626e+00 2.260953e+00
-4.926982e+00 8.537903e+00
9.143384e+00 9.063854e+00
-7.938679e+00 -1.106386e+01
-1.019816e+01 -7.594355e+00
-4.940594e+00 -9.065375e+00
-1.034609e+01 -1.029566e+01
-1.042350e+01 -6.263460e+00
1.115216e+01 -7.006453e+00
1.108243e+01 -3.397351e+00
-7.615323e+00 -8.142436e-01
9.087970e+00 -3.664574e+00
8.006850e+00 -3.296468e+00
1.093413e+01 1.045712e+00
-1.022911e+01 -2.023894e+00
7.933141e+00 -2.296352e+00
-1.099074e+01 -9.417486e-01
1.093691e+01 2.973616e+00
7.376282e+00 1.044915e+00
5.942613e+00 8.248527e+00
-9.431056e+00 8.670175e+00
-5.803595e+00 9.114167e+00
-9.596676e+00 9.891592e+00
1.104851e+01 7.995383e+00
-6.208573e+00 -8.180791e+00
-5.952102e+00 -6.841669e+00
9.700743e+00 1.012304e+01
-6.761403e+00 -1.109270e+01
-9.465608e+00 -6.682828e+00
-6.656954e+00 -5.112070e-01
-8.871394e+00 -2.764595e+00
-7.090156e+00 -3.962800e+00
3.807070e+00 -2.005521e+00
-9.749186e+00 -8.392466e-01
1.006695e+01 -1.897315e+00
-8.477530e+00 -2.730269e-01
1.030512e+01 -9.078198e-01
1.076616e+01 6.184387e+00
9.708059e+00 9.509389e-01
-6.128859e+00 6.811408e+00
-9.545779e+00 5.568467e+00
-3.050336e+00 5.030433e+00
-7.035082e+00 5.202497e+00
-5.080844e+00 6.838696e+00
-4.721308e+00 -1.018605e+01
-2.445632e+00 -9.732854e+00
-7.372710e+00 -8.728683e+00
-7.199317e+00 -6.506531e+00
-9.041986e+00 -1.712819e+00
-8.612870e+00 -5.056280e+00
-8.176856e+00 -6.078686e+00
-8.773051e+00 -3.874775e+00
7.624799e+00 -6.452949e+00
-7.424647e+00 4.996157e-01
-9.418114e+00 3.158969e-01
1.027654e+01 4.048778e+00
6.454807e+00 6.011746e-01
8.271639e+00 5.577739e+00
-1.055713e+01 5.573803e+00
8.699820e+00 2.860756e+00
-8.422259e+00 7.902381e-01
-3.987653e+00 6.913245e+00
-7.863589e+00 7.279148e+00
-9.334128e+00 1.096117e+01
-5.181005e+00 9.901212e+00
-7.823572e+00 -9.600463e+00
-5.810507e+00 -1.057502e+01
-5.040104e+00 -7.847679e+00
-8.137414e+00 -7.145919e+00
-1.011457e+01 -4.178727e+00
-4.983127e+00 -4.211732e+00
-6.809885e+00 -2.735312e+00
-1.076948e+01 -8.517566e+00
6.036139e-01 -4.742713e+00
-9.449067e+00 -5.615988e+00
-2.720414e+00 2.568789e+00
-7.466465e+00 2.679620e+00
-8.201704e+00 3.562358e+00
-1.084687e+01 1.916113e+00
8.531627e+00 1.262610e+00
-1.041967e+01 3.463968e+00
-8.666251e+00 -1.038005e+01
-2.014342e+00 8.575797e+00
-3.583876e+00 -1.056012e+01
-6.762169e+00 8.764057e+00
-1.690106e+00 -1.047836e+01
-4.974551e+00 1.089995e+01
-5.796739e+00 -2.314583e+00
-2.847905e+00 -5.815886e+00
-7.777325e+00 -3.089342e+00
1.861562e+00 -1.543216e+00
-9.949430e+00 -3.123300e+00
-4.010458e+00 -3.885577e+00
-5.880435e+00 -3.596002e+00
-5.844340e+00 4.744768e-01
-6.426429e+00 3.439742e+00
-8.020065e+00 5.054593e+00
-6.143276e+00 4.573897e+00
-9.319118e+00 3.350415e+00
-1.055203e+01 -4.793422e-02
-7.587216e+00 6.124535e+00
-6.063438e+00 -9.262412e+00
-1.024306e+01 9.889463e-01
-8.698903e+00 6.263672e+00
-2.067450e+00 5.753193e+00
-6.160747e+00 5.775636e+00
-4.205966e-01 -8.549980e+00
-6.404228e+00 -5.810328e+00
-1.584741e+00 -4.058931e+00
-2.817652e+00 -3.856358e+00
-3.696313e+00 -1.961669e+00
-5.454580e+00 -5.334491e+00
-6.654249e+00 1.379072e+00
-4.537834e+00 1.138744e+00
-6.958496e+00 -1.651728e+00
-3.642969e+00 3.113904e+00
-6.211044e+00 2.410111e+00
1.041302e+01 1.991891e+00
-2.951686e+00 3.947394e+00
-2.913686e+00 6.319027e+00
-5.280696e+00 5.229910e+00
-9.573644e+00 6.944016e+00
-4.109057e+00 4.780825e+00
-4.500801e+00 5.831333e+00
-6.816688e+00 7.721960e+00
-8.805546e-01 8.637992e+00
-6.024867e+00 1.045919e+01
-2.693452e+00 -8.618558e+00
-4.113998e+00 -7.328926e+00
-4.084147e+00 -8.361302e+00
-4.735288e+00 -3.146047e+00
-6.333776e+00 -4.702394e+00
-2.454289e+00 -4.818942e+00
-4.204760e+00 1.528921e-01
-9.882849e-01 -1.950474e-01
-7.531000e-01 -5.045847e+00
-7.713437e+00 1.551444e+00
-3.282854e-01 2.444334e+00
-5.201354e+00 3.828616e+00
-1.487011e+00 2.208004e+00
-5.868885e+00 -1.267722e+00
-2.017526e+00 7.212041e+00
-5.736970e+00 7.753397e+00
1.948131e-01 3.363994e+00
-3.686297e+00 1.020369e+01
-6.927063e+00 9.786809e+00
-4.111400e+00 9.138561e+00
-3.763897e+00 -6.370295e+00
-4.846339e+00 -1.572100e+00
-2.386560e+00 1.993595e-02
7.406364e-01 -6.587771e+00
-7.490616e+00 -5.048969e+00
-3.373517e+00 -5.693486e-01
1.725619e+00 -6.765792e+00
6.652036e-02 -7.428184e+00
9.985613e-01 3.736893e-01
-3.454701e+00 -3.045392e+00
-4.261149e+00 2.297785e+00
-9.195385e+00 1.481720e+00
-7.224444e+00 4.197616e+00
4.634071e-01 5.410603e+00
-3.042719e+00 -7.549782e+00
-1.045472e+00 7.490653e+00
-1.571086e+00 9.019482e-01
6.962377e-01 -8.485337e+00
-4.002385e+00 8.059926e+00
1.137490e+00 -7.594293e+00
-2.043663e+00 -7.892081e+00
-4.944062e+00 -6.471250e+00
-3.374107e+00 -4.863836e+00
2.332914e+00 -5.842611e+00
-3.698037e+00 -9.534572e+00
-2.081406e+00 -3.112004e+00
-5.573581e+00 1.442821e+00
-3.194231e+00 7.147929e-01
-1.213335e+00 -2.108094e+00
-8.582749e+00 2.623359e+00
-3.341472e+00 1.783330e+00
4.194012e+00 3.803856e+00
-9.074638e+00 4.414685e+00
-8.754777e-01 3.678328e+00
1.145844e+00 8.299229e+00
-7.248684e-01 5.357009e+00
-6.840440e+00 -1.006990e+01
-1.558632e+00 9.615082e+00
1.378663e+00 1.071055e+01
2.827669e-01 7.394465e+00
-4.420178e+00 -5.188263e+00
-6.748848e-01 1.009713e+01
2.814628e+00 -8.979247e+00
-1.057101e+00 -7.474046e+00
4.469301e+00 -8.314506e+00
3.336937e+00 -5.955319e+00
-1.917511e+00 -9.716962e-01
5.508613e+00 -1.422430e+00
2.671613e+00 2.930436e-01
8.194080e-01 6.541055e+00
-5.058611e+00 -5.490215e-01
-2.030567e+00 4.526565e+00
-1.865528e+00 3.341192e+00
-1.319184e+00 6.467007e+00
-2.990524e+00 7.896124e+00
2.299934e+00 9.951975e+00
-6.674141e-02 4.420389e+00
-2.584555e+00 1.015844e+01
-1.649015e+00 -8.972017e+00
6.658232e+00 1.094096e+01
-2.330902e+00 -6.781826e+00
1.361801e+00 -5.719750e+00
-2.511561e-01 -4.093491e+00
1.658458e+00 -4.658616e+00
1.849183e+00 1.033611e+00
2.291105e+00 -3.784570e+00
6.532629e+00 -9.148988e-01
-5.246490e+00 2.556310e+00
7.860842e-01 1.341311e+00
1.282159e+00 2.332575e+00
1.929256e+00 3.255102e+00
1.027922e+00 4.027182e+00
3.714846e+00 5.838011e+00
2.645781e+00 5.452727e+00
2.383548e-01 8.678283e+00
-8.178674e-01 -1.112616e+01
1.939893e+00 7.398484e+00
-1.681976e-01 6.240708e+00
2.230300e+00 -1.107777e+01
-6.982388e-01 -9.786414e+00
-2.922900e+00 9.217479e+00
7.553867e-02 -5.625399e+00
-1.693315e+00 -5.711216e+00
3.489369e+00 -8.111093e+00
2.756388e+00 -4.869742e+00
-1.205425e-01 5.272337e-01
-2.334745e+00 1.600385e+00
3.319453e+00 -5.224101e-01
4.398809e+00 1.784645e+00
2.457046e+00 1.967534e+00
6.293426e+00 7.098642e+00
1.508954e+00 5.292095e+00
-6.652322e-01 1.427848e+00
2.295076e+00 -6.187544e-01
4.278784e-01 9.685713e+00
4.073488e+00 8.335394e+00
1.156168e+00 -1.035064e+01
2.821447e+00 6.692368e+00
2.165086e+00 -8.023115e+00
4.176400e-01 -9.521025e+00
-2.702519e+00 -1.110996e+01
4.446878e+00 1.071637e+01
4.315894e+00 -4.114295e+00
4.598290e+00 -5.542381e+00
3.733837e+00 -4.933718e+00
2.967611e+00 -1.460097e+00
-2.383128e+00 -1.934144e+00
1.537431e-01 -4.630151e-01
3.424810e+00 1.620473e+00
6.941648e+00 -1.875039e+00
5.078986e+00 4.377708e+00
3.050567e+00 8.877589e+00
3.131194e+00 3.884943e+00
1.832640e+00 6.291506e+00
3.588688e+00 9.841950e+00
3.263156e+00 -9.990148e+00
4.159677e+00 -1.051813e+01
5.316462e+00 -1.058367e+01
7.231201e+00 -4.004362e+00
5.589465e+00 -5.940123e+00
-1.646433e+00 1.062903e+01
2.021623e+00 8.886579e+00
-9.201542e-01 -6.389796e+00
2.190212e+00 -9.898389e+00
3.802767e+00 -6.923858e+00
6.667846e+00 -5.993893e+00
3.039765e+00 -2.862535e+00
-6.199756e-01 -1.180710e+00
4.587288e+00 -1.116326e+00
3.847890e+00 4.812534e+00
6.509155e+00 1.735540e+00
2.148116e+00 4.328458e+00
5.497902e+00 2.152427e+00
7.448123e+00 -1.079201e+01
5.240915e+00 9.858359e-01
6.375004e+00 5.860652e+00
5.690855e+00 9.444274e+00
3.245885e+00 1.095340e+01
8.212343e+00 -9.758320e+00
1.536370e+00 -9.095513e+00
3.254638e+00 -3.997407e+00
2.742199e+00 -7.179365e+00
9.352799e+00 -7.881594e+00
5.469509e+00 -8.347003e+00
6.231368e+00 -7.063664e+00
5.030209e+00 -7.130186e+00
8.384572e-01 -2.484854e+00
1.157852e+00 -6.637462e-01
5.579184e+00 -1.217673e-01
8.072176e+00 -1.038388e+00
4.585599e+00 9.504103e+00
5.075438e+00 7.640283e+00
8.226711e+00 7.171775e+00
7.268914e+00 7.571239e+00
8.143115e+00 8.241498e+00
7.392766e+00 6.261150e+00
4.612789e-01 1.106734e+01
4.247735e+00 -9.381405e+00
5.443976e+00 -9.474558e+00
1.003941e+01 -9.905264e+00
8.498229e+00 1.115026e+01
9.908683e+00 -1.114981e+01
8.917917e+00 -6.558389e+00
1.099379e+01 -1.105705e+01
7.532651e+00 -8.767069e+00
4.124891e+00 -3.034685e+00
-1.000752e+00 -3.163037e+00
7.125875e+00 5.042900e+00
7.089873e+00 2.751389e+00
9.127032e+00 3.888278e+00
4.577255e+00 2.888024e+00
5.613147e+00 3.190765e+00
3.815546e+00 7.278444e+00
4.819397e+00 5.501121e+00
1.071804e+01 1.032358e+01
7.047595e+00 8.605229e+00
7.291747e+00 -7.450183e+00
1.103478e+01 -9.668184e+00
-9.778529e+00 -8.687063e+00
6.692195e+00 -9.310013e+00
6.410970e+00 -1.031169e+01
-7.106961e+00 -7.503468e+00
4.835295e+00 -2.335428e+00
1.002461e+01 -7.104504e+00
5.455076e+00 -4.784065e+00
5.489476e-01 -1.486155e+00
8.365800e+00 -5.633972e+00
3.776097e+00 6.152607e-01
1.895176e+00 -2.702828e+00
9.374285e+00 1.933928e+00
3.424287e+00 2.704918e+00
9.115934e+00 7.867915e+00
1.020306e+01 7.168651e+00
5.606215e+00 1.078442e+01
9.032794e+00 6.550544e+00
7.752765e+00 1.049032e+01
8.663463e+00 9.961254e+00
9.145719e+00 -1.027640e+01
8.454390e+00 -4.460172e+00
1.025999e+01 -8.876012e+00
-1.044362e+01 1.084331e+01
1.037138e+01 -5.729520e+00
6.881481e+00 -2.916709e+00
8.322122e+00 -7.373240e+00
1.176597e+00 -3.583251e+00
-1.771114e-01 -2.213111e+00
5.119054e+00 -3.378491e+00
6.242548e+00 -3.745656e+00
4.488300e+00 -1.542194e-01
8.142326e+00 4.534529e+00
7.851984e+00 2.053699e+00
2.955034e+00 7.865109e+00
4.489856e+00 6.453563e+00
9.861154e+00 2.810218e+00
1.106757e+01 4.692188e+00
-1.019003e+01 7.852169e+00
6.674713e+00 -8.272675e+00
-8.901566e+00 -9.347459e+00
6.675860e+00 9.748324e+00
7.835232e+00 9.309410e+00
-7.879318e+00 8.613337e+00
9.255969e+00 -9.081192e+00
-7.980210e+00 -2.056445e+00
9.966045e+00 -3.245926e+00
7.541383e+00 -5.053951e+00
5.880289e+00 -2.578312e+00
7.362493e+00 -3.611722e-02
9.174474e+00 -1.321214e+00
1.113748e+01 -1.975553e+00
-1.060976e+01 6.865391e+00
7.778115e+00 3.519845e+00
6.554720e+00 3.818458e+00
1.000752e+01 8.410923e+00
-1.016526e+01 4.572889e+00
-8.782894e+00 7.596018e+00
1.078054e+01 9.219031e+00
-7.951967e+00 1.020397e+01
