5.656791e+00 -9.306214e+00
-8.591522e+00 7.751647e+00
-9.846057e+00 7.833172e+00
-5.002866e+00 -1.986150e+00
-6.704972e+00 9.037046e-01
-7.285274e+00 -9.666951e+00
7.659731e+00 -3.169851e-01
4.941165e+00 3.119179e+00
4.766694e+00 -4.553489e+00
6.256314e+00 -3.287868e+00
-5.645279e+00 7.276393e+00
-1.013060e+01 5.828542e+00
-8.504101e+00 7.848751e-01
4.475852e+00 2.057964e+00
-5.966951e+00 2.882870e+00
6.387932e+00 3.298387e+00
-1.025408e+01 -1.512040e+00
-9.629626e+00 1.063221e+01
-8.088567e+00 -6.798867e+00
-7.960504e+00 -8.553669e+00
6.803585e+00 -9.373812e+00
1.000018e+01 -4.204466e+00
3.703333e+00 -1.902147e+00
-3.383713e+00 6.098452e-01
5.664331e+00 1.350789e-01
-1.080897e+01 6.919852e+00
-4.613818e+00 -1.048035e+00
2.369188e-01 -9.477778e+00
7.145879e+00 2.033200e+00
-5.979633e+00 4.072224e+00
2.228128e+00 -9.437438e+00
7.578189e+00 3.069845e+00
-9.974672e+00 2.482419e+00
-1.110446e+01 6.204807e-01
-1.866334e+00 3.237872e+00
-5.698908e+00 -1.039311e+01
-6.706875e+00 -1.094831e+01
-7.243584e+00 -7.700162e+00
9.947914e+00 -5.805355e+00
-8.108201e+00 3.264877e+00
8.618987e+00 -8.330542e+00
5.638694e+00 -2.227993e+00
-8.475563e+00 -9.501351e+00
1.096393e+01 3.937893e+00
-1.057177e+01 -5.263401e+00
7.956789e+00 9.820025e+00
-7.171767e+00 -3.518357e+00
-7.996959e+00 -4.463192e+00
8.806326e+00 -4.621787e+00
1.051261e+01 1.630755e+00
2.130345e+00 -1.282774e+00
-8.958506e-01 2.252573e+00
8.550446e+00 3.975813e-01
-8.110009e+00 4.340192e+00
1.009997e+01 -1.388249e+00
-7.249650e+00 -1.122863e+00
2.017231e+00 4.472775e+00
-5.673706e+00 -6.613624e+00
-7.965546e+00 5.361173e+00
-2.100076e+00 6.887857e+00
3.817698e+00 1.002435e+01
6.385299e+00 -8.407531e+00
7.374632e+00 -1.035489e+01
-8.718103e-01 -9.567291e+00
-1.066489e+01 1.553837e+00
4.131625e+00 -5.524873e+00
-1.020240e+01 -7.548306e+00
-6.024797e+00 -2.832110e+00
-7.835133e+00 9.411007e+00
6.451586e+00 -5.964373e+00
5.775100e+00 6.379529e+00
9.894218e+00 2.631361e+00
5.803734e-02 6.392545e+00
2.717165e+00 3.650313e+00
-6.637775e-01 4.574476e+00
1.059209e+01 4.946287e+00
-1.012435e+01 -2.829858e+00
-1.840331e+00 5.747852e+00
6.402006e+00 -7.030199e+00
1.068513e+01 -5.027704e+00
3.826645e+00 -1.114412e+01
-9.505550e+00 -4.935596e+00
7.251099e+00 4.058349e+00
2.180888e+00 -4.434087e+00
5.774838e+00 9.733122e+00
5.172114e+00 1.107537e+00
9.088918e+00 -9.372385e+00
-6.170755e+00 5.112694e+00
3.442931e+00 -6.425441e+00
-1.251527e+00 1.708261e-01
-6.499045e+00 -1.842832e+00
-2.685787e+00 -4.350630e-01
-2.905516e+00 2.907983e+00
8.988598e+00 3.743587e+00
9.796139e+00 5.823046e+00
2.534032e+00 -3.048798e-01
7.401968e+00 7.553476e+00
-4.191072e+00 -4.161495e-02
-9.192625e+00 3.560549e+00
-9.337629e+00 -8.574612e+00
-1.019851e+01 3.787750e+00
3.283564e+00 7.742858e+00
-1.044816e+01 -9.195211e+00
1.102311e+01 -6.103964e+00
-1.048208e+00 -7.469454e+00
-6.594150e+00 7.787301e+00
-2.073930e+00 -7.338153e+00
-1.065847e+01 4.909962e+00
-6.054688e+00 -4.000716e+00
-6.244945e+00 -7.514013e+00
9.983689e+00 -2.511161e+00
-4.865736e+00 2.348753e+00
-2.447468e-01 5.821340e-01
6.403599e+00 5.406719e+00
-1.109842e+01 9.064375e+00
-8.932480e+00 9.840975e+00
-8.370335e+00 2.071226e+00
-3.507829e+00 -7.609533e+00
9.553837e+00 4.716656e+00
-7.564660e+00 1.051141e+01
1.370269e+00 3.612363e+00
1.341892e+00 5.236354e+00
-2.727860e+00 7.676805e+00
-5.529761e+00 9.520071e+00
4.050016e+00 -3.444413e+00
1.050923e+01 -3.876481e-01
-6.955172e+00 -6.666274e+00
-6.662645e+00 8.949014e+00
-2.953483e+00 1.748635e+00
-9.326696e+00 1.460247e+00
6.942052e+00 -4.167857e+00
-5.041851e+00 -7.391650e+00
-1.037208e+01 9.769020e+00
1.010154e+01 6.685106e-01
-6.556948e-02 -7.090854e+00
5.719346e+00 8.341974e+00
-3.566282e+00 -3.341156e+00
7.272762e+00 9.874776e-01
1.435027e+00 7.449194e+00
3.648087e-01 7.352512e+00
-3.902267e+00 2.027975e+00
1.040748e+00 -6.811762e+00
-9.359221e+00 -1.072228e+01
-7.379300e+00 7.140508e+00
8.405808e+00 -2.824423e+00
-6.115935e+00 1.757342e+00
-8.154006e+00 -5.836534e-01
-4.602096e+00 -8.360592e+00
6.224547e+00 1.051046e+00
-8.903001e+00 -3.888326e+00
-4.575593e-01 -8.115240e-01
9.958660e+00 3.621749e+00
-7.019343e+00 5.998829e+00
-2.775958e+00 -9.361031e+00
3.844757e+00 2.977436e+00
7.374252e+00 5.265573e+00
-3.617188e+00 1.003573e+01
-3.713237e+00 1.107959e+01
9.508773e+00 8.025008e+00
-2.749534e+00 -2.549009e+00
-7.845636e-01 5.812817e+00
-7.567905e+00 1.492718e+00
4.988257e-01 -2.937457e+00
-8.365747e+00 -3.014721e+00
8.781775e+00 2.734205e+00
1.529474e+00 2.544530e-01
-2.533851e+00 -1.442104e+00
1.114499e+01 -1.214389e+00
4.991088e+00 4.248157e+00
-5.123995e+00 4.665847e+00
-2.901941e+00 6.157202e+00
2.313372e+00 -6.736538e+00
1.726028e+00 -5.854917e+00
8.416299e+00 7.632590e+00
8.482188e+00 4.652526e+00
-1.043965e+01 -3.495312e-01
6.679851e+00 -9.056310e-03
1.171490e+00 -8.986548e+00
2.849304e+00 -1.045174e+01
-5.190734e+00 -1.886052e-01
-4.959995e-01 -8.587421e+00
4.401340e-01 4.170343e+00
-3.859900e+00 -9.900574e+00
-4.713910e+00 7.955793e+00
8.807861e-01 8.299109e+00
1.024945e+01 1.101118e+01
-3.742455e+00 -6.323111e+00
-6.415847e+00 -5.649410e+00
-6.832038e-02 -1.045313e+01
-5.755614e+00 -1.053274e+00
9.390865e+00 -3.224218e-01
-1.680605e+00 -6.401246e+00
6.058142e+00 4.380706e+00
-5.053903e+00 3.443400e+00
-7.434832e+00 2.144188e-01
-7.696398e+00 -1.070263e+01
-3.486556e+00 -1.202613e+00
1.056830e+00 2.187329e+00
1.238886e+00 6.325356e+00
2.850035e+00 -5.570997e+00
1.353796e+00 -2.409920e+00
4.968214e+00 -8.483670e+00
6.894172e+00 1.099733e+01
5.448449e+00 -5.419979e+00
-3.985440e+00 3.051739e+00
7.795679e+00 -2.009600e+00
-1.624786e+00 -1.916402e+00
-2.894566e+00 -1.042480e+01
2.157218e-01 5.248339e+00
8.002934e+00 -3.864799e+00
1.051876e+00 1.143382e+00
-2.734216e+00 -8.188435e+00
-1.453488e+00 1.035874e+01
-1.983214e+00 2.162283e+00
-5.810882e-01 -2.112453e+00
4.732395e+00 -1.545142e+00
6.238832e+00 -1.022588e+01
-5.247493e+00 5.751180e+00
1.900073e+00 -1.112658e+01
5.319250e+00 5.248388e+00
2.034286e+00 -3.335472e+00
-5.695118e+00 -8.432073e+00
-1.763010e-01 8.565323e+00
-3.993284e+00 5.834803e+00
-4.461626e+00 1.030549e+00
-5.682542e+00 8.261188e-01
-1.581208e+00 -3.110018e+00
-5.004463e+00 -9.562763e+00
-4.574019e+00 -4.271076e+00
5.143486e+00 7.277921e+00
8.602360e+00 -9.857227e-01
5.769436e+00 -1.091787e+00
-7.021001e-01 7.426402e+00
-2.753952e+00 3.968563e+00
3.041260e+00 2.243396e+00
1.094218e+01 5.987510e+00
5.875008e+00 1.077035e+01
2.714079e+00 -7.846118e+00
2.964291e-01 -1.593480e+00
-2.491858e+00 9.765893e+00
-1.779039e+00 4.604982e+00
-4.573311e+00 -1.082959e+01
-4.548587e+00 9.100631e+00
6.954457e+00 1.001317e+01
-6.956445e+00 -4.600632e+00
3.840729e-02 1.836996e+00
4.084643e+00 7.021717e+00
-8.721657e+00 8.731083e+00
-8.628849e-01 3.488309e+00
4.447199e+00 -6.489463e+00
-2.798690e+00 -6.560072e+00
-5.324256e+00 -5.215280e+00
3.581485e+00 -8.574804e+00
4.625378e+00 6.112904e+00
1.187522e+00 -3.987487e+00
2.362934e+00 5.717125e+00
1.145124e-01 -5.875040e+00
5.452226e+00 -7.394682e+00
5.580862e+00 2.068212e+00
3.644941e+00 -4.434642e+00
-9.358814e+00 -2.014302e+00
7.427817e+00 -8.436478e+00
-9.103459e+00 -1.530653e-01
-1.897517e+00 -9.953805e+00
9.295955e+00 6.911778e+00
-2.738346e+00 -4.421496e+00
7.994815e+00 -9.413022e+00
7.492167e+00 -5.122277e+00
8.614935e+00 -7.280687e+00
1.958373e-01 -4.099315e+00
-3.708485e+00 -4.752582e+00
4.799157e+00 -5.254608e-01
-1.492687e+00 -8.198813e-01
4.717393e+00 -2.629744e+00
2.761865e+00 9.635700e+00
9.166089e+00 1.011835e+01
8.139729e+00 6.588493e+00
1.673360e+00 -8.080964e+00
3.957983e+00 -9.659554e+00
4.063801e-01 1.003062e+01
4.788133e+00 1.072520e+01
1.090241e+00 -8.705462e-01
-4.644875e-01 -3.141964e+00
7.338652e-01 1.102225e+01
-1.103040e+01 2.810753e+00
-4.628612e+00 6.692383e+00
-1.097586e+00 -4.075826e+00
2.161286e+00 8.538467e+00
6.994184e+00 -1.085427e+00
2.697283e+00 -2.227395e+00
-3.651672e+00 -8.831840e+00
-4.825343e+00 -3.184023e+00
-9.518939e+00 -9.594091e+00
9.825715e+00 9.146882e+00
5.490615e-01 -8.056766e+00
2.953868e+00 8.184057e-01
-1.074444e+01 1.071365e+01
-8.437010e+00 -1.642158e+00
-6.269289e-01 9.662385e+00
-7.016745e+00 2.473781e+00
-4.684162e+00 1.015481e+01
4.644752e+00 -1.039930e+01
9.012713e+00 -2.029699e+00
7.007013e-01 -5.016434e+00
-4.697886e+00 -6.101986e+00
1.047116e+01 8.395466e+00
-1.004661e+01 -3.978942e+00
7.311676e+00 -3.066890e+00
1.083012e+01 1.001369e+01
-3.986244e+00 -2.269534e+00
-7.463897e+00 -5.614859e+00
-1.945927e+00 -5.333739e+00
-8.233693e+00 6.406585e+00
-6.134395e+00 6.427854e+00
4.251394e+00 4.965968e+00
-6.475597e+00 1.024878e+01
-8.487601e+00 -5.429663e+00
-5.750237e+00 1.098864e+01
-3.096322e-01 1.079811e+01
8.092410e+00 1.546493e+00
1.084813e+01 -9.564480e+00
-3.738515e+00 7.240888e+00
8.515957e+00 -1.028635e+01
-8.530250e+00 1.105844e+01
9.967865e+00 -1.009667e+01
5.901650e+00 -4.466153e+00
2.153115e+00 2.790961e+00
6.760799e+00 8.772280e+00
9.169948e+00 1.542518e+00
3.779018e+00 4.002912e+00
1.292082e+00 9.181815e+00
-2.494480e+00 8.682415e+00
3.414241e-01 3.167098e+00
6.349766e+00 7.324085e+00
9.312053e+00 -3.359123e+00
5.182131e+00 -3.515198e+00
-2.499802e+00 1.096364e+01
2.635336e+00 6.714065e+00
-7.638545e+00 8.208473e+00
-1.208991e+00 -1.094870e+01
1.562743e+00 1.020863e+01
-1.030360e+01 -6.350662e+00
6.608346e+00 -2.141716e+00
1.200847e+00 -9.964429e+00
-6.897311e+00 -8.677701e+00
-9.212080e+00 -6.382761e+00
1.101784e+01 -1.062161e+01
4.031159e+00 4.622845e-01
2.044679e+00 1.579001e+00
-9.964763e+00 5.224257e-01
-1.308734e+00 1.268698e+00
1.095846e+01 -7.131253e+00
-1.441187e+00 8.906020e+00
-3.571126e+00 8.926959e+00
7.009038e+00 6.454933e+00
7.808558e+00 8.536863e+00
-1.102800e+01 -8.356566e+00
8.135615e+00 1.088057e+01
2.956048e+00 4.889502e+00
-1.096069e+01 8.016981e+00
4.287702e+00 8.112661e+00
-1.030024e+01 -1.021660e+01
3.485240e+00 8.794778e+00
-9.018500e+00 -7.529028e+00
9.959970e+00 -6.798273e+00
-6.416115e+00 -2.676618e-01
1.081354e+01 -3.385508e+00
-1.584307e+00 -8.731806e+00
7.331226e+00 -7.364723e+00
3.706586e+00 1.479132e+00
3.413973e+00 -9.226784e-01
1.014069e+01 -8.756819e+00
9.182821e+00 -1.115583e+01
8.596373e+00 5.717095e+00
-7.594784e+00 -2.224099e+00
-1.621776e+00 7.857798e+00
5.593352e-01 -1.646040e-02
-1.106621e+01 -2.504555e+00
-9.243619e+00 6.784302e+00
-9.454998e-01 -5.485731e+00
3.722431e+00 -7.499351e+00
8.732027e+00 8.933322e+00
2.911392e+00 1.072804e+01
-4.145307e+00 4.405396e+00
3.570779e+00 5.801824e+00
1.048398e+01 6.966689e+00
-3.186671e+00 4.973750e+00
9.602609e+00 -7.855541e+00
-2.899888e+00 -5.495563e+00
-1.096229e+01 -4.299442e+00
-2.162282e+00 7.359399e-01
7.636603e+00 -6.132394e+00
-9.325561e+00 4.559493e+00
4.937696e+00 9.024346e+00
2.978610e+00 -3.618074e+00
-6.095124e+00 -9.379814e+00
-7.009107e+00 3.635813e+00
8.738730e+00 -6.136610e+00
-9.118621e+00 5.663722e+00
-5.772076e+00 8.469900e+00
