-8.500567e+00 1.105439e+01
-7.633095e+00 7.268867e+00
-6.224103e+00 8.413568e+00
-6.368296e+00 -7.353836e+00
1.083416e+01 3.222490e+00
-9.287238e+00 -4.316818e+00
8.170218e+00 2.023134e+00
-8.495559e+00 3.751196e+00
5.399036e+00 -3.927454e+00
8.188480e+00 1.033741e+00
4.567523e-01 6.853361e+00
9.364841e+00 1.863484e+00
8.852094e+00 -7.103575e-01
6.725203e+00 3.517851e+00
-6.727252e+00 2.657053e+00
3.395944e+00 6.003364e+00
-1.031595e+01 2.892256e-01
-9.774175e+00 9.032662e+00
-8.141157e+00 -8.324652e+00
-5.510811e+00 -1.047899e+01
-9.482511e+00 -6.823177e+00
-7.242084e+00 -6.757617e+00
9.368662e+00 -5.898553e+00
1.060064e+01 -1.247385e+00
5.580051e+00 2.371998e-01
-1.080049e+01 2.423393e+00
-6.360594e+00 -2.629684e+00
8.965168e+00 -6.852665e+00
6.075573e+00 -6.440128e-01
-1.091512e+01 1.265388e+00
-5.472541e+00 4.735051e+00
5.648052e+00 -1.703482e+00
-8.464360e+00 1.501969e+00
9.462881e+00 4.698464e+00
-6.449542e-01 3.963954e+00
1.073004e+01 7.909060e+00
-9.519586e+00 -5.730503e+00
-2.895792e+00 -9.356612e+00
-7.222556e+00 -7.890884e+00
-7.305294e+00 8.227970e+00
-2.163290e+00 -8.345769e+00
-8.261296e+00 -3.970008e+00
-7.274052e+00 -9.189075e+00
-6.212979e+00 7.028881e+00
1.100949e+01 -8.771819e+00
8.493828e+00 4.065617e+00
1.087021e+01 2.171713e-01
-1.110569e+01 -2.005967e+00
7.865634e+00 -3.905355e+00
-8.941233e+00 2.392484e+00
5.941642e+00 2.673615e+00
-7.424740e+00 -7.561944e-01
5.653375e+00 3.754765e+00
-1.115093e+01 5.948586e+00
4.815940e+00 2.880560e+00
-6.268544e+00 1.738653e+00
-7.456098e+00 9.269916e+00
-4.174789e+00 1.804709e+00
-6.084442e+00 3.813812e+00
-6.978586e+00 6.312336e+00
9.831370e+00 -8.703245e+00
7.335669e+00 1.072907e+01
-1.094330e+01 -7.324465e+00
-4.603887e+00 -9.892884e+00
-9.523455e+00 -6.393767e-01
1.015339e+01 -2.432983e+00
-9.542642e+00 -3.308674e+00
-8.693043e+00 -2.674809e+00
1.083564e+01 -5.157772e+00
8.107973e+00 -1.676256e+00
-5.271992e+00 1.765160e+00
7.042427e+00 2.309284e+00
-4.015838e-01 -2.835985e+00
4.255731e-01 5.816070e+00
-6.725812e+00 1.003292e+01
3.127468e+00 4.981098e+00
-7.714229e+00 -2.212774e+00
-6.067701e+00 5.633760e+00
-6.736171e+00 -1.029953e+01
-5.665713e+00 9.436351e+00
1.076493e+00 -1.060519e+01
-4.025585e+00 -9.042693e+00
-2.210321e+00 8.762851e+00
-9.561224e+00 -9.187833e+00
-9.198811e+00 -7.946404e+00
8.883309e+00 -3.546225e+00
-5.429494e+00 -6.873006e+00
-3.796772e+00 -2.132383e-01
-1.042226e+01 -6.327056e+00
5.529128e+00 -8.025552e+00
-7.417488e+00 -5.740647e+00
-6.381334e-01 -1.623304e+00
-5.731185e+00 5.674620e-01
-1.461358e+00 2.013262e+00
8.108190e+00 5.125328e+00
1.833174e+00 -2.486144e+00
1.026361e+01 5.573224e+00
-8.535825e+00 -5.246836e+00
-3.284929e+00 4.232280e+00
9.665832e+00 -4.522656e+00
-9.881434e+00 1.516866e+00
2.412739e+00 -1.088265e+01
-5.092398e+00 -8.912584e+00
-3.915033e+00 -7.432376e+00
7.837431e-01 -6.900936e+00
1.082206e+01 -6.355496e+00
-2.172156e+00 -6.363288e+00
5.760342e+00 1.578726e+00
-6.358492e+00 -8.431796e+00
-4.451504e+00 -3.207042e+00
-9.934182e+00 -1.858504e+00
-2.454554e+00 -2.134217e+00
1.781776e-01 6.349482e-01
-2.362364e+00 1.300897e+00
7.409162e+00 4.344687e+00
1.061039e+01 4.481049e+00
-4.305810e+00 3.147649e+00
-6.221237e+00 1.105151e+01
1.070344e+01 6.893075e+00
-8.601652e+00 7.642278e+00
-2.994952e+00 3.106177e+00
-4.241157e+00 4.469112e+00
1.539458e+00 -9.000224e+00
-4.818379e+00 -7.804427e+00
3.028387e+00 -6.230697e+00
-3.264519e+00 -8.268631e+00
-2.705572e+00 -5.309325e+00
-2.366170e-01 -7.092723e+00
-8.551080e+00 -2.338323e-01
-9.305605e+00 6.722790e-01
4.011014e+00 -7.011050e+00
-1.296625e+00 -3.576633e+00
-7.328509e+00 3.703722e+00
9.692037e+00 3.669743e+00
-1.506774e+00 9.769078e+00
6.103678e+00 9.198040e+00
-7.958279e-01 2.908524e+00
6.073753e+00 5.996092e+00
-1.850463e+00 5.927743e+00
-2.210567e+00 6.921563e+00
-7.800681e+00 4.875856e+00
-1.267077e-01 9.225584e+00
-3.451666e+00 -1.030690e+01
-7.965143e+00 -1.021525e+01
-6.126241e+00 -9.391257e+00
-3.258157e+00 9.629069e+00
-6.417389e+00 -3.952666e+00
-3.338904e+00 -3.171857e+00
-3.344011e+00 -6.342541e+00
-7.372506e+00 -3.506396e+00
-8.314865e-02 -4.752972e-01
-4.302388e+00 -1.243640e+00
-9.593131e+00 4.215092e+00
-1.191241e+00 -5.394913e+00
-3.488307e+00 8.586818e-01
2.168580e+00 4.652506e+00
-2.726300e+00 -7.408857e+00
-5.118950e+00 6.623846e+00
-6.440731e-02 4.877359e+00
-5.323360e+00 -2.442238e+00
-4.816055e+00 5.602436e+00
-5.061496e+00 3.851817e+00
4.576978e+00 -7.919798e+00
-6.506658e+00 -1.557434e+00
-8.424724e+00 -1.406718e+00
-6.337305e+00 -5.091439e-01
-1.320631e+00 4.927546e+00
-4.354848e+00 -6.153196e+00
-7.314288e+00 -4.700471e+00
-4.401753e+00 7.619185e+00
-2.468727e+00 -1.089213e+01
1.895274e+00 -6.532379e+00
1.576417e+00 -7.503970e+00
-1.234505e+00 -2.225704e-01
-9.791368e+00 6.065053e+00
-4.841506e+00 -1.575535e-01
-6.188915e-01 6.848939e+00
5.758871e-01 -7.964377e+00
7.239756e+00 9.651387e+00
-5.329514e+00 -1.388194e+00
-5.333881e-01 -8.054830e+00
-3.771879e+00 5.457648e+00
2.812366e-01 -5.073844e+00
-5.320035e+00 1.054236e+01
-8.461935e+00 -9.284744e+00
2.909261e+00 -9.373182e+00
-8.990750e-02 -9.010084e+00
-1.643185e+00 -7.381214e+00
-1.146961e+00 -8.978880e+00
-7.705288e+00 2.430890e+00
-1.075103e+01 -8.007787e-01
-3.612520e+00 -1.985450e+00
-7.266056e+00 1.432350e+00
-7.942862e+00 6.262793e-01
2.959319e+00 2.394923e+00
9.759520e+00 6.401919e+00
9.269074e-01 -4.336414e-01
1.283910e+00 9.709838e+00
1.468803e+00 6.335340e+00
-1.018023e+01 -8.332679e+00
3.834663e+00 -4.136274e+00
3.835798e+00 -1.019211e+01
7.965785e+00 6.246680e+00
-6.239637e+00 -5.033735e+00
-3.680992e+00 8.502119e+00
5.725394e+00 7.046068e+00
6.626861e-01 -9.654900e+00
7.576891e-03 -6.094766e+00
5.271894e+00 -9.039062e+00
-2.302110e+00 -3.388855e+00
2.748182e+00 3.484206e+00
-1.110141e+00 -6.387457e+00
-2.156808e-01 7.919052e+00
-4.659550e+00 8.292652e-01
-9.202252e-01 8.608894e+00
-4.777705e-01 1.863334e+00
4.884530e+00 9.369561e+00
-2.164317e+00 4.221233e+00
1.314655e+00 7.393963e+00
-1.472317e+00 -2.494599e+00
3.374312e+00 1.113580e+01
-1.076866e+01 1.027136e+01
6.631776e+00 -1.089612e+01
-3.518921e+00 1.096126e+01
5.603770e+00 -2.789720e+00
-7.085604e-01 -4.419731e+00
4.588902e+00 -4.896599e+00
-5.449482e+00 -3.722532e+00
7.129979e+00 1.253234e+00
2.551833e+00 8.125219e+00
-2.916973e+00 -9.475337e-01
-2.484749e+00 1.818809e-01
-1.692276e+00 7.721661e+00
-2.802772e+00 5.194359e+00
7.672433e-01 1.785623e+00
4.834053e+00 4.401419e+00
6.336684e+00 4.836062e+00
4.921248e+00 -1.002745e+01
6.413026e+00 -8.541497e+00
1.859648e+00 -9.995486e+00
-2.390891e+00 1.045529e+01
2.514530e+00 1.002550e+01
-4.049602e+00 6.612800e+00
5.612302e+00 -1.092636e+01
-5.670316e-01 -1.004678e+01
-6.928719e+00 3.448027e-01
8.159563e+00 9.119850e+00
4.142337e+00 -9.178353e+00
1.020646e+01 1.041128e+00
-1.048713e+01 -2.921348e+00
2.704595e+00 -4.127209e+00
2.502459e-01 -4.001126e+00
4.452571e+00 1.107683e+01
3.646877e+00 4.093325e+00
7.874342e-01 8.198684e+00
-1.762033e+00 -1.332507e+00
4.593122e+00 -3.106072e+00
9.733748e+00 -9.968480e+00
9.654570e+00 7.541590e+00
7.077693e+00 -9.402413e+00
7.069329e+00 5.598308e+00
4.186378e+00 -5.955373e+00
-4.154559e+00 -4.140585e+00
-4.566985e+00 -1.099838e+01
8.623529e+00 7.126780e+00
5.221870e+00 -5.904088e+00
7.160624e+00 -7.943077e-01
7.373946e+00 -5.335686e+00
4.490224e+00 1.832111e-01
2.362270e+00 -8.235692e+00
-1.986307e+00 -4.546910e+00
4.526720e-01 2.793697e+00
9.913393e+00 -4.503309e-01
4.113632e+00 5.209196e+00
6.324388e+00 1.035787e+01
2.304874e+00 5.708494e+00
4.893049e+00 6.301051e+00
3.698319e+00 1.006588e+01
8.942464e+00 8.367492e+00
5.683283e+00 8.176928e+00
7.159210e+00 8.526512e+00
2.300584e+00 1.301078e+00
6.050318e+00 -9.783970e+00
5.551259e-02 -1.109741e+01
-1.032048e+01 5.142818e+00
-1.903361e+00 -9.846964e+00
3.528218e+00 -8.297663e+00
5.116687e+00 -6.975379e+00
6.628929e+00 -3.081623e+00
3.467514e+00 -5.212069e+00
5.778814e-01 -1.514131e+00
2.892525e+00 -1.883925e+00
1.668341e+00 1.065579e+01
1.114473e+00 4.786584e+00
5.653417e-01 1.041652e+01
-3.118360e+00 2.128012e+00
1.032588e+01 -1.072054e+01
4.721327e+00 1.301315e+00
-7.367160e-01 5.850232e+00
-1.072597e+01 4.164076e+00
9.553247e+00 1.091240e+01
1.080289e+01 -9.750754e+00
3.653157e+00 -2.719440e+00
6.680048e+00 2.941154e-01
2.922404e+00 -8.408005e-01
2.014742e+00 -2.657358e-01
8.686228e+00 -1.087991e+01
7.149055e+00 -6.458148e+00
-1.375532e+00 1.024203e+00
-3.893278e+00 -5.176165e+00
-5.255643e+00 -4.720265e+00
2.216086e+00 -5.098582e+00
-8.203813e+00 6.081649e+00
-8.712422e+00 8.790850e+00
2.346503e+00 7.027333e+00
-1.062209e+01 6.886366e+00
-7.505730e+00 1.107389e+01
-9.684571e+00 7.586725e+00
7.861329e+00 7.811250e+00
5.217505e+00 1.031927e+01
8.422890e+00 1.024827e+01
1.076549e+01 9.421824e+00
-9.123726e+00 -1.046455e+01
1.056121e+01 1.052276e+01
1.032257e+01 -7.412066e+00
8.196954e+00 -6.066242e+00
-5.503909e+00 2.739969e+00
7.779444e+00 -7.551773e+00
6.301672e-01 3.800229e+00
-3.057779e+00 6.237568e+00
3.424569e+00 7.286603e+00
-5.886660e-01 1.041657e+01
-1.963639e+00 2.956412e+00
1.599838e+00 3.333803e+00
3.916152e+00 2.121090e+00
7.873728e+00 -8.644096e+00
-1.455548e+00 1.116457e+01
-4.588457e+00 9.134614e+00
9.477917e+00 9.828967e+00
1.202147e+00 -5.683015e+00
-1.086769e+01 -1.084572e+01
-5.755680e+00 -5.912365e+00
7.962192e+00 -1.059457e-01
3.966373e+00 8.407588e+00
-1.036535e+01 -4.040643e+00
9.905043e+00 -3.444122e+00
8.421290e+00 -4.992431e+00
5.068048e+00 -7.613200e-01
7.877754e-01 -2.650019e+00
6.886375e+00 -4.364215e+00
1.547482e+00 -1.340243e+00
7.077409e+00 -1.843135e+00
1.237254e+00 -4.620746e+00
-2.974477e+00 7.625370e+00
4.703211e+00 7.366221e+00
6.944755e+00 6.621011e+00
-9.962230e+00 1.103950e+01
5.277650e+00 5.334530e+00
-5.463638e+00 7.768800e+00
9.964597e+00 8.725320e+00
8.890772e+00 -8.161412e+00
6.124301e+00 -6.459231e+00
8.645183e+00 -9.497866e+00
-8.278217e+00 -7.291810e+00
9.539633e+00 -1.511637e+00
7.737484e+00 3.235590e+00
1.039196e+01 2.125812e+00
-3.030273e+00 -4.305243e+00
3.035512e+00 -7.455681e+00
1.443813e+00 7.161779e-01
3.703803e+00 1.017632e+00
5.793719e+00 -4.876619e+00
8.919979e+00 5.795089e+00
1.935614e+00 2.286362e+00
8.980455e+00 2.817925e+00
3.122406e+00 9.080236e+00
4.621687e+00 -1.947479e+00
2.987247e+00 2.335582e-01
-6.664964e+00 4.757505e+00
7.723067e+00 -2.763968e+00
-1.044043e+01 -9.743349e+00
6.631999e+00 7.591353e+00
7.617304e+00 -1.054505e+01
-4.271048e+00 1.010272e+01
6.478345e+00 -7.472559e+00
9.061215e+00 4.336513e-01
-9.023002e+00 6.691436e+00
8.839836e+00 -2.427529e+00
2.664907e+00 -3.094559e+00
-1.042864e+01 -5.232711e+00
3.988967e+00 -7.574801e-01
1.081070e+01 -3.980066e+00
-9.715773e+00 3.164844e+00
1.707221e+00 8.802005e+00
1.727167e+00 -3.641160e+00
-9.367404e+00 1.002812e+01
-8.952340e+00 5.241717e+00
-8.396142e+00 -6.256858e+00
-1.097168e+01 8.648462e+00
-8.025685e+00 1.017196e+01
