8.843457e+00 -9.969387e+00
-1.015883e+01 7.771626e+00
-7.637649e+00 9.763554e+00
-4.823161e+00 -5.601945e-01
-9.490415e+00 1.286429e+00
-9.961403e+00 -6.312058e+00
4.966050e+00 -4.135136e+00
-6.782787e-01 4.549442e+00
5.501570e+00 -5.118928e+00
5.222884e+00 -2.739475e+00
-7.328300e+00 8.066423e+00
-1.086858e+01 5.245958e+00
-7.798520e+00 4.334017e-01
4.621822e+00 -5.517635e-01
-6.828163e-01 5.602336e+00
7.426363e+00 2.462467e+00
1.036379e+01 -1.550978e+00
-9.257779e+00 1.057068e+01
-6.725154e+00 -6.408422e+00
-8.136842e+00 -8.586362e+00
8.153143e+00 -1.109983e+01
8.213939e+00 -5.433764e+00
2.788598e+00 -6.148431e+00
1.945691e+00 -3.784704e+00
7.404993e+00 -2.428375e+00
-1.043977e+01 6.421760e+00
-3.046819e+00 2.066736e+00
2.803460e+00 9.336233e+00
5.614925e+00 2.226495e-01
-9.095710e+00 4.467957e+00
2.317244e-01 8.452886e+00
4.291156e+00 2.904706e+00
-9.385687e+00 3.457555e+00
-1.013051e+01 4.350200e+00
-6.700614e-01 7.709948e+00
-1.066167e+01 -8.241780e+00
1.101501e+01 -6.247428e+00
-7.517361e+00 -9.491908e+00
9.284732e+00 -5.107809e+00
-5.110253e+00 3.504745e+00
1.064003e+01 -7.404692e+00
6.353924e+00 -2.149192e+00
-8.169462e+00 1.067499e+01
-8.523226e+00 5.880369e+00
1.032868e+01 -5.478732e+00
1.115228e+01 7.224490e+00
-7.341318e+00 -2.670944e+00
-9.849755e+00 -2.070828e+00
3.708883e+00 -4.158640e+00
-7.057666e+00 1.420923e+00
4.421859e+00 4.742939e-01
-1.731496e+00 4.144820e+00
7.223903e+00 -1.356493e+00
-7.006441e+00 4.386262e+00
9.136736e+00 -2.814144e+00
-6.039283e+00 1.626343e+00
1.095058e+00 6.501198e+00
-7.912172e+00 -3.943413e+00
-5.394391e+00 2.404236e+00
-2.400447e+00 9.662427e+00
7.002556e+00 1.070949e+01
9.483956e+00 1.025805e+01
1.100993e+01 1.040363e+01
-5.871494e+00 -8.234080e+00
-9.085623e+00 2.238249e+00
7.509029e+00 -8.545589e+00
7.772677e+00 -6.785404e+00
-7.692568e+00 -1.485454e+00
1.064688e+01 -8.440911e+00
3.371173e+00 -5.162937e+00
-8.555017e-01 6.696971e+00
5.753295e+00 -1.188716e+00
3.267800e-01 7.301445e+00
2.379219e+00 4.807867e+00
-5.396586e+00 9.415830e+00
1.026305e+01 5.520449e+00
-8.358479e+00 -2.302385e+00
-4.957299e+00 5.442142e+00
5.121077e+00 -6.170649e+00
-1.070035e+01 -7.128056e+00
4.828293e+00 1.110487e+01
1.095997e+01 -4.517433e+00
3.143393e+00 5.708898e+00
2.407711e+00 -7.163617e+00
7.972728e+00 1.013175e+01
4.417459e+00 1.654844e+00
-1.084261e+01 -5.282048e+00
-1.831628e+00 5.262504e+00
1.438313e+00 -8.303068e+00
8.243224e-01 -2.760430e+00
-8.992762e+00 -1.328852e+00
-1.591710e-02 5.577376e-01
-2.666223e+00 1.148214e+00
7.628693e+00 1.071477e+00
1.057000e+01 3.121846e+00
2.063529e+00 -8.736367e-01
8.431678e+00 2.749251e+00
-3.133057e+00 3.093894e+00
-4.070310e+00 1.676233e+00
-1.091285e+01 -9.408087e+00
-6.583159e+00 4.263746e-01
5.228128e+00 9.019343e+00
-9.624966e+00 -5.226823e+00
8.721990e+00 -4.179500e+00
-4.699287e+00 -7.987625e+00
-9.254503e+00 -1.059488e+01
-2.640710e+00 -5.947328e+00
-1.089410e+01 1.244262e+00
-6.502268e+00 -1.379973e+00
-7.759780e+00 -6.550189e+00
1.090818e+01 -6.273963e-01
-4.087640e+00 6.109271e-01
1.304685e+00 3.114817e+00
1.960431e+00 3.878534e+00
-9.533606e+00 8.738220e+00
-8.476265e+00 8.321085e+00
-4.688428e+00 4.498137e+00
-4.728348e+00 -4.775604e+00
-8.446169e+00 3.124101e+00
-9.355987e+00 -8.657712e+00
1.663503e+00 7.463229e+00
-2.996148e+00 7.954592e+00
-1.175523e+00 -9.933500e+00
-6.800135e+00 -1.021782e+01
1.216579e+00 -4.871721e+00
-9.590935e+00 -4.638885e-01
-6.363179e+00 -4.707726e+00
-6.610364e+00 9.519881e+00
1.522296e-01 3.658117e+00
-6.599122e+00 2.655459e+00
4.069465e+00 -6.147958e+00
-3.681447e+00 -5.448577e+00
-8.328765e+00 1.381889e+00
-1.046757e+01 1.007548e-01
-3.972410e+00 -9.045610e+00
5.365448e+00 5.634196e+00
2.717352e+00 -1.769445e+00
5.629943e+00 4.613300e+00
1.790324e+00 8.519560e+00
2.646405e+00 6.965179e+00
-3.795377e+00 3.869131e+00
-4.697556e+00 -1.002002e+01
-9.998950e+00 9.678071e+00
-8.687217e+00 9.417582e+00
1.019413e+01 -2.735003e+00
-2.833666e+00 5.804416e+00
-3.724377e+00 -1.624207e+00
-5.819533e+00 -5.810731e+00
1.332796e+00 5.232960e+00
-9.958532e+00 -3.181070e+00
9.572903e-01 -5.671159e-01
-7.411947e+00 3.456440e+00
-6.026022e+00 4.741115e+00
-3.522977e+00 -7.924750e+00
5.274236e+00 2.301047e+00
6.684327e+00 3.117529e+00
-7.763536e+00 -7.653084e+00
-5.867649e+00 -9.686182e+00
9.462143e+00 2.224074e+00
-9.461515e-01 -1.661953e+00
-1.842756e+00 7.339976e+00
-2.763945e+00 4.126750e+00
6.910966e-01 -5.847055e+00
-6.521552e+00 -3.603409e+00
8.100289e+00 -3.350306e+00
-7.792611e-01 2.488547e+00
2.387092e-01 2.450393e+00
-1.107667e+01 -3.366806e+00
-8.899361e-01 3.526073e+00
-1.915677e+00 6.291389e+00
-8.458230e-01 8.734718e+00
2.790230e+00 -9.204065e+00
-2.895768e+00 -8.832359e+00
6.658628e+00 4.119902e+00
-1.042818e+01 2.420974e+00
-3.744147e+00 -3.590737e-01
5.642783e+00 3.433218e+00
-5.803643e-01 -1.090103e+01
7.045409e+00 9.620670e+00
-2.604448e+00 -7.462848e-02
-3.430594e+00 9.924369e+00
-3.995030e+00 7.700247e+00
-2.610235e+00 -1.959876e+00
-4.480506e+00 6.646688e+00
6.820061e+00 -1.054211e+01
9.310678e+00 6.121647e+00
-2.606285e+00 -4.505540e+00
-5.497656e+00 -3.638647e+00
-3.453736e+00 -9.969394e+00
-9.061605e+00 4.049481e-01
4.630486e+00 -1.627833e+00
-4.453535e+00 -3.641530e+00
2.447331e-01 5.148189e+00
-4.292635e+00 2.812293e+00
2.993191e-01 -1.483554e+00
-9.626139e+00 -7.650531e+00
-1.315668e+00 -1.375869e-01
4.705662e+00 1.003343e+01
2.137524e+00 5.968428e+00
5.302512e+00 -8.314691e+00
1.682066e+00 -6.328763e+00
3.761939e+00 -1.081758e+01
1.088512e+01 9.411001e+00
6.650153e+00 -4.962977e+00
-3.901276e+00 5.848955e+00
1.070486e+01 4.190360e-01
3.974110e-01 -6.828349e+00
-4.268369e+00 -7.013626e+00
4.330439e+00 8.321482e+00
-3.340546e-01 -3.734486e+00
2.330842e+00 2.800858e+00
-4.841040e+00 -6.075615e+00
-2.442785e+00 -9.802558e+00
-1.990800e+00 1.876691e+00
1.818097e+00 -9.275837e+00
3.532790e+00 9.555073e-01
8.603014e+00 4.116676e+00
-2.806283e+00 6.807635e+00
8.323176e-01 1.029285e+01
3.228803e+00 3.268970e+00
2.456926e+00 -1.025691e+01
-8.885800e+00 -5.980696e+00
-1.377966e+00 9.896143e+00
-6.624864e+00 7.227647e+00
1.302217e+00 4.381747e-01
-2.126289e+00 -1.068498e+00
-5.532682e-01 -5.845441e+00
-3.503303e+00 -2.690019e+00
-6.216749e+00 -2.392376e+00
4.309176e+00 5.144779e+00
6.662840e+00 -3.318317e-01
3.253124e+00 1.994599e+00
-5.279777e+00 7.439329e+00
-3.496446e+00 4.916424e+00
-4.256031e-01 1.484484e+00
1.088494e+01 2.085955e+00
9.489697e+00 3.270352e+00
4.353588e+00 -8.868539e+00
-9.202984e-01 -4.749797e+00
-3.229581e+00 -6.808637e+00
-4.448922e+00 1.016981e+01
-3.625385e+00 -1.103630e+01
-4.601786e+00 8.625792e+00
9.914953e+00 9.113395e+00
-4.640828e+00 -2.207605e+00
1.048540e+00 4.169070e+00
7.211820e+00 7.882587e+00
-5.679785e+00 6.329469e+00
-1.784964e+00 3.021831e+00
6.308402e+00 -8.356765e+00
-2.359164e+00 -7.589495e+00
-1.239099e+00 -2.688664e+00
3.656180e+00 -9.740740e+00
3.314413e+00 4.318010e+00
-1.752317e-01 -9.887646e+00
1.489720e-01 6.253061e+00
-1.288755e+00 -7.961749e+00
9.610566e+00 -1.092514e+01
7.359683e+00 6.798064e+00
2.709170e+00 -8.151444e+00
-1.092580e+01 -2.264706e+00
9.644062e+00 -8.888661e+00
-5.967340e+00 -5.200085e-01
-5.016616e+00 -8.970370e+00
1.018183e+01 1.371704e+00
-1.706314e+00 -5.465775e+00
6.779186e+00 -7.199267e+00
3.498052e+00 -6.944537e+00
6.019440e+00 -3.976026e+00
2.735024e-01 -7.955624e+00
-5.467464e+00 -1.621564e+00
5.532372e+00 1.212508e+00
3.633362e+00 -1.165644e+00
3.070594e+00 -3.194412e+00
6.368246e+00 7.317958e+00
9.862101e+00 4.591656e+00
6.738402e+00 5.442698e+00
3.675160e+00 1.051340e+01
5.828879e+00 -1.045560e+01
8.243916e+00 7.750942e+00
6.371422e+00 8.811926e+00
2.441516e+00 8.135988e-02
2.798670e+00 1.096737e+01
3.299515e+00 8.392770e+00
-1.075862e+01 3.366417e+00
-6.152540e+00 -1.103903e+01
-7.187391e-01 -7.030172e+00
5.967937e+00 1.082924e+01
4.365239e+00 -3.213915e+00
-1.768521e+00 -3.749144e+00
-2.705141e+00 -3.201414e+00
1.236053e+00 -1.703846e+00
8.395587e+00 6.709780e+00
7.669354e+00 4.568517e+00
-2.517116e+00 1.070675e+01
-1.643697e+00 8.830828e-01
-1.059871e+01 8.829235e+00
8.371569e+00 -7.614156e-01
1.635108e+00 9.634930e+00
-6.238285e+00 3.632660e+00
-8.163491e+00 -1.049647e+01
8.512967e+00 -8.956533e+00
9.640155e+00 -7.869167e-01
7.507355e-01 -3.851667e+00
2.010794e+00 -2.486369e+00
8.924640e+00 5.121764e+00
9.889083e+00 -6.483586e+00
2.293469e+00 -5.167213e+00
1.086867e+01 4.351590e+00
-5.255180e+00 7.600780e-01
-8.732773e+00 -3.244455e+00
-5.266622e-01 -8.837142e+00
-7.366993e+00 6.456224e+00
-7.653611e+00 5.278992e+00
6.153315e+00 6.285624e+00
-9.653518e+00 -9.641218e+00
-7.299626e+00 -5.246408e+00
-7.288417e+00 -1.115308e+01
5.079359e+00 7.024429e+00
6.340760e+00 1.939791e+00
-1.046194e+01 -1.029039e+01
-5.028956e+00 -1.107048e+01
1.010012e+01 -9.844233e+00
1.083711e+01 -1.075454e+01
8.384375e+00 -7.833694e+00
6.780888e+00 -9.491603e+00
-1.900986e+00 8.732340e+00
7.972633e+00 5.600525e+00
9.642887e+00 3.014162e-01
-1.498324e+00 1.101106e+01
7.912628e+00 8.945658e+00
-5.644528e+00 -6.949362e+00
-3.517366e+00 8.885952e+00
4.620423e+00 3.848407e+00
8.243175e+00 -1.844891e+00
3.767887e+00 -8.029633e+00
-1.808071e+00 -8.887084e+00
4.350854e+00 6.221530e+00
-6.276168e+00 8.547768e+00
1.215043e+00 -1.021931e+01
5.737855e+00 -9.377654e+00
-9.229365e+00 -4.152121e+00
3.489845e+00 -1.441517e-02
1.654831e+00 1.094009e+01
-8.635104e+00 -9.518125e+00
-1.028920e+01 -4.315554e+00
-1.019924e+01 1.105516e+01
3.818463e+00 -2.271953e+00
-2.873632e-01 -6.434998e-01
-1.062237e+01 -1.141078e+00
-1.147510e-01 -2.606767e+00
7.216948e+00 -5.954465e+00
-6.728251e+00 -7.636988e+00
-4.182664e-01 1.047472e+01
8.350761e+00 3.399916e-01
9.165337e+00 8.393574e+00
-8.580440e+00 -4.886401e+00
8.789345e+00 1.231374e+00
3.721312e+00 7.276033e+00
-8.077914e+00 7.212877e+00
7.823819e+00 -9.851143e+00
9.384555e+00 -7.537115e+00
8.850469e+00 9.470388e+00
-8.653254e+00 -7.135655e+00
4.435422e+00 -5.194396e+00
-7.209944e+00 -4.691179e-01
7.678237e+00 -4.558230e+00
-3.609350e+00 -4.257828e+00
5.590685e+00 -7.252985e+00
1.436875e+00 2.035013e+00
6.161453e-01 1.312814e+00
6.165639e+00 -5.902740e+00
1.031433e+01 8.100908e+00
6.514491e+00 6.783164e-01
-8.304269e+00 -6.026279e-01
4.672295e-01 -1.101347e+01
2.400974e+00 1.116923e+00
9.272739e+00 -1.714482e+00
-9.845778e+00 5.585404e+00
1.233566e+00 -7.305713e+00
4.778749e+00 -9.899630e+00
9.338960e+00 7.313362e+00
3.923865e+00 9.297387e+00
-1.104823e-03 9.556689e+00
5.540928e+00 7.954750e+00
1.021121e+01 6.865014e+00
-6.515604e+00 5.591268e+00
4.554604e+00 -7.145423e+00
-1.733859e+00 -6.573524e+00
8.839201e+00 -6.229742e+00
8.671356e-02 -4.949366e+00
6.842487e+00 -3.362333e+00
-7.719288e+00 2.458673e+00
7.608931e+00 3.544488e+00
5.898260e-01 -8.956189e+00
-6.908758e+00 -8.625663e+00
-8.082775e+00 4.323112e+00
1.008967e+01 -3.773347e+00
-9.207507e+00 6.946953e+00
-5.753822e+00 1.040363e+01
