1.058364e+01 -9.588449e+00
-7.947878e+00 7.699643e+00
-6.149626e+00 1.050236e+01
-7.540923e+00 -4.957211e-02
-9.229664e+00 2.197232e+00
1.072977e+01 -5.214196e+00
7.927620e+00 -3.608559e+00
-5.377523e+00 4.133634e+00
8.671412e+00 -5.605062e+00
6.976922e+00 -4.045361e+00
-5.466973e+00 9.719141e+00
-9.367446e+00 4.460051e+00
1.024690e+01 3.901568e-01
6.940110e+00 -1.955962e+00
-2.865483e+00 5.303435e+00
7.534809e+00 2.659457e+00
9.418963e+00 9.279476e-01
-8.410509e+00 -1.061662e+01
-6.564355e+00 -5.710059e+00
-5.086828e+00 -5.340778e+00
9.801921e+00 -8.935129e+00
8.950233e+00 -7.039736e+00
2.959689e+00 -8.047585e+00
3.159062e+00 -4.409633e+00
7.374935e+00 3.924108e-01
-8.506898e+00 6.530467e+00
-3.610005e+00 1.163727e+00
4.206327e+00 1.072571e+01
5.295534e+00 -4.852984e-01
-9.232428e+00 5.515618e+00
-7.904569e-02 5.901202e+00
2.996490e+00 -3.005036e+00
-8.507420e+00 2.998425e+00
-1.023554e+01 6.856660e+00
-1.673063e+00 4.671000e+00
-1.018299e+01 -1.071343e+01
1.008718e+01 -7.075648e+00
-6.484477e+00 -7.025953e+00
-1.065477e+01 -5.801751e+00
-2.755657e+00 7.478729e+00
-9.961228e+00 -6.732614e+00
8.914780e+00 -3.235183e+00
-7.651498e+00 -5.759852e+00
-9.133905e+00 9.648056e+00
-1.110806e+01 -7.309509e+00
-1.018482e+01 5.213084e+00
-9.766224e+00 4.030354e-01
-1.078423e+01 -1.938415e+00
5.044205e+00 -3.571132e+00
-5.476469e+00 2.055246e+00
5.416612e+00 -2.593848e+00
-1.575934e+00 1.582360e+00
6.311242e+00 1.611343e-01
-8.042309e+00 5.274027e+00
8.121459e+00 -3.751992e-01
-6.204083e+00 1.231796e+00
1.405998e+00 4.256588e+00
-8.034108e+00 -9.236910e-01
-4.431970e+00 3.667294e+00
-1.986709e+00 8.244130e+00
8.235410e+00 8.284664e+00
9.685336e+00 8.835560e+00
-1.015786e+01 9.015947e+00
-5.662370e+00 -6.212698e+00
-7.585235e+00 2.538789e+00
6.867026e+00 -7.864294e+00
7.092076e+00 -6.887680e+00
-9.062784e+00 -4.875147e-01
9.615291e+00 -6.139980e+00
4.997275e+00 -4.709829e+00
9.529296e-01 6.154852e+00
5.915529e+00 -1.709184e+00
-4.935053e-01 3.417236e+00
1.775690e+00 5.258431e+00
-5.462594e+00 8.439294e+00
6.798478e+00 5.601429e+00
-9.547201e+00 -1.771808e+00
-6.822758e+00 7.857339e+00
6.260616e+00 -4.925253e+00
-7.936413e+00 -6.760172e+00
7.152414e+00 1.104149e+01
-9.493702e+00 -5.100550e+00
2.362843e+00 7.740108e+00
5.122317e+00 -9.194651e+00
8.348594e+00 -1.048038e+01
4.900335e+00 -1.545601e+00
-9.162500e+00 -2.868079e+00
5.898351e-01 5.101846e+00
3.909275e+00 -8.383532e+00
1.235169e+00 -5.235337e+00
1.103606e+01 -2.875358e+00
4.552454e-02 -1.394584e-01
-3.126394e+00 6.320106e-02
5.593925e+00 3.170384e+00
1.076251e+01 3.831948e+00
7.837454e-01 -3.451564e+00
8.756520e+00 2.656140e+00
-5.288908e+00 5.610880e-01
-4.891772e+00 5.210463e+00
7.763310e+00 -6.142323e+00
-1.111100e+01 -6.498625e-02
5.666095e+00 8.900208e+00
-8.992908e+00 -6.213606e+00
1.078314e+01 -6.313081e+00
-4.533583e+00 -9.187716e+00
1.094137e+01 -1.055207e+01
-3.344369e+00 -4.199627e+00
9.604035e+00 2.074856e+00
-6.374273e+00 1.531056e-01
-8.489889e+00 -4.946167e+00
9.970354e+00 -7.415247e-01
-3.630705e+00 -9.657591e-01
1.351822e+00 -8.676799e-02
1.658811e+00 2.164819e+00
1.115669e+01 7.265443e+00
-1.003629e+01 1.016603e+01
-4.510845e+00 6.443850e+00
-5.916911e+00 -4.676074e+00
-8.279650e+00 4.212117e+00
-7.395096e+00 -8.898341e+00
6.618519e-02 8.131595e+00
-2.580903e+00 6.277505e+00
-2.228562e-01 -1.000578e+01
-1.009502e+01 -7.830173e+00
2.225050e+00 -7.274526e+00
-1.035329e+01 -8.693372e-01
-7.441020e+00 -1.776760e+00
-6.208696e+00 -1.054882e+01
-3.539051e+00 2.397288e+00
-6.608755e+00 2.221826e+00
3.068644e+00 -6.728499e+00
-5.029046e+00 -2.526869e+00
-8.252656e+00 1.704327e+00
-1.028383e+01 2.376602e+00
-3.769256e+00 -1.003743e+01
2.991445e+00 8.826626e+00
1.438637e+00 -2.313523e+00
3.456945e+00 4.434288e+00
-9.871712e-01 7.835459e+00
1.525363e+00 6.989623e+00
-6.173386e+00 4.842005e+00
-3.172555e+00 1.025012e+01
-7.895182e+00 -7.839372e+00
-8.864406e+00 -7.332079e+00
1.101607e+01 -4.096819e+00
-3.549987e+00 6.719811e+00
-4.770358e+00 -1.262986e+00
-3.328486e+00 -5.252855e+00
7.010242e-01 1.839035e+00
-8.446723e+00 -2.222404e+00
2.219456e+00 4.116656e-01
-4.556285e+00 2.506912e+00
-5.683368e+00 5.915574e+00
-4.877518e+00 -6.802384e+00
3.694303e+00 3.313546e+00
4.632148e+00 2.746685e+00
-7.057116e+00 -4.740485e+00
-7.137570e+00 9.945453e+00
7.864421e+00 3.779408e+00
-1.051510e+00 -2.515138e+00
-1.379467e+00 5.973893e+00
-3.921786e+00 5.679759e+00
-1.786224e-01 -6.710428e+00
-6.678698e+00 -1.076502e+00
9.943298e+00 -2.788969e+00
4.682615e-01 2.893233e+00
2.486631e+00 1.463925e+00
-1.048459e+01 -4.746298e+00
-3.080271e+00 3.522801e+00
-1.576203e+00 3.710343e+00
-2.969183e+00 8.638412e+00
3.784097e+00 -1.046442e+01
-3.835135e+00 -7.096087e+00
3.478608e+00 2.131268e+00
-9.598509e+00 3.326661e+00
-2.505377e+00 -8.247029e-01
4.368731e+00 4.934799e+00
-1.322583e+00 -1.034232e+01
7.045319e+00 -1.027826e+01
-9.754646e-01 -5.077395e-01
-2.801690e+00 -1.089469e+01
-4.128271e-01 4.723974e+00
-3.928758e+00 -2.058152e+00
-4.750291e+00 7.502153e+00
8.633187e+00 9.408809e+00
3.996426e+00 6.977658e+00
-3.153663e+00 -6.195672e+00
-7.562832e+00 -2.807679e+00
-1.160427e+00 -8.126060e+00
-7.313550e+00 9.408902e-01
7.877295e+00 -2.558776e+00
-3.212783e+00 -2.992633e+00
-1.122630e+00 2.600537e+00
-2.399425e+00 2.632131e+00
1.851592e+00 -1.085952e+00
-1.109493e+01 1.059517e+01
1.689628e-01 -2.480959e+00
2.475839e+00 9.702223e+00
2.689720e+00 6.679341e+00
5.804445e+00 -8.261644e+00
1.801310e+00 -8.184768e+00
6.351678e+00 1.009417e+01
1.019044e+01 6.777522e+00
1.004849e+01 -3.906303e+00
-3.866308e+00 8.093653e+00
8.510640e+00 1.658611e+00
8.123598e-01 -8.600308e+00
-4.175430e+00 -5.877456e+00
4.486768e+00 9.107511e+00
-8.490656e-01 -4.560166e+00
2.917798e+00 5.323210e+00
-4.214824e+00 -3.271471e+00
-3.369862e+00 -8.226064e+00
-2.680493e+00 1.439079e+00
1.843886e+00 -9.419890e+00
4.111281e+00 -9.070695e-01
6.819493e+00 4.377432e+00
3.478408e-01 4.010483e+00
2.073821e+00 1.108970e+01
4.421481e+00 1.240529e-01
3.124595e+00 1.104266e+01
-8.802241e+00 -9.128471e+00
-1.799605e+00 1.083438e+01
-7.341288e+00 8.833606e+00
2.888997e+00 -1.051681e+00
-1.401010e+00 -1.446381e+00
9.212096e-01 -6.247770e+00
-2.877060e+00 -1.960979e+00
-8.505652e+00 4.996897e-01
2.694627e+00 3.779834e+00
5.416925e+00 2.049099e+00
1.527356e+00 3.251908e+00
-4.055100e+00 1.114083e+01
-3.914546e+00 4.664526e+00
-8.050984e-01 6.898226e-01
1.003911e+01 3.124392e+00
1.111596e+01 2.869728e+00
5.338321e+00 1.093973e+01
3.399269e-01 -4.472365e+00
-4.550518e+00 -8.155946e+00
-5.187078e+00 1.089992e+01
-2.338109e+00 -8.344637e+00
-4.518030e+00 8.863394e+00
1.022481e+01 7.952047e+00
-6.351509e+00 -2.629767e+00
3.925879e-01 8.035370e-01
7.989892e+00 6.942520e+00
-4.403227e+00 1.005674e+01
-4.546078e+00 1.419775e+00
5.671929e+00 -6.850470e+00
-2.072469e+00 -6.241935e+00
-1.571193e+00 -3.751422e+00
7.374419e+00 9.831968e+00
3.568571e+00 9.897263e-01
-1.149901e+00 1.007801e+01
-3.584256e-01 1.666594e+00
1.183307e+00 -7.376107e+00
9.155889e+00 1.112209e+01
9.971605e+00 9.931016e+00
2.637873e+00 -1.022383e+01
9.170146e+00 -1.832282e-01
9.083508e+00 -8.062556e+00
-5.541897e+00 -4.725107e-01
-5.595283e+00 -8.699775e+00
-1.082285e+01 1.006400e+00
1.207042e-01 -5.544581e+00
6.728409e+00 -5.931618e+00
4.224757e+00 -7.264436e+00
8.214575e+00 -1.584611e+00
-3.762096e-01 -8.887197e+00
-5.750272e+00 -1.596627e+00
6.714936e+00 3.344779e+00
6.757106e+00 -3.045980e+00
4.379852e+00 -2.600942e+00
4.828605e+00 5.859741e+00
5.683107e+00 5.250742e+00
3.396925e+00 7.896016e+00
3.503058e+00 9.778180e+00
7.187340e+00 7.710548e+00
5.859618e+00 6.285729e+00
7.012303e+00 8.827905e+00
2.530844e+00 -2.014374e+00
5.085787e+00 9.868970e+00
1.048328e+00 1.049744e+01
-1.041330e+01 4.151995e+00
-4.864666e+00 -1.044544e+01
-1.225889e+00 -7.028946e+00
5.960924e+00 -1.053272e+01
4.066437e+00 -5.159258e+00
-9.905372e-01 -5.603520e+00
-2.237299e+00 -4.878004e+00
-2.740200e-01 -3.606165e+00
5.126238e+00 7.091243e+00
4.739046e+00 3.969834e+00
-2.401774e+00 -9.956205e+00
-1.762840e+00 2.371779e-01
-9.154318e+00 7.437907e+00
6.273540e+00 1.184554e+00
-1.715187e-02 1.028772e+01
-7.219631e+00 4.650368e+00
-1.064087e+01 -9.760162e+00
9.580744e+00 -1.029514e+01
7.288800e+00 1.387494e+00
2.359496e+00 -4.968905e+00
2.195749e+00 -3.840210e+00
4.505792e+00 1.664654e+00
1.047343e+01 -8.189995e+00
3.129432e+00 -5.712599e+00
1.050436e+01 5.687610e+00
-4.271441e+00 -1.821862e-02
-7.640221e+00 -3.895095e+00
-1.361504e+00 -9.257801e+00
-7.982490e+00 1.069955e+01
-6.740799e+00 5.806741e+00
3.774876e+00 5.921325e+00
1.116503e+01 8.567772e+00
-5.407665e+00 -3.655331e+00
-7.720195e+00 -9.813075e+00
4.477265e+00 7.984305e+00
7.832207e+00 4.794693e+00
1.021735e+01 1.101025e+01
-6.348674e+00 -9.505544e+00
-1.091764e+01 -8.751002e+00
1.098679e+01 9.574754e+00
7.865044e+00 -8.584479e+00
7.069478e+00 -9.224170e+00
-6.445058e-01 6.775789e+00
6.724995e+00 6.786066e+00
8.970799e+00 3.798087e+00
-1.761282e+00 7.117569e+00
8.054549e+00 5.892005e+00
-6.574960e+00 -8.117619e+00
-2.107236e+00 9.553110e+00
2.512184e+00 2.700520e+00
7.029781e+00 -7.397806e-01
4.062416e+00 -9.374333e+00
-2.405435e+00 -7.281779e+00
1.099304e+00 8.310108e+00
-6.351946e+00 9.101692e+00
1.246027e+00 -1.061737e+01
6.140024e+00 -9.460834e+00
-8.660344e+00 -3.874877e+00
3.934202e+00 -3.584896e+00
2.941467e-01 -1.101937e+01
-9.787004e+00 -8.902757e+00
-1.029076e+01 -2.891180e+00
-1.014754e+01 7.915025e+00
4.191165e+00 -6.179768e+00
7.635713e-01 -1.310696e+00
1.059988e+01 -1.496073e+00
-2.976947e-01 -1.350373e+00
7.266336e+00 -5.047866e+00
-4.343356e+00 -4.364720e+00
1.051450e-01 9.227675e+00
6.352987e+00 2.328593e+00
9.044150e+00 6.692731e+00
-6.561663e+00 -3.586505e+00
9.376064e+00 5.739313e+00
5.000684e-01 7.113782e+00
-8.750773e+00 8.603046e+00
8.204909e+00 1.065413e+01
7.905022e+00 -7.535155e+00
9.194292e+00 7.788456e+00
-9.342924e+00 -1.003521e+01
5.946823e+00 -3.947489e+00
-9.956551e+00 1.446603e+00
9.444586e+00 -1.815449e+00
-2.176670e+00 -2.814383e+00
4.978644e+00 -1.042583e+01
1.366205e+00 9.509792e-01
3.308274e+00 -7.101914e-02
5.484790e+00 -5.669847e+00
-1.109173e+01 4.904438e+00
5.111545e+00 8.195161e-01
1.062994e+01 1.502227e+00
-7.581793e-01 1.113352e+01
3.620952e+00 -1.951605e+00
8.390584e+00 6.643766e-01
-6.092564e+00 6.884601e+00
3.008828e+00 -9.045393e+00
8.805550e+00 -9.307153e+00
-1.087568e+01 6.051063e+00
1.397035e+00 9.528920e+00
-1.108383e+00 8.994120e+00
5.991597e+00 7.699770e+00
9.751986e+00 4.623945e+00
-7.333586e+00 6.704419e+00
4.857589e+00 -8.159583e+00
3.721657e-03 -7.871198e+00
9.689438e+00 -4.859914e+00
1.957313e+00 -6.276085e+00
8.731511e+00 -4.332987e+00
-6.788971e+00 3.376122e+00
5.748234e+00 4.206795e+00
7.586960e-01 -9.637084e+00
-5.503372e+00 -7.611175e+00
-5.652537e+00 3.084415e+00
-9.862354e+00 -3.817048e+00
-9.140280e+00 1.094408e+01
-7.321793e+00 -1.082483e+01
