4.661181e+00 -9.217921e+00
-7.506643e+00 5.269790e+00
-8.555056e+00 6.931164e+00
-6.007749e+00 -2.940260e+00
-5.006712e+00 1.955389e+00
-1.014143e+01 -9.679954e+00
6.442767e+00 1.792668e+00
2.359673e+00 4.785436e+00
7.320680e+00 -6.019772e+00
6.465937e+00 -2.591287e+00
-7.147307e+00 8.206903e+00
-1.045608e+01 4.183535e+00
-7.623837e+00 1.026818e-01
3.484656e+00 2.876073e+00
-3.070793e+00 2.766451e+00
6.018360e+00 3.211557e+00
-9.116603e+00 -1.442699e+00
-7.263733e+00 7.174911e+00
-8.499845e+00 -6.349538e+00
-8.470093e+00 -8.811060e+00
7.145808e+00 1.117992e+01
9.078854e+00 -4.949690e+00
5.385494e+00 -2.932698e+00
9.613741e-01 -1.517819e+00
5.149539e+00 1.339062e+00
-9.414854e+00 5.456677e+00
-3.709583e+00 -1.751153e+00
1.968523e-02 -8.952987e+00
9.096548e+00 2.934437e+00
-6.025051e+00 3.221023e+00
1.286601e+00 -9.176668e+00
5.339373e+00 4.201359e+00
-1.082586e+01 1.586317e+00
-9.631781e+00 1.327998e+00
-8.183393e-01 4.447764e+00
-7.437830e+00 -1.100490e+01
1.063610e+01 -1.014143e+01
-9.410634e+00 -7.391616e+00
8.493060e+00 -3.915431e+00
-5.926298e+00 1.009420e+00
1.008177e+01 -7.136445e+00
6.913666e+00 4.540112e-01
-1.113537e+01 9.827769e+00
-9.939459e+00 2.420438e+00
-9.800546e+00 -4.860127e+00
1.023214e+01 8.981108e+00
-9.371299e+00 -3.677421e+00
-9.173164e+00 -2.512081e+00
8.956889e+00 -1.597916e+00
-9.267843e+00 4.323436e-01
4.914880e+00 -8.077060e-01
2.018024e-01 4.793188e+00
1.033583e+01 2.714555e+00
-7.299087e+00 3.262054e+00
8.854279e+00 9.341393e-01
-6.464048e+00 -9.793225e-01
2.009756e+00 7.626252e+00
-7.967985e+00 -5.191370e+00
-7.398748e+00 2.217011e+00
-2.535818e+00 9.302389e+00
4.025484e+00 1.102434e+01
6.900877e+00 -9.107230e+00
7.972978e+00 -1.043263e+01
-1.851646e+00 -1.041615e+01
-8.799816e+00 2.258873e+00
5.294546e+00 -6.510235e+00
-1.049645e+01 -6.860038e+00
-8.393083e+00 -3.251111e+00
-9.113926e+00 1.001592e+01
7.990084e+00 -5.066531e+00
5.198606e+00 6.034756e+00
8.354611e+00 2.051580e+00
2.777403e-02 8.312502e+00
1.814944e+00 6.602390e+00
-2.654048e+00 5.370505e+00
1.101022e+01 3.559373e+00
-7.668392e+00 -8.532673e-01
-4.404160e+00 6.799341e+00
6.751325e+00 -8.032025e+00
1.083183e+01 -6.440446e+00
2.314573e+00 -8.944834e+00
1.057384e+01 -3.576612e+00
3.979040e+00 5.990666e+00
3.300832e+00 -3.991422e+00
5.024843e+00 1.061559e+01
3.190026e+00 1.819535e+00
9.346485e+00 -8.123720e+00
-3.957014e+00 3.622265e+00
5.880412e+00 -4.815379e+00
-1.736965e-01 -1.273812e-01
-8.254322e+00 -2.122816e+00
-1.489237e-01 -3.763536e+00
-5.293524e-01 8.409825e-01
7.740551e+00 4.416839e+00
9.711455e+00 4.848784e+00
2.948958e+00 -7.073166e-01
6.957740e+00 5.160751e+00
-1.554645e+00 -1.099027e+00
-6.615544e+00 2.475289e-01
-9.436523e+00 -8.432466e+00
-7.172355e+00 1.203276e+00
2.399930e+00 9.755637e+00
-1.040230e+01 -8.018451e+00
9.012385e+00 -6.973366e+00
-3.817201e+00 -9.097078e+00
-7.352705e+00 1.036470e+01
-3.713669e+00 -7.197208e+00
-8.466674e+00 1.238205e+00
-6.546425e+00 -3.787302e+00
-7.011046e+00 -8.370666e+00
1.089210e+01 -1.402236e+00
-2.290002e+00 2.933648e-01
2.372221e+00 1.187184e+00
2.691571e+00 5.806495e+00
-1.028302e+01 6.174491e+00
-9.787914e+00 7.124057e+00
-4.959357e+00 3.180921e+00
-5.090130e+00 -5.592095e+00
-8.497800e+00 3.319962e+00
-9.610244e+00 -1.073910e+01
-1.892950e+00 4.322745e+00
-2.112503e+00 3.323184e+00
-3.045018e+00 1.022551e+01
-6.935785e+00 9.359388e+00
6.225380e+00 -3.787595e+00
-1.010415e+01 -6.854061e-01
-8.651028e+00 -4.370896e+00
-1.001506e+01 8.160775e+00
1.430015e+00 2.904746e+00
-5.027060e+00 6.691441e-01
6.940199e+00 -4.947327e+00
-6.660022e+00 -5.427579e+00
-1.084202e+01 7.310549e+00
-1.040839e+01 3.725983e-01
-2.033058e+00 -8.075435e+00
6.670166e+00 7.512834e+00
-3.384040e+00 -4.736877e+00
5.246855e+00 2.379937e+00
4.262613e-01 9.264324e+00
-1.918946e+00 8.483509e+00
-1.748964e+00 1.217664e+00
-1.072833e+00 -8.582287e+00
-1.029406e+01 1.060306e+01
-7.027302e+00 6.239656e+00
8.114703e+00 -9.445980e-01
-4.074707e+00 1.376798e+00
-5.054720e+00 -2.389378e+00
-6.571638e+00 -7.155252e+00
2.960633e+00 3.933222e+00
-1.030521e+01 -2.787175e+00
-1.045327e+00 -3.294713e+00
-9.502955e+00 3.325869e+00
-5.782102e+00 4.258115e+00
-6.595759e+00 -9.789025e+00
2.353074e+00 2.466646e+00
4.719834e+00 5.084697e+00
-4.767669e+00 -1.081999e+01
-5.346102e+00 1.065581e+01
8.911863e+00 7.057557e+00
-2.450618e+00 -3.871924e+00
-1.084067e+00 6.662366e+00
-3.359108e+00 -6.921423e-01
4.271123e+00 -3.535513e+00
-1.041841e+01 -3.778573e+00
9.545102e+00 1.669781e+00
-7.304698e-01 1.918451e+00
1.180411e-01 -2.495340e+00
-1.048984e+01 -1.728793e+00
1.360216e+00 5.337912e+00
-3.715340e+00 4.871543e+00
-3.013608e+00 8.320014e+00
1.904423e+00 -6.026874e+00
9.192435e-01 -7.097529e+00
7.911131e+00 5.678132e+00
9.878280e+00 3.802912e+00
-5.657133e+00 -2.715996e-01
4.584298e+00 3.112095e+00
-4.019362e-01 -7.493964e+00
5.606956e-01 -9.925885e+00
-1.253491e+00 -1.020802e-01
-2.942051e+00 -1.023430e+01
-3.012867e+00 4.020389e+00
-4.943773e+00 -9.087160e+00
-5.670105e+00 8.578311e+00
2.371838e+00 1.101432e+01
-1.105449e+01 8.765067e+00
-2.335641e+00 -5.125028e+00
-5.071019e+00 -3.540429e+00
-4.588615e-01 -9.991946e+00
-6.071069e+00 -1.897830e+00
7.159118e+00 2.550900e+00
-4.596651e+00 -6.643347e+00
3.510434e+00 4.957865e+00
-2.696737e+00 1.616909e+00
-2.519446e+00 -1.383133e+00
-1.083780e+01 -8.929986e+00
-3.073381e+00 -2.751096e+00
-2.074741e-01 7.187387e+00
9.346243e-01 7.458099e+00
4.908406e+00 -5.258571e+00
3.323878e+00 -2.963248e+00
3.950774e+00 -7.305752e+00
8.119778e+00 1.075274e+01
5.810653e+00 -8.613938e+00
-3.354056e+00 5.309457e-01
1.112900e+01 -3.868993e-01
1.143303e+00 -2.686390e+00
-3.202278e+00 -8.162963e+00
-1.158809e+00 7.750007e+00
7.909116e+00 8.055967e-02
1.966035e+00 3.813327e+00
-5.971551e+00 -6.328995e+00
-1.075998e+00 1.112391e+01
2.241127e-01 3.457578e+00
2.237593e+00 -2.626049e+00
5.988605e+00 -2.497990e-01
7.465480e+00 9.948144e+00
-4.664426e+00 4.396067e+00
-5.042078e-01 9.999832e+00
5.844013e+00 6.810859e+00
3.689545e+00 -4.963088e+00
-7.428209e+00 -6.101325e+00
-2.283126e+00 7.438213e+00
-5.701190e+00 6.324607e+00
-8.637050e-02 -1.236360e+00
-8.852973e-01 -2.202882e+00
-1.340367e+00 -4.388267e+00
-5.427488e+00 -7.384026e+00
-7.623853e+00 -4.040913e+00
6.013503e+00 8.418345e+00
1.029150e+01 3.376114e-01
4.982566e+00 2.925655e-01
-3.348803e+00 7.282102e+00
-8.615155e-01 2.983287e+00
3.168853e-01 2.238841e+00
1.074404e+01 4.549003e+00
8.162565e+00 9.077404e+00
2.793402e+00 -7.820331e+00
3.064598e+00 -1.937737e+00
-5.496649e+00 -9.998350e+00
-3.631249e+00 5.992011e+00
-6.094637e+00 -1.103411e+01
-4.226260e+00 1.027107e+01
6.175338e+00 1.077381e+01
-6.004583e+00 -4.671697e+00
1.042383e+00 4.275303e+00
3.948925e+00 8.394043e+00
-8.187286e+00 7.981335e+00
-1.851172e+00 2.259364e+00
5.867446e+00 -9.637138e+00
-2.456754e+00 -7.016108e+00
-4.025785e+00 -5.674531e+00
1.650277e+00 -8.039234e+00
5.203476e+00 7.805216e+00
7.356829e-01 -6.006233e+00
7.171524e-01 6.259299e+00
-5.077411e-01 -6.394814e+00
6.947324e+00 -1.011186e+01
4.081808e+00 4.068109e+00
5.176492e+00 -4.025777e+00
1.100042e+01 -2.532446e+00
8.734571e+00 -9.635572e+00
-5.186066e+00 -1.190172e+00
-2.536920e+00 -9.089479e+00
9.368585e+00 5.941599e+00
-1.940883e-01 -4.941172e+00
7.933031e+00 -8.904980e+00
6.696748e+00 -6.870197e+00
8.483637e+00 -5.996137e+00
1.249031e+00 -4.809800e+00
-4.595321e+00 -4.556159e+00
4.281700e+00 1.940714e+00
-1.960841e+00 -2.754780e+00
5.383840e+00 -1.893561e+00
4.099181e+00 -1.008786e+01
9.991918e+00 6.988760e+00
6.474125e+00 4.220525e+00
1.982860e+00 -7.078030e+00
3.683886e+00 -8.680222e+00
4.931830e+00 8.840196e+00
4.225882e+00 9.723390e+00
3.808439e+00 -1.221669e+00
1.127011e+00 -3.768123e+00
5.628917e-01 1.029061e+01
1.053459e+01 1.462434e+00
-5.238069e+00 7.395616e+00
-1.864219e+00 -6.132860e+00
3.338141e+00 1.013393e+01
7.485408e+00 1.412731e+00
4.426477e+00 -2.301009e+00
-5.814135e+00 -8.484632e+00
-3.560296e+00 -3.710627e+00
-1.009896e+01 9.365572e+00
7.815876e+00 7.109361e+00
-1.348836e+00 -9.531013e+00
2.897222e+00 2.767603e-01
1.025550e+01 1.017812e+01
1.001095e+01 -2.323757e+00
-8.456473e-01 8.830610e+00
-4.430259e+00 -3.078112e-01
-6.278501e+00 1.022944e+01
5.622005e+00 -1.073837e+01
9.044709e+00 -2.838328e-01
2.182945e+00 -4.025280e+00
-2.917777e+00 -5.985099e+00
-1.089742e+01 5.348405e+00
9.954088e+00 -4.497801e+00
6.457969e+00 -1.530533e+00
1.043230e+01 5.526749e+00
-4.109075e+00 -2.862374e+00
-8.999215e+00 -5.385104e+00
-1.396706e+00 -7.083358e+00
-6.887781e+00 4.181765e+00
-6.332111e+00 5.317542e+00
4.450506e+00 7.079076e+00
-8.427801e+00 1.079734e+01
-9.543025e+00 -6.327457e+00
-8.345023e+00 -1.054367e+01
1.379508e+00 9.673500e+00
7.987022e+00 3.295989e+00
1.067745e+01 1.114323e+01
-5.271873e+00 9.533533e+00
9.571190e+00 -1.027357e+01
-9.071203e+00 8.841800e+00
9.637865e+00 -9.154064e+00
4.672384e+00 -8.123424e+00
-2.604904e+00 6.419352e+00
6.844712e+00 6.352911e+00
-1.103159e+01 2.612504e+00
-3.650608e-01 5.705724e+00
1.230591e+00 1.112311e+01
-3.448289e+00 -1.116020e+01
-1.593398e+00 5.585043e+00
5.932540e+00 5.119128e+00
9.883626e+00 -1.002352e+00
6.256364e+00 -6.013128e+00
-2.404001e+00 1.107634e+01
2.959381e+00 7.991925e+00
-6.188633e+00 7.727765e+00
-6.485192e-02 -1.112730e+01
3.068163e+00 -1.055615e+01
1.101553e+01 -7.544203e+00
7.096058e+00 -7.029488e-01
5.545258e-01 -8.101689e+00
-9.048875e+00 -9.761552e+00
-1.070646e+01 -5.610777e+00
9.567483e+00 1.102891e+01
3.876499e+00 -1.396125e-01
6.026012e-01 9.395806e-01
-8.750962e+00 -4.179134e-01
8.399053e-01 -1.589843e-01
8.338586e+00 -7.926999e+00
-4.049402e+00 -1.014074e+01
-3.721751e+00 9.363535e+00
8.696128e+00 4.895258e+00
9.032345e+00 8.130095e+00
1.052256e+01 -8.573307e+00
7.669597e+00 8.128818e+00
3.186596e+00 6.932562e+00
-8.381947e+00 5.774930e+00
3.142809e+00 9.059531e+00
-1.060814e+01 -1.056627e+01
5.920665e+00 9.743333e+00
-8.290839e+00 -7.524139e+00
7.231456e+00 -3.903476e+00
-7.198304e+00 -2.908566e+00
8.856242e+00 -2.723802e+00
-4.410702e+00 -7.949581e+00
5.690866e+00 -7.486390e+00
1.257271e+00 1.779310e+00
4.032108e+00 9.015338e-01
9.645184e+00 -6.087708e+00
9.276923e+00 9.522357e+00
8.850895e+00 3.914435e+00
-7.235294e+00 -1.860800e+00
-1.638094e+00 1.008993e+01
1.620118e+00 5.067646e-01
9.485646e+00 -3.466461e+00
-7.915012e+00 4.237893e+00
2.579748e+00 -5.055946e+00
3.996207e+00 -5.893201e+00
1.041219e+01 7.933208e+00
2.019564e+00 -1.008891e+01
-4.163524e+00 8.386551e+00
1.852126e+00 8.708391e+00
1.089235e+01 6.434096e+00
-5.051871e+00 5.499574e+00
7.751437e+00 -7.130125e+00
-1.096547e+00 -5.469987e+00
1.110461e+01 -4.542153e+00
2.117692e+00 -1.422094e+00
7.566126e+00 -1.888353e+00
-6.307651e+00 2.233942e+00
6.908938e+00 8.950204e+00
2.957795e+00 -6.513496e+00
-7.646259e+00 -9.712047e+00
-4.070882e+00 2.399043e+00
1.051988e+01 -5.471428e+00
-9.055145e+00 4.359293e+00
-8.009981e+00 9.477436e+00
