-9.380490e+00 -8.980345e+00
-9.958057e+00 8.271785e+00
-1.045470e+01 -8.144635e+00
-8.184230e+00 -6.005578e+00
1.094786e+01 -5.706666e+00
-9.759861e+00 -4.814585e+00
9.105893e+00 -3.968317e+00
9.479416e+00 -2.757008e+00
7.282891e+00 -9.780593e-01
8.586288e+00 -1.462527e+00
9.731437e+00 4.701816e+00
1.080790e+01 4.829017e+00
9.008263e+00 3.727159e+00
7.125263e+00 6.769626e+00
1.071608e+01 8.702629e+00
1.023271e+01 5.676222e+00
-8.999239e+00 2.035176e+00
-1.019470e+01 7.317063e+00
1.101792e+01 -1.040088e+01
-9.071951e+00 -1.015195e+01
-9.470350e+00 -7.861869e+00
-7.685433e+00 -1.001893e+01
-9.400914e+00 1.050453e+01
-1.014471e+01 -5.856144e+00
-9.206024e+00 -6.060326e+00
1.049293e+01 -2.704550e+00
8.886746e+00 -5.364386e+00
-1.091262e+01 -3.258429e+00
7.905034e+00 -3.385111e+00
9.470270e+00 2.678814e+00
9.661706e+00 -1.575359e+00
9.278344e+00 -5.538913e-01
1.042864e+01 -5.271752e-01
1.004053e+01 1.759638e+00
1.057286e+01 2.726526e+00
9.079996e+00 5.787598e+00
-1.069769e+01 9.054300e+00
-7.121488e+00 6.168885e+00
-1.063771e+01 1.008605e+01
9.700124e+00 7.810958e+00
-8.278954e+00 1.103489e+01
-6.813260e+00 -5.967974e+00
-9.987153e+00 -6.952968e+00
-8.298978e+00 -9.186950e+00
-7.588569e+00 -5.204345e+00
-1.044453e+01 -2.195697e+00
-9.906871e+00 -3.698681e+00
-9.437110e+00 -2.234636e+00
5.562552e+00 -2.250230e+00
-1.024795e+01 -1.207753e+00
8.496670e+00 -2.501153e+00
-1.085439e+01 -1.614720e-01
1.101591e+01 -1.524897e+00
-1.061646e+01 5.405581e+00
-1.030708e+01 7.184959e-01
-6.629774e+00 4.465627e+00
-9.521469e+00 5.158673e+00
-9.520398e+00 3.801301e+00
-7.915129e+00 6.797069e+00
-8.874878e+00 8.409878e+00
-8.294799e+00 -8.155314e+00
-6.436080e+00 1.035311e+01
-7.338503e+00 -7.030307e+00
-8.628528e+00 -6.921677e+00
-1.116749e+01 -4.244697e+00
-8.658578e+00 -5.086316e+00
-6.469362e+00 -3.465709e+00
-8.482035e+00 -3.136727e+00
8.075994e+00 -4.537597e+00
-8.399907e+00 -2.050789e+00
-9.133114e+00 -1.133766e+00
1.076438e+01 6.094755e-01
-1.100086e+01 1.510109e+00
1.020515e+01 3.665249e+00
1.034457e+01 6.852211e+00
-8.824104e+00 3.089336e+00
-1.002887e+01 1.846484e+00
-6.106815e+00 6.617410e+00
-7.876845e+00 7.840749e+00
-1.114056e+01 7.744196e+00
-5.607192e+00 7.864585e+00
-7.491284e+00 1.024976e+01
-7.158498e+00 -1.105818e+01
-6.826203e+00 -9.229965e+00
-6.805426e+00 -4.518152e+00
-5.682150e+00 -6.302731e+00
-5.591791e+00 -5.290843e+00
-7.698820e+00 -4.002548e+00
-8.986739e+00 -4.091724e+00
-1.501225e+00 -3.805639e+00
-7.335020e+00 -1.714529e+00
-7.824773e+00 -7.861996e-01
-6.472313e+00 -2.353525e+00
-9.587353e+00 -1.990388e-01
-7.497471e+00 7.919703e-01
-7.968437e+00 2.376200e+00
-6.230746e+00 3.455680e+00
-7.934058e+00 8.924138e+00
-5.189512e+00 5.845183e+00
-6.890363e+00 7.231368e+00
-5.007904e+00 8.842953e+00
-6.225687e+00 9.080049e+00
-5.766492e+00 1.116798e+01
-6.448984e+00 -1.018990e+01
-4.080228e+00 -7.624616e+00
-4.750753e+00 -4.694288e+00
7.706635e-01 -2.826660e+00
-7.475280e+00 -2.733256e+00
-5.734383e+00 -4.176020e+00
-4.436439e+00 -3.617551e+00
-5.250068e+00 -2.019842e+00
-6.211574e+00 -1.331061e+00
-5.903137e+00 -3.054803e-01
-8.467358e+00 1.805226e-01
-6.137101e+00 2.056710e+00
-9.282787e+00 1.035296e+00
-7.485278e+00 5.073036e+00
-7.016706e+00 8.408057e+00
-4.919840e+00 3.856407e+00
-6.285071e+00 5.530854e+00
-7.926301e+00 3.871349e+00
-3.742278e+00 4.210543e+00
-5.150064e+00 9.974486e+00
-6.261131e+00 -7.330932e+00
-4.676302e+00 -5.756139e+00
-3.722559e+00 -6.532659e+00
-3.673876e+00 -4.345791e+00
-4.709181e+00 -6.790202e+00
-5.490253e+00 -3.031126e+00
-2.061276e+00 -1.649477e+00
-4.264171e+00 -2.555495e+00
-6.948120e+00 -2.080550e-01
-7.071440e+00 1.769478e+00
-6.225916e+00 8.983137e-01
-5.170405e+00 1.619339e+00
-7.199740e+00 3.107797e+00
-8.725061e+00 5.970711e+00
-5.108397e+00 2.719672e+00
-2.089976e+00 5.706417e+00
-5.507241e+00 4.829020e+00
-3.714840e+00 9.041756e+00
-2.184107e+00 7.064256e+00
-5.510002e+00 -9.682846e+00
-7.185385e+00 -8.275111e+00
-1.746576e+00 -5.965816e+00
-5.229032e+00 -7.865866e+00
-2.433069e+00 -4.972238e+00
-3.445593e+00 -3.282343e+00
-2.611175e+00 -3.924100e+00
-3.035292e+00 -1.885348e+00
8.627673e-01 -2.037279e-01
-2.511914e+00 -6.963284e-01
-5.256480e+00 5.376403e-01
-3.176275e+00 1.239514e+00
-3.010622e+00 4.870576e+00
-4.190490e+00 2.166138e+00
-2.346201e+00 3.404641e-01
-1.308417e+00 6.467808e+00
-4.422485e+00 7.951363e+00
-4.449105e+00 5.055840e+00
-4.098602e+00 6.188202e+00
-3.993012e+00 1.005330e+01
-2.756207e+00 9.664914e+00
-4.582118e+00 -8.843951e+00
-3.423840e+00 -8.535580e+00
-2.799662e+00 -6.198827e+00
1.567259e+00 -2.110282e+00
-3.551557e+00 -5.477649e+00
-9.881866e-01 -1.767991e+00
-2.691783e-01 -3.518381e+00
-1.264264e+00 -2.771618e+00
-1.321377e+00 -8.459661e-01
-4.203381e+00 1.064808e+00
-3.480907e+00 2.984954e-01
-2.017980e+00 1.389257e+00
-2.664827e+00 3.904249e+00
-3.093396e+00 2.390213e+00
-1.662949e+00 1.025695e+01
-3.519092e+00 7.222219e+00
-3.906509e+00 3.239199e+00
-2.700532e+00 1.072397e+01
-4.882929e+00 6.920588e+00
-3.633269e+00 -1.081535e+01
-3.751908e+00 -9.612982e+00
-6.070449e+00 -8.509036e+00
-2.263389e+00 -8.449040e+00
-1.326910e+00 -4.871109e+00
-2.849893e+00 -7.366179e+00
-1.785554e-01 -2.434281e+00
-1.872625e+00 -7.356663e+00
-2.427971e+00 -2.819981e+00
3.368140e-01 1.139150e+00
-1.085009e+00 5.161454e-01
-4.713569e+00 -3.931325e-01
1.608521e+00 5.393338e+00
-1.678897e+00 4.118906e+00
-3.062276e+00 6.214280e+00
-8.200514e-01 8.604620e+00
-2.842111e+00 8.409579e+00
-4.551819e+00 1.101387e+01
2.515256e-01 -1.080413e+01
1.143713e+00 8.210967e+00
-2.769141e+00 -1.041755e+01
-2.726469e+00 -9.392641e+00
1.086014e+00 -1.020262e+01
-7.888546e-01 -7.767709e+00
1.417169e+00 -9.242312e+00
4.482835e-01 -5.532484e+00
9.267480e-01 -7.562834e+00
8.472531e-01 -1.348207e+00
2.516402e+00 2.086103e+00
-7.969537e-01 1.598267e+00
-1.444334e-02 3.165673e+00
-3.594140e+00 -8.895286e-01
-1.006864e+00 2.660951e+00
-5.716244e-01 5.232920e+00
-2.729797e-01 6.176904e+00
1.320751e-01 8.165595e+00
2.747229e+00 7.348790e+00
8.967437e-01 6.265543e+00
4.468588e-01 9.255576e+00
-4.600872e+00 -1.011613e+01
2.872996e-01 -9.541833e+00
-9.211929e-01 -8.942732e+00
-2.855262e-01 -4.616104e+00
-6.765830e-01 -6.061658e+00
1.497357e+00 -5.269507e+00
2.463717e+00 1.042727e+00
6.188083e-01 -4.046121e+00
4.354979e+00 1.956339e+00
-2.224704e+00 2.901167e+00
1.362633e+00 1.597988e+00
6.170117e-03 2.147748e+00
-6.113810e-01 4.103687e+00
-1.755870e+00 8.196460e+00
2.020077e+00 4.384607e+00
4.788660e-01 4.809239e+00
2.052836e+00 8.796548e+00
2.665666e-01 7.096683e+00
2.150880e+00 6.270722e+00
1.642667e+00 7.182749e+00
-8.070006e-01 7.502224e+00
-7.766589e-01 1.092182e+01
-1.789300e+00 9.194378e+00
-1.696510e+00 -9.664111e+00
7.302745e-02 -8.330416e+00
1.371333e-01 -6.725397e+00
1.839611e+00 -4.311063e+00
-2.259561e-01 -8.229015e-01
-4.600847e-02 2.258085e-01
3.481054e+00 2.664011e+00
5.401416e+00 2.164991e+00
1.174516e+00 2.736513e+00
4.710463e+00 3.416009e+00
2.863983e+00 5.112079e+00
4.972707e+00 6.415216e+00
4.330041e+00 8.298041e+00
4.830211e+00 9.470514e+00
4.570258e+00 1.045080e+01
3.652446e+00 9.490191e+00
2.528461e+00 9.723575e+00
3.019483e+00 -7.858853e+00
2.174859e+00 1.072952e+01
-1.760380e+00 -1.101126e+01
-6.806026e-01 9.592709e+00
5.819989e+00 -3.599841e+00
1.223445e+00 -6.380564e+00
2.690483e+00 -3.678371e+00
3.370629e+00 1.381164e+00
1.902752e+00 -5.065415e-01
2.995691e+00 1.594083e-01
5.911267e+00 3.167687e+00
6.454938e+00 2.264571e+00
3.373479e+00 3.847870e+00
5.616374e+00 8.319947e+00
8.154130e-01 3.768931e+00
3.122865e+00 6.187835e+00
3.636787e+00 -8.756124e+00
3.261536e+00 8.206309e+00
3.197123e+00 -1.113358e+01
2.068321e+00 -1.056991e+01
9.125975e+00 -9.639363e+00
2.224854e+00 -7.084815e+00
-6.986550e-01 -1.002665e+01
8.020209e-02 1.031448e+01
2.029830e+00 -8.241756e+00
2.423914e+00 -9.314227e+00
2.752586e+00 -4.841612e+00
3.755614e+00 -3.801682e+00
1.688561e+00 -3.279576e+00
4.114442e+00 6.659244e-01
5.110107e+00 1.171139e+00
4.978515e+00 5.310001e+00
6.282943e+00 6.168697e+00
4.889439e+00 7.519841e+00
3.902210e+00 5.385776e+00
4.437751e+00 -9.634347e+00
3.899110e+00 7.046765e+00
8.127464e+00 1.051328e+01
5.262265e+00 -1.039414e+01
4.275789e+00 -1.091263e+01
5.306597e+00 -7.576392e+00
1.052850e+00 1.065027e+01
2.442086e+00 -5.967138e+00
3.240410e+00 -6.764094e+00
6.271199e+00 -7.118896e+00
3.971733e+00 -6.028927e+00
6.006919e+00 -6.073182e+00
3.889209e+00 -4.845950e+00
2.351373e+00 -1.394182e+00
5.012637e+00 -1.040955e-01
6.221129e+00 1.191326e+00
7.067422e+00 5.535547e+00
6.642401e+00 1.034531e+01
7.134549e+00 8.101137e+00
6.268952e+00 9.155290e+00
7.465151e+00 9.459994e+00
5.591274e+00 1.030761e+01
8.540352e+00 9.531431e+00
1.413137e+00 9.636103e+00
3.415479e+00 -9.918983e+00
4.151415e+00 -7.361753e+00
6.912976e+00 -8.899387e+00
6.975725e+00 -1.003923e+01
9.114485e+00 -8.180469e+00
8.677039e+00 -6.527144e+00
7.342138e+00 -6.612143e+00
7.956890e+00 -5.845507e+00
4.786927e+00 -4.399800e+00
4.004433e+00 -4.963260e-01
7.130498e+00 3.027929e+00
4.389513e+00 4.409904e+00
6.387430e+00 -1.567566e+00
2.391539e+00 3.268016e+00
6.859224e+00 4.326166e+00
9.503023e+00 1.034447e+01
9.340745e+00 6.742452e+00
-1.082359e+01 1.110729e+01
7.393864e+00 -1.116808e+01
6.018996e+00 -8.368611e+00
7.961288e+00 -8.739411e+00
1.101916e+01 -8.953322e+00
5.000906e+00 -6.525464e+00
7.158463e+00 -7.881129e+00
9.478797e+00 -7.196666e+00
6.573475e+00 -2.811956e+00
8.292902e+00 -7.625332e+00
5.803913e+00 -4.677358e+00
2.587765e+00 -2.512823e+00
4.946208e+00 -5.467596e+00
7.066732e+00 8.743092e-02
5.351228e+00 -1.094843e+00
7.965022e+00 1.976212e+00
5.417049e+00 4.153161e+00
6.009790e+00 5.107452e+00
8.284405e+00 8.459720e+00
6.267481e+00 -1.085350e+01
1.041374e+01 9.669263e+00
1.054461e+01 1.097188e+01
7.977889e+00 -9.761631e+00
4.913988e+00 -8.670265e+00
-1.117428e+01 -6.796875e+00
1.001271e+01 -8.802094e+00
-1.033980e+01 -9.582266e+00
9.683085e+00 -6.032952e+00
4.776571e+00 -3.076813e+00
6.978551e+00 -5.325441e+00
3.708389e+00 -2.669065e+00
3.431731e+00 -1.650958e+00
7.353809e+00 -2.144354e+00
6.107941e+00 -3.165488e-01
7.387149e+00 1.083397e+00
8.244043e+00 2.977649e+00
7.934147e+00 4.092236e+00
8.268230e+00 7.145707e+00
6.055715e+00 7.244249e+00
-1.065919e+01 4.214391e+00
9.419248e+00 8.868340e+00
9.572752e+00 -1.076464e+01
5.831273e+00 -9.381344e+00
-9.569263e+00 9.457560e+00
8.572747e+00 -1.063264e+01
1.020512e+01 -9.790301e+00
-8.468304e+00 9.964634e+00
1.084036e+01 -7.767775e+00
1.028218e+01 -4.818727e+00
1.021803e+01 -3.676464e+00
7.028843e+00 -4.019667e+00
4.607813e+00 -1.818472e+00
9.433714e+00 6.980365e-01
8.437827e+00 1.000929e+00
8.144494e+00 -2.016404e-01
-1.087582e+01 6.464809e+00
8.697526e+00 4.765800e+00
8.005230e+00 6.073951e+00
-8.551153e+00 4.813126e+00
-1.068468e+01 3.157864e+00
-9.770823e+00 6.218504e+00
-9.859464e+00 -1.086825e+01
-9.103641e+00 7.383707e+00
