-7.111065e+00 -8.689957e+00
1.004068e+01 9.615461e+00
-9.866171e+00 1.064849e+01
-8.860707e+00 -9.443886e+00
-1.021562e+01 -5.341378e+00
-9.143822e+00 -3.270488e+00
-1.106645e+01 -5.954333e+00
9.799241e+00 -3.439098e+00
7.648185e+00 -2.292933e+00
6.933084e+00 -2.634319e-01
6.963267e+00 6.910753e+00
9.042948e+00 5.708685e+00
1.032184e+01 -1.532091e+00
5.836600e+00 7.399859e+00
-9.216742e+00 8.714086e+00
9.247870e+00 3.959378e+00
-1.010802e+01 3.537750e+00
-6.323284e+00 5.303400e+00
8.927646e+00 1.037834e+01
-7.638480e+00 -1.102651e+01
-8.194763e+00 -8.436704e+00
-3.978647e+00 -7.258741e+00
-1.007198e+01 -9.422438e+00
-1.057031e+01 -6.847492e+00
-9.782467e+00 -7.604610e+00
-1.034913e+01 -3.640715e+00
-8.881714e+00 -1.221183e+00
-9.674720e+00 -4.427121e+00
8.600451e+00 -2.735631e+00
9.637235e+00 1.559824e+00
1.059745e+01 -2.779487e+00
9.423607e+00 -2.209466e+00
-1.098107e+01 -1.580834e+00
1.069358e+01 1.544305e+00
7.038197e+00 2.307294e+00
6.811468e+00 8.133025e+00
1.089517e+01 1.028679e+01
-6.002806e+00 9.303286e+00
-1.054403e+01 9.693291e+00
1.084693e+01 7.921520e+00
-6.446130e+00 -9.543023e+00
-6.206907e+00 -8.244287e+00
1.102072e+01 -7.573518e+00
-8.673837e+00 1.076410e+01
-8.347059e+00 -6.282471e+00
-1.002925e+01 -7.849040e-01
-8.797272e+00 -2.201808e+00
-7.993898e+00 -3.379978e+00
2.441160e+00 -1.836922e-02
-9.469360e+00 6.766302e-02
9.904568e+00 -4.467675e+00
-1.047639e+01 7.047182e-01
-1.107931e+01 -5.704586e-01
-1.112068e+01 6.767854e+00
1.006283e+01 -4.654902e-01
-7.466021e+00 5.253336e+00
-9.075164e+00 6.363827e+00
-3.571394e+00 4.106040e+00
-6.953141e+00 6.261446e+00
-5.294412e+00 5.151242e+00
-4.403708e+00 -9.445505e+00
-2.132682e+00 -9.731027e+00
-8.743147e+00 -7.377334e+00
-8.104042e+00 -5.312462e+00
-1.055089e+01 -2.629140e+00
-8.534015e+00 -4.243101e+00
-7.073013e+00 -5.576521e+00
-6.776327e+00 -3.519447e+00
6.570901e+00 -6.738037e+00
-9.116179e+00 1.353418e+00
-7.997994e+00 7.369830e-01
1.030658e+01 2.659855e+00
6.635596e+00 4.229008e+00
9.857775e+00 5.084055e+00
-1.114372e+01 5.551172e+00
8.057370e+00 2.641681e+00
-6.658465e+00 1.003250e+00
-5.216784e+00 7.124169e+00
-6.850332e+00 8.611211e+00
-8.167169e+00 9.679991e+00
-4.569854e+00 7.864427e+00
-6.593363e+00 1.068497e+01
-5.488065e+00 -1.012366e+01
-4.176300e+00 -8.454125e+00
-7.291656e+00 -6.614716e+00
-9.097297e+00 -5.492450e+00
-6.465352e+00 -4.662946e+00
-7.763148e+00 -1.216232e+00
1.041627e+01 -6.766976e+00
-1.329530e+00 -6.038864e+00
-7.442310e+00 -4.428803e+00
-4.422987e+00 7.876549e-01
-5.905136e+00 -4.632778e-03
-7.587253e+00 1.725399e+00
-9.599324e+00 2.576639e+00
9.228354e+00 2.973471e+00
-1.070022e+01 4.441845e+00
-9.296861e+00 9.758867e+00
-2.414260e+00 6.113658e+00
-2.921240e+00 -1.061394e+01
-6.335788e+00 7.150233e+00
-3.917790e+00 -1.035521e+01
-5.534736e+00 1.043520e+01
-4.262596e+00 -2.290215e+00
-2.556905e+00 -4.686304e+00
-6.629090e+00 -2.528043e+00
3.641914e+00 -3.287059e+00
-7.767209e+00 -2.308320e+00
-6.100560e+00 -6.200826e+00
-5.445612e+00 -2.062403e+00
-7.289432e+00 -1.009340e-01
-5.646708e+00 1.213226e+00
-8.501195e+00 5.346463e+00
-7.711914e+00 2.931722e+00
-9.425428e+00 4.612422e+00
1.053994e+01 5.095133e-01
-7.298786e+00 7.640214e+00
-7.737169e+00 -9.669885e+00
-1.016612e+01 1.639003e+00
-8.073631e+00 6.330807e+00
-2.225109e+00 4.268409e+00
-7.209835e+00 3.971466e+00
-1.233296e+00 -9.091452e+00
-7.578190e+00 -7.652733e+00
-3.630591e+00 -5.526289e+00
-4.719903e+00 -3.355750e+00
-3.348279e+00 -3.064975e+00
-6.433520e+00 -7.182319e+00
-8.360375e+00 -2.947794e-01
-2.548878e+00 -1.695492e+00
-6.702750e+00 -1.249168e+00
-4.755300e+00 2.042379e+00
-6.453864e+00 2.108822e+00
1.100113e+01 3.353460e+00
-3.782157e+00 2.357180e+00
-3.469516e+00 6.260577e+00
-6.016584e+00 4.331625e+00
-9.524078e+00 7.487840e+00
-5.417636e+00 2.865667e+00
-4.161725e+00 5.135036e+00
-5.843404e+00 8.246335e+00
-2.621742e+00 7.224007e+00
-4.884241e+00 -1.109061e+01
-5.495488e+00 -9.054315e+00
-2.897641e+00 -6.866973e+00
-5.107151e+00 -8.036869e+00
-3.418641e+00 -4.237114e+00
-5.348781e+00 -4.194574e+00
-1.523081e+00 -4.943502e+00
-2.796749e+00 -6.940500e-01
-5.707236e-01 -5.536147e-01
-9.289322e-01 -2.589272e+00
-5.687142e+00 -1.033251e+00
-3.618795e-01 3.185733e+00
-4.583938e+00 4.229099e+00
-1.919844e+00 1.313699e+00
-3.671144e+00 -1.303393e+00
-1.206690e+00 6.256966e+00
-5.684864e+00 6.156567e+00
-1.924022e+00 3.227527e+00
-4.423338e+00 8.861782e+00
-4.588272e+00 9.990425e+00
-3.371508e+00 8.394742e+00
-4.492683e+00 -6.152608e+00
-4.360071e+00 -4.651744e+00
-1.976093e+00 -2.580070e+00
8.009521e-01 -5.962514e+00
-5.741049e+00 -3.267766e+00
-3.941779e-01 -4.680482e+00
1.317861e+00 -7.032977e+00
3.366143e-01 -6.791060e+00
-1.935219e+00 -1.773694e-01
-1.462806e+00 -1.285371e+00
-4.885972e+00 -1.628073e-01
-8.583011e+00 2.206287e+00
-8.158890e+00 4.402541e+00
-1.082842e+00 4.296997e+00
-3.246242e+00 -9.090463e+00
-1.416627e+00 7.345355e+00
-3.487712e+00 1.232830e+00
-1.268961e+00 -1.026076e+01
-4.547425e+00 6.189494e+00
-1.453254e-01 -8.984014e+00
-2.223836e+00 -8.622756e+00
-5.309907e+00 -7.005508e+00
-2.358698e+00 -3.659115e+00
1.971119e+00 -6.289398e+00
-5.199857e+00 -5.333417e+00
7.969114e-01 -4.814488e+00
-4.699948e+00 -1.201143e+00
-4.255467e-01 -1.619025e+00
5.482213e-01 -2.072628e+00
-8.586512e+00 3.479960e+00
-3.839083e+00 -2.825262e-01
1.798279e+00 3.340239e+00
-1.005030e+01 5.437768e+00
-3.047685e+00 3.058894e+00
-2.273443e+00 8.292469e+00
-3.011842e+00 5.163541e+00
-6.505671e+00 -1.055336e+01
-3.866576e+00 1.081121e+01
9.873637e-01 7.136653e+00
2.050194e-01 8.937196e+00
-3.127237e+00 -7.919347e+00
5.650429e-01 -1.092383e+01
1.504921e-02 -7.927154e+00
-1.517141e+00 1.096702e+01
1.139367e+00 -8.025431e+00
3.358102e+00 -7.902214e+00
1.390013e+00 -2.979115e+00
5.926399e+00 2.498918e-01
-6.138252e-01 1.335906e+00
-4.523772e-01 5.291139e+00
-2.897325e+00 3.413386e-01
-4.345935e+00 3.219461e+00
-2.623019e+00 2.109587e+00
-1.696771e+00 5.280197e+00
-3.754529e+00 7.266577e+00
2.723011e+00 8.329150e+00
8.584462e-01 5.688084e+00
-3.541439e+00 9.696813e+00
-1.481433e-01 -1.008042e+01
2.240684e+00 -8.560184e+00
-1.323610e+00 -8.096453e+00
1.786286e+00 -5.196409e+00
-2.402945e-01 -5.758132e+00
2.825772e+00 -5.668350e+00
7.311470e-02 3.545279e-01
4.601744e+00 -2.418184e+00
5.216345e+00 1.082689e+00
-6.479267e+00 3.189341e+00
2.203954e-01 2.245750e+00
-1.895636e-03 4.236548e+00
6.488622e-01 3.329381e+00
-2.591002e-01 6.730776e+00
2.780121e+00 5.809468e+00
1.923615e+00 5.079563e+00
-1.416073e+00 9.894778e+00
-1.000741e+00 8.533572e+00
8.802036e-02 7.693786e+00
8.905660e-01 8.240884e+00
1.940113e+00 7.571581e+00
1.233407e+00 9.224644e+00
-2.524608e+00 9.266968e+00
-1.868737e+00 -7.136533e+00
-2.430492e+00 -5.831104e+00
4.249947e+00 -6.856787e+00
3.237753e+00 -4.281575e+00
-1.089530e+00 3.717835e-01
-1.293956e+00 2.303018e+00
3.617501e+00 6.352495e-01
5.269100e+00 2.542544e+00
6.106587e-01 1.204974e+00
7.878501e+00 6.005135e+00
1.856459e+00 6.355387e+00
1.257596e+00 2.012670e+00
4.405197e+00 1.615850e+00
2.402081e+00 9.270543e+00
4.757086e+00 7.869841e+00
2.781361e+00 1.082219e+01
3.748498e+00 6.377150e+00
2.353020e+00 -7.470120e+00
1.830393e+00 1.017186e+01
-2.593041e+00 1.038245e+01
3.071309e+00 -1.048213e+01
5.796878e+00 -4.071079e+00
3.140176e+00 -6.764547e+00
4.191351e+00 -4.378028e+00
1.185607e+00 2.111124e-01
-1.013063e+00 -3.685526e+00
4.850312e-01 -6.050684e-01
2.317829e+00 2.121339e+00
6.008142e+00 -9.257559e-01
3.593083e+00 4.073163e+00
5.757604e+00 8.460636e+00
1.009131e+00 4.505620e+00
2.841055e+00 6.964261e+00
4.222223e+00 -1.083246e+01
3.607180e+00 1.016956e+01
4.966262e+00 9.216234e+00
2.914296e+00 -9.441380e+00
9.102485e+00 -5.213181e+00
4.026366e+00 -5.525195e+00
-5.056981e-01 1.080681e+01
3.525235e-01 1.026266e+01
-8.545674e-01 -7.030893e+00
9.663199e-01 -9.568994e+00
5.949409e+00 -5.709163e+00
6.515363e+00 -4.864178e+00
3.709367e+00 -1.570664e+00
1.913102e+00 -1.934566e+00
4.596472e+00 2.100682e-01
3.604441e+00 5.094515e+00
5.509731e+00 3.966474e+00
2.432170e+00 4.171592e+00
2.853030e+00 3.273318e+00
4.046709e+00 -9.794170e+00
4.438628e+00 3.382766e+00
7.801187e+00 7.606917e+00
6.687868e+00 -1.080999e+01
4.663669e+00 1.036854e+01
9.041543e+00 -9.720832e+00
1.711256e+00 1.117929e+01
4.951837e+00 -6.027134e+00
3.822021e+00 -8.752188e+00
8.625456e+00 -7.497040e+00
4.658182e+00 -7.894633e+00
5.396754e+00 -6.995199e+00
5.138441e+00 -4.969037e+00
1.806236e+00 -4.222548e+00
1.649434e+00 -7.526388e-01
6.108204e+00 1.660237e+00
6.889889e+00 9.774842e-01
6.976960e+00 9.286576e+00
5.580261e+00 6.157570e+00
8.663505e+00 6.798547e+00
7.808101e+00 8.654478e+00
7.986774e+00 9.674695e+00
9.924042e+00 7.111354e+00
3.843230e+00 8.755309e+00
1.889113e+00 -1.016463e+01
4.825522e+00 -9.104782e+00
7.958870e+00 -9.302015e+00
7.689929e+00 -1.051669e+01
9.820215e+00 -9.046064e+00
1.013444e+01 -5.609352e+00
8.802767e+00 -8.547228e+00
7.559499e+00 -7.143880e+00
5.713265e+00 -3.001533e+00
5.384617e-02 -3.224948e+00
7.394340e+00 5.017113e+00
6.715664e+00 5.887352e+00
6.164935e+00 3.037095e+00
2.629022e+00 1.008820e+00
4.639787e+00 4.409986e+00
5.727676e+00 1.001772e+01
4.548147e+00 5.540816e+00
1.068727e+01 -1.015705e+01
6.752527e+00 1.039616e+01
6.727948e+00 -7.834260e+00
1.076589e+01 -8.592772e+00
-9.468787e+00 -8.553994e+00
5.720660e+00 -8.139353e+00
6.909128e+00 -9.793372e+00
-9.646365e+00 -6.314074e+00
5.720782e+00 -1.915528e+00
9.415840e+00 -6.414711e+00
6.794832e+00 -3.795528e+00
2.719068e+00 -1.099599e+00
8.850803e+00 -4.157078e+00
3.633578e+00 -3.976944e-01
3.037542e+00 -2.464571e+00
-1.069816e+01 2.543968e+00
3.639763e+00 2.450745e+00
8.873937e+00 7.824940e+00
8.856254e+00 9.063470e+00
5.476881e+00 1.107293e+01
9.920630e+00 8.592183e+00
5.535621e+00 -1.007596e+01
9.099478e+00 -1.076251e+01
7.716986e+00 -8.178495e+00
1.088912e+01 -4.873113e+00
-1.057179e+01 -8.413094e+00
-9.545554e+00 -1.057241e+01
8.171059e+00 -6.328352e+00
7.200571e+00 -1.396736e+00
7.044195e+00 -5.772963e+00
4.824737e+00 -3.494849e+00
2.625202e+00 -3.466559e+00
7.897676e+00 -3.618041e+00
8.462634e+00 -1.563503e+00
4.963700e+00 -8.040628e-01
8.479119e+00 4.661422e+00
8.107846e+00 1.417321e+00
3.728556e+00 7.674535e+00
4.760838e+00 6.857299e+00
8.240510e+00 3.637807e+00
1.025435e+01 6.032211e+00
1.097662e+01 9.013755e+00
5.939744e+00 -9.149696e+00
-8.488518e+00 -1.036437e+01
7.842814e+00 1.077725e+01
9.941925e+00 1.084346e+01
-8.095076e+00 8.662680e+00
9.667696e+00 -7.818181e+00
-9.782315e+00 -1.918809e+00
1.091715e+01 -3.796519e+00
7.948743e+00 -5.136262e+00
6.687752e+00 -2.640101e+00
9.394397e+00 4.478792e-01
7.997627e+00 2.657809e-01
9.004539e+00 -4.366261e-01
-1.010463e+01 6.570090e+00
7.181036e+00 3.366449e+00
5.662788e+00 5.153649e+00
-1.021445e+01 8.413943e+00
1.030428e+01 4.239430e+00
-8.377696e+00 7.351829e+00
-1.076761e+01 -1.101670e+01
-7.007314e+00 9.683326e+00
