1.072952e+01 -9.846873e+00
-7.975169e+00 7.728116e+00
-5.650737e+00 9.852613e+00
-7.979908e+00 -2.141276e-02
-9.629287e+00 2.510809e+00
1.019913e+01 -5.036221e+00
8.308478e+00 -3.867495e+00
-5.835187e+00 4.215520e+00
7.958791e+00 -4.976795e+00
6.484031e+00 -2.818546e+00
-4.651931e+00 1.049842e+01
-9.271552e+00 4.470292e+00
9.894797e+00 6.741155e-01
8.274580e+00 -1.487171e+00
-1.950768e+00 4.418511e+00
7.542717e+00 2.790041e+00
9.221331e+00 1.410673e+00
-8.647841e+00 -1.090752e+01
-6.603166e+00 -6.097052e+00
-5.554033e+00 -5.522872e+00
1.031596e+01 -8.296650e+00
8.834101e+00 -6.638887e+00
3.013928e+00 -8.071364e+00
2.937893e+00 -4.290524e+00
7.253606e+00 1.794514e-01
-7.819260e+00 6.735075e+00
-3.383287e+00 2.163557e+00
3.868976e+00 1.102299e+01
5.316774e+00 -1.150235e+00
-8.767222e+00 6.136388e+00
-5.521544e-01 5.916395e+00
2.015212e+00 -3.749477e+00
-8.618437e+00 3.038933e+00
-9.725948e+00 6.482819e+00
-1.232591e+00 5.094176e+00
-1.011904e+01 1.090442e+01
1.010171e+01 -7.221426e+00
-6.789986e+00 -7.148968e+00
-1.113368e+01 -5.913352e+00
-3.175233e+00 6.250652e+00
-9.754388e+00 -7.260974e+00
9.704694e+00 -2.792110e+00
-7.672389e+00 -6.502074e+00
-8.864319e+00 9.375335e+00
1.115706e+01 -7.438383e+00
-1.009911e+01 5.455127e+00
-9.967652e+00 1.141957e+00
-1.006568e+01 -1.680884e+00
5.556096e+00 -3.317480e+00
-5.401805e+00 1.774511e+00
7.246108e+00 -2.097245e+00
-1.220669e+00 1.427474e+00
6.354423e+00 -2.958292e-01
-8.363275e+00 5.107951e+00
8.121393e+00 -3.080970e-01
-6.338361e+00 1.074707e+00
1.807982e+00 4.625731e+00
-8.043277e+00 -1.226983e+00
-4.788716e+00 3.784031e+00
-2.632126e+00 7.417088e+00
7.402758e+00 1.007992e+01
9.284653e+00 8.888717e+00
-9.876427e+00 9.554298e+00
-5.557270e+00 -6.702951e+00
-7.549116e+00 3.358957e+00
7.317341e+00 -8.014598e+00
7.066243e+00 -6.925301e+00
-9.029182e+00 -5.568720e-01
9.211234e+00 -7.734275e+00
5.114807e+00 -4.669476e+00
3.261539e-01 6.330112e+00
6.319453e+00 -1.632179e+00
1.260958e-01 3.357447e+00
1.973690e+00 5.657099e+00
-4.700169e+00 8.701926e+00
7.598915e+00 6.096598e+00
-8.991103e+00 -1.655900e+00
-6.941636e+00 8.151140e+00
6.907059e+00 -4.918473e+00
-7.867749e+00 -8.781437e+00
5.796436e+00 -1.100454e+01
-9.863497e+00 -6.259266e+00
2.292594e+00 7.998112e+00
5.098849e+00 -9.209581e+00
7.856047e+00 -1.009549e+01
5.348836e+00 -2.248231e+00
-9.063958e+00 -3.026491e+00
9.841637e-01 5.365063e+00
4.107774e+00 -8.542835e+00
1.258920e+00 -4.419063e+00
1.070166e+01 -3.065989e+00
-8.790848e-02 -6.109954e-01
-3.348887e+00 9.472640e-01
5.374723e+00 3.017990e+00
1.067785e+01 4.036665e+00
1.740117e-01 -2.902397e+00
8.578007e+00 3.309443e+00
-5.446482e+00 4.987996e-01
-5.051731e+00 5.175496e+00
7.547086e+00 -5.906901e+00
-1.095284e+01 7.739201e-01
5.514893e+00 8.559445e+00
-8.783661e+00 -6.569315e+00
1.004119e+01 -6.107854e+00
-4.569691e+00 -9.856912e+00
1.016031e+01 -1.074462e+01
-3.405241e+00 -4.627392e+00
9.545543e+00 2.584886e+00
-6.722044e+00 1.143604e-01
-8.584984e+00 -5.496601e+00
-1.080527e+01 -9.926485e-01
-3.895364e+00 -6.551490e-01
9.146894e-01 -9.048258e-01
2.089189e+00 2.003002e+00
-1.115417e+01 7.682785e+00
-1.091400e+01 9.898038e+00
-4.161175e+00 5.886096e+00
-6.483333e+00 -4.929551e+00
-8.108466e+00 4.154546e+00
-7.344928e+00 -9.833250e+00
2.439825e-01 8.413841e+00
-2.997989e+00 5.281981e+00
-8.787297e-02 -9.843011e+00
-9.871301e+00 -8.322903e+00
2.424371e+00 -7.100717e+00
-9.927413e+00 -1.079604e-02
-7.017049e+00 -1.999352e+00
-6.617406e+00 -1.070251e+01
-3.786815e+00 3.395985e+00
-6.796444e+00 2.022092e+00
3.301642e+00 -6.479112e+00
-5.147782e+00 -3.372552e+00
-7.944981e+00 2.212376e+00
-1.069918e+01 3.403875e+00
-3.414673e+00 -1.010680e+01
3.149709e+00 8.598988e+00
1.132977e+00 -2.009708e+00
3.787671e+00 4.630309e+00
-1.379788e+00 7.923348e+00
2.224053e+00 6.835463e+00
-6.055004e+00 5.405837e+00
-2.360867e+00 9.967313e+00
-8.792091e+00 -7.591095e+00
-7.699832e+00 -7.727365e+00
-1.086890e+01 -3.820910e+00
-3.797021e+00 7.240914e+00
-4.927623e+00 -5.689793e-01
-3.553001e+00 -5.731895e+00
9.742552e-01 1.709792e+00
-8.028086e+00 -2.319656e+00
2.339273e+00 -2.136853e-02
-4.314662e+00 2.499038e+00
-5.689895e+00 6.434575e+00
-4.515126e+00 -7.449861e+00
3.691349e+00 3.474840e+00
4.186131e+00 2.358071e+00
-7.482914e+00 -5.474971e+00
-6.772153e+00 9.358010e+00
7.579959e+00 3.928787e+00
-2.729540e+00 -2.620455e+00
-2.049294e+00 5.834329e+00
-4.142604e+00 4.737267e+00
-1.546016e-01 -6.194707e+00
-7.089311e+00 -8.143279e-01
1.023303e+01 -1.702208e+00
1.079021e+00 2.855567e+00
1.705096e+00 9.799922e-01
-1.099132e+01 -4.874213e+00
-2.538168e+00 3.302799e+00
-7.681662e-01 3.956813e+00
-2.559081e+00 8.880082e+00
3.106777e+00 -1.034306e+01
-3.584564e+00 -7.862312e+00
3.334411e+00 1.797745e+00
-9.660462e+00 3.516127e+00
-2.816295e+00 -4.639349e-03
4.846108e+00 4.910472e+00
-1.090074e+00 -9.981907e+00
6.820641e+00 -9.933497e+00
-1.866155e+00 -4.748739e-01
-2.918716e+00 -1.111862e+01
-1.942432e-01 4.915137e+00
-5.042615e+00 -1.909499e+00
-4.994498e+00 7.205260e+00
8.186432e+00 -1.114568e+01
4.305993e+00 6.844712e+00
-3.541160e+00 -6.833775e+00
-7.311814e+00 -3.348612e+00
-1.051278e+00 -7.737134e+00
-7.591104e+00 9.818721e-01
9.173449e+00 -1.923130e+00
-4.031993e+00 -2.732023e+00
-8.294830e-01 2.858151e+00
-1.707701e+00 2.367505e+00
1.959213e+00 -1.330890e+00
-1.116676e+01 1.095012e+01
-1.407911e+00 -2.358464e+00
3.088645e+00 9.914460e+00
3.191545e+00 6.404725e+00
6.082477e+00 -7.763871e+00
1.745443e+00 -7.967309e+00
5.051751e+00 9.623637e+00
1.039363e+01 6.951036e+00
1.011765e+01 -3.950230e+00
-3.541010e+00 8.193573e+00
8.492951e+00 2.174272e+00
7.582584e-01 -8.183052e+00
-4.546018e+00 -6.105225e+00
4.186555e+00 7.996357e+00
-1.299371e+00 -4.355802e+00
3.004663e+00 5.331794e+00
-4.323434e+00 -4.079497e+00
-3.331186e+00 -8.960636e+00
-2.518200e+00 1.622377e+00
2.159835e+00 -8.887812e+00
4.203033e+00 -1.181542e+00
6.839236e+00 4.813696e+00
9.963581e-01 3.986981e+00
1.460288e+00 -1.110116e+01
3.891488e+00 -1.436270e-01
2.608648e+00 1.110211e+01
-8.650942e+00 -9.841012e+00
-1.881706e+00 -1.109802e+01
-7.718889e+00 8.816472e+00
3.202958e+00 -1.946382e+00
-2.724510e+00 -1.231948e+00
8.554637e-01 -5.640074e+00
-3.747562e+00 -1.774531e+00
-8.877830e+00 7.595281e-01
2.763330e+00 4.097674e+00
5.639513e+00 1.963865e+00
1.957589e+00 3.310727e+00
-4.350351e+00 -1.084894e+01
-3.183128e+00 4.301951e+00
-1.001143e+00 2.480606e-01
9.766010e+00 3.602982e+00
1.071984e+01 2.844129e+00
5.002077e+00 1.070805e+01
1.679388e-01 -3.966993e+00
-4.333564e+00 -8.692128e+00
-5.604681e+00 1.086696e+01
-2.213675e+00 -8.330235e+00
-3.552417e+00 9.298566e+00
1.018369e+01 8.070426e+00
-6.390236e+00 -3.881236e+00
-1.472898e-02 9.203471e-01
8.577981e+00 8.223205e+00
-3.465134e+00 1.040898e+01
-4.435892e+00 1.408726e+00
5.376904e+00 -7.021982e+00
-2.420348e+00 -6.064689e+00
-2.003681e+00 -3.522302e+00
6.277170e+00 1.042969e+01
3.148778e+00 6.613093e-01
-1.225137e+00 1.025779e+01
9.580071e-03 2.106728e+00
1.177834e+00 -6.893808e+00
9.382711e+00 1.094422e+01
9.276542e+00 9.891645e+00
1.860883e+00 -9.907116e+00
9.100033e+00 7.491650e-03
8.282971e+00 -8.319514e+00
-6.006776e+00 -1.034173e+00
-5.496561e+00 -8.882908e+00
-1.095627e+01 1.973768e+00
3.452043e-02 -5.011489e+00
6.191780e+00 -6.379602e+00
4.002299e+00 -7.450124e+00
9.393514e+00 -9.662006e-01
-1.427000e-01 -8.828316e+00
-5.909873e+00 -2.490946e+00
6.596127e+00 3.378976e+00
8.104195e+00 -2.819896e+00
4.343969e+00 -2.173032e+00
5.839311e+00 6.698729e+00
5.581804e+00 5.608935e+00
3.338714e+00 7.430016e+00
4.148210e+00 1.003091e+01
7.445800e+00 8.369210e+00
6.606516e+00 5.862774e+00
6.401188e+00 9.237904e+00
2.288494e+00 -2.416997e+00
4.175130e+00 9.019723e+00
1.510819e+00 1.018606e+01
-1.083226e+01 4.652977e+00
-5.494946e+00 -1.044980e+01
-1.239574e+00 -6.412043e+00
5.783413e+00 -9.917731e+00
4.024626e+00 -4.610171e+00
-1.104209e+00 -5.418840e+00
-2.149718e+00 -4.992883e+00
-7.437070e-01 -3.354907e+00
6.840414e+00 6.843319e+00
4.615647e+00 3.786351e+00
-2.365906e+00 -1.002253e+01
-1.987681e+00 6.919148e-01
-8.959382e+00 7.332971e+00
5.886397e+00 9.305125e-01
2.577670e-01 1.022160e+01
-6.904136e+00 4.288156e+00
-1.065823e+01 -1.014167e+01
9.033868e+00 -1.041724e+01
7.436719e+00 1.551695e+00
2.091637e+00 -5.055184e+00
1.276901e+00 -3.080424e+00
4.687298e+00 1.327289e+00
-1.106394e+01 -8.863539e+00
3.198191e+00 -5.351074e+00
9.719448e+00 6.098955e+00
-4.377709e+00 4.109884e-01
-8.571920e+00 -3.941395e+00
-1.244783e+00 -8.848542e+00
-7.798025e+00 1.005551e+01
-7.101327e+00 5.986269e+00
4.135126e+00 5.693701e+00
-1.088457e+01 8.809813e+00
-5.296000e+00 -4.430473e+00
-7.666139e+00 -1.106434e+01
5.176299e+00 7.458861e+00
7.907052e+00 4.962740e+00
1.027753e+01 1.046161e+01
-6.438826e+00 -9.474116e+00
-9.821210e+00 -9.528854e+00
1.051457e+01 9.347458e+00
8.662771e+00 -9.357316e+00
7.433247e+00 -9.064127e+00
-6.220056e-01 7.172716e+00
7.776839e+00 7.275513e+00
8.970215e+00 4.270090e+00
-1.477528e+00 6.605356e+00
8.684654e+00 6.528876e+00
-6.644250e+00 -8.310499e+00
-1.478425e+00 9.041622e+00
2.858856e+00 2.744175e+00
7.231792e+00 -9.376814e-01
4.076932e+00 -9.697857e+00
-2.253002e+00 -7.267720e+00
1.206164e+00 8.177233e+00
-5.911030e+00 8.731591e+00
7.974237e-01 -1.026104e+01
6.294023e+00 -8.905109e+00
-9.703065e+00 -5.238220e+00
4.493123e+00 -3.292062e+00
4.250843e-01 -1.117596e+01
-8.946106e+00 -8.723702e+00
-1.010646e+01 -3.044543e+00
-1.009910e+01 7.612201e+00
4.429795e+00 -6.493267e+00
-2.022480e-01 -1.921655e+00
-1.082369e+01 -2.290937e+00
-1.064601e+00 -1.288382e+00
7.165177e+00 -3.882926e+00
-4.596888e+00 -5.084438e+00
8.858989e-01 9.276298e+00
6.627710e+00 2.181935e+00
9.300056e+00 7.416755e+00
-7.337441e+00 -4.396796e+00
8.896739e+00 5.360660e+00
1.067063e+00 7.162560e+00
-9.557231e+00 8.508072e+00
7.054668e+00 -1.115752e+01
8.091438e+00 -7.260863e+00
8.389844e+00 9.455393e+00
-9.582929e+00 -1.056414e+01
6.072637e+00 -4.264261e+00
-8.864258e+00 1.818203e+00
1.051356e+01 -2.526503e-01
-3.337230e+00 -3.475864e+00
4.637814e+00 -1.060262e+01
8.927072e-01 9.101143e-02
2.978407e+00 -8.969874e-01
5.189391e+00 -5.784433e+00
1.074039e+01 5.781262e+00
5.114065e+00 -1.054390e-01
1.031224e+01 1.637806e+00
-7.102634e-01 1.112846e+01
3.133102e+00 -3.011980e+00
8.237559e+00 7.494163e-01
-5.909054e+00 7.678657e+00
3.094858e+00 -9.277232e+00
9.728205e+00 -9.177951e+00
-1.080568e+01 6.457548e+00
2.180112e+00 9.141402e+00
-5.045741e-01 9.345569e+00
6.318052e+00 7.831329e+00
9.826632e+00 4.832540e+00
-6.733618e+00 7.086256e+00
5.008134e+00 -8.008953e+00
-1.459765e-01 -7.324058e+00
9.063064e+00 -5.593191e+00
1.958323e+00 -6.126911e+00
9.273117e+00 -4.567347e+00
-6.456992e+00 3.296125e+00
5.642302e+00 4.132001e+00
9.929146e-01 -9.139241e+00
-5.588461e+00 -7.706472e+00
-5.380497e+00 2.835251e+00
-9.703237e+00 -4.124056e+00
-9.121031e+00 1.054329e+01
-6.880756e+00 1.057622e+01
