-1.021015e+01 -1.096381e+01
-9.328305e+00 7.053201e+00
-6.970114e+00 8.284660e+00
-5.598913e+00 -8.885929e+00
8.744369e+00 -6.323591e-01
-1.048111e+01 -4.622603e+00
7.651001e+00 -5.081897e-01
-9.560528e+00 3.526536e+00
5.355953e+00 -6.188977e+00
9.333357e+00 -1.469981e+00
2.108667e+00 6.609617e+00
9.864326e+00 -5.516391e-01
1.074115e+01 -9.470681e-01
7.900612e+00 6.419487e-01
-4.919693e+00 3.456906e+00
4.479518e+00 2.670065e+00
-7.217786e+00 3.059175e+00
-7.961520e+00 8.663435e+00
-9.094152e+00 -1.099427e+01
-4.989759e+00 -1.062731e+01
-8.570337e+00 -7.663832e+00
-7.500121e+00 -7.458772e+00
-9.634187e+00 -7.784303e+00
-8.941473e+00 -8.964322e-01
6.471332e+00 -2.218955e-01
1.092670e+01 2.455998e+00
-9.119534e+00 -2.741629e+00
9.738888e+00 -6.845153e+00
7.445903e+00 -2.246926e+00
-1.073751e+01 3.305563e+00
-6.880141e+00 7.029256e+00
6.017975e+00 -4.127889e+00
-8.613403e+00 3.200033e+00
8.427546e+00 3.032096e+00
-6.714571e-01 4.787691e+00
7.897662e+00 6.936594e+00
-1.013018e+01 -8.844761e+00
-3.403817e+00 -8.925900e+00
-7.987325e+00 -1.047476e+01
-1.073828e+01 6.844299e+00
-4.526178e+00 -6.303046e+00
-9.452831e+00 -5.047443e+00
-6.930546e+00 1.080210e+01
-5.675096e+00 8.944674e+00
-1.087788e+01 -8.142519e+00
9.039702e+00 4.584556e-01
-1.083470e+01 1.428811e+00
-9.110467e+00 2.358886e+00
9.830204e+00 -2.843908e+00
-6.701727e+00 4.063593e+00
4.146880e+00 7.755362e-01
-6.795265e+00 -1.740815e-01
7.476781e+00 2.414425e+00
8.697091e+00 5.010431e+00
4.211430e+00 1.758294e+00
-5.215017e+00 2.393194e+00
1.102452e+01 7.869925e+00
-4.189920e+00 4.103286e+00
-6.282755e+00 5.130644e+00
-6.042953e+00 7.701526e+00
1.032520e+01 -9.894581e+00
5.554568e+00 -1.046947e+01
-1.049529e+01 -6.914712e+00
-4.388910e+00 -8.495816e+00
-5.509129e+00 1.234616e+00
-8.019248e+00 -1.777846e+00
-9.033215e+00 -3.766700e+00
-7.948609e+00 3.201974e-01
8.896920e+00 -6.213417e+00
-9.920025e+00 -4.938462e-01
-5.521287e+00 4.471224e+00
6.358936e+00 2.091433e+00
-2.690901e-01 -4.131925e+00
3.538870e+00 5.540674e+00
-1.010004e+01 7.824768e+00
2.667838e+00 3.246157e+00
-5.891212e+00 2.563558e-01
-5.037275e+00 7.102232e+00
-6.815550e+00 9.461783e+00
-5.876477e+00 1.114205e+01
2.154198e+00 -1.056240e+01
-5.494355e+00 -7.614759e+00
-1.063809e+00 9.036399e+00
1.115794e+01 -9.217918e+00
-9.010472e+00 -8.665462e+00
8.359304e+00 -4.368820e+00
-6.457002e+00 -5.906136e+00
-4.188891e+00 2.029633e+00
-1.012986e+01 -5.773214e+00
4.697562e+00 -8.672600e+00
-9.332376e+00 -6.787856e+00
-2.691850e+00 5.123067e-03
-3.864834e+00 3.046082e+00
-1.758853e+00 5.281759e+00
5.529419e+00 4.747243e+00
2.770656e+00 -8.161837e-01
9.032063e+00 3.917520e+00
-8.574591e+00 -5.574660e+00
-3.352810e+00 6.340813e+00
1.105846e+01 -6.323333e+00
-1.026912e+01 2.344620e+00
1.068738e+00 -9.075486e+00
-4.529974e+00 -9.535518e+00
-5.494171e+00 -4.380365e+00
-7.529405e-01 -7.743373e+00
1.087231e+01 -7.332119e+00
-2.947764e+00 -5.445502e+00
6.876601e+00 1.136735e+00
-6.957046e+00 -9.488950e+00
-2.599135e+00 -2.224653e+00
-7.709422e+00 1.895912e+00
-4.358981e+00 -1.350748e+00
-3.529206e-01 2.586614e-01
-1.204587e+00 1.241821e+00
6.069316e+00 3.717780e+00
9.470950e+00 2.755914e+00
-5.166866e+00 5.458723e+00
-9.038630e+00 8.228786e+00
9.577214e+00 5.773912e+00
-1.042479e+01 4.750293e+00
-2.868619e+00 5.124823e+00
-3.941969e+00 5.378161e+00
-2.983683e+00 -7.835653e+00
-6.489452e+00 -7.127483e+00
1.570428e+00 -4.155488e+00
-1.767186e+00 -1.043101e+01
-4.138111e+00 -5.336654e+00
-2.461174e+00 -6.599907e+00
-4.619729e+00 6.600598e-01
-5.884814e+00 3.320219e+00
1.132782e+00 -6.673466e+00
-9.974160e-01 -1.919579e+00
-7.988800e+00 4.054904e+00
1.058916e+01 6.769679e-01
9.823837e-02 8.995503e+00
5.476433e+00 1.086869e+01
-1.954937e+00 4.144437e+00
7.068924e+00 5.998589e+00
-9.332932e-01 6.009215e+00
-1.911154e-01 6.938324e+00
-8.159329e+00 7.543230e+00
1.366661e+00 8.636248e+00
-3.693673e+00 -1.022257e+01
-8.007219e+00 1.078090e+01
-5.670889e+00 -9.934089e+00
-1.163519e+00 1.106314e+01
-6.323722e+00 -3.464315e+00
-3.021631e+00 -4.326693e+00
-5.335307e+00 -5.356097e+00
-7.227813e+00 -2.486148e+00
4.142495e-03 -1.342803e+00
-2.638359e+00 -3.297776e+00
1.103704e+01 4.298934e+00
-1.323522e+00 -4.007803e+00
-3.077835e+00 4.094636e+00
1.590270e+00 3.961759e+00
-5.519924e+00 -6.462793e+00
-4.934336e+00 8.203306e+00
-2.229211e+00 6.306683e+00
-5.283472e+00 -1.812638e+00
-3.899129e+00 7.392411e+00
-5.866046e+00 6.394681e+00
2.467134e-01 -7.244449e+00
-7.282118e+00 -3.890923e+00
-7.115904e+00 9.482904e-01
-5.101222e+00 -4.239838e-01
-2.810362e+00 8.445343e+00
-7.397067e+00 -5.660097e+00
-8.043332e+00 -3.172584e+00
-3.416682e+00 1.004373e+01
-6.504222e-01 -9.943023e+00
2.374620e+00 -4.921315e+00
1.703267e+00 -5.779538e+00
-2.076713e+00 1.837401e+00
-1.090616e+01 5.860533e+00
-3.416836e+00 1.152987e+00
2.477956e+00 5.636768e+00
-2.311611e+00 -8.663284e+00
4.478852e+00 -1.081524e+01
-7.686547e+00 -7.572926e-01
-3.526913e+00 -6.382695e+00
-4.484550e+00 6.245753e+00
6.834352e-01 -4.648883e+00
-4.934460e+00 1.066438e+01
-6.767643e+00 -1.053172e+01
-4.520306e-01 -8.858438e+00
-1.319635e+00 -6.756913e+00
-4.205698e+00 -7.464011e+00
-1.633762e+00 -9.406137e+00
-7.535265e+00 5.025577e+00
-9.762696e+00 1.201118e+00
-4.237620e+00 -3.346685e+00
-6.532070e+00 2.070169e+00
-6.233125e+00 -1.074130e+00
2.636998e+00 1.243558e+00
1.058396e+01 5.260317e+00
-1.072668e+00 2.222228e+00
3.101116e+00 9.110515e+00
4.243098e+00 6.600135e+00
-1.114785e+01 -1.048107e+01
3.011052e+00 -5.749941e+00
2.604371e+00 -7.843432e+00
6.697161e+00 4.697394e+00
-8.064611e+00 -4.685877e+00
-1.725441e+00 8.036157e+00
6.335270e+00 1.006926e+01
4.032178e-01 -9.809790e+00
4.648849e-01 -5.861573e+00
4.692203e+00 -7.035336e+00
-3.343165e+00 -1.084848e+00
1.128784e+00 2.771714e+00
-8.876616e-01 -4.950887e+00
1.825508e+00 7.688669e+00
-2.971197e+00 2.313720e+00
9.739996e-01 6.923782e+00
-1.855301e-01 1.602232e+00
5.266713e+00 8.642612e+00
-2.868349e+00 7.248461e+00
4.988617e+00 7.622830e+00
-1.450739e+00 1.968156e-01
2.097242e+00 -9.529500e+00
-8.960518e+00 1.008267e+01
7.913179e+00 -9.327640e+00
-3.628616e-01 1.015234e+01
6.414774e+00 -5.333450e+00
-5.566689e-01 -5.932597e+00
5.955462e+00 -7.089478e+00
-6.095840e+00 -2.458504e+00
6.832081e+00 -1.305105e+00
5.340641e+00 6.504081e+00
-3.994175e+00 -2.167048e-01
-2.513477e+00 3.180619e+00
1.308074e-01 5.998206e+00
-3.877985e+00 8.885283e+00
6.612160e-01 5.893663e-01
5.361704e+00 1.689273e+00
3.177493e+00 2.283987e+00
2.293975e+00 -6.718867e+00
4.243775e+00 -9.717542e+00
1.061632e+00 -1.079381e+01
-6.167187e-01 8.168652e+00
2.523351e+00 1.073420e+01
-2.513160e+00 9.383109e+00
2.993882e+00 -9.067992e+00
1.135266e-01 1.108010e+01
-3.787249e+00 -2.363160e+00
7.547657e+00 1.052849e+01
6.864494e+00 -9.171303e+00
-9.085587e+00 3.820382e-01
-8.568235e+00 1.255643e+00
4.805243e+00 -4.098010e+00
4.229666e-01 -2.389621e+00
3.462570e+00 1.012021e+01
2.032912e+00 2.245353e+00
3.073697e+00 6.876319e+00
-9.433472e-01 -6.841496e-01
3.963265e+00 -5.438690e+00
8.799062e+00 -1.006585e+01
8.040600e+00 4.078891e+00
5.769971e+00 -9.115650e+00
6.121057e+00 5.589900e+00
3.328059e+00 -7.037034e+00
-4.444475e+00 -4.343493e+00
-2.318754e+00 1.096541e+01
7.579538e+00 5.035510e+00
5.404479e+00 -7.929850e+00
8.698227e+00 -2.462844e+00
7.637057e+00 -5.237160e+00
4.590184e+00 -2.408815e+00
-1.956399e+00 -7.608045e+00
-1.682830e+00 -2.704938e+00
-5.917688e-01 3.775652e+00
1.029636e+01 -1.891842e+00
2.595202e+00 4.302296e+00
3.477129e+00 -1.113533e+01
3.582596e+00 4.564182e+00
6.574835e+00 6.891778e+00
3.144960e+00 -1.014094e+01
7.270761e+00 9.586061e+00
5.403913e+00 9.650695e+00
6.668008e+00 1.106516e+01
2.835897e+00 2.721496e-01
3.552004e+00 -8.133603e+00
6.424952e-01 9.938395e+00
9.963934e+00 4.410791e+00
-2.631425e+00 -9.790700e+00
4.245495e-01 -8.258569e+00
1.399431e+00 -7.876508e+00
7.954123e+00 -3.413785e+00
5.228393e+00 -5.102362e+00
-1.863535e+00 -1.273796e+00
3.205222e+00 -2.335831e+00
2.081977e+00 9.636921e+00
1.712992e+00 4.987729e+00
2.875458e+00 7.896871e+00
-1.465423e+00 3.187101e+00
1.114431e+01 9.642797e+00
3.954508e+00 -3.295886e+00
1.237124e+00 5.942425e+00
1.022432e+01 3.359061e+00
8.353209e+00 1.114759e+01
9.754476e+00 -1.077759e+01
3.751126e+00 -4.343137e+00
5.817981e+00 -1.153990e+00
3.726157e+00 -1.348398e+00
4.814633e+00 -1.127378e+00
7.499975e+00 -1.049562e+01
7.864096e+00 -6.199980e+00
9.904611e-01 1.675411e+00
-6.497448e+00 -4.755550e+00
-5.285267e+00 -3.136527e+00
2.622135e+00 -3.776067e+00
-9.895371e+00 5.984046e+00
9.843908e+00 8.004566e+00
4.511529e+00 5.183152e+00
1.036084e+01 6.669547e+00
-7.859777e+00 9.790706e+00
1.015016e+01 9.161729e+00
8.504577e+00 5.977946e+00
4.465913e+00 1.047160e+01
9.767620e+00 1.042019e+01
8.419454e+00 9.863396e+00
-8.289685e+00 -9.466155e+00
-1.024930e+01 1.018529e+01
1.034895e+01 -8.405034e+00
1.000517e+01 -3.926150e+00
-7.005431e+00 5.936075e+00
6.361820e+00 -8.115934e+00
5.840776e-01 3.710308e+00
-1.532747e+00 9.997511e+00
4.730128e+00 3.976836e+00
5.162868e-01 7.867249e+00
-1.482893e-02 2.662940e+00
5.090853e-01 4.935137e+00
5.912339e+00 8.309238e-01
6.543025e+00 -1.007757e+01
1.481071e+00 1.052049e+01
-4.690995e+00 9.633359e+00
8.940863e+00 8.949833e+00
7.543049e-01 -3.465633e+00
-9.227508e+00 -9.963269e+00
-8.152789e+00 -6.630890e+00
8.246500e+00 -1.495151e+00
7.337014e+00 7.847553e+00
-1.011693e+01 -3.600410e+00
1.116442e+01 -3.734120e+00
9.939100e+00 -5.841925e+00
6.849242e+00 -3.243374e+00
-6.557475e-01 -2.893518e+00
9.369813e+00 -4.827578e+00
4.083836e-01 -4.382793e-01
7.144428e+00 -4.316433e+00
1.751133e+00 -2.821503e+00
-1.377306e+00 6.946527e+00
6.078801e+00 7.849936e+00
7.857085e+00 8.815092e+00
1.110051e+01 1.082214e+01
3.778378e+00 3.462030e+00
-5.953053e+00 1.010383e+01
8.559084e+00 7.847306e+00
9.455920e+00 -7.859860e+00
7.449115e+00 -7.698091e+00
8.391419e+00 -8.317177e+00
-6.448815e+00 -8.211317e+00
1.109082e+01 -2.641470e+00
5.508509e+00 2.795356e+00
-1.105480e+01 -5.531792e-02
-2.021568e+00 -4.803315e+00
-1.704644e+00 -5.806955e+00
1.450645e+00 -2.926879e-01
3.938206e+00 -3.497178e-01
6.759033e+00 -6.349202e+00
7.075788e+00 3.315749e+00
1.724258e+00 7.214395e-01
8.372510e+00 1.772608e+00
4.192996e+00 9.021439e+00
5.539443e+00 -3.050444e+00
5.361147e+00 -2.231493e-01
-7.913431e+00 6.441614e+00
9.014924e+00 -3.497593e+00
-1.033798e+01 -9.946194e+00
6.608522e+00 8.691192e+00
9.532491e+00 -9.210562e+00
-3.313528e+00 -1.116078e+01
8.328826e+00 -7.158612e+00
-1.080108e+01 -1.560098e+00
-9.079970e+00 4.447627e+00
1.083593e+01 -4.922936e+00
2.147492e+00 -1.822119e+00
-1.022561e+01 -2.549440e+00
6.168006e+00 -2.231375e+00
-9.702081e+00 -1.592041e+00
1.002210e+01 1.766782e+00
3.930859e+00 7.779158e+00
1.143465e+00 -1.349549e+00
-9.485308e+00 9.090586e+00
-8.790699e+00 5.824990e+00
-7.674409e+00 -8.569570e+00
9.367956e+00 7.109805e+00
-1.052110e+01 8.750523e+00
