8.985521e+00 -9.243456e+00
-7.485622e+00 7.838978e+00
1.068561e+01 8.083515e+00
-7.261751e-01 -8.536489e-01
-4.631648e+00 3.940933e+00
-1.104305e+01 9.934379e+00
7.337044e+00 1.475794e+00
6.069899e+00 4.166429e+00
5.946371e+00 -2.319271e+00
8.770685e+00 -1.935610e+00
-5.839190e+00 6.834608e+00
7.957975e+00 5.559746e+00
-7.384524e+00 -4.572337e+00
6.858757e+00 6.153129e+00
-6.141742e+00 2.179429e+00
4.159278e+00 9.947850e+00
-4.181353e+00 -5.380507e+00
1.076318e+01 -9.107268e+00
9.532455e+00 -1.114067e+01
9.704274e+00 7.426088e+00
4.460479e+00 -5.514885e+00
7.957105e+00 -4.878772e+00
2.491351e-01 -4.731462e+00
-2.096649e+00 -4.410455e-01
6.386022e+00 9.561194e-01
1.005015e+01 5.264821e+00
-4.127593e+00 -1.061293e+00
-4.234195e+00 8.837269e+00
-9.286336e+00 -3.274309e+00
-7.215159e+00 4.038864e+00
2.198661e-01 -8.602224e+00
5.115893e+00 3.102560e+00
-6.537387e+00 -2.055662e+00
1.102703e+01 -3.815502e+00
-2.019113e+00 5.585993e+00
-5.190929e+00 -9.734247e+00
-9.444910e+00 -1.099293e+01
8.629850e+00 7.661055e+00
-1.014560e+01 -7.867759e+00
-9.219689e+00 1.281874e+00
6.350296e+00 -1.026892e+01
7.886374e+00 -1.434460e+00
1.062487e+01 -1.094290e+01
6.134641e+00 3.034273e+00
-9.184301e+00 -4.790667e+00
7.958032e+00 -9.096933e+00
-2.370099e+00 -5.102046e+00
-6.402924e+00 -5.874435e+00
9.323325e+00 -5.322273e+00
1.015765e+01 -3.154403e+00
2.717868e+00 -1.647466e+00
2.875971e+00 5.147379e+00
-1.062925e+01 -3.827225e-01
-1.031820e+01 2.237069e+00
-9.613528e+00 2.939129e-01
-6.364903e+00 3.079875e-01
4.866969e-01 6.856754e+00
-4.418779e+00 -2.521722e+00
-8.943925e+00 4.974111e+00
-1.486465e+00 6.817268e+00
9.767666e-01 -7.152802e+00
5.038977e+00 -8.460986e+00
7.768589e+00 -7.921466e+00
8.505780e-03 1.106018e+01
-5.894817e+00 -8.910924e-01
1.239898e+00 -5.140092e+00
8.901582e+00 -4.175322e+00
-2.633611e+00 1.335078e+00
-8.387784e+00 1.081624e+01
5.039938e+00 -3.261721e+00
1.973892e+00 -9.296873e+00
-1.031993e+01 1.095028e+00
-8.322506e-01 6.010232e+00
2.106970e+00 5.940171e+00
-2.728618e+00 6.480903e+00
3.103201e+00 8.038556e+00
-7.451203e+00 -6.065439e+00
-1.670357e+00 1.714552e+00
6.699592e+00 -3.050673e+00
1.117898e+01 -4.812419e+00
2.090724e+00 -7.449753e+00
-6.115681e+00 -7.992266e+00
5.374024e+00 9.952583e+00
-1.914443e+00 1.059630e+01
4.292639e+00 -6.548636e+00
2.780789e+00 1.961876e+00
7.799151e+00 -1.116515e+01
-1.051794e+01 3.331678e+00
-8.788145e-01 -4.995957e+00
2.356201e+00 -5.373402e+00
-3.562769e+00 1.902496e+00
1.906433e-01 -1.182459e+00
1.282126e+00 2.387803e+00
3.650385e+00 6.987024e+00
9.936113e+00 4.147709e+00
2.681051e+00 8.295834e-01
4.073868e+00 -1.033000e+01
-5.495500e-01 3.644253e+00
-1.117264e+01 1.583452e+00
-9.160675e+00 -8.880426e+00
5.843190e+00 5.563490e+00
3.366211e+00 1.113203e+01
-9.451791e+00 -7.054614e+00
9.871102e+00 -9.682512e+00
-2.961654e+00 -7.725562e+00
-7.302815e+00 6.069550e+00
-9.004049e-01 -1.085598e+01
9.053509e+00 5.192278e+00
-3.937785e+00 -3.876215e+00
-8.129355e+00 -8.694065e+00
-8.185095e+00 -3.841907e+00
-8.397222e+00 -2.736812e+00
6.918584e+00 -1.939195e+00
6.763564e+00 1.100270e+01
-1.063376e+01 7.744749e+00
-8.575967e+00 9.745320e+00
-4.994101e+00 -9.367885e-02
-4.436559e+00 1.104086e+01
7.248114e+00 2.554432e+00
-9.625710e+00 8.057652e+00
9.827827e-01 4.281464e+00
2.895039e+00 1.007274e+01
-8.410919e+00 5.947338e+00
-8.620022e+00 8.038566e+00
3.563106e+00 -1.758711e-01
1.024188e+01 -1.845068e+00
-5.839457e+00 -6.801746e+00
-7.529005e+00 9.887843e+00
-8.384900e-01 1.900154e-01
-1.100433e+01 -5.860057e+00
7.905951e+00 -3.833291e+00
-5.589716e+00 8.904646e+00
-9.468729e+00 9.123163e+00
-1.117208e+01 -1.237937e+00
-4.529132e-01 -6.018916e+00
4.579634e+00 -9.390222e+00
-3.383827e+00 -2.950810e+00
8.151488e+00 2.185206e+00
2.578358e+00 6.962854e+00
-1.177460e+00 2.883091e+00
-4.460887e+00 5.462057e+00
-8.438585e-02 -7.049071e+00
1.049841e+01 9.285282e+00
-8.012471e+00 -7.554430e-01
9.062468e+00 -3.071630e+00
-7.128997e+00 2.449898e+00
-8.443523e+00 2.201170e+00
-4.184214e+00 -1.000652e+01
5.931221e+00 1.959399e+00
-6.299234e+00 -4.829014e+00
1.679043e+00 3.379056e+00
-1.036427e+01 -3.293866e+00
-5.657690e+00 5.858639e+00
-6.250435e+00 -9.292198e+00
4.888619e+00 5.904196e+00
7.817588e+00 -1.011709e+01
-5.269095e+00 1.015002e+01
-4.097958e+00 9.936078e+00
1.095641e+01 6.959738e+00
-1.713220e-01 2.230198e+00
4.009587e+00 2.606131e+00
-6.919859e+00 -9.757616e-01
-1.093186e+00 -6.919416e+00
-4.905279e+00 -4.633494e+00
7.978112e+00 4.516664e+00
8.442542e+00 -4.109028e-01
-1.630504e+00 -1.698564e+00
1.037871e+01 -5.475574e+00
4.765380e+00 9.012365e+00
-7.841685e+00 3.211203e+00
-3.809045e+00 4.669098e+00
9.402062e-01 -9.404884e+00
-8.134046e-01 1.006720e+01
7.829948e+00 6.561419e+00
3.580054e+00 8.995719e+00
-8.239219e+00 -5.263421e+00
9.204359e+00 1.784048e+00
1.252342e+00 -1.045288e+01
-5.647116e-01 -9.518637e+00
-4.202190e-01 -2.101206e+00
-3.214232e+00 9.356896e+00
3.818918e+00 1.514568e+00
-3.471635e+00 -1.096179e+01
-3.713236e+00 6.372103e+00
1.994605e+00 7.962119e+00
1.114042e+01 5.820546e+00
-2.121691e+00 -6.816621e+00
-4.686475e+00 -6.796337e+00
-6.804784e+00 6.981213e+00
-2.521030e+00 2.456542e+00
-9.984986e+00 -1.925289e+00
-2.860816e+00 -5.995539e+00
4.152967e+00 8.099621e+00
-6.418737e+00 3.298710e+00
-5.097183e+00 -1.567636e+00
-9.835602e+00 1.040596e+01
5.728652e-01 3.171269e+00
1.683602e+00 1.387425e+00
-3.215962e+00 3.543691e+00
3.304449e+00 -6.307682e+00
7.768930e+00 -2.713083e+00
5.372289e-01 -6.115728e+00
7.120604e+00 -5.512661e+00
4.829845e+00 -4.481503e+00
-4.220431e+00 2.832295e+00
1.017021e+01 1.115305e+00
3.866657e+00 -3.364864e+00
-4.050717e+00 -7.817333e+00
4.448846e+00 1.100775e+01
-9.651486e+00 -7.629019e-01
2.070839e+00 -2.992938e+00
-1.992433e+00 -3.165975e+00
-2.478795e+00 -1.074719e+01
1.545996e+00 6.856853e+00
1.737316e+00 -1.791859e+00
5.651154e+00 -1.194128e+00
8.277825e+00 -5.983892e+00
-9.555846e+00 3.959690e+00
2.193997e+00 1.098296e+01
6.075907e+00 8.743411e+00
3.087725e+00 -2.612731e+00
-5.415842e+00 -1.085852e+01
-7.772974e+00 4.924519e+00
-5.276720e+00 3.085391e+00
-6.392714e-01 1.315190e+00
-5.326868e+00 1.107773e+00
-1.464141e+00 -4.114512e+00
-7.887818e+00 8.825075e+00
-2.629927e+00 -3.962159e+00
2.636584e+00 -8.407556e+00
-8.929969e+00 -1.567654e+00
1.042244e+01 -3.677373e-01
-2.236631e+00 7.523155e+00
-2.805846e+00 4.474317e+00
3.903146e+00 3.802479e+00
1.097180e+01 4.748426e+00
6.966880e+00 -8.700027e+00
-3.033584e+00 1.039451e+01
3.234906e-01 1.212052e-02
-2.437715e+00 -8.671377e+00
-1.634137e-01 4.705885e+00
-5.198778e+00 -8.591502e+00
-1.301856e+00 4.673915e+00
5.804628e+00 -9.164502e+00
-3.843461e+00 -4.098976e-02
4.780603e+00 1.874242e+00
6.371457e+00 -7.862898e+00
-8.322901e+00 4.099933e+00
3.034110e+00 3.306667e+00
9.534569e+00 -6.496979e+00
-2.840715e+00 2.729911e-01
-1.642499e+00 -5.888033e+00
3.124395e+00 -9.363379e+00
5.373074e+00 -6.118490e+00
2.051256e-01 -3.019035e+00
-4.868036e-01 7.265746e+00
-9.140296e-01 -2.964112e+00
9.786155e+00 -8.626897e+00
7.203890e+00 3.902571e+00
5.836393e+00 -3.937609e+00
-5.300767e+00 -5.845157e+00
8.925250e+00 -1.034950e+01
-5.749974e+00 -2.839408e+00
-3.060670e+00 -9.717505e+00
6.224125e+00 7.634595e+00
-4.240503e+00 9.988979e-01
8.664267e+00 1.062937e+01
4.918353e+00 -2.272700e+00
9.591065e+00 -7.522332e+00
2.517170e+00 -3.980525e+00
-3.666520e+00 -6.659057e+00
9.484667e+00 -7.880218e-01
1.184008e+00 -4.096370e+00
-1.657613e+00 -1.009473e+01
3.162484e+00 -7.392014e+00
6.629574e+00 9.769141e+00
7.417200e+00 8.954370e+00
9.240236e-01 7.752833e+00
4.301265e+00 -7.569147e+00
-1.810866e+00 9.539234e+00
7.462308e+00 -6.952946e+00
1.270448e+00 3.875554e-01
3.534053e+00 -4.878434e+00
-4.777782e+00 6.728737e+00
-7.692737e+00 -1.801767e+00
-6.741768e+00 1.295590e+00
-3.162964e+00 -8.138263e-01
3.172047e-01 9.974060e+00
8.533659e+00 9.958081e-01
2.222630e+00 -2.917352e-01
-1.811516e+00 -7.833202e+00
-3.543127e+00 -1.893454e+00
7.769350e+00 9.970270e+00
-9.490789e+00 5.950100e+00
-1.444934e+00 -8.939000e+00
1.113806e+01 5.015422e-01
1.006751e+01 6.361989e+00
-4.892575e+00 -3.505471e+00
-4.819568e+00 7.813520e+00
-7.813003e+00 1.390994e+00
-7.316697e+00 1.088205e+01
8.630734e+00 -7.037716e+00
6.460166e+00 -2.099071e-01
-6.721105e-01 -8.073884e+00
-3.400577e+00 -4.798345e+00
8.528596e+00 3.498990e+00
-1.113210e+01 -1.012124e+01
1.002781e+01 -4.403165e+00
-1.027038e+01 6.711472e+00
-1.670596e+00 7.092371e-01
-7.499435e+00 -9.583810e+00
8.126564e-01 -2.194441e+00
-1.023735e+01 5.000285e+00
-5.483321e+00 4.782119e+00
5.303077e+00 8.057448e+00
-6.274164e+00 9.739467e+00
-1.005631e+01 -1.003542e+01
-7.082064e+00 -8.289111e+00
-7.893131e-01 8.908153e+00
9.466860e+00 2.807218e-01
-8.385479e+00 -6.907587e+00
-3.154742e+00 5.564336e+00
6.406835e+00 -6.409883e+00
-7.738678e+00 -1.060608e+01
9.249691e+00 9.620536e+00
5.296743e+00 -1.154393e-01
3.780172e+00 5.916614e+00
4.734349e+00 7.179903e+00
9.456744e+00 2.953550e+00
2.569404e+00 9.069513e+00
3.801291e+00 -8.516120e+00
-3.509907e+00 7.353413e+00
1.129512e+00 -7.716805e-01
5.349757e+00 -1.038176e+01
-1.108641e+01 -2.528169e+00
4.302765e+00 5.341913e-01
-3.943353e+00 -8.792428e+00
-2.196524e+00 8.564002e+00
-7.979644e+00 6.923282e+00
-6.217778e+00 7.906689e+00
2.535607e-01 8.641414e+00
-1.014319e+01 -4.376715e+00
5.231260e+00 9.444537e-01
-1.231094e+00 7.958587e+00
-1.056361e+01 -1.108371e+01
-8.559588e+00 -9.832294e+00
1.009750e+01 1.035770e+01
4.997650e+00 4.598711e+00
1.416619e+00 8.799259e+00
-7.220804e+00 -3.438206e+00
1.854463e-01 5.740176e+00
6.040234e+00 -5.301011e+00
-6.293769e+00 1.080102e+01
-6.825961e+00 8.776547e+00
5.720170e+00 1.096537e+01
7.372703e+00 7.500069e+00
-1.044461e+01 -8.966103e+00
8.536147e+00 8.803648e+00
4.038465e+00 4.976011e+00
9.691352e+00 8.532944e+00
1.007620e+00 1.090373e+01
9.007748e+00 6.527934e+00
1.843135e+00 9.796895e+00
-1.005653e+01 -5.519136e+00
-8.739854e+00 -7.893176e+00
-7.466994e+00 2.884625e-01
-1.069081e+01 -6.825428e+00
-6.584201e+00 -1.038545e+01
8.865321e+00 -8.171668e+00
7.485259e+00 3.456408e-01
4.614878e+00 -1.076900e+00
1.047617e+01 -7.007184e+00
-1.071485e+01 8.722037e+00
5.730859e+00 6.575335e+00
-4.887110e+00 2.108529e+00
-3.308749e+00 8.415783e+00
2.261585e+00 4.238323e+00
-7.115943e+00 -7.135997e+00
1.086604e+01 3.678612e+00
-4.802957e-01 -3.856159e+00
1.296525e+00 -8.315971e+00
6.747641e+00 4.956132e+00
1.057704e-01 -1.026469e+01
-1.970163e+00 3.703681e+00
2.309074e+00 -1.029896e+01
-9.025576e+00 6.961151e+00
5.046069e-01 1.415806e+00
1.103373e+01 -7.922526e+00
-2.614780e+00 -2.210676e+00
-6.017627e+00 -3.849508e+00
1.503845e+00 5.128884e+00
6.813284e+00 -4.300658e+00
1.044071e+01 2.508789e+00
5.310362e+00 -7.389217e+00
2.204864e+00 -6.409912e+00
-9.031978e+00 -6.083326e+00
-9.309151e+00 2.827615e+00
3.884573e+00 -1.824070e+00
-8.570277e+00 1.257605e-01
-6.629579e+00 5.209386e+00
