-1.098871e+01 -8.216357e+00
-9.572861e+00 8.610417e+00
-1.639277e+00 8.237042e+00
-7.476890e+00 -6.461533e-01
9.179015e+00 2.982390e+00
-9.151573e+00 -3.916688e+00
-1.114171e+01 8.307513e-01
-7.335733e+00 8.139468e+00
1.020220e+01 -4.039423e+00
8.180319e+00 -2.893848e-02
-6.042238e-01 1.002566e+01
8.651396e+00 5.713825e+00
1.025505e+01 1.119408e+00
8.201371e+00 9.810925e-01
-7.470381e+00 3.336058e+00
2.154136e+00 1.618926e+00
9.763783e+00 3.880681e+00
-7.798809e+00 -1.059043e+01
-6.226333e+00 -7.900259e+00
-3.905030e+00 -7.900282e+00
-9.206435e+00 -8.182585e+00
-1.002043e+01 -7.189997e+00
6.337327e+00 -6.860444e+00
9.921382e+00 -9.433503e-01
5.449453e+00 3.933125e-01
9.637383e+00 4.980278e+00
-6.502695e+00 -1.652590e-01
6.137301e+00 -8.668920e+00
7.792989e+00 -1.021459e+00
1.075875e+01 4.338965e+00
-3.867012e+00 5.873662e+00
5.702062e+00 -3.149054e+00
-9.597317e+00 3.466640e+00
-1.080334e+01 8.793086e+00
-3.363779e+00 2.348227e+00
-1.091804e+01 1.084657e+01
-1.106891e+01 -7.123076e+00
-3.765021e+00 1.031481e+01
-8.165169e+00 -4.595153e+00
-4.910907e+00 5.777751e+00
-6.466218e+00 -6.881816e+00
-9.490707e+00 -2.147866e+00
-8.343912e+00 -8.683107e+00
-6.031727e+00 8.437041e+00
-1.008361e+01 -8.963952e+00
9.551394e+00 7.650423e+00
-1.079483e+01 1.862876e+00
-1.011786e+01 -1.096323e+00
8.776262e+00 -4.022701e+00
-1.065493e+01 3.940393e+00
6.033056e+00 4.413815e+00
-5.549326e+00 8.901245e-01
3.903074e+00 2.025432e+00
-9.696509e+00 5.723651e+00
6.304896e+00 1.038382e+00
-8.416654e+00 1.762117e+00
-1.761015e+00 4.634169e+00
-3.917533e+00 4.029108e-01
-7.841394e+00 6.186179e+00
-4.011991e+00 8.199244e+00
7.258736e+00 -8.994463e+00
5.579517e+00 1.081025e+01
8.608397e+00 -1.020367e+01
-4.359920e+00 -9.993031e+00
-1.050834e+01 2.876347e+00
-1.013451e+01 -3.282013e+00
-8.983087e+00 -6.841703e+00
-8.921216e+00 7.484617e-01
1.067605e+01 -5.663011e+00
9.463026e+00 -1.960877e+00
-4.482750e+00 3.808991e+00
6.503299e+00 -5.214666e-01
-4.120458e+00 -1.907519e+00
2.250169e-01 5.751843e+00
-2.712583e+00 8.285944e+00
2.709931e+00 3.904923e+00
-6.640048e+00 -1.441491e+00
-6.805523e+00 7.069814e+00
-9.175645e+00 -5.030310e+00
-5.308978e+00 1.047503e+01
3.903440e+00 -9.206666e+00
-7.189199e+00 -5.519848e+00
9.215260e-01 8.438354e+00
1.032647e+01 -7.474340e+00
1.000408e+01 -6.442299e+00
8.942912e+00 -7.840751e-01
-4.945374e+00 -5.931592e+00
-3.799103e+00 4.636580e+00
7.900398e+00 -7.757871e+00
7.043805e+00 -5.214088e+00
-8.387476e+00 -1.750517e-01
-1.130310e+00 -2.830253e+00
-3.095585e+00 -2.854438e-01
9.236013e-01 1.442508e+00
8.941475e+00 6.633966e+00
3.562065e+00 -3.003983e+00
9.695990e+00 5.980031e+00
-6.648537e+00 8.704905e-01
-7.616013e+00 5.252171e+00
1.107612e+01 -4.629227e+00
-9.409249e+00 2.348460e+00
3.093639e+00 -1.007353e+01
-7.219427e+00 -7.516101e+00
-8.254169e+00 -5.657753e+00
-3.486062e+00 -9.290849e+00
-1.105006e+01 -9.307035e+00
-1.472548e+00 -5.703527e+00
7.209019e+00 1.443501e+00
-6.143549e+00 -4.535686e+00
-7.597709e+00 -3.278972e+00
-9.549817e+00 -1.527172e-01
-3.335460e+00 -3.095651e+00
-3.956023e-01 -1.743483e+00
-4.073855e+00 1.414515e+00
5.114978e+00 6.502819e+00
1.073579e+01 7.837549e+00
-6.131874e+00 5.053271e+00
-7.707233e+00 -9.445274e+00
-9.422044e+00 7.561711e+00
-8.976310e+00 9.868590e+00
-3.525216e+00 3.381325e+00
-5.891417e+00 6.364667e+00
-7.932844e-01 -9.174289e+00
-5.905177e+00 -8.916930e+00
5.206368e+00 -5.234057e+00
-3.955873e+00 -6.700297e+00
-3.038161e+00 -7.280989e+00
-2.747267e+00 1.029953e+01
-7.369977e+00 2.184382e+00
-8.435961e+00 2.906407e+00
6.063036e+00 -4.381766e+00
-3.714296e+00 -5.688954e+00
-8.221501e+00 4.465581e+00
7.895748e+00 6.526916e+00
-1.960643e+00 9.179391e+00
3.972748e+00 7.845902e+00
2.649816e+00 -2.186411e+00
2.218039e+00 4.792940e+00
-6.849580e-01 5.104482e+00
8.411510e-01 7.431641e+00
-7.966279e+00 7.233614e+00
-8.248905e-01 8.888344e+00
-6.812917e+00 -1.024973e+01
-7.341628e+00 1.080884e+01
-6.081102e+00 -5.657779e+00
-3.458480e+00 7.332571e+00
-5.899921e+00 -2.241266e+00
2.028004e-01 -4.229081e+00
-4.704120e+00 -2.783571e+00
-7.734275e+00 8.349774e-01
-1.898211e+00 -2.139103e+00
-5.239328e+00 -1.408609e+00
-6.844405e+00 5.995636e+00
-2.296976e+00 -6.527787e+00
-2.008100e+00 1.576921e+00
-6.968304e-01 2.037423e+00
-5.210656e+00 -8.119082e+00
-5.524140e+00 7.402171e+00
5.813574e-01 3.481468e+00
-1.806847e+00 -4.592814e+00
-4.546056e+00 6.922021e+00
-6.719653e+00 4.254713e+00
5.517931e+00 -7.649141e+00
-4.143384e+00 -3.743991e+00
-1.066089e+01 -1.297926e-01
-3.005718e+00 1.267857e+00
-1.621862e+00 2.578247e+00
-6.200156e+00 -3.434438e+00
-6.232860e+00 2.036899e+00
-2.521389e+00 3.015909e+00
2.959363e-01 9.448089e+00
4.311822e+00 -7.232087e+00
-8.024019e-01 -7.850053e+00
-1.993388e-01 -1.609798e-01
-8.969813e+00 6.630486e+00
-2.166480e+00 2.775936e-01
9.781593e-01 4.542845e+00
1.317712e+00 -9.190509e+00
7.329526e+00 1.039254e+01
-4.186748e+00 -5.906550e-01
-1.603718e-01 -1.030347e+01
-1.437116e+00 3.681651e+00
2.446845e-01 -5.488962e+00
-4.971397e+00 8.597306e+00
9.663159e+00 -1.076921e+01
3.660984e+00 -1.117109e+01
-2.548541e+00 -9.965394e+00
-4.643579e+00 -8.921733e+00
-1.800039e+00 -8.860141e+00
-1.083362e+01 5.033735e+00
1.110617e+01 -1.123727e+00
-2.607656e+00 -5.248389e+00
-6.365959e+00 3.207024e+00
-5.075980e+00 1.760436e+00
4.187072e+00 6.345127e-01
7.209130e+00 7.494438e+00
1.565224e+00 -2.539207e+00
2.065776e+00 -9.901875e+00
1.450206e+00 2.466549e+00
9.126064e+00 -6.918096e+00
3.105128e+00 -5.326434e+00
2.642420e+00 -1.106344e+01
7.176306e+00 8.667251e+00
-8.716847e+00 -2.806184e+00
-2.935451e+00 6.281791e+00
7.286340e+00 5.587385e+00
3.479025e+00 -7.897003e+00
-3.303930e-01 -6.339133e+00
2.406442e+00 -7.913670e+00
-8.469879e-01 -3.958446e+00
1.734805e+00 6.390979e-01
-2.714992e+00 -8.480131e+00
-6.266347e-01 1.110540e+01
-5.357784e+00 2.897766e+00
2.825158e+00 -9.030235e+00
2.866083e+00 -1.092791e+00
4.607089e+00 4.231110e+00
-4.643089e-01 4.087074e+00
1.306848e+00 9.425674e+00
-1.267756e+00 -1.639755e-01
3.155492e+00 1.014136e+01
-9.238134e+00 -1.064440e+01
2.087196e+00 1.024553e+01
-4.620669e+00 9.681713e+00
6.778588e+00 -2.909478e+00
-2.071570e+00 -3.452210e+00
7.252763e+00 -4.273739e+00
-3.743484e+00 -4.641445e+00
9.128669e+00 1.846502e+00
1.749408e+00 3.456401e+00
7.781762e-01 1.559853e-01
-5.701003e-02 9.773365e-01
-1.692859e+00 1.034756e+01
-4.925218e+00 4.781264e+00
6.525163e-01 -1.914596e+00
7.067172e+00 3.749853e+00
7.084392e+00 2.539045e+00
4.311895e+00 -1.008261e+01
5.317245e+00 -6.608627e+00
-1.316270e+00 -1.049492e+01
-2.984587e+00 9.340422e+00
1.488221e+00 1.117177e+01
-2.294767e+00 7.209272e+00
4.978142e+00 7.610825e+00
-5.224260e+00 -6.941325e+00
-3.077628e+00 -1.470935e+00
6.396613e+00 9.853324e+00
2.491829e-01 -9.295214e+00
-1.002051e+01 9.057056e-01
-1.066960e+01 -5.482800e+00
2.094963e+00 -4.565703e+00
1.179780e+00 -3.745896e+00
6.590149e+00 -1.105516e+01
4.669581e+00 -4.517132e-01
5.663096e-01 1.050569e+01
-1.122447e+00 9.003782e-01
3.082090e+00 -4.141164e+00
1.017443e+01 -8.619586e+00
1.039278e+01 8.807987e+00
2.496186e+00 -6.879969e+00
8.053766e+00 3.284654e+00
9.356018e+00 -4.935189e+00
-5.201088e+00 -3.678314e+00
-4.451765e+00 -1.105169e+01
8.738127e+00 4.142432e+00
6.095488e+00 -5.856171e+00
8.790171e+00 -2.707576e+00
7.908925e+00 -5.943295e+00
7.028288e+00 3.386252e-01
2.146143e+00 -5.897398e+00
-2.801705e+00 -4.184990e+00
2.004975e+00 -4.406216e-01
1.071573e+01 -3.228772e-02
3.782543e+00 3.225434e+00
4.160612e+00 6.776345e+00
2.429618e+00 6.015860e+00
3.024296e+00 6.788535e+00
3.020153e+00 8.183275e+00
8.289868e+00 9.049572e+00
2.811102e+00 2.757433e+00
6.106822e+00 8.586195e+00
1.841145e+00 -1.519641e+00
4.710054e+00 1.117367e+01
1.013042e+00 -1.029437e+01
7.725864e+00 4.609807e+00
-3.501535e+00 -1.059904e+01
1.257149e+00 -8.225301e+00
6.720653e+00 -7.806229e+00
7.724444e+00 -2.047568e+00
4.479074e+00 -5.925863e+00
9.847629e-01 -6.291853e+00
2.326384e+00 -3.424222e+00
4.858495e+00 8.774789e+00
3.155384e-01 2.166291e+00
3.696626e+00 9.175663e+00
-5.416032e+00 -4.487451e-01
9.763380e+00 9.818912e+00
4.894678e+00 2.844638e+00
5.103556e-02 6.802609e+00
1.071101e+01 5.617877e+00
9.159771e+00 1.074556e+01
1.035073e+01 1.088354e+01
3.651019e+00 -4.808863e-01
5.766267e+00 -2.049524e+00
4.700761e+00 -2.716873e+00
3.694125e+00 -1.821936e+00
9.385940e+00 -9.333771e+00
9.802500e+00 -3.103475e+00
3.178698e+00 1.265881e+00
-4.816430e+00 -4.611796e+00
-7.089839e+00 -2.400821e+00
3.398687e-01 -7.183009e+00
-7.879578e+00 9.372596e+00
-6.786809e+00 9.539057e+00
1.819820e+00 6.999412e+00
1.082846e+01 6.620630e+00
-5.712275e+00 -1.015684e+01
-8.564622e+00 1.083943e+01
5.054512e+00 9.847089e+00
3.421938e+00 4.689180e+00
8.410929e+00 1.004345e+01
-1.011464e+01 9.753819e+00
-9.055525e+00 -9.344752e+00
9.258462e+00 8.872610e+00
8.380590e+00 -8.875634e+00
6.386085e+00 -9.668254e+00
-4.331693e+00 2.605597e+00
5.340063e+00 -1.026858e+01
2.756616e+00 2.528388e-01
-5.553773e+00 4.015636e+00
3.625312e+00 5.788522e+00
-2.462468e+00 -1.106771e+01
-2.783798e+00 4.082634e+00
-3.752097e-01 3.020424e+00
5.586883e+00 -9.843005e-01
4.641675e+00 -8.262367e+00
-1.214695e+00 -6.794002e+00
-7.711136e-01 6.316526e+00
-1.055621e+01 7.723516e+00
1.873050e-01 -8.183093e+00
9.092741e+00 -8.171653e+00
-7.021565e+00 -4.130441e+00
1.057193e+01 -2.147704e+00
1.877493e+00 8.258619e+00
-7.834990e+00 -6.748002e+00
-9.121241e+00 -1.186082e+00
1.023600e+01 -9.815724e+00
6.800740e+00 -1.542117e+00
9.981373e-03 -2.883079e+00
-1.061138e+01 -2.141335e+00
8.822085e-01 -8.597634e-01
9.365794e+00 5.221668e-01
-1.930271e+00 -7.821328e+00
-1.085745e+00 7.310556e+00
5.835237e+00 3.385022e+00
6.009611e+00 5.591461e+00
-7.263738e+00 -8.527106e+00
4.847669e+00 5.328828e+00
-2.872469e+00 5.083884e+00
-9.832069e+00 1.087699e+01
7.468525e+00 -1.019657e+01
8.973288e+00 -5.869360e+00
8.044528e+00 -1.117007e+01
1.104679e+01 -1.047309e+01
1.106867e+01 -3.278833e+00
1.033274e+01 2.136434e+00
1.080913e+01 3.199951e+00
-7.336819e-01 -4.967728e+00
3.497775e+00 -6.281056e+00
-1.980727e+00 -1.076934e+00
4.775284e+00 -1.628950e+00
8.190717e+00 -4.918012e+00
8.416200e+00 7.691670e+00
5.209334e+00 1.365149e+00
8.058442e+00 2.127839e+00
2.458937e+00 9.118809e+00
4.721179e+00 -3.825950e+00
6.071964e+00 2.107557e+00
-8.414852e+00 8.251794e+00
7.340829e+00 -6.855367e+00
-1.017805e+01 -1.022752e+01
6.008381e+00 7.398511e+00
4.121089e+00 1.028076e+01
-2.024470e+00 5.778382e+00
5.092607e+00 -9.210496e+00
6.627109e+00 6.415985e+00
-1.050809e+01 6.504804e+00
7.835013e+00 -3.348717e+00
1.128313e+00 -4.889512e+00
-1.011292e+01 -4.493396e+00
4.295753e+00 -4.770016e+00
-9.724322e+00 -5.944894e+00
-9.568182e+00 4.571046e+00
1.228911e+00 6.130306e+00
1.488790e+00 -7.176152e+00
-5.975103e+00 -1.111066e+01
-8.639247e+00 5.533265e+00
-7.990254e+00 -1.868306e+00
1.095286e+01 9.952205e+00
-5.759694e+00 9.497168e+00
