9.326602e+00 1.049708e+01
-7.531600e+00 -1.098522e+01
9.340464e+00 5.846439e+00
2.256165e+00 -5.645017e+00
-5.128234e+00 5.007046e+00
1.020533e+01 -9.467390e+00
1.010010e+01 3.063860e-01
8.592527e+00 1.357814e+00
8.774491e+00 2.368522e-01
-1.007471e+01 1.282352e+00
-3.920251e+00 9.199955e+00
1.097407e+01 5.154148e+00
-5.999845e+00 -6.115554e+00
5.294516e+00 5.070949e+00
-5.549167e+00 3.102471e+00
3.970437e+00 7.336438e+00
-5.487386e+00 -3.974106e+00
-1.008874e+01 -5.885329e+00
8.390520e+00 -9.877079e+00
-9.203666e+00 8.806643e+00
5.501714e+00 -1.080204e+01
5.575035e+00 -4.279256e+00
3.162788e+00 -6.406214e+00
-1.217243e+00 -1.194755e+00
5.638623e+00 -1.917038e-01
-1.075431e+01 6.492746e+00
-4.576069e+00 7.566008e-01
-6.879641e+00 -9.698497e+00
-9.515035e+00 -9.011565e-01
-8.091515e+00 9.505611e+00
1.291379e+00 -1.011078e+01
5.294073e+00 9.296230e-01
-6.598480e+00 -3.935280e+00
-1.073342e+01 -1.193320e+00
-2.739272e+00 3.888569e+00
-5.584381e+00 -7.089470e+00
9.357197e+00 -6.519570e+00
9.329072e+00 4.135836e+00
-9.684181e+00 -4.173004e+00
-9.538059e+00 4.483888e+00
5.926849e+00 8.140074e+00
1.024854e+01 2.136734e+00
9.014831e+00 8.179356e+00
1.114679e+01 3.145792e+00
-7.091245e+00 -5.852962e+00
8.005217e+00 8.274126e+00
-2.088425e+00 -4.929552e+00
-6.649359e+00 -7.172809e+00
6.662053e+00 -4.472039e+00
-1.066037e+01 -4.996236e+00
4.675384e+00 -4.910837e+00
-2.551663e-01 3.691029e+00
-8.642030e+00 2.472960e+00
-1.062061e+01 4.264365e+00
-7.820992e+00 9.731335e-01
-7.530400e+00 -6.072371e-02
7.519249e-01 4.212692e+00
-1.132668e+00 7.350245e-01
-9.140860e+00 5.406084e+00
-6.081805e+00 5.625473e+00
-9.417648e-01 -8.343598e+00
7.477327e+00 -7.196981e+00
7.683187e+00 -1.061806e+01
2.019622e-01 7.559541e+00
-4.741122e+00 -1.303640e+00
3.533130e+00 -8.529585e+00
5.815335e+00 -1.637805e+00
-2.668236e-02 6.721359e-01
-9.115821e+00 7.735325e+00
4.620136e+00 -6.000549e+00
3.758709e+00 9.597684e+00
-8.564139e+00 4.529622e+00
-3.499947e+00 4.512423e+00
-2.236913e+00 6.309569e+00
-5.174191e+00 9.026369e+00
2.584700e+00 7.890969e+00
-9.907665e+00 -1.989355e+00
-3.807614e-01 1.604503e+00
4.853015e+00 -1.092725e+00
-8.610336e+00 -3.936288e+00
2.286223e+00 -1.086156e+01
-5.028107e+00 -4.883353e+00
5.821652e+00 9.308090e+00
-4.315131e+00 -8.286313e+00
1.382293e+00 -9.086857e+00
2.371503e+00 1.687662e+00
8.104057e+00 7.189277e+00
-8.106612e+00 5.857440e+00
-1.996644e+00 -3.878211e+00
4.042036e+00 -7.011581e+00
8.199960e-01 -8.153079e-01
-2.966964e-01 -7.467163e+00
4.353280e+00 1.336719e+00
6.308039e+00 5.740480e+00
8.521562e+00 3.470050e+00
1.864132e+00 -2.857451e-01
6.700979e+00 9.754790e+00
-2.207317e+00 4.935680e+00
-8.932804e+00 3.431164e+00
-9.047936e+00 -6.185665e+00
3.899621e+00 3.376165e+00
6.463600e-01 8.796577e+00
-9.216340e+00 -3.005501e+00
6.967083e+00 -8.266482e+00
-2.964933e+00 -4.401235e+00
-7.179007e+00 1.006250e+01
-1.985845e+00 1.083647e+01
-9.746021e+00 6.290095e+00
-6.624617e+00 1.106243e+00
-7.386914e+00 -4.687956e+00
-5.562831e+00 -1.985941e+00
-7.761118e+00 -1.432861e+00
6.829395e+00 -3.121561e+00
5.016446e+00 7.472435e+00
9.821736e+00 9.375401e+00
1.013378e+01 -8.312664e+00
-2.429337e+00 1.722566e+00
-1.069209e+00 -9.425310e+00
9.733270e+00 1.298960e+00
-8.190446e+00 1.058027e+01
1.810012e+00 3.580085e+00
1.497491e-01 6.100000e+00
-8.213805e+00 8.482911e+00
-8.711295e+00 -1.072522e+01
5.884580e-01 -2.167347e+00
8.822172e+00 -1.736826e+00
-7.577972e+00 -8.962555e+00
-1.104370e+01 -8.574624e+00
6.333458e-01 2.016695e+00
9.506862e+00 -5.325900e+00
7.630424e+00 -3.783089e+00
-9.723441e+00 1.100592e+01
-9.686016e+00 -1.027880e+01
1.062066e+01 -6.800087e-01
-6.069490e-01 -6.188462e+00
5.871577e+00 1.047379e+01
-2.827816e+00 -2.255867e-01
-1.000424e+01 3.457589e+00
1.890233e+00 5.796739e+00
-1.521298e+00 4.031236e+00
-5.790903e+00 1.006863e+01
7.835900e-01 -7.290974e+00
1.094921e+01 -1.070826e+01
-7.634806e+00 2.052852e+00
1.045819e+01 -3.250974e+00
-7.189855e+00 8.978278e+00
-6.606448e+00 2.209011e+00
-4.196514e+00 -1.082040e+01
6.756944e+00 -8.649646e-01
-4.860877e+00 -3.037167e+00
2.595859e+00 -1.046514e+00
-8.162372e+00 -2.482947e+00
-5.996754e+00 8.480393e+00
-5.425376e+00 -8.265601e+00
5.210963e+00 3.946473e+00
8.331866e+00 1.034638e+01
-5.125917e+00 -1.031344e+01
-3.048045e+00 -1.116192e+01
1.106517e+01 7.479407e+00
3.274626e+00 1.125201e+00
2.171363e+00 6.437169e-01
-5.486959e+00 1.689122e+00
-1.411247e+00 -7.306464e+00
-3.719028e+00 -3.317136e+00
7.485613e+00 1.276145e+00
8.269271e+00 -2.812995e+00
-3.717333e+00 -1.028217e+00
1.116883e+01 -3.970689e+00
2.017531e+00 6.989359e+00
-5.921468e+00 6.703491e+00
-4.257072e+00 1.716685e+00
-2.244704e+00 -8.026666e+00
-6.356765e-01 9.640320e+00
6.280504e+00 3.281955e+00
5.002027e+00 6.395755e+00
-6.055408e+00 -3.086929e+00
-1.007806e+01 2.398445e+00
-9.187666e-02 -9.171847e+00
1.230737e-02 -1.047213e+01
7.534824e-02 -3.019508e+00
-1.661746e+00 9.740198e+00
1.806090e+00 -4.053265e+00
-3.018766e+00 -8.752718e+00
-4.577755e+00 2.709354e+00
3.125875e+00 5.033899e+00
-7.714281e+00 7.473922e+00
-3.630801e+00 -6.342585e+00
-4.051202e+00 -5.425526e+00
-2.051379e+00 -9.980110e+00
1.336577e+00 1.299888e+00
1.095152e+01 9.683324e-01
-4.753819e+00 -3.083059e-01
8.189694e+00 5.948469e+00
-4.629585e+00 3.868444e+00
-2.251670e+00 7.365728e-01
1.011272e+01 -7.236847e+00
-1.157937e+00 5.130608e+00
1.603028e+00 2.478030e+00
-2.501561e+00 2.914357e+00
2.256038e+00 -9.762021e+00
7.999830e+00 -9.716077e-01
2.083209e+00 -6.775705e+00
5.908766e+00 -6.510449e+00
2.708675e+00 -7.647043e+00
-5.641802e+00 -7.768860e-01
9.427294e+00 -7.523108e-01
2.552638e+00 -2.358044e+00
-8.614391e+00 -8.350376e+00
8.754839e+00 -1.088917e+01
-9.399829e+00 2.643147e-01
-1.011518e+00 -4.922482e+00
-1.289343e+00 -3.194634e+00
-3.362176e+00 -7.715406e+00
1.070203e+00 6.523650e+00
-6.476889e-01 -3.988109e+00
3.631159e+00 -1.854764e+00
8.405187e+00 -4.643842e+00
-1.108705e+01 2.042301e+00
1.444047e+00 8.026069e+00
5.962097e+00 6.939278e+00
3.675644e+00 -2.950094e+00
-6.527386e+00 -8.266060e+00
-8.641843e+00 6.727767e+00
-3.719196e+00 3.359725e+00
-1.492701e+00 2.961010e+00
-3.458053e+00 9.805722e-01
-2.762836e+00 -3.291981e+00
-1.016497e+01 9.905288e+00
-4.056211e+00 -2.049942e+00
4.458610e+00 -1.034997e+01
-7.086120e+00 -2.369668e+00
9.926949e+00 3.367109e+00
-3.303886e+00 8.271496e+00
-1.364872e+00 1.848494e+00
6.583043e+00 3.366126e-01
-1.018186e+01 7.483509e+00
4.832096e+00 8.516656e+00
-7.699412e-01 1.084872e+01
-6.848196e-01 -2.268264e+00
-4.530641e+00 -9.536007e+00
1.898735e+00 4.593033e+00
-5.769624e+00 -9.385327e+00
-3.049223e+00 5.649880e+00
7.230956e+00 1.071973e+01
-2.244400e+00 -1.315257e+00
6.314460e+00 1.360043e+00
7.556594e+00 -5.213993e+00
-7.084697e+00 5.480087e+00
2.671700e+00 -3.391241e+00
8.495372e+00 -5.643577e+00
-1.061935e-01 -1.281211e+00
-2.612618e+00 -6.931478e+00
3.497686e+00 -1.080382e+01
3.732114e+00 -9.562219e+00
7.630231e-01 -6.075653e+00
-4.152329e+00 6.679059e+00
1.039888e-01 -5.323580e+00
7.086817e+00 -6.227959e+00
3.895381e+00 -7.588767e-01
7.411302e+00 -1.878128e+00
-7.647943e+00 -7.920197e+00
8.732618e+00 9.189392e+00
-5.562502e+00 4.180988e-01
-4.525738e+00 -7.266894e+00
7.185010e+00 6.627058e+00
-5.283162e-01 -3.557862e-01
6.893039e+00 8.638300e+00
5.850703e+00 -2.684809e+00
6.553352e+00 -9.805032e+00
5.646637e+00 -5.362503e+00
-4.662170e+00 -6.289774e+00
9.128837e+00 2.405550e+00
3.675108e+00 -5.270194e+00
-2.855367e+00 1.008735e+01
4.957035e+00 -9.429905e+00
7.671420e+00 9.384975e+00
7.558584e+00 4.112867e+00
-3.381300e-01 8.494243e+00
5.714015e+00 -8.745847e+00
1.984138e+00 1.047468e+01
7.486255e+00 -9.345056e+00
9.197283e-01 3.130009e-01
2.434556e+00 -8.720234e+00
-3.192273e+00 7.079407e+00
-8.491850e+00 -2.886770e-01
-6.004694e+00 4.333735e+00
-1.611730e+00 -2.038058e-01
-1.483926e+00 7.291689e+00
8.073213e+00 2.244093e+00
1.533079e+00 -1.741859e+00
-1.122466e+00 -1.055274e+01
-3.017703e+00 -2.048441e+00
7.358770e+00 5.227273e+00
-6.513077e+00 7.641744e+00
8.626140e-01 1.101767e+01
-1.071763e+01 1.577885e-01
1.015280e+01 6.773117e+00
-6.307143e+00 -5.054457e+00
-4.627339e+00 9.884139e+00
-6.542376e+00 3.292762e+00
-9.719191e+00 -8.282437e+00
7.978313e+00 -8.375601e+00
7.646320e+00 1.866707e-02
-1.805888e+00 -6.009053e+00
-6.502800e+00 -1.389049e+00
7.466200e+00 3.084618e+00
9.614911e+00 -1.029469e+01
9.113358e+00 -3.594398e+00
1.072658e+01 8.687179e+00
-5.358919e-01 2.646516e+00
-8.687155e+00 -7.161443e+00
1.249159e+00 -5.129202e+00
-7.172758e+00 6.558767e+00
-4.372133e+00 8.137848e+00
3.270667e+00 6.535007e+00
-1.012013e+01 -9.230766e+00
8.352856e+00 -6.660867e+00
-7.735525e+00 -6.650092e+00
-2.362397e+00 7.822621e+00
-8.813088e+00 1.302894e+00
-8.177344e+00 -5.354840e+00
-4.994317e+00 7.229798e+00
6.249041e+00 -7.587314e+00
-9.935278e+00 -7.129886e+00
9.129607e+00 6.971187e+00
1.230278e+00 -3.064171e+00
4.142804e+00 5.730834e+00
4.711958e+00 2.348249e+00
9.965951e+00 5.007934e+00
7.773615e-01 5.240755e+00
4.892433e+00 9.974823e+00
-3.840106e+00 1.053499e+01
7.252958e-01 -4.059487e+00
6.541278e+00 -1.089019e+01
9.711871e+00 -2.359303e+00
1.002069e+01 -4.289437e+00
-2.781215e+00 -5.764273e+00
-2.581402e+00 8.998262e+00
-6.308955e+00 1.110557e+01
-1.107568e+01 -9.647397e+00
-1.469603e+00 8.631626e+00
-8.818898e+00 -1.711083e+00
3.311242e+00 7.379912e-02
-4.115664e+00 5.551989e+00
9.076419e+00 -8.686317e+00
1.104005e+01 -7.535295e+00
1.095404e+01 9.775328e+00
5.819238e+00 2.207757e+00
-1.122333e-01 4.783335e+00
-7.622827e+00 -3.623728e+00
2.953646e+00 3.858810e+00
4.564825e+00 -8.304601e+00
-8.019033e+00 -9.910235e+00
-9.142681e+00 1.007218e+01
3.002454e+00 8.788241e+00
6.333227e+00 4.630192e+00
-1.020965e+01 -3.270692e+00
6.866781e+00 7.607398e+00
4.624155e+00 2.119504e-01
8.642911e+00 4.929212e+00
3.048734e+00 1.045321e+01
9.982878e+00 7.899366e+00
-7.832760e-01 6.510922e+00
-1.086638e+01 -2.426521e+00
-1.085615e+01 -6.524625e+00
-3.801141e+00 5.187234e-02
1.034037e+01 1.076408e+01
-8.909525e+00 -9.350232e+00
-9.269011e+00 -5.162607e+00
4.799102e+00 -2.234030e+00
2.912903e+00 -4.674857e+00
8.849572e+00 -7.617650e+00
-1.088893e+01 1.079799e+01
4.094524e+00 4.566203e+00
-3.359243e+00 2.198650e+00
-4.994608e+00 1.088988e+01
2.679309e+00 2.626532e+00
-4.088503e+00 -4.401647e+00
1.057774e+01 4.104276e+00
7.149711e-01 -8.340357e+00
4.406100e+00 1.090097e+01
6.913055e+00 2.267852e+00
3.776477e-01 9.833043e+00
-5.053578e+00 6.025483e+00
1.724121e+00 9.056986e+00
-1.036068e+01 8.866165e+00
3.628022e+00 2.253168e+00
1.071046e+01 -5.576593e+00
-1.998485e+00 -2.357406e+00
-6.504989e+00 4.698080e-02
6.585845e-01 3.193442e+00
4.888182e+00 -3.355850e+00
-1.037599e+01 5.337805e+00
5.117012e+00 -7.458276e+00
1.689311e+00 -7.869878e+00
1.059351e+01 -1.747824e+00
-7.287306e+00 4.108729e+00
3.889093e+00 -4.036174e+00
-7.825457e+00 3.176907e+00
-3.271174e+00 -9.724634e+00
