7.484318e+00 -1.096455e+01
-9.628335e+00 6.784032e+00
-8.393316e+00 8.579833e+00
-4.831184e+00 -9.474815e-01
-8.635585e+00 7.340588e-01
-9.439254e+00 -6.816614e+00
7.629149e+00 -3.776170e+00
6.170012e-01 4.351398e+00
7.243476e+00 -4.785150e+00
5.957905e+00 -2.940314e+00
-7.313015e+00 8.264917e+00
9.998800e+00 5.522175e+00
-9.848261e+00 1.308194e+00
5.074891e+00 5.050251e-02
-5.479647e-01 5.949366e+00
7.759249e+00 1.061011e+00
1.101281e+01 -1.664228e+00
-9.768474e+00 1.030355e+01
-6.173554e+00 -7.698352e+00
-7.329315e+00 -8.858032e+00
8.578982e+00 1.023462e+01
8.788779e+00 -5.733657e+00
4.165719e+00 -6.094331e+00
1.004453e+00 -1.969743e+00
6.215520e+00 -1.890650e+00
-1.070323e+01 6.200611e+00
-5.268880e+00 5.188633e-02
1.315207e+00 -1.088900e+01
6.434166e+00 5.694751e-01
-6.881322e+00 4.769281e+00
1.405828e-01 9.900686e+00
3.566492e+00 1.373217e+00
-9.555480e+00 3.152385e+00
-1.007793e+01 4.305167e+00
3.374380e-01 6.444150e+00
-7.844682e+00 -1.000721e+01
1.019216e+01 -7.480631e+00
-8.424999e+00 -9.045719e+00
-1.081652e+01 -3.957715e+00
-5.812167e+00 2.928411e+00
-1.015031e+01 -7.590495e+00
5.230259e+00 -2.167457e+00
-9.358928e+00 9.078419e+00
-9.010863e+00 4.615007e+00
-9.837479e+00 -4.425121e+00
9.986184e+00 7.597995e+00
-7.660132e+00 -2.219593e+00
-1.041940e+01 -2.021371e+00
4.784871e+00 -3.142254e+00
-1.091522e+01 1.260477e+00
4.143459e+00 -1.219020e+00
-1.457829e+00 4.670913e+00
7.935978e+00 -1.060698e-01
-7.952744e+00 5.380994e+00
8.046201e+00 -1.856081e+00
-7.597858e+00 7.214997e-01
2.967846e+00 4.724278e+00
-7.524682e+00 -4.602983e+00
-6.829435e+00 2.603573e+00
-2.627915e+00 -1.057139e+01
4.259750e+00 1.041505e+01
9.255400e+00 -1.113577e+01
1.040437e+01 1.057860e+01
-4.177834e+00 -9.312230e+00
-1.051401e+01 2.147374e+00
6.921438e+00 -8.670910e+00
1.083192e+01 -6.181933e+00
-6.542783e+00 -2.764802e+00
-1.026184e+01 -9.109916e+00
5.944909e+00 -5.039389e+00
2.977247e-01 5.330473e+00
6.293232e+00 -5.451564e-01
-6.131303e-01 7.027413e+00
1.996673e+00 3.807840e+00
-4.479376e+00 8.895482e+00
-1.090497e+01 5.055384e+00
-9.169312e+00 -1.863392e+00
-4.978100e+00 6.027824e+00
6.724354e+00 -5.799592e+00
-1.039486e+01 -6.384495e+00
4.631237e+00 -1.064075e+01
-9.893265e+00 -3.064898e+00
2.529172e+00 5.741746e+00
2.764729e+00 -5.594164e+00
7.366318e+00 9.219885e+00
4.596146e+00 1.082608e+00
-1.115531e+01 -7.194304e+00
-2.261192e+00 5.780315e+00
3.722192e+00 -7.126520e+00
-1.059350e+00 -2.716412e+00
-9.105827e+00 -7.991596e-01
-1.093240e+00 6.990620e-01
-2.842024e+00 1.861162e+00
7.355207e+00 2.453774e+00
9.640683e+00 3.495723e+00
1.202616e+00 7.001918e-02
6.570771e+00 3.227916e+00
-4.309116e+00 1.066931e+00
-6.336607e+00 4.800204e-01
-9.396401e+00 -8.510988e+00
-7.890185e+00 1.953743e+00
5.337604e+00 1.003702e+01
-7.972490e+00 -6.836247e+00
1.001833e+01 -5.543306e+00
-3.092805e+00 -7.715745e+00
-1.009181e+01 -1.078652e+01
-1.758632e+00 -6.028568e+00
-9.485308e+00 1.583556e-01
-5.679244e+00 -2.138686e+00
-7.264489e+00 -7.783559e+00
1.103317e+01 -3.785434e-01
-5.850023e+00 1.364255e+00
2.982715e+00 4.739211e-01
2.373070e+00 2.801594e+00
-1.111281e+01 8.092665e+00
-1.057911e+01 7.219237e+00
-5.013277e+00 4.948086e+00
-6.532783e+00 -4.659300e+00
-8.155505e+00 4.079576e+00
-8.829509e+00 -1.061206e+01
5.004604e-03 7.801565e+00
-1.543363e+00 7.885115e+00
-1.806567e+00 1.069070e+01
-6.940789e+00 -1.057432e+01
3.858872e+00 -3.805073e+00
-1.050507e+01 2.755361e-01
-6.135389e+00 -3.745242e+00
-7.760656e+00 9.412578e+00
-1.445850e+00 3.373735e+00
-6.928743e+00 1.573432e+00
5.386610e+00 -5.912029e+00
-4.841894e+00 -5.422397e+00
1.066537e+01 3.030864e+00
9.590523e+00 1.253109e-01
-2.265463e+00 -8.373033e+00
4.662476e+00 5.476073e+00
4.370639e-01 -9.350659e-01
5.571492e+00 3.456002e+00
1.388300e+00 9.369268e+00
1.019700e+00 7.215175e+00
-3.912052e+00 2.325416e+00
-1.298986e+00 -9.011484e+00
-1.042000e+01 8.870628e+00
-9.682094e+00 8.068015e+00
8.693655e+00 -3.857752e+00
-3.995617e+00 5.598088e+00
-3.898124e+00 -1.309881e+00
-5.345208e+00 -6.627847e+00
1.395512e+00 2.309853e+00
-8.598736e+00 -2.761416e+00
-1.769396e+00 -3.722918e-02
-7.708393e+00 3.141816e+00
-6.009079e+00 5.406683e+00
-4.181861e+00 -7.058520e+00
4.824540e+00 2.172786e+00
5.904816e+00 2.449970e+00
-5.952912e+00 -8.701818e+00
-3.787249e+00 -1.028449e+01
8.610179e+00 3.958020e+00
-2.184826e+00 -2.432225e+00
-1.510813e+00 6.465425e+00
-4.702185e+00 3.506941e+00
4.793652e+00 -5.094652e+00
-7.718518e+00 -3.601234e+00
7.380713e+00 -9.293227e-01
-2.541151e+00 4.181482e+00
-2.687469e-01 1.339472e+00
-1.102810e+01 -2.860628e+00
-3.963436e-01 4.462030e+00
-2.877161e+00 6.649876e+00
-7.312503e-01 8.784227e+00
3.588330e+00 -8.323337e+00
-1.073110e+00 -7.936206e+00
6.754351e+00 5.251662e+00
1.044408e+01 1.941514e+00
-3.984484e+00 -1.973386e-01
4.490516e+00 3.423642e+00
4.762499e-01 -1.009117e+01
3.239298e+00 9.928149e+00
-2.917629e+00 4.997619e-01
-3.860774e+00 1.096404e+01
-2.609613e+00 7.670440e+00
-2.750295e+00 -3.366011e+00
-5.192702e+00 7.113754e+00
5.492304e+00 1.096667e+01
1.063753e+01 6.664408e+00
-9.199252e-01 -4.332422e+00
-5.471482e+00 -4.630174e+00
-5.020195e-01 -9.566006e+00
-8.005916e+00 -2.496252e-01
5.265886e+00 -1.054762e+00
-4.234619e+00 -4.494787e+00
1.076885e+00 3.385479e+00
-5.024601e+00 2.303014e+00
-1.919764e+00 -1.189488e+00
-8.416138e+00 -7.930132e+00
-2.839161e+00 -1.564788e+00
2.499233e+00 9.227406e+00
1.396567e+00 6.193630e+00
6.533392e+00 -7.659746e+00
3.723313e+00 -4.805388e+00
5.485015e+00 -9.891723e+00
1.085970e+01 9.095499e+00
8.215094e+00 -6.892714e+00
-4.005309e+00 4.489126e+00
1.059829e+01 5.538043e-01
1.890960e+00 -5.012891e+00
-2.831771e+00 -5.670480e+00
1.285059e+00 8.236672e+00
2.230439e+00 -3.292879e+00
2.562655e+00 1.816108e+00
-3.860080e+00 -5.985657e+00
-1.432278e+00 -9.997705e+00
-2.703950e+00 2.904343e+00
1.380854e+00 -8.804364e+00
3.205779e+00 -6.661278e-01
7.619277e+00 6.148828e+00
-4.094921e+00 6.782544e+00
4.369042e-01 8.855666e+00
3.507321e+00 2.427897e+00
2.568970e+00 -8.254564e+00
-7.059714e+00 -5.847909e+00
-3.382675e+00 8.675575e+00
-6.937841e+00 7.103180e+00
2.047143e-01 3.708511e-01
-2.709995e+00 -5.140619e-01
8.225335e-01 -5.274245e+00
-2.933214e+00 -4.462773e+00
-5.169103e+00 -3.455260e+00
3.624470e+00 5.895490e+00
8.547718e+00 -9.777408e-01
3.952187e+00 5.921242e-02
-4.994218e+00 1.022815e+01
-3.059232e+00 5.057174e+00
-1.697660e+00 2.160234e+00
9.305112e+00 2.545683e+00
7.779086e+00 4.878656e+00
4.545105e+00 -9.478186e+00
1.238143e+00 -4.263939e+00
-3.047133e+00 -6.704956e+00
-5.648757e+00 9.155968e+00
-5.246345e+00 -9.814020e+00
-4.766968e+00 -1.080480e+01
9.708237e+00 9.762278e+00
-3.813214e+00 -3.564045e+00
3.893905e-02 3.532418e+00
4.956266e+00 8.237991e+00
-6.237483e+00 7.988094e+00
-3.481131e+00 3.587289e+00
8.559163e+00 -8.813521e+00
-1.996492e+00 -7.250186e+00
-3.450034e+00 -2.386688e+00
3.639655e+00 -1.042286e+01
3.223579e+00 3.520483e+00
4.072017e-01 -8.934509e+00
1.912694e+00 4.893440e+00
4.387496e-01 -6.640347e+00
1.045160e+01 -1.043139e+01
5.153751e+00 4.549230e+00
4.693197e+00 -8.245144e+00
1.061257e+01 -3.596701e+00
9.309617e+00 -9.850907e+00
-6.982142e+00 -5.819611e-01
-3.296130e+00 -8.869031e+00
8.293328e+00 2.992782e+00
1.236450e-01 -4.413859e+00
9.188340e+00 -8.002464e+00
4.938320e+00 -7.157123e+00
8.330565e+00 -4.753332e+00
1.668735e+00 -6.251340e+00
-4.497664e+00 -2.341533e+00
5.643783e+00 1.263016e+00
-7.413796e-01 -1.354379e+00
3.144751e+00 -2.826976e+00
4.362728e+00 9.365292e+00
9.430154e+00 4.659263e+00
6.231017e+00 4.258642e+00
2.338463e+00 -1.050827e+01
6.575440e+00 -9.730443e+00
5.588701e+00 6.934684e+00
6.519691e+00 8.476388e+00
2.317244e+00 -2.339597e-01
2.695837e+00 -9.444866e+00
2.220059e+00 1.063711e+01
-1.059402e+01 3.193425e+00
-6.040775e+00 1.022702e+01
-7.314590e-01 -6.777258e+00
7.460333e+00 1.026856e+01
3.096337e+00 -1.690385e+00
-9.639845e-02 -3.350233e+00
-1.751960e+00 -3.547231e+00
-5.783407e-01 -2.968866e-01
9.341386e+00 6.804203e+00
4.583119e+00 6.526281e+00
-2.496044e+00 -9.524769e+00
-6.832819e-01 2.612775e+00
9.657390e+00 8.696892e+00
1.040712e+01 -2.525408e+00
1.147646e+00 1.041868e+01
-5.703292e+00 4.016409e+00
-7.194353e+00 1.024909e+01
8.337652e+00 -1.036260e+01
9.789806e+00 -1.015998e+00
1.971707e+00 -2.296509e+00
-3.467478e-02 -2.184149e+00
8.734830e+00 5.917256e+00
-1.056425e+01 -5.331269e+00
5.411216e+00 -4.070440e+00
1.068338e+01 4.225073e+00
-5.905690e+00 -7.903931e-01
-8.782365e+00 -3.880975e+00
2.571814e-01 -7.715909e+00
-6.972662e+00 5.821316e+00
-7.891539e+00 6.451284e+00
4.286936e+00 7.546175e+00
-9.299309e+00 -9.718298e+00
-5.865133e+00 -5.659251e+00
-8.553328e+00 1.006126e+01
3.640241e+00 8.420381e+00
6.784146e+00 1.597276e+00
-1.107674e+01 -1.114200e+01
-6.028682e+00 -1.100718e+01
1.096720e+01 -9.248327e+00
-1.090721e+01 -1.011689e+01
1.004211e+01 -8.685789e+00
7.659806e+00 -9.539144e+00
-3.795921e+00 9.755123e+00
6.523075e+00 6.455456e+00
9.546662e+00 1.218314e+00
-2.805614e+00 1.013564e+01
5.610713e+00 9.043241e+00
-5.079641e+00 -7.625334e+00
-4.160919e+00 7.850315e+00
4.031728e+00 4.608083e+00
9.392290e+00 -2.208861e+00
5.908406e+00 -6.819045e+00
-5.888087e-01 -1.061740e+01
3.475989e+00 6.923775e+00
-5.206480e+00 8.104560e+00
2.966631e-01 1.109906e+01
6.518569e+00 1.083598e+01
-8.597874e+00 -4.848331e+00
4.026599e+00 -2.368060e+00
1.610851e+00 -9.845954e+00
-7.815507e+00 1.116952e+01
-9.414267e+00 -5.798630e+00
-1.107188e+01 1.012543e+01
1.504380e+00 -9.823163e-01
-2.062190e+00 1.190793e+00
-1.023930e+01 -6.934694e-01
9.624221e-01 -3.131248e+00
9.277770e+00 -6.913719e+00
-4.220033e+00 -8.145539e+00
-1.299222e+00 9.693349e+00
8.733490e+00 6.053077e-01
7.109673e+00 7.376135e+00
-8.203650e+00 -5.822797e+00
7.609655e+00 3.857930e+00
2.283739e+00 6.725880e+00
-8.408940e+00 7.460772e+00
6.495262e+00 9.736417e+00
-1.111840e+01 -8.212446e+00
7.898211e+00 8.217189e+00
-6.325829e+00 -6.655453e+00
6.425792e+00 -4.137165e+00
-6.782731e+00 -1.619319e+00
8.570541e+00 -2.762608e+00
-1.897084e+00 -4.847740e+00
7.842249e+00 -7.945432e+00
2.754067e-01 2.196114e+00
8.651409e-01 1.174595e+00
7.698836e+00 -5.779283e+00
8.509948e+00 9.147682e+00
8.420390e+00 1.921384e+00
-8.133707e+00 -1.286685e+00
-6.081463e-01 1.048509e+01
1.910180e+00 8.293787e-01
9.565950e+00 -3.342020e+00
-8.938360e+00 6.071010e+00
2.384131e+00 -7.067114e+00
5.954445e+00 -8.855780e+00
8.285539e+00 7.023666e+00
3.180858e+00 1.102537e+01
-2.198873e+00 8.853323e+00
2.368887e+00 8.014242e+00
9.018578e+00 7.830798e+00
-6.065988e+00 6.468980e+00
7.158834e+00 -6.850906e+00
-2.782264e-01 -5.570892e+00
1.082794e+01 -4.659917e+00
2.770407e+00 -4.368787e+00
7.392920e+00 -2.632082e+00
-9.081033e+00 2.078171e+00
5.670011e+00 5.465878e+00
1.399672e+00 -7.466920e+00
-6.467135e+00 -9.565325e+00
-6.749692e+00 3.719844e+00
9.506983e+00 -4.562326e+00
-9.847225e+00 5.348536e+00
-6.715516e+00 9.275214e+00
