-9.595612e+00 -9.993955e+00
-9.348210e+00 6.925962e+00
-4.724715e+00 7.559030e+00
-5.371230e+00 -5.722965e+00
-1.111364e+01 3.685147e+00
-7.712089e+00 -2.987499e+00
9.214609e+00 1.561765e+00
-7.339121e+00 4.709412e+00
6.377002e+00 -3.205615e+00
7.636266e+00 2.639229e-01
-1.673677e+00 9.128465e+00
9.385410e+00 2.701552e+00
9.929470e+00 7.514993e-01
8.071238e+00 4.378256e+00
-5.393375e+00 2.507058e+00
1.128658e-01 5.185030e+00
-8.829132e+00 2.608973e+00
-1.019485e+01 1.007614e+01
-6.732558e+00 -7.429744e+00
-7.139026e+00 -9.316740e+00
-1.032761e+01 -6.475230e+00
-8.065538e+00 -6.122845e+00
7.276805e+00 -8.289453e+00
1.088671e+01 1.580986e-01
4.464795e+00 1.297113e+00
-1.015701e+01 3.142062e+00
-5.739658e+00 -2.664637e+00
8.334899e+00 -8.275968e+00
7.150078e+00 -1.036440e+00
-1.101474e+01 2.339212e+00
-5.973834e+00 6.852669e+00
8.042914e+00 -1.682752e+00
-8.555370e+00 1.427736e+00
9.895948e+00 6.130665e+00
-1.155786e+00 2.640489e+00
1.030666e+01 1.102472e+01
-9.112451e+00 -5.729370e+00
-3.333368e+00 -9.922353e+00
-6.459108e+00 -6.011851e+00
-8.016409e+00 8.780535e+00
-4.061418e+00 -7.838104e+00
-8.653693e+00 -3.579617e+00
-7.468828e+00 -8.192831e+00
-8.953357e+00 1.062059e+01
-1.076446e+01 -9.314776e+00
9.052436e+00 4.964754e+00
-1.079721e+01 1.036877e+00
-1.075075e+01 -1.762321e+00
9.808463e+00 -4.353059e+00
-7.698401e+00 2.831312e+00
4.063276e+00 4.167559e+00
-5.320156e+00 -1.586182e+00
3.529688e+00 3.193944e+00
1.104330e+01 5.808967e+00
2.687614e+00 2.387900e+00
-7.009206e+00 3.794093e-01
-5.963646e+00 7.972214e+00
-5.444962e+00 8.494347e-01
-5.686376e+00 3.650041e+00
-7.980517e+00 7.464150e+00
8.818748e+00 -9.577956e+00
5.342236e+00 -1.107267e+01
1.002749e+01 -9.481568e+00
-5.522353e+00 -9.399430e+00
-9.437282e+00 7.321095e-01
-1.087242e+01 -2.781295e+00
-8.206543e+00 -5.129581e+00
-9.803655e+00 -2.160295e+00
1.105799e+01 -4.885137e+00
9.537790e+00 -1.731458e+00
-3.304323e+00 2.499107e+00
7.375022e+00 1.541171e+00
-1.100865e-01 -1.186055e+00
-1.613378e+00 6.696492e+00
-6.405175e+00 8.938773e+00
1.824300e+00 4.491154e+00
-7.620640e+00 -1.640033e+00
-7.010136e+00 5.708678e+00
-7.962602e+00 -7.244928e+00
-7.230080e+00 9.565678e+00
9.725537e-01 1.105267e+01
-5.780664e+00 -7.769070e+00
-3.477448e+00 1.033211e+01
1.070093e+01 -8.513692e+00
1.113207e+01 -7.265692e+00
9.059342e+00 1.974030e-01
-2.400211e+00 -6.324374e+00
-2.437407e+00 -3.596549e-01
9.062546e+00 -7.199272e+00
6.625494e+00 -7.458117e+00
-8.833614e+00 -2.491963e+00
1.240509e+00 -2.715957e+00
-4.265809e+00 4.901291e-01
-2.704362e-01 1.898451e+00
8.688471e+00 6.066754e+00
3.326105e+00 -3.368989e+00
1.075810e+01 7.008409e+00
-6.702998e+00 -3.241182e+00
-4.664087e+00 3.696472e+00
1.005829e+01 -5.443314e+00
-9.840745e+00 1.782363e+00
1.674522e+00 -1.057055e+01
-9.044811e+00 -7.009423e+00
-3.351275e+00 -6.736472e+00
6.195450e-01 -7.762771e+00
1.094781e+01 -6.090719e+00
-9.070004e-01 -7.663399e+00
5.823346e+00 3.059492e+00
-4.451825e+00 -6.709213e+00
-4.243704e+00 -4.144125e+00
-9.832902e+00 -1.030657e+00
-2.473720e+00 -2.649711e+00
1.084439e+00 4.991691e-01
-3.123837e+00 1.026575e+00
6.024346e+00 5.173145e+00
1.015549e+01 5.116817e+00
-3.627261e+00 3.499575e+00
-7.563371e+00 -1.031164e+01
1.094756e+01 7.984658e+00
-1.032504e+01 7.975361e+00
-2.504524e+00 3.085066e+00
-5.098077e+00 4.826728e+00
2.121515e+00 -9.699334e+00
-6.444116e+00 -8.510192e+00
5.920142e+00 -5.528385e+00
-4.378841e+00 -9.733172e+00
-1.037068e+00 -6.646528e+00
-2.357007e-01 -8.483926e+00
-7.583929e+00 -5.702733e-01
-8.097889e+00 4.766826e-01
6.397664e+00 -6.447348e+00
2.019165e-01 -4.609147e+00
-6.557026e+00 2.646275e+00
1.023908e+01 4.061659e+00
-2.581486e+00 1.097601e+01
5.205101e+00 7.003020e+00
3.186233e+00 1.174141e+00
1.995649e+00 6.587546e+00
-3.821474e+00 6.560692e+00
-2.872463e+00 8.213010e+00
-6.204346e+00 4.669666e+00
-8.980362e-01 -1.050744e+01
-5.221830e+00 -1.049620e+01
-8.575791e+00 -9.358383e+00
-5.586436e+00 -6.807923e+00
-4.501724e+00 1.002868e+01
-5.174306e+00 -3.590301e+00
-6.725509e-01 -3.790696e+00
-2.365595e+00 -5.142900e+00
-8.542010e+00 -1.166149e+00
7.582487e-01 -1.758129e+00
-3.467199e+00 -2.351902e+00
-6.934186e+00 3.609279e+00
-4.581274e-02 -5.677828e+00
-2.068395e+00 8.352042e-01
-2.644402e-01 3.917688e+00
-4.817298e+00 -8.675928e+00
-7.162448e+00 8.235374e+00
-1.442491e+00 5.683918e+00
-3.403426e+00 -3.454915e+00
-7.022853e+00 6.807246e+00
-4.317955e+00 2.662304e+00
5.400762e+00 -7.751954e+00
-4.721805e+00 -2.630400e+00
-8.989199e+00 -1.829116e-01
-3.104525e+00 -1.372537e+00
-1.958606e+00 4.746368e+00
-4.388357e+00 -5.427987e+00
-6.731475e+00 -2.183504e+00
-4.564021e+00 5.682018e+00
-4.541346e+00 1.107615e+01
5.343695e+00 -6.491348e+00
1.791318e+00 -7.874822e+00
-4.220932e-01 -7.578457e-02
-8.842788e+00 4.731664e+00
-1.988290e+00 -1.673919e+00
-2.729313e+00 7.242990e+00
1.162768e+00 -8.743964e+00
6.183068e+00 9.565618e+00
-4.247636e+00 -1.584588e+00
-1.697203e-01 -9.643480e+00
-5.693507e+00 5.770711e+00
1.282897e+00 -4.602455e+00
-6.691018e+00 1.082738e+01
-1.061794e+01 -8.267586e+00
3.090093e+00 -1.102683e+01
-1.211072e+00 -9.422219e+00
-1.667784e+00 -8.413702e+00
-3.605301e+00 -8.898046e+00
-7.454877e+00 1.726133e+00
1.099020e+01 -8.976781e-01
-2.225429e+00 -3.722341e+00
-5.935118e+00 -1.302859e-01
-6.525734e+00 -1.195316e+00
3.406909e+00 4.000346e-03
9.373168e+00 8.057972e+00
2.023532e+00 -1.827784e+00
1.079588e+00 9.943073e+00
-1.860003e+00 8.011831e+00
1.013524e+01 -7.601906e+00
5.406467e+00 -3.549866e+00
3.016877e+00 1.029213e+01
7.771859e+00 6.464541e+00
-7.066094e+00 -5.076521e+00
-5.918407e+00 9.805230e+00
6.703141e+00 6.034796e+00
9.424030e-01 -9.742815e+00
1.214139e+00 -6.929152e+00
4.377313e+00 -9.608877e+00
-1.464920e+00 -2.995420e+00
7.718781e-01 3.777535e+00
1.548856e-01 -6.719152e+00
-7.906405e-01 9.681680e+00
-6.275451e+00 1.582251e+00
1.558585e-01 1.050076e+01
1.934744e+00 1.410693e+00
2.815821e+00 7.426580e+00
-2.963237e+00 4.325451e+00
-7.568495e-01 8.677352e+00
-9.366079e-01 -2.001858e+00
3.547039e+00 9.208317e+00
-9.781298e+00 -1.109961e+01
4.253426e+00 1.025908e+01
-5.580487e+00 1.075518e+01
5.859423e+00 -2.337470e+00
7.460208e-02 -2.788279e+00
6.237153e+00 -4.245134e+00
-3.302061e+00 -5.667839e+00
6.807890e+00 2.466878e+00
7.239876e-01 6.705427e+00
7.208619e-02 8.305977e-01
-1.060948e+00 9.223602e-01
-2.166922e+00 1.005082e+01
-3.291496e+00 5.260211e+00
1.672000e+00 -8.101158e-01
4.843175e+00 5.036553e+00
7.100193e+00 4.163443e+00
4.175470e+00 -1.062135e+01
4.895944e+00 -8.643092e+00
2.538044e+00 -8.705889e+00
-3.528458e+00 -1.096481e+01
1.375452e+00 8.887444e+00
-3.708900e+00 7.609005e+00
5.022989e+00 7.947463e+00
-2.818805e+00 -8.148014e+00
-4.915672e+00 -5.515356e-01
9.194148e+00 9.124426e+00
3.130278e+00 -9.924208e+00
1.031237e+01 1.711772e+00
-9.677527e+00 -3.210237e+00
3.159783e+00 -5.601798e+00
6.135090e-01 -3.649692e+00
4.588964e+00 9.251644e+00
3.942183e+00 2.199078e+00
2.443052e-01 9.269424e+00
-1.471063e+00 -4.814362e-01
4.207234e+00 -3.916247e+00
8.595675e+00 -1.063241e+01
-1.059723e+01 9.078162e+00
3.856496e+00 -8.661072e+00
5.465983e+00 4.005310e+00
7.036603e+00 -5.565422e+00
-3.266594e+00 -4.576058e+00
-6.390576e+00 -1.014503e+01
7.505620e+00 5.227407e+00
7.880256e+00 -6.826334e+00
8.686910e+00 -8.044449e-01
9.038134e+00 -6.004931e+00
4.963133e+00 2.315110e+00
2.941790e+00 -6.699771e+00
-1.357801e+00 -5.592541e+00
-5.135700e-02 2.917355e+00
-1.047079e+01 -6.553823e-03
1.466002e+00 5.776125e+00
6.224672e+00 7.126507e+00
-3.328650e-01 6.104840e+00
4.366795e+00 6.135765e+00
3.866216e+00 8.131619e+00
8.474707e+00 7.388522e+00
3.143978e+00 6.318579e+00
5.902901e+00 8.392889e+00
2.250778e+00 2.647968e-01
6.546384e+00 -1.071890e+01
9.332786e-02 -1.067907e+01
-1.110386e+01 4.726918e+00
-2.487720e+00 -9.131704e+00
3.067824e+00 -7.683656e+00
7.914102e+00 -5.072728e+00
6.930262e+00 -2.020973e+00
5.274611e+00 -4.612368e+00
2.348682e+00 -3.810170e+00
2.362181e+00 -2.731918e+00
2.170955e+00 9.698246e+00
-8.342657e-01 4.803266e+00
2.183643e+00 1.079296e+01
-3.689628e+00 -4.721553e-01
9.594123e+00 -1.042261e+01
4.747189e+00 3.310185e+00
-2.528666e+00 6.098174e+00
-1.024324e+01 4.247609e+00
7.467004e+00 9.693929e+00
1.071709e+01 -1.037260e+01
4.700184e+00 -2.694885e+00
6.491177e+00 9.634129e-01
3.687999e+00 -2.256341e+00
4.101421e+00 -8.207922e-01
7.802854e+00 1.087193e+01
7.727102e+00 -3.200851e+00
1.651404e+00 2.754488e+00
-1.988715e+00 -7.352531e+00
-5.103827e+00 -4.710902e+00
4.033897e+00 -6.469920e+00
-8.949756e+00 5.812544e+00
-8.557521e+00 9.658728e+00
-7.854768e-01 7.592685e+00
-1.061492e+01 6.567011e+00
-8.650714e+00 -1.045441e+01
-9.064480e+00 7.987751e+00
8.117656e+00 8.698476e+00
3.956783e+00 7.110845e+00
6.940681e+00 8.623238e+00
9.714134e+00 9.992640e+00
-8.458242e+00 -8.245917e+00
8.536002e+00 1.001366e+01
9.497608e+00 -8.502107e+00
7.728351e+00 -9.159213e+00
-4.652713e+00 1.610892e+00
6.619789e+00 -9.479981e+00
9.552677e-01 1.725344e+00
-4.064169e+00 4.624822e+00
2.482868e+00 5.523368e+00
-1.016705e+00 1.085060e+01
-2.035770e+00 1.915648e+00
-1.446938e+00 3.734837e+00
4.997023e+00 -2.681847e-01
5.618635e+00 -9.605861e+00
-2.014915e+00 -1.046900e+01
-4.089938e+00 8.558791e+00
1.046419e+01 8.975712e+00
2.030948e+00 -6.096753e+00
9.272661e+00 1.099326e+01
-6.178029e+00 -4.170962e+00
9.965207e+00 -7.148348e-01
1.357933e+00 7.610242e+00
-9.404037e+00 -4.382969e+00
-1.045456e+01 -4.263139e+00
1.004656e+01 -6.577444e+00
6.403759e+00 -1.661787e-01
2.264734e+00 -4.916747e+00
8.711738e+00 -2.970476e+00
2.958657e+00 -1.331742e+00
8.334761e+00 9.816376e-01
9.581593e-01 -5.860084e+00
-3.041751e+00 9.243509e+00
2.839628e+00 4.505360e+00
5.364730e+00 5.965924e+00
-9.478261e+00 -8.899798e+00
3.637340e+00 5.375758e+00
-4.940802e+00 6.604080e+00
1.103597e+01 9.850787e+00
7.491819e+00 -1.029864e+01
8.909802e+00 -4.985303e+00
6.783424e+00 1.043698e+01
-9.626613e+00 -7.924509e+00
1.050749e+01 -2.062955e+00
8.415357e+00 2.187680e+00
1.032251e+01 2.887693e+00
-1.489014e+00 -4.542144e+00
4.154187e+00 -7.652856e+00
6.587239e-01 -4.121588e-01
5.482232e+00 8.561059e-01
7.238952e+00 -4.139328e+00
9.432660e+00 7.018965e+00
2.449956e+00 3.364982e+00
7.743809e+00 3.332807e+00
2.348039e+00 8.411376e+00
6.055778e+00 -1.102754e+00
5.999038e+00 1.922566e+00
-7.955727e+00 6.120495e+00
8.700761e+00 -4.011656e+00
-1.058994e+01 -1.039950e+01
7.493863e+00 7.612599e+00
5.368372e+00 1.022325e+01
-5.051975e+00 9.135966e+00
6.105943e+00 -8.620407e+00
8.777770e+00 3.652526e+00
-1.005804e+01 5.424410e+00
9.785172e+00 -2.888485e+00
4.358142e+00 -5.033115e+00
-1.020185e+01 -5.348881e+00
4.825286e+00 -1.533393e+00
1.086860e+01 -3.677573e+00
-9.285791e+00 3.751973e+00
2.637732e-01 7.980681e+00
3.306750e+00 -4.560692e+00
-9.517598e+00 9.234596e+00
-8.140636e+00 3.980239e+00
-7.351576e+00 -4.050451e+00
-1.084651e+01 1.090094e+01
-7.806153e+00 1.057765e+01
