-1.066943e+01 -8.042989e+00
-9.265574e+00 8.288253e+00
-9.233613e+00 1.054659e+01
-9.768532e+00 -6.856730e+00
-9.768244e+00 -3.858595e-01
-7.876212e+00 -1.387646e+00
-8.440576e+00 -3.474627e-01
-1.028066e+01 2.700140e+00
5.687300e+00 -3.553136e+00
-1.070097e+01 1.494082e+00
5.507203e+00 5.999153e+00
1.047400e+01 1.938236e+00
9.839027e+00 2.938863e+00
7.290432e+00 2.772606e+00
-5.377242e+00 7.656918e+00
8.670808e+00 7.434302e-01
-6.335153e+00 6.116651e+00
-5.687498e+00 9.443624e+00
9.511867e+00 -8.521269e+00
-9.048097e+00 -1.042763e+01
-7.793062e+00 -4.470074e+00
-8.477777e+00 -3.657685e+00
1.009368e+01 -5.795405e+00
-6.297997e+00 -3.213060e+00
-8.340428e+00 -2.346022e+00
-1.046094e+01 4.257349e+00
-6.700847e+00 -1.544712e+00
1.020594e+01 -2.073113e+00
3.471846e+00 -3.430040e+00
9.134830e+00 3.687580e+00
-7.481150e+00 5.749136e+00
6.500354e+00 -1.395438e-01
-8.913547e+00 2.847394e+00
9.738985e+00 1.107388e+00
1.449314e+00 1.098298e+00
9.018555e+00 7.789173e+00
-9.354492e+00 -9.240263e+00
-5.637838e+00 1.050030e+01
-1.005163e+01 -1.002229e+01
-9.499699e+00 7.190283e+00
-6.800734e+00 -9.808032e+00
-1.051244e+01 -4.927387e+00
-1.020936e+01 8.719398e+00
-8.013524e+00 9.842707e+00
-9.575968e+00 -5.628421e+00
-6.987710e+00 5.453742e-01
-9.472754e+00 3.780970e+00
-8.624646e+00 1.818861e+00
9.780822e+00 -1.878539e-02
-7.227647e+00 4.790587e+00
9.196547e+00 -1.695398e+00
-7.188057e+00 1.643891e+00
1.076108e+01 4.793575e-01
8.672171e+00 4.822102e+00
3.954314e+00 2.853590e+00
-4.690551e+00 3.390468e+00
-1.021570e+01 1.017417e+01
-1.634436e+00 4.805428e+00
-5.378651e+00 5.372477e+00
-1.620746e+00 8.409850e+00
9.314652e+00 -5.163107e+00
1.496400e+00 9.734811e+00
-9.085212e+00 -4.547356e+00
-5.685272e+00 -7.790853e+00
-7.874735e+00 2.604693e+00
-7.243289e+00 -2.595082e+00
-6.646506e+00 -4.928125e+00
-5.894725e+00 -2.233064e+00
7.132244e+00 -1.090298e+00
-7.343364e+00 -4.946908e-01
-4.472577e+00 6.017049e+00
7.817684e+00 -5.841549e-02
8.430249e-01 -2.188984e+00
7.509171e+00 4.781581e+00
1.097266e+01 8.300068e+00
2.334281e+00 1.937567e+00
-5.763313e+00 3.670951e+00
-3.417271e+00 6.151369e+00
-7.451308e+00 6.746017e+00
-9.411064e+00 -7.954470e+00
-6.206910e-01 1.020736e+01
-8.463080e+00 -8.708462e+00
-2.564344e+00 9.975065e+00
-1.105512e+01 -5.873234e+00
-1.056065e+01 -2.630866e+00
9.695897e+00 -3.043277e+00
-5.391063e+00 -6.736754e+00
-8.443800e+00 4.209586e+00
-9.862840e+00 -3.532762e+00
3.899279e+00 -7.988466e+00
-7.528977e+00 -6.819170e+00
-5.890487e+00 -6.456606e-01
-5.458027e+00 6.682940e+00
-3.773074e+00 5.059895e+00
9.533985e+00 5.643908e+00
4.309323e+00 -1.585299e-01
6.797873e+00 1.786961e+00
-1.101756e+01 -3.957118e+00
1.179042e+00 7.536021e+00
1.077222e+01 -4.916953e+00
-8.085912e+00 8.761547e+00
6.675928e-01 -1.062585e+01
-4.695791e+00 1.087302e+01
-5.794265e+00 -4.083964e+00
-6.101998e+00 -1.089661e+01
1.109469e+01 -1.546737e+00
-9.191384e-01 -7.685604e+00
-1.049286e+01 3.350604e-01
-7.208232e+00 -1.100798e+01
-3.983724e+00 -3.313073e+00
-5.882824e+00 6.396658e-01
-4.941361e+00 1.174863e+00
-5.553791e+00 2.589482e+00
-3.622383e+00 1.648914e+00
9.605116e+00 6.805047e+00
1.069277e+01 4.027367e+00
-4.322446e+00 7.136497e+00
-9.095048e+00 9.415265e+00
9.660947e+00 4.646799e+00
-9.403094e+00 5.998371e+00
-2.401059e+00 5.955692e+00
-5.427999e-01 7.787160e+00
-3.743752e+00 -1.061496e+01
-6.385637e+00 -7.028339e+00
5.195925e-01 -6.411600e+00
-3.080321e+00 -7.587751e+00
-3.898230e+00 -8.329968e+00
-3.809240e+00 -6.790115e+00
-6.096884e+00 1.676716e+00
-4.591260e+00 2.179844e+00
-3.859285e+00 -4.931918e+00
-1.251635e+00 -1.531100e+00
-8.462048e+00 5.265391e+00
1.101784e+01 2.810225e+00
-7.374990e-01 5.708019e+00
4.620751e+00 7.496340e+00
-3.818833e+00 3.923333e+00
1.049678e+01 6.152517e+00
-2.630495e+00 3.601009e+00
-2.647303e+00 4.656941e+00
-6.352136e+00 7.250552e+00
2.231157e+00 7.420289e+00
-3.624106e+00 9.656116e+00
-8.099182e+00 1.086895e+01
-7.925935e+00 -1.006638e+01
-3.674534e+00 1.070675e+01
-6.070616e+00 -5.869654e+00
-5.134496e+00 -5.070666e+00
-6.328182e+00 -8.750950e+00
-3.056663e+00 -2.616209e+00
-1.616157e-01 -1.987110e+00
1.342851e-01 -7.503173e+00
1.106399e+01 5.196850e+00
1.709626e+00 -4.501518e+00
-7.433594e-01 2.696338e+00
-5.130157e-01 3.980263e-01
-4.757628e+00 -4.102331e+00
-3.149809e+00 7.265504e+00
-1.970167e+00 7.137439e+00
-3.075106e+00 -4.597453e-01
-6.502689e-01 9.000584e+00
-4.697301e+00 9.826634e+00
2.424516e-01 9.567676e+00
-4.927941e+00 -8.597624e+00
-8.051576e+00 6.882100e-01
-5.190756e+00 -3.180847e+00
-5.012849e+00 -1.038582e+01
-6.949358e+00 -3.954971e+00
-4.570991e+00 -5.988250e+00
-1.948532e+00 -9.095991e+00
-7.401348e-01 -1.101197e+01
1.564477e+00 -6.954175e+00
-1.749552e+00 -6.881982e+00
-1.990084e+00 2.700962e+00
-9.510381e+00 4.854704e+00
-4.950344e+00 4.396386e+00
3.206528e-01 5.780379e+00
-6.935112e+00 -7.880959e+00
3.649097e+00 7.078100e+00
-4.426318e+00 -2.207928e+00
-4.214823e+00 -9.589678e+00
-3.808494e+00 8.368608e+00
8.381529e-01 -9.584933e+00
-6.823069e+00 1.020674e+01
-7.458452e+00 -8.878968e+00
-1.558961e+00 -1.020665e+01
3.546584e-01 -8.576640e+00
-8.188938e+00 -7.694651e+00
-2.972595e+00 -9.076140e+00
-7.383980e+00 3.729069e+00
-6.586852e+00 3.033245e+00
-3.110373e+00 -4.105875e+00
-8.501847e+00 6.551943e+00
-3.679284e+00 4.256345e-01
4.778701e+00 5.212008e+00
-1.044472e+01 6.612967e+00
-1.916046e+00 1.578647e+00
5.884459e+00 8.439176e+00
4.515779e+00 6.297707e+00
-1.080225e+01 -6.969530e+00
3.467632e+00 1.074322e+01
1.280491e+00 1.077233e+01
5.633755e+00 7.077184e+00
-4.673262e+00 -7.600369e+00
2.242645e+00 8.452352e+00
7.240547e+00 1.035492e+01
3.229956e-01 1.070972e+01
1.886489e+00 -9.213757e+00
7.180837e+00 -6.937227e+00
-3.528104e+00 -1.545152e+00
2.594107e+00 7.430026e-01
5.362320e-01 -4.429501e+00
1.365684e+00 6.450503e+00
-5.245283e+00 -1.417425e+00
-9.928710e-01 3.829399e+00
-1.846024e+00 -6.730033e-01
2.558991e+00 5.153611e+00
1.090613e-01 6.990573e+00
6.233578e+00 9.765835e+00
-3.259866e+00 2.853266e+00
-3.194681e-01 -1.008197e+01
-7.016587e+00 9.240706e+00
5.274322e+00 -9.481858e+00
-2.730960e+00 1.100374e+01
2.403843e+00 -6.188485e+00
-6.582536e-01 -6.460761e+00
2.770164e+00 -8.443658e+00
-2.291796e+00 -3.342935e+00
5.838219e+00 -6.216359e+00
3.813444e+00 6.843264e-01
-6.156933e+00 4.665625e+00
-8.425010e-01 -6.015821e-01
-1.543286e+00 3.521687e-01
-9.632409e-01 6.798666e+00
1.520461e-01 -9.350620e-01
5.536496e+00 1.805832e+00
3.175427e+00 3.934140e+00
2.397298e+00 -1.107027e+01
3.366429e+00 -1.060621e+01
3.027018e+00 9.150407e+00
3.436754e+00 5.767956e+00
1.701947e+00 -1.026176e+01
-1.580626e+00 9.632796e+00
3.483579e+00 8.145457e+00
-1.725452e+00 1.065734e+01
-2.072530e+00 -4.589831e+00
5.400177e+00 -1.063397e+01
4.884755e+00 -7.542168e+00
-4.951638e+00 1.492310e-01
-4.441739e+00 -6.948140e-01
1.388627e-01 -5.508846e+00
-1.267696e+00 -2.685011e+00
2.167074e+00 3.907909e+00
6.813536e+00 3.913534e+00
1.553177e-01 4.812669e+00
-2.655963e+00 8.231680e-01
2.501961e+00 -7.438812e+00
4.340503e+00 -1.022285e+01
9.020786e+00 9.360390e+00
2.566149e+00 1.022285e+01
7.450773e+00 6.141995e+00
3.660272e+00 -9.223257e+00
-7.782910e-01 -8.912025e+00
-2.878068e+00 8.919135e+00
7.095150e+00 8.966667e+00
5.891403e+00 -5.072602e+00
7.986148e+00 -4.757021e+00
4.511702e+00 -6.588272e+00
2.780585e+00 -4.141599e+00
-2.759589e+00 -6.623136e+00
-2.872335e+00 -5.347876e+00
2.491348e-01 2.565728e+00
8.147356e+00 -1.831066e+00
3.785402e+00 4.801868e+00
6.725227e+00 5.482442e+00
4.381704e+00 3.982672e+00
6.501675e+00 7.653455e+00
3.866953e+00 9.798227e+00
6.506263e+00 -1.103223e+01
7.997854e+00 9.745470e+00
6.017084e+00 -8.543099e+00
5.428469e+00 -2.503695e+00
4.657802e+00 -8.657356e+00
1.180528e+00 8.716670e+00
6.492470e+00 6.562907e+00
-5.751131e+00 -9.616126e+00
2.723484e+00 -9.703326e+00
3.363756e+00 -6.888278e+00
4.157664e+00 -2.413857e+00
2.929466e+00 -5.131986e+00
-2.454610e+00 -1.573542e+00
2.945209e+00 -2.337488e+00
1.350743e+00 5.487220e+00
1.172460e+00 3.392794e+00
1.212030e+00 4.453779e+00
-8.619745e-01 1.358104e+00
8.106856e+00 1.113095e+01
1.925338e+00 -2.263467e+00
5.031044e+00 2.973463e+00
8.336168e+00 6.959394e+00
5.509291e+00 1.057894e+01
8.582493e+00 -7.987452e+00
1.668325e+00 -8.093888e+00
4.879884e+00 -4.419071e+00
4.950682e+00 -5.612610e+00
6.816452e+00 -3.161495e+00
6.372811e+00 -9.780282e+00
6.186552e+00 -7.463669e+00
6.094378e+00 -1.405514e+00
-1.882195e+00 -7.998783e+00
-1.126332e+00 -3.772838e+00
1.767715e+00 -3.240431e+00
9.236146e+00 2.024148e+00
8.667150e+00 -1.016081e+01
5.781200e+00 4.855096e+00
-1.043720e+01 7.739381e+00
-1.068996e+01 -1.093977e+01
9.153236e+00 1.096620e+01
1.001646e+01 8.953371e+00
4.552419e+00 1.110491e+01
7.260211e+00 -9.232213e+00
7.157925e+00 -8.138947e+00
1.050353e+01 -9.003321e+00
7.652158e+00 -1.026209e+01
1.021410e+01 -4.078780e+00
1.078801e+01 -2.940967e+00
-6.218574e+00 8.397303e+00
8.036343e+00 -6.038546e+00
2.978507e+00 -3.985163e-01
-2.600597e+00 -9.975597e+00
6.089383e+00 2.761925e+00
1.300308e+00 2.196213e+00
3.455937e+00 1.835656e+00
2.415677e-01 1.466255e+00
5.742416e+00 3.727168e+00
4.990503e+00 9.752963e+00
2.486784e+00 6.332867e+00
1.072972e+01 1.048697e+01
9.732003e+00 1.013417e+01
4.574675e+00 -3.297887e+00
1.049200e+01 -6.813751e+00
-8.584983e+00 -5.463669e+00
7.112866e+00 -2.091492e+00
8.309198e+00 8.586914e+00
-7.558394e+00 -5.621829e+00
8.892582e+00 -6.272431e-01
8.670922e+00 -2.678844e+00
3.882316e+00 -4.543824e+00
1.595673e-01 -3.099534e+00
5.305337e+00 -5.343631e-01
4.913155e-01 4.898359e-01
3.806435e+00 -5.761943e+00
1.750046e+00 9.045383e-02
1.675661e-01 3.635975e+00
1.007885e+01 7.803033e+00
1.092325e+01 7.211606e+00
8.311718e+00 -9.157565e+00
7.168382e+00 8.285952e-01
1.026220e+01 -1.088717e+01
9.764977e+00 -9.797864e+00
8.456608e+00 -6.947402e+00
6.864188e+00 -5.614914e+00
8.967357e+00 -4.017733e+00
-1.035618e+01 -9.023390e+00
-8.912250e+00 -1.411066e+00
6.127612e+00 8.296831e-01
-9.451761e+00 -2.423891e+00
-9.104270e-01 -5.200281e+00
-1.778836e+00 -5.752759e+00
3.713056e+00 -1.404147e+00
4.798556e+00 -1.562112e+00
1.151033e+00 -5.347578e+00
7.825120e+00 3.814682e+00
4.555443e+00 2.028833e+00
8.523072e+00 5.863806e+00
4.508476e+00 8.646655e+00
5.179707e+00 7.908365e-01
8.120186e+00 1.726377e+00
-8.317211e+00 7.669048e+00
6.650807e+00 -4.360302e+00
1.048561e+01 -7.902807e+00
7.587100e+00 7.826001e+00
9.440453e+00 -7.383408e+00
-4.978777e+00 8.676751e+00
9.099457e+00 -6.212273e+00
-9.123005e+00 8.962784e-01
-9.648356e+00 1.872521e+00
7.729350e+00 -3.535729e+00
2.475149e+00 -1.340800e+00
-1.025496e+01 -1.656079e+00
1.000037e+01 -1.064229e+00
-1.110971e+01 -4.901188e-01
8.545486e+00 2.843322e+00
2.920997e+00 2.902470e+00
1.365922e+00 -1.074097e+00
1.108003e+01 -1.008422e+01
-1.031711e+01 5.507922e+00
-8.629207e+00 -6.683902e+00
-1.112149e+01 9.527109e+00
-7.239036e+00 8.075201e+00
