-9.506768e+00 1.063172e+01
-1.094895e+01 5.294470e+00
-7.595626e+00 6.646336e+00
-5.823002e+00 -8.596853e+00
8.414264e+00 -1.760486e+00
-9.790945e+00 -4.362977e+00
1.081662e+01 -1.534614e+00
-9.115015e+00 5.400024e-01
5.817416e+00 -4.992619e+00
-1.051918e+01 -1.321941e+00
5.467321e+00 5.795149e+00
1.055636e+01 4.306591e-01
-1.115797e+01 -3.737765e-01
9.442638e+00 3.129069e-01
-3.629051e+00 5.854508e+00
6.984102e+00 1.020032e-01
-7.705356e+00 2.547046e+00
-5.165571e+00 7.076198e+00
-9.583852e+00 9.452893e+00
-6.325738e+00 9.330603e+00
-8.604517e+00 -7.568608e+00
-8.333155e+00 -6.269944e+00
1.035961e+01 -8.078796e+00
-7.711904e+00 -2.307575e+00
9.520056e+00 -1.675749e+00
-9.973372e+00 1.505904e+00
-7.523815e+00 -3.355435e+00
8.946843e+00 -4.341055e+00
2.464282e+00 -1.413573e+00
9.922443e+00 1.368100e+00
-6.744770e+00 7.325702e+00
6.246581e+00 -2.282955e+00
-9.349227e+00 4.021381e+00
8.081007e+00 1.474588e-01
-3.793057e-01 5.785024e+00
8.667650e+00 6.340701e+00
-9.934942e+00 -9.244815e+00
-5.742435e+00 -9.870586e+00
-8.587830e+00 -1.109830e+01
1.027526e+01 5.400427e+00
-3.478926e+00 -8.357021e+00
-9.129491e+00 -5.184552e+00
-8.518599e+00 7.229514e+00
-5.861021e+00 7.966826e+00
-1.107034e+01 -8.653210e+00
-9.494404e+00 -2.427237e+00
-1.003623e+01 9.400779e-02
-8.987405e+00 -4.884688e-01
9.254671e+00 -2.628212e+00
-7.153036e+00 3.546067e+00
6.772459e+00 -1.277402e+00
-6.159920e+00 1.628837e+00
9.924610e+00 -7.117588e-01
6.912779e+00 2.960659e+00
3.751476e+00 3.840726e+00
-6.262317e+00 2.749014e+00
-9.600560e+00 7.485469e+00
-4.687782e+00 5.981970e+00
-6.121727e+00 4.771266e+00
-4.020940e+00 6.811720e+00
9.659808e+00 -8.868087e+00
4.610509e+00 -8.920700e+00
1.047300e+01 -6.950191e+00
-5.845263e+00 -7.425880e+00
-7.186853e+00 1.587542e+00
-8.294909e+00 -4.040749e+00
-6.463531e+00 -3.622311e+00
-6.565648e+00 -2.631884e+00
4.843652e+00 -4.647331e+00
-8.525096e+00 -3.006143e+00
-5.051431e+00 4.901173e+00
5.503313e+00 -3.274730e-01
4.200356e-01 -3.392566e+00
4.728750e+00 4.992943e+00
-1.072376e+01 7.448890e+00
2.366070e+00 6.786220e+00
-5.015954e+00 1.509732e+00
-1.919136e+00 7.251854e+00
-6.826513e+00 8.520126e+00
-7.564468e+00 -1.104128e+01
1.227948e+00 -8.345514e+00
-8.003249e+00 -8.503123e+00
-1.957918e+00 9.363418e+00
-1.082930e+01 -9.782085e+00
-1.000059e+01 -7.337500e+00
7.964961e+00 -4.895263e+00
-6.530698e+00 -6.612862e+00
-5.837042e+00 5.957760e+00
-1.013628e+01 -5.452474e+00
7.652113e+00 -1.057844e+01
-1.101695e+01 -7.552152e+00
-3.926396e+00 1.555031e+00
-2.536255e+00 4.979200e+00
-1.290688e+00 6.420539e+00
6.454799e+00 3.928806e+00
2.695624e+00 5.717967e-01
6.661377e+00 1.959871e+00
-9.418008e+00 -6.297833e+00
-1.416193e+00 8.425526e+00
9.480456e+00 -6.357917e+00
-8.510626e+00 1.532890e+00
6.419125e-02 -8.644068e+00
-5.852633e+00 -1.097720e+01
-3.981019e+00 -4.313750e+00
-2.391659e+00 -9.355650e+00
1.098143e+01 -5.398320e+00
-1.859273e+00 -7.381452e+00
8.900892e+00 -7.376711e-01
-6.720128e+00 -1.038524e+01
-3.253154e+00 -1.378693e+00
-6.173124e+00 -7.446947e-01
-5.520448e+00 2.595274e-01
-2.381149e+00 2.561972e+00
-3.884609e+00 3.750356e+00
5.807997e+00 3.164832e+00
1.015444e+01 3.245001e+00
-7.063678e+00 5.744023e+00
-8.991950e+00 6.126289e+00
9.055902e+00 3.457468e+00
-1.036236e+01 4.398166e+00
-2.149573e+00 5.925169e+00
-3.227486e+00 7.692078e+00
-3.551249e+00 -9.491585e+00
-6.728973e+00 -8.087651e+00
-1.434139e+00 -4.662431e+00
-3.809840e+00 1.070928e+01
-2.915316e+00 -7.156900e+00
-1.110849e+00 -6.577693e+00
-4.512110e+00 3.514771e-01
-5.379718e+00 3.632360e+00
-1.083390e-01 -6.306786e+00
-1.207960e+00 -9.058849e-01
-8.730315e+00 3.223850e+00
-9.470573e+00 -1.354692e+00
1.020229e+00 8.774186e+00
6.660878e+00 9.336016e+00
-1.317301e+00 5.296993e+00
9.105347e+00 5.326932e+00
-4.152901e-02 6.844899e+00
5.418557e-01 7.706239e+00
-7.339135e+00 4.687766e+00
1.379568e+00 9.935364e+00
-4.494420e+00 9.946988e+00
-8.686835e+00 1.003448e+01
-8.051822e+00 -1.007506e+01
3.501810e-01 1.085328e+01
-5.061725e+00 -4.334363e+00
-3.363193e+00 -5.128284e+00
-4.277610e+00 -7.550252e+00
-5.475310e+00 -3.012899e+00
-5.104635e-01 -1.746520e-01
-1.821388e+00 -3.744333e+00
9.864848e+00 4.344006e+00
-7.930205e-01 -3.689858e+00
-1.647366e+00 4.204594e+00
1.776786e+00 5.829883e+00
-4.940315e+00 -6.515844e+00
-3.634737e+00 8.762737e+00
-2.790873e+00 6.732413e+00
-3.848773e+00 -4.783733e-01
-7.788556e-01 9.452683e+00
-4.458486e+00 7.904854e+00
-2.589805e-01 -9.689671e+00
-5.912416e+00 -5.703110e+00
-7.069611e+00 -1.516177e+00
-5.107811e+00 -8.760777e-01
-3.199559e+00 9.814855e+00
-7.125794e+00 -4.332142e+00
-6.131410e+00 -4.625673e+00
-1.653811e+00 -1.095793e+01
8.014749e-01 -9.361098e+00
1.457662e+00 -7.378311e+00
8.299830e-01 -6.475997e+00
-1.379573e+00 3.222470e+00
1.056743e+01 2.326478e+00
-3.926374e+00 4.880701e+00
2.041667e+00 9.045849e+00
-4.658756e+00 -9.733437e+00
4.902052e+00 8.388950e+00
-5.935457e+00 -1.718256e+00
-2.398733e+00 -8.255069e+00
-5.425285e+00 1.028301e+01
-6.812332e-01 -5.482065e+00
-6.593013e+00 1.041471e+01
-6.760111e+00 -9.173489e+00
-1.461942e+00 -9.960906e+00
-6.889803e-01 -7.733476e+00
-4.776529e+00 -8.532298e+00
-2.816931e+00 -1.051483e+01
-1.008925e+01 3.143313e+00
-7.863973e+00 6.264570e-01
-4.465581e+00 -3.146908e+00
-9.317564e+00 2.357643e+00
-6.981060e+00 -3.776156e-03
3.576778e+00 5.065572e+00
1.083429e+01 4.284811e+00
-1.441261e+00 2.048998e+00
5.203487e+00 -9.818418e+00
4.572588e+00 6.896036e+00
1.056314e+01 -1.059118e+01
3.405585e+00 -6.424276e+00
3.538330e+00 -7.513696e+00
6.494646e+00 6.531860e+00
-7.297233e+00 -5.979289e+00
3.183848e-01 9.644432e+00
9.764903e+00 8.272637e+00
1.887112e+00 -9.435597e+00
5.959865e-01 -5.274651e+00
2.808410e+00 -5.416157e+00
-3.118259e+00 5.778760e-01
2.087619e+00 2.569921e+00
-2.132516e+00 -1.416343e+00
2.413348e+00 1.057729e+01
-3.447852e+00 2.698248e+00
1.598481e+00 7.933557e+00
-4.548319e-01 2.589890e+00
5.624852e+00 9.312284e+00
-1.176496e-01 8.574960e+00
7.379924e+00 8.571039e+00
-2.812857e+00 3.935819e+00
3.704664e-01 -7.518903e+00
-1.012147e+01 6.018682e+00
7.290753e+00 -9.630425e+00
-1.059898e+00 1.051332e+01
2.687424e+00 -2.496209e+00
-1.839336e+00 -5.622756e+00
3.891655e+00 -5.413821e+00
-4.623619e+00 -2.016269e+00
5.322773e+00 -2.748067e+00
4.203884e+00 5.823691e+00
-4.624807e+00 2.835748e+00
1.699046e-01 3.872541e+00
7.146703e-01 5.987562e+00
-2.630488e+00 8.521153e+00
1.365048e-01 1.434680e+00
4.590056e+00 2.246299e+00
3.452423e+00 2.584774e+00
2.573339e+00 -7.145467e+00
6.652637e+00 -8.763722e+00
2.172439e+00 -1.063817e+01
4.489829e+00 -1.116202e+01
3.385767e+00 -8.944594e+00
-5.299866e-01 -1.085467e+01
4.117079e+00 -1.011629e+01
9.501782e-01 -1.048130e+01
-2.421686e+00 -2.824797e+00
7.965462e+00 9.546027e+00
7.720308e+00 -8.424867e+00
-7.845507e+00 -4.993292e-01
-8.364307e+00 -1.396813e+00
1.250076e+00 -4.136988e+00
-2.731633e+00 -4.171526e-01
3.669335e+00 8.678213e+00
3.754045e+00 1.581991e+00
3.000784e+00 9.465997e+00
-2.755187e+00 1.593816e+00
1.870552e+00 -6.218553e+00
8.644478e+00 -1.098395e+01
7.259459e+00 4.754457e+00
7.841559e+00 1.058651e+01
5.730409e+00 4.729822e+00
4.709616e+00 -6.292406e+00
-3.913915e+00 -6.237529e+00
-4.694429e+00 -1.109189e+01
6.797432e+00 7.475398e+00
5.809710e+00 -6.015488e+00
6.761368e+00 -4.324519e+00
3.670777e+00 -4.356876e+00
1.652052e+00 -2.980177e+00
-1.151914e+00 -8.720265e+00
-3.219321e+00 -3.539390e+00
2.044792e+00 4.752604e+00
7.815507e+00 -2.735947e+00
3.044626e+00 5.989573e+00
4.565264e+00 9.459583e+00
4.811042e+00 3.323785e+00
7.615195e+00 6.093965e+00
4.792387e+00 -7.807456e+00
9.203968e+00 9.193006e+00
8.350012e+00 8.246342e+00
5.588726e+00 -8.781882e+00
5.137917e+00 7.197670e-01
5.478400e+00 -7.061161e+00
1.432779e+00 1.101435e+01
6.485225e+00 5.549098e+00
-3.918737e+00 -1.042200e+01
2.425121e+00 -8.455128e+00
6.499717e+00 -7.806386e+00
4.701762e+00 -1.873188e+00
2.274921e+00 -4.260897e+00
-1.943374e+00 3.240157e-01
5.770503e-01 -8.233890e-01
3.150027e+00 -1.094511e+01
2.786006e+00 8.065107e+00
3.812455e+00 1.025371e+01
-6.131441e-01 4.559226e+00
1.113984e+01 1.065742e+01
6.631727e-01 -2.366033e+00
9.533181e-01 4.951942e+00
7.768818e+00 3.733411e+00
6.764888e+00 1.115888e+01
8.480704e+00 -9.395201e+00
1.636663e+00 -5.099192e+00
1.442677e+00 -1.679776e+00
4.455675e+00 -7.214089e-01
5.537497e+00 -1.400144e+00
9.038645e+00 1.020117e+01
6.619948e+00 -6.648449e+00
1.129096e+00 1.752964e+00
-4.828226e+00 -5.342037e+00
-3.514525e+00 -2.489084e+00
-1.631373e-01 -4.518981e+00
9.255157e+00 2.199200e+00
-1.038357e+01 1.009897e+01
5.566813e+00 7.296350e+00
9.897291e+00 6.365222e+00
-7.968673e+00 9.018944e+00
-1.109206e+01 9.438991e+00
1.043263e+01 7.501118e+00
5.674448e+00 -1.109351e+01
1.056021e+01 -9.412974e+00
9.474986e+00 -1.001317e+01
-8.885640e+00 -9.309526e+00
1.022717e+01 9.815600e+00
8.819390e+00 -5.522019e+00
9.833584e+00 -5.301433e+00
-8.126182e+00 4.049578e+00
7.574950e+00 -7.216933e+00
8.511506e-01 2.777281e+00
-2.528895e+00 1.060942e+01
6.176030e+00 7.163206e-01
1.261521e+00 6.832875e+00
1.593041e+00 3.803505e+00
2.630845e+00 3.523063e+00
7.747675e+00 1.962391e+00
6.212435e+00 -1.005186e+01
2.931940e+00 -9.896050e+00
-7.522096e+00 9.947228e+00
1.110658e+01 8.396093e+00
1.889422e+00 -4.420754e-01
-9.459266e+00 -1.034352e+01
-1.079493e+01 -6.593024e+00
6.838706e+00 -3.303693e+00
6.268241e+00 8.378526e+00
-7.928001e+00 -5.020393e+00
9.834724e+00 -3.488578e+00
7.728191e+00 -3.912047e+00
3.893911e+00 -2.745348e+00
-1.435372e+00 -2.589454e+00
5.731453e+00 -3.963216e+00
-9.491797e-01 9.270452e-01
4.545285e+00 -3.666129e+00
-3.077639e-01 -2.726494e+00
-8.958266e-01 7.376371e+00
8.675576e+00 4.408449e+00
9.168264e+00 7.254656e+00
9.701346e+00 1.109828e+01
5.591160e+00 1.841950e+00
-8.862558e+00 8.259512e+00
-1.012917e+01 8.607589e+00
8.812313e+00 -8.269649e+00
6.882147e+00 -5.424857e+00
8.526756e+00 -6.805452e+00
-9.247226e+00 -8.322347e+00
1.034652e+01 -2.540850e+00
3.938350e+00 4.450062e-01
-1.010144e+01 -3.304534e+00
-2.465206e+00 -4.622056e+00
-2.822734e+00 -5.998235e+00
1.460491e+00 6.463860e-01
3.123039e+00 -5.309863e-01
3.044412e+00 -3.528655e+00
8.816119e+00 1.204446e+00
2.654455e+00 1.738654e+00
8.325260e+00 2.827754e+00
5.314168e+00 1.031887e+01
3.649223e+00 -1.685682e+00
7.363418e+00 1.113943e+00
-9.493910e+00 5.232323e+00
8.630964e+00 -3.407120e+00
-1.040783e+01 -1.087697e+01
8.076161e+00 7.258948e+00
9.523697e+00 -7.457944e+00
-5.114874e+00 8.804828e+00
7.875714e+00 -6.022207e+00
-1.088400e+01 -2.498208e+00
-1.070264e+01 2.239798e+00
1.038607e+01 -4.332753e+00
4.035693e-01 3.400792e-01
1.106430e+01 -3.446817e+00
7.733670e+00 -8.044424e-01
-1.088592e+01 -4.466622e+00
-1.099389e+01 1.188418e+00
3.402610e+00 7.162459e+00
-1.724335e-01 -1.734455e+00
-7.710156e+00 7.936118e+00
-1.114358e+01 3.175783e+00
-7.438608e+00 -7.376331e+00
1.100224e+01 6.621597e+00
-8.129384e+00 5.521023e+00
