7.709735e+00 1.022370e+01
-6.380580e+00 -8.470708e+00
7.294543e+00 4.769483e+00
2.407584e+00 -7.506934e+00
-4.840854e+00 5.784088e+00
-1.064646e+01 -1.001015e+01
8.722208e+00 4.990963e-01
7.424760e+00 6.445544e-01
9.843521e+00 -9.613546e-01
-8.551115e+00 1.034339e+00
-6.364570e+00 1.030930e+01
9.513611e+00 3.573864e+00
-5.807216e+00 -3.642198e+00
3.527506e+00 4.962722e+00
-4.236263e+00 3.591059e+00
1.158130e+00 8.742737e+00
-4.188485e+00 -2.346118e+00
-1.032805e+01 -7.366364e+00
9.323438e+00 -1.072139e+01
-1.074390e+01 7.047243e+00
5.760820e+00 1.058711e+01
8.209184e+00 -4.633523e+00
3.943027e+00 -6.829448e+00
-2.126951e-01 -4.572111e-01
4.542763e+00 -1.365801e+00
8.228788e+00 5.423910e+00
-3.935981e+00 2.286948e+00
-5.328054e+00 -8.859916e+00
-1.050915e+01 9.327373e-01
-7.942998e+00 8.825913e+00
-3.274840e-01 -9.769514e+00
4.212222e+00 -3.187724e-01
-6.236510e+00 -1.808831e+00
1.085880e+01 -9.865603e-01
-2.050189e+00 6.122961e+00
-7.129826e+00 -4.027334e+00
9.999738e+00 -7.308309e+00
8.449161e+00 3.529949e+00
-1.106578e+01 -3.764640e+00
-1.063730e+01 4.325842e+00
5.389332e+00 7.877909e+00
9.537816e+00 1.586359e+00
7.806343e+00 6.831518e+00
1.110203e+01 2.009673e+00
-9.130532e+00 -2.981451e+00
6.418370e+00 7.394570e+00
-1.664628e+00 -4.430894e+00
-7.922345e+00 -3.290380e+00
8.556603e+00 -5.792089e+00
-1.026594e+01 -6.338152e+00
7.210490e+00 -5.236742e+00
1.176426e+00 4.871584e+00
-8.040850e+00 2.606727e+00
1.029521e+01 4.903931e+00
-7.620262e+00 1.533611e+00
-5.982663e+00 2.154614e+00
1.546203e+00 3.871259e+00
-8.568720e-01 6.411607e-01
-1.102289e+01 5.297007e+00
-7.253604e+00 6.599604e+00
-2.482606e+00 -7.113798e+00
7.715169e+00 -9.591643e+00
8.804185e+00 -9.899381e+00
8.396789e-01 7.721244e+00
-3.232820e+00 7.666057e-01
3.935411e+00 -9.602627e+00
7.015774e+00 -2.943725e+00
1.245946e-01 6.179771e-01
-1.003391e+01 6.133635e+00
5.908093e+00 -8.248088e+00
4.311108e+00 7.882661e+00
-6.854399e+00 5.320437e+00
-2.494098e+00 5.137244e+00
-2.061473e+00 7.321289e+00
-4.703281e+00 9.280653e+00
2.481833e+00 1.009976e+01
-9.685540e+00 -6.256148e-01
-4.274110e-01 3.479473e+00
5.191984e+00 -2.648991e+00
-9.521162e+00 -1.886729e+00
1.597671e+00 -1.049034e+01
-4.768569e+00 -3.653210e+00
6.389979e+00 8.485438e+00
-4.097460e+00 -9.053566e+00
2.579231e+00 -1.012152e+01
1.357913e+00 7.598942e-01
6.329309e+00 5.268916e+00
-8.857377e+00 4.672211e+00
-2.214095e+00 -3.496397e+00
4.878032e+00 -8.669308e+00
1.919106e+00 -2.204881e+00
-2.804920e-01 -7.486207e+00
3.100698e+00 -1.920028e-01
5.171186e+00 3.785468e+00
6.224567e+00 3.320661e-01
3.135693e+00 -3.668969e+00
4.271697e+00 8.935823e+00
-3.113263e+00 6.199663e+00
-9.951941e+00 5.124219e+00
-9.230387e+00 -6.282086e+00
3.378780e+00 1.194626e+00
4.498036e-01 9.416227e+00
-8.541473e+00 -1.213628e+00
6.964342e+00 -1.042281e+01
-2.869869e+00 -4.554047e+00
-8.617813e+00 1.100147e+01
-2.772460e+00 1.044304e+01
-8.917248e+00 5.725036e+00
-7.319879e+00 3.482568e+00
-6.892805e+00 -2.872088e+00
-5.335074e+00 1.325351e+00
-5.588684e+00 3.021534e-01
8.984910e+00 -3.855168e+00
1.875538e+00 7.831467e+00
1.043638e+01 9.143057e+00
1.000613e+01 -8.309027e+00
-1.423720e+00 3.360867e+00
-2.113510e+00 -8.137673e+00
-1.024398e+01 2.453209e+00
-9.512969e+00 1.052491e+01
1.876070e+00 2.728288e+00
-2.814400e-01 7.951123e+00
-9.929934e+00 8.325704e+00
-7.397384e+00 -8.606974e+00
2.807809e+00 -4.746173e+00
8.098042e+00 -1.495590e+00
-6.207483e+00 -7.002325e+00
-9.374006e+00 -8.523300e+00
5.978426e-02 1.713145e+00
1.003913e+01 -5.841754e+00
1.028370e+01 -3.507249e+00
-9.757351e+00 -1.060405e+01
-8.692819e+00 -1.035763e+01
1.089416e+01 -1.432597e-02
4.318546e-01 -6.190285e+00
6.554578e+00 9.689544e+00
-1.424821e+00 -4.687575e-01
-9.763450e+00 3.707610e+00
1.807790e+00 5.730360e+00
-1.190138e-01 5.070627e+00
-8.395188e+00 9.867957e+00
-1.300685e+00 -7.473749e+00
-1.046047e+01 1.100135e+01
-7.469310e+00 5.245920e-01
1.107468e+01 -2.649004e+00
-6.882243e+00 8.576602e+00
-7.768167e+00 4.717181e+00
-5.221012e+00 -1.101251e+01
5.890632e+00 -3.448448e+00
-4.729179e+00 -1.464525e+00
4.159722e+00 -2.353103e+00
-6.613032e+00 -3.887023e-01
-5.945281e+00 9.225217e+00
-4.330702e+00 -7.902514e+00
4.582426e+00 2.802585e+00
9.412334e+00 9.420942e+00
-6.401939e+00 -1.081442e+01
-3.327672e+00 -1.104535e+01
1.040200e+01 7.077630e+00
2.408119e+00 -1.268501e+00
1.322877e+00 -1.177046e+00
-6.651606e+00 4.306154e+00
-9.381868e-01 -6.438486e+00
-3.349389e+00 -1.385230e+00
6.198557e+00 -7.327186e-01
9.447085e+00 -2.829485e+00
-2.418308e+00 -3.042102e-01
-1.025378e+01 -3.128143e+00
1.297740e+00 6.706775e+00
-6.420537e+00 7.422562e+00
-5.697401e+00 4.011317e+00
-3.289852e+00 -5.949317e+00
-7.764106e-01 1.114104e+01
5.932770e+00 1.784050e+00
3.073479e+00 7.846141e+00
-5.528736e+00 -8.564110e-01
-1.104188e+01 3.120384e+00
-1.136726e+00 -8.604004e+00
-2.933597e+00 -1.000122e+01
1.774818e+00 -4.528046e+00
-1.560904e+00 9.346183e+00
2.862884e+00 -6.538319e+00
-3.205862e+00 -7.782089e+00
-3.294720e+00 3.147689e+00
3.062492e+00 5.963748e+00
-8.844083e+00 7.907958e+00
-5.139207e+00 -4.681567e+00
-3.915383e+00 -4.660490e+00
-3.055149e+00 -8.876281e+00
8.580869e-01 -1.297535e-01
-9.477265e+00 1.541143e+00
-5.063671e+00 2.881854e+00
4.408145e+00 4.590765e+00
-3.296116e+00 4.236120e+00
-1.503155e+00 1.666895e+00
1.104508e+01 -7.716336e+00
-5.237730e-01 6.102599e+00
1.117239e+00 1.747728e+00
-1.410403e+00 5.252593e+00
7.532906e-01 -9.766206e+00
7.335469e+00 -6.632714e-01
7.287474e-01 -7.460505e+00
7.894685e+00 -8.083528e+00
3.735254e+00 -8.474286e+00
-4.614167e+00 -3.976786e-01
9.734515e+00 4.158229e-01
3.808249e+00 -4.485350e+00
-7.361470e+00 -5.056677e+00
8.912744e+00 1.073951e+01
-8.574925e+00 -1.302344e-02
-4.475318e-02 -5.279640e+00
-1.119733e+00 -3.246617e+00
-3.978563e+00 -6.732038e+00
6.226639e-01 5.794716e+00
-5.866856e-01 -4.197002e+00
4.894324e+00 -4.153402e+00
1.044158e+01 -4.627763e+00
-9.150119e+00 2.602417e+00
1.497507e+00 9.689891e+00
4.886895e+00 6.979548e+00
4.759645e+00 -5.200136e+00
-5.640615e+00 -5.752911e+00
-9.645135e+00 7.178195e+00
-2.213883e+00 4.062377e+00
-8.936935e-01 4.361575e+00
-3.072783e+00 1.786338e+00
-2.786881e+00 -2.441379e+00
-1.084069e+01 8.978910e+00
-3.537388e+00 -2.104920e-01
4.831697e+00 -1.102267e+01
-7.302735e+00 -1.826685e+00
1.024265e+01 2.752039e+00
-3.497682e+00 8.625063e+00
-8.166060e-01 2.450738e+00
5.728262e+00 -1.711051e+00
9.233683e+00 4.597146e+00
2.625886e+00 8.891633e+00
-2.365069e+00 -1.089147e+01
1.258155e-01 -3.313363e+00
-5.432106e+00 -9.875228e+00
2.506775e+00 3.589638e+00
-5.374345e+00 -7.635524e+00
-3.317436e+00 7.518706e+00
7.335802e+00 8.993965e+00
-8.703849e-01 -1.498940e+00
5.204167e+00 -9.164795e-02
9.190909e+00 -4.944548e+00
-6.224167e+00 6.340750e+00
5.050473e+00 -6.644897e+00
8.442161e+00 -6.826616e+00
1.583575e+00 -3.367076e+00
-2.100769e+00 -5.827962e+00
3.585583e+00 -1.057479e+01
1.767289e+00 -9.385149e+00
5.592009e-02 -8.485385e+00
-4.152049e+00 6.704729e+00
1.065929e+00 -5.319145e+00
7.542923e+00 -6.363437e+00
3.526675e+00 -1.206691e+00
8.432689e+00 -2.827309e+00
-8.257915e+00 -4.306564e+00
8.457438e+00 7.638763e+00
-6.231605e+00 3.146459e+00
-4.971269e+00 -6.580928e+00
5.288863e+00 5.663690e+00
8.542366e-01 -2.612684e+00
5.467807e+00 9.496038e+00
7.728948e+00 -3.643422e+00
6.811211e+00 1.080772e+01
6.058998e+00 -7.073296e+00
-6.334899e+00 -4.776816e+00
8.345924e+00 1.677493e+00
4.834655e+00 -7.601267e+00
-5.320748e+00 1.026582e+01
5.844244e+00 -1.055559e+01
8.376229e+00 8.836212e+00
7.763680e+00 2.658268e+00
-7.246819e-01 1.007743e+01
6.240479e+00 -9.289279e+00
5.662112e-01 -1.088012e+01
9.671153e+00 -9.368948e+00
3.630538e-01 -1.592398e+00
2.584863e+00 -8.525482e+00
-2.432720e+00 8.258582e+00
-7.645405e+00 -7.757179e-01
-4.558444e+00 4.565622e+00
-4.133847e-01 -2.409955e+00
-5.602887e-01 9.019088e+00
7.142519e+00 1.638911e+00
4.154195e+00 -3.374084e+00
-1.737940e+00 1.057080e+01
-2.086759e+00 -1.320362e+00
5.560448e+00 2.830727e+00
-7.676588e+00 7.611784e+00
-1.359393e+00 -1.036642e+01
1.063896e+01 1.063287e+00
8.975661e+00 6.349146e+00
-5.398585e+00 -2.484372e+00
-7.354150e+00 9.694272e+00
-7.896674e+00 5.839022e+00
-7.150867e+00 -7.533848e+00
8.566604e+00 -8.963954e+00
6.749424e+00 -1.819053e+00
-1.155843e+00 -5.314484e+00
-4.128098e+00 1.256915e+00
9.179773e+00 2.485137e+00
1.064116e+01 -1.107713e+01
1.019300e+01 -2.067766e+00
9.426625e+00 8.364088e+00
3.971312e-01 4.099695e+00
-8.246896e+00 -6.892976e+00
1.549839e+00 -6.769172e+00
-8.656455e+00 6.765882e+00
-4.365234e+00 7.991689e+00
2.555509e+00 6.825035e+00
-8.069788e+00 -9.475477e+00
8.837219e+00 -7.798451e+00
-8.302199e+00 -5.744360e+00
-2.587537e+00 9.376422e+00
-6.565262e+00 1.148755e+00
-9.132054e+00 -5.233075e+00
-5.570753e+00 8.032434e+00
6.931963e+00 -8.468427e+00
-9.265799e+00 -7.302465e+00
7.272056e+00 5.947015e+00
2.100916e+00 -5.695243e+00
4.141993e+00 5.790477e+00
4.294183e+00 1.741033e+00
7.083331e+00 3.594238e+00
2.474640e+00 4.650719e+00
4.677902e+00 1.025359e+01
-4.233544e+00 1.089765e+01
4.943956e-01 -4.395887e+00
7.815669e+00 -1.104711e+01
9.003398e+00 -1.820467e+00
1.109009e+01 -5.517836e+00
-4.441296e+00 -5.712910e+00
-3.696943e+00 9.872526e+00
-7.595809e+00 -1.032825e+01
-9.527694e+00 -9.544174e+00
-1.364973e+00 8.254044e+00
-9.540777e+00 4.371275e-01
3.018726e+00 -2.267851e+00
-3.849984e+00 5.409967e+00
1.043740e+01 -1.008883e+01
-8.295328e+00 -8.107821e+00
1.100134e+01 1.017942e+01
4.237811e+00 7.098868e-01
1.697405e-01 6.912712e+00
-8.365223e+00 -2.264901e+00
3.251925e+00 2.562204e+00
5.108620e+00 -9.786263e+00
-6.629172e+00 -9.661602e+00
-9.345472e+00 9.418994e+00
3.500661e+00 9.671280e+00
6.710325e+00 2.596712e+00
-9.782264e+00 -4.059344e+00
7.396205e+00 7.755543e+00
1.912318e+00 -2.930538e-01
6.181917e+00 4.076528e+00
2.788384e+00 1.110022e+01
9.507943e+00 7.290557e+00
-1.040784e+00 7.018798e+00
-1.053117e+01 -1.695742e+00
-1.056438e+01 -8.684088e+00
-2.242244e+00 7.952502e-01
9.927427e+00 1.048731e+01
-6.987532e+00 -6.263086e+00
-1.021823e+01 -4.968719e+00
5.881605e+00 -4.739294e+00
3.533281e+00 -5.716647e+00
1.083846e+01 -9.062731e+00
-1.031631e+01 9.890700e+00
3.852154e+00 3.740082e+00
-2.265515e+00 2.605540e+00
-7.328734e+00 1.087113e+01
2.399386e+00 1.688406e+00
-3.613067e+00 -3.233914e+00
1.060721e+01 3.779014e+00
-1.899861e+00 -9.441863e+00
3.749855e+00 1.075511e+01
5.227574e+00 1.011177e+00
2.724002e-01 1.050547e+01
-5.327344e+00 6.993627e+00
1.495896e+00 1.082069e+01
1.107047e+01 7.944385e+00
2.399170e+00 6.890238e-01
1.112075e+01 -6.706703e+00
-1.568942e+00 -2.303552e+00
-7.021148e+00 2.317527e+00
6.571968e-01 3.081590e+00
6.746199e+00 -4.178415e+00
1.001348e+01 6.015307e+00
7.130916e+00 -7.342314e+00
1.393853e+00 -8.284381e+00
8.667263e+00 -6.366726e-01
-5.619822e+00 5.058432e+00
5.711168e+00 -5.800927e+00
-8.404395e+00 3.780719e+00
-4.387092e+00 -1.000271e+01
