-1.103169e+01 -8.139085e+00
-9.821099e+00 8.639347e+00
-1.209115e+00 7.608695e+00
-7.378392e+00 -1.545607e-01
9.263747e+00 2.743705e+00
-9.459379e+00 -3.698654e+00
1.089337e+01 9.124845e-01
-7.397274e+00 8.072966e+00
9.890603e+00 -4.080439e+00
7.744127e+00 -9.813598e-02
-3.259405e-01 9.726136e+00
8.632054e+00 5.432319e+00
9.656773e+00 7.933892e-01
7.752291e+00 1.205709e+00
-7.733207e+00 3.012126e+00
2.218216e+00 2.023109e+00
9.823476e+00 3.633744e+00
-8.555163e+00 -1.097566e+01
-6.266879e+00 -7.947369e+00
-3.885542e+00 -7.844607e+00
-8.901112e+00 -7.964463e+00
-1.001652e+01 -7.722432e+00
6.452371e+00 -6.937110e+00
1.013784e+01 -1.078339e+00
6.102266e+00 -1.575567e-01
9.517724e+00 4.937541e+00
-6.362978e+00 -3.041985e-01
6.036707e+00 -8.798333e+00
8.131015e+00 -1.320885e+00
1.056980e+01 4.782909e+00
-4.609515e+00 6.425741e+00
5.827252e+00 -3.490770e+00
-9.608133e+00 3.563602e+00
-1.093976e+01 8.726394e+00
-2.907592e+00 2.264603e+00
-1.054052e+01 1.080929e+01
1.106606e+01 -7.080696e+00
-3.093753e+00 1.014510e+01
-8.398043e+00 -4.069951e+00
-5.383041e+00 5.658372e+00
-6.034429e+00 -6.560033e+00
-9.537547e+00 -2.060519e+00
-7.285106e+00 -8.503235e+00
-6.621432e+00 8.929865e+00
-1.002344e+01 -8.671550e+00
9.149955e+00 7.855575e+00
1.108431e+01 2.012416e+00
-1.015925e+01 -1.073534e+00
8.897072e+00 -3.916203e+00
-1.098642e+01 4.043965e+00
5.841320e+00 4.238368e+00
-5.752070e+00 5.420282e-01
4.110238e+00 1.886640e+00
-9.443835e+00 5.707266e+00
5.808385e+00 1.002982e+00
-8.378561e+00 1.994543e+00
-1.730171e+00 4.870923e+00
-4.176003e+00 5.761322e-01
-7.884852e+00 6.053131e+00
-4.141912e+00 8.315889e+00
7.511367e+00 -8.800254e+00
6.445267e+00 1.073268e+01
8.870003e+00 -9.927437e+00
-4.499465e+00 -1.049167e+01
-1.052878e+01 3.103494e+00
-1.042776e+01 -3.138461e+00
-8.753846e+00 -6.853807e+00
-9.287679e+00 1.423388e+00
1.018379e+01 -5.137820e+00
9.223907e+00 -1.526629e+00
-4.810960e+00 3.418876e+00
6.871587e+00 -8.648912e-01
-3.909796e+00 -2.005736e+00
7.726058e-01 5.070191e+00
-2.663642e+00 8.141326e+00
3.155518e+00 3.545779e+00
-6.818413e+00 -1.145494e+00
-7.051498e+00 6.951060e+00
-9.084644e+00 -5.255585e+00
-5.066184e+00 1.041093e+01
3.950594e+00 -8.733491e+00
-7.083875e+00 -5.967292e+00
8.786870e-01 7.532609e+00
9.961828e+00 -7.078258e+00
1.086295e+01 -6.008798e+00
8.832307e+00 -3.634091e-01
-4.790826e+00 -5.916930e+00
-3.837751e+00 4.149449e+00
7.787885e+00 -7.740835e+00
7.120633e+00 -5.151465e+00
-8.441112e+00 -2.939462e-01
-1.031279e+00 -2.702785e+00
-3.229791e+00 -1.314394e-01
1.363379e+00 1.420952e+00
9.007455e+00 6.752587e+00
3.214633e+00 -2.978765e+00
9.925969e+00 6.129731e+00
-6.763798e+00 6.789198e-01
-7.343446e+00 4.799222e+00
1.102790e+01 -4.303480e+00
-9.692121e+00 2.442412e+00
3.213105e+00 -1.050874e+01
-7.393624e+00 -7.338500e+00
-7.914189e+00 -5.080264e+00
-3.330200e+00 -1.004832e+01
-1.065228e+01 -9.426191e+00
-2.041263e+00 -5.438142e+00
6.777296e+00 1.499985e+00
-6.204684e+00 -4.536516e+00
-7.751143e+00 -3.061980e+00
-9.559539e+00 1.010198e-01
-3.168274e+00 -2.781383e+00
-5.187151e-01 -1.791745e+00
-3.803296e+00 1.656846e+00
5.110112e+00 6.235467e+00
1.063881e+01 7.948969e+00
-6.226880e+00 4.711334e+00
-7.246831e+00 -9.966544e+00
-9.406679e+00 7.592457e+00
-9.112314e+00 9.803149e+00
-3.557703e+00 3.119985e+00
-6.004280e+00 6.740673e+00
-5.687239e-01 -8.932880e+00
-5.290590e+00 -9.604470e+00
4.991020e+00 -5.687385e+00
-4.005176e+00 -6.754779e+00
-2.947508e+00 -7.414455e+00
-1.953921e+00 1.056006e+01
-7.166011e+00 1.812264e+00
-8.774228e+00 2.963530e+00
5.743782e+00 -4.780525e+00
-3.831275e+00 -5.587336e+00
-8.250303e+00 4.060617e+00
7.913864e+00 6.196598e+00
-2.224185e+00 9.396503e+00
4.168965e+00 7.974276e+00
2.354188e+00 -2.000484e+00
2.921077e+00 4.647674e+00
-7.884416e-01 5.275880e+00
9.312222e-01 6.512946e+00
-8.214847e+00 7.337102e+00
-1.161282e+00 8.852737e+00
-6.119208e+00 -1.023076e+01
-7.388425e+00 -1.096703e+01
-6.054969e+00 -5.588228e+00
-3.768664e+00 7.180178e+00
-5.835844e+00 -1.744684e+00
1.001132e-01 -3.977782e+00
-4.923429e+00 -2.597926e+00
-8.224104e+00 9.394242e-01
-2.555494e+00 -1.983243e+00
-4.845670e+00 -1.548963e+00
-6.672804e+00 5.944160e+00
-2.817360e+00 -6.241839e+00
-1.954999e+00 1.628643e+00
-4.738781e-01 2.033000e+00
-4.956918e+00 -8.122293e+00
-6.358567e+00 7.869163e+00
6.857461e-01 3.635053e+00
-2.031258e+00 -4.255512e+00
-5.200963e+00 7.444558e+00
-6.987826e+00 3.785667e+00
5.617457e+00 -7.816294e+00
-3.946665e+00 -3.416272e+00
-1.078474e+01 7.877690e-02
-3.063409e+00 8.983414e-01
-1.536001e+00 2.567060e+00
-6.030941e+00 -2.822848e+00
-6.044587e+00 1.531597e+00
-2.459861e+00 3.324846e+00
-7.010102e-02 8.744050e+00
4.294854e+00 -6.847960e+00
-8.314863e-01 -7.147379e+00
-3.702870e-01 1.346608e-01
-8.958026e+00 6.584931e+00
-2.143815e+00 5.141384e-02
1.702858e+00 4.694576e+00
1.665298e+00 -9.237152e+00
7.378418e+00 1.021848e+01
-4.224919e+00 -7.596476e-01
-2.304192e-01 -9.967797e+00
-1.233021e+00 3.638261e+00
6.324916e-02 -5.056395e+00
-5.391659e+00 8.496119e+00
1.012960e+01 -1.000232e+01
3.709275e+00 1.101966e+01
-2.276800e+00 -9.788915e+00
-4.232829e+00 -9.236267e+00
-1.616474e+00 -8.798053e+00
-1.037580e+01 4.979075e+00
1.114754e+01 -9.077026e-01
-2.882504e+00 -4.930802e+00
-6.612137e+00 2.722837e+00
-4.847234e+00 1.389826e+00
4.100403e+00 3.807046e-01
7.175607e+00 7.278548e+00
1.356972e+00 -2.361319e+00
2.011748e+00 -1.020298e+01
1.424814e+00 2.747010e+00
8.635331e+00 -7.081444e+00
2.962932e+00 -5.311562e+00
2.472748e+00 1.102427e+01
7.000311e+00 8.517067e+00
-8.881196e+00 -2.797614e+00
-3.381996e+00 6.180026e+00
7.073054e+00 5.299762e+00
3.415765e+00 -7.673834e+00
-8.232829e-01 -5.935405e+00
2.449661e+00 -8.172454e+00
-1.077944e+00 -3.764620e+00
2.234514e+00 8.454192e-01
-2.979144e+00 -8.580605e+00
-1.403886e-01 -1.104565e+01
-5.495747e+00 2.496955e+00
2.904939e+00 -9.110639e+00
2.691425e+00 -9.527071e-01
4.690914e+00 3.919737e+00
-2.631195e-01 4.314460e+00
1.062709e+00 8.609852e+00
-1.261807e+00 -5.781634e-01
2.883137e+00 9.899437e+00
-9.032752e+00 -1.007492e+01
1.793036e+00 1.012611e+01
-4.299195e+00 9.399681e+00
6.758475e+00 -3.040180e+00
-2.151606e+00 -3.030641e+00
6.785799e+00 -4.070212e+00
-4.026012e+00 -4.490554e+00
8.917162e+00 1.749120e+00
1.961408e+00 3.652906e+00
6.960255e-01 2.614699e-01
1.399085e-01 1.179527e+00
-9.046049e-01 1.053470e+01
-4.981230e+00 4.712720e+00
4.610028e-01 -1.869585e+00
6.853060e+00 3.730680e+00
7.027666e+00 2.541070e+00
4.402496e+00 -1.010199e+01
5.386146e+00 -6.784798e+00
-1.280626e+00 -9.793120e+00
-3.244298e+00 9.022623e+00
8.196144e-01 1.110162e+01
-2.174827e+00 6.947072e+00
5.105868e+00 7.502465e+00
-5.060617e+00 -7.058003e+00
-3.140093e+00 -1.124537e+00
6.539309e+00 9.528802e+00
5.971582e-01 -8.978602e+00
-1.033042e+01 1.279930e+00
-1.059185e+01 -5.596250e+00
2.120862e+00 -4.397857e+00
1.011796e+00 -3.471845e+00
6.773381e+00 -1.060293e+01
5.003390e+00 -1.502001e-01
6.617991e-01 1.003624e+01
-1.296439e+00 7.578800e-01
3.230620e+00 -4.044357e+00
1.021749e+01 -8.267528e+00
1.026996e+01 8.980884e+00
2.144294e+00 -7.138475e+00
8.033003e+00 3.479484e+00
9.151876e+00 -4.977422e+00
-4.946885e+00 -3.709023e+00
-3.905159e+00 1.088776e+01
8.881907e+00 4.111872e+00
6.078360e+00 -5.782081e+00
8.718227e+00 -2.861227e+00
8.425220e+00 -5.847800e+00
6.918474e+00 5.081969e-01
1.776667e+00 -5.912395e+00
-2.976431e+00 -3.883009e+00
1.658166e+00 -1.557437e-01
1.047140e+01 -9.353773e-02
4.049642e+00 3.039994e+00
4.215794e+00 6.767091e+00
2.764474e+00 5.869448e+00
3.227597e+00 6.749695e+00
2.991354e+00 8.005123e+00
7.928757e+00 9.084425e+00
3.162827e+00 2.484760e+00
5.777569e+00 8.193706e+00
1.496737e+00 -1.260855e+00
5.335808e+00 1.115534e+01
9.691876e-01 -1.012428e+01
7.838500e+00 4.561403e+00
-2.745190e+00 -1.111997e+01
1.331120e+00 -8.105635e+00
6.749455e+00 -8.052614e+00
7.614051e+00 -2.354416e+00
3.898846e+00 -5.737882e+00
6.558712e-01 -5.958483e+00
2.116019e+00 -3.385029e+00
4.824529e+00 8.823663e+00
5.574399e-01 2.221752e+00
3.753830e+00 9.036905e+00
-5.215062e+00 -4.514715e-01
9.607215e+00 1.002095e+01
5.030156e+00 2.379131e+00
5.654088e-02 5.969494e+00
1.115797e+01 5.594516e+00
9.074149e+00 1.114626e+01
1.035790e+01 -1.107329e+01
3.941618e+00 -6.918661e-01
5.566637e+00 -2.424365e+00
4.563415e+00 -2.915212e+00
3.521742e+00 -1.925923e+00
9.499083e+00 -9.056617e+00
9.786757e+00 -2.738475e+00
3.179436e+00 1.466838e+00
-5.123472e+00 -4.829208e+00
-6.997031e+00 -2.384648e+00
1.481653e-01 -6.860605e+00
-7.840482e+00 9.010975e+00
-7.024429e+00 1.011533e+01
2.095816e+00 6.690749e+00
1.094638e+01 6.582891e+00
-5.405598e+00 -1.105207e+01
-7.985043e+00 1.051665e+01
5.471593e+00 9.599765e+00
3.935395e+00 4.566088e+00
8.510762e+00 1.006262e+01
-1.046638e+01 9.677529e+00
-8.702510e+00 -9.029053e+00
8.901557e+00 9.007482e+00
8.493625e+00 -8.685119e+00
6.847938e+00 -9.514152e+00
-4.436025e+00 2.431390e+00
5.796813e+00 -9.839020e+00
2.935992e+00 9.511694e-02
-5.852226e+00 3.543008e+00
3.770767e+00 5.677971e+00
-1.733884e+00 -1.076319e+01
-2.776242e+00 4.368263e+00
-3.239069e-01 3.089244e+00
5.806352e+00 -1.150739e+00
4.507928e+00 -7.871284e+00
-1.736899e+00 -6.482790e+00
-9.164047e-01 6.626964e+00
-1.048624e+01 7.773440e+00
-1.621858e-02 -7.839644e+00
9.235364e+00 -7.976823e+00
-7.279913e+00 -4.057909e+00
1.065201e+01 -2.094883e+00
1.967586e+00 7.798777e+00
-8.120184e+00 -6.022696e+00
-8.899116e+00 -1.347131e+00
1.070012e+01 -9.130190e+00
6.544363e+00 -1.844152e+00
8.131439e-02 -2.831213e+00
-1.075444e+01 -1.937173e+00
5.581408e-01 -7.587289e-01
8.513580e+00 5.871148e-01
-1.861800e+00 -7.782822e+00
-1.767793e-01 7.628261e+00
5.720382e+00 3.207311e+00
5.786100e+00 5.533455e+00
-6.173993e+00 -9.143857e+00
4.739543e+00 5.166882e+00
-3.588765e+00 5.153636e+00
-9.393923e+00 1.082294e+01
7.860870e+00 -9.811534e+00
9.683438e+00 -6.099530e+00
7.924502e+00 -1.112623e+01
-1.117952e+01 -1.047713e+01
1.083882e+01 -3.276486e+00
1.001685e+01 1.837164e+00
1.072127e+01 3.156966e+00
-1.160058e+00 -4.804864e+00
3.018346e+00 -6.419485e+00
-1.654599e+00 -1.527843e+00
4.535882e+00 -1.568052e+00
8.049703e+00 -4.561299e+00
8.125589e+00 7.871399e+00
4.797391e+00 1.091484e+00
8.188185e+00 2.466648e+00
2.164745e+00 9.094382e+00
4.956361e+00 -4.058757e+00
6.019354e+00 2.199635e+00
-8.627530e+00 8.291818e+00
7.398363e+00 -6.355908e+00
-1.010529e+01 -1.067599e+01
6.131046e+00 7.172068e+00
4.403491e+00 1.005112e+01
-1.647683e+00 5.951634e+00
4.939483e+00 -8.973746e+00
6.884032e+00 6.331283e+00
-1.029469e+01 6.690821e+00
7.707976e+00 -3.606495e+00
1.170282e+00 -5.014242e+00
-1.026035e+01 -4.478175e+00
4.089438e+00 -4.632258e+00
-9.895440e+00 -6.537782e+00
-9.341093e+00 4.522529e+00
1.648911e+00 5.721274e+00
1.247396e+00 -6.824608e+00
-6.317270e+00 1.089804e+01
-8.455312e+00 5.101515e+00
-7.844774e+00 -1.715064e+00
1.078556e+01 1.012240e+01
-5.703714e+00 9.522852e+00
