-1.113475e+01 -8.378021e+00
-9.020754e+00 9.084997e+00
-1.005587e+01 1.100288e+01
-7.343198e+00 -7.380662e+00
-1.081929e+01 -1.121116e+00
-9.794888e+00 -1.515094e+00
-7.644839e+00 -1.154290e+00
-1.090700e+01 1.220513e+00
5.310792e+00 -4.036060e+00
1.021486e+01 7.896375e-01
3.397949e+00 4.867638e+00
1.053335e+01 2.014782e+00
1.032676e+01 3.057589e+00
6.826641e+00 4.636857e+00
-6.851334e+00 8.161867e+00
8.025655e+00 2.494562e+00
-9.067614e+00 4.675162e+00
-4.448180e+00 7.903033e+00
8.214862e+00 -9.369348e+00
-8.753149e+00 -1.093357e+01
-8.374802e+00 -4.223554e+00
-8.227788e+00 -5.941164e+00
9.568248e+00 -5.563711e+00
-7.204216e+00 -2.602424e+00
-8.558013e+00 -2.788982e+00
-1.006559e+01 1.957960e+00
-5.086935e+00 -1.596444e+00
9.825836e+00 -2.228111e+00
5.374150e+00 -2.982730e+00
1.046759e+01 4.947882e+00
-9.303370e+00 2.612229e+00
7.789544e+00 -7.569979e-01
-8.939252e+00 3.562829e-01
9.407620e+00 1.501218e+00
3.500719e+00 6.038839e-01
9.123575e+00 7.744918e+00
-9.643223e+00 -1.014892e+01
-5.539035e+00 7.875388e+00
-1.058891e+01 -1.049160e+01
-8.821379e+00 6.655251e+00
-5.580625e+00 -9.139007e+00
-9.306501e+00 -6.326087e+00
-1.038731e+01 9.955056e+00
-9.200659e+00 1.026890e+01
-5.979047e+00 -6.265100e+00
-6.923863e+00 -3.370320e-01
-9.018026e+00 1.391151e+00
-8.778055e+00 -7.731509e-01
8.507777e+00 9.781406e-01
-8.768111e+00 3.546901e+00
8.772984e+00 -1.552890e+00
-6.975169e+00 7.355704e-01
9.600715e+00 7.884902e-03
9.538818e+00 5.674787e+00
3.622863e+00 1.891010e+00
-4.132805e+00 5.326411e+00
9.977485e+00 9.699828e+00
-3.109915e+00 4.777847e+00
-5.620885e+00 4.767378e+00
-2.117995e+00 8.261092e+00
1.069916e+01 -5.040090e+00
4.572763e-01 1.033793e+01
-8.627895e+00 -7.183754e+00
-4.713727e+00 -7.949199e+00
-7.993206e+00 -7.138230e-02
-8.484907e+00 -1.791824e+00
-6.830423e+00 -4.306389e+00
-6.106696e+00 -2.867883e+00
8.796678e+00 -2.669869e+00
-6.431047e+00 -1.627694e+00
-6.752974e+00 5.053803e+00
6.681355e+00 9.264086e-01
2.168511e+00 -2.162839e+00
8.503132e+00 5.448538e+00
1.019300e+01 8.098277e+00
2.322062e+00 2.121769e+00
-6.511930e+00 2.923829e+00
-3.895542e+00 7.003298e+00
-7.191060e+00 6.272829e+00
-1.002166e+01 -8.753586e+00
-3.859385e-01 9.509340e+00
-8.560142e+00 -9.860722e+00
-3.757829e+00 1.010489e+01
-8.098314e+00 -8.084938e+00
-9.389355e+00 -3.734625e+00
1.110090e+01 -3.035461e+00
-4.921567e+00 -5.532680e+00
-7.969545e+00 1.013081e+00
-9.163342e+00 -4.832290e+00
3.597728e+00 -8.434319e+00
-5.871901e+00 -7.586604e+00
-4.352049e+00 3.224279e-01
-7.793910e+00 4.634287e+00
-5.992591e+00 6.323439e+00
9.029804e+00 6.588687e+00
5.734425e+00 3.370929e-01
8.427940e+00 3.497612e+00
-1.012717e+01 -5.274267e+00
6.621671e-01 6.774818e+00
-1.016637e+01 -6.989249e+00
-8.266916e+00 9.753633e+00
4.061965e-01 -1.099700e+01
-5.514708e+00 1.113758e+01
-5.781445e+00 -4.555333e+00
-4.756766e+00 -1.006291e+01
1.063358e+01 -1.535001e+00
-1.266887e+00 -7.694110e+00
-1.080498e+01 1.560797e-01
-5.776973e+00 -1.022581e+01
-3.788534e+00 -3.647588e+00
-5.093716e+00 1.207547e+00
-5.578863e+00 2.302300e+00
-5.788276e+00 3.713819e+00
-3.124719e+00 2.047297e+00
1.002317e+01 7.004170e+00
-1.079714e+01 4.059959e+00
-5.044453e+00 6.997969e+00
-1.008210e+01 8.915588e+00
1.056958e+01 6.011189e+00
-9.270311e+00 5.729361e+00
-2.058516e+00 6.101766e+00
-1.521216e+00 7.145226e+00
-4.096777e+00 -1.106409e+01
-5.051319e+00 -6.756014e+00
7.229445e-01 -7.618859e+00
-2.785495e+00 -5.349811e+00
-3.711813e+00 -4.803943e+00
-1.787296e+00 -5.577190e+00
-6.173972e+00 1.336282e+00
-4.684508e+00 2.960747e+00
-2.813552e+00 -4.208401e+00
-3.302220e+00 -5.182976e-01
-8.154101e+00 2.084948e+00
-1.083002e+01 2.964211e+00
-1.791483e+00 4.619923e+00
2.539853e+00 7.880435e+00
-5.102146e+00 5.864087e+00
1.112508e+01 7.099024e+00
-3.822961e+00 4.029463e+00
-3.361532e+00 6.091208e+00
-6.371579e+00 7.277356e+00
1.633109e+00 7.330683e+00
-4.810435e+00 1.025110e+01
-7.784254e+00 1.063118e+01
-7.243488e+00 -1.023307e+01
-5.825004e+00 1.009765e+01
-6.422386e+00 -5.346081e+00
-4.645796e+00 -4.374738e+00
-4.415437e+00 -8.994658e+00
-3.173253e+00 -2.727315e+00
-2.078306e+00 -7.391329e-01
-1.809702e-01 -7.174325e+00
-1.009564e+01 4.892476e+00
4.416652e-02 -2.311620e+00
-9.116421e-01 2.360504e+00
-6.251695e-01 -1.297280e-01
-5.263567e+00 -3.498805e+00
-3.183542e+00 8.025121e+00
-2.754111e+00 7.041221e+00
-2.664038e+00 3.727913e-01
-9.931462e-01 8.566347e+00
-6.178938e+00 8.948010e+00
-4.064775e-01 7.672044e+00
-3.854012e+00 -7.157998e+00
-5.966287e+00 3.977447e-01
-4.170097e+00 -2.647064e+00
-3.735474e+00 -9.818697e+00
-7.617569e+00 -3.627709e+00
-1.786850e+00 -4.373284e+00
-1.909220e+00 -1.050814e+01
-4.797300e-01 -1.038443e+01
1.188360e+00 -3.826046e+00
-1.933439e+00 -6.729336e+00
-2.696789e+00 3.807749e+00
-9.865717e+00 3.622991e+00
-4.800160e+00 4.150041e+00
9.616414e-02 5.802191e+00
-6.790841e+00 -8.174999e+00
1.602283e+00 8.412468e+00
-4.047729e+00 -1.448529e+00
-2.323429e+00 -9.543107e+00
-4.028305e+00 9.023034e+00
7.097283e-01 -8.760983e+00
-6.570586e+00 -1.109671e+01
-6.744447e+00 -9.230431e+00
-1.717406e+00 1.056325e+01
-3.245465e-01 -8.104335e+00
-7.794227e+00 -9.119121e+00
-3.082217e+00 -6.459506e+00
-7.736262e+00 3.126523e+00
-7.090532e+00 1.889664e+00
-1.877424e+00 -3.184042e+00
-8.205611e+00 5.614703e+00
-3.500086e+00 3.027133e+00
2.505356e+00 4.011516e+00
-9.956832e+00 6.805977e+00
-9.178303e-01 9.428227e-01
4.543048e+00 8.705039e+00
3.703711e+00 5.865867e+00
-9.423604e+00 -7.833637e+00
3.462727e+00 9.062146e+00
3.589387e+00 1.057013e+01
4.521810e+00 7.117419e+00
-3.966764e+00 -5.841204e+00
7.035877e-01 7.804420e+00
7.227290e+00 8.901921e+00
-4.972419e-01 1.093074e+01
2.758232e+00 -9.998208e+00
5.935578e+00 -4.905608e+00
-3.042748e+00 -1.587447e+00
4.560965e+00 -1.017195e-01
1.049706e+00 -2.634857e+00
1.227236e+00 5.951425e+00
-5.846446e+00 -7.683517e-01
-1.586868e+00 3.546338e+00
-2.041554e+00 1.432956e+00
2.267584e+00 6.534953e+00
-4.507283e-01 6.650588e+00
5.915538e+00 8.824736e+00
-2.150162e+00 2.612734e+00
4.603913e-01 -9.841383e+00
-6.865456e+00 1.013705e+01
4.701954e+00 -8.932107e+00
-2.837224e+00 1.046850e+01
3.048927e+00 -6.397960e+00
1.034711e+00 -6.473343e+00
2.613949e+00 -9.003203e+00
2.554296e-01 -4.692417e+00
3.613708e+00 -5.207260e+00
4.872378e+00 9.795635e-01
-6.829376e+00 3.977346e+00
-1.620584e+00 1.547327e-01
2.010203e-02 1.865915e+00
-9.911065e-01 5.557492e+00
-5.368958e-01 -1.338223e+00
6.025554e+00 3.107073e+00
1.440713e+00 3.957308e+00
1.244814e+00 9.610071e+00
2.448651e+00 1.030135e+01
2.372884e+00 9.168637e+00
2.652635e+00 5.591055e+00
1.552379e+00 -1.059465e+01
-1.683259e+00 9.401088e+00
6.191474e-01 8.780726e+00
-3.067343e+00 -1.067483e+01
1.184677e-01 -5.778602e+00
5.068041e+00 -9.968828e+00
4.257135e+00 -6.144640e+00
-4.142304e+00 1.976152e+00
-4.741900e+00 -6.651345e-01
1.820117e+00 -7.184615e+00
1.684478e-01 -3.394006e+00
-6.154604e-01 3.391880e+00
5.618789e+00 5.029671e+00
-3.769272e-01 4.646938e+00
-3.623697e+00 1.092181e+00
2.717045e+00 -7.932468e+00
4.365574e+00 -1.076975e+01
8.329681e+00 8.509439e+00
2.647712e+00 -1.105778e+01
6.412421e+00 5.955343e+00
1.550140e+00 -9.497592e+00
-6.161290e-01 -9.139036e+00
-2.851304e+00 9.473896e+00
6.379522e+00 7.895370e+00
4.613371e+00 -4.985446e+00
8.425239e+00 -5.989550e+00
5.192164e+00 -5.841228e+00
2.161515e+00 -3.201769e+00
-8.897699e-01 -4.934385e+00
-7.085357e-01 -3.864270e+00
1.292473e+00 8.440437e-01
7.665471e+00 3.930680e-01
1.692720e+00 5.055327e+00
5.238174e+00 6.006087e+00
3.672096e+00 3.764986e+00
5.796378e+00 6.888216e+00
5.406189e+00 9.832998e+00
5.709921e+00 1.102771e+01
6.792064e+00 1.117266e+01
6.574450e+00 -7.222336e+00
6.403265e+00 -2.654948e+00
5.085035e+00 -6.904361e+00
1.517027e+00 1.065979e+01
5.321758e+00 7.887778e+00
-3.267226e+00 -8.775685e+00
3.856789e+00 -9.810476e+00
4.603450e+00 -7.826622e+00
4.359449e+00 -2.304720e+00
3.294109e+00 -2.941338e+00
-9.474381e-01 -2.650741e+00
3.386605e+00 -1.610305e+00
6.539786e-01 4.945364e+00
1.762118e+00 2.927699e+00
3.739734e-01 3.896002e+00
1.138297e+00 1.962848e+00
7.847949e+00 1.089035e+01
2.440136e+00 -1.043758e+00
4.752612e+00 3.755553e+00
8.038565e+00 6.756425e+00
4.832980e+00 1.065211e+01
6.722578e+00 -8.328848e+00
1.749216e+00 -8.425642e+00
3.682448e+00 -4.111763e+00
3.617351e+00 -7.276679e+00
8.077348e+00 -4.530371e+00
5.582643e+00 -8.127319e+00
6.295940e+00 -6.172895e+00
7.613753e+00 -2.173372e+00
-2.548213e+00 -7.849251e+00
1.480894e+00 -5.063074e+00
7.520970e-01 -1.505861e+00
9.172711e+00 2.658022e+00
7.612636e+00 -1.028215e+01
5.904051e+00 4.084369e+00
-9.591109e+00 7.803718e+00
-1.113100e+01 1.082943e+01
9.154625e+00 -1.055054e+01
9.351041e+00 8.774961e+00
4.287844e+00 9.713852e+00
5.961893e+00 -9.219807e+00
7.334042e+00 -6.258145e+00
9.847676e+00 -7.594739e+00
6.394597e+00 -1.024213e+01
-1.082738e+01 -6.167121e+00
-1.047159e+01 -4.099752e+00
-7.562425e+00 7.298265e+00
8.103939e+00 -7.068217e+00
3.398692e+00 -4.793740e-01
-1.547513e+00 -8.805444e+00
6.989320e+00 3.532909e+00
2.344223e+00 1.032963e+00
4.125365e+00 2.774513e+00
2.316035e-01 7.137252e-01
4.558836e+00 5.078815e+00
6.872262e+00 9.963274e+00
3.285838e+00 6.857442e+00
9.930744e+00 1.114723e+01
7.883348e+00 9.807099e+00
7.420559e+00 -3.288820e+00
1.097709e+01 -7.251822e+00
-7.478660e+00 -5.202160e+00
8.980137e+00 -3.791521e+00
7.440781e+00 7.876958e+00
-7.136875e+00 -6.199762e+00
7.580232e+00 1.477477e+00
9.946555e+00 -3.270482e+00
4.364241e+00 -3.364710e+00
-1.915038e+00 -1.901762e+00
6.899003e+00 -1.422952e+00
3.934895e-01 -4.534770e-01
2.598313e+00 -5.313981e+00
2.352626e+00 -3.075664e-02
6.276736e-01 2.929737e+00
-1.102834e+01 8.144318e+00
1.091582e+01 9.201741e+00
7.017206e+00 -9.400029e+00
6.777050e+00 2.106576e+00
9.332203e+00 -9.466960e+00
1.018370e+01 -8.604337e+00
7.901375e+00 -8.190470e+00
7.355133e+00 -5.239030e+00
1.087674e+01 -3.983673e+00
-1.100336e+01 -9.462530e+00
-1.084974e+01 -2.168038e+00
6.814087e+00 -1.342352e-01
-9.865392e+00 -2.741472e+00
1.986819e+00 -6.078930e+00
-8.128206e-01 -6.164512e+00
5.748270e+00 -7.514570e-01
5.460285e+00 -1.863599e+00
2.676973e+00 -4.187508e+00
7.977664e+00 4.536135e+00
5.133440e+00 2.269531e+00
7.352653e+00 5.587587e+00
3.640193e+00 7.846165e+00
5.854314e+00 1.512426e+00
9.163382e+00 4.480243e+00
-8.417744e+00 8.006067e+00
6.902014e+00 -4.280734e+00
1.044419e+01 -6.228427e+00
6.904160e+00 6.968440e+00
9.000421e+00 -8.447106e+00
-5.144471e+00 8.865068e+00
9.234713e+00 -6.665364e+00
-1.001264e+01 -4.880929e-01
-9.932357e+00 8.473609e-01
9.905769e+00 -4.434537e+00
4.582850e+00 -1.230963e+00
1.065690e+01 -3.804760e-01
9.763683e+00 -9.684642e-01
8.592693e+00 -1.064330e-01
1.003216e+01 3.969894e+00
3.087067e+00 2.816107e+00
1.451889e+00 -7.638551e-01
1.023072e+01 -1.004624e+01
-1.066368e+01 6.008388e+00
-8.931864e+00 -8.779667e+00
9.029512e+00 1.048294e+01
-7.517380e+00 8.978122e+00
