1.100403e+01 -7.913537e+00
-1.021670e+01 6.491847e+00
-3.196715e+00 1.011442e+01
-6.668917e+00 -1.136262e+00
9.732501e+00 2.717390e+00
-9.175140e+00 -3.320002e+00
-1.012461e+01 4.453162e-03
-8.306951e+00 7.857388e+00
1.016209e+01 -3.366714e+00
8.126079e+00 1.221900e+00
-2.071521e+00 9.677145e+00
1.007936e+01 4.744364e+00
-1.095209e+01 7.276564e-01
9.116607e+00 7.311791e-01
-6.795330e+00 3.650473e+00
2.891716e+00 3.054963e+00
1.080825e+01 2.877214e+00
-9.057914e+00 1.025470e+01
-6.470194e+00 -6.423157e+00
-4.399348e+00 -7.437632e+00
-9.231121e+00 -8.493515e+00
-1.026645e+01 -6.124717e+00
5.992987e+00 -6.868144e+00
9.680760e+00 -3.045670e-01
6.541630e+00 -1.336613e-01
1.022522e+01 6.071820e+00
-5.688325e+00 -7.337176e-01
5.498160e+00 -9.459966e+00
7.290373e+00 -7.561754e-01
1.086966e+01 4.127316e+00
-2.948182e+00 5.430134e+00
5.777590e+00 -4.719929e+00
-8.604560e+00 2.783052e+00
1.078501e+01 8.267256e+00
-3.953343e+00 1.617041e+00
-1.048628e+01 -1.042103e+01
-1.116611e+01 -6.747628e+00
-5.684357e+00 -1.065582e+01
-9.231187e+00 -4.437509e+00
-4.326361e+00 6.337770e+00
-8.337456e+00 -6.235444e+00
-8.188577e+00 -2.609623e+00
-8.443976e+00 -9.300206e+00
-6.276986e+00 8.382204e+00
-1.016951e+01 -7.385004e+00
9.321791e+00 6.769397e+00
-1.024960e+01 1.411037e+00
-9.297702e+00 -1.628691e+00
8.580892e+00 -3.497974e+00
-9.493084e+00 3.465285e+00
5.879935e+00 3.643901e+00
-4.211769e+00 5.913129e-01
4.677201e+00 5.030437e-01
-9.575891e+00 5.651038e+00
7.556729e+00 2.061020e+00
-7.187956e+00 1.941058e+00
-1.299032e+00 3.047955e+00
-3.774606e+00 -1.418159e+00
-7.928533e+00 6.720230e+00
-3.877910e+00 7.570209e+00
6.499520e+00 -9.359078e+00
6.075503e+00 1.055106e+01
8.883093e+00 -9.879130e+00
-5.598526e+00 -9.318782e+00
-9.332711e+00 1.961329e+00
1.113576e+01 -3.054042e+00
-9.335566e+00 -6.511581e+00
-8.271050e+00 2.423443e-01
1.007959e+01 -6.549686e+00
8.199257e+00 -1.370448e+00
-4.686023e+00 3.793016e+00
7.663087e+00 3.151633e-01
-2.059292e+00 -2.705919e+00
-6.977889e-02 6.101722e+00
-3.317400e+00 8.592418e+00
3.629093e+00 3.793922e+00
-4.957899e+00 -1.637914e+00
-5.335878e+00 6.611498e+00
-1.042560e+01 -3.796799e+00
-7.443009e+00 1.063832e+01
3.797370e+00 -9.077556e+00
-8.245401e+00 -4.932632e+00
3.281213e-01 8.272822e+00
8.870360e+00 -7.532406e+00
8.139488e+00 -6.564338e+00
8.545871e+00 -3.751002e-01
-3.279293e+00 -4.379686e+00
-1.598604e+00 4.055200e+00
7.258823e+00 -8.449704e+00
7.042836e+00 -6.478465e+00
-8.096007e+00 -1.158121e+00
1.083271e-01 -1.829649e+00
-2.797503e+00 -9.091852e-01
1.580865e+00 1.372064e+00
7.241500e+00 6.284054e+00
3.940249e+00 -3.805668e+00
9.095538e+00 5.694938e+00
-7.352136e+00 6.774373e-01
-7.206950e+00 5.832666e+00
9.900909e+00 -5.409399e+00
-8.160001e+00 1.484905e+00
3.554566e+00 -1.028156e+01
-7.807668e+00 -7.224614e+00
-9.181825e+00 -5.467818e+00
-5.184788e+00 -8.277586e+00
1.053819e+01 -8.860410e+00
-1.929268e+00 -7.494032e+00
7.562042e+00 3.113701e+00
-5.272522e+00 -4.266479e+00
-8.146678e+00 -3.911013e+00
-9.221922e+00 -3.597581e-01
-8.496446e-01 -2.452220e+00
6.266137e-01 -6.793544e-01
-2.704195e+00 1.251811e+00
5.427123e+00 6.772186e+00
9.890565e+00 8.781488e+00
-6.017906e+00 5.632099e+00
-7.102587e+00 -1.069147e+01
-9.010792e+00 6.605256e+00
-9.776867e+00 9.443271e+00
-3.559106e+00 3.579971e+00
-4.768753e+00 5.336948e+00
-1.638758e+00 -9.443780e+00
-7.668007e+00 -8.340172e+00
5.827989e+00 -5.832702e+00
-4.372007e+00 -4.979262e+00
-4.537086e+00 -6.421298e+00
-5.331410e+00 1.034148e+01
-6.390106e+00 2.622787e+00
-7.576583e+00 3.034554e+00
6.965366e+00 -5.046385e+00
-3.558016e+00 -5.893102e+00
-7.655689e+00 4.452175e+00
7.953598e+00 5.011603e+00
-4.279920e+00 1.076304e+01
3.746787e+00 9.010152e+00
3.557576e+00 -1.651673e+00
2.413065e+00 4.646633e+00
1.359749e-01 5.108280e+00
3.110413e-01 7.187233e+00
-7.306885e+00 7.481641e+00
-9.760231e-01 9.622805e+00
-7.420318e+00 -9.330883e+00
-8.437655e+00 1.111583e+01
-7.311530e+00 -5.867693e+00
-2.641099e+00 7.704071e+00
-5.206988e+00 -3.142941e+00
5.300846e-01 -4.519331e+00
-4.716053e+00 -4.580649e-01
-7.429549e+00 -3.631331e-01
-8.143870e-01 -1.075690e+00
-5.297445e+00 3.870475e-01
-6.231776e+00 7.209550e+00
-3.448311e+00 -6.949679e+00
-1.685446e+00 1.123197e+00
6.641870e-01 2.006045e+00
-5.633587e+00 -7.185951e+00
-5.105846e+00 7.644292e+00
1.146188e+00 5.332598e+00
-1.370035e+00 -5.267702e+00
-3.151040e+00 6.601229e+00
-6.526392e+00 4.649352e+00
4.904701e+00 -7.512520e+00
-4.128467e+00 -2.523345e+00
-1.030972e+01 -1.100556e+00
-1.870253e+00 2.195117e+00
-8.108622e-01 1.959113e+00
-6.274557e+00 -3.644846e+00
-6.274465e+00 1.337563e+00
-3.029899e+00 2.434876e+00
-1.178219e+00 1.065727e+01
4.030134e+00 -8.048513e+00
-5.504514e-01 -8.417287e+00
9.103339e-01 5.830016e-01
-1.031738e+01 4.518012e+00
-3.354504e+00 -3.761059e-02
1.176455e+00 6.648718e+00
1.670358e+00 -9.564184e+00
7.552590e+00 9.168069e+00
-2.867438e+00 -2.100363e+00
-2.643750e+00 -1.010938e+01
-2.330487e+00 3.188826e+00
-3.555829e-01 -5.362974e+00
-4.474723e+00 8.498392e+00
9.656695e+00 -1.078947e+01
4.112503e+00 -1.112513e+01
-3.816942e+00 -8.490884e+00
-6.788913e+00 -7.433099e+00
-2.645198e+00 -8.849274e+00
-1.064914e+01 3.503251e+00
-1.100246e+01 -1.987478e+00
-2.208166e+00 -6.416264e+00
-5.769360e+00 3.540921e+00
-5.105237e+00 1.418143e+00
4.343789e+00 -7.992144e-01
7.583519e+00 7.272162e+00
2.078619e+00 -2.678261e+00
2.544786e+00 -1.068252e+01
5.433743e-01 4.168469e+00
9.853875e+00 -7.609788e+00
2.821383e+00 -5.517382e+00
3.204767e+00 1.079852e+01
6.810784e+00 8.233139e+00
-7.210079e+00 -3.357839e+00
-1.919092e+00 5.182484e+00
6.846248e+00 5.257361e+00
2.990702e+00 -8.111183e+00
-3.246223e-02 -6.558156e+00
1.876679e+00 -8.546505e+00
-6.048642e-01 -4.278667e+00
1.806716e+00 2.490149e+00
-2.903653e+00 -7.806978e+00
-2.361117e+00 1.083363e+01
-5.206870e+00 2.443386e+00
2.686714e+00 -9.459235e+00
1.794872e+00 -6.161684e-01
4.875212e+00 4.625398e+00
-5.273410e-01 3.703012e+00
3.029199e-01 9.312072e+00
-1.650621e-01 5.339185e-02
1.486188e+00 -1.053842e+01
-9.290130e+00 -1.063807e+01
-3.812772e-02 1.032817e+01
-6.688434e+00 9.495377e+00
6.318081e+00 -3.827612e+00
-1.330055e+00 -3.569086e+00
7.865652e+00 -5.619216e+00
-2.637660e+00 -5.362387e+00
1.006123e+01 1.591603e+00
1.910945e+00 3.614658e+00
2.059473e+00 4.156430e-01
-3.174501e-01 1.004588e+00
-3.637632e+00 -1.065599e+01
-3.901033e+00 4.832539e+00
1.030143e+00 -2.882415e+00
7.049326e+00 4.056313e+00
8.139220e+00 3.946290e+00
4.560977e+00 -9.860254e+00
4.841621e+00 -6.351077e+00
-3.496037e+00 -9.507910e+00
-4.314659e+00 9.805295e+00
-4.521687e-01 -1.069278e+01
-1.704479e+00 8.448028e+00
6.295319e+00 9.138162e+00
-5.364600e+00 -5.674033e+00
-1.761712e+00 -1.484283e+00
4.984673e+00 8.850901e+00
-6.532347e-01 -9.618525e+00
-9.095050e+00 9.050245e-01
1.102110e+01 -5.621385e+00
2.664765e+00 -4.029204e+00
1.605992e+00 -3.926915e+00
7.734600e+00 -1.116884e+01
5.253290e+00 -4.061951e-01
-1.492450e+00 -1.062614e+01
-2.218738e+00 2.279829e-01
3.447110e+00 -4.753151e+00
9.425512e+00 -8.916612e+00
8.651689e+00 9.222622e+00
2.905446e+00 -6.925870e+00
8.523256e+00 2.989628e+00
9.272923e+00 -4.526347e+00
-4.226140e+00 -3.792260e+00
-6.339776e+00 1.078945e+01
9.538134e+00 3.727967e+00
4.502232e+00 -5.138053e+00
9.282411e+00 -2.709341e+00
7.739840e+00 -7.490264e+00
6.914462e+00 1.202762e+00
1.843043e+00 -6.233865e+00
-2.122908e+00 -4.299621e+00
2.634871e+00 1.809919e+00
1.089727e+01 -1.570597e-01
5.054711e+00 1.763815e+00
4.487888e+00 7.958176e+00
3.376345e+00 5.924664e+00
3.171362e+00 7.699738e+00
2.519944e+00 8.673575e+00
8.076805e+00 8.271045e+00
4.876779e+00 3.568264e+00
6.970400e+00 1.017777e+01
2.321783e+00 -1.613631e+00
3.930925e+00 9.985919e+00
5.484900e-01 -9.656968e+00
8.948099e+00 4.589848e+00
-4.578150e+00 -9.468425e+00
9.877557e-01 -6.895940e+00
5.786112e+00 -8.271178e+00
8.126741e+00 -2.605929e+00
3.736893e+00 -6.014106e+00
7.328270e-01 -5.729964e+00
3.157756e+00 -3.155358e+00
5.586396e+00 7.958376e+00
9.131443e-01 3.203092e+00
5.170920e-01 -1.107109e+01
-6.514868e+00 3.635585e-02
1.044692e+01 9.612509e+00
6.074561e+00 1.735440e+00
-7.734422e-01 7.485226e+00
-1.077315e+01 5.523166e+00
9.534430e+00 1.029053e+01
1.070264e+01 1.074337e+01
3.395864e+00 4.285094e-01
6.680051e+00 -2.685119e+00
4.113777e+00 -2.703807e+00
3.089901e+00 -6.765259e-01
9.996127e+00 -9.757378e+00
9.549330e+00 -1.588190e+00
3.993745e+00 2.773111e+00
-3.021140e+00 -3.284024e+00
-7.159344e+00 -4.640285e+00
1.335476e-01 -7.673161e+00
-8.147871e+00 9.635721e+00
-7.557430e+00 8.724736e+00
2.246262e+00 6.928193e+00
1.018204e+01 7.339363e+00
-6.502881e+00 -8.590477e+00
-9.035093e+00 8.728693e+00
2.314569e+00 9.686146e+00
3.529155e+00 4.868568e+00
8.043551e+00 1.010500e+01
-1.036307e+01 8.472273e+00
-9.660194e+00 -9.611078e+00
9.072283e+00 8.046875e+00
7.771148e+00 -9.373548e+00
6.183932e+00 -1.063902e+01
-4.176657e+00 2.743923e+00
4.978875e+00 1.007326e+01
3.726519e+00 1.430331e+00
-5.511434e+00 4.550095e+00
4.262009e+00 6.937560e+00
-4.707620e+00 -1.053505e+01
-2.650762e+00 4.291304e+00
-3.513082e-02 2.824571e+00
6.339645e+00 -1.488333e+00
4.840712e+00 -8.642691e+00
-8.951705e-01 -7.253904e+00
-1.111392e+00 6.072561e+00
-1.050428e+01 7.466157e+00
5.549330e-01 -8.637685e+00
8.331888e+00 -8.442566e+00
-6.340545e+00 -5.351292e+00
1.050912e+01 -1.150059e+00
1.375293e+00 8.060471e+00
-8.811113e+00 -7.514781e+00
-7.359022e+00 -1.988328e+00
1.090829e+01 -1.055355e+01
7.359890e+00 -1.860120e+00
-8.559964e-02 -3.342240e+00
-1.009414e+01 -2.559635e+00
1.211771e+00 -1.769887e+00
1.020521e+01 5.973908e-01
-1.621500e+00 -8.425386e+00
-6.184492e-01 8.733668e+00
5.485569e+00 2.732821e+00
4.577556e+00 5.711835e+00
-8.123315e+00 -1.026820e+01
6.018548e+00 4.645001e+00
-8.618564e-01 4.741650e+00
-1.002759e+01 1.063091e+01
7.172925e+00 -1.022242e+01
8.957834e+00 -5.728787e+00
8.725591e+00 -1.089837e+01
-1.086927e+01 -9.444746e+00
1.041276e+01 -2.326674e+00
1.112456e+01 1.909987e+00
-1.022090e+01 2.603695e+00
-1.153494e+00 -6.289279e+00
3.948327e+00 -7.057262e+00
-1.232099e+00 -1.444178e-01
4.990916e+00 -1.709769e+00
7.986774e+00 -4.427673e+00
8.277497e+00 6.495286e+00
5.743302e+00 6.288917e-01
9.065904e+00 1.916713e+00
1.138996e+00 1.006835e+01
5.576259e+00 -2.780925e+00
6.662888e+00 2.623327e+00
-9.436646e+00 7.704117e+00
6.670581e+00 -7.667132e+00
-1.035619e+01 -8.496108e+00
6.414876e+00 7.097698e+00
1.909143e+00 1.081523e+01
-2.048859e+00 6.707270e+00
5.174203e+00 -1.093368e+01
5.833817e+00 5.826096e+00
1.106863e+01 6.705829e+00
7.432301e+00 -3.544924e+00
1.759570e+00 -4.988175e+00
1.047414e+01 -4.485268e+00
4.952414e+00 -3.572626e+00
-1.043233e+01 -4.917971e+00
-8.810604e+00 4.702321e+00
2.162360e+00 5.896211e+00
1.782915e+00 -7.452672e+00
-6.531739e+00 -9.765612e+00
-8.215646e+00 5.756890e+00
-6.104638e+00 -2.238785e+00
-1.090400e+01 9.398000e+00
-5.307064e+00 9.198317e+00
