9.596698e+00 1.056266e+01
-6.750374e+00 9.507239e+00
9.177053e+00 6.556821e+00
-4.231413e-01 -1.405384e+00
-3.817147e+00 5.027492e+00
1.087040e+01 1.072272e+01
8.070932e+00 4.214077e-01
7.461944e+00 3.081559e+00
8.276908e+00 -1.668645e+00
9.333458e+00 -1.271740e+00
-4.375794e+00 8.154547e+00
9.934378e+00 5.829709e+00
-6.202544e+00 -4.278192e+00
5.912431e+00 4.439857e+00
-6.673944e+00 3.218721e+00
4.452447e+00 9.948427e+00
-5.480287e+00 -5.018165e+00
9.898693e+00 -7.548390e+00
8.641345e+00 1.008037e+01
-1.045297e+01 6.427654e+00
3.890906e+00 -6.045720e+00
7.416641e+00 -5.601673e+00
1.271600e+00 -4.819261e+00
5.291304e-01 -3.690532e-01
7.074056e+00 8.835365e-01
1.063449e+01 4.562492e+00
-4.616159e+00 -4.175014e-01
-5.661346e+00 8.989860e+00
1.111454e+01 -2.376184e+00
-6.810577e+00 6.180613e+00
9.487016e-01 -5.928778e+00
4.472494e+00 3.139562e+00
-7.489025e+00 -2.693017e+00
-1.025869e+01 -3.929381e+00
-2.597551e+00 4.206779e+00
-5.025846e+00 -8.733293e+00
-9.316138e+00 -8.766378e+00
8.383649e+00 5.785670e+00
-1.010703e+01 -7.236373e+00
-1.008648e+01 3.423884e+00
6.733847e+00 9.592240e+00
9.067042e+00 -2.704073e-01
1.030004e+01 9.408734e+00
8.900380e+00 3.647643e+00
-9.288107e+00 -5.711051e+00
9.057704e+00 -1.081791e+01
-3.292285e+00 -4.211572e+00
-5.927391e+00 -6.258083e+00
7.944434e+00 -4.616421e+00
1.005600e+01 -4.314214e+00
4.219169e+00 -2.830831e+00
2.275452e+00 3.643468e+00
-9.636781e+00 -9.699211e-01
-9.325089e+00 2.500125e+00
-7.907385e+00 -4.607523e-01
-6.651868e+00 -7.094203e-01
-2.787055e-01 7.518767e+00
-2.774061e+00 2.760835e-01
-9.293325e+00 4.302496e+00
-2.113933e+00 6.237059e+00
1.069801e+00 -7.004324e+00
6.986476e+00 -8.816483e+00
6.421182e+00 -1.075789e+01
3.911869e-01 1.006374e+01
-5.811924e+00 -7.559456e-02
2.744051e+00 -6.320620e+00
8.306912e+00 -3.525321e+00
-3.395467e+00 2.234453e+00
-9.090524e+00 1.013238e+01
5.419385e+00 -4.759399e+00
2.179478e+00 -8.944692e+00
-8.481405e+00 2.001407e+00
-1.493027e+00 5.185205e+00
5.346572e-01 6.624502e+00
-3.615029e+00 6.066616e+00
3.611998e+00 9.135510e+00
-9.251711e+00 -4.515960e+00
-9.007251e-01 1.929415e+00
7.814531e+00 -2.560807e+00
-1.029513e+01 -5.190028e+00
2.181576e+00 -7.238422e+00
-7.648899e+00 -5.887686e+00
2.833766e+00 -1.117033e+01
-2.924453e+00 -1.063915e+01
3.781270e+00 -7.231528e+00
2.452320e+00 9.058704e-01
6.761204e+00 8.400075e+00
-1.069119e+01 4.470507e+00
-2.416882e+00 -3.545409e+00
2.670452e+00 -4.112395e+00
-8.581595e-01 9.287312e-01
7.978736e-01 -3.508300e+00
2.952790e+00 2.296730e+00
4.086724e+00 6.440885e+00
8.617169e+00 4.807921e+00
2.890944e+00 -9.134332e-01
2.663404e+00 -9.877641e+00
-5.837190e-01 4.214310e+00
-9.265981e+00 1.001858e+00
-8.783188e+00 -7.679439e+00
3.900235e+00 4.182663e+00
1.879045e+00 1.058467e+01
-1.049076e+01 -6.174623e+00
1.003053e+01 -1.033863e+01
-3.875583e+00 -6.987749e+00
-5.592216e+00 6.710573e+00
-1.769893e+00 -1.091401e+01
1.116889e+01 5.494380e+00
-5.485085e+00 -1.223443e+00
-8.009212e+00 -7.048503e+00
-8.567224e+00 -2.564567e+00
-9.576455e+00 -2.054661e+00
6.548143e+00 -2.876753e+00
5.654801e+00 8.725517e+00
-1.056129e+01 8.731731e+00
-1.038786e+01 1.095801e+01
-2.967230e+00 1.208774e+00
-5.054421e+00 -1.096879e+01
8.029504e+00 1.801084e+00
-8.651160e+00 8.633441e+00
8.835115e-01 5.669254e+00
2.813755e+00 1.021921e+01
-8.626114e+00 7.457454e+00
-7.543270e+00 8.823703e+00
3.198963e+00 -3.168318e+00
1.006810e+01 -2.198842e+00
-6.372170e+00 -8.179662e+00
-9.194406e+00 -1.084051e+01
3.816790e-01 1.736562e+00
1.059942e+01 -6.176087e+00
6.878503e+00 -4.700759e+00
-8.354784e+00 1.085567e+01
-9.592493e+00 8.999438e+00
1.052218e+01 -1.924698e-01
-2.044975e+00 -4.583304e+00
3.646445e+00 -1.016826e+01
-3.566044e+00 -7.064949e-01
1.058156e+01 2.312520e+00
3.043182e+00 6.925639e+00
-1.343604e+00 3.374822e+00
-4.560657e+00 6.923737e+00
-1.288069e+00 -5.654319e+00
1.024732e+01 8.337438e+00
-8.149080e+00 9.321308e-01
9.706922e+00 -3.304406e+00
-6.588956e+00 4.947493e+00
-7.496447e+00 2.493760e+00
-3.200633e+00 -9.626828e+00
7.101310e+00 2.047813e+00
-5.455184e+00 -3.469502e+00
3.259790e+00 1.135175e-01
-1.029641e+01 -2.745097e+00
-4.721841e+00 5.892855e+00
-4.383005e+00 -9.880471e+00
3.376367e+00 3.179435e+00
7.722473e+00 9.324934e+00
-6.409059e+00 -1.077164e+01
-5.824299e+00 1.071441e+01
-9.367319e+00 6.505061e+00
1.915765e+00 2.631118e+00
3.595859e+00 1.180439e+00
-7.165182e+00 3.019072e-01
-2.329017e+00 -5.836887e+00
-4.442974e+00 -4.093362e+00
7.896329e+00 4.009425e+00
7.063731e+00 -2.152739e-01
-2.489708e+00 -1.532459e+00
9.716533e+00 -5.370458e+00
4.607756e+00 8.921070e+00
-7.446158e+00 3.851824e+00
-5.169081e+00 1.817463e+00
-7.650732e-01 -7.707130e+00
-1.533214e-01 9.063639e+00
7.524264e+00 5.016592e+00
4.005481e+00 7.513293e+00
-7.096943e+00 -3.682430e+00
-1.023236e+01 1.370553e+00
3.797445e-01 -7.987469e+00
2.898116e-01 -1.026447e+01
-1.319219e+00 -2.236610e+00
-2.380916e+00 1.047709e+01
3.477023e+00 -1.950581e+00
-3.952763e+00 -1.090746e+01
-4.992304e+00 4.753920e+00
3.026965e+00 8.139802e+00
-8.251063e+00 6.442617e+00
-2.738962e+00 -6.826974e+00
-3.587765e+00 -6.028913e+00
-5.449788e+00 7.877433e+00
-1.808774e+00 1.281083e+00
1.059834e+01 -1.180446e+00
-4.567544e+00 -2.771263e+00
5.062563e+00 7.791714e+00
-3.922670e+00 4.033422e+00
-3.763268e+00 3.412671e-01
-1.012046e+01 -1.011805e+01
4.264062e-01 4.408523e+00
1.591172e+00 1.464704e+00
-3.107791e+00 3.273189e+00
3.066782e+00 -8.351300e+00
8.935660e+00 -2.532814e+00
-1.465562e-01 -6.856516e+00
6.047714e+00 -6.637803e+00
4.342164e+00 -5.085893e+00
-5.116271e+00 7.520436e-01
-1.083398e+01 -4.764184e-01
6.030722e+00 -1.925775e+00
-5.988469e+00 -9.170550e+00
5.089468e+00 -1.027312e+01
-8.511240e+00 -1.300190e+00
1.758983e-01 -4.719891e+00
-9.268239e-01 -4.684624e+00
-9.041063e-01 -1.025121e+01
1.909692e+00 6.958378e+00
1.617454e+00 -2.727352e+00
4.896577e+00 -5.437586e-01
8.237407e+00 -6.512913e+00
-1.068872e+01 2.364807e+00
1.934559e+00 -1.061851e+01
6.048522e+00 7.362207e+00
3.769850e+00 -4.094485e+00
-5.610489e+00 -1.007719e+01
-7.513130e+00 7.286574e+00
-5.557864e+00 2.861349e+00
-2.071730e+00 2.267379e+00
-4.245747e+00 1.312704e+00
-4.173103e+00 -5.173600e+00
-1.003194e+01 9.892780e+00
-3.411828e+00 -3.142292e+00
4.972581e+00 -9.201496e+00
-7.429816e+00 -1.443443e+00
9.968923e+00 1.168246e+00
-2.998087e+00 8.367027e+00
-4.350054e+00 2.706098e+00
5.395242e+00 2.069341e+00
-9.937508e+00 5.507221e+00
5.576529e+00 1.105743e+01
-4.517091e+00 1.052505e+01
1.105848e+00 -1.409064e+00
-2.377591e+00 -8.716277e+00
-3.035157e-01 5.303001e+00
-3.953035e+00 -8.834753e+00
-1.002713e+00 6.486120e+00
6.561683e+00 1.062325e+01
-1.527498e+00 -1.042254e+00
6.269502e+00 3.100776e+00
7.263675e+00 -6.725239e+00
-8.294980e+00 4.626042e+00
3.868023e+00 -7.853814e-01
8.591675e+00 -5.469897e+00
3.519376e-01 6.493784e-01
-1.887038e+00 -7.764814e+00
1.613982e+00 -8.080471e+00
4.750150e+00 -6.835304e+00
-1.120038e-01 -3.316979e+00
-2.013659e+00 8.401356e+00
-1.373943e+00 -3.530423e+00
8.211198e+00 -9.092232e+00
6.074639e+00 1.204969e+00
7.227661e+00 -3.588437e+00
-5.813702e+00 -7.392249e+00
7.630701e+00 1.053850e+01
-5.531365e+00 -2.296042e+00
-3.320964e+00 -7.897766e+00
5.223157e+00 5.301717e+00
-4.814201e-01 -2.595090e-01
9.079571e+00 8.973301e+00
7.183008e+00 -1.657253e+00
7.163350e+00 -9.923903e+00
4.864755e+00 -3.891899e+00
-4.826788e+00 -6.043040e+00
9.004190e+00 9.541943e-01
1.712144e+00 -3.880693e+00
-2.198989e+00 -9.831200e+00
5.400470e+00 -7.730119e+00
5.654709e+00 9.900306e+00
7.291634e+00 6.066078e+00
-9.405468e-01 8.302852e+00
5.989427e+00 -8.648853e+00
-9.087655e-01 1.031727e+01
7.927626e+00 -1.061237e+01
1.479728e+00 4.292881e-01
3.270778e+00 -4.970527e+00
-2.490332e+00 7.393699e+00
-1.056423e+01 -1.623347e+00
-6.267411e+00 2.134128e+00
-1.692800e+00 2.596635e-01
6.548886e-01 8.230988e+00
9.440799e+00 2.342177e+00
1.854512e+00 -6.444090e-01
-1.284775e+00 -8.793834e+00
-3.570798e+00 -1.969750e+00
6.313287e+00 6.245274e+00
-7.585385e+00 5.506527e+00
3.929328e-01 -9.125442e+00
-9.846151e+00 9.415180e-02
1.083247e+01 6.480017e+00
-6.336308e+00 -2.928369e+00
-3.548127e+00 7.323287e+00
-7.155933e+00 1.392518e+00
-9.068326e+00 -9.789052e+00
9.070691e+00 -9.748015e+00
8.050131e+00 -6.540304e-01
-1.406440e+00 -6.758096e+00
-4.608388e+00 -1.676860e+00
8.443116e+00 2.717614e+00
1.016755e+01 -9.189499e+00
8.991353e+00 -4.405586e+00
-1.097881e+01 7.696576e+00
-1.667265e-01 2.876362e+00
-6.937357e+00 -6.708825e+00
3.383072e-01 -2.324848e+00
-8.841426e+00 5.551346e+00
-5.684276e+00 5.487935e+00
5.185018e+00 6.730794e+00
-7.913640e+00 -9.682027e+00
-1.114415e+01 -9.387121e+00
-7.523106e+00 -4.775395e+00
-2.489685e+00 9.453203e+00
1.104552e+01 1.177959e+00
-9.046983e+00 -6.663828e+00
-5.842705e+00 4.135925e+00
7.802321e+00 -7.677799e+00
-7.223171e+00 -8.877953e+00
8.138246e+00 8.281604e+00
5.767677e+00 1.174432e-01
2.929241e+00 5.574429e+00
2.929754e+00 4.501350e+00
9.654936e+00 4.819391e+00
2.275657e+00 9.011362e+00
3.845018e+00 -9.055309e+00
-3.581643e+00 9.246501e+00
2.311797e+00 -1.885146e+00
6.091966e+00 -9.844427e+00
1.096610e+01 -3.568984e+00
5.253704e+00 -2.800059e+00
-4.805724e+00 -7.673852e+00
-3.438067e+00 1.049302e+01
-6.574016e+00 8.436251e+00
-6.930729e+00 1.065622e+01
-1.448228e+00 9.308262e+00
-9.344858e+00 -3.432700e+00
4.518967e+00 4.426136e-01
-1.430075e+00 7.419977e+00
1.106010e+01 -1.057201e+01
-8.285719e+00 -8.556517e+00
9.147963e+00 7.746970e+00
5.345465e+00 3.565461e+00
1.640152e+00 8.115753e+00
-8.264201e+00 -3.910652e+00
2.012124e+00 5.976340e+00
5.184512e+00 -5.877304e+00
-7.663152e+00 -1.067716e+01
-8.034806e+00 9.823480e+00
4.377945e+00 -1.101866e+01
6.552203e+00 5.207188e+00
-1.046691e+01 -8.190932e+00
7.159523e+00 7.327847e+00
4.214638e+00 2.047715e+00
8.161280e+00 7.092352e+00
1.039960e+00 -1.111345e+01
1.014057e+01 7.201750e+00
1.234413e+00 9.415850e+00
1.117947e+01 -7.095071e+00
-7.386260e+00 -7.851527e+00
-6.290465e+00 8.817535e-01
1.078753e+01 -8.178807e+00
-6.817671e+00 -9.839471e+00
9.194644e+00 -8.440362e+00
6.205410e+00 -8.935709e-01
4.552770e+00 -1.620211e+00
8.946345e+00 -7.415629e+00
-1.100900e+01 9.690663e+00
4.052967e+00 5.299120e+00
-4.855136e+00 3.647003e+00
-4.572307e+00 9.548253e+00
1.288923e+00 3.849603e+00
-6.725047e+00 -5.400202e+00
1.001157e+01 3.578467e+00
-1.228542e-01 -5.763749e+00
4.389639e+00 -8.054142e+00
6.857180e+00 4.029228e+00
-2.233143e-01 1.110635e+01
-2.728333e+00 5.280816e+00
1.391772e+00 -9.711258e+00
-9.817167e+00 7.857018e+00
8.547006e-01 2.681030e+00
9.532561e+00 -6.427296e+00
-2.603829e+00 -2.526665e+00
-6.567730e+00 -1.986486e+00
1.818327e+00 4.908292e+00
6.326998e+00 -5.580356e+00
-1.115173e+01 3.559698e+00
6.592726e+00 -7.781001e+00
2.280615e+00 -5.283905e+00
1.101088e+01 -4.899839e+00
-8.679514e+00 3.511041e+00
6.104768e+00 -3.972185e+00
-8.820482e+00 3.188966e-02
-6.392163e+00 7.336585e+00
