-1.055591e+01 -9.357062e+00
-1.044803e+01 1.029803e+01
1.105698e+01 -8.323412e+00
-7.754483e+00 -9.084522e+00
-1.075796e+01 -7.333546e+00
-9.518535e+00 -7.573064e+00
1.117313e+01 -4.113551e+00
-1.019147e+01 -4.264122e+00
8.511562e+00 -3.010367e-01
9.447951e+00 -1.074443e+00
8.323778e+00 1.816290e+00
9.019282e+00 2.770931e+00
9.988820e+00 1.921667e+00
8.355607e+00 3.875544e+00
9.929553e+00 6.145000e+00
8.544476e+00 6.020384e+00
-1.039865e+01 3.839063e+00
-1.117222e+01 9.234126e+00
9.060851e+00 -1.063119e+01
-1.112289e+01 -1.033381e+01
-8.636792e+00 -9.545795e+00
-9.638821e+00 -1.018526e+01
-9.941175e+00 1.111246e+01
-1.015542e+01 -8.458621e+00
-8.172739e+00 -7.942548e+00
-9.052503e+00 -4.439104e+00
-1.009064e+01 -5.313400e+00
-9.128930e+00 -5.899198e+00
1.069447e+01 -3.196961e+00
1.053993e+01 1.021876e+00
-1.060841e+01 -2.979745e+00
1.051149e+01 -1.842102e+00
1.063002e+01 -1.389115e-01
-1.067211e+01 3.235477e-01
1.096205e+01 3.939242e+00
9.584969e+00 3.878164e+00
1.044825e+01 9.962815e+00
-9.416074e+00 6.503943e+00
1.019408e+01 8.882174e+00
1.019334e+01 7.670488e+00
-9.370828e+00 1.017744e+01
-5.971958e+00 -7.344605e+00
-9.048099e+00 -8.651526e+00
-6.822136e+00 -9.712322e+00
-7.011270e+00 -7.753563e+00
-8.271706e+00 -5.334200e+00
-7.831359e+00 -4.196911e+00
-9.484544e+00 -3.465559e+00
9.607945e+00 -2.192523e+00
-8.961518e+00 -2.442339e+00
-1.072563e+01 -1.963250e+00
-9.774346e+00 -1.710574e+00
-1.107115e+01 -9.873235e-01
1.029593e+01 4.894817e+00
-1.037166e+01 1.762965e+00
-8.148998e+00 3.620495e+00
-1.052064e+01 6.423055e+00
-9.053702e+00 4.602301e+00
-1.019216e+01 7.493438e+00
-8.496008e+00 8.931237e+00
-7.879379e+00 -1.023383e+01
-6.759287e+00 1.041069e+01
-5.211455e+00 -8.183594e+00
-6.357908e+00 -8.702974e+00
-8.620642e+00 -6.781734e+00
-7.133700e+00 -5.379529e+00
-6.257538e+00 -3.247966e+00
-8.414849e+00 -3.317216e+00
-1.114317e+01 -5.273677e+00
-8.137892e+00 -1.892280e+00
-8.973474e+00 -7.408238e-01
-9.924117e+00 -3.357603e-01
1.101677e+01 2.424226e+00
1.015153e+01 3.033057e+00
9.269791e+00 5.301322e+00
-9.326405e+00 3.566358e+00
-1.033722e+01 2.779683e+00
-8.483962e+00 6.994820e+00
-9.443904e+00 8.261886e+00
-1.113349e+01 8.034459e+00
-6.624191e+00 8.151000e+00
-7.864892e+00 1.097408e+01
-7.004664e+00 -1.077787e+01
-4.724455e+00 -7.267140e+00
-6.555892e+00 -6.282365e+00
-5.355922e+00 -6.409690e+00
-6.096308e+00 -5.338107e+00
-7.611615e+00 -6.517809e+00
-7.309656e+00 -3.284853e+00
-4.138289e+00 -1.887495e+00
-7.010113e+00 -2.131432e+00
-8.782296e+00 4.457243e-01
-7.404205e+00 -1.154948e+00
-9.723859e+00 7.639453e-01
-7.502204e+00 7.378414e-01
-8.396012e+00 2.613793e+00
-7.038025e+00 3.897191e+00
-8.059292e+00 9.998807e+00
-7.160998e+00 7.257013e+00
-7.976931e+00 7.987009e+00
-5.519934e+00 8.435009e+00
-6.182040e+00 9.328042e+00
-5.655332e+00 1.011464e+01
-5.934820e+00 -1.115244e+01
-2.790628e+00 -6.570150e+00
-5.486826e+00 -4.291331e+00
3.522301e-01 -2.619896e+00
-6.653895e+00 -4.394492e+00
-5.127303e+00 -3.205229e+00
-5.067644e+00 -1.444464e+00
-6.346701e+00 -8.889958e-01
-4.920998e+00 -3.033675e-01
-6.590713e+00 1.152761e-01
-8.416307e+00 1.483607e+00
-6.104795e+00 2.582492e+00
-9.314744e+00 2.155239e+00
-7.609879e+00 4.932500e+00
-7.415722e+00 9.015694e+00
-6.728104e+00 5.403423e+00
-7.636713e+00 5.981708e+00
-6.516955e+00 6.484167e+00
-5.863501e+00 7.436315e+00
-4.966733e+00 1.086557e+01
-3.472800e+00 -7.553486e+00
-2.923751e+00 -5.326909e+00
-3.912147e+00 -5.285355e+00
-3.950162e+00 -2.956540e+00
-5.038778e+00 -5.296293e+00
-5.925544e+00 -2.255061e+00
-2.117596e+00 -2.047780e+00
-3.618453e+00 -4.871282e-01
-7.832777e+00 -1.695318e-01
-7.514617e+00 1.822223e+00
-6.519872e+00 1.451380e+00
-5.408256e+00 3.641921e+00
-7.232850e+00 2.936035e+00
-8.711101e+00 5.617293e+00
-6.116847e+00 4.498053e+00
-2.816767e+00 5.096063e+00
-5.538348e+00 5.483996e+00
-4.944497e+00 9.307124e+00
-4.063061e+00 8.613872e+00
-4.806097e+00 -1.016524e+01
-5.882515e+00 -1.013335e+01
-2.394209e+00 -4.383821e+00
-3.968598e+00 -6.563139e+00
-3.526819e+00 -4.039070e+00
-3.164122e+00 -1.567622e+00
-2.752586e+00 -2.915879e+00
-2.876985e+00 4.094582e-01
-6.150769e-01 -3.755068e-01
-2.453277e+00 -7.687144e-01
-5.433414e+00 7.174801e-01
-4.728800e+00 2.703554e+00
-3.790382e+00 4.851458e+00
-4.932067e+00 4.630338e+00
-3.511524e+00 2.735305e+00
-2.623051e+00 6.754359e+00
-4.008195e+00 7.041369e+00
-3.413415e+00 6.076781e+00
-5.027800e+00 6.726060e+00
-4.120885e+00 -9.397100e+00
-3.598534e+00 1.065598e+01
-4.065117e+00 -8.392181e+00
-2.292291e+00 -7.845132e+00
-1.980012e+00 -5.934131e+00
1.451709e+00 -2.662129e+00
-4.469128e+00 -4.315960e+00
-1.127447e+00 -2.172481e+00
-5.758778e-01 -3.186659e+00
-1.599136e+00 1.064494e-01
-2.102437e+00 1.238185e+00
-5.404737e+00 1.827696e+00
-4.238224e+00 1.818609e+00
-2.417469e+00 2.467768e+00
-3.875214e+00 3.790232e+00
-2.723301e+00 3.650193e+00
-1.953360e+00 7.703537e+00
-3.193792e+00 7.690948e+00
-4.513835e+00 5.819099e+00
-2.529358e+00 9.708424e+00
-4.731846e+00 7.724355e+00
-2.851216e+00 -1.010837e+01
-3.088910e+00 -8.828320e+00
-5.331357e+00 -9.300105e+00
-1.639249e+00 -7.031024e+00
-1.819176e+00 -3.486902e+00
2.209969e-01 -4.443682e+00
-3.387358e-01 -1.477296e+00
-1.547545e+00 -5.060612e+00
-1.431385e+00 -1.207775e+00
1.510835e-01 4.702371e-01
-7.585379e-01 1.122508e+00
-4.431842e+00 6.042190e-01
-1.224818e-01 4.585720e+00
-1.565556e+00 3.192775e+00
-2.012017e+00 5.901082e+00
-1.681342e+00 8.930254e+00
-3.006482e+00 8.707437e+00
-3.737919e+00 9.580759e+00
-1.577281e+00 1.041825e+01
1.547548e-01 8.950551e+00
-1.853163e+00 -9.580197e+00
-1.172294e+00 -8.730685e+00
-1.572889e-01 -8.795483e+00
-9.504063e-01 -6.209496e+00
1.198319e+00 -6.633351e+00
9.807412e-01 -3.563110e+00
1.536877e+00 -4.619461e+00
1.043181e+00 -1.799953e+00
1.075724e+00 7.070271e-02
6.745391e-02 1.827642e+00
2.900452e-01 3.711213e+00
-3.139093e+00 1.633144e+00
-4.990047e-01 3.003082e+00
-1.856627e+00 4.793264e+00
-9.291819e-01 5.225614e+00
-8.719865e-01 8.202867e+00
2.713266e+00 7.662622e+00
9.384047e-01 6.826683e+00
4.685740e-01 1.033113e+01
-3.728704e+00 -1.063163e+01
-5.942586e-01 -9.888319e+00
7.344481e-02 -6.462117e+00
-1.005841e+00 -4.173294e+00
-3.470345e-01 -5.345167e+00
3.144750e+00 -5.857594e+00
1.592387e+00 -9.414611e-01
2.103375e+00 -3.705086e+00
2.369289e+00 -2.072692e-01
-1.418487e+00 1.971743e+00
1.045801e+00 1.319628e+00
6.111268e-01 2.716101e+00
-9.741456e-01 4.023845e+00
-1.364180e+00 6.795620e+00
2.527419e-01 5.902422e+00
-3.253833e-01 6.990262e+00
2.275837e+00 9.051755e+00
4.623609e-01 7.743346e+00
1.629763e+00 8.088469e+00
1.169548e+00 9.155087e+00
-6.908869e-01 9.561270e+00
-2.423342e+00 1.099504e+01
-5.503203e-01 1.063754e+01
-5.288403e-01 -7.410896e+00
2.337812e+00 -8.251385e+00
9.541770e-01 -5.595327e+00
2.551613e+00 -4.665734e+00
2.270533e+00 -1.712124e+00
4.862294e-01 -7.876965e-01
2.156625e+00 1.150160e+00
2.707323e+00 2.142618e+00
1.634250e+00 2.502423e+00
1.773376e+00 3.707540e+00
2.009516e+00 4.996433e+00
2.522322e+00 6.398683e+00
3.723074e+00 7.843561e+00
4.849373e+00 8.042174e+00
4.575905e+00 9.214116e+00
3.119154e+00 9.996767e+00
1.263307e+00 1.116238e+01
1.854643e+00 -9.158038e+00
2.286979e+00 1.100366e+01
-1.264854e+00 -1.070960e+01
5.340063e-01 -1.048370e+01
6.113205e+00 -5.402288e+00
1.997699e+00 -5.602086e+00
2.609103e+00 -2.804299e+00
3.064660e+00 -9.134094e-01
3.281671e+00 -1.891078e+00
4.680279e+00 -1.873637e+00
3.168420e+00 1.056668e+00
3.912661e+00 1.997629e+00
2.623565e+00 3.148303e+00
5.138266e+00 6.014910e+00
8.640483e-01 5.048246e+00
1.591814e+00 6.008720e+00
5.232072e+00 1.112993e+01
3.399992e+00 8.950608e+00
4.289113e+00 1.046348e+01
3.303026e+00 1.100584e+01
7.777461e+00 -8.689537e+00
3.485113e+00 -7.817476e+00
8.467087e-01 -9.354655e+00
1.812051e+00 -1.014133e+01
2.928300e+00 -9.143302e+00
1.011521e+00 -8.300069e+00
3.750399e+00 -4.866416e+00
3.140587e+00 -3.798125e+00
5.229660e+00 -2.748883e+00
4.223133e+00 -9.389952e-01
3.511108e+00 2.039726e-02
3.749540e+00 4.430533e+00
6.140770e+00 5.028013e+00
4.044603e+00 5.429468e+00
3.030492e+00 5.355464e+00
5.721495e+00 8.893692e+00
3.488164e+00 6.379373e+00
6.977217e+00 1.090329e+01
5.304326e+00 9.850048e+00
4.282728e+00 -1.088885e+01
4.871749e+00 -7.942912e+00
2.839046e+00 -1.038087e+01
2.564360e+00 -6.722011e+00
3.994588e+00 -6.657909e+00
6.459310e+00 -6.632214e+00
4.767845e+00 -5.664147e+00
7.331918e+00 -5.792828e+00
5.222730e+00 -4.843606e+00
3.662093e+00 -2.878695e+00
5.597131e+00 -1.441266e+00
4.313517e+00 7.040354e-01
5.899521e+00 3.863904e+00
5.901387e+00 7.550069e+00
6.268888e+00 6.319266e+00
4.441097e+00 6.794231e+00
7.179889e+00 7.481307e+00
6.686853e+00 8.420052e+00
6.263599e+00 9.801311e+00
1.736063e+00 1.005772e+01
3.990947e+00 -9.821735e+00
4.209848e+00 -8.698907e+00
5.004766e+00 -6.841911e+00
5.776448e+00 -7.485912e+00
9.276884e+00 -7.607873e+00
8.389412e+00 -5.459506e+00
8.080787e+00 -4.474339e+00
7.921571e+00 -6.844442e+00
5.583658e+00 -3.765202e+00
6.670559e+00 -1.525163e+00
4.969905e+00 1.897289e+00
4.776375e+00 3.752541e+00
6.123288e+00 -5.809943e-01
2.771246e+00 4.211808e+00
6.967007e+00 2.904186e+00
7.265034e+00 9.389534e+00
9.124896e+00 7.339977e+00
8.704842e+00 1.070901e+01
6.223385e+00 -1.068403e+01
6.245736e+00 -9.576801e+00
8.265448e+00 -7.781762e+00
9.932705e+00 -8.402922e+00
5.458297e+00 -8.833590e+00
7.250118e+00 -7.747595e+00
9.965049e+00 -6.505881e+00
9.936692e+00 -3.904862e+00
8.968487e+00 -6.334450e+00
6.901388e+00 -4.711743e+00
6.271395e+00 -2.620163e+00
4.490954e+00 -3.616834e+00
7.362373e+00 -4.122477e-01
5.133824e+00 -9.296406e-02
6.236967e+00 1.997521e+00
3.737564e+00 3.073754e+00
5.435405e+00 2.906351e+00
8.140879e+00 7.156875e+00
8.106903e+00 8.198990e+00
9.161095e+00 8.457766e+00
9.435379e+00 9.689513e+00
7.128885e+00 -1.019363e+01
5.277211e+00 -9.989235e+00
1.021244e+01 -1.054855e+01
8.839308e+00 -8.693358e+00
1.060306e+01 -9.256716e+00
1.010900e+01 -5.233668e+00
7.851148e+00 -3.406734e+00
9.264238e+00 -4.701333e+00
6.813655e+00 -3.469148e+00
7.419396e+00 -2.227812e+00
8.020024e+00 -1.351885e+00
5.550192e+00 1.065773e+00
6.465077e+00 4.633382e-01
7.289171e+00 1.200225e+00
7.176821e+00 4.005482e+00
7.198660e+00 5.139864e+00
4.924644e+00 4.848942e+00
1.094049e+01 5.871225e+00
8.326800e+00 9.359987e+00
7.954134e+00 -1.083299e+01
6.587008e+00 -8.626097e+00
1.081887e+01 1.099346e+01
8.437924e+00 -9.807572e+00
9.488254e+00 -9.610155e+00
-8.881165e+00 -1.087180e+01
1.053538e+01 -7.365138e+00
1.116513e+01 -6.378778e+00
-1.006291e+01 -6.479024e+00
8.866638e+00 -3.482795e+00
8.505432e+00 -2.467787e+00
9.493189e+00 5.915195e-03
9.440824e+00 1.080303e+00
8.229545e+00 7.901314e-01
7.954577e+00 2.838382e+00
8.223487e+00 4.942070e+00
7.359219e+00 6.207174e+00
-9.768470e+00 5.566010e+00
-1.076029e+01 4.979266e+00
1.085555e+01 6.883202e+00
9.737922e+00 1.082276e+01
-1.012563e+01 9.211092e+00
