9.360949e+00 -1.011914e+01
1.088870e+01 -9.174643e+00
1.041569e+01 -8.116764e+00
-1.096790e+01 -7.831106e+00
-1.026135e+01 -6.198037e+00
-1.029691e+01 -5.058983e+00
1.007500e+01 -5.072384e+00
9.960000e+00 -3.889530e+00
1.100710e+01 -2.155877e+00
1.006055e+01 -1.351571e+00
1.115431e+01 -1.275519e-01
1.090713e+01 9.015147e-01
-1.065309e+01 1.871531e+00
1.055838e+01 1.937153e+00
1.081791e+01 2.985052e+00
1.059485e+01 4.488289e+00
-1.058262e+01 5.524169e+00
1.006595e+01 8.306906e+00
9.163356e+00 9.121152e+00
9.811783e+00 -1.102629e+01
-1.105475e+01 -1.117871e+01
-1.067825e+01 -1.006818e+01
1.043022e+01 -1.019616e+01
-1.039261e+01 -8.814803e+00
-9.846431e+00 -7.468145e+00
-9.212460e+00 -6.637407e+00
-9.314098e+00 -4.597483e+00
1.113779e+01 -4.462242e+00
1.095715e+01 -3.411958e+00
-1.116363e+01 -1.200172e+00
-1.024468e+01 -1.646674e+00
-1.032649e+01 5.211326e-01
-9.532697e+00 1.756330e+00
-1.047977e+01 3.031726e+00
-1.059315e+01 4.507638e+00
-9.569274e+00 5.169107e+00
1.116974e+01 7.398682e+00
-1.021035e+01 7.947100e+00
-1.095876e+01 8.704703e+00
1.031717e+01 9.458316e+00
-9.942918e+00 1.040955e+01
-9.662992e+00 -1.080133e+01
-9.652366e+00 -9.654899e+00
-9.440836e+00 -8.373415e+00
-8.761360e+00 -7.619237e+00
-9.041977e+00 -5.611811e+00
-7.795835e+00 -5.494221e+00
-1.020561e+01 -3.994338e+00
-1.042208e+01 -3.047201e+00
-9.260295e+00 -2.464444e+00
-1.019515e+01 -5.985931e-01
-9.100759e+00 6.469181e-01
-8.860892e+00 2.590523e+00
-9.373464e+00 3.767880e+00
-8.667070e+00 4.596922e+00
-9.372974e+00 6.231503e+00
-1.018054e+01 6.856515e+00
-9.036921e+00 7.360504e+00
-9.994269e+00 9.316330e+00
-1.108365e+01 9.823982e+00
-8.767822e+00 1.076111e+01
-8.573702e+00 -1.051982e+01
-8.551376e+00 -9.149735e+00
-7.911642e+00 -8.233441e+00
-8.157825e+00 -6.531171e+00
-6.908705e+00 -6.017734e+00
-6.894219e+00 -4.881262e+00
-8.158609e+00 -4.182384e+00
-9.271157e+00 -3.547272e+00
-8.050561e+00 -1.953530e+00
-8.986248e+00 -1.423358e+00
-8.887745e+00 -3.561530e-01
-8.468855e+00 1.596403e+00
-7.656778e+00 2.469213e+00
-8.317172e+00 3.445203e+00
-8.295408e+00 5.569230e+00
-8.127289e+00 6.715105e+00
-8.126994e+00 7.818348e+00
-9.034914e+00 8.402768e+00
-8.829514e+00 9.599272e+00
-7.560346e+00 -1.100076e+01
-7.450822e+00 -9.929253e+00
-7.065614e+00 -8.995411e+00
-6.752865e+00 -8.050869e+00
-7.344750e+00 -7.187511e+00
-6.342303e+00 -6.973981e+00
-5.888274e+00 -5.301873e+00
-7.086936e+00 -3.747608e+00
-8.089934e+00 -3.113079e+00
-6.950566e+00 -1.690951e+00
-7.566441e+00 -5.865631e-01
-6.803095e+00 3.735046e-01
-8.099544e+00 3.326381e-01
-7.319856e+00 1.250152e+00
-7.222382e+00 3.649005e+00
-7.219062e+00 5.960929e+00
-7.071268e+00 7.079974e+00
-7.869691e+00 9.068328e+00
-6.989039e+00 9.607503e+00
-7.808893e+00 1.015825e+01
-6.557318e+00 1.071183e+01
-6.576202e+00 -1.054915e+01
-5.530501e+00 -1.070604e+01
-6.023568e+00 -9.166698e+00
-5.629547e+00 -7.839428e+00
-4.536328e+00 -5.261726e+00
-5.049391e+00 -3.129505e+00
-5.292138e+00 -4.484619e+00
-7.023336e+00 -2.740867e+00
-5.429167e+00 -1.532901e+00
-6.378524e+00 -7.334314e-01
-5.345908e+00 4.045238e-01
-6.221555e+00 1.389018e+00
-6.635973e+00 2.577599e+00
-6.096553e+00 3.859881e+00
-7.545480e+00 4.837151e+00
-6.190192e+00 6.605876e+00
-7.100131e+00 8.216555e+00
-5.156850e+00 8.258993e+00
-6.171284e+00 8.795319e+00
-4.936452e+00 9.410911e+00
-5.904994e+00 9.839229e+00
-5.123221e+00 -9.763463e+00
-4.558246e+00 -7.377220e+00
-5.420854e+00 -6.510111e+00
-4.257785e+00 -4.199002e+00
-4.542454e+00 -2.242903e+00
-5.991746e+00 -3.665334e+00
-5.964140e+00 -2.622513e+00
-2.657421e+00 -9.704164e-01
-4.541813e+00 -2.994412e-01
-4.456578e+00 9.189746e-01
-5.140217e+00 1.751862e+00
-5.629802e+00 2.788786e+00
-5.341476e+00 4.524543e+00
-6.415041e+00 4.914591e+00
-6.125044e+00 7.724690e+00
-5.062865e+00 7.016515e+00
-4.212694e+00 7.603680e+00
-4.106837e+00 8.680409e+00
-5.112430e+00 1.063441e+01
-4.184295e+00 -1.010823e+01
-3.649991e+00 -8.127103e+00
-5.005221e+00 -8.716193e+00
-3.435415e+00 -6.853438e+00
-4.368979e+00 -6.398735e+00
-3.552106e+00 -5.114656e+00
-4.167371e+00 -1.259685e+00
-3.503118e+00 -2.078277e+00
-3.442884e+00 -2.471750e-01
-2.429720e+00 5.893659e-02
-2.995837e+00 9.692177e-01
-3.804951e+00 1.706814e+00
-4.574275e+00 2.638811e+00
-4.589770e+00 3.724201e+00
-5.351435e+00 5.767093e+00
-4.225897e+00 6.453087e+00
-3.292178e+00 6.998641e+00
-3.357059e+00 9.370886e+00
-4.105069e+00 1.002058e+01
-4.083888e+00 1.114689e+01
-3.142254e+00 -1.001980e+01
-3.154121e+00 -8.978552e+00
-2.520042e+00 -7.955979e+00
-2.417195e+00 -6.888546e+00
-2.977432e+00 -5.982572e+00
-2.063640e+00 -3.950513e+00
-3.870359e+00 -3.122285e+00
-3.276525e+00 -4.123749e+00
-2.411884e+00 -1.993707e+00
-1.687338e+00 -1.022554e+00
-2.189673e+00 1.647249e+00
-3.102364e+00 2.498462e+00
-3.426646e+00 3.421142e+00
-2.398137e+00 3.762156e+00
-4.577102e+00 5.167124e+00
-3.574446e+00 5.569605e+00
-2.305507e+00 7.410587e+00
-3.186048e+00 8.150437e+00
-3.075747e+00 1.052225e+01
-2.713083e+00 -1.090011e+01
-2.065961e+00 1.066091e+01
-1.831640e+00 -9.542078e+00
-1.314664e+00 -8.512017e+00
-1.485836e+00 -7.495156e+00
-1.852942e+00 -5.925602e+00
-2.420652e+00 -5.083089e+00
-1.085172e+00 -4.670102e+00
-1.656497e+00 -3.035658e+00
-2.762661e+00 -3.092891e+00
-1.240860e+00 -2.139440e+00
-1.421350e+00 -5.758428e-02
-8.228180e-01 9.401305e-01
-2.026060e+00 2.732183e+00
-9.860692e-01 4.224289e+00
-3.447270e+00 4.606699e+00
-2.557468e+00 5.976926e+00
-9.322045e-01 7.680216e+00
-1.681753e+00 8.464049e+00
-2.271167e+00 9.445591e+00
-1.256523e+00 9.876743e+00
4.539615e-02 9.785579e+00
-1.521311e+00 -1.062792e+01
-2.682879e-01 -8.555109e+00
4.476196e-01 -7.020548e+00
-3.866931e-01 -7.518611e+00
-5.301040e-01 -5.585784e+00
-7.537296e-01 -3.646059e+00
3.385616e-01 -3.458088e+00
-1.079573e-01 -2.110578e+00
-4.418233e-01 -1.012155e+00
-2.549631e-01 2.510728e-02
-5.285450e-02 2.010943e+00
-1.161517e+00 2.033926e+00
-1.068016e+00 3.174534e+00
-1.830322e+00 4.791463e+00
-1.095433e+00 5.566360e+00
-1.502191e+00 6.704989e+00
4.100067e-01 7.517829e+00
-5.135084e-01 8.842960e+00
1.155539e+00 1.070636e+01
-7.644126e-01 1.093010e+01
-7.920353e-01 -9.905164e+00
6.032924e-01 -8.057614e+00
-9.307121e-01 -6.586074e+00
6.115292e-01 -5.716941e+00
1.287952e+00 -4.697815e+00
1.697809e-03 -4.659596e+00
9.613975e-01 -1.558815e+00
9.863151e-01 1.250000e-01
3.019267e-01 9.637292e-01
1.307805e+00 1.322222e+00
1.223178e+00 2.370925e+00
2.587693e-01 3.642205e+00
-2.430478e-01 5.038783e+00
4.445084e-01 5.860139e+00
-3.994434e-01 6.539374e+00
1.450662e+00 7.760165e+00
1.739940e+00 8.855484e+00
5.389031e-01 8.797895e+00
2.192462e+00 9.960172e+00
1.165640e+00 -1.059425e+01
2.320942e-01 -1.093654e+01
6.068132e-01 -9.657313e+00
1.541128e+00 -8.665463e+00
1.534109e+00 -7.569025e+00
1.389125e+00 -6.482870e+00
1.408799e+00 -3.639713e+00
1.102144e+00 -2.560874e+00
1.581499e+00 -6.830706e-01
2.248765e+00 3.652558e-01
2.157086e+00 1.831307e+00
2.234516e+00 3.010068e+00
1.407401e+00 3.754093e+00
2.089314e+00 4.575099e+00
7.350414e-01 4.817751e+00
1.136466e+00 6.754297e+00
2.483712e+00 6.719367e+00
2.689452e+00 8.200123e+00
1.110853e+00 9.717136e+00
4.309594e+00 9.709532e+00
3.415789e+00 1.044719e+01
4.708439e+00 1.111117e+01
2.479415e+00 1.098287e+01
1.710121e+00 -9.689594e+00
3.155698e+00 -7.232775e+00
2.362891e+00 -5.171781e+00
2.189870e+00 -2.629266e+00
2.000553e+00 -1.613974e+00
2.572301e+00 -7.503084e-01
3.678787e+00 -7.789359e-01
3.064077e+00 1.300320e+00
3.485762e+00 2.234785e+00
2.882766e+00 3.921633e+00
3.983225e+00 4.297259e+00
1.573423e+00 5.721868e+00
3.433077e+00 5.938836e+00
3.446394e+00 7.359019e+00
3.756748e+00 8.425465e+00
2.905963e+00 9.219117e+00
5.494848e+00 1.016527e+01
4.975056e+00 -1.016471e+01
3.847416e+00 -1.066145e+01
2.584530e+00 -1.025803e+01
2.747509e+00 -9.236933e+00
2.449580e+00 -8.091560e+00
2.380067e+00 -6.265421e+00
4.168339e+00 -3.437959e+00
2.640706e+00 -3.759216e+00
3.124807e+00 -1.710617e+00
4.445977e+00 2.243455e-01
3.265439e+00 2.379942e-01
4.618418e+00 2.404425e+00
3.752606e+00 3.282722e+00
4.840321e+00 3.424924e+00
2.964855e+00 4.965795e+00
4.427188e+00 5.311882e+00
4.231162e+00 6.644694e+00
4.679326e+00 7.640199e+00
5.132254e+00 8.852309e+00
6.003356e+00 -1.061080e+01
4.950823e+00 -8.964285e+00
4.001321e+00 -9.613718e+00
3.581519e+00 -8.366969e+00
3.429662e+00 -5.773373e+00
4.142968e+00 -7.094377e+00
3.308406e+00 -4.641500e+00
4.305869e+00 -4.808425e+00
5.161501e+00 -2.784891e+00
3.340663e+00 -2.736566e+00
4.275661e+00 -1.900668e+00
4.127373e+00 1.335914e+00
5.604718e+00 2.707412e+00
6.884956e+00 2.652648e+00
6.404699e+00 3.747805e+00
5.296204e+00 4.476341e+00
5.616082e+00 5.561968e+00
5.421839e+00 6.694480e+00
5.715112e+00 7.905344e+00
6.355636e+00 9.322435e+00
7.110563e+00 -1.013829e+01
6.352610e+00 -9.462049e+00
4.689380e+00 -7.983167e+00
5.279512e+00 -7.008003e+00
5.442226e+00 -5.994969e+00
5.765055e+00 -4.647889e+00
6.810730e+00 -4.885224e+00
5.109108e+00 -3.787958e+00
5.452314e+00 -1.814135e+00
4.833023e+00 -7.373780e-01
7.052596e+00 -9.093900e-01
6.013710e+00 -5.454419e-01
5.605774e+00 4.409335e-01
5.355766e+00 1.555052e+00
7.819031e+00 3.334304e+00
6.365741e+00 4.757916e+00
6.507906e+00 6.471924e+00
6.897361e+00 7.424211e+00
6.997140e+00 8.471993e+00
6.625317e+00 1.071837e+01
7.678104e+00 1.114881e+01
7.636848e+00 -9.278925e+00
5.881236e+00 -8.105621e+00
6.374019e+00 -7.083665e+00
7.506867e+00 -7.038744e+00
6.539024e+00 -6.013120e+00
7.736113e+00 -5.682726e+00
6.511803e+00 -3.915417e+00
6.257656e+00 -2.866754e+00
6.630780e+00 -1.802088e+00
8.060165e+00 -1.407479e+00
6.890947e+00 1.356916e-01
7.722898e+00 7.119477e-01
6.597951e+00 1.368238e+00
7.892648e+00 2.360031e+00
7.463927e+00 4.282385e+00
7.175351e+00 5.572472e+00
7.629452e+00 6.598196e+00
7.901250e+00 7.767724e+00
8.163872e+00 8.882913e+00
7.286450e+00 9.786106e+00
8.688136e+00 -9.149309e+00
7.028657e+00 -8.013925e+00
8.327669e+00 -7.873588e+00
9.916387e+00 -6.161731e+00
8.408601e+00 -6.428747e+00
8.976386e+00 -5.563231e+00
7.863624e+00 -4.527412e+00
7.491604e+00 -3.452773e+00
7.642687e+00 -2.382281e+00
9.068651e+00 -1.880437e+00
8.087535e+00 -2.653811e-01
9.146236e+00 2.081447e-01
8.992670e+00 1.723925e+00
8.906362e+00 3.176624e+00
8.579801e+00 4.208518e+00
8.484208e+00 5.257601e+00
8.794946e+00 6.572666e+00
8.956236e+00 8.010399e+00
8.400343e+00 1.006187e+01
9.396290e+00 1.034339e+01
8.655160e+00 -1.109492e+01
8.220155e+00 -1.012053e+01
9.635815e+00 -8.804457e+00
9.522300e+00 -7.244518e+00
1.091570e+01 -6.825502e+00
1.111016e+01 -5.525533e+00
9.150139e+00 -4.452917e+00
8.511551e+00 -3.358794e+00
9.462165e+00 -2.853856e+00
1.012350e+01 -1.910405e-01
9.004921e+00 -8.332336e-01
9.886032e+00 1.074095e+00
9.715329e+00 2.550424e+00
9.841381e+00 3.676196e+00
9.568267e+00 4.662228e+00
9.882083e+00 5.789656e+00
1.083155e+01 6.080739e+00
9.660375e+00 7.216899e+00
1.048378e+01 1.052726e+01
