-8.729549e+00 -9.675127e+00
-1.051816e+01 8.630163e+00
-9.931188e+00 -8.193511e+00
-8.749894e+00 -6.489582e+00
-1.089802e+01 -4.963944e+00
-9.953490e+00 -4.409423e+00
8.226658e+00 -3.944217e+00
9.399004e+00 -3.101152e+00
7.667807e+00 -1.024267e+00
8.701468e+00 -1.594390e+00
9.411757e+00 4.522528e+00
1.053953e+01 4.288577e+00
8.758058e+00 2.851053e+00
6.738541e+00 6.742919e+00
1.007965e+01 9.486262e+00
9.850091e+00 5.943938e+00
-8.548402e+00 1.802386e+00
-9.744790e+00 7.826167e+00
1.074130e+01 -1.043683e+01
-9.758795e+00 1.093811e+01
-8.922949e+00 -8.532822e+00
-7.941274e+00 -1.076881e+01
-9.366439e+00 9.847058e+00
-1.076823e+01 -6.245194e+00
-9.474516e+00 -7.183464e+00
1.083504e+01 -2.155993e+00
9.251215e+00 -4.411549e+00
-1.091795e+01 -2.974005e+00
7.310029e+00 -3.244695e+00
1.007939e+01 2.367480e+00
9.673166e+00 -1.964500e+00
9.361695e+00 -7.737111e-01
1.036843e+01 -1.225324e-02
1.031890e+01 1.100547e+00
1.082061e+01 3.063711e+00
8.495783e+00 5.896481e+00
1.117695e+01 9.430035e+00
-7.158310e+00 6.734197e+00
-1.043861e+01 1.021783e+01
1.077045e+01 8.353532e+00
-8.680451e+00 1.066103e+01
-7.070767e+00 -5.341133e+00
-1.070217e+01 -7.376777e+00
-9.075322e+00 -1.067366e+01
-8.189897e+00 -5.595344e+00
-1.061698e+01 -1.530744e+00
-9.852295e+00 -3.342359e+00
-9.733188e+00 -2.314505e+00
5.486641e+00 -1.818560e+00
-9.524640e+00 -1.188739e+00
8.436255e+00 -2.668232e+00
-1.094785e+01 -3.317347e-01
1.061857e+01 -1.207486e+00
1.101939e+01 5.240460e+00
-9.871907e+00 8.309955e-01
-6.497703e+00 4.889631e+00
-9.603551e+00 4.616784e+00
-9.088610e+00 3.777070e+00
-8.269400e+00 6.517261e+00
-8.709630e+00 7.481594e+00
-7.821978e+00 -8.381220e+00
-5.683752e+00 1.057096e+01
-7.609411e+00 -6.437814e+00
-8.511781e+00 -7.554364e+00
-1.089637e+01 -3.939880e+00
-9.693926e+00 -6.030157e+00
-6.145294e+00 -3.209023e+00
-8.670381e+00 -3.302400e+00
7.333978e+00 -4.512443e+00
-7.605489e+00 -2.458787e+00
-8.616163e+00 -2.072796e+00
-1.094746e+01 8.029240e-01
-1.116149e+01 2.114971e+00
9.919262e+00 3.434427e+00
1.021883e+01 7.221549e+00
-9.309375e+00 2.730844e+00
-9.699738e+00 1.835075e+00
-6.039476e+00 7.135501e+00
-7.616143e+00 7.679409e+00
-1.090028e+01 7.498855e+00
-5.484350e+00 8.230924e+00
-7.408755e+00 1.023969e+01
-6.883095e+00 1.116015e+01
-7.658358e+00 -9.563718e+00
-6.663071e+00 -4.326009e+00
-6.532191e+00 -6.397171e+00
-6.033796e+00 -5.309381e+00
-8.141018e+00 -4.320480e+00
-9.113232e+00 -5.044959e+00
-1.377190e+00 -3.714147e+00
-6.465890e+00 -2.076917e+00
-8.454065e+00 -9.372509e-01
-5.408601e+00 -1.911087e+00
-8.956047e+00 -1.314071e-02
-7.201729e+00 8.756987e-01
-8.071139e+00 2.986983e+00
-6.110412e+00 3.843043e+00
-8.202948e+00 8.507781e+00
-5.412354e+00 6.174706e+00
-6.545903e+00 8.090725e+00
-5.201697e+00 9.308107e+00
-6.240581e+00 9.416141e+00
-5.864559e+00 -1.075217e+01
-6.615076e+00 -9.997000e+00
-4.477936e+00 -7.662255e+00
-4.550909e+00 -4.524733e+00
7.775774e-01 -3.433776e+00
-7.423404e+00 -3.417031e+00
-5.567839e+00 -4.263576e+00
-4.353773e+00 -3.447552e+00
-4.472716e+00 -1.357900e+00
-6.007443e+00 -1.072930e+00
-6.557299e+00 -2.239122e-01
-7.648365e+00 -2.141222e-01
-5.927487e+00 2.774484e+00
-8.200113e+00 7.115883e-01
-7.670875e+00 5.475339e+00
-7.304230e+00 9.186871e+00
-4.929469e+00 4.033935e+00
-6.399251e+00 5.941437e+00
-7.962882e+00 4.083056e+00
-3.824492e+00 3.490946e+00
-4.690929e+00 1.028140e+01
-5.868957e+00 -7.459953e+00
-4.842425e+00 -5.451719e+00
-4.308622e+00 -6.381613e+00
-3.376903e+00 -4.134436e+00
-5.380785e+00 -6.493490e+00
-5.167172e+00 -2.911306e+00
-1.691800e+00 -1.772515e+00
-4.027912e+00 -2.402503e+00
-7.432678e+00 -1.338847e+00
-7.274266e+00 1.914454e+00
-6.233735e+00 1.743460e+00
-4.829860e+00 1.722601e+00
-7.110881e+00 3.460586e+00
-9.152468e+00 5.739897e+00
-4.608856e+00 2.865563e+00
-2.233093e+00 5.435155e+00
-5.421846e+00 5.117247e+00
-3.332824e+00 8.457785e+00
-2.379249e+00 6.651370e+00
-5.342687e+00 -9.795268e+00
-7.139632e+00 -7.526299e+00
-1.950801e+00 -6.709666e+00
-5.661920e+00 -8.708684e+00
-2.438840e+00 -5.302730e+00
-3.039359e+00 -3.139282e+00
-2.340322e+00 -3.967797e+00
-2.844014e+00 -2.088420e+00
7.444218e-01 8.866856e-02
-2.285113e+00 -8.544920e-01
-5.740476e+00 8.153055e-01
-2.979171e+00 9.247949e-01
-3.413503e+00 4.791626e+00
-3.994597e+00 1.161794e+00
-1.760988e+00 1.523139e-01
-1.327864e+00 6.376924e+00
-4.330678e+00 8.138956e+00
-4.342498e+00 5.118515e+00
-4.345167e+00 6.509937e+00
-4.115412e+00 9.261085e+00
-2.669766e+00 9.372258e+00
-4.292509e+00 -8.780870e+00
-3.310991e+00 -8.357858e+00
-2.892861e+00 -6.287681e+00
1.386110e+00 -2.302968e+00
-3.699088e+00 -5.342069e+00
-5.117551e-01 -1.694963e+00
-3.275439e-01 -3.994473e+00
-9.357712e-01 -2.658832e+00
-1.271174e+00 -7.323270e-01
-4.023184e+00 -4.157785e-01
-3.007481e+00 -1.596074e-01
-1.868462e+00 1.214618e+00
-2.794915e+00 3.928114e+00
-2.728520e+00 2.081115e+00
-2.494272e+00 1.055141e+01
-3.655753e+00 7.319161e+00
-3.838358e+00 2.234198e+00
-3.682047e+00 1.056659e+01
-5.022927e+00 7.373360e+00
-3.411975e+00 -1.080914e+01
-3.337112e+00 -9.403639e+00
-6.812856e+00 -8.619891e+00
-1.513400e+00 -7.918476e+00
-1.536135e+00 -4.781095e+00
-3.597469e+00 -7.207171e+00
1.486633e-01 -2.533793e+00
-2.555667e+00 -7.590805e+00
-1.985713e+00 -2.788413e+00
5.940882e-01 1.189894e+00
-8.403744e-01 1.169085e+00
-5.195227e+00 -2.876296e-01
1.906464e+00 5.631745e+00
-1.161627e+00 4.130389e+00
-3.299016e+00 6.127638e+00
-1.577948e+00 8.854358e+00
-2.611178e+00 7.652794e+00
-4.563770e+00 -1.094766e+01
1.277353e+00 -1.006465e+01
4.244378e-01 9.084311e+00
-2.612046e+00 -1.015368e+01
-2.292114e+00 -8.708689e+00
2.386790e+00 -1.038355e+01
-3.183628e-01 -7.624612e+00
1.951560e+00 -9.222952e+00
1.365161e-01 -5.824340e+00
4.812273e-01 -6.951235e+00
6.258375e-01 -1.409098e+00
2.465518e+00 2.289869e+00
-1.304325e+00 2.159211e+00
1.286668e-01 3.137654e+00
-3.470380e+00 -1.244062e+00
-9.333613e-01 3.117256e+00
-1.032657e+00 5.309082e+00
-9.434057e-02 6.296262e+00
-5.431445e-01 8.538260e+00
2.121186e+00 7.867821e+00
8.872493e-01 6.150145e+00
-5.570947e-01 9.669817e+00
-4.232511e+00 -1.001441e+01
7.323127e-01 -9.109554e+00
-6.283039e-01 -8.604328e+00
-4.534906e-01 -4.995711e+00
-1.266545e+00 -5.728447e+00
1.251173e+00 -5.476257e+00
1.599390e+00 1.262021e+00
5.250287e-01 -4.561215e+00
3.753953e+00 1.258968e+00
-2.088797e+00 3.036242e+00
7.504268e-01 2.208196e+00
-1.711764e-01 2.077299e+00
-5.965744e-02 4.117915e+00
-1.523344e+00 7.517729e+00
2.067339e+00 4.389069e+00
1.210129e-01 5.252487e+00
1.205232e+00 8.379819e+00
8.865765e-01 7.294059e+00
2.823207e+00 6.006062e+00
1.960678e+00 6.816191e+00
-1.552933e-01 7.529492e+00
2.722686e-01 -1.067804e+01
-1.619352e+00 9.956271e+00
-1.509873e+00 -9.661458e+00
6.203084e-01 -8.052355e+00
-5.510036e-01 -6.547478e+00
1.627890e+00 -4.216795e+00
-6.635705e-02 -5.983369e-01
-5.614271e-01 2.399699e-01
3.609538e+00 2.312458e+00
6.043757e+00 1.428995e+00
1.257943e+00 3.077756e+00
4.755169e+00 1.828438e+00
3.404003e+00 5.124591e+00
4.717725e+00 5.735653e+00
5.047051e+00 7.899702e+00
4.710738e+00 8.850866e+00
4.689050e+00 1.027659e+01
3.788720e+00 9.372824e+00
2.442428e+00 8.911110e+00
2.666054e+00 -8.146143e+00
2.738017e+00 9.957978e+00
-1.413599e+00 -1.104550e+01
-4.287168e-01 1.081001e+01
5.638906e+00 -2.811865e+00
1.385622e+00 -6.446052e+00
2.595305e+00 -3.970447e+00
2.660419e+00 1.229839e+00
1.600998e+00 -6.309242e-01
2.198176e+00 1.553580e-01
5.644263e+00 2.365074e+00
7.035137e+00 2.282379e+00
3.174159e+00 3.990651e+00
5.789564e+00 8.788648e+00
9.752952e-01 4.448765e+00
3.815415e+00 6.221310e+00
3.887462e+00 -8.124518e+00
3.264580e+00 8.307224e+00
3.745946e+00 1.076375e+01
2.736923e+00 1.105632e+01
8.755765e+00 -8.708225e+00
2.381310e+00 -7.060418e+00
-4.821877e-01 -9.762920e+00
4.967822e-01 1.033691e+01
1.643670e+00 -7.934713e+00
3.161906e+00 -9.062691e+00
2.280638e+00 -4.984383e+00
3.634966e+00 -4.310811e+00
1.807750e+00 -3.204782e+00
3.354499e+00 2.794319e-01
5.206674e+00 8.649311e-01
5.410091e+00 4.890742e+00
5.670597e+00 6.281070e+00
4.699038e+00 6.908217e+00
4.282541e+00 4.636010e+00
4.194585e+00 -9.393477e+00
3.665446e+00 7.287949e+00
7.753992e+00 9.731516e+00
5.179940e+00 -9.789610e+00
5.055042e+00 -1.088730e+01
5.717972e+00 -7.762038e+00
1.281139e+00 -1.116780e+01
2.473020e+00 -6.039163e+00
3.678061e+00 -7.093400e+00
6.547223e+00 -6.906863e+00
4.275382e+00 -6.176436e+00
5.248457e+00 -5.618074e+00
3.297285e+00 -5.294400e+00
2.401163e+00 -1.562377e+00
4.560457e+00 6.584965e-02
6.992867e+00 1.012627e+00
7.376723e+00 4.142215e+00
6.896254e+00 1.031593e+01
7.221273e+00 7.927884e+00
6.754615e+00 9.156220e+00
8.084406e+00 8.645037e+00
5.573242e+00 9.808719e+00
9.031659e+00 9.219825e+00
1.704869e+00 9.853361e+00
3.524214e+00 -1.029636e+01
4.706306e+00 -7.511027e+00
7.036334e+00 -9.708379e+00
6.094199e+00 -1.019351e+01
9.619137e+00 -7.752058e+00
8.538944e+00 -6.381993e+00
7.311469e+00 -6.224932e+00
8.224247e+00 -5.225047e+00
4.591940e+00 -3.579429e+00
3.067241e+00 -7.304483e-01
6.363405e+00 3.253620e+00
4.562262e+00 3.267706e+00
6.434090e+00 -1.304225e+00
2.274738e+00 3.305939e+00
6.320849e+00 4.242779e+00
8.886612e+00 1.026241e+01
8.827508e+00 6.863632e+00
1.095976e+01 1.071922e+01
7.377278e+00 -1.100833e+01
6.804581e+00 -8.137686e+00
7.654504e+00 -8.728668e+00
-1.098752e+01 -9.187024e+00
5.510394e+00 -6.706989e+00
7.496537e+00 -7.342867e+00
9.543385e+00 -6.771002e+00
6.598584e+00 -2.409032e+00
8.545696e+00 -7.557393e+00
5.714709e+00 -4.571932e+00
2.640022e+00 -2.539999e+00
4.381837e+00 -5.003224e+00
7.137504e+00 -1.040282e-01
5.373791e+00 -5.191665e-01
9.161274e+00 1.832648e+00
5.400863e+00 3.827028e+00
6.402239e+00 5.390551e+00
8.867199e+00 7.886869e+00
6.113945e+00 1.107338e+01
9.931066e+00 1.066599e+01
9.422486e+00 -1.063900e+01
8.140703e+00 -9.715142e+00
5.002060e+00 -8.679151e+00
1.032649e+01 -5.668952e+00
1.062366e+01 -6.997194e+00
-9.849281e+00 -9.358323e+00
9.291381e+00 -5.634606e+00
4.366305e+00 -2.574602e+00
6.679899e+00 -5.394051e+00
3.439502e+00 -3.244371e+00
3.541615e+00 -2.007495e+00
7.582170e+00 -2.102088e+00
6.160521e+00 3.424298e-01
8.127021e+00 1.864168e+00
7.615153e+00 3.130770e+00
8.381697e+00 3.862645e+00
7.763604e+00 7.002975e+00
6.131294e+00 7.686628e+00
-1.066035e+01 4.212444e+00
9.756548e+00 8.402751e+00
9.222065e+00 -9.618056e+00
6.024669e+00 -8.936280e+00
-9.446070e+00 8.872459e+00
8.370178e+00 -1.077772e+01
1.019831e+01 -8.857355e+00
-8.280857e+00 9.591509e+00
1.092525e+01 -8.145366e+00
1.044925e+01 -4.621113e+00
1.052456e+01 -3.387773e+00
6.321810e+00 -3.747656e+00
4.348690e+00 -1.255680e+00
9.379534e+00 4.544487e-01
8.213228e+00 7.944497e-01
8.481741e+00 -1.774145e-01
1.087616e+01 6.287968e+00
8.072787e+00 4.875342e+00
7.419356e+00 6.013960e+00
-8.574129e+00 4.902478e+00
-1.032603e+01 3.097906e+00
-1.041770e+01 6.158541e+00
-1.051733e+01 -1.042763e+01
-9.475047e+00 6.842720e+00
