-9.537283e+00 1.111487e+01
-7.172869e+00 5.999054e+00
-6.853934e+00 8.300029e+00
-4.947623e+00 -8.802027e+00
1.017688e+01 1.824556e+00
-1.041199e+01 -4.410798e+00
6.378251e+00 1.538375e+00
-8.845935e+00 3.764289e+00
5.748315e+00 -5.512620e+00
7.189044e+00 6.056082e-01
8.281029e-01 7.221125e+00
7.322037e+00 1.903910e+00
7.754281e+00 -6.111691e-01
6.474374e+00 2.571296e+00
-5.904330e+00 1.419998e+00
4.231654e+00 5.745945e+00
-9.032372e+00 5.574705e-01
-9.673947e+00 1.004894e+01
-7.562653e+00 -9.621337e+00
-4.454998e+00 1.081603e+01
-1.020550e+01 -7.733792e+00
-7.010329e+00 -7.101025e+00
9.995713e+00 -4.871480e+00
-1.095123e+01 1.653572e-01
4.508912e+00 6.856459e-01
1.107708e+01 2.583452e+00
-8.020096e+00 -2.772726e+00
9.336065e+00 -5.679937e+00
5.846843e+00 -1.119188e+00
-1.032918e+01 2.162911e+00
-5.327545e+00 4.793516e+00
5.143246e+00 -2.849015e+00
-9.240432e+00 1.740368e+00
1.004308e+01 4.297242e+00
-5.948625e-01 4.091695e+00
1.020047e+01 7.925646e+00
-9.310756e+00 -6.988659e+00
-2.086733e+00 -9.443772e+00
-6.607245e+00 -9.245085e+00
-7.586231e+00 7.131308e+00
-2.860584e+00 -7.014067e+00
-8.812623e+00 -4.618887e+00
-6.407292e+00 -1.031962e+01
-6.465385e+00 7.096776e+00
-1.096155e+01 -6.993293e+00
8.840270e+00 3.533881e+00
1.100958e+01 1.270082e+00
-1.085009e+01 -9.081136e-01
8.331869e+00 -2.494073e+00
-8.466439e+00 2.559477e+00
4.495703e+00 2.732250e+00
-6.695090e+00 -1.655520e+00
5.941000e+00 3.492676e+00
1.099189e+01 6.269866e+00
3.855722e+00 3.615399e+00
-5.811837e+00 2.827289e-01
-8.161131e+00 8.023712e+00
-3.291008e+00 2.371834e+00
-6.362253e+00 2.422287e+00
-6.400856e+00 4.967160e+00
1.058293e+01 -9.422659e+00
7.689569e+00 -1.095972e+01
-1.040707e+01 -6.096483e+00
-3.743974e+00 -1.071558e+01
-8.143051e+00 1.915293e-02
1.031615e+01 -3.311225e-01
-1.006438e+01 -2.218239e+00
-8.774361e+00 -2.130939e+00
1.085861e+01 -4.153061e+00
6.812003e+00 -7.842512e-01
-5.382011e+00 2.642086e+00
5.442160e+00 2.229184e+00
-8.582345e-01 -3.476251e+00
1.092509e+00 6.163475e+00
-8.057886e+00 9.441919e+00
2.855644e+00 4.776893e+00
-7.757047e+00 -1.683243e+00
-5.939346e+00 6.092894e+00
-6.555936e+00 1.082851e+01
-5.770439e+00 9.260358e+00
2.068555e+00 -1.046990e+01
-3.268202e+00 -9.643396e+00
-2.817809e+00 9.259534e+00
-8.268054e+00 -8.916814e+00
-9.189322e+00 -8.115470e+00
8.717979e+00 -3.450421e+00
-5.892290e+00 -7.696640e+00
-3.716763e+00 6.553070e-01
1.102046e+01 -5.236846e+00
6.274989e+00 -8.335050e+00
-8.454510e+00 -5.848583e+00
-1.921263e+00 -1.858616e+00
-4.819965e+00 8.596658e-01
-1.689282e+00 3.934758e+00
7.856745e+00 4.023848e+00
1.777293e+00 -2.045070e+00
1.058280e+01 5.154112e+00
-9.547404e+00 -5.373245e+00
-2.632740e+00 4.894041e+00
-1.036097e+01 -3.369344e+00
-9.438389e+00 2.781866e+00
3.064089e+00 -9.640151e+00
-4.461150e+00 -9.871155e+00
-4.682807e+00 -7.820151e+00
6.300525e-01 -6.494474e+00
1.028154e+01 -6.139505e+00
-3.317732e+00 -6.055798e+00
4.234110e+00 1.712380e+00
-5.603934e+00 -9.661903e+00
-4.844179e+00 -3.485949e+00
-9.846162e+00 -1.815039e-01
-3.026389e+00 -1.662262e+00
-8.117340e-01 8.162238e-01
-1.851066e+00 1.144911e+00
6.988185e+00 3.470774e+00
1.088955e+01 3.599478e+00
-4.242386e+00 2.824993e+00
-6.984589e+00 9.391399e+00
1.006238e+01 6.839327e+00
-8.879453e+00 7.267933e+00
-2.565040e+00 3.259601e+00
-3.485987e+00 3.986680e+00
4.442226e-01 -7.706183e+00
-3.906887e+00 -8.765754e+00
2.538016e+00 -5.821049e+00
-2.743629e+00 -8.501545e+00
-4.362034e+00 -5.746713e+00
-6.257890e-01 -5.930742e+00
-7.302794e+00 -6.875106e-01
-8.119120e+00 1.591532e+00
2.435679e+00 -6.848442e+00
-1.872779e+00 -3.066989e+00
-7.888703e+00 3.401677e+00
9.999496e+00 3.119980e+00
-1.013148e+00 1.105773e+01
6.622088e+00 9.457035e+00
-1.178052e+00 3.038575e+00
6.360103e+00 5.952159e+00
-1.332049e+00 7.020095e+00
-2.103772e+00 8.218690e+00
-7.577285e+00 4.585157e+00
1.501476e-01 9.891559e+00
-2.653858e+00 -1.061713e+01
-8.325267e+00 -1.108341e+01
-5.398559e+00 -1.080097e+01
-3.626917e+00 9.841661e+00
-6.612372e+00 -5.179997e+00
-3.794993e+00 -3.658165e+00
-4.073538e+00 -6.752670e+00
-8.210695e+00 -3.808609e+00
-3.546560e-01 -1.262798e+00
-4.091698e+00 -1.362209e+00
-9.830809e+00 4.554209e+00
-2.722134e+00 -5.144336e+00
-2.959175e+00 1.410454e+00
1.937897e+00 4.159955e+00
-3.606602e+00 -7.701818e+00
-5.300392e+00 6.979622e+00
-4.166479e-01 5.042506e+00
-6.206038e+00 -3.415477e+00
-4.767611e+00 5.690956e+00
-4.492137e+00 4.032619e+00
2.350379e+00 -7.873397e+00
-6.975220e+00 -2.770840e+00
-8.810474e+00 -1.132562e+00
-5.035426e+00 -1.634480e+00
-2.159103e+00 6.110075e+00
-5.264421e+00 -6.685072e+00
-7.711503e+00 -4.945070e+00
-4.086649e+00 7.635539e+00
-1.541035e+00 -1.035627e+01
1.776463e+00 -5.114770e+00
1.564278e+00 -6.196216e+00
-1.627704e+00 -4.107089e-02
-1.022123e+01 7.051530e+00
-4.640324e+00 -2.722557e-01
-1.529021e-01 7.726629e+00
-5.974826e-01 -7.167071e+00
7.288985e+00 1.022328e+01
-5.690332e+00 -2.478802e+00
-1.774906e+00 -7.053369e+00
-3.768588e+00 4.985393e+00
1.619744e-01 -3.901867e+00
-5.466670e+00 1.026934e+01
-7.253369e+00 -1.082474e+01
2.101831e+00 -8.971003e+00
-3.202958e-01 -8.346882e+00
-2.277091e+00 -6.124560e+00
-1.755989e+00 -8.360144e+00
-7.435874e+00 2.451587e+00
-1.027878e+01 9.592327e-01
-4.373887e+00 -2.473394e+00
-6.957975e+00 1.360839e+00
-6.780292e+00 2.072514e-01
3.019221e+00 1.720848e+00
9.711344e+00 5.841062e+00
-8.172663e-02 -2.020431e-01
2.173885e+00 9.756084e+00
1.934276e+00 6.757862e+00
-1.101335e+01 -8.523338e+00
3.668258e+00 -6.517777e+00
4.495913e+00 -1.045461e+01
8.033393e+00 5.170180e+00
-7.396177e+00 -5.979173e+00
-3.931173e+00 8.719016e+00
6.708669e+00 7.301123e+00
1.684358e-01 -9.543756e+00
-4.046445e-01 -4.876149e+00
4.792501e+00 -8.232472e+00
-3.145455e+00 -2.634576e+00
2.356396e+00 2.525945e+00
-1.458752e+00 -5.338474e+00
1.188968e+00 9.315799e+00
-4.230287e+00 1.742569e+00
2.895879e-01 8.786913e+00
4.175950e-01 1.984207e+00
4.680776e+00 9.590968e+00
-1.501766e+00 5.023097e+00
2.564243e+00 7.810872e+00
-2.424727e+00 -7.631346e-01
3.290794e+00 -1.068810e+01
-1.071953e+01 1.022310e+01
7.478891e+00 -1.000629e+01
-2.110300e+00 1.086995e+01
5.791485e+00 -4.051066e+00
-1.555209e+00 -4.306992e+00
5.599513e+00 -6.769810e+00
-7.185794e+00 -3.986141e+00
5.521805e+00 9.632670e-01
3.670903e+00 7.736886e+00
-3.438352e+00 -5.194497e-01
-2.619174e+00 4.416715e-01
-1.125761e+00 8.054683e+00
-3.151660e+00 5.932565e+00
2.763916e-01 8.453204e-01
4.935934e+00 3.765480e+00
6.135576e+00 4.523836e+00
4.128696e+00 -9.434795e+00
6.484263e+00 -9.458641e+00
1.219437e+00 -9.576439e+00
-1.813550e+00 9.783337e+00
3.473146e+00 9.941204e+00
-4.088178e+00 6.635648e+00
6.570609e+00 -1.056452e+01
-4.915954e-01 -1.041882e+01
-5.927618e+00 -9.652062e-01
8.871856e+00 9.674978e+00
5.235522e+00 -9.146061e+00
1.000474e+01 7.846758e-01
-9.817164e+00 -1.245869e+00
3.945369e+00 -4.354367e+00
1.066890e+00 -3.114223e+00
5.355387e+00 1.078489e+01
2.826984e+00 3.650557e+00
1.503279e+00 8.139557e+00
-1.359825e+00 -1.078088e+00
4.717776e+00 -5.995808e+00
9.553053e+00 -9.819799e+00
9.173742e+00 7.353002e+00
7.493284e+00 -8.723958e+00
6.924123e+00 5.158247e+00
4.520248e+00 -7.132178e+00
-4.704578e+00 -4.569341e+00
-3.126084e+00 1.073036e+01
8.643820e+00 6.300797e+00
6.600003e+00 -7.258746e+00
6.590372e+00 -1.979989e+00
8.222415e+00 -5.758096e+00
2.719837e+00 -1.498639e+00
1.231038e+00 -8.360664e+00
-2.576138e+00 -4.003936e+00
1.524574e+00 3.066815e+00
8.854701e+00 -5.931278e-01
4.084096e+00 4.795550e+00
6.398908e+00 1.076517e+01
3.077334e+00 5.726108e+00
5.167789e+00 6.267536e+00
4.230660e+00 1.084264e+01
8.768059e+00 8.492715e+00
6.150439e+00 8.131341e+00
7.880126e+00 9.362287e+00
2.233726e+00 4.843777e-01
5.553268e+00 -1.037392e+01
1.002912e+00 -1.073335e+01
-1.054226e+01 5.466944e+00
-9.950580e-01 -9.174912e+00
3.205939e+00 -8.591876e+00
3.499482e+00 -7.559272e+00
7.449935e+00 -2.921147e+00
3.546403e+00 -5.337744e+00
-9.559761e-01 -2.308823e+00
3.313631e+00 -3.586267e+00
2.581813e+00 1.085430e+01
1.798824e+00 5.307633e+00
1.262093e+00 1.051076e+01
-2.014279e+00 2.319338e+00
1.067673e+01 -1.043756e+01
3.761437e+00 -9.737260e-01
-7.734937e-01 6.106855e+00
-1.091686e+01 4.499746e+00
9.738157e+00 -1.096886e+01
-1.079171e+01 -9.689553e+00
4.873885e+00 -4.870167e+00
5.055035e+00 -3.196085e-01
2.869598e+00 -2.629832e+00
1.904623e+00 -8.162244e-01
8.634011e+00 -1.039015e+01
8.946331e+00 -4.643674e+00
-8.805592e-01 1.832894e+00
-5.431867e+00 -5.626169e+00
-5.889414e+00 -4.399880e+00
2.586140e+00 -4.355486e+00
-8.364517e+00 6.276586e+00
-9.665701e+00 8.027598e+00
2.992965e+00 6.727256e+00
1.112789e+01 7.295724e+00
-7.603656e+00 1.036490e+01
-1.017158e+01 9.129733e+00
7.933735e+00 7.682140e+00
5.684090e+00 9.278292e+00
8.445006e+00 1.068605e+01
1.073493e+01 9.387627e+00
-8.546838e+00 -9.874400e+00
1.073538e+01 1.088018e+01
1.027845e+01 -8.366689e+00
9.830759e+00 -3.779791e+00
-5.465958e+00 3.645248e+00
8.655273e+00 -7.026439e+00
6.267743e-01 5.248395e+00
-2.827510e+00 7.134906e+00
4.229053e+00 6.770216e+00
-6.873311e-01 9.292160e+00
-7.034627e-02 2.900583e+00
7.630501e-01 4.071410e+00
3.503938e+00 2.705079e+00
7.942730e+00 -7.735641e+00
1.443709e-01 1.088897e+01
-5.013483e+00 8.558064e+00
9.933449e+00 1.010840e+01
6.471557e-01 -5.111938e+00
-9.582549e+00 -1.012418e+01
-6.319113e+00 -6.396040e+00
6.086916e+00 4.085794e-02
4.760864e+00 8.296798e+00
-9.256225e+00 -3.597201e+00
1.051666e+01 -2.958799e+00
7.927466e+00 -4.429950e+00
4.962508e+00 -1.635908e+00
1.926768e-02 -2.842442e+00
6.911747e+00 -3.959032e+00
8.093097e-01 -1.036312e+00
6.192197e+00 -2.916378e+00
1.394821e+00 -4.147422e+00
-3.128075e+00 8.138613e+00
5.274408e+00 7.330944e+00
7.427636e+00 6.579584e+00
-1.044753e+01 -1.078411e+01
5.268582e+00 5.171332e+00
-5.822392e+00 7.899910e+00
9.744817e+00 8.901372e+00
9.758231e+00 -6.940272e+00
6.700521e+00 -6.210743e+00
9.227733e+00 -8.506063e+00
-6.817341e+00 -8.096251e+00
9.126069e+00 -1.687419e+00
8.081021e+00 2.817386e+00
8.862575e+00 1.392708e+00
-3.684012e+00 -4.721715e+00
1.444685e+00 -7.258113e+00
1.224738e+00 -2.588463e-02
3.442733e+00 6.202383e-01
6.759523e+00 -5.165380e+00
9.170234e+00 4.953206e+00
1.511758e+00 1.795961e+00
9.221748e+00 2.395950e+00
3.800483e+00 8.768729e+00
4.263425e+00 -3.386792e+00
2.860338e+00 -3.507102e-01
-6.697577e+00 3.536761e+00
7.636162e+00 -1.659054e+00
-9.719715e+00 -9.031733e+00
7.109211e+00 8.483576e+00
8.430473e+00 -9.277525e+00
-4.697898e+00 9.541289e+00
7.673611e+00 -6.736945e+00
8.223124e+00 3.908594e-01
-9.390332e+00 5.839087e+00
9.584167e+00 -2.828033e+00
2.080011e+00 -3.368004e+00
-1.113303e+01 -1.965188e+00
3.912741e+00 -2.201169e+00
1.016438e+01 -1.796701e+00
-1.030179e+01 3.590393e+00
2.787747e+00 8.806515e+00
6.769592e-01 -2.028221e+00
-8.633111e+00 1.023779e+01
-8.818959e+00 4.922404e+00
-8.228780e+00 -7.122438e+00
-1.090969e+01 8.281723e+00
-9.091864e+00 8.964229e+00
