-1.066665e+01 -1.112919e+01
-1.038231e+01 6.021918e+00
-7.208631e+00 7.418111e+00
-5.077934e+00 -9.666671e+00
8.593783e+00 -8.139588e-01
-1.026187e+01 -5.073706e+00
7.781201e+00 1.337605e-02
-9.030281e+00 2.663126e+00
6.656593e+00 -7.093058e+00
9.630473e+00 -1.387832e+00
4.182727e+00 6.393562e+00
9.893588e+00 -3.177154e-01
1.084360e+01 -9.771469e-01
9.055325e+00 2.405808e-01
-4.223726e+00 4.762786e+00
4.663210e+00 1.451350e+00
-6.170228e+00 3.599016e+00
-8.182463e+00 8.118805e+00
-1.049793e+01 1.017005e+01
-4.819335e+00 1.042711e+01
-8.329371e+00 -7.933863e+00
-7.373636e+00 -7.485414e+00
-1.067390e+01 -7.771923e+00
-8.818260e+00 -1.839968e+00
6.709046e+00 -3.474434e-01
-9.876966e+00 3.228553e+00
-7.167209e+00 -3.278372e+00
9.856607e+00 -5.001916e+00
6.216222e+00 -2.554409e+00
-1.095932e+01 2.342134e+00
-8.338722e+00 7.008399e+00
5.133157e+00 -2.860854e+00
-7.398217e+00 4.076672e+00
8.293410e+00 1.987324e+00
-2.234252e-01 5.839624e+00
8.214926e+00 7.613971e+00
-9.919494e+00 -8.801467e+00
-3.728662e+00 -9.588808e+00
-8.407810e+00 -1.056018e+01
1.108788e+01 6.752110e+00
-3.764406e+00 -6.370384e+00
-9.381441e+00 -4.413276e+00
-8.715857e+00 1.069309e+01
-6.439162e+00 8.156931e+00
1.063522e+01 -8.192646e+00
1.113379e+01 2.127047e-01
-9.913903e+00 2.164237e+00
-7.537346e+00 9.577737e-01
9.248361e+00 -2.783352e+00
-7.392580e+00 5.341375e+00
4.618030e+00 -8.549435e-01
-6.357234e+00 5.238041e-02
8.274744e+00 1.024769e+00
8.872050e+00 3.997662e+00
3.943630e+00 2.135900e+00
-5.117830e+00 3.121548e+00
1.111930e+01 7.977337e+00
-3.056802e+00 5.408163e+00
-6.410240e+00 4.683982e+00
-6.072093e+00 7.229854e+00
9.580930e+00 -8.362005e+00
5.277080e+00 1.006667e+01
-9.944311e+00 -6.975113e+00
-4.511032e+00 -8.589224e+00
-6.109997e+00 2.423365e+00
-8.200024e+00 -2.729639e+00
-8.295014e+00 -3.864302e+00
-7.586036e+00 -1.817053e+00
6.847352e+00 -5.773353e+00
-1.048195e+01 -7.452691e-01
-5.404851e+00 5.245413e+00
4.614371e+00 1.523170e-01
9.849093e-01 -3.257443e+00
4.940788e+00 5.287212e+00
-1.025577e+01 7.368153e+00
3.866043e+00 5.196181e+00
-5.374195e+00 4.143379e-01
-4.474374e+00 7.441407e+00
-6.991943e+00 9.065893e+00
-7.706071e+00 1.107671e+01
1.456122e+00 -9.186027e+00
-5.616942e+00 -8.512168e+00
-9.165848e-01 9.409130e+00
-1.093170e+01 -8.828254e+00
-9.320451e+00 -7.735985e+00
7.704325e+00 -5.125629e+00
-5.989760e+00 -7.237821e+00
-4.158158e+00 3.692580e+00
-1.045842e+01 -6.114795e+00
4.955178e+00 -8.874911e+00
-8.902752e+00 -6.737965e+00
-3.168034e+00 4.062488e-01
-3.129005e+00 4.349722e+00
-1.275137e+00 5.898233e+00
6.032269e+00 2.633417e+00
2.479432e+00 3.104737e-01
9.248223e+00 1.415259e+00
-8.351746e+00 -5.061502e+00
-2.789407e+00 7.505909e+00
1.095653e+01 -5.503747e+00
-7.912661e+00 2.057219e+00
1.193882e+00 -8.202280e+00
-4.643558e+00 -1.077625e+01
-5.533126e+00 -4.849718e+00
-9.705961e-01 -8.309735e+00
1.108570e+01 -6.807222e+00
-2.232787e+00 -5.909661e+00
6.663866e+00 9.030920e-01
-5.684753e+00 1.112531e+01
-3.522952e+00 -2.067474e+00
-6.329347e+00 1.244071e+00
-4.172662e+00 -3.059520e-01
-1.454825e+00 1.477563e+00
-3.621872e+00 1.408357e+00
5.775125e+00 1.540195e+00
1.032987e+01 2.102698e+00
-6.468965e+00 5.970104e+00
-9.176229e+00 7.658161e+00
8.390915e+00 5.093861e+00
1.074007e+01 4.450083e+00
-3.635875e+00 6.835626e+00
-4.365884e+00 5.867112e+00
-3.231998e+00 -7.755088e+00
-6.594810e+00 -8.168270e+00
1.412613e-01 -4.008778e+00
-1.728139e+00 -1.083703e+01
-3.456363e+00 -5.257483e+00
-1.064387e+00 -6.161001e+00
-4.890243e+00 1.846912e+00
-5.124890e+00 4.134891e+00
1.192560e+00 -6.211676e+00
-1.455181e+00 -8.976528e-01
-8.521385e+00 3.514209e+00
-9.860015e+00 7.646424e-01
1.698434e-01 8.920818e+00
7.479059e+00 1.063948e+01
-1.041297e+00 4.802854e+00
7.728903e+00 6.096140e+00
3.448190e-01 6.689931e+00
3.892660e-01 7.802400e+00
-9.307149e+00 6.540758e+00
1.770497e+00 9.401014e+00
-3.761707e+00 1.060739e+01
-9.576572e+00 -1.082507e+01
-6.676965e+00 1.098786e+01
-6.730277e-01 -1.117572e+01
-6.308481e+00 -3.863831e+00
-2.891224e+00 -3.762196e+00
-4.717620e+00 -5.491272e+00
-5.664022e+00 -2.757731e+00
-5.956485e-01 -2.032131e-01
-1.813578e+00 -3.979679e+00
1.096901e+01 5.480470e+00
-1.752113e+00 -2.937829e+00
-2.028161e+00 5.111463e+00
2.732907e+00 4.476939e+00
-4.908000e+00 -6.506124e+00
-5.267990e+00 8.166904e+00
-2.540351e+00 6.507964e+00
-4.377455e+00 -1.307904e+00
-1.905339e+00 8.405515e+00
-5.265106e+00 6.600856e+00
1.907166e-01 -8.009462e+00
-6.921981e+00 -5.376849e+00
-7.576525e+00 -7.884140e-02
-5.235373e+00 -6.636056e-01
-2.251724e+00 9.420167e+00
-7.926944e+00 -6.142828e+00
-7.205205e+00 -4.335355e+00
-3.382037e+00 9.600404e+00
-7.082718e-01 -9.770308e+00
2.471975e+00 -6.015335e+00
1.971111e+00 -5.096700e+00
-2.687167e+00 2.173591e+00
-1.055884e+01 4.838596e+00
-4.067964e+00 2.599228e+00
3.010967e+00 6.608365e+00
-2.963670e+00 -8.843562e+00
4.901130e+00 9.066930e+00
-6.562251e+00 -2.229244e+00
-2.825617e+00 -6.783700e+00
-2.931965e+00 8.620382e+00
9.587833e-01 -5.082092e+00
-5.768166e+00 1.014031e+01
-6.349080e+00 -1.041960e+01
-1.720401e+00 -9.346779e+00
-3.620590e-01 -7.102960e+00
-4.289290e+00 -7.496524e+00
-2.026285e+00 -8.091970e+00
-8.260785e+00 4.718859e+00
-8.889257e+00 1.580148e+00
-3.749809e+00 -3.215137e+00
-7.135154e+00 3.009715e+00
-6.423065e+00 -9.861249e-01
2.742978e+00 3.217928e+00
9.588632e+00 4.650474e+00
-2.045329e+00 3.055213e+00
2.983872e+00 9.770019e+00
5.488255e+00 6.186101e+00
-1.047115e+01 -9.941982e+00
3.394848e+00 -6.743909e+00
3.539221e+00 -1.038620e+01
7.428077e+00 3.009181e+00
-6.881688e+00 -6.498137e+00
-7.505902e-01 8.180101e+00
8.475646e+00 9.702434e+00
4.285081e-01 -9.128512e+00
1.675535e-01 -5.880870e+00
4.462304e+00 -6.583819e+00
-3.185784e+00 -9.324168e-01
1.027662e+00 2.530804e+00
-7.595067e-01 -3.207870e+00
2.404230e+00 7.558224e+00
-3.249853e+00 3.252628e+00
2.032271e+00 6.365322e+00
-1.109776e+00 2.396734e+00
5.564572e+00 8.181202e+00
-1.708422e+00 7.227784e+00
4.923683e+00 7.107583e+00
-2.496225e+00 1.218501e+00
2.201916e+00 -8.478824e+00
-9.526075e+00 9.750605e+00
6.840581e+00 -8.128959e+00
-2.574717e-01 1.019686e+01
5.166302e+00 -4.245361e+00
-2.803319e-01 -4.937831e+00
5.606639e+00 -6.346729e+00
-5.372265e+00 -1.709284e+00
7.560408e+00 -1.098099e+00
5.948675e+00 4.764787e+00
-4.408965e+00 7.564731e-01
-2.152098e+00 4.066168e+00
9.950012e-01 5.701332e+00
-3.997464e+00 8.434468e+00
-4.755234e-01 9.287588e-01
3.328885e+00 1.084409e+00
1.748760e+00 3.634569e+00
1.705808e+00 -7.093775e+00
4.353743e+00 1.113411e+01
3.071145e-01 -1.016740e+01
1.496206e+00 8.290988e+00
2.460255e+00 -1.052267e+01
-2.507165e+00 1.047637e+01
3.161467e+00 1.085461e+01
6.190489e-01 1.112503e+01
-4.639204e+00 -2.533632e+00
8.040303e+00 -1.052664e+01
6.378036e+00 -9.200507e+00
-8.512635e+00 -8.692060e-01
-8.540941e+00 4.756184e-01
3.011989e+00 -3.497028e+00
-1.436881e+00 -1.980504e+00
3.720807e+00 8.793655e+00
2.031873e+00 2.387071e+00
3.543073e+00 7.563567e+00
-2.283051e+00 -3.019660e-01
3.525798e+00 -5.700405e+00
7.937641e+00 -9.147262e+00
8.456676e+00 3.067047e+00
5.269161e+00 -1.013501e+01
6.623612e+00 3.780414e+00
3.019047e+00 -7.690939e+00
-4.001866e+00 -4.288618e+00
-3.164731e+00 -1.083254e+01
7.670245e+00 3.981537e+00
5.245562e+00 -7.292074e+00
7.489972e+00 -2.135568e+00
5.850461e+00 -5.252722e+00
3.164120e+00 -2.342073e+00
-1.815824e+00 -6.984389e+00
-2.712337e+00 -2.708476e+00
2.485007e-02 4.420398e+00
1.030513e+01 -2.166859e+00
4.546619e+00 4.351056e+00
3.970385e+00 1.007526e+01
5.648035e+00 3.718183e+00
7.276208e+00 7.122701e+00
2.724689e+00 -9.547669e+00
8.599726e+00 1.085412e+01
7.152620e+00 9.602190e+00
5.599523e+00 1.111199e+01
2.337746e+00 1.444423e+00
4.266653e+00 -7.730113e+00
7.780022e-01 1.005427e+01
9.345421e+00 2.577616e+00
-2.739800e+00 -9.926894e+00
7.091290e-01 -7.091520e+00
3.611880e+00 -8.853300e+00
7.055730e+00 -3.696058e+00
4.185673e+00 -4.623122e+00
-2.388687e+00 -1.616937e+00
1.569361e+00 -6.902456e-01
2.069718e+00 1.088690e+01
2.895295e+00 5.542305e+00
2.618746e+00 8.654773e+00
-1.064671e+00 3.627907e+00
1.078316e+01 9.663984e+00
2.047492e+00 -3.102238e+00
1.901527e+00 5.170521e+00
1.029289e+01 3.472869e+00
6.505795e+00 -1.085193e+01
9.954577e+00 -9.395126e+00
2.976936e+00 -4.758644e+00
4.102312e+00 -3.174326e+00
3.535620e+00 -1.420513e+00
4.338897e+00 -2.067573e+00
7.060337e+00 -1.000528e+01
7.734563e+00 -7.425369e+00
1.685477e-03 2.008451e+00
-5.883371e+00 -6.036003e+00
-4.786217e+00 -3.706250e+00
1.581103e+00 -4.144930e+00
-1.077068e+01 3.792885e+00
1.014263e+01 8.378520e+00
6.983648e+00 5.156720e+00
9.351856e+00 5.663813e+00
-8.327809e+00 9.304774e+00
9.588369e+00 9.657779e+00
8.651129e+00 6.628116e+00
6.301879e+00 1.038431e+01
9.862593e+00 -1.074239e+01
9.001869e+00 -9.887698e+00
-7.592451e+00 -9.883514e+00
1.056857e+01 1.072937e+01
1.006348e+01 -6.313240e+00
8.988918e+00 -3.784484e+00
-7.391733e+00 6.363943e+00
5.807713e+00 -8.248109e+00
6.838285e-01 3.505763e+00
-1.392613e+00 1.041537e+01
4.938069e+00 2.908927e+00
1.332387e+00 7.188283e+00
-1.839996e-01 3.048131e+00
1.020764e+00 4.523372e+00
5.671272e+00 3.414781e-01
4.312083e+00 -9.724080e+00
1.411366e+00 -1.048904e+01
-5.849463e+00 9.150405e+00
9.094321e+00 8.726597e+00
2.090411e+00 -1.820108e+00
-8.434185e+00 -8.895285e+00
-9.207445e+00 -5.774827e+00
8.597593e+00 -2.033516e+00
5.980464e+00 7.113925e+00
-9.207336e+00 -3.286391e+00
1.000203e+01 -3.580774e+00
8.674825e+00 -4.890828e+00
6.001067e+00 -3.724287e+00
-1.474127e-01 -2.420555e+00
7.936895e+00 -4.137439e+00
-1.438985e+00 4.400233e-01
6.751989e+00 -4.658834e+00
9.315569e-01 -1.808823e+00
-7.028430e-01 6.910456e+00
6.629986e+00 6.226904e+00
7.787319e+00 8.633550e+00
1.087236e+01 -1.035088e+01
3.752511e+00 3.708480e+00
-7.503837e+00 9.975105e+00
9.546877e+00 7.553620e+00
8.800041e+00 -7.093481e+00
7.892868e+00 -6.382705e+00
8.544206e+00 -8.163511e+00
-6.124467e+00 -9.413238e+00
1.099748e+01 -3.227467e+00
3.539085e+00 -4.449109e-02
-9.422818e+00 -2.187319e-01
-2.418292e+00 -4.858727e+00
-1.322287e+00 -5.027647e+00
8.541796e-01 1.895872e-01
2.705687e+00 -8.254757e-01
4.839931e+00 -5.360409e+00
6.900490e+00 1.979730e+00
1.224799e+00 1.345919e+00
1.024004e+01 8.100584e-01
5.973079e+00 9.295817e+00
5.480843e+00 -1.807258e+00
5.763786e+00 -8.224738e-01
-8.480534e+00 5.757308e+00
8.005282e+00 -3.087025e+00
-9.212695e+00 -9.887982e+00
6.613789e+00 8.016451e+00
9.855209e+00 -7.347846e+00
-4.558544e+00 9.385538e+00
8.979981e+00 -5.900154e+00
-1.104318e+01 -1.988825e+00
-9.493029e+00 4.280672e+00
1.095410e+01 -4.299167e+00
4.574981e-01 -9.121330e-01
-1.012787e+01 -3.756280e+00
6.587974e+00 -1.578197e+00
-9.946067e+00 -2.280792e+00
-1.098010e+01 1.270466e+00
4.481225e+00 8.061371e+00
-5.537104e-01 -1.416541e+00
-9.294549e+00 8.772163e+00
-9.532234e+00 5.426293e+00
-7.391037e+00 -8.864101e+00
1.003304e+01 6.646082e+00
-1.037688e+01 8.636587e+00
