-1.104899e+01 1.096301e+01
-1.081742e+01 5.815249e+00
-7.315509e+00 7.171603e+00
-5.226463e+00 -9.694785e+00
8.733403e+00 -2.148608e-01
-1.022492e+01 -4.473889e+00
7.748691e+00 -7.849485e-02
-8.510631e+00 2.616467e+00
6.127039e+00 -6.902619e+00
9.609044e+00 -8.607573e-01
4.644866e+00 6.539112e+00
1.040553e+01 -1.383601e-01
1.097856e+01 -1.032549e+00
9.470236e+00 6.184491e-01
-4.249290e+00 4.630885e+00
4.911388e+00 1.101536e+00
-6.294452e+00 3.630559e+00
-7.767819e+00 8.221605e+00
-1.011902e+01 1.023122e+01
-5.220124e+00 1.009640e+01
-8.521663e+00 -8.143575e+00
-7.617504e+00 -7.175529e+00
-1.057277e+01 -7.532493e+00
-9.318904e+00 -1.939601e+00
6.571650e+00 -1.766156e-01
-9.780727e+00 2.456342e+00
-7.427357e+00 -3.185875e+00
9.873973e+00 -4.988737e+00
6.326090e+00 -2.788715e+00
-1.082555e+01 2.203120e+00
-8.429472e+00 7.196204e+00
5.060233e+00 -3.062994e+00
-7.394387e+00 4.282542e+00
7.927013e+00 2.069770e+00
-2.874945e-01 5.398874e+00
8.848350e+00 7.929374e+00
-1.014143e+01 -8.615279e+00
-4.173800e+00 -9.912583e+00
-8.712666e+00 -1.046985e+01
1.113298e+01 6.941241e+00
-3.405692e+00 -6.811639e+00
-9.067694e+00 -4.398900e+00
-8.879545e+00 1.065205e+01
-6.357664e+00 8.362930e+00
1.095933e+01 -8.236809e+00
-1.078427e+01 -2.038071e-01
-9.782518e+00 1.458166e+00
-7.697769e+00 7.500079e-01
9.491855e+00 -2.639917e+00
-7.126762e+00 5.247463e+00
4.791468e+00 -1.426568e+00
-6.727806e+00 1.425859e-01
8.514043e+00 1.031450e+00
9.107628e+00 3.790540e+00
3.830657e+00 2.015074e+00
-5.397232e+00 3.068610e+00
1.101915e+01 8.146703e+00
-3.205383e+00 5.924119e+00
-6.165233e+00 4.769529e+00
-6.233559e+00 7.393232e+00
9.170646e+00 -8.156960e+00
4.835894e+00 1.059552e+01
-9.584208e+00 -6.463034e+00
-4.389744e+00 -8.658026e+00
-6.315388e+00 2.497794e+00
-8.437115e+00 -2.671591e+00
-8.338578e+00 -3.691070e+00
-7.878425e+00 -1.811117e+00
6.674394e+00 -5.831211e+00
-1.018168e+01 -1.460438e+00
-5.125772e+00 5.161132e+00
4.535272e+00 -2.693625e-01
7.843252e-01 -3.275532e+00
4.899984e+00 5.318620e+00
-1.039288e+01 7.563309e+00
3.839252e+00 5.802525e+00
-5.492375e+00 9.335669e-01
-4.690649e+00 7.231623e+00
-7.033634e+00 9.150269e+00
-8.005229e+00 1.113366e+01
2.306672e+00 -9.583514e+00
-5.451645e+00 -8.646519e+00
-7.341854e-01 9.367627e+00
-1.091510e+01 -9.378250e+00
-9.467080e+00 -7.581645e+00
7.708509e+00 -5.474691e+00
-5.517517e+00 -7.509467e+00
-4.125746e+00 3.505796e+00
-1.038461e+01 -5.617463e+00
5.126175e+00 -8.709121e+00
-8.640397e+00 -6.941777e+00
-3.493698e+00 3.403761e-01
-2.942042e+00 4.922570e+00
-1.178145e+00 6.061514e+00
5.875471e+00 3.117361e+00
2.190408e+00 2.902782e-01
9.467249e+00 1.675252e+00
-8.230562e+00 -5.031850e+00
-2.769521e+00 7.694164e+00
1.082167e+01 -5.664332e+00
-7.658205e+00 1.959765e+00
7.986713e-01 -8.102153e+00
-4.689675e+00 -1.109666e+01
-5.051302e+00 -4.719034e+00
-1.304536e+00 -8.253198e+00
1.117091e+01 -6.688584e+00
-2.133819e+00 -6.505171e+00
7.236435e+00 9.528661e-01
-5.754574e+00 -1.080111e+01
-3.632398e+00 -1.694257e+00
-6.767881e+00 1.355866e+00
-4.589326e+00 1.252124e-01
-1.554440e+00 1.211866e+00
-3.431290e+00 1.858486e+00
5.998194e+00 1.958784e+00
1.049887e+01 2.276660e+00
-6.180376e+00 5.905405e+00
-9.424722e+00 7.725064e+00
8.751078e+00 4.811141e+00
1.088017e+01 4.102577e+00
-3.624281e+00 7.020209e+00
-4.225062e+00 5.893312e+00
-3.441833e+00 -8.124112e+00
-6.650104e+00 -7.632297e+00
-2.521190e-01 -3.825015e+00
-1.810460e+00 -1.050909e+01
-3.042452e+00 -5.858756e+00
-7.023880e-01 -6.451795e+00
-5.445182e+00 2.029858e+00
-5.166677e+00 4.111375e+00
9.780447e-01 -6.090965e+00
-1.769540e+00 -9.475383e-01
-8.574824e+00 3.730434e+00
-9.725895e+00 4.114874e-01
1.878146e-01 8.591790e+00
7.616824e+00 1.059273e+01
-1.361668e+00 5.040331e+00
8.227132e+00 6.139777e+00
3.730576e-01 6.180984e+00
3.671983e-01 7.302873e+00
-9.744085e+00 6.708639e+00
1.505672e+00 9.293967e+00
-4.049036e+00 1.035128e+01
-9.865509e+00 -1.116406e+01
-6.965374e+00 -1.106067e+01
-7.488670e-01 -1.099275e+01
-6.266580e+00 -4.442149e+00
-3.105508e+00 -3.845385e+00
-4.109106e+00 -5.630680e+00
-6.402711e+00 -3.164604e+00
-3.491855e-01 6.911969e-02
-1.739201e+00 -4.177660e+00
1.062277e+01 5.279612e+00
-2.133829e+00 -3.009685e+00
-2.188843e+00 5.663372e+00
3.077793e+00 4.681247e+00
-4.771599e+00 -6.532798e+00
-5.354026e+00 8.028235e+00
-2.418510e+00 6.668781e+00
-4.782672e+00 -1.282343e+00
-1.818904e+00 8.418684e+00
-5.261303e+00 6.374140e+00
-3.228489e-01 -8.422800e+00
-6.880553e+00 -5.229683e+00
-7.602620e+00 -5.339990e-01
-5.663788e+00 -5.583385e-01
-2.024106e+00 9.551376e+00
-7.560286e+00 -6.068072e+00
-7.422908e+00 -4.309927e+00
-3.241782e+00 9.736849e+00
-5.536597e-01 -9.781376e+00
2.312080e+00 -5.862735e+00
1.544221e+00 -5.111189e+00
-2.833925e+00 2.676060e+00
-1.040212e+01 4.395105e+00
-4.312406e+00 2.461344e+00
3.514703e+00 6.768443e+00
-3.500419e+00 -9.130016e+00
4.843782e+00 9.011020e+00
-6.851852e+00 -2.232650e+00
-2.511196e+00 -7.495441e+00
-2.775797e+00 8.824827e+00
5.518549e-01 -4.665429e+00
-6.188666e+00 1.049142e+01
-6.305496e+00 -9.785030e+00
-1.555546e+00 -9.250315e+00
8.064282e-02 -7.188931e+00
-4.387671e+00 -7.565418e+00
-2.504162e+00 -8.602856e+00
-8.203840e+00 5.002754e+00
-8.699510e+00 1.324383e+00
-4.387807e+00 -3.624991e+00
-7.181151e+00 3.105645e+00
-6.575156e+00 -1.125700e+00
3.197734e+00 3.430998e+00
9.849129e+00 4.521040e+00
-1.598318e+00 3.008597e+00
2.640517e+00 9.451688e+00
5.677499e+00 6.214451e+00
-1.038141e+01 -1.029124e+01
3.154687e+00 -6.563337e+00
3.244665e+00 -1.020391e+01
6.981062e+00 3.083391e+00
-6.679014e+00 -6.552070e+00
-7.800057e-01 8.283330e+00
8.488192e+00 9.806743e+00
6.613660e-01 -9.164526e+00
1.110827e-02 -5.690268e+00
4.295930e+00 -6.548085e+00
-3.725415e+00 -6.797219e-01
1.551455e+00 2.394110e+00
-9.320589e-01 -2.908475e+00
2.445976e+00 6.852961e+00
-2.982431e+00 3.761201e+00
1.560618e+00 5.919187e+00
-8.228329e-01 2.165842e+00
5.916120e+00 8.609217e+00
-1.499681e+00 7.172344e+00
5.359050e+00 7.441826e+00
-2.677823e+00 9.853931e-01
1.880577e+00 -8.530196e+00
-9.356812e+00 9.514195e+00
7.243804e+00 -8.465618e+00
-1.335765e-01 1.045996e+01
4.843013e+00 -4.311787e+00
-7.287909e-01 -4.776689e+00
5.210220e+00 -6.070894e+00
-5.543123e+00 -2.086373e+00
7.860662e+00 -1.139365e+00
5.638239e+00 4.566044e+00
-4.371921e+00 1.452733e+00
-2.004066e+00 4.232477e+00
8.579997e-01 5.145892e+00
-3.881314e+00 7.998974e+00
-2.717542e-01 1.109512e+00
3.845650e+00 9.811276e-01
2.226706e+00 3.829549e+00
2.325003e+00 -7.459069e+00
4.158945e+00 -1.079721e+01
2.342040e-01 -1.032648e+01
1.204875e+00 7.944913e+00
2.389195e+00 -1.067467e+01
-2.607247e+00 1.087670e+01
2.950013e+00 1.074479e+01
9.400515e-01 1.076857e+01
-4.468518e+00 -2.421750e+00
7.889738e+00 -1.066554e+01
6.301598e+00 -9.044225e+00
-8.459529e+00 -9.983750e-01
-8.636908e+00 2.813058e-02
2.811221e+00 -3.537786e+00
-1.388953e+00 -2.034599e+00
3.808507e+00 8.847540e+00
2.728276e+00 2.445528e+00
3.255750e+00 7.880326e+00
-2.507897e+00 -2.787067e-01
3.390178e+00 -5.591734e+00
8.209238e+00 -9.161293e+00
8.116754e+00 3.344812e+00
6.263661e+00 -1.016716e+01
6.516596e+00 3.991887e+00
3.329037e+00 -7.646294e+00
-3.936062e+00 -4.599675e+00
-3.357857e+00 -1.060710e+01
7.728804e+00 4.525275e+00
5.038474e+00 -7.428365e+00
7.650439e+00 -2.178214e+00
5.691109e+00 -4.893960e+00
3.138678e+00 -2.370369e+00
-1.419386e+00 -7.219551e+00
-3.199731e+00 -2.785533e+00
7.214605e-02 4.153696e+00
1.026847e+01 -1.876417e+00
4.191742e+00 4.520617e+00
3.867030e+00 9.935846e+00
4.980823e+00 3.775246e+00
7.882375e+00 7.403549e+00
2.983934e+00 -8.790569e+00
8.927709e+00 1.083744e+01
7.180348e+00 9.447730e+00
5.854677e+00 -1.110651e+01
2.764116e+00 1.404154e+00
4.181408e+00 -8.286309e+00
4.522930e-01 9.570127e+00
8.909332e+00 2.688648e+00
-2.646061e+00 -9.631367e+00
1.365540e+00 -7.105694e+00
4.056442e+00 -9.297314e+00
7.084669e+00 -3.602342e+00
3.751435e+00 -4.517825e+00
-2.514255e+00 -1.825351e+00
1.625263e+00 -7.954243e-01
1.956540e+00 1.035499e+01
2.838847e+00 5.855129e+00
2.202215e+00 8.354611e+00
-1.034131e+00 4.042691e+00
1.094837e+01 9.493903e+00
1.816978e+00 -2.991986e+00
2.115680e+00 4.985204e+00
9.966437e+00 3.252055e+00
6.912253e+00 -1.093823e+01
9.947448e+00 -9.013194e+00
2.724995e+00 -4.763247e+00
4.146165e+00 -3.572897e+00
3.647013e+00 -1.350273e+00
4.230744e+00 -2.484539e+00
7.113298e+00 -9.687733e+00
7.056473e+00 -7.477064e+00
4.892975e-01 1.881008e+00
-5.835010e+00 -5.872980e+00
-5.427998e+00 -3.559323e+00
1.667976e+00 -4.066605e+00
-1.066029e+01 3.288710e+00
1.022704e+01 8.832185e+00
7.007304e+00 5.447023e+00
9.477911e+00 5.546978e+00
-8.303868e+00 9.689756e+00
9.488496e+00 9.887711e+00
9.120719e+00 6.763044e+00
6.470399e+00 1.035270e+01
9.857392e+00 -1.046943e+01
9.015880e+00 -9.919628e+00
-7.395004e+00 -1.006823e+01
1.039950e+01 1.038565e+01
9.638068e+00 -6.311590e+00
8.909614e+00 -3.895024e+00
-7.845763e+00 6.266742e+00
6.027717e+00 -8.068354e+00
8.544376e-01 3.246888e+00
-1.284527e+00 1.033077e+01
4.968414e+00 2.213188e+00
1.333139e+00 6.869520e+00
-3.930411e-01 3.080080e+00
1.271353e+00 4.195867e+00
6.038541e+00 9.367488e-01
5.262054e+00 -1.009553e+01
1.414496e+00 -1.032804e+01
-6.011004e+00 9.314421e+00
9.052769e+00 8.921295e+00
1.788589e+00 -1.832553e+00
-8.308834e+00 -9.504760e+00
-9.107272e+00 -5.490235e+00
8.884860e+00 -1.660531e+00
6.466359e+00 7.361106e+00
-9.272307e+00 -3.302644e+00
1.000543e+01 -3.755674e+00
8.631997e+00 -4.935845e+00
5.815385e+00 -3.822157e+00
-1.695424e-01 -2.158254e+00
7.953236e+00 -4.179917e+00
-1.457221e+00 8.416341e-02
6.782337e+00 -4.574792e+00
7.893111e-01 -1.798586e+00
-4.890645e-01 6.776752e+00
7.246242e+00 6.514247e+00
7.931445e+00 8.619521e+00
1.087885e+01 -1.030469e+01
4.283252e+00 3.050907e+00
-7.381802e+00 1.019352e+01
1.008297e+01 7.658150e+00
9.016568e+00 -7.140915e+00
7.732329e+00 -6.742679e+00
8.155601e+00 -7.893184e+00
-6.517988e+00 -8.670948e+00
1.069293e+01 -3.021939e+00
3.347365e+00 2.181644e-03
-9.455051e+00 -5.787326e-01
-2.830531e+00 -4.869085e+00
-1.708777e+00 -5.288373e+00
9.560016e-01 5.787791e-01
2.687475e+00 -1.028397e+00
4.491559e+00 -5.341583e+00
6.928918e+00 2.008416e+00
1.565189e+00 1.403312e+00
1.060007e+01 9.563300e-01
5.629354e+00 9.742613e+00
5.845919e+00 -1.789942e+00
5.475760e+00 -1.249438e-01
-8.906304e+00 6.091213e+00
8.373366e+00 -2.947665e+00
-9.548707e+00 -9.540136e+00
6.987788e+00 8.351663e+00
1.001606e+01 -7.448834e+00
-4.416952e+00 9.030153e+00
8.587366e+00 -6.171676e+00
-1.111340e+01 -2.117827e+00
-9.675728e+00 3.503703e+00
1.090403e+01 -4.444503e+00
6.180833e-01 -5.041807e-01
-1.060721e+01 -3.507119e+00
6.677152e+00 -1.156925e+00
-1.008831e+01 -2.593330e+00
-1.074973e+01 1.023396e+00
4.388939e+00 7.925869e+00
-6.487158e-01 -1.066729e+00
-8.773116e+00 8.624263e+00
-9.407534e+00 5.017709e+00
-7.479264e+00 -8.384354e+00
1.023986e+01 6.309269e+00
-1.043101e+01 9.104850e+00
