5.519286e+00 -9.666966e+00
-7.453171e+00 5.578251e+00
-8.913614e+00 7.542546e+00
-5.831638e+00 -3.231483e+00
-6.347728e+00 1.441246e+00
-1.041692e+01 -9.700793e+00
6.421635e+00 1.378987e+00
2.335520e+00 4.448911e+00
7.185812e+00 -5.437960e+00
6.262995e+00 -2.308572e+00
-6.903636e+00 8.514849e+00
-1.055257e+01 4.651916e+00
-8.071498e+00 2.567857e-01
4.058129e+00 2.949415e+00
-2.936048e+00 3.530194e+00
6.203550e+00 3.478117e+00
-9.508433e+00 -1.404543e+00
-7.570832e+00 7.723517e+00
-9.071140e+00 -6.957494e+00
-8.338040e+00 -9.194223e+00
7.776764e+00 1.085902e+01
9.161294e+00 -4.780047e+00
5.662960e+00 -3.689564e+00
5.363987e-01 -1.563996e+00
5.761750e+00 4.984847e-01
-8.978583e+00 5.927185e+00
-3.678255e+00 -6.876448e-01
-7.887979e-02 -9.036234e+00
8.749033e+00 2.685816e+00
-6.233437e+00 2.962421e+00
1.094799e+00 -8.918064e+00
5.453293e+00 4.401385e+00
-1.090981e+01 1.477191e+00
-9.730016e+00 1.631816e+00
-8.054020e-01 4.750799e+00
-7.312197e+00 -1.080185e+01
1.079017e+01 -1.012654e+01
-9.076511e+00 -8.382756e+00
8.642191e+00 -3.551321e+00
-5.798865e+00 5.923466e-01
9.935139e+00 -7.959418e+00
6.408133e+00 -2.600643e-01
1.092303e+01 9.407051e+00
-1.047259e+01 2.425772e+00
-9.656476e+00 -5.183758e+00
1.016923e+01 8.554127e+00
-9.069612e+00 -3.809165e+00
-9.457316e+00 -2.411169e+00
8.852610e+00 -1.270902e+00
-9.585481e+00 5.315812e-01
4.449749e+00 -1.668873e+00
1.331262e-01 4.206292e+00
9.854032e+00 2.711689e+00
-7.350881e+00 3.340804e+00
8.438179e+00 7.423468e-01
-5.703166e+00 -8.686865e-01
1.531260e+00 8.006757e+00
-7.556373e+00 -5.148303e+00
-8.001543e+00 2.416578e+00
-2.518628e+00 9.843230e+00
3.787085e+00 1.113589e+01
6.690817e+00 -9.725710e+00
8.736062e+00 -1.091956e+01
-1.813376e+00 -1.040137e+01
-9.160774e+00 2.653681e+00
5.093331e+00 -7.392058e+00
-1.107602e+01 -6.841861e+00
-8.388485e+00 -2.741147e+00
-9.719400e+00 1.035018e+01
8.201794e+00 -4.589904e+00
5.025748e+00 5.874394e+00
7.616887e+00 1.481985e+00
2.039850e-01 8.213337e+00
2.002301e+00 6.801237e+00
-2.883252e+00 5.386455e+00
-1.059620e+01 3.504574e+00
-6.934221e+00 -1.017052e+00
-4.669696e+00 6.616282e+00
7.451773e+00 -7.304800e+00
1.019198e+01 -6.924872e+00
3.162389e+00 -9.028924e+00
1.111619e+01 -3.448328e+00
3.651649e+00 6.000854e+00
3.565142e+00 -4.326177e+00
5.468018e+00 1.078453e+01
3.834798e+00 1.857898e+00
8.966043e+00 -8.546163e+00
-3.964898e+00 3.292150e+00
5.956028e+00 -5.285735e+00
2.128309e-01 -2.273129e-01
-8.097211e+00 -1.344617e+00
-1.328886e-01 -3.262676e+00
-1.660046e-01 1.015002e+00
7.395982e+00 3.844747e+00
9.528650e+00 4.776365e+00
2.246755e+00 -1.102061e+00
7.216385e+00 5.520584e+00
-1.685173e+00 -7.774869e-01
-7.010423e+00 3.746712e-01
-9.393942e+00 -9.340633e+00
-7.505046e+00 1.326079e+00
2.545083e+00 9.529121e+00
-1.016385e+01 -7.519247e+00
8.550404e+00 -7.170360e+00
-3.930730e+00 -8.707212e+00
-7.547333e+00 1.048224e+01
-3.131176e+00 -6.804274e+00
-8.636401e+00 1.213945e+00
-6.595919e+00 -4.491179e+00
-7.016449e+00 -8.724339e+00
1.073122e+01 -1.318877e+00
-2.258090e+00 6.727053e-01
2.652396e+00 1.198601e+00
1.855291e+00 5.732780e+00
-1.002354e+01 5.714785e+00
-9.614060e+00 6.754515e+00
-5.116469e+00 3.418503e+00
-5.599151e+00 -6.043117e+00
-8.407154e+00 3.607667e+00
-9.783747e+00 -1.070940e+01
-1.834289e+00 5.125008e+00
-2.035605e+00 4.076233e+00
-3.179722e+00 1.090029e+01
-5.853141e+00 9.721944e+00
6.639539e+00 -3.266674e+00
-1.025389e+01 -5.770191e-01
-8.555277e+00 -4.824247e+00
-9.659479e+00 8.305733e+00
1.278831e+00 2.780184e+00
-4.830865e+00 1.097415e+00
6.497421e+00 -4.427043e+00
-6.647847e+00 -5.653721e+00
-1.047239e+01 7.349233e+00
-1.059766e+01 4.192407e-01
-2.080913e+00 -8.354481e+00
6.644938e+00 7.543158e+00
-3.143657e+00 -5.075455e+00
5.543729e+00 2.239590e+00
4.832042e-01 9.763434e+00
-1.903498e+00 8.977857e+00
-1.133089e+00 1.487288e+00
-9.088035e-01 -8.454652e+00
-1.068941e+01 1.033918e+01
-7.029458e+00 6.616043e+00
7.804124e+00 -1.486972e+00
-4.150125e+00 1.961006e+00
-4.759806e+00 -2.732629e+00
-6.582991e+00 -7.754600e+00
3.294464e+00 3.903423e+00
-1.034829e+01 -2.882978e+00
-1.168635e+00 -3.064985e+00
-9.450776e+00 3.756916e+00
-6.032337e+00 4.346195e+00
-6.540453e+00 -9.639077e+00
2.577766e+00 2.280142e+00
4.309293e+00 5.124228e+00
-5.073192e+00 -1.057838e+01
-5.349126e+00 1.060179e+01
8.909924e+00 6.853890e+00
-1.801866e+00 -3.894560e+00
-1.371737e+00 7.272801e+00
-2.742709e+00 -2.319489e-01
4.622911e+00 -3.584543e+00
-1.039823e+01 -4.292477e+00
9.357482e+00 1.618511e+00
-8.691125e-01 2.487786e+00
-5.566277e-01 -2.297224e+00
-1.062086e+01 -1.702783e+00
7.817791e-01 5.001506e+00
-4.138882e+00 5.501630e+00
-2.951554e+00 8.653165e+00
1.679532e+00 -6.072543e+00
1.017405e+00 -6.877882e+00
8.167080e+00 5.910144e+00
9.777296e+00 3.733163e+00
-4.800789e+00 -8.242496e-03
5.170342e+00 3.240087e+00
2.119205e-01 -7.807255e+00
6.664076e-01 -9.878518e+00
-1.133570e+00 4.178985e-01
-2.842537e+00 -1.043907e+01
-3.423105e+00 4.418997e+00
-5.084421e+00 -8.165287e+00
-5.752487e+00 8.674960e+00
2.614189e+00 -1.112020e+01
-1.104602e+01 8.311472e+00
-2.095146e+00 -4.934801e+00
-4.636020e+00 -3.738921e+00
-7.238174e-01 -9.811504e+00
-6.360037e+00 -2.102163e+00
6.584579e+00 2.430459e+00
-4.574262e+00 -6.488377e+00
3.264422e+00 5.009240e+00
-2.306172e+00 2.069446e+00
-2.532051e+00 -1.432415e+00
-1.032977e+01 -8.578502e+00
-3.848275e+00 -1.659229e+00
-3.285569e-01 7.123686e+00
8.165246e-01 7.103599e+00
4.778685e+00 -5.681319e+00
2.947052e+00 -3.418558e+00
4.018749e+00 -7.520672e+00
8.600514e+00 9.951174e+00
6.527421e+00 -8.617516e+00
-3.095588e+00 1.269149e+00
1.107277e+01 -2.810218e-01
8.390801e-01 -2.871864e+00
-3.005269e+00 -7.780879e+00
-8.682382e-01 8.252069e+00
7.768747e+00 -3.499166e-01
2.174551e+00 3.236234e+00
-6.470552e+00 -6.679908e+00
-1.089518e+00 -1.116437e+01
1.171669e-01 3.113323e+00
1.917925e+00 -3.071682e+00
5.382061e+00 -4.800629e-01
7.220643e+00 9.512987e+00
-4.772150e+00 4.623838e+00
-3.837332e-01 1.028112e+01
5.453224e+00 6.872767e+00
3.665904e+00 -5.465935e+00
-7.808396e+00 -6.990040e+00
-2.122687e+00 7.981912e+00
-5.839154e+00 6.663298e+00
-5.991586e-01 -1.268835e+00
-1.657400e+00 -1.992653e+00
-7.054135e-01 -4.182064e+00
-5.405502e+00 -7.174498e+00
-7.639840e+00 -3.838392e+00
5.691465e+00 8.208992e+00
1.073849e+01 7.583721e-01
4.639939e+00 2.156485e-01
-3.627229e+00 7.657600e+00
-9.546349e-01 3.612992e+00
5.034654e-01 1.864812e+00
1.062684e+01 4.293347e+00
7.866913e+00 8.652646e+00
3.049966e+00 -8.030782e+00
2.583292e+00 -2.238654e+00
-4.760808e+00 -9.485330e+00
-3.545070e+00 6.336117e+00
-6.278860e+00 -1.060988e+01
-4.203470e+00 1.071252e+01
6.421284e+00 1.034319e+01
-5.229488e+00 -4.899317e+00
1.206001e+00 3.832987e+00
3.566739e+00 7.840435e+00
-8.386930e+00 8.514640e+00
-1.862392e+00 2.999748e+00
5.955011e+00 -1.062644e+01
-1.976383e+00 -7.315364e+00
-3.938887e+00 -5.727221e+00
2.199161e+00 -8.642895e+00
4.646689e+00 7.851866e+00
5.195541e-01 -5.736612e+00
4.262294e-01 5.961483e+00
-6.974149e-02 -6.568751e+00
7.916839e+00 -1.036419e+01
4.388729e+00 4.040939e+00
5.096476e+00 -4.648200e+00
1.101996e+01 -2.349541e+00
9.016597e+00 -9.700640e+00
-5.077264e+00 -1.712710e+00
-2.877364e+00 -8.982589e+00
9.169374e+00 5.784890e+00
3.713071e-01 -4.435329e+00
7.792413e+00 -9.197954e+00
6.649363e+00 -6.334428e+00
8.543637e+00 -5.571024e+00
1.602371e+00 -4.954186e+00
-4.132507e+00 -4.645358e+00
4.908130e+00 1.276129e+00
-2.769878e+00 -2.571783e+00
5.098726e+00 -2.519161e+00
4.174000e+00 -9.636681e+00
1.007026e+01 6.552466e+00
6.542586e+00 4.576621e+00
2.073146e+00 -7.020275e+00
4.169341e+00 -8.570588e+00
4.640560e+00 8.882209e+00
4.809981e+00 9.967409e+00
3.376005e+00 -1.500525e+00
1.366132e+00 -3.887293e+00
6.700005e-01 1.084022e+01
1.038262e+01 1.832055e+00
-5.035777e+00 7.938929e+00
-1.097489e+00 -5.869664e+00
3.410403e+00 1.008853e+01
7.236115e+00 5.754514e-01
3.812995e+00 -2.782966e+00
-5.911882e+00 -8.647168e+00
-2.870954e+00 -3.946104e+00
-1.025440e+01 9.234796e+00
7.464726e+00 6.803322e+00
-1.706908e+00 -9.297144e+00
2.677683e+00 -1.267772e-01
9.851587e+00 9.688163e+00
9.827376e+00 -1.797291e+00
-4.014326e-01 9.090136e+00
-3.894133e+00 4.310358e-01
-6.428132e+00 1.069005e+01
4.749537e+00 -1.047002e+01
8.850002e+00 -2.346475e-01
2.474943e+00 -4.450146e+00
-2.395879e+00 -6.013327e+00
-1.103221e+01 5.546624e+00
9.730026e+00 -3.903187e+00
5.507061e+00 -1.480914e+00
1.028222e+01 5.454489e+00
-3.615839e+00 -3.184774e+00
-8.339453e+00 -5.863342e+00
-9.224038e-01 -7.194603e+00
-7.119986e+00 4.409674e+00
-6.425678e+00 5.440809e+00
4.304675e+00 6.850607e+00
-8.461558e+00 1.003872e+01
-1.006051e+01 -6.249868e+00
-8.646950e+00 1.109911e+01
1.788687e+00 1.024978e+01
7.746821e+00 2.803966e+00
1.067587e+01 1.103694e+01
-4.815283e+00 9.440717e+00
9.795515e+00 -1.049212e+01
-9.174714e+00 9.238938e+00
9.923055e+00 -9.017356e+00
5.414429e+00 -8.596037e+00
-2.621404e+00 6.988961e+00
6.420194e+00 6.522686e+00
1.091974e+01 2.787745e+00
-5.839579e-01 6.096372e+00
1.552075e+00 -1.085439e+01
-4.034128e+00 -1.059580e+01
-1.835852e+00 6.185454e+00
5.882062e+00 5.304683e+00
1.004823e+01 -2.141865e-02
5.620456e+00 -6.229920e+00
-2.044349e+00 1.095005e+01
2.506308e+00 8.521337e+00
-6.124785e+00 7.656261e+00
1.596208e-03 -1.075113e+01
3.190608e+00 -1.022427e+01
1.096198e+01 -7.857129e+00
6.718501e+00 -1.251836e+00
1.442087e+00 -7.875935e+00
-8.764841e+00 -1.026308e+01
-1.095778e+01 -5.721274e+00
9.552027e+00 1.083632e+01
3.897417e+00 -5.509352e-01
8.878194e-01 6.311815e-01
-8.943484e+00 -3.057742e-01
1.386018e+00 -3.870331e-01
7.993322e+00 -8.172700e+00
-3.655282e+00 -9.696164e+00
-3.720715e+00 9.708381e+00
8.064297e+00 4.710869e+00
9.120110e+00 7.954296e+00
1.099608e+01 -9.082222e+00
8.112348e+00 7.623593e+00
3.093305e+00 6.940347e+00
-8.092060e+00 6.621482e+00
3.568301e+00 8.935362e+00
-1.077809e+01 -1.092231e+01
5.802286e+00 9.448654e+00
-7.859076e+00 -8.121634e+00
7.702553e+00 -3.571519e+00
-6.856074e+00 -3.091854e+00
8.760267e+00 -2.392665e+00
-4.170658e+00 -7.620571e+00
6.359740e+00 -7.402862e+00
1.552903e+00 1.712905e+00
3.732325e+00 7.475611e-01
9.296106e+00 -6.367250e+00
9.169624e+00 8.911094e+00
8.708126e+00 3.815467e+00
-7.459863e+00 -2.213539e+00
-1.414027e+00 9.969538e+00
1.903806e+00 5.745093e-01
9.727211e+00 -2.861666e+00
-8.071659e+00 4.614497e+00
2.587712e+00 -5.463082e+00
4.174949e+00 -6.487189e+00
1.046506e+01 7.600568e+00
2.129289e+00 -9.822520e+00
-4.009071e+00 8.661915e+00
1.302087e+00 9.034194e+00
1.116842e+01 6.553829e+00
-5.398018e+00 5.626433e+00
7.838633e+00 -6.356626e+00
-3.454557e-01 -5.190169e+00
1.083847e+01 -4.701584e+00
1.492031e+00 -1.888004e+00
7.407093e+00 -2.469906e+00
-6.922983e+00 2.237229e+00
6.809811e+00 8.533001e+00
3.056022e+00 -6.710089e+00
-7.563506e+00 -9.790977e+00
-5.305168e+00 2.276668e+00
1.016171e+01 -5.693492e+00
-9.243772e+00 4.764484e+00
-7.554919e+00 9.331964e+00
