-7.984438e+00 -9.170285e+00
1.108371e+01 1.032868e+01
-1.074594e+01 -1.100600e+01
-8.956925e+00 -8.349877e+00
9.932932e+00 -4.927953e+00
-9.478208e+00 -5.800527e+00
1.092092e+01 -5.335476e+00
8.985140e+00 -1.872217e+00
6.683020e+00 -4.543845e+00
8.701143e+00 8.706536e-02
5.920586e+00 5.379453e+00
9.614646e+00 5.833258e+00
1.059784e+01 -4.639926e-01
5.053749e+00 6.029016e+00
-8.723153e+00 9.522267e+00
8.953861e+00 4.495771e+00
-9.180104e+00 3.206534e+00
-5.487906e+00 7.002079e+00
1.024593e+01 9.769806e+00
-8.149435e+00 1.077550e+01
-9.942490e+00 -7.731653e+00
-4.866794e+00 -8.814015e+00
-1.052062e+01 -1.001730e+01
-1.048652e+01 -5.741018e+00
-1.092396e+01 -7.226239e+00
-9.919113e+00 -3.087208e+00
-8.089263e+00 -8.617022e-01
1.023869e+01 -3.815997e+00
9.137095e+00 -3.040206e+00
1.087311e+01 9.955270e-01
-1.104112e+01 -2.379289e+00
8.345516e+00 -9.175356e-01
-1.001561e+01 -7.504500e-01
1.072957e+01 2.934190e+00
7.111762e+00 1.548244e+00
6.176803e+00 7.993062e+00
-9.951027e+00 9.245296e+00
-6.003692e+00 9.339624e+00
-1.013685e+01 1.046416e+01
-1.059290e+01 7.150237e+00
-7.044367e+00 -7.567105e+00
-5.979422e+00 -8.320351e+00
9.415116e+00 -1.065872e+01
-6.982962e+00 -1.105127e+01
-9.941754e+00 -6.685121e+00
-6.849725e+00 -3.320203e-01
-9.016616e+00 -2.471268e+00
-7.444629e+00 -3.151178e+00
4.739908e+00 -1.543011e+00
-9.642175e+00 5.408083e-01
1.014928e+01 -2.489579e+00
-8.767566e+00 -5.574664e-02
-1.089984e+01 -1.314551e+00
1.062406e+01 6.593091e+00
9.856554e+00 2.971021e-01
-6.713667e+00 6.029038e+00
-9.741464e+00 5.248510e+00
-2.579752e+00 5.599757e+00
-7.763487e+00 5.756252e+00
-5.712812e+00 5.623287e+00
-4.850934e+00 -1.014315e+01
-3.821494e+00 -9.967288e+00
-7.988569e+00 -7.952191e+00
-7.704979e+00 -6.798396e+00
-1.005808e+01 -2.041824e+00
-8.612812e+00 -4.642828e+00
-7.610147e+00 -5.237486e+00
-8.594385e+00 -3.404262e+00
6.014079e+00 -7.046164e+00
-7.574770e+00 4.033751e-01
-8.725522e+00 1.222363e+00
9.854978e+00 3.758652e+00
5.974258e+00 1.876221e+00
8.430099e+00 5.806482e+00
-1.099252e+01 5.267547e+00
8.484474e+00 2.028444e+00
-7.758161e+00 1.521642e+00
-4.426516e+00 6.995796e+00
-8.451707e+00 7.289003e+00
-7.543808e+00 9.359512e+00
-5.022910e+00 8.751539e+00
-7.925911e+00 -1.044933e+01
-5.799671e+00 -9.458863e+00
-4.353962e+00 -6.733142e+00
-8.336041e+00 -5.939898e+00
-1.053417e+01 -4.465412e+00
-5.849469e+00 -3.777208e+00
-6.857220e+00 -1.347047e+00
-1.086587e+01 -8.348837e+00
1.253685e-01 -6.056848e+00
-7.676891e+00 -4.163070e+00
-3.060837e+00 1.839077e+00
-6.747414e+00 1.556694e+00
-7.424377e+00 2.556873e+00
-9.836497e+00 2.254345e+00
9.004369e+00 1.066555e+00
-1.064480e+01 3.277945e+00
-9.175940e+00 1.059164e+01
-3.265185e+00 7.061927e+00
-5.066735e+00 1.111518e+01
-5.903661e+00 7.982645e+00
-2.946448e+00 -9.313985e+00
-6.092253e+00 -1.045605e+01
-4.693916e+00 -2.139493e+00
-2.785445e+00 -5.475004e+00
-8.008548e+00 -2.009536e+00
2.476906e+00 -2.763349e+00
-9.426396e+00 -4.051848e+00
-5.010023e+00 -5.413633e+00
-6.643403e+00 -2.342980e+00
-5.639445e+00 -5.008472e-01
-6.312772e+00 2.580192e+00
-8.489691e+00 5.014394e+00
-6.852908e+00 3.815914e+00
-9.495295e+00 4.209304e+00
-1.068846e+01 2.654126e-01
-7.493616e+00 6.818477e+00
-7.082682e+00 -8.616502e+00
-1.045741e+01 1.260452e+00
-8.722292e+00 6.152823e+00
-1.587422e+00 5.979999e+00
-6.481041e+00 4.956877e+00
1.322512e-01 -8.487351e+00
-6.872204e+00 -6.119329e+00
-2.698416e+00 -4.338464e+00
-4.639183e+00 -3.166008e+00
-3.492535e+00 -1.338074e+00
-5.354988e+00 -6.469558e+00
-6.196272e+00 6.473691e-01
-4.594409e+00 -4.281297e-02
-5.725873e+00 -1.517960e+00
-3.502764e+00 2.993015e+00
-5.181951e+00 2.555692e+00
1.114650e+01 1.933586e+00
-2.647651e+00 3.571219e+00
-3.656111e+00 6.084217e+00
-5.374974e+00 4.487158e+00
-9.526372e+00 7.019583e+00
-3.367937e+00 4.614841e+00
-4.391793e+00 4.927602e+00
-7.382074e+00 7.815689e+00
-1.979738e+00 8.906921e+00
-6.019630e+00 1.060589e+01
-3.696365e+00 -8.378883e+00
-2.702825e+00 -6.712064e+00
-3.553166e+00 -7.328135e+00
-5.679690e+00 -2.762572e+00
-6.046370e+00 -5.378748e+00
-1.771841e+00 -4.813149e+00
-2.434361e+00 -7.270769e-01
-9.225717e-01 -5.645499e-01
-6.509246e-01 -4.438940e+00
-5.693773e+00 1.700801e+00
-2.876224e-01 3.154133e+00
-4.387070e+00 3.750219e+00
-1.696155e+00 1.574954e+00
-4.573044e+00 -1.068933e+00
-2.218617e+00 6.901809e+00
-6.511718e+00 7.034703e+00
-7.474642e-01 4.084416e+00
-4.928282e+00 9.850831e+00
-6.982532e+00 1.021339e+01
-3.632986e+00 9.281623e+00
-3.856106e+00 -4.732743e+00
-4.935591e+00 -4.226487e+00
-1.105259e+00 -1.776031e+00
1.154598e+00 -6.700341e+00
-6.631271e+00 -4.498713e+00
-1.775761e+00 -2.608465e+00
2.264246e+00 -6.752960e+00
3.033255e-01 -7.134061e+00
8.305280e-02 -2.705861e-02
-3.528574e+00 -2.640887e+00
-4.172343e+00 1.924901e+00
-8.578709e+00 2.237510e+00
-7.516236e+00 4.644512e+00
-1.087813e-01 5.054184e+00
-2.044712e+00 -8.378052e+00
-1.775877e+00 7.847349e+00
-1.797338e+00 1.329758e-01
9.591531e-01 -9.127071e+00
-4.632626e+00 6.049300e+00
1.113552e+00 -7.913758e+00
-1.029926e+00 -8.763993e+00
-6.087406e+00 -7.202290e+00
-3.723910e+00 -3.675216e+00
2.457069e+00 -5.674246e+00
-4.907764e+00 -7.657014e+00
-1.600523e+00 -3.739393e+00
-5.012714e+00 9.927365e-01
-2.555527e+00 -1.882287e+00
-4.385225e-01 -3.240671e+00
-8.231991e+00 3.641148e+00
-3.974143e+00 8.143397e-01
3.644861e+00 3.999990e+00
-1.055688e+01 4.346992e+00
-1.659817e+00 3.486897e+00
-4.859867e-01 9.572378e+00
-1.277773e+00 4.993836e+00
-6.888500e+00 -9.698598e+00
-2.708341e+00 9.714167e+00
1.283076e+00 7.495715e+00
-8.551024e-01 8.448192e+00
-3.877969e+00 -5.801576e+00
-1.790820e+00 1.109523e+01
3.444561e+00 -9.008072e+00
-6.079250e-01 -7.814745e+00
4.167629e+00 -9.855423e+00
3.341772e+00 -6.703447e+00
1.815544e-01 -2.180574e+00
6.522801e+00 -4.749078e-01
1.358519e+00 8.572209e-01
-4.228128e-01 6.134689e+00
-3.442883e+00 -3.230504e-01
-2.222668e+00 4.550678e+00
-2.300988e+00 2.566176e+00
-9.668981e-01 7.012098e+00
-4.116497e+00 8.142367e+00
2.595070e+00 9.873907e+00
1.564401e+00 4.127839e+00
-3.545297e+00 1.029410e+01
-1.222469e+00 -1.015757e+01
5.478266e+00 1.085561e+01
-1.795854e+00 -7.194330e+00
1.058053e+00 -5.553427e+00
2.502858e-01 -4.962095e+00
1.813469e+00 -4.888549e+00
2.158044e-01 1.019326e+00
3.430323e+00 -3.407854e+00
6.718739e+00 6.578067e-01
-5.703419e+00 3.449633e+00
1.038695e-01 2.078456e+00
9.570998e-01 3.124736e+00
2.053480e+00 2.830147e+00
3.108584e-01 4.083885e+00
3.896836e+00 6.073680e+00
2.875625e+00 6.133848e+00
-1.517160e+00 9.865438e+00
-4.474857e-01 1.077949e+01
7.222565e-01 6.108410e+00
8.821851e-02 6.956898e+00
1.597896e+00 8.971532e+00
7.371121e-03 -1.049825e+01
-2.724983e+00 8.175580e+00
-6.761953e-01 -5.414191e+00
-1.727556e+00 -5.943317e+00
3.878832e+00 -7.829827e+00
3.445242e+00 -4.448716e+00
-9.084586e-01 6.656280e-01
-2.721568e+00 8.767149e-01
3.749753e+00 -5.797734e-01
4.810600e+00 1.772971e+00
1.409256e+00 2.035667e+00
7.623282e+00 6.450686e+00
1.163296e+00 5.075358e+00
-1.004393e+00 2.420960e+00
2.653995e+00 6.819061e-02
8.183449e-01 9.794455e+00
5.056727e+00 8.162456e+00
8.783846e-01 1.108830e+01
2.661751e+00 7.132500e+00
2.084765e+00 -8.827193e+00
-9.722306e-02 -9.465880e+00
-3.981914e+00 -1.101152e+01
4.706462e+00 1.019426e+01
5.338685e+00 -3.518590e+00
4.344109e+00 -6.285380e+00
3.485052e+00 -5.688233e+00
2.556873e+00 -1.221725e+00
-2.605030e+00 -3.294500e+00
-1.082503e-01 -1.143989e+00
2.353602e+00 1.540564e+00
7.314210e+00 -1.291967e+00
4.784444e+00 3.594172e+00
3.110811e+00 8.702332e+00
2.616903e+00 4.026335e+00
1.854896e+00 6.288293e+00
4.478870e+00 9.128409e+00
1.963247e+00 -1.100770e+01
2.973107e+00 1.105664e+01
4.451265e+00 -1.111711e+01
8.046312e+00 -4.348905e+00
4.743677e+00 -5.240514e+00
-2.775005e+00 -1.062770e+01
1.970228e-01 8.611637e+00
-8.214836e-01 -6.658795e+00
2.009166e+00 -9.892199e+00
4.782300e+00 -7.229730e+00
6.308048e+00 -5.710894e+00
4.181111e+00 -2.552498e+00
9.002529e-01 -1.359967e+00
5.423633e+00 -4.915432e-01
3.355727e+00 5.151022e+00
6.691893e+00 2.628206e+00
2.309589e+00 4.992110e+00
4.196162e+00 2.607405e+00
6.665138e+00 1.093874e+01
5.381015e+00 2.759109e+00
6.472322e+00 6.231770e+00
7.108028e+00 8.735213e+00
3.605937e+00 9.984790e+00
7.602498e+00 -9.627090e+00
9.956472e-01 -1.027280e+01
4.415358e+00 -4.125149e+00
2.723809e+00 -7.899740e+00
9.308254e+00 -6.850583e+00
4.911791e+00 -8.691348e+00
5.896075e+00 -8.078932e+00
5.343608e+00 -6.209629e+00
1.511999e+00 -3.831736e+00
1.588476e+00 -5.434522e-01
5.602829e+00 5.830083e-01
7.610194e+00 -4.276551e-02
5.545213e+00 9.170466e+00
5.640215e+00 7.112103e+00
9.108469e+00 8.107400e+00
7.156509e+00 7.536736e+00
9.068480e+00 9.262353e+00
8.312086e+00 7.233747e+00
1.693368e+00 1.035975e+01
3.248697e+00 -1.027111e+01
5.179652e+00 -1.033184e+01
8.757946e+00 -9.048010e+00
7.411953e+00 -1.079239e+01
8.511361e+00 -1.006902e+01
9.381719e+00 -5.828793e+00
9.697336e+00 -9.464154e+00
8.004368e+00 -7.432397e+00
5.415717e+00 -2.311540e+00
4.297273e-01 -3.962715e+00
7.177937e+00 5.431784e+00
5.380567e+00 4.438827e+00
8.574934e+00 3.555179e+00
3.240223e+00 2.809669e+00
6.164532e+00 3.523309e+00
3.879537e+00 7.846303e+00
4.378235e+00 4.999249e+00
1.043444e+01 -1.022322e+01
8.041746e+00 8.171181e+00
6.993433e+00 -7.728051e+00
1.101914e+01 -9.366919e+00
-9.970878e+00 -8.927381e+00
5.692782e+00 -9.446532e+00
6.408215e+00 -1.034362e+01
-8.770784e+00 -6.996447e+00
6.096826e+00 -1.456222e+00
1.021128e+01 -7.411300e+00
5.616217e+00 -4.570209e+00
1.714347e+00 -1.927477e+00
8.302437e+00 -6.186963e+00
3.523857e+00 6.256730e-01
3.348799e+00 -1.858394e+00
9.985303e+00 1.571829e+00
3.667384e+00 1.599750e+00
9.990611e+00 8.717780e+00
1.061280e+01 7.880734e+00
6.641439e+00 9.842621e+00
9.606128e+00 6.983676e+00
7.647766e+00 1.048596e+01
8.496833e+00 1.115852e+01
7.803739e+00 -8.473639e+00
9.094638e+00 -4.297592e+00
1.004065e+01 -8.403655e+00
-9.481571e+00 -1.061715e+01
1.040344e+01 -6.274004e+00
8.094392e+00 -2.648355e+00
7.203722e+00 -6.514339e+00
2.460349e+00 -4.003097e+00
8.569675e-01 -3.073089e+00
6.368353e+00 -3.602645e+00
7.408908e+00 -3.473495e+00
4.647471e+00 3.006601e-01
7.959705e+00 4.818229e+00
7.860634e+00 2.798869e+00
2.185922e+00 8.064589e+00
4.628247e+00 7.051420e+00
9.368530e+00 2.780784e+00
9.926829e+00 4.824562e+00
-1.043417e+01 8.249308e+00
6.718807e+00 -8.901133e+00
-8.911060e+00 -9.710323e+00
8.062363e+00 9.486545e+00
9.407591e+00 1.024688e+01
-8.246688e+00 8.579753e+00
9.067812e+00 -8.010547e+00
-9.100356e+00 -1.335045e+00
-1.105975e+01 -3.540026e+00
7.334106e+00 -5.360211e+00
6.699443e+00 -2.482673e+00
7.956332e+00 8.906999e-01
9.430505e+00 -7.615433e-01
1.025510e+01 -1.500725e+00
-1.042449e+01 6.097873e+00
7.268750e+00 3.676191e+00
6.599835e+00 4.576081e+00
1.109576e+01 8.996322e+00
1.087817e+01 4.057775e+00
-9.322972e+00 8.336613e+00
1.034567e+01 1.115493e+01
-6.769950e+00 8.689166e+00
