-1.032867e+01 -9.564149e+00
-9.431695e+00 6.883882e+00
-3.821110e+00 8.247161e+00
-5.830464e+00 -2.110075e+00
8.109190e+00 4.804686e+00
-8.014133e+00 -3.161406e+00
9.597708e+00 1.355444e+00
-7.123076e+00 7.585506e+00
9.166321e+00 -3.755575e+00
8.363064e+00 -5.983778e-01
4.747868e-01 9.018273e+00
8.996883e+00 4.112333e+00
8.824798e+00 6.757648e-01
7.456716e+00 2.477718e+00
-7.510501e+00 2.486454e+00
7.871104e-01 3.089359e+00
-1.039430e+01 3.163885e+00
-8.797343e+00 1.056457e+01
-7.663422e+00 -7.936898e+00
-4.816961e+00 -8.845127e+00
-1.008236e+01 -8.367789e+00
-8.949816e+00 -6.335317e+00
6.773685e+00 -5.928260e+00
9.859846e+00 3.751064e-01
4.847917e+00 -6.700709e-01
1.106741e+01 3.912207e+00
-4.878227e+00 -1.505784e+00
5.238085e+00 -7.410618e+00
9.031922e+00 -1.737265e+00
9.855750e+00 3.478448e+00
-5.163113e+00 8.337604e+00
7.233950e+00 -2.669004e+00
-9.335947e+00 2.924889e+00
1.050141e+01 6.783635e+00
-1.892683e+00 2.724732e+00
-1.003450e+01 1.074737e+01
1.065835e+01 -7.838341e+00
-3.463377e+00 -1.073377e+01
-8.296474e+00 -5.275994e+00
-3.528862e+00 7.273454e+00
-8.274288e+00 -7.084102e+00
-9.711606e+00 -3.965361e+00
-7.156564e+00 -8.891236e+00
-6.955035e+00 9.475078e+00
-9.325867e+00 -9.328568e+00
8.964341e+00 6.299940e+00
1.099674e+01 2.817081e+00
-9.717217e+00 -1.988954e+00
9.605729e+00 -5.045948e+00
-9.387728e+00 3.977904e+00
4.922089e+00 5.147886e+00
-4.974046e+00 -4.508496e-01
3.483518e+00 1.007422e+00
-8.766186e+00 4.825309e+00
5.684506e+00 5.629770e-01
-9.184379e+00 1.224703e+00
-3.335716e+00 6.308736e+00
-6.201072e+00 2.371323e-01
-5.637922e+00 6.600621e+00
-5.822988e+00 9.418350e+00
7.026309e+00 -8.173289e+00
6.295534e+00 -1.061464e+01
9.087477e+00 -1.104530e+01
-3.779926e+00 -8.937887e+00
-1.037637e+01 2.017975e+00
-1.021957e+01 -3.047549e+00
-9.528897e+00 -7.306503e+00
-9.199932e+00 1.470558e-01
1.098601e+01 -6.662160e+00
1.006350e+01 -1.753858e+00
-5.130326e+00 2.216757e+00
7.340981e+00 -6.342263e-01
-1.974814e+00 -1.913993e+00
-1.474202e+00 5.492431e+00
-3.601647e+00 9.280800e+00
3.120351e+00 4.386835e+00
-7.180680e+00 -1.658014e+00
-4.603539e+00 7.455893e+00
-9.620923e+00 -5.140105e+00
-4.834409e+00 1.040517e+01
1.644869e+00 -1.033672e+01
-7.711751e+00 -6.176932e+00
-5.667408e-01 9.384114e+00
9.714399e+00 -1.012189e+01
1.031424e+01 -9.296522e+00
9.551210e+00 -7.793959e-01
-4.305869e+00 -5.918066e+00
-4.005301e+00 1.813645e+00
8.623041e+00 -7.238213e+00
7.112391e+00 -5.001688e+00
-8.555562e+00 -1.117600e+00
1.377500e+00 -2.966323e+00
-3.868312e+00 -2.018365e-02
-1.107498e-01 2.077219e+00
7.838975e+00 7.102806e+00
3.284757e+00 -1.647891e+00
9.926457e+00 5.783112e+00
-6.191780e+00 -9.457005e-01
-7.267827e+00 5.370161e+00
1.003991e+01 -6.060944e+00
-1.098211e+01 1.135106e+00
2.956663e+00 -9.760726e+00
-8.769924e+00 -8.165320e+00
-7.177495e+00 -5.312926e+00
-1.241538e+00 -9.857680e+00
-1.068082e+01 -7.530691e+00
-2.410234e+00 -6.279429e+00
6.352931e+00 2.436728e+00
-6.354980e+00 -4.727255e+00
-7.013015e+00 -2.742420e+00
-9.622856e+00 -8.067484e-01
-1.096285e+00 -3.193456e+00
-5.354630e-02 -6.152865e-02
-4.785060e+00 6.113559e-01
5.772533e+00 6.892203e+00
1.101085e+01 5.737974e+00
-5.378717e+00 3.531814e+00
-6.160348e+00 -1.044600e+01
-1.054606e+01 6.516241e+00
-1.001294e+01 7.835541e+00
-3.051350e+00 2.595593e+00
-5.101450e+00 5.524963e+00
-8.305646e-01 -8.401896e+00
-5.060276e+00 -7.823182e+00
6.023611e+00 -4.417358e+00
-5.311806e+00 -6.824654e+00
-4.196386e+00 -6.929249e+00
-1.298091e+00 -1.097206e+01
-7.832600e+00 1.162596e+00
-8.581150e+00 2.081931e+00
5.375212e+00 -5.493154e+00
-2.783973e+00 -4.604537e+00
-7.030391e+00 3.649888e+00
9.313777e+00 5.006205e+00
-6.712484e-01 1.040617e+01
5.557030e+00 7.971354e+00
1.733524e+00 -2.116499e-01
1.989947e+00 4.909161e+00
-2.537438e+00 5.691603e+00
-3.690024e-01 7.006603e+00
-6.933261e+00 6.442422e+00
-1.701120e+00 1.042286e+01
-4.698003e+00 -9.902009e+00
-7.400945e+00 -1.005136e+01
-6.756326e+00 -7.166540e+00
-2.527707e+00 1.113953e+01
-4.847682e+00 -2.603031e+00
-1.001241e-01 -4.800262e+00
-3.831544e+00 -2.475267e+00
-8.133482e+00 9.073929e-02
3.013112e-01 -2.803959e+00
-2.372026e+00 -2.853225e+00
-6.182161e+00 5.551147e+00
-3.304673e+00 -5.642528e+00
-2.388912e+00 1.793532e+00
-4.201226e-01 3.086466e+00
-6.122220e+00 -8.003421e+00
-6.529666e+00 8.478533e+00
-8.686822e-01 4.655158e+00
-1.869977e+00 -3.907844e+00
-6.013480e+00 7.533799e+00
-6.234356e+00 4.303187e+00
4.957316e+00 -6.438385e+00
-4.323816e+00 -3.579268e+00
-1.024024e+01 2.965484e-01
-3.441607e+00 9.279978e-01
-2.453909e+00 3.609573e+00
-5.490991e+00 -3.489070e+00
-7.369757e+00 -6.674973e-01
-3.986783e+00 4.050996e+00
-2.146705e+00 9.017178e+00
4.056475e+00 -5.898445e+00
-1.987715e+00 -7.783106e+00
-1.161127e+00 2.155432e-01
-8.022519e+00 6.844853e+00
-1.778788e+00 -7.183790e-01
-4.245055e-01 5.780994e+00
9.107794e-01 -9.094092e+00
6.996817e+00 1.089424e+01
-2.855673e+00 -6.572783e-01
3.562183e-01 -1.022398e+01
-2.989011e+00 4.621297e+00
-6.518159e-01 -5.717574e+00
-5.970453e+00 1.046284e+01
1.079764e+01 -1.029683e+01
4.224591e+00 -1.068662e+01
-2.965497e-01 -9.332702e+00
-3.840737e+00 -7.951655e+00
-2.983836e+00 -9.541368e+00
-8.437156e+00 3.445461e+00
-1.073221e+01 -8.516927e-01
-2.037729e+00 -5.288882e+00
-6.291398e+00 2.953525e+00
-7.105575e+00 4.875357e-01
3.831050e+00 -1.608148e-01
8.540508e+00 8.033736e+00
1.089239e+00 -1.929125e+00
2.960785e+00 1.037116e+01
5.870619e-01 5.259606e+00
9.031178e+00 -9.296365e+00
4.353758e+00 -3.689148e+00
3.077890e+00 -1.082382e+01
9.559622e+00 7.398849e+00
-8.635343e+00 -4.203361e+00
-4.689905e+00 9.303311e+00
7.033365e+00 5.236592e+00
1.906301e+00 -9.319985e+00
-3.785120e-01 -6.991270e+00
2.345386e+00 -8.406663e+00
-1.214611e+00 -4.666685e+00
1.833148e+00 2.617072e+00
-2.831325e+00 -8.347268e+00
1.507661e+00 9.866164e+00
-6.829799e+00 1.607096e+00
1.957607e+00 1.097978e+01
2.510411e+00 5.345854e-01
2.655136e+00 5.805368e+00
-1.942918e+00 4.615770e+00
5.361451e-01 7.771095e+00
-9.201937e-01 -2.070072e+00
4.864012e+00 9.781516e+00
-8.515876e+00 -1.011164e+01
4.098902e+00 1.057558e+01
-3.701568e+00 1.031004e+01
6.667740e+00 -3.603317e+00
-2.597747e-01 -3.767832e+00
5.358759e+00 -3.614983e+00
-4.094303e+00 -4.719313e+00
6.340788e+00 1.341447e+00
1.149588e+00 4.202837e+00
-3.872895e-01 9.981213e-01
-1.316778e+00 1.828706e+00
4.256559e-01 1.015887e+01
-3.777264e+00 5.390302e+00
9.945591e-02 -1.720567e+00
6.212125e+00 4.568128e+00
5.684851e+00 3.302605e+00
4.000614e+00 -9.603347e+00
4.225954e+00 -7.594183e+00
1.535212e-01 -8.081955e+00
-2.705651e+00 9.856393e+00
2.353069e+00 9.165086e+00
-2.481615e+00 7.024679e+00
5.619996e+00 9.165226e+00
-6.529934e+00 -6.137919e+00
-3.841254e+00 -1.162377e+00
8.671782e+00 9.138314e+00
1.274613e+00 -7.780456e+00
1.055981e+01 1.889827e+00
-1.066329e+01 -5.582734e+00
3.817458e+00 -4.646906e+00
1.949713e+00 -3.808138e+00
5.962962e+00 1.062047e+01
4.491177e+00 9.649834e-01
1.606821e+00 8.441345e+00
-2.176098e+00 6.580364e-01
3.567707e+00 -2.722041e+00
8.090762e+00 1.107978e+01
1.054574e+01 8.978107e+00
2.174725e+00 -7.151360e+00
6.764864e+00 3.669583e+00
8.827798e+00 -6.209241e+00
-5.235606e+00 -4.585804e+00
-5.240188e+00 -1.085900e+01
7.933130e+00 3.755933e+00
6.195845e+00 -6.916436e+00
8.430209e+00 -2.624432e+00
9.786368e+00 -8.339841e+00
6.827778e+00 4.364291e-01
2.928397e+00 -5.923894e+00
-3.295701e+00 -3.382583e+00
9.266670e-01 1.871091e+00
1.095200e+01 1.749108e-01
3.358212e+00 3.269450e+00
6.897435e+00 6.699518e+00
1.507230e+00 5.885788e+00
4.642601e+00 7.329747e+00
3.710610e+00 7.923417e+00
9.584318e+00 8.619223e+00
2.348881e+00 3.759094e+00
6.544504e+00 8.742203e+00
9.263548e-01 4.720014e-01
5.266785e+00 -1.055708e+01
9.690283e-01 1.116586e+01
1.037487e+01 4.697343e+00
-2.252765e+00 -1.015612e+01
6.531794e-01 -6.934677e+00
7.199796e+00 -7.093183e+00
7.959488e+00 -3.915754e+00
4.923951e+00 -4.622412e+00
3.153720e+00 -3.760357e+00
2.479355e+00 -2.767129e+00
4.508398e+00 8.638346e+00
1.223482e-01 4.019624e+00
3.572352e+00 9.366225e+00
-2.978517e+00 -1.723546e+00
-1.109343e+01 1.089512e+01
4.669096e+00 3.002833e+00
-1.459022e+00 6.797334e+00
-1.044127e+01 4.496138e+00
7.241597e+00 -1.026612e+01
1.010419e+01 9.948196e+00
4.516879e+00 -1.735829e+00
6.640290e+00 -1.619440e+00
2.186625e+00 -1.481601e+00
2.773031e+00 -6.150833e-01
8.292992e+00 -1.017347e+01
9.633396e+00 -2.786245e+00
2.955082e+00 2.261320e+00
-5.562637e+00 -5.662824e+00
-6.489613e+00 -3.623739e+00
2.325118e+00 -5.061491e+00
-7.966603e+00 8.934388e+00
-8.799225e+00 9.519697e+00
2.457666e+00 6.949639e+00
-1.020554e+01 5.514724e+00
-7.038305e+00 1.095892e+01
-9.428932e+00 8.692624e+00
7.646454e+00 8.956257e+00
3.669197e+00 6.530607e+00
7.965685e+00 9.981890e+00
-1.076516e+01 8.510267e+00
-8.213004e+00 -9.092939e+00
9.035625e+00 1.011578e+01
8.138775e+00 -8.169154e+00
5.771914e+00 -8.363016e+00
-5.817263e+00 1.160806e+00
5.659522e+00 -9.584787e+00
1.950531e+00 1.561582e+00
-5.049003e+00 4.523637e+00
4.681366e+00 6.203272e+00
-1.358021e-01 -1.107423e+01
-4.214749e+00 2.851370e+00
-1.429665e+00 3.610361e+00
6.055613e+00 -4.481937e-01
3.406705e+00 -8.676004e+00
-3.001057e+00 -7.160722e+00
-1.450758e+00 7.982321e+00
-1.103951e+01 7.520323e+00
4.885881e-01 -5.736219e+00
1.023938e+01 1.103505e+01
-7.480118e+00 -4.259993e+00
1.061747e+01 -8.992695e-01
1.497485e+00 7.196555e+00
-1.028056e+01 -6.527877e+00
-9.077366e+00 -3.150129e+00
-1.109027e+01 -8.787752e+00
7.848698e+00 -1.643653e+00
9.159686e-01 -3.845579e+00
-1.079820e+01 -2.102499e+00
8.102107e-01 -6.231116e-01
7.830660e+00 2.996098e-01
-1.751616e+00 -8.923166e+00
-4.172065e-01 8.139573e+00
4.303026e+00 4.247382e+00
6.193858e+00 5.919162e+00
-5.799691e+00 -9.205036e+00
3.716212e+00 5.431096e+00
-4.382929e+00 6.383567e+00
-1.010564e+01 9.574817e+00
7.730492e+00 -9.250423e+00
9.693976e+00 -7.018922e+00
6.715173e+00 -9.201575e+00
-9.328096e+00 -1.086344e+01
1.095946e+01 -3.107287e+00
8.533585e+00 1.814609e+00
9.459522e+00 2.487460e+00
-1.470787e+00 -6.840233e+00
3.210354e+00 -7.549247e+00
-7.033016e-01 -1.007282e+00
5.582165e+00 -1.423550e+00
8.565187e+00 -4.811167e+00
1.047184e+01 8.011636e+00
4.386250e+00 1.962837e+00
8.553552e+00 2.925474e+00
2.561574e+00 7.997887e+00
5.871071e+00 -2.653345e+00
5.428783e+00 1.701491e+00
-8.299982e+00 7.844906e+00
7.858632e+00 -5.707274e+00
-1.036388e+01 -1.063122e+01
7.227134e+00 7.939532e+00
6.518780e+00 9.786844e+00
-2.739929e+00 8.084751e+00
4.536267e+00 -8.657269e+00
7.995852e+00 5.900195e+00
-9.221524e+00 5.865225e+00
1.018432e+01 -4.112246e+00
1.085691e+00 -4.881698e+00
-1.099429e+01 -4.312162e+00
4.772316e+00 -2.681282e+00
1.060718e+01 -5.117474e+00
-7.784559e+00 4.515065e+00
5.096300e-01 6.343496e+00
1.467584e+00 -6.146611e+00
-7.727451e+00 1.021217e+01
-8.118226e+00 5.757367e+00
-8.296098e+00 -2.172856e+00
1.113018e+01 9.772192e+00
-8.109583e+00 -1.104014e+01
