-9.182328e+00 -1.071953e+01
-9.833954e+00 7.014666e+00
-5.194367e+00 8.759788e+00
-6.272762e+00 -7.303248e+00
1.067246e+01 3.674414e+00
-7.871617e+00 -4.689776e+00
8.508652e+00 1.567091e+00
-7.231220e+00 4.761868e+00
6.056472e+00 -3.721802e+00
8.399097e+00 -4.805866e-01
-1.139219e+00 8.367644e+00
1.037866e+01 2.063217e+00
9.968514e+00 1.020584e+00
7.371639e+00 4.172082e+00
-5.600912e+00 3.178897e+00
1.013345e+00 5.240205e+00
-9.109608e+00 2.177841e+00
-1.053886e+01 9.790268e+00
-7.279566e+00 -7.721816e+00
-7.442130e+00 -9.813823e+00
-1.024638e+01 -6.574294e+00
-8.138637e+00 -5.715949e+00
8.750875e+00 -6.821249e+00
-1.060952e+01 3.211619e-01
3.963961e+00 1.550525e+00
-9.872712e+00 2.998294e+00
-6.130182e+00 -2.939804e+00
8.767362e+00 -8.014981e+00
7.256491e+00 -9.080287e-01
-1.027907e+01 1.865254e+00
-6.425523e+00 6.247829e+00
7.787432e+00 -2.002217e+00
-7.579498e+00 1.617818e+00
9.319399e+00 4.689494e+00
-2.055978e+00 2.634745e+00
1.053395e+01 9.459712e+00
-9.291794e+00 -6.000759e+00
-3.319054e+00 -1.020732e+01
-7.403197e+00 -6.601478e+00
-9.109583e+00 8.195468e+00
-2.707166e+00 -7.759837e+00
-9.259358e+00 -3.870738e+00
-8.313196e+00 -9.164571e+00
-7.986325e+00 9.776344e+00
1.053311e+01 -9.646039e+00
8.408167e+00 3.879949e+00
-9.644296e+00 1.088746e+00
-1.062331e+01 -2.534591e+00
9.055557e+00 -3.680698e+00
-7.724358e+00 2.756526e+00
4.765385e+00 3.460929e+00
-5.722623e+00 -1.738985e+00
3.135226e+00 3.965166e+00
1.094754e+01 5.674447e+00
2.193169e+00 3.397873e+00
-6.666807e+00 1.099254e+00
-6.365744e+00 8.314720e+00
-5.012868e+00 4.956072e-01
-5.979420e+00 4.187438e+00
-8.515135e+00 7.242243e+00
8.768236e+00 -9.217465e+00
5.395201e+00 1.108125e+01
9.462717e+00 -1.016707e+01
-6.313594e+00 -9.500369e+00
-8.502127e+00 6.859528e-02
1.111271e+01 -3.411265e+00
-8.899518e+00 -4.908454e+00
-9.347449e+00 -2.758545e+00
1.022446e+01 -5.320540e+00
1.051780e+01 -9.631110e-01
-3.697127e+00 2.395528e+00
7.478662e+00 1.294151e+00
-5.362744e-02 -1.504801e+00
-1.375789e+00 6.159631e+00
-7.217916e+00 8.991834e+00
2.027661e+00 5.116379e+00
-7.409805e+00 -1.939139e+00
-7.346533e+00 6.816623e+00
-8.457199e+00 -7.822526e+00
-6.141102e+00 9.320974e+00
6.353342e-01 1.105439e+01
-4.988069e+00 -8.837407e+00
-3.820590e+00 1.003260e+01
-1.077079e+01 -8.819694e+00
-1.073066e+01 -7.560273e+00
9.501114e+00 -4.969340e-01
-2.475051e+00 -5.961506e+00
-2.105577e+00 -5.500935e-01
9.883741e+00 -7.516008e+00
6.607632e+00 -7.404271e+00
-8.209643e+00 -3.504328e+00
1.117034e+00 -2.502098e+00
-4.175886e+00 -2.687970e-01
-1.623306e+00 1.402953e+00
8.166016e+00 5.072187e+00
3.267290e+00 -2.836356e+00
9.467352e+00 5.853819e+00
-6.931969e+00 -4.131283e+00
-4.914924e+00 4.082302e+00
9.184210e+00 -4.707952e+00
-8.531677e+00 1.083115e+00
1.509418e+00 -1.010397e+01
-8.611230e+00 -6.805344e+00
-3.067376e+00 -6.802424e+00
9.306593e-01 -6.918492e+00
1.083370e+01 -6.373422e+00
-7.992486e-01 -7.118552e+00
5.620680e+00 2.898155e+00
-5.108914e+00 -7.701865e+00
-4.958065e+00 -4.850546e+00
-9.535701e+00 -1.749160e+00
-2.109873e+00 -1.628451e+00
7.701252e-01 7.338732e-01
-3.649849e+00 6.457001e-01
6.507607e+00 4.848816e+00
1.036702e+01 4.741115e+00
-3.800203e+00 3.910920e+00
-6.922636e+00 -1.068104e+01
1.048632e+01 6.641922e+00
-1.042194e+01 7.949441e+00
-2.997712e+00 3.159199e+00
-5.112815e+00 5.229983e+00
1.841814e+00 -9.004080e+00
-7.189266e+00 -8.929457e+00
5.019433e+00 -5.626675e+00
-4.074947e+00 -9.357612e+00
-1.155005e+00 -6.092441e+00
7.238894e-02 -7.739706e+00
-7.466745e+00 -8.045708e-01
-7.565538e+00 4.988697e-01
6.113196e+00 -6.432638e+00
-7.441992e-01 -4.310826e+00
-6.802325e+00 3.321288e+00
9.577370e+00 3.621673e+00
-2.239053e+00 1.033886e+01
5.081835e+00 7.559315e+00
1.753397e+00 2.355349e+00
4.195133e+00 7.050011e+00
-3.163120e+00 6.965045e+00
-2.211493e+00 8.046998e+00
-6.223284e+00 5.177614e+00
-2.353438e-01 -1.060083e+01
-5.367621e+00 -9.835287e+00
-8.149912e+00 -1.060719e+01
-6.048386e+00 -8.414021e+00
-3.693334e+00 1.115202e+01
-5.875844e+00 -4.007716e+00
-1.520800e+00 -3.585951e+00
-3.495249e+00 -5.760440e+00
-8.389497e+00 -2.220870e+00
1.063329e+00 -1.434982e+00
-3.083348e+00 -2.142467e+00
-7.972977e+00 3.811051e+00
-1.055450e-01 -5.186316e+00
-2.523923e+00 9.166456e-01
1.727707e-01 4.578828e+00
-3.909132e+00 -8.069748e+00
-7.750638e+00 7.903957e+00
-1.881076e+00 5.307140e+00
-4.425207e+00 -4.001438e+00
-6.401035e+00 7.287642e+00
-4.480795e+00 3.138550e+00
5.433809e+00 -7.576851e+00
-5.062076e+00 -3.158040e+00
-8.523090e+00 -1.039986e+00
-4.605218e+00 -1.443641e+00
-1.881503e+00 3.741967e+00
-4.151232e+00 -6.904169e+00
-7.210018e+00 -2.969990e+00
-4.182814e+00 6.009955e+00
-4.413921e+00 -1.036965e+01
3.980259e+00 -5.836483e+00
2.550989e+00 -6.899473e+00
2.990176e-01 -5.151590e-01
-9.352332e+00 5.202263e+00
-3.560593e+00 -1.100248e+00
-1.970356e+00 7.073111e+00
1.662901e+00 -7.750326e+00
6.137271e+00 9.969342e+00
-4.098889e+00 -2.503157e+00
-1.344657e-01 -8.812673e+00
-5.174858e+00 6.441560e+00
9.272712e-01 -4.623248e+00
-5.838679e+00 1.045611e+01
-9.689033e+00 -8.500330e+00
2.745648e+00 -9.641752e+00
-8.970843e-01 -9.645083e+00
-1.155449e+00 -8.175058e+00
-3.116992e+00 -8.948871e+00
-6.649083e+00 2.355378e+00
-1.069078e+01 -1.052992e+00
-3.269834e+00 -3.340161e+00
-6.267732e+00 1.704794e-01
-6.381778e+00 -9.611119e-01
2.861613e+00 1.446876e+00
9.838868e+00 7.414249e+00
2.111073e+00 -1.317786e+00
1.088521e+00 1.007545e+01
-8.606873e-01 7.217162e+00
1.067431e+01 -8.282349e+00
4.825310e+00 -3.427284e+00
2.788075e+00 -1.082808e+01
7.243855e+00 6.874457e+00
-6.109993e+00 -6.109041e+00
-4.870594e+00 9.778521e+00
6.083587e+00 7.110602e+00
9.186461e-01 -8.440364e+00
8.350235e-01 -5.594450e+00
5.011243e+00 -1.020806e+01
-2.125121e+00 -2.787050e+00
1.184991e+00 4.208406e+00
-6.677321e-02 -6.362369e+00
-7.785010e-01 9.345865e+00
-5.510338e+00 1.563804e+00
6.723888e-02 1.005662e+01
6.595460e-01 2.078790e+00
3.404813e+00 7.764551e+00
-2.684934e+00 4.371076e+00
1.144094e-01 7.581410e+00
-9.857987e-01 -2.000802e+00
3.285165e+00 1.053563e+01
-1.020897e+01 1.106961e+01
4.107110e+00 -1.104862e+01
-4.849083e+00 1.101763e+01
5.738823e+00 -2.765417e+00
-2.910628e-02 -2.516266e+00
5.528948e+00 -4.634964e+00
-4.608242e+00 -5.903705e+00
6.362468e+00 1.550193e+00
2.479488e+00 7.158850e+00
-4.090240e-01 1.379615e-01
-1.507499e+00 4.033997e-01
-1.939840e+00 9.121934e+00
-3.216946e+00 5.266866e+00
1.831643e+00 1.265669e+00
5.331745e+00 5.053106e+00
6.663456e+00 3.416749e+00
3.687836e+00 -1.006136e+01
5.003703e+00 -8.491203e+00
2.815598e+00 -8.037868e+00
-2.490319e+00 -1.092185e+01
1.588516e+00 9.173582e+00
-4.274434e+00 7.083270e+00
5.161692e+00 9.244976e+00
-2.025867e+00 -8.831301e+00
-5.356580e+00 -4.687267e-01
9.030129e+00 8.151098e+00
3.475097e+00 -8.839779e+00
1.108010e+01 1.202057e+00
-1.025393e+01 -3.588876e+00
3.119184e+00 -4.907527e+00
4.382118e-01 -3.664239e+00
4.530640e+00 1.013647e+01
2.761052e+00 2.545703e+00
1.670434e-01 8.955413e+00
-9.896080e-01 -7.185011e-01
4.512309e+00 -2.395517e+00
8.455007e+00 -1.045831e+01
1.100753e+01 7.636499e+00
5.568406e+00 -9.294371e+00
5.695043e+00 4.004578e+00
6.456719e+00 -5.369405e+00
-3.535886e+00 -4.670394e+00
-5.839439e+00 -1.081703e+01
7.134097e+00 5.897625e+00
7.096939e+00 -6.371938e+00
8.843881e+00 -1.591429e+00
8.564429e+00 -5.590029e+00
5.054165e+00 1.875199e+00
3.504466e+00 -6.894861e+00
-1.638411e+00 -4.836026e+00
-1.194966e-01 3.312137e+00
-9.513281e+00 -1.983562e-01
2.115153e+00 6.256793e+00
5.974309e+00 8.299474e+00
-1.685957e-01 5.981025e+00
5.022052e+00 6.227729e+00
3.838956e+00 9.345912e+00
8.791882e+00 7.127594e+00
4.314527e+00 5.508277e+00
6.726199e+00 9.075808e+00
2.436378e+00 4.428920e-01
6.181540e+00 -1.051028e+01
4.562125e-01 -9.759292e+00
-1.078747e+01 4.802423e+00
-2.115876e+00 -9.903514e+00
3.947333e+00 -7.802845e+00
7.540203e+00 -5.371840e+00
6.794825e+00 -2.608893e+00
4.274314e+00 -4.812424e+00
2.136200e+00 -2.765817e+00
3.903867e+00 -1.427193e+00
2.220680e+00 9.931806e+00
-8.416386e-01 5.136778e+00
1.722269e+00 1.086765e+01
-3.065378e+00 -1.267678e-01
9.230776e+00 1.116603e+01
3.789015e+00 3.162760e+00
-2.590007e+00 6.096902e+00
-9.788043e+00 4.141745e+00
7.437235e+00 9.986823e+00
1.029477e+01 -1.101874e+01
5.006245e+00 -1.275151e+00
7.575754e+00 2.744277e-01
4.136477e+00 -4.340874e-01
2.833010e+00 -5.731105e-01
7.944336e+00 1.089959e+01
7.812957e+00 -3.274023e+00
-3.234809e-01 1.216298e+00
-1.877906e+00 -7.099120e+00
-5.308636e+00 -6.784297e+00
2.642243e+00 -5.857323e+00
-9.229338e+00 6.242580e+00
-9.043850e+00 9.550616e+00
8.132574e-01 6.464839e+00
-1.079623e+01 6.629628e+00
-8.015637e+00 1.081715e+01
-9.890163e+00 8.951010e+00
7.892474e+00 7.765247e+00
4.438057e+00 8.434561e+00
8.042314e+00 8.842437e+00
9.309806e+00 9.196947e+00
-9.200334e+00 -9.709604e+00
8.663979e+00 1.009191e+01
9.790560e+00 -8.823278e+00
7.777848e+00 -7.215292e+00
-4.368981e+00 1.623186e+00
7.377150e+00 -8.438862e+00
-9.754594e-01 2.650129e+00
-4.135996e+00 4.888333e+00
3.148224e+00 6.121779e+00
-9.764614e-01 1.041282e+01
-2.895967e+00 1.845946e+00
-8.762111e-01 4.049505e+00
3.609737e+00 5.822111e-01
6.690324e+00 -9.525590e+00
-1.405326e+00 -1.087728e+01
-3.459945e+00 7.926547e+00
1.021338e+01 8.508809e+00
1.701269e+00 -6.233023e+00
9.815736e+00 1.022554e+01
-6.007456e+00 -5.080581e+00
1.050952e+01 1.055631e-01
2.203859e+00 8.233719e+00
-1.011103e+01 -4.671395e+00
1.110809e+01 -4.504608e+00
9.646406e+00 -6.229741e+00
6.281897e+00 -5.821055e-01
1.441473e+00 -3.669094e+00
9.856152e+00 -1.702772e+00
3.003910e+00 -1.865603e+00
8.940108e+00 4.968717e-01
1.980332e+00 -5.095767e+00
-2.980115e+00 9.260626e+00
3.186516e+00 5.073321e+00
6.107307e+00 5.963001e+00
-1.034673e+01 -9.819608e+00
4.244284e+00 4.520615e+00
-5.407430e+00 7.486281e+00
-1.098183e+01 8.829986e+00
7.745486e+00 -9.601293e+00
8.077183e+00 -4.421577e+00
7.250752e+00 -1.059655e+01
-9.544694e+00 -7.392867e+00
1.091125e+01 -1.845603e+00
7.039394e+00 2.381758e+00
-1.103780e+01 2.777263e+00
-2.590565e+00 -4.250030e+00
4.994887e+00 -6.661033e+00
1.372006e+00 -3.719226e-01
4.689691e+00 5.404108e-01
7.052458e+00 -4.339313e+00
8.417911e+00 6.114654e+00
1.046995e+00 3.057028e+00
8.231739e+00 2.869550e+00
2.841372e+00 9.047099e+00
6.216902e+00 -1.673472e+00
5.829079e+00 5.132192e-01
-8.148300e+00 5.845621e+00
8.808099e+00 -2.665232e+00
-1.106187e+01 -1.066170e+01
6.850826e+00 7.857469e+00
6.698341e+00 1.075855e+01
-4.151107e+00 8.697936e+00
6.150876e+00 -8.454308e+00
9.342419e+00 2.587767e+00
-1.027478e+01 5.770857e+00
9.901127e+00 -2.978956e+00
3.782358e+00 -3.758042e+00
-1.074656e+01 -5.534626e+00
5.316721e+00 -3.101324e-01
1.006896e+01 -4.058476e+00
-8.831210e+00 3.235434e+00
1.166839e+00 7.974693e+00
2.394440e+00 -3.858929e+00
-9.017237e+00 1.057401e+01
-8.388164e+00 4.775526e+00
-7.120011e+00 -5.455510e+00
1.116097e+01 1.061715e+01
-7.022120e+00 1.026896e+01
