-9.595042e+00 -1.015711e+01
-9.704374e+00 7.140179e+00
-4.864972e+00 8.204675e+00
-5.430556e+00 -4.833555e+00
1.028236e+01 3.774671e+00
-6.776860e+00 -2.601206e+00
8.674889e+00 2.043211e+00
-7.887321e+00 5.444030e+00
7.795672e+00 -3.159954e+00
7.251681e+00 1.313414e-01
-1.896629e+00 9.069741e+00
9.309220e+00 4.731174e+00
9.220371e+00 8.926719e-01
7.229504e+00 3.213720e+00
-5.848479e+00 2.570418e+00
7.592603e-01 4.929463e+00
-9.412660e+00 2.443465e+00
-9.841792e+00 1.013514e+01
-7.251292e+00 -7.628084e+00
-6.693183e+00 -9.074175e+00
-9.818595e+00 -7.026310e+00
-7.870462e+00 -5.291304e+00
6.545070e+00 -8.190928e+00
1.046629e+01 9.898738e-01
3.992564e+00 -2.495338e-01
-1.008936e+01 3.221188e+00
-5.904004e+00 -2.038111e+00
7.705273e+00 -8.029299e+00
7.330928e+00 -1.196586e+00
-1.111702e+01 3.035330e+00
-6.649252e+00 6.698004e+00
7.858220e+00 -2.160234e+00
-9.192353e+00 1.348988e+00
1.016735e+01 6.662457e+00
-8.795848e-01 2.814157e+00
1.038776e+01 -1.102870e+01
-1.041881e+01 -5.259242e+00
-3.585910e+00 -1.025517e+01
-6.536691e+00 -5.440817e+00
-6.735814e+00 9.293039e+00
-5.078598e+00 -7.615374e+00
-8.300090e+00 -3.325862e+00
-7.642455e+00 -8.503938e+00
-8.769423e+00 1.029557e+01
-9.707066e+00 -9.118599e+00
9.659585e+00 5.700260e+00
1.109890e+01 1.819149e+00
-1.064752e+01 -1.186241e+00
9.937039e+00 -3.841524e+00
-8.193793e+00 2.452609e+00
3.907343e+00 4.080621e+00
-6.004280e+00 -8.929343e-01
3.257634e+00 2.490892e+00
-1.068735e+01 5.182080e+00
2.893390e+00 1.161895e+00
-6.965950e+00 7.201009e-01
-5.969402e+00 7.520699e+00
-4.735088e+00 7.142459e-01
-5.725603e+00 4.733107e+00
-7.775902e+00 8.655019e+00
8.478751e+00 -8.794240e+00
5.460962e+00 1.055451e+01
9.954134e+00 -8.837288e+00
-5.437008e+00 -9.213485e+00
-1.080206e+01 7.813477e-01
-9.932226e+00 -2.265469e+00
-9.071054e+00 -5.177887e+00
-9.597522e+00 -1.021799e+00
1.064416e+01 -4.585478e+00
9.423736e+00 -9.009296e-01
-2.845583e+00 1.776822e+00
6.894619e+00 1.409411e+00
-9.518790e-01 -1.184923e+00
-2.020619e+00 6.141306e+00
-5.532111e+00 9.041150e+00
2.005960e+00 4.640591e+00
-8.047596e+00 -1.503543e+00
-6.380310e+00 5.661672e+00
-7.138509e+00 -6.472874e+00
-7.563833e+00 9.904562e+00
2.207283e+00 1.062543e+01
-5.777906e+00 -6.254286e+00
-2.332176e+00 9.976680e+00
-1.104032e+01 -8.733988e+00
1.067637e+01 -6.816506e+00
8.613630e+00 -5.925442e-02
-2.661547e+00 -6.191733e+00
-2.986796e+00 4.414278e-01
9.546760e+00 -7.017696e+00
7.318421e+00 -7.100953e+00
-8.803845e+00 -2.300585e+00
9.501565e-01 -3.654446e+00
-3.866987e+00 -2.811140e-01
-2.192542e-01 1.914803e+00
8.204152e+00 7.366233e+00
3.395738e+00 -3.684638e+00
-1.089639e+01 6.958481e+00
-5.871057e+00 -3.099641e+00
-5.053514e+00 3.237388e+00
9.369220e+00 -4.757969e+00
-1.019756e+01 1.713497e+00
3.119646e+00 -1.095734e+01
-8.652905e+00 -6.179418e+00
-4.004702e+00 -6.717208e+00
3.977871e-01 -7.813320e+00
-1.067355e+01 -6.385738e+00
-1.615662e+00 -8.040761e+00
5.546214e+00 2.935745e+00
-4.738827e+00 -5.860067e+00
-4.940545e+00 -3.807987e+00
-1.030562e+01 -9.546731e-02
-1.348883e+00 -3.175490e+00
1.240837e+00 1.650580e-02
-3.806490e+00 1.261073e+00
5.965239e+00 5.188588e+00
1.101760e+01 6.040778e+00
-2.837867e+00 2.958341e+00
-7.525075e+00 -1.011456e+01
1.075218e+01 7.922482e+00
-1.055362e+01 7.962861e+00
-1.871064e+00 3.449426e+00
-4.816242e+00 4.352269e+00
1.579761e+00 -9.529641e+00
-5.918849e+00 -8.302362e+00
6.043575e+00 -5.276966e+00
-4.504706e+00 -9.650371e+00
-1.909770e+00 -6.967162e+00
-1.075165e+00 -8.883239e+00
-7.503215e+00 -5.889682e-01
-7.985025e+00 3.350091e-01
6.544821e+00 -6.408859e+00
-2.862355e-01 -5.738501e+00
-6.849645e+00 2.907444e+00
1.035662e+01 4.904650e+00
-2.862727e+00 -1.101791e+01
5.695180e+00 6.583921e+00
3.891669e+00 8.981641e-01
1.210222e+00 7.172486e+00
-4.115716e+00 6.156722e+00
-1.381955e+00 7.867501e+00
-7.374568e+00 4.449887e+00
-4.210307e-01 -9.789191e+00
-5.109189e+00 -1.061439e+01
-8.417192e+00 -9.246780e+00
-6.306111e+00 -7.142919e+00
-3.444251e+00 9.930935e+00
-4.901862e+00 -2.656807e+00
4.564512e-01 -4.847735e+00
-2.778688e+00 -4.868459e+00
-8.603446e+00 -5.850738e-01
6.660436e-02 -1.786945e+00
-2.343025e+00 -2.759604e+00
-6.229150e+00 3.788119e+00
-9.363773e-01 -6.531143e+00
-1.910929e+00 8.115011e-01
3.316735e-01 3.333759e+00
-4.549926e+00 -8.569146e+00
-7.288858e+00 7.666106e+00
-1.425558e+00 5.159456e+00
-2.561938e+00 -3.746391e+00
-7.824186e+00 6.440499e+00
-3.960898e+00 2.394031e+00
5.711655e+00 -7.269908e+00
-3.725303e+00 -2.886821e+00
-9.376431e+00 3.250137e-01
-3.025532e+00 -8.789346e-01
-3.119779e+00 5.628437e+00
-4.396501e+00 -4.901596e+00
-6.788241e+00 -1.531284e+00
-4.063841e+00 5.071686e+00
-4.609875e+00 1.023678e+01
5.402419e+00 -6.184319e+00
1.196612e+00 -8.538042e+00
-9.408375e-01 -8.981627e-02
-8.439636e+00 4.370259e+00
-1.919824e+00 -1.864421e+00
-2.039864e+00 7.155058e+00
1.532213e-01 -8.917799e+00
6.511639e+00 1.010430e+01
-4.795524e+00 -1.421881e+00
6.329298e-01 -9.946602e+00
-5.001558e+00 5.541344e+00
1.037002e+00 -5.885701e+00
-6.950671e+00 -1.086476e+01
-1.090923e+01 -7.476939e+00
4.566067e+00 1.114769e+01
-1.599287e+00 -1.021053e+01
-2.892923e+00 -8.236475e+00
-3.672836e+00 -9.029878e+00
-7.877746e+00 1.392762e+00
1.039150e+01 -1.328266e+00
-1.759694e+00 -4.412595e+00
-5.857843e+00 1.085704e+00
-6.028165e+00 1.328135e-01
3.120886e+00 1.368514e-01
9.709266e+00 7.661546e+00
1.067116e+00 -2.555655e+00
1.228247e+00 1.012570e+01
-1.015186e+00 6.879470e+00
1.032747e+01 -7.847354e+00
4.766041e+00 -3.265690e+00
3.305222e+00 1.024252e+01
7.990121e+00 6.166469e+00
-8.363701e+00 -4.319801e+00
-5.925999e+00 9.988107e+00
6.926833e+00 4.753220e+00
1.931422e+00 -1.053996e+01
1.467706e+00 -7.348216e+00
4.021635e+00 -1.035479e+01
-5.708009e-01 -3.850948e+00
1.583491e+00 3.730885e+00
-6.794447e-01 -7.567937e+00
-1.376622e+00 1.015340e+01
-6.750247e+00 1.894983e+00
6.799424e-02 1.040917e+01
2.100115e+00 4.641680e-01
2.296051e+00 7.161200e+00
-2.134218e+00 4.365173e+00
-8.164795e-01 9.290075e+00
-8.685450e-01 -2.233486e+00
4.573125e+00 8.843064e+00
-9.421982e+00 1.114223e+01
4.456226e+00 9.990754e+00
-5.968363e+00 1.096941e+01
6.708147e+00 -2.965259e+00
-6.466082e-02 -2.923993e+00
6.082125e+00 -3.937793e+00
-3.588439e+00 -5.686241e+00
6.417172e+00 2.472140e+00
6.994916e-01 6.091285e+00
9.974583e-02 6.255468e-01
-8.395562e-01 9.993842e-01
-1.711218e+00 -1.116951e+01
-3.208452e+00 4.389869e+00
1.098673e+00 -1.345100e+00
4.930618e+00 5.411530e+00
6.265398e+00 3.753649e+00
5.090286e+00 -9.974584e+00
5.223040e+00 -8.387584e+00
2.207245e+00 -8.640313e+00
-4.179928e+00 -1.109321e+01
1.506708e+00 9.070340e+00
-4.343899e+00 7.160263e+00
4.589971e+00 7.745430e+00
-3.846409e+00 -7.784670e+00
-4.986136e+00 -2.865198e-01
9.275425e+00 9.301544e+00
3.171252e+00 -9.572049e+00
1.026621e+01 2.379679e+00
-9.332406e+00 -3.264979e+00
3.510030e+00 -5.875524e+00
1.481721e+00 -4.639742e+00
5.508473e+00 8.249790e+00
4.431144e+00 1.991866e+00
2.625044e-01 9.205136e+00
-1.970843e+00 -6.360347e-01
4.175884e+00 -4.252828e+00
8.711308e+00 -9.979689e+00
-1.115871e+01 9.292140e+00
3.189640e+00 -8.281533e+00
5.066306e+00 4.345256e+00
7.234059e+00 -5.526744e+00
-3.655571e+00 -4.035374e+00
-6.268575e+00 -1.008085e+01
8.354098e+00 4.038538e+00
8.453631e+00 -7.196537e+00
8.318982e+00 -1.148980e+00
9.331140e+00 -5.967840e+00
5.043898e+00 7.699682e-01
2.513997e+00 -7.498374e+00
-1.903059e+00 -5.469429e+00
6.930905e-01 2.399262e+00
1.088679e+01 -9.989979e-02
1.764991e+00 5.704529e+00
6.685623e+00 7.100311e+00
-5.379295e-01 5.939310e+00
4.712126e+00 6.501107e+00
3.478160e+00 7.812799e+00
8.905294e+00 8.318689e+00
2.699786e+00 6.056193e+00
6.570721e+00 8.199292e+00
2.081024e+00 -9.533529e-01
6.006760e+00 -1.088176e+01
1.021916e+00 -1.110881e+01
-1.079739e+01 4.087216e+00
-2.045185e+00 -9.027275e+00
3.607997e+00 -7.407576e+00
8.019274e+00 -6.181943e+00
6.556763e+00 -1.970637e+00
5.128286e+00 -4.638470e+00
2.364223e+00 -4.163498e+00
1.978288e+00 -3.093216e+00
3.362906e+00 9.016481e+00
-2.660744e-01 4.652652e+00
2.390553e+00 9.583218e+00
-3.793952e+00 -1.728066e+00
9.700782e+00 -9.929248e+00
4.423123e+00 3.114315e+00
-3.203359e+00 7.198669e+00
-9.626785e+00 4.301049e+00
7.591190e+00 1.021115e+01
1.073588e+01 -9.776255e+00
4.403707e+00 -2.248198e+00
6.265438e+00 5.998609e-01
3.282070e+00 -2.094151e+00
3.183666e+00 -9.438852e-01
8.186176e+00 1.110948e+01
8.909358e+00 -3.150662e+00
2.098119e+00 1.890230e+00
-3.016323e+00 -7.170477e+00
-6.086812e+00 -4.065472e+00
4.280312e+00 -6.539545e+00
-8.996133e+00 6.448321e+00
-8.679239e+00 9.202340e+00
6.732286e-02 7.079435e+00
-9.831288e+00 5.864091e+00
-8.467668e+00 -1.049409e+01
-9.254869e+00 8.335978e+00
8.251314e+00 9.367137e+00
3.605282e+00 6.742911e+00
7.007484e+00 9.222785e+00
9.998003e+00 1.012011e+01
-8.210301e+00 -7.168464e+00
8.831723e+00 1.024000e+01
9.132744e+00 -8.016475e+00
7.331160e+00 -9.214766e+00
-5.020040e+00 1.742057e+00
6.661557e+00 -9.984445e+00
1.005473e+00 1.392616e+00
-3.998820e+00 3.478688e+00
3.006017e+00 5.039501e+00
-6.806992e-01 -1.082528e+01
-1.725317e+00 1.959827e+00
-8.863457e-01 3.818164e+00
4.313284e+00 -1.224496e+00
4.231850e+00 -8.877295e+00
-2.574618e+00 -1.000571e+01
-3.624420e+00 8.116303e+00
1.027942e+01 8.789178e+00
2.038024e+00 -6.517579e+00
9.276525e+00 -1.095002e+01
-7.221698e+00 -4.515052e+00
9.868605e+00 5.607517e-02
7.976076e-01 8.194712e+00
-9.621371e+00 -4.258990e+00
-1.037732e+01 -3.187813e+00
1.032751e+01 -5.632558e+00
6.288279e+00 -5.798162e-01
2.368317e+00 -5.572082e+00
8.913529e+00 -2.004196e+00
1.990845e+00 -1.973777e+00
8.070791e+00 9.307379e-01
2.430769e-01 -6.765926e+00
-2.431553e+00 8.072364e+00
2.715944e+00 3.805345e+00
6.886456e+00 5.822511e+00
-9.075354e+00 -8.055501e+00
3.840685e+00 5.630282e+00
-5.628825e+00 6.522761e+00
-1.096594e+01 1.043908e+01
7.695940e+00 -1.026493e+01
8.296488e+00 -5.050717e+00
7.076520e+00 1.117064e+01
-1.013624e+01 -8.150374e+00
-1.107297e+01 -2.182389e+00
7.575361e+00 2.141688e+00
9.302008e+00 3.163120e+00
-7.853962e-01 -4.848112e+00
4.669910e+00 -7.476895e+00
1.528876e-01 -5.260714e-01
5.220545e+00 -4.389926e-01
7.406279e+00 -4.443918e+00
9.053325e+00 6.613909e+00
2.281270e+00 2.859124e+00
8.169444e+00 3.021868e+00
2.355549e+00 8.305202e+00
5.608698e+00 -1.546961e+00
5.705095e+00 1.687908e+00
-8.354188e+00 7.758651e+00
8.455047e+00 -4.068213e+00
-1.060152e+01 -9.766130e+00
7.840741e+00 8.353435e+00
5.461971e+00 9.475130e+00
-4.357548e+00 9.047393e+00
5.981275e+00 -9.059917e+00
7.920453e+00 5.085940e+00
-8.966414e+00 5.364512e+00
9.951913e+00 -2.271810e+00
4.329009e+00 -5.278138e+00
-1.079583e+01 -4.231532e+00
5.676170e+00 -2.671077e+00
1.060524e+01 -2.990263e+00
-9.050362e+00 3.411042e+00
-2.541798e-01 8.308679e+00
3.307113e+00 -4.808179e+00
-1.009854e+01 9.009224e+00
-7.779106e+00 3.349496e+00
-7.225742e+00 -3.496010e+00
-1.050054e+01 -1.097487e+01
-7.926358e+00 1.095691e+01
