4.706310e+00 -1.045481e+01
-7.927938e+00 6.066758e+00
-9.072384e+00 9.033146e+00
-4.422803e+00 -2.258681e+00
-7.131463e+00 4.668020e-02
-1.034898e+01 -9.748260e+00
7.551326e+00 -7.287579e-02
6.279410e-01 4.078527e+00
8.981081e+00 -5.300214e+00
7.036303e+00 -3.200922e+00
-7.974406e+00 8.441695e+00
-1.103809e+01 5.611574e+00
-8.314839e+00 1.082069e+00
3.274344e+00 2.004269e+00
-3.272080e+00 4.213054e+00
6.487469e+00 2.502908e+00
-9.273615e+00 -5.677399e-01
-9.076519e+00 7.789908e+00
-8.399559e+00 -7.175381e+00
-8.324832e+00 -8.924385e+00
7.023438e+00 9.526598e+00
1.062882e+01 -5.642288e+00
6.460245e+00 -5.030878e+00
4.139617e-01 -2.320327e+00
6.383063e+00 5.158518e-01
-8.875871e+00 5.384549e+00
-4.039435e+00 9.894771e-01
1.000082e-01 -9.792399e+00
8.586257e+00 1.693974e+00
-6.517591e+00 3.751554e+00
1.148522e+00 -9.374713e+00
3.853563e+00 4.617737e+00
-1.093337e+01 2.310068e+00
-9.800653e+00 3.079109e+00
-8.057287e-01 5.342036e+00
-7.737418e+00 -1.087074e+01
1.084097e+01 -1.013118e+01
-9.112947e+00 -8.233177e+00
1.024054e+01 -3.515043e+00
-4.642613e+00 1.919149e+00
1.012444e+01 -8.148495e+00
5.499918e+00 -1.178434e-01
1.019033e+01 9.422343e+00
-1.086342e+01 3.394845e+00
-9.059536e+00 -3.987717e+00
1.011022e+01 8.117266e+00
-7.670736e+00 -2.386107e+00
-8.411959e+00 -1.495426e+00
7.632102e+00 -1.152326e+00
-1.053915e+01 1.252667e+00
5.169741e+00 -1.048164e+00
-3.378886e-01 3.734277e+00
9.552919e+00 1.990577e+00
-7.294142e+00 4.562320e+00
8.419046e+00 -4.703136e-01
-6.031579e+00 2.674639e-01
1.407317e+00 7.027828e+00
-8.235498e+00 -4.790752e+00
-7.099963e+00 2.552140e+00
-1.212845e+00 1.091214e+01
4.697192e+00 1.076529e+01
6.792776e+00 -1.060832e+01
8.151559e+00 1.040951e+01
-2.542025e+00 -9.665264e+00
-8.720904e+00 2.985171e+00
5.681516e+00 -8.797518e+00
-1.052930e+01 -6.714213e+00
-6.924444e+00 -3.049947e+00
-9.855485e+00 1.093599e+01
8.287444e+00 -4.396545e+00
2.784924e+00 3.977569e+00
7.881421e+00 8.525612e-01
2.863361e-01 8.108849e+00
9.566011e-01 6.105864e+00
-3.809428e+00 6.556114e+00
-1.070084e+01 4.416765e+00
-7.383246e+00 -1.141659e+00
-5.966029e+00 8.507036e+00
7.648878e+00 -7.199742e+00
1.047854e+01 -7.112632e+00
3.171230e+00 -8.889287e+00
-1.006319e+01 -3.726564e+00
2.098203e+00 5.973714e+00
5.344054e+00 -5.125938e+00
5.722330e+00 9.860278e+00
3.779605e+00 7.723705e-01
9.160138e+00 -8.679487e+00
-4.161387e+00 5.327994e+00
6.063461e+00 -5.984054e+00
1.183058e+00 -1.520738e+00
-8.380339e+00 -1.397548e-01
-8.335405e-01 -3.008158e+00
-7.009927e-01 7.812325e-01
7.761903e+00 3.778875e+00
9.393627e+00 4.037431e+00
2.710524e+00 -2.873086e+00
6.604750e+00 3.972251e+00
-3.195580e+00 3.023343e-01
-5.396262e+00 9.984168e-01
-9.299455e+00 -9.367282e+00
-8.052164e+00 2.068582e+00
2.774677e+00 9.541322e+00
-9.871312e+00 -7.574697e+00
9.342041e+00 -7.129831e+00
-3.982579e+00 -7.983507e+00
-7.840235e+00 1.045506e+01
-1.674955e+00 -6.505417e+00
-9.210497e+00 2.018735e+00
-5.836960e+00 -3.093078e+00
-7.464531e+00 -8.311485e+00
-1.033919e+01 -1.048593e+00
-2.956116e+00 1.331167e+00
2.812877e+00 1.776850e-01
2.205021e+00 4.931519e+00
-9.945652e+00 6.136736e+00
-1.016403e+01 7.453416e+00
-5.427678e+00 3.949913e+00
-5.890753e+00 -5.257409e+00
-7.588462e+00 3.490043e+00
-9.542121e+00 -1.045929e+01
-1.212597e+00 6.400248e+00
-1.990730e+00 5.506230e+00
-3.392098e+00 1.063672e+01
-5.454990e+00 1.070201e+01
7.228582e+00 -4.264146e+00
-1.045378e+01 4.420813e-02
-8.199906e+00 -3.347859e+00
-1.001748e+01 8.502288e+00
5.009567e-01 1.764339e+00
-6.209442e+00 1.713440e+00
7.641190e+00 -5.275853e+00
-7.186115e+00 -5.055366e+00
-1.105143e+01 6.764091e+00
1.106212e+01 5.716595e-01
-1.949598e+00 -7.503794e+00
6.315911e+00 6.426796e+00
-2.979687e+00 -4.901065e+00
4.339916e+00 1.850714e+00
7.067824e-01 9.124022e+00
-9.685295e-02 9.826522e+00
-1.200205e+00 1.736454e+00
-7.809972e-01 -8.245129e+00
-1.116496e+01 1.013340e+01
-8.125126e+00 7.158431e+00
8.187175e+00 -2.099407e+00
-4.292696e+00 4.001653e+00
-4.396442e+00 -1.271513e+00
-5.834877e+00 -7.455101e+00
2.470049e+00 2.949527e+00
-1.010617e+01 -2.653115e+00
-1.857455e+00 -1.603714e+00
-9.216735e+00 3.959319e+00
-6.159021e+00 4.761933e+00
-6.059150e+00 -8.588244e+00
2.591075e+00 1.308782e+00
3.819409e+00 3.460757e+00
-5.540628e+00 -9.586495e+00
-5.698290e+00 -1.066210e+01
8.450221e+00 5.786887e+00
-2.351948e+00 -2.811082e+00
-2.217947e+00 7.060792e+00
-3.591491e+00 2.167426e+00
6.276916e+00 -3.933983e+00
-8.854818e+00 -2.519435e+00
8.957201e+00 4.164916e-01
-1.473774e+00 2.745554e+00
-7.622020e-01 -1.802288e+00
-9.527087e+00 -1.704261e+00
1.098014e-01 4.976278e+00
-4.843247e+00 6.084039e+00
-1.314766e+00 9.878195e+00
2.392506e+00 -6.035595e+00
8.212917e-01 -6.968348e+00
7.157991e+00 5.206694e+00
1.041051e+01 3.777102e+00
-4.135454e+00 -5.324927e-02
5.687920e+00 3.385738e+00
3.117053e-01 -8.759993e+00
1.666497e+00 -1.056286e+01
-2.007442e+00 9.419610e-01
-3.362660e+00 -1.053374e+01
-3.050440e+00 5.301232e+00
-3.927226e+00 -6.815566e+00
-7.049119e+00 8.898481e+00
3.111730e+00 1.065670e+01
1.105661e+01 7.783968e+00
-1.852040e+00 -3.989685e+00
-5.059077e+00 -3.954124e+00
-9.374000e-01 -9.430665e+00
-6.211342e+00 -1.075369e+00
6.463381e+00 1.482797e+00
-4.777460e+00 -5.008414e+00
1.642177e+00 3.926555e+00
-2.378524e+00 2.228617e+00
-2.238586e+00 -3.001444e-01
-1.027498e+01 -8.694140e+00
-3.241495e+00 -9.591739e-01
-5.282327e-01 8.910706e+00
-2.606750e-01 7.173732e+00
6.401553e+00 -8.053843e+00
3.990098e+00 -4.314018e+00
3.650959e+00 -8.057616e+00
8.015157e+00 9.124559e+00
7.562971e+00 -8.239619e+00
-3.163580e+00 3.108217e+00
1.043390e+01 -3.252192e-01
2.789540e-01 -3.533358e+00
-2.965928e+00 -7.639337e+00
-1.586844e+00 8.744906e+00
5.855864e+00 -1.874329e+00
1.752177e+00 2.052483e+00
-6.673992e+00 -6.263712e+00
-1.746987e+00 -1.027434e+01
-3.989951e-01 2.442659e+00
7.873723e-01 -4.430292e+00
4.414553e+00 -3.267354e-02
7.077135e+00 8.407566e+00
-5.124550e+00 5.021100e+00
5.665447e-01 -1.071970e+01
3.115318e+00 5.371365e+00
3.999428e+00 -7.018230e+00
-7.763257e+00 -6.170484e+00
-2.392895e+00 8.176771e+00
-5.926910e+00 7.294773e+00
-5.587646e-02 -8.141784e-01
-1.076348e+00 -3.376464e-01
-6.703957e-01 -4.107647e+00
-5.317418e+00 -6.183562e+00
-7.365987e+00 -4.020128e+00
5.232464e+00 7.163654e+00
9.966529e+00 5.713728e-01
5.038224e+00 1.118187e+00
-4.888560e+00 8.258796e+00
-1.358161e+00 4.194161e+00
3.055103e-01 4.950879e-01
1.062627e+01 4.840330e+00
7.311148e+00 7.380419e+00
2.952060e+00 -7.108762e+00
1.916059e+00 -3.491492e+00
-4.982016e+00 -8.603376e+00
-4.824101e+00 7.235633e+00
-6.705325e+00 -1.051701e+01
-4.420862e+00 1.078004e+01
7.023187e+00 1.060468e+01
-6.113997e+00 -4.298590e+00
9.479945e-01 2.767948e+00
4.063495e+00 7.345046e+00
-8.180405e+00 9.516910e+00
-2.179897e+00 3.613973e+00
7.900584e+00 -1.045168e+01
-6.908504e-01 -6.946720e+00
-3.839293e+00 -5.623157e+00
2.373491e+00 -8.031396e+00
4.061984e+00 5.891016e+00
1.043485e+00 -5.872557e+00
-6.479948e-02 6.179130e+00
1.135816e-01 -6.151655e+00
9.076968e+00 1.096852e+01
4.753225e+00 2.810558e+00
5.183262e+00 -6.728572e+00
-1.093268e+01 -1.933866e+00
8.992800e+00 -9.975555e+00
-5.127208e+00 -5.465806e-01
-3.171919e+00 -8.767556e+00
8.392868e+00 4.666050e+00
-2.366190e-01 -5.083295e+00
8.077976e+00 -9.285346e+00
7.107914e+00 -6.227486e+00
9.927344e+00 -4.808417e+00
2.962519e+00 -5.084859e+00
-3.972614e+00 -4.281336e+00
5.615476e+00 1.995073e+00
-3.121689e+00 -2.007130e+00
5.173961e+00 -4.007064e+00
3.674199e+00 -9.838595e+00
9.315629e+00 6.311888e+00
4.744358e+00 3.924323e+00
1.863353e+00 -7.024581e+00
4.598476e+00 -9.177806e+00
4.828474e+00 8.192731e+00
4.920465e+00 9.209496e+00
4.869059e+00 -2.050383e+00
1.776422e+00 -5.108152e+00
1.981329e+00 1.082211e+01
1.050890e+01 1.728710e+00
-5.885946e+00 9.707087e+00
-8.776598e-01 -5.965852e+00
3.908368e+00 9.892690e+00
6.481151e+00 -1.005112e+00
3.815020e+00 -3.116632e+00
-4.876358e+00 -7.427706e+00
-2.945236e+00 -3.775642e+00
-1.104155e+01 9.029376e+00
5.861651e+00 4.840825e+00
-1.811764e+00 -8.803246e+00
3.555171e+00 -1.987954e+00
9.013339e+00 8.662510e+00
1.039174e+01 -1.356288e+00
9.855655e-01 1.046256e+01
-4.624563e+00 2.967212e+00
-6.434757e+00 1.080243e+01
5.811045e+00 -1.111710e+01
9.376102e+00 -7.138881e-01
2.789113e+00 -4.073081e+00
-2.251594e+00 -5.556757e+00
1.036538e+01 5.914449e+00
-1.104190e+01 -3.104572e+00
5.596448e+00 -3.057783e+00
9.419328e+00 5.082268e+00
-3.883632e+00 -3.253915e+00
-8.784317e+00 -5.716811e+00
9.334263e-02 -7.690939e+00
-6.907632e+00 5.587089e+00
-6.865598e+00 6.698061e+00
3.231785e+00 6.613158e+00
-9.061466e+00 1.013902e+01
-9.332699e+00 -6.713288e+00
-8.769742e+00 -1.111187e+01
1.720665e+00 9.183650e+00
7.467988e+00 1.779591e+00
1.024094e+01 1.066511e+01
-4.758781e+00 9.271777e+00
1.001497e+01 -1.069428e+01
-1.012356e+01 9.736341e+00
9.957859e+00 -9.336957e+00
5.906726e+00 -1.001780e+01
-3.659771e+00 8.130650e+00
5.306599e+00 5.965361e+00
1.035254e+01 2.735101e+00
-1.376835e+00 7.711405e+00
2.716139e+00 -1.069210e+01
-4.626558e+00 -1.025329e+01
-2.855469e+00 6.295681e+00
4.812269e+00 4.947667e+00
9.248215e+00 -1.786800e+00
6.295274e+00 -7.071974e+00
-2.348806e+00 -1.111579e+01
2.542209e+00 8.433109e+00
-7.075083e+00 7.834273e+00
-7.182151e-01 -1.048138e+01
3.763577e+00 -1.084502e+01
-1.097988e+01 -7.804531e+00
6.820896e+00 -2.042398e+00
1.167383e+00 -8.193320e+00
-7.846741e+00 -9.805066e+00
-9.504065e+00 -4.967263e+00
9.225948e+00 9.856687e+00
4.195573e+00 -1.080231e+00
1.116189e+00 -2.773048e-01
-9.554184e+00 9.499758e-01
2.531027e+00 -1.804004e+00
8.442949e+00 -7.841518e+00
-4.232664e+00 -9.379931e+00
-2.503603e+00 1.013080e+01
8.055819e+00 2.611489e+00
8.377485e+00 6.982617e+00
1.100625e+01 -9.033112e+00
7.419336e+00 6.276126e+00
2.472125e+00 7.305900e+00
-8.926282e+00 6.380637e+00
3.883817e+00 8.788262e+00
-1.094905e+01 -1.103248e+01
5.860514e+00 8.785397e+00
-7.286643e+00 -7.172967e+00
9.343096e+00 -3.948386e+00
-5.380798e+00 -1.813549e+00
9.138985e+00 -2.790089e+00
-2.932404e+00 -6.361914e+00
6.784885e+00 -9.326182e+00
1.443288e+00 1.013876e+00
3.132270e+00 -9.300282e-01
9.693000e+00 -5.969166e+00
8.131210e+00 8.022105e+00
9.092657e+00 3.012477e+00
-6.350613e+00 -2.077722e+00
-1.973948e-01 1.087668e+01
2.104015e+00 -6.509429e-01
1.021551e+01 -2.431118e+00
-8.312709e+00 4.486130e+00
4.340702e+00 -5.377272e+00
4.860302e+00 -8.071041e+00
9.302309e+00 7.463561e+00
2.296847e+00 -9.423316e+00
-3.358395e+00 9.207511e+00
1.353427e+00 8.038959e+00
1.025397e+01 6.999192e+00
-5.947517e+00 6.011354e+00
8.469802e+00 -6.358683e+00
-1.438809e+00 -4.950536e+00
-1.088162e+01 -4.403875e+00
1.702793e+00 -2.457174e+00
8.005085e+00 -3.388024e+00
-7.108927e+00 1.129633e+00
6.266848e+00 7.607839e+00
3.423392e+00 -6.168007e+00
-6.706675e+00 -9.476747e+00
-5.794716e+00 2.723517e+00
-1.058945e+01 -5.596538e+00
-9.781525e+00 5.016298e+00
-6.967568e+00 9.926624e+00
