5.839206e+00 1.115199e+01
-8.553732e+00 6.814092e+00
-7.748785e+00 9.074268e+00
-4.884043e+00 -1.193442e+00
-8.136615e+00 1.010487e-02
-9.977202e+00 -8.658772e+00
7.583544e+00 -2.183781e+00
2.200502e-01 3.260916e+00
7.519719e+00 -3.845399e+00
6.145924e+00 -1.848053e+00
-7.098919e+00 8.248421e+00
1.114122e+01 6.490171e+00
-8.798282e+00 8.954825e-01
5.360172e+00 2.018573e+00
-2.114248e+00 5.062096e+00
8.030809e+00 2.560781e+00
1.109029e+01 -2.195552e+00
-8.619172e+00 9.677955e+00
-7.740104e+00 -8.121753e+00
-6.765012e+00 -9.865645e+00
7.735726e+00 1.009132e+01
7.815134e+00 -5.418815e+00
4.422009e+00 -5.707528e+00
4.193913e-01 -2.370627e+00
7.146676e+00 -1.626532e-01
-9.683236e+00 6.412869e+00
-4.884899e+00 1.895813e-01
3.482502e-02 -1.048364e+01
8.727528e+00 1.390729e+00
-7.084221e+00 4.361619e+00
-4.023553e-02 1.082236e+01
3.711963e+00 2.565436e+00
-9.388406e+00 1.928021e+00
-9.736724e+00 2.914456e+00
-1.006719e+00 4.996751e+00
-5.750602e+00 -1.058392e+01
-1.117717e+01 -8.787695e+00
-8.050322e+00 -9.070109e+00
1.080181e+01 -4.361240e+00
-5.713271e+00 1.999833e+00
-1.073923e+01 -7.595406e+00
6.149998e+00 -7.506748e-01
-1.065354e+01 1.030840e+01
-9.836763e+00 4.318445e+00
-9.613052e+00 -5.420872e+00
1.032213e+01 8.293148e+00
-8.264772e+00 -2.596423e+00
-1.010492e+01 -1.955283e+00
5.243453e+00 -1.167267e+00
-1.038256e+01 1.699781e+00
4.516140e+00 -2.847429e-02
-1.564801e+00 4.020373e+00
9.740898e+00 1.286208e+00
-7.929822e+00 4.792197e+00
8.140008e+00 -1.278853e+00
-6.762043e+00 5.475564e-01
2.143809e+00 5.437447e+00
-7.333406e+00 -4.241714e+00
-6.690913e+00 2.988465e+00
-2.727869e+00 1.092050e+01
4.454201e+00 -1.111350e+01
8.931329e+00 -1.063397e+01
9.881981e+00 -1.103289e+01
-3.456435e+00 -8.545682e+00
-8.661691e+00 2.723070e+00
7.551826e+00 -8.696783e+00
1.021028e+01 -5.396193e+00
-7.084817e+00 -2.040171e+00
-9.134216e+00 -1.055220e+01
6.258062e+00 -4.140376e+00
8.618612e-01 4.105362e+00
7.844211e+00 6.940614e-01
-3.330346e-01 5.903296e+00
1.824846e+00 4.351263e+00
-3.945337e+00 7.948565e+00
-1.087998e+01 4.307098e+00
-9.034047e+00 -1.740396e+00
-5.682600e+00 6.753111e+00
7.260603e+00 -6.329144e+00
1.081948e+01 -6.378314e+00
3.765430e+00 -9.056896e+00
-9.312968e+00 -4.046243e+00
2.646354e+00 6.433726e+00
3.905766e+00 -4.788815e+00
6.849365e+00 1.077977e+01
4.659599e+00 1.208737e+00
1.055656e+01 -7.713814e+00
-3.129593e+00 4.688850e+00
4.223574e+00 -7.143069e+00
7.162745e-01 -3.437064e+00
-8.892243e+00 -6.874246e-01
-8.130964e-01 -1.783678e+00
-1.816477e+00 8.482834e-01
8.422884e+00 3.757210e+00
8.163922e+00 4.828945e+00
8.572618e-01 -1.434715e+00
7.011508e+00 2.936880e+00
-3.867478e+00 6.725620e-01
-5.770605e+00 8.541304e-01
-8.913507e+00 -9.518492e+00
-7.756837e+00 2.254604e+00
5.022036e+00 1.015865e+01
-8.405933e+00 -7.227977e+00
9.244329e+00 -5.744827e+00
-3.337030e+00 -7.396597e+00
-8.460852e+00 1.086986e+01
-1.534137e+00 -5.857166e+00
-9.558650e+00 2.019370e-01
-6.119908e+00 -2.628685e+00
-7.029310e+00 -8.873383e+00
-1.105294e+01 -1.120465e+00
-4.610930e+00 1.437011e+00
2.554377e+00 -8.485962e-02
2.342971e+00 3.190403e+00
-1.034018e+01 7.266404e+00
-1.052113e+01 8.296347e+00
-5.233710e+00 4.649564e+00
-6.335700e+00 -4.846829e+00
-7.692521e+00 3.444300e+00
-7.769112e+00 -1.032665e+01
-1.061699e+00 7.981483e+00
-1.533434e+00 7.025466e+00
-2.931367e+00 9.508533e+00
-5.642120e+00 1.068475e+01
4.942768e+00 -4.020639e+00
-1.061356e+01 2.483299e-01
-7.090033e+00 -3.152733e+00
-9.782938e+00 9.678253e+00
5.971508e-02 2.209506e+00
-6.870147e+00 1.723843e+00
5.966031e+00 -5.764398e+00
-6.688660e+00 -5.847023e+00
1.042648e+01 5.289144e+00
1.089249e+01 1.276455e+00
-1.436536e+00 -8.741287e+00
5.090721e+00 6.108305e+00
-4.819174e-01 -3.059576e+00
6.060290e+00 3.302724e+00
1.467972e+00 9.729297e+00
-1.488574e-01 7.289879e+00
-2.287410e+00 1.749715e+00
-4.099550e-01 -9.194043e+00
-1.085903e+01 9.319803e+00
-9.240623e+00 8.764137e+00
8.343925e+00 -3.171398e+00
-4.204404e+00 4.687903e+00
-3.987646e+00 -1.747219e+00
-5.415508e+00 -7.647501e+00
2.620007e+00 2.165470e+00
-9.216606e+00 -3.073827e+00
-2.047533e+00 -1.469689e+00
-8.750842e+00 3.998081e+00
-6.163957e+00 5.125530e+00
-6.092633e+00 -6.705364e+00
3.589687e+00 1.447203e+00
4.983248e+00 3.008447e+00
-6.025720e+00 -8.488149e+00
-3.965267e+00 -9.585994e+00
7.127756e+00 5.337159e+00
-2.443080e+00 -4.132223e+00
-1.578031e+00 5.925215e+00
-4.260136e+00 2.490806e+00
5.333028e+00 -5.023741e+00
-8.289050e+00 -3.659951e+00
8.518625e+00 -5.235741e-02
-1.848146e+00 2.674863e+00
-1.193835e+00 -8.045743e-01
-1.035338e+01 -3.062477e+00
-5.678617e-01 4.038932e+00
-3.739758e+00 5.597969e+00
-6.623591e-01 9.067732e+00
2.456816e+00 -8.745903e+00
-6.442337e-01 -7.837091e+00
6.080335e+00 5.604128e+00
1.061029e+01 3.615085e+00
-3.834431e+00 -3.780921e-01
4.521514e+00 5.239300e+00
6.487414e-01 -9.497105e+00
2.800784e+00 -1.093826e+01
-2.837745e+00 5.442919e-01
-3.767272e+00 1.029719e+01
-2.704421e+00 5.954187e+00
-3.448045e+00 -5.051741e+00
-4.964624e+00 7.553285e+00
4.703485e+00 -1.005583e+01
1.010786e+01 6.283720e+00
-2.962988e-01 -4.192242e+00
-5.218463e+00 -4.803688e+00
-1.570066e+00 -9.837383e+00
-7.139766e+00 -6.254907e-01
6.562937e+00 7.342864e-01
-4.198600e+00 -4.330977e+00
1.253925e+00 2.979439e+00
-3.460247e+00 1.720944e+00
-3.121564e+00 -1.050690e+00
-8.816976e+00 -8.297646e+00
-2.868549e+00 -2.105908e+00
2.269386e+00 8.793347e+00
5.633236e-01 6.502074e+00
7.227075e+00 -7.515329e+00
3.517737e+00 -3.701610e+00
5.358289e+00 -8.976384e+00
9.791334e+00 9.448205e+00
8.263722e+00 -7.454430e+00
-4.008769e+00 3.563047e+00
1.071834e+01 1.978656e-01
2.812972e+00 -4.576235e+00
-2.484294e+00 -6.674870e+00
2.608190e-01 8.451756e+00
2.856359e+00 -1.763824e+00
2.377100e+00 1.123292e+00
-5.427387e+00 -5.914168e+00
-2.535118e+00 -1.046089e+01
-1.225808e+00 1.762477e+00
6.414493e-01 -7.108304e+00
3.521724e+00 4.398089e-01
6.873122e+00 7.408940e+00
-5.308811e+00 5.744969e+00
4.494865e-01 9.629332e+00
3.769732e+00 3.690406e+00
3.334978e+00 -8.155297e+00
-7.578760e+00 -5.203905e+00
-3.537276e+00 6.843746e+00
-7.424854e+00 6.719206e+00
-9.273296e-02 -1.047538e+00
-2.155689e+00 -3.941167e-01
-4.315000e-01 -5.185390e+00
-4.473615e+00 -5.500758e+00
-6.234336e+00 -3.789606e+00
4.011428e+00 6.170827e+00
9.685233e+00 2.379780e-01
5.594698e+00 2.062329e-01
-4.779621e+00 9.985139e+00
-2.596128e+00 3.750444e+00
-2.341434e-01 1.224406e+00
9.461690e+00 4.484594e+00
7.923339e+00 6.857544e+00
4.436115e+00 -8.209751e+00
1.913196e+00 -5.346384e+00
-4.770018e+00 -6.710660e+00
-4.895687e+00 8.548008e+00
-4.855879e+00 -1.008281e+01
-3.560273e+00 -1.064809e+01
8.949006e+00 1.066091e+01
-5.218418e+00 -3.346939e+00
-7.296473e-01 2.878617e+00
3.263592e+00 8.516688e+00
-6.006785e+00 8.350412e+00
-3.082089e+00 2.785020e+00
7.812707e+00 -9.951867e+00
-1.479089e+00 -6.889581e+00
-3.387227e+00 -3.770750e+00
2.633957e+00 -9.834009e+00
2.852154e+00 4.270454e+00
1.552024e+00 -8.293708e+00
7.292385e-01 5.390161e+00
4.090163e-01 -5.786398e+00
9.926532e+00 -9.956583e+00
5.027213e+00 4.019270e+00
5.331442e+00 -7.715301e+00
1.096805e+01 -3.277045e+00
8.871926e+00 -9.562514e+00
-6.125935e+00 -2.952898e-01
-2.384651e+00 -7.863158e+00
7.064072e+00 4.056163e+00
9.537262e-01 -4.875855e+00
9.499074e+00 -7.960451e+00
5.237929e+00 -6.671406e+00
8.462635e+00 -4.566034e+00
3.091030e+00 -5.795363e+00
-4.009239e+00 -2.921558e+00
6.466892e+00 1.928379e+00
-2.387567e+00 -3.033150e+00
4.453489e+00 -3.169382e+00
3.516497e+00 1.057823e+01
8.089793e+00 5.849133e+00
5.969863e+00 4.376389e+00
1.691364e+00 -9.358884e+00
6.685270e+00 -9.338026e+00
4.344283e+00 8.456269e+00
6.427236e+00 8.366765e+00
2.039549e+00 -9.978515e-01
2.340644e+00 -7.706153e+00
2.083104e+00 1.064158e+01
-1.087107e+01 2.990461e+00
-5.604561e+00 9.390346e+00
-2.862506e-01 -6.623867e+00
6.223168e+00 9.709369e+00
4.178627e+00 -1.285677e+00
1.629628e+00 -3.968118e+00
-3.515429e+00 -6.296178e+00
-1.460320e+00 -2.545056e+00
1.098143e+01 7.521173e+00
4.690223e+00 7.084545e+00
-2.763938e+00 -9.373101e+00
1.667159e-01 1.611834e-01
8.795982e+00 8.698962e+00
9.863351e+00 -2.293794e+00
1.055779e+00 1.076216e+01
-5.226388e+00 2.918796e+00
-6.568705e+00 1.022010e+01
7.881616e+00 -1.112091e+01
1.038294e+01 -8.629765e-01
3.802919e+00 -2.239040e+00
-1.429195e+00 -3.550848e+00
9.003377e+00 6.538661e+00
-1.031988e+01 -4.413622e+00
5.735214e+00 -2.995036e+00
9.203358e+00 5.480925e+00
-5.102722e+00 -2.264111e+00
-8.685754e+00 -4.911751e+00
4.842430e-01 -8.187923e+00
-7.330184e+00 5.598107e+00
-8.267345e+00 8.147357e+00
3.660841e+00 7.393950e+00
-9.653892e+00 1.077878e+01
-6.965519e+00 -7.356618e+00
-7.566797e+00 1.027908e+01
2.953985e+00 9.588801e+00
7.464957e+00 1.691059e+00
1.101461e+01 -1.115025e+01
-4.633994e+00 1.108496e+01
1.096838e+01 -9.965782e+00
-1.019826e+01 -1.057627e+01
9.789520e+00 -8.920906e+00
6.889865e+00 -1.045353e+01
-3.979187e+00 9.220354e+00
5.323763e+00 7.860402e+00
1.036569e+01 2.558054e+00
-2.915814e+00 8.170643e+00
4.036441e+00 9.563194e+00
-4.795549e+00 -8.906460e+00
-4.560149e+00 6.526017e+00
3.538252e+00 5.162947e+00
9.312386e+00 -7.993346e-01
6.305506e+00 -7.002927e+00
-2.037645e+00 1.014967e+01
2.555067e+00 7.487915e+00
-6.560145e+00 7.456637e+00
-1.628553e+00 -1.108051e+01
5.824129e+00 -1.014682e+01
-9.200708e+00 -6.410035e+00
4.877372e+00 -2.203901e+00
1.784405e+00 -1.064815e+01
-6.965730e+00 -1.115476e+01
-1.023837e+01 -6.579414e+00
1.062364e+01 1.006147e+01
3.429026e+00 -5.846770e-01
-8.658364e-01 3.041785e-01
-9.927650e+00 -8.001693e-01
1.358528e+00 -2.688126e+00
9.602013e+00 -6.904680e+00
-4.268588e+00 -7.863279e+00
-1.699623e+00 8.911368e+00
9.317947e+00 2.370858e+00
7.651411e+00 8.125898e+00
-9.704798e+00 -7.628264e+00
6.840716e+00 6.321013e+00
1.461368e+00 7.131651e+00
-9.233563e+00 7.637638e+00
5.201053e+00 9.155835e+00
-1.050153e+01 -9.547097e+00
7.253823e+00 9.169448e+00
-7.741240e+00 -6.405209e+00
6.807224e+00 -3.098558e+00
-6.107344e+00 -1.383663e+00
8.915611e+00 -1.896129e+00
-2.369291e+00 -5.243974e+00
8.624645e+00 -8.458257e+00
9.350894e-01 1.339875e+00
9.132698e-01 -4.358073e-01
6.777940e+00 -5.070698e+00
8.796853e+00 9.695609e+00
9.616026e+00 3.361606e+00
-7.966682e+00 -1.394463e+00
-1.003623e+00 1.018054e+01
1.399475e+00 4.662898e-01
9.346797e+00 -3.255492e+00
-8.793159e+00 5.675756e+00
3.015834e+00 -6.828697e+00
6.457527e+00 -8.307291e+00
8.719490e+00 7.626077e+00
3.625746e+00 -1.028552e+01
-2.521970e+00 7.043983e+00
1.355545e+00 8.128564e+00
9.814794e+00 7.317431e+00
-6.460030e+00 6.110562e+00
8.390365e+00 -6.372082e+00
-1.479776e+00 -4.704135e+00
-1.097171e+01 -5.423203e+00
2.674959e+00 -2.840005e+00
7.022018e+00 -1.253486e+00
-7.724710e+00 1.014399e+00
5.866157e+00 6.853562e+00
1.351703e+00 -6.357636e+00
-5.689841e+00 -9.522080e+00
-6.001212e+00 3.760387e+00
9.662071e+00 -4.413584e+00
-1.069748e+01 5.436876e+00
-6.660097e+00 9.215244e+00
