1.009079e+01 -9.061788e+00
-8.068197e+00 8.087675e+00
-4.948808e+00 9.346464e+00
-7.319286e+00 3.278079e-01
-9.751893e+00 2.538120e+00
1.056262e+01 -5.415001e+00
8.881651e+00 -3.508056e+00
-6.020598e+00 4.385715e+00
8.888421e+00 -4.525641e+00
8.340701e+00 -2.091058e+00
-3.732520e+00 9.909465e+00
-9.145862e+00 5.344654e+00
-1.078655e+01 5.032108e-01
8.699832e+00 -1.108864e+00
-1.732803e+00 4.543042e+00
7.373238e+00 2.698108e+00
1.000034e+01 7.742435e-01
-8.498076e+00 -1.082368e+01
-6.512472e+00 -6.277028e+00
-5.125977e+00 -6.030773e+00
1.080849e+01 -7.791722e+00
9.157538e+00 -6.777599e+00
2.487964e+00 -8.119699e+00
3.743568e+00 -3.969414e+00
6.823257e+00 3.539976e-01
-8.834199e+00 7.136081e+00
-4.103774e+00 3.384754e+00
4.379402e+00 1.047012e+01
5.307853e+00 -1.340994e+00
-9.904370e+00 6.652081e+00
-1.279771e+00 5.529404e+00
2.970934e+00 -3.104475e+00
-8.839210e+00 3.209709e+00
-1.109241e+01 6.845305e+00
-3.459164e-01 4.890069e+00
-9.316295e+00 1.071125e+01
1.013119e+01 -6.420758e+00
-6.530333e+00 -7.288734e+00
-1.024493e+01 -5.898882e+00
-3.062858e+00 6.457860e+00
-9.584149e+00 -6.800222e+00
9.937827e+00 -3.405708e+00
-8.595408e+00 -7.312349e+00
-7.711356e+00 9.473929e+00
-1.060662e+01 -7.204844e+00
-1.025142e+01 5.682971e+00
-9.656359e+00 6.603860e-01
-9.807547e+00 -1.691439e+00
6.667446e+00 -2.937012e+00
-6.206640e+00 1.161137e+00
7.333210e+00 -1.554930e+00
-2.570769e+00 1.303651e+00
5.648575e+00 -2.990366e-01
-8.451136e+00 6.147898e+00
7.732887e+00 -5.096074e-01
-7.165180e+00 1.724979e+00
2.256116e+00 5.363297e+00
-7.045087e+00 -9.908480e-01
-5.799864e+00 3.168126e+00
-2.164732e+00 7.565039e+00
7.953710e+00 -1.050933e+01
8.911501e+00 9.022421e+00
-1.037339e+01 9.906976e+00
-5.528507e+00 -7.128055e+00
-7.892227e+00 3.645483e+00
6.502139e+00 -6.789575e+00
7.341542e+00 -6.211674e+00
-8.121519e+00 -8.088261e-01
8.630684e+00 -7.876349e+00
5.847761e+00 -3.804628e+00
1.587569e-02 5.928892e+00
6.198486e+00 -1.914274e+00
-2.276295e-01 3.021077e+00
3.393903e+00 6.546590e+00
-5.001197e+00 7.986913e+00
7.298761e+00 6.185654e+00
-8.483479e+00 -1.836769e+00
-7.032647e+00 8.459297e+00
7.950726e+00 -4.146868e+00
-7.214391e+00 -8.879055e+00
5.438302e+00 -1.047533e+01
-9.379767e+00 -5.413912e+00
1.687988e+00 8.835440e+00
4.679893e+00 -7.597338e+00
7.698654e+00 -9.249191e+00
5.235567e+00 -2.377162e+00
-8.031268e+00 -2.875789e+00
1.460418e+00 6.109551e+00
4.191224e+00 -8.718141e+00
1.601520e+00 -5.132337e+00
1.098673e+01 -3.293745e+00
-5.156594e-01 -1.084392e+00
-3.956439e+00 1.802920e+00
5.060523e+00 3.009696e+00
9.414535e+00 3.937383e+00
-3.363211e-01 -3.900392e+00
9.241281e+00 2.234731e+00
-5.380008e+00 3.284737e-01
-5.050324e+00 5.071472e+00
8.410537e+00 -5.849711e+00
-1.028180e+01 -6.341339e-01
6.069680e+00 9.613979e+00
-8.524069e+00 -6.186917e+00
1.117650e+01 -6.290517e+00
-5.101394e+00 -9.482321e+00
1.106377e+01 -9.565658e+00
-3.179226e+00 -5.170780e+00
1.065722e+01 1.610979e+00
-6.230351e+00 -1.976139e-01
-8.327542e+00 -4.894690e+00
1.103895e+01 -3.979551e-01
-3.840972e+00 -1.314874e+00
9.518830e-02 -9.390175e-02
1.652558e+00 5.609844e-01
1.068192e+01 7.843452e+00
1.082847e+01 9.974524e+00
-4.624799e+00 6.152122e+00
-7.449644e+00 -5.756913e+00
-8.937440e+00 4.278344e+00
-7.429059e+00 -1.098114e+01
7.830992e-02 7.268918e+00
-3.744216e+00 5.522092e+00
8.657657e-02 -9.016822e+00
-1.065450e+01 -8.806995e+00
2.584669e+00 -6.875677e+00
-9.303543e+00 -5.340765e-01
-6.361122e+00 -2.518611e+00
-6.404096e+00 -1.106135e+01
-4.961434e+00 4.002760e+00
-6.888219e+00 2.929533e+00
3.464132e+00 -6.087102e+00
-5.249889e+00 -4.618123e+00
-7.893309e+00 2.551467e+00
-1.114117e+01 3.304611e+00
-3.649360e+00 1.107201e+01
3.126858e+00 8.849548e+00
6.441599e-03 -2.257600e+00
3.067934e+00 3.140772e+00
-1.017776e+00 7.611223e+00
2.903914e+00 7.804510e+00
-6.472307e+00 5.296240e+00
-2.375467e+00 9.564966e+00
-9.544390e+00 -8.014138e+00
-7.464010e+00 -7.862740e+00
-1.018023e+01 -3.447040e+00
-4.275577e+00 7.107469e+00
-4.858597e+00 -9.775605e-01
-1.822799e+00 -6.100044e+00
-6.588944e-01 1.821193e+00
-7.380681e+00 -2.130109e+00
1.390570e+00 -4.694301e-01
-4.813585e+00 2.584956e+00
-5.606024e+00 5.936869e+00
-4.277736e+00 -7.008580e+00
2.948067e+00 2.057204e+00
4.215463e+00 1.574616e+00
-7.709176e+00 -6.786168e+00
-5.831756e+00 8.656194e+00
7.627959e+00 4.003668e+00
-2.993811e+00 -2.992821e+00
-2.503113e+00 5.481732e+00
-3.874660e+00 4.405077e+00
6.421144e-01 -6.199073e+00
-5.938871e+00 -1.455513e+00
9.931156e+00 -1.481078e+00
1.081330e+00 1.977042e+00
5.185310e-01 8.986024e-01
-1.026109e+01 -4.585949e+00
-3.056249e+00 3.232288e+00
4.146907e-01 4.093037e+00
-2.959919e+00 8.677790e+00
3.396886e+00 -9.934475e+00
-2.926277e+00 -8.828174e+00
2.882458e+00 9.486914e-01
-9.802543e+00 3.701485e+00
-4.062502e+00 -2.429158e-01
4.380448e+00 3.996483e+00
-1.236845e+00 -1.028335e+01
5.633062e+00 -9.370807e+00
-3.015379e+00 -5.316348e-01
-8.262331e-01 1.093997e+01
7.590908e-01 5.063224e+00
-4.590883e+00 -3.327157e+00
-5.387572e+00 6.937245e+00
8.860325e+00 -1.101385e+01
5.080348e+00 7.311213e+00
-3.387480e+00 -7.520766e+00
-7.001508e+00 -3.415367e+00
-2.186804e+00 -9.753159e+00
-8.199668e+00 1.207889e+00
1.062863e+01 -2.235935e+00
-3.882357e+00 -4.181930e+00
-1.000606e+00 3.771509e+00
-2.035483e+00 3.303006e+00
5.620611e-01 -1.180799e+00
1.103204e+01 1.097404e+01
-2.125468e+00 -1.221834e+00
3.167980e+00 1.017889e+01
3.297854e+00 5.391358e+00
5.457507e+00 -6.888366e+00
1.513558e+00 -7.329665e+00
5.109840e+00 9.665899e+00
1.000997e+01 6.992773e+00
1.101615e+01 -4.374823e+00
-3.379374e+00 7.625023e+00
8.094393e+00 1.779563e+00
1.027259e+00 -8.250979e+00
-2.539197e+00 -6.813137e+00
4.553590e+00 8.538320e+00
-1.395788e+00 -4.053174e+00
3.082870e+00 4.243819e+00
-4.262708e+00 -5.210690e+00
-4.027627e+00 -9.497892e+00
-3.061142e+00 2.240369e+00
1.756665e+00 -9.012394e+00
3.408375e+00 -8.286260e-01
6.495455e+00 4.591196e+00
8.410544e-01 3.137851e+00
1.438364e+00 -1.086794e+01
3.665669e+00 3.166218e-01
3.166283e+00 -1.101015e+01
-8.497493e+00 -9.683902e+00
-2.407122e-01 9.981133e+00
-6.404141e+00 9.561396e+00
2.688277e+00 -2.111397e+00
-2.917344e+00 -1.927592e+00
1.792008e+00 -6.180607e+00
-3.894229e+00 -2.520289e+00
-8.592408e+00 2.445631e-01
1.925687e+00 3.655872e+00
5.244685e+00 1.679044e+00
1.889191e+00 2.582114e+00
-4.469575e+00 -1.046779e+01
-2.746624e+00 4.289576e+00
-2.302868e+00 2.417259e-01
8.486970e+00 3.257476e+00
1.005799e+01 3.187959e+00
5.867807e+00 1.080554e+01
1.691996e+00 -3.180626e+00
-4.023944e+00 -8.472427e+00
-4.694164e+00 1.069256e+01
-3.070701e+00 -1.030989e+01
-4.023092e+00 8.510215e+00
9.732684e+00 8.112526e+00
-6.283939e+00 -4.175368e+00
-1.564804e+00 1.285482e+00
7.947229e+00 8.555870e+00
-2.700427e+00 1.058247e+01
-5.110812e+00 1.453856e+00
6.069198e+00 -5.805603e+00
-8.766072e-01 -5.142867e+00
-1.985033e+00 -2.624406e+00
6.721894e+00 -1.097282e+01
2.516346e+00 -6.117065e-02
-1.488989e+00 1.008005e+01
-2.035981e+00 2.213116e+00
-1.466902e-01 -6.971284e+00
1.042629e+01 -1.049946e+01
8.959944e+00 1.003428e+01
2.285046e+00 -1.019786e+01
8.998112e+00 1.007935e+00
7.080479e+00 -7.705813e+00
-4.995532e+00 -2.205478e+00
-6.207061e+00 -9.377859e+00
-1.044849e+01 1.400479e+00
9.759232e-01 -4.210431e+00
7.184645e+00 -5.174059e+00
3.548881e+00 -7.529714e+00
8.913188e+00 -9.977940e-02
-3.085024e-01 -8.015473e+00
-5.611963e+00 -3.318504e+00
6.521957e+00 3.461440e+00
9.358232e+00 -2.330175e+00
4.156372e+00 -1.627761e+00
5.432864e+00 6.194528e+00
5.545650e+00 5.069514e+00
4.330530e+00 6.169027e+00
4.015647e+00 9.429334e+00
7.736006e+00 9.662269e+00
6.414376e+00 5.678591e+00
6.868715e+00 1.028592e+01
1.310887e+00 -2.136199e+00
3.902120e+00 7.656418e+00
2.337556e+00 1.076218e+01
-1.051256e+01 4.580406e+00
-5.595144e+00 -1.042713e+01
-1.374381e+00 -7.066681e+00
5.197501e+00 -8.460043e+00
5.062685e+00 -4.530760e+00
3.121439e-01 -5.183627e+00
-2.049426e+00 -5.016246e+00
-7.883354e-01 -2.970118e+00
6.371062e+00 6.843006e+00
4.039965e+00 2.713614e+00
-2.109034e+00 -1.085362e+01
-3.351090e+00 6.007879e-01
-9.802435e+00 7.770252e+00
5.998205e+00 9.772192e-01
6.283644e-01 9.399777e+00
-8.106735e+00 5.038057e+00
-1.027006e+01 1.102144e+01
9.386320e+00 -1.011996e+01
6.879303e+00 1.518820e+00
2.204193e+00 -4.094830e+00
4.497936e-01 -3.309011e+00
4.786415e+00 5.629036e-01
-1.025115e+01 -9.915993e+00
3.877318e+00 -5.083771e+00
9.334551e+00 5.826824e+00
-4.374418e+00 7.544360e-01
-7.987072e+00 -3.889881e+00
-1.196476e+00 -9.012093e+00
-7.153892e+00 1.037986e+01
-7.385353e+00 5.730599e+00
4.367008e+00 5.057596e+00
1.090068e+01 8.938319e+00
-6.266531e+00 -5.280628e+00
-8.227627e+00 1.047027e+01
5.637287e+00 8.674947e+00
7.507618e+00 5.162281e+00
9.969215e+00 1.090062e+01
-7.191360e+00 -9.996137e+00
-9.325457e+00 -9.021534e+00
9.965635e+00 9.400464e+00
9.064369e+00 -8.908147e+00
6.605787e+00 -8.827927e+00
-8.916016e-01 6.544781e+00
6.706867e+00 7.968077e+00
8.497179e+00 4.654568e+00
-1.881362e+00 6.376298e+00
7.597952e+00 7.218292e+00
-6.280185e+00 -8.325740e+00
-1.506870e+00 8.600543e+00
1.970165e+00 1.540057e+00
6.635097e+00 -7.686428e-01
4.558362e+00 -9.676602e+00
-2.105462e+00 -7.873769e+00
1.178606e+00 7.062602e+00
-6.302811e+00 7.722120e+00
6.758302e-02 -1.033617e+01
6.077331e+00 -7.841707e+00
-9.152086e+00 -3.870244e+00
4.896672e+00 -3.462219e+00
1.161110e+00 1.030357e+01
-8.403493e+00 -8.487469e+00
-1.067833e+01 -2.542401e+00
-1.010245e+01 8.870386e+00
4.841516e+00 -5.526429e+00
-1.145152e+00 -1.932802e+00
-1.109526e+01 -1.430788e+00
-1.346715e+00 -3.145479e-01
7.865842e+00 -3.072480e+00
-3.534414e+00 -6.162331e+00
9.156891e-01 8.081413e+00
6.058872e+00 2.301938e+00
8.792214e+00 7.360698e+00
-7.259154e+00 -4.771166e+00
8.402916e+00 6.307762e+00
2.380140e+00 6.881995e+00
-8.973419e+00 8.702945e+00
6.636947e+00 -9.940163e+00
7.990429e+00 -7.022856e+00
7.844855e+00 1.078618e+01
-9.487247e+00 -1.050544e+01
6.883103e+00 -4.097850e+00
-8.881678e+00 1.965964e+00
9.926285e+00 -4.037786e-01
-2.852642e+00 -4.126643e+00
4.291752e+00 -1.081566e+01
-7.173032e-01 6.023329e-01
2.221605e+00 -1.099370e+00
6.120240e+00 -4.802410e+00
1.059714e+01 4.242376e+00
4.587971e+00 -5.375790e-01
-1.093980e+01 2.234125e+00
3.184459e-01 1.090129e+01
4.083057e+00 -2.912157e+00
8.048389e+00 7.023491e-01
-6.618817e+00 6.549975e+00
2.826732e+00 -9.139324e+00
9.663305e+00 -8.072961e+00
1.091258e+01 5.678208e+00
2.016033e+00 9.829893e+00
-3.048001e-01 8.441081e+00
7.029767e+00 8.959308e+00
9.908412e+00 5.053061e+00
-7.428973e+00 7.341384e+00
4.441757e+00 -6.515080e+00
-7.017756e-01 -6.060322e+00
9.373849e+00 -5.506353e+00
2.578763e+00 -5.339393e+00
1.001048e+01 -4.455367e+00
-7.034710e+00 4.362118e+00
5.602335e+00 3.961059e+00
1.089953e+00 -9.927268e+00
-5.126472e+00 -8.103686e+00
-6.056569e+00 2.154760e+00
-9.474740e+00 -2.693961e+00
-9.182901e+00 9.702391e+00
-5.622357e+00 1.027129e+01
