-1.056340e+01 -9.109779e+00
-1.099770e+01 1.003786e+01
1.115229e+01 -8.241576e+00
-7.364232e+00 -8.991674e+00
-1.085548e+01 -7.183827e+00
-9.255002e+00 -7.525519e+00
1.084498e+01 -4.049974e+00
-1.033869e+01 -4.290098e+00
8.940519e+00 -5.490514e-01
9.454641e+00 -1.421702e+00
8.812597e+00 1.329907e+00
9.103525e+00 2.626495e+00
9.916863e+00 1.457114e+00
8.893488e+00 4.037973e+00
9.297316e+00 6.405997e+00
8.418811e+00 5.836237e+00
-9.868480e+00 4.172107e+00
1.074108e+01 9.006885e+00
9.023809e+00 -1.051181e+01
-1.097126e+01 -1.010146e+01
-8.330699e+00 -9.767304e+00
-9.674388e+00 -9.800065e+00
-1.028861e+01 1.101864e+01
-1.021201e+01 -8.093021e+00
-8.246859e+00 -8.351438e+00
-9.113171e+00 -4.423246e+00
-9.630956e+00 -5.350018e+00
-9.283968e+00 -6.499153e+00
1.084303e+01 -2.958334e+00
1.065260e+01 2.757428e-01
-1.046332e+01 -2.948177e+00
-1.114271e+01 -1.874729e+00
1.106887e+01 -7.996033e-01
-1.052553e+01 1.864925e-01
-1.078397e+01 3.485396e+00
9.881926e+00 3.552232e+00
1.026886e+01 9.935745e+00
-9.982710e+00 6.322931e+00
9.514972e+00 8.931118e+00
1.049473e+01 7.986248e+00
-9.295196e+00 1.043263e+01
-6.143824e+00 -7.102116e+00
-9.448811e+00 -8.785760e+00
-6.270337e+00 -9.221991e+00
-7.192750e+00 -7.211930e+00
-8.662503e+00 -5.487152e+00
-7.994271e+00 -4.566191e+00
-9.451677e+00 -3.436092e+00
9.888310e+00 -2.431683e+00
-8.625544e+00 -2.460665e+00
-9.849335e+00 -2.111948e+00
-9.180206e+00 -1.372802e+00
-1.030808e+01 -1.080895e+00
1.024801e+01 4.552221e+00
-1.032083e+01 1.664402e+00
-8.205459e+00 4.064984e+00
-1.109039e+01 6.021284e+00
-9.055438e+00 4.904698e+00
-1.088020e+01 7.093117e+00
-9.260554e+00 9.285996e+00
-7.466174e+00 -1.041569e+01
-7.342149e+00 1.082208e+01
-5.664663e+00 -8.342632e+00
-6.735428e+00 -8.181799e+00
-8.234185e+00 -7.265886e+00
-7.317933e+00 -5.347846e+00
-6.186074e+00 -3.135076e+00
-8.438573e+00 -3.519429e+00
-1.093893e+01 -5.205061e+00
-7.541971e+00 -2.126030e+00
-8.101227e+00 -1.116363e+00
-9.163371e+00 -2.398724e-01
1.104382e+01 1.286327e+00
1.029087e+01 2.629137e+00
9.341070e+00 5.287225e+00
-9.692332e+00 3.066354e+00
-1.108586e+01 2.382090e+00
-8.757237e+00 7.232746e+00
-9.893246e+00 7.400034e+00
-1.081271e+01 8.186302e+00
-6.930949e+00 8.742094e+00
-8.467268e+00 1.103672e+01
-6.477669e+00 -1.083168e+01
-5.072854e+00 -6.996637e+00
-6.788520e+00 -6.238857e+00
-5.436788e+00 -5.969534e+00
-6.206597e+00 -5.209868e+00
-7.953759e+00 -6.288258e+00
-7.340410e+00 -3.140861e+00
-4.360726e+00 -1.956098e+00
-6.521566e+00 -2.091568e+00
-8.140084e+00 3.059401e-02
-7.023127e+00 -1.142222e+00
-9.622877e+00 8.021823e-01
-8.524670e+00 9.753832e-01
-8.034552e+00 2.956459e+00
-7.176564e+00 4.672046e+00
-8.060142e+00 9.905668e+00
-7.419082e+00 7.644300e+00
-9.171149e+00 8.265701e+00
-6.047011e+00 9.137205e+00
-6.990993e+00 9.738521e+00
-4.973924e+00 9.821441e+00
-6.088483e+00 1.033844e+01
-3.844250e+00 -6.857100e+00
-5.787175e+00 -4.210579e+00
7.796115e-02 -2.673694e+00
-6.975601e+00 -4.192219e+00
-4.907937e+00 -3.281910e+00
-4.877185e+00 -9.281020e-01
-6.117294e+00 -6.432248e-01
-5.275793e+00 3.642834e-01
-7.331386e+00 1.058540e+00
-8.055979e+00 1.872657e+00
-5.991943e+00 2.912657e+00
-9.331971e+00 2.077325e+00
-8.086742e+00 5.330903e+00
-7.989641e+00 8.789128e+00
-6.964047e+00 5.792313e+00
-7.789900e+00 6.579129e+00
-6.562627e+00 6.761704e+00
-6.158917e+00 7.761328e+00
-5.083512e+00 1.111498e+01
-3.171431e+00 -8.085303e+00
-3.036605e+00 -5.912965e+00
-3.375423e+00 -4.896749e+00
-3.759813e+00 -2.972851e+00
-4.920588e+00 -4.709085e+00
-5.466985e+00 -2.274103e+00
-2.275527e+00 -2.431776e+00
-4.326381e+00 1.910405e-02
-7.117725e+00 -5.451091e-02
-7.064359e+00 2.221195e+00
-6.056707e+00 1.721468e+00
-5.090863e+00 3.809207e+00
-7.037478e+00 3.259018e+00
-8.894714e+00 6.200829e+00
-6.084170e+00 4.239445e+00
-2.785484e+00 5.472734e+00
-5.897297e+00 5.510648e+00
-4.641013e+00 8.898769e+00
-3.627668e+00 8.228539e+00
-4.528608e+00 -1.011978e+01
-5.596664e+00 -1.014388e+01
-2.271750e+00 -5.027418e+00
-4.293662e+00 -5.524049e+00
-2.888613e+00 -3.879307e+00
-3.885931e+00 -1.041502e+00
-3.223125e+00 -2.001645e+00
-3.047308e+00 -3.228301e-01
-6.270580e-01 -4.786694e-01
-2.413542e+00 -1.146952e+00
-6.266387e+00 6.682031e-01
-5.025042e+00 2.321120e+00
-3.853367e+00 5.162837e+00
-5.031384e+00 4.899838e+00
-3.983679e+00 3.123119e+00
-2.275633e+00 6.411696e+00
-4.089032e+00 7.294879e+00
-3.473423e+00 6.300324e+00
-5.536012e+00 6.910645e+00
-3.921891e+00 -9.030791e+00
-4.100754e+00 1.062644e+01
-4.351077e+00 -7.882315e+00
-2.105790e+00 -8.001946e+00
-2.725689e+00 -7.040070e+00
1.601013e+00 -3.140649e+00
-4.204402e+00 -3.967437e+00
-1.059829e+00 -2.441088e+00
-6.913224e-01 -3.572612e+00
-1.812157e+00 -3.171794e-01
-2.680430e+00 7.625755e-01
-4.738112e+00 1.254617e+00
-3.869920e+00 1.992535e+00
-2.961669e+00 2.956183e+00
-4.094238e+00 4.111582e+00
-3.064207e+00 4.320611e+00
-1.783861e+00 8.100693e+00
-2.618267e+00 7.346552e+00
-4.651920e+00 6.333706e+00
-2.545756e+00 1.005227e+01
-5.227554e+00 8.025553e+00
-2.955762e+00 -1.006067e+01
-2.568995e+00 -9.005827e+00
-5.027846e+00 -9.230865e+00
-1.419212e+00 -7.026730e+00
-1.698232e+00 -3.752103e+00
7.978635e-03 -4.461216e+00
-2.006632e-01 -1.390812e+00
-2.047441e+00 -6.134914e+00
-1.378956e+00 -1.275231e+00
-3.923304e-02 4.400417e-01
-1.512562e+00 7.556647e-01
-3.721177e+00 8.696943e-01
1.090652e-02 4.603085e+00
-2.043047e+00 3.626283e+00
-1.282948e+00 5.988357e+00
-1.538992e+00 9.414757e+00
-2.385065e+00 8.893078e+00
-3.650382e+00 9.698280e+00
-1.165814e+00 1.056399e+01
9.330771e-01 9.633766e+00
-1.444943e+00 -9.513985e+00
-1.093703e+00 -8.170538e+00
2.386199e-01 -8.185821e+00
-1.029586e+00 -6.004613e+00
1.687752e+00 -6.371205e+00
6.803886e-01 -3.567546e+00
1.880491e+00 -4.180889e+00
1.061661e+00 -2.025556e+00
9.594493e-01 4.228604e-01
-5.362208e-01 1.328240e+00
3.806477e-01 3.231578e+00
-2.848202e+00 1.924588e+00
-1.321955e+00 2.823098e+00
-1.746219e+00 4.898175e+00
-1.308751e-01 5.699381e+00
-4.661677e-01 9.000105e+00
1.975655e+00 7.076331e+00
5.218773e-01 7.358053e+00
3.597480e-01 1.083152e+01
-3.235346e+00 -1.110160e+01
-4.207365e-01 -9.126454e+00
5.726886e-01 -6.492899e+00
-1.103706e+00 -4.778269e+00
-9.299804e-04 -5.534958e+00
3.263932e+00 -5.607078e+00
1.603650e+00 -5.261221e-01
2.624844e+00 -3.270051e+00
2.025548e+00 3.831231e-01
-1.766369e+00 1.803761e+00
5.730633e-01 1.450904e+00
-1.304634e-01 2.293555e+00
-1.002150e+00 4.240327e+00
-1.379039e+00 7.105237e+00
-1.990706e-01 6.695189e+00
-4.935354e-01 7.920605e+00
2.484425e+00 7.996539e+00
6.240500e-01 8.481589e+00
1.470515e+00 7.945340e+00
1.950287e+00 9.196120e+00
-2.760592e-01 1.001135e+01
-2.188581e+00 -1.098938e+01
-6.736793e-02 -1.009616e+01
-4.164718e-01 -7.296777e+00
2.219670e+00 -7.678458e+00
9.416166e-01 -5.120463e+00
2.978864e+00 -4.425542e+00
2.017523e+00 -2.077924e+00
5.560409e-01 -5.032673e-01
1.669965e+00 1.443636e+00
2.096907e+00 2.559333e+00
1.070680e+00 2.357243e+00
1.075043e+00 4.198048e+00
1.971863e+00 4.884544e+00
2.464979e+00 6.046681e+00
3.421161e+00 7.394563e+00
4.367577e+00 7.760308e+00
4.841552e+00 9.004989e+00
3.005071e+00 9.456822e+00
9.664532e-01 -1.060811e+01
2.580621e+00 -9.259297e+00
2.261024e+00 -1.110406e+01
-8.617699e-01 -1.086270e+01
7.173942e-01 -9.215079e+00
5.735927e+00 -5.923556e+00
2.163672e+00 -5.219141e+00
3.271476e+00 -2.210762e+00
2.659151e+00 -1.175467e+00
3.824449e+00 -1.336520e+00
4.937020e+00 -1.502693e+00
2.961548e+00 1.106755e+00
3.670156e+00 1.822910e+00
2.025245e+00 3.680007e+00
4.498636e+00 5.681244e+00
9.021483e-01 5.332992e+00
9.178412e-01 6.367964e+00
6.046429e+00 1.086508e+01
3.659386e+00 8.432832e+00
4.149119e+00 9.867650e+00
3.013250e+00 1.050139e+01
7.794633e+00 -8.825466e+00
3.840031e+00 -7.471876e+00
1.658177e+00 -8.605744e+00
1.991841e+00 -1.014275e+01
3.309628e+00 -8.414630e+00
1.105967e+00 -7.600179e+00
4.317235e+00 -4.437317e+00
3.892143e+00 -3.510934e+00
5.478565e+00 -2.387111e+00
4.447672e+00 -3.547887e-01
3.270332e+00 4.681376e-02
4.142579e+00 3.411128e+00
5.402172e+00 5.068692e+00
4.255966e+00 4.568783e+00
3.054097e+00 4.973926e+00
5.430167e+00 7.913379e+00
3.491522e+00 5.918083e+00
6.527557e+00 9.939484e+00
5.169065e+00 1.004208e+01
3.924705e+00 1.094271e+01
4.998492e+00 -7.941026e+00
3.204739e+00 -1.063937e+01
2.795838e+00 -6.563437e+00
3.858119e+00 -6.511623e+00
6.497563e+00 -6.892116e+00
4.761272e+00 -5.615672e+00
7.063214e+00 -5.323292e+00
5.804947e+00 -4.716858e+00
4.478971e+00 -2.538968e+00
6.010787e+00 -1.424719e+00
3.988229e+00 7.998259e-01
6.333304e+00 3.666004e+00
5.410748e+00 6.515215e+00
6.312161e+00 5.920692e+00
4.260674e+00 6.731688e+00
6.651863e+00 6.982100e+00
6.473030e+00 8.075093e+00
6.031692e+00 9.043376e+00
1.687197e+00 1.035736e+01
4.349232e+00 -9.934596e+00
4.475653e+00 -8.842238e+00
5.058832e+00 -6.845570e+00
5.964885e+00 -8.294012e+00
9.270282e+00 -7.687146e+00
8.161540e+00 -5.874170e+00
8.473481e+00 -4.726743e+00
7.524837e+00 -6.766337e+00
6.060347e+00 -3.423138e+00
7.040029e+00 -1.340128e+00
5.257612e+00 1.564722e+00
4.663274e+00 2.541851e+00
5.722589e+00 -1.316347e-01
3.130911e+00 3.921466e+00
7.054138e+00 2.874306e+00
7.074090e+00 9.011360e+00
9.327077e+00 7.463286e+00
7.673002e+00 9.903757e+00
7.083223e+00 1.087852e+01
6.035782e+00 -1.025700e+01
8.158054e+00 -7.755403e+00
1.008423e+01 -8.498819e+00
5.425746e+00 -9.211151e+00
7.094376e+00 -7.898789e+00
9.814969e+00 -6.540332e+00
9.640195e+00 -4.524879e+00
8.638862e+00 -6.747514e+00
6.767281e+00 -4.265224e+00
6.570043e+00 -2.295729e+00
4.973721e+00 -3.628706e+00
7.761460e+00 -6.389355e-01
4.994761e+00 5.910808e-01
6.418878e+00 1.973228e+00
3.084630e+00 2.772124e+00
5.777969e+00 2.847725e+00
7.838376e+00 6.725120e+00
7.420578e+00 7.707436e+00
8.498657e+00 8.098591e+00
8.883102e+00 1.017998e+01
7.132192e+00 -1.005359e+01
5.083711e+00 -1.104261e+01
1.019881e+01 -1.042860e+01
8.904078e+00 -8.587511e+00
1.071994e+01 -9.349990e+00
1.035253e+01 -5.372154e+00
8.265023e+00 -3.505433e+00
9.208232e+00 -5.648369e+00
7.205379e+00 -3.319802e+00
7.665125e+00 -2.197307e+00
8.406903e+00 -1.485712e+00
6.057146e+00 9.341752e-01
6.862555e+00 3.781682e-02
7.653153e+00 1.759864e+00
7.462112e+00 4.013952e+00
6.648475e+00 4.757927e+00
5.212965e+00 3.863319e+00
1.021199e+01 5.799956e+00
8.500671e+00 9.179856e+00
8.291448e+00 1.097620e+01
6.559056e+00 -9.193850e+00
1.081859e+01 1.101090e+01
8.359904e+00 -9.783949e+00
9.589493e+00 -9.451077e+00
-9.329139e+00 -1.078258e+01
1.034190e+01 -7.493121e+00
1.095592e+01 -6.230448e+00
-1.031670e+01 -6.339254e+00
9.567378e+00 -3.469934e+00
8.740692e+00 -2.454822e+00
9.959549e+00 -5.324008e-01
9.475560e+00 4.330012e-01
8.224452e+00 3.679538e-01
8.062844e+00 3.163986e+00
8.220516e+00 4.886504e+00
7.393252e+00 5.604656e+00
-1.012597e+01 5.271189e+00
-1.094578e+01 4.584985e+00
1.044161e+01 6.824341e+00
9.597808e+00 1.097645e+01
-1.032697e+01 9.224593e+00
