-9.512967e+00 1.094929e+01
-1.092852e+01 5.192272e+00
-7.399280e+00 6.982588e+00
-5.502204e+00 -8.835630e+00
8.454711e+00 -1.829520e+00
-9.477347e+00 -4.247981e+00
1.058362e+01 -1.702731e+00
-8.968215e+00 9.129849e-01
5.829788e+00 -4.875729e+00
-1.065273e+01 -1.415645e+00
5.435930e+00 6.139482e+00
1.073836e+01 4.070763e-01
-1.092543e+01 -3.165124e-01
9.615216e+00 2.907401e-01
-3.506841e+00 5.697602e+00
6.788984e+00 -3.187199e-01
-7.703601e+00 2.670814e+00
-5.384299e+00 6.999974e+00
-9.195737e+00 9.308634e+00
-6.176719e+00 9.503450e+00
-8.690402e+00 -7.402401e+00
-8.370426e+00 -6.235131e+00
1.010153e+01 -8.212388e+00
-7.668820e+00 -2.312859e+00
9.449470e+00 -1.378852e+00
-9.986491e+00 1.259004e+00
-7.401614e+00 -3.381167e+00
9.181370e+00 -4.552901e+00
2.309539e+00 -1.321117e+00
9.866154e+00 1.371315e+00
-6.637941e+00 7.765434e+00
6.284482e+00 -2.067233e+00
-9.182399e+00 4.034806e+00
8.169479e+00 3.326458e-01
-5.207530e-01 5.907041e+00
8.697682e+00 6.306016e+00
-9.948926e+00 -9.249456e+00
-5.684526e+00 -9.905050e+00
-8.553782e+00 -1.095235e+01
1.032863e+01 5.355179e+00
-3.514190e+00 -8.491083e+00
-9.241007e+00 -5.348499e+00
-8.652021e+00 7.202025e+00
-5.549875e+00 8.029349e+00
-1.101835e+01 -8.877798e+00
-9.751514e+00 -2.602119e+00
-9.906516e+00 -1.639369e-01
-8.879017e+00 -2.919045e-01
9.349322e+00 -2.450039e+00
-6.900960e+00 3.869698e+00
6.954883e+00 -1.327865e+00
-6.074748e+00 1.495333e+00
1.039072e+01 -5.918968e-01
7.120063e+00 2.987081e+00
3.787216e+00 3.767408e+00
-6.654687e+00 2.608364e+00
-9.749305e+00 7.457145e+00
-4.475627e+00 5.850997e+00
-6.107781e+00 5.006926e+00
-4.087372e+00 6.822274e+00
9.312369e+00 -8.882653e+00
4.571455e+00 -8.893913e+00
1.062407e+01 -6.931618e+00
-5.709519e+00 -7.783517e+00
-7.228652e+00 1.646971e+00
-8.427740e+00 -4.129398e+00
-6.451810e+00 -3.840471e+00
-6.568566e+00 -2.281596e+00
4.733049e+00 -4.888849e+00
-8.653565e+00 -2.975588e+00
-5.036698e+00 4.840063e+00
5.453556e+00 -2.784660e-02
3.206435e-01 -3.476532e+00
4.483313e+00 4.690291e+00
-1.083482e+01 7.241620e+00
2.391869e+00 6.626922e+00
-5.051077e+00 1.301047e+00
-2.054645e+00 7.726382e+00
-7.018530e+00 8.968781e+00
-7.474075e+00 -1.116809e+01
1.262825e+00 -8.543093e+00
-7.580866e+00 -8.852760e+00
-1.986057e+00 9.696807e+00
-1.082541e+01 -9.893276e+00
-9.972972e+00 -7.477888e+00
7.900591e+00 -4.806052e+00
-6.307237e+00 -6.817870e+00
-5.719710e+00 5.985367e+00
-1.034673e+01 -5.439120e+00
7.694902e+00 -1.077506e+01
-1.098127e+01 -7.738983e+00
-3.964209e+00 1.838741e+00
-2.884671e+00 4.693805e+00
-1.291147e+00 6.649738e+00
6.566108e+00 4.060258e+00
2.611031e+00 4.123150e-01
6.784967e+00 1.890593e+00
-9.597476e+00 -6.325058e+00
-1.465194e+00 8.597601e+00
9.655813e+00 -6.369453e+00
-8.297334e+00 1.685944e+00
5.104893e-02 -8.358030e+00
-5.994240e+00 -1.089251e+01
-4.131955e+00 -4.402469e+00
-2.308466e+00 -9.304475e+00
1.094354e+01 -5.788029e+00
-1.807675e+00 -7.533891e+00
8.868340e+00 -4.364931e-01
-6.823492e+00 -1.021051e+01
-3.455650e+00 -1.461999e+00
-5.940929e+00 -6.447406e-01
-5.721200e+00 4.240835e-01
-2.378335e+00 2.353117e+00
-3.914764e+00 3.754486e+00
5.906555e+00 2.822655e+00
1.032730e+01 3.506004e+00
-6.804810e+00 5.995740e+00
-8.950916e+00 6.183187e+00
9.134494e+00 3.510996e+00
-1.022186e+01 4.380010e+00
-2.373105e+00 5.837473e+00
-3.421345e+00 7.849478e+00
-3.338438e+00 -9.554444e+00
-6.741940e+00 -7.997793e+00
-1.339402e+00 -4.423757e+00
-3.841167e+00 1.060570e+01
-2.894438e+00 -7.339622e+00
-1.243196e+00 -6.517818e+00
-4.268704e+00 5.303534e-01
-5.457057e+00 3.707416e+00
-6.681479e-02 -6.514056e+00
-1.473027e+00 -9.750109e-01
-8.736529e+00 3.063519e+00
-9.528242e+00 -1.205099e+00
9.411410e-01 8.711030e+00
6.691944e+00 9.733213e+00
-1.481172e+00 5.327655e+00
9.252930e+00 5.425667e+00
-2.033109e-04 6.785309e+00
5.317230e-01 7.757662e+00
-7.127892e+00 4.943319e+00
1.267961e+00 9.734188e+00
-4.337990e+00 9.678646e+00
-8.498191e+00 1.041370e+01
-7.816860e+00 -1.018564e+01
1.974594e-01 1.064953e+01
-5.245122e+00 -4.052333e+00
-3.381982e+00 -5.440269e+00
-3.959645e+00 -7.400933e+00
-5.583457e+00 -3.089633e+00
-4.854923e-01 3.705379e-02
-2.038407e+00 -3.501340e+00
9.700039e+00 4.418019e+00
-9.985964e-01 -3.356141e+00
-1.736629e+00 4.312261e+00
1.549110e+00 5.903739e+00
-5.215231e+00 -6.695354e+00
-3.843095e+00 8.741664e+00
-2.995123e+00 6.788187e+00
-3.877515e+00 -4.368019e-01
-8.430635e-01 9.401888e+00
-4.529270e+00 7.907687e+00
-3.455857e-01 -9.475014e+00
-5.788435e+00 -5.901167e+00
-6.960129e+00 -1.260903e+00
-4.979720e+00 -9.821422e-01
-3.200368e+00 9.659254e+00
-7.161795e+00 -4.597244e+00
-6.015691e+00 -4.873007e+00
-1.730525e+00 -1.086220e+01
5.954611e-01 -9.362834e+00
1.594177e+00 -7.537508e+00
9.503840e-01 -6.289747e+00
-1.387594e+00 3.106158e+00
1.043631e+01 2.352258e+00
-3.887229e+00 4.797781e+00
2.003778e+00 8.898488e+00
-4.586608e+00 -9.671863e+00
4.837025e+00 8.276260e+00
-5.453905e+00 -2.001097e+00
-2.544400e+00 -8.316021e+00
-5.382052e+00 1.036953e+01
-6.481506e-01 -5.618735e+00
-6.595751e+00 1.059207e+01
-6.578727e+00 -9.146171e+00
-1.440464e+00 -9.862751e+00
-7.364712e-01 -7.646975e+00
-4.544148e+00 -8.461337e+00
-2.712700e+00 -1.044124e+01
-9.835358e+00 3.235587e+00
-7.982715e+00 4.772004e-01
-4.464473e+00 -3.190826e+00
-9.429156e+00 2.184739e+00
-6.767551e+00 2.185596e-01
3.398691e+00 4.672777e+00
1.084430e+01 4.318370e+00
-1.329805e+00 2.061442e+00
5.095884e+00 -9.833871e+00
4.878462e+00 7.175602e+00
1.071019e+01 -1.055768e+01
3.344959e+00 -6.440188e+00
3.757014e+00 -7.561684e+00
6.647719e+00 6.483846e+00
-7.037088e+00 -5.645811e+00
1.633143e-01 9.606389e+00
9.869615e+00 8.256629e+00
1.686594e+00 -9.545863e+00
3.352507e-01 -5.469364e+00
2.876416e+00 -5.363967e+00
-3.245616e+00 3.576782e-01
1.981826e+00 2.517475e+00
-2.398490e+00 -1.595755e+00
2.791661e+00 1.070556e+01
-3.464909e+00 2.766645e+00
1.732444e+00 7.883501e+00
-9.621284e-02 2.595211e+00
5.506820e+00 9.173220e+00
-3.519776e-01 8.466739e+00
7.248026e+00 8.695663e+00
-2.615651e+00 3.400656e+00
4.600457e-01 -7.391175e+00
-1.028998e+01 6.410955e+00
7.413799e+00 -9.766108e+00
-1.141790e+00 1.042758e+01
2.592258e+00 -2.598156e+00
-1.725487e+00 -5.385673e+00
3.949491e+00 -5.589600e+00
-4.442497e+00 -1.875339e+00
5.095509e+00 -2.820196e+00
4.340728e+00 6.297483e+00
-4.584042e+00 2.917769e+00
3.063760e-01 3.933762e+00
5.339834e-01 5.807487e+00
-2.484273e+00 8.745362e+00
6.616808e-02 1.217595e+00
4.587591e+00 2.205258e+00
3.572667e+00 2.620198e+00
2.740766e+00 -7.340621e+00
6.759932e+00 -8.890033e+00
1.964801e+00 -1.061733e+01
4.384968e+00 -1.082379e+01
3.387944e+00 -8.652225e+00
-5.300639e-01 -1.052627e+01
3.985686e+00 -9.739119e+00
8.084803e-01 -1.076474e+01
-2.637468e+00 -2.580088e+00
8.249215e+00 9.475335e+00
7.650764e+00 -8.365369e+00
-7.786058e+00 -6.821807e-01
-8.589568e+00 -1.764283e+00
1.113760e+00 -4.381089e+00
-2.701160e+00 -5.873460e-01
3.764670e+00 8.432511e+00
3.632883e+00 1.587728e+00
3.090097e+00 9.509638e+00
-2.863494e+00 1.323651e+00
2.359062e+00 -6.335288e+00
8.746670e+00 -1.087066e+01
7.409325e+00 5.068593e+00
7.837192e+00 1.055619e+01
5.617510e+00 4.701101e+00
4.702202e+00 -6.279126e+00
-3.823822e+00 -6.419152e+00
-4.858914e+00 -1.113537e+01
7.185518e+00 7.560276e+00
5.726536e+00 -5.901373e+00
6.582811e+00 -4.150233e+00
3.581442e+00 -4.443122e+00
1.383178e+00 -3.006502e+00
-1.130823e+00 -8.688520e+00
-3.415788e+00 -3.660670e+00
2.139389e+00 4.677039e+00
7.746912e+00 -2.718379e+00
2.796031e+00 5.539427e+00
4.445334e+00 9.228054e+00
4.837457e+00 3.287934e+00
7.616478e+00 6.110306e+00
4.701231e+00 -7.764955e+00
9.469464e+00 9.220148e+00
8.554059e+00 8.429033e+00
5.517418e+00 -8.694630e+00
4.893474e+00 8.554877e-01
5.474035e+00 -7.084880e+00
1.530434e+00 1.076525e+01
6.428863e+00 5.461960e+00
-3.929839e+00 -1.047447e+01
2.349516e+00 -8.669477e+00
6.203192e+00 -7.940028e+00
4.789707e+00 -1.705845e+00
2.169731e+00 -4.247133e+00
-1.776518e+00 1.883163e-02
7.574073e-01 -1.117270e+00
3.400660e+00 -1.068276e+01
2.838031e+00 8.087451e+00
3.953385e+00 1.022639e+01
-2.715709e-01 4.811607e+00
1.112851e+01 1.049661e+01
5.235315e-01 -2.351648e+00
9.156550e-01 4.785538e+00
7.698162e+00 3.928620e+00
6.495130e+00 1.111398e+01
8.250144e+00 -9.143870e+00
1.656026e+00 -5.435195e+00
1.516919e+00 -2.023971e+00
4.411625e+00 -6.285640e-01
5.686823e+00 -1.090931e+00
8.988837e+00 1.051811e+01
6.674977e+00 -6.463582e+00
1.296078e+00 1.764127e+00
-4.724595e+00 -5.502309e+00
-3.658677e+00 -2.550855e+00
-2.072595e-01 -4.417237e+00
9.262254e+00 2.452923e+00
-1.016773e+01 9.823710e+00
5.959707e+00 7.287577e+00
9.732811e+00 6.271523e+00
-8.176687e+00 9.362851e+00
1.116811e+01 9.273776e+00
1.043384e+01 7.151489e+00
5.506328e+00 -1.090307e+01
1.031944e+01 -9.613046e+00
9.338372e+00 -9.964229e+00
-8.703293e+00 -9.264653e+00
1.026815e+01 9.928889e+00
8.760198e+00 -5.669338e+00
9.907874e+00 -5.335966e+00
-8.150004e+00 4.064927e+00
7.223069e+00 -7.375595e+00
1.000801e+00 2.945771e+00
-2.595466e+00 1.077120e+01
6.156592e+00 9.759297e-01
1.148055e+00 6.923572e+00
1.727960e+00 3.774447e+00
2.657719e+00 3.329681e+00
7.892506e+00 1.593890e+00
6.339935e+00 -9.944386e+00
2.800508e+00 -9.611632e+00
-7.451938e+00 1.011813e+01
1.093417e+01 8.100155e+00
1.730540e+00 -5.281237e-01
-9.458088e+00 -1.029020e+01
-1.063890e+01 -6.449114e+00
6.676218e+00 -3.004813e+00
6.216854e+00 8.267679e+00
-8.054982e+00 -5.121458e+00
9.880824e+00 -3.789302e+00
7.557514e+00 -3.683242e+00
4.073792e+00 -2.556017e+00
-1.637140e+00 -2.445375e+00
5.596398e+00 -3.745446e+00
-9.978649e-01 1.036002e+00
4.499956e+00 -3.788961e+00
-5.331874e-01 -2.448824e+00
-7.292434e-01 7.541905e+00
8.629922e+00 4.452753e+00
9.210906e+00 7.395528e+00
9.797111e+00 -1.095583e+01
5.537512e+00 1.862162e+00
-9.123992e+00 8.205491e+00
-1.044558e+01 8.400318e+00
8.609301e+00 -8.070884e+00
6.845813e+00 -5.377297e+00
8.486846e+00 -6.966187e+00
-9.346992e+00 -8.419071e+00
1.037329e+01 -2.756732e+00
3.978966e+00 3.666682e-01
-1.037570e+01 -3.460990e+00
-2.613194e+00 -4.514319e+00
-2.554299e+00 -6.238109e+00
1.491116e+00 6.313993e-01
3.073309e+00 -5.158682e-01
3.181415e+00 -3.459029e+00
8.835182e+00 1.107666e+00
2.423793e+00 1.457437e+00
8.196716e+00 2.932245e+00
5.921172e+00 1.033177e+01
3.399530e+00 -1.620315e+00
7.249419e+00 7.337678e-01
-9.473091e+00 5.202607e+00
8.681008e+00 -3.499142e+00
-1.038712e+01 -1.075976e+01
8.161993e+00 7.208665e+00
9.480322e+00 -7.428484e+00
-5.251081e+00 9.127665e+00
7.821426e+00 -6.128616e+00
-1.088360e+01 -2.450930e+00
-1.039196e+01 2.244908e+00
1.059427e+01 -4.605943e+00
5.236442e-01 2.027641e-01
1.094180e+01 -3.589815e+00
7.821101e+00 -7.620326e-01
-1.073700e+01 -4.477270e+00
1.111153e+01 1.428885e+00
3.544080e+00 7.076821e+00
-3.941119e-01 -1.189027e+00
-7.983760e+00 8.139707e+00
-1.101706e+01 3.111512e+00
-7.520205e+00 -7.229943e+00
1.091017e+01 6.172112e+00
-8.262123e+00 5.064384e+00
