-7.363124e+00 -9.402146e+00
9.709299e+00 1.018324e+01
-9.709468e+00 1.109824e+01
-9.533107e+00 -1.020084e+01
-1.043551e+01 -5.116953e+00
-9.027976e+00 -5.367701e+00
1.085761e+01 -4.398735e+00
9.995822e+00 -3.672022e+00
7.435138e+00 -1.570888e+00
7.294780e+00 8.093058e-01
7.148586e+00 5.662852e+00
8.229851e+00 6.084687e+00
9.498257e+00 -1.552253e+00
5.441182e+00 7.353902e+00
-1.042680e+01 9.052577e+00
9.316348e+00 5.015027e+00
-9.561260e+00 3.468300e+00
-7.646034e+00 7.623192e+00
8.174114e+00 9.528454e+00
-8.716257e+00 1.061875e+01
-8.211750e+00 -8.489160e+00
-3.602779e+00 -7.924858e+00
1.098561e+01 -9.566166e+00
1.117470e+01 -5.937078e+00
-9.425988e+00 -8.396814e+00
-1.070738e+01 -1.920460e+00
-9.416593e+00 -1.872018e+00
-9.557826e+00 -4.285643e+00
8.286421e+00 -3.034251e+00
1.008171e+01 3.292979e-01
9.543698e+00 -2.606671e+00
8.485976e+00 -2.072072e+00
1.055564e+01 -2.122130e+00
1.106138e+01 1.721870e-01
8.610098e+00 2.430696e+00
6.203136e+00 8.220788e+00
1.075444e+01 9.792655e+00
-6.386249e+00 9.889434e+00
-1.065250e+01 1.016980e+01
1.093092e+01 8.585306e+00
-6.628894e+00 -1.031565e+01
-6.188853e+00 -7.575825e+00
1.073768e+01 -8.186679e+00
-8.574509e+00 -1.052560e+01
-9.961019e+00 -6.090142e+00
-8.580258e+00 -1.271231e+00
-8.454179e+00 -2.307114e+00
-9.230695e+00 -3.003132e+00
3.491372e+00 -1.142440e+00
-9.010673e+00 8.179730e-02
9.723260e+00 -4.767017e+00
-1.015827e+01 3.957101e-01
-1.068578e+01 -6.416749e-01
1.095074e+01 7.311914e+00
1.036959e+01 -8.906567e-01
-7.940375e+00 6.710150e+00
-8.950100e+00 6.138378e+00
-4.876442e+00 5.522364e+00
-5.803608e+00 6.762833e+00
-5.931423e+00 5.602916e+00
-5.263767e+00 -9.896382e+00
-2.497243e+00 -1.045996e+01
-7.420477e+00 -7.413948e+00
-7.843532e+00 -6.187076e+00
-9.551950e+00 -7.468980e-01
-8.979820e+00 -6.486760e+00
-7.122067e+00 -5.221895e+00
-7.374960e+00 -4.132293e+00
6.387961e+00 -5.863350e+00
-8.315820e+00 8.887561e-01
-7.553906e+00 -1.234510e+00
1.103737e+01 2.244335e+00
7.785893e+00 3.034782e+00
9.323049e+00 6.106814e+00
1.027869e+01 5.280581e+00
9.792915e+00 2.280069e+00
-8.030593e+00 -3.053703e-01
-5.397976e+00 7.838996e+00
-6.112757e+00 8.774841e+00
-9.382889e+00 8.579638e+00
-4.942182e+00 9.031356e+00
-7.650311e+00 9.723179e+00
-5.817586e+00 1.089875e+01
-4.348723e+00 -9.030305e+00
-6.788449e+00 -6.389252e+00
-8.547039e+00 -7.397385e+00
-6.406619e+00 -4.521047e+00
-7.840371e+00 -3.226338e+00
-1.079763e+01 -7.223889e+00
-3.274808e-01 -4.379168e+00
-8.060653e+00 -4.968231e+00
-4.861852e+00 1.478061e+00
-6.667564e+00 -4.989468e-01
-7.177423e+00 4.503930e-01
-9.893444e+00 2.344419e+00
1.059249e+01 3.234532e+00
-1.017880e+01 4.460226e+00
-9.601728e+00 1.003410e+01
-2.471441e+00 5.823273e+00
-2.404400e+00 1.092380e+01
-4.998975e+00 1.010843e+01
-3.381086e+00 -1.109612e+01
-4.840276e+00 -1.103340e+01
-3.340858e+00 -3.661889e+00
-2.489229e+00 -6.038037e+00
-6.645181e+00 -3.456171e+00
2.884727e+00 -3.240887e+00
-8.548747e+00 -4.043184e+00
-6.044041e+00 -5.576464e+00
-5.251579e+00 -1.573717e+00
-6.236733e+00 -1.473099e+00
-6.082424e+00 8.307641e-01
-8.057103e+00 5.575357e+00
-7.914655e+00 1.971248e+00
-9.012840e+00 4.506648e+00
-1.040550e+01 1.509688e+00
-7.187054e+00 8.752184e+00
-7.502217e+00 -1.086203e+01
-9.428936e+00 1.211775e+00
-6.467242e+00 7.674816e+00
-3.245052e+00 3.977004e+00
-6.890903e+00 5.623340e+00
-1.160158e+00 -9.982292e+00
-6.989174e+00 -8.408275e+00
-3.748913e+00 -4.706522e+00
-4.599121e+00 -3.528121e+00
-1.546931e+00 -4.293604e+00
-5.644641e+00 -6.510455e+00
-6.885618e+00 -2.403429e+00
-1.810983e+00 -1.274450e+00
-5.856054e+00 -2.610598e+00
-5.871661e+00 1.975285e+00
-6.979757e+00 1.607937e+00
-1.071712e+01 3.276696e+00
-5.064714e+00 2.664957e+00
-3.764070e+00 6.107710e+00
-6.884891e+00 6.628360e+00
-9.724114e+00 5.386498e+00
-6.022883e+00 3.119747e+00
-4.776250e+00 6.872591e+00
-3.824531e+00 9.254368e+00
-2.563530e+00 7.004382e+00
-4.083577e+00 -1.024554e+01
-6.167586e+00 -9.379175e+00
-2.412491e+00 -7.196348e+00
-4.926313e+00 -8.084531e+00
-2.578333e+00 -4.505061e+00
-5.608565e+00 -3.729944e+00
-1.007958e+00 -3.446045e+00
-2.877142e+00 -8.492559e-01
-1.274870e+00 3.796817e-02
-1.140964e+00 -2.424015e+00
-5.655832e+00 -1.754602e-01
-3.305972e+00 2.790351e+00
-5.957735e+00 4.602003e+00
-3.361756e+00 4.342217e-01
-2.417183e+00 -2.509747e+00
-4.764458e-01 3.940717e+00
-4.356358e+00 8.212593e+00
-4.237813e+00 4.672292e+00
-3.266038e+00 8.363449e+00
-3.920768e+00 1.039487e+01
-1.336733e+00 9.096677e+00
-3.307874e+00 -6.750694e+00
-5.157934e+00 -4.839964e+00
-2.246445e+00 -3.517799e+00
1.381214e+00 -3.400141e+00
-4.700201e+00 -2.487472e+00
3.079492e-01 -3.429537e+00
1.213263e+00 -5.669869e+00
9.425482e-01 -4.467322e+00
-1.609883e+00 1.000639e+00
-2.322866e+00 -4.824346e-02
-4.722197e+00 4.656446e-01
-8.827402e+00 2.673668e+00
-7.224911e+00 4.509722e+00
-2.406017e+00 3.326901e+00
-3.269984e+00 -9.352244e+00
-1.327845e+00 6.098542e+00
-3.780304e+00 1.493905e+00
-1.391283e+00 -1.101469e+01
-3.598628e+00 7.254742e+00
-1.044051e+00 -8.876447e+00
-2.219123e+00 -9.424454e+00
-4.424507e+00 -7.246534e+00
-1.548917e+00 -5.575273e+00
2.215451e+00 -5.114480e+00
-4.350980e+00 -5.673245e+00
8.748012e-01 -2.493183e+00
-3.533876e+00 -2.661794e+00
-7.262493e-01 -1.008635e+00
-2.266871e-01 1.376479e-01
-8.062064e+00 3.575819e+00
-4.361810e+00 -6.210191e-01
1.946783e+00 3.371220e+00
-1.066832e+01 5.584773e+00
-3.133504e+00 5.050999e+00
-1.477000e+00 7.119221e+00
-2.097468e+00 4.354097e+00
-7.048486e+00 1.059552e+01
-2.886123e+00 9.988795e+00
-5.183415e-01 6.659049e+00
2.977111e-01 1.075163e+01
-2.524960e+00 -8.337778e+00
9.415118e-01 -1.024136e+01
5.600149e-01 -6.651091e+00
-7.735651e-01 1.049201e+01
1.672051e+00 -6.785811e+00
3.184660e+00 -8.405042e+00
1.172799e+00 -1.558783e+00
5.048691e+00 1.140519e+00
-2.278223e+00 2.212940e+00
-1.391535e+00 3.426599e+00
-3.635729e+00 -1.622722e+00
-5.093728e+00 3.766568e+00
-4.202642e+00 3.223111e+00
-1.192664e+00 4.887294e+00
-2.012299e+00 8.012323e+00
2.621225e+00 6.629621e+00
6.495711e-01 3.844964e+00
-2.319308e+00 9.048996e+00
-2.137035e-01 -9.507929e+00
9.896257e-01 -7.604518e+00
-1.459848e+00 -7.954617e+00
2.033227e+00 -4.152750e+00
4.662176e-02 -5.359747e+00
3.367072e+00 -5.541353e+00
9.511037e-01 2.772512e-01
4.154585e+00 -3.164323e+00
4.403457e+00 2.585801e+00
-7.202470e+00 2.691068e+00
4.929188e-01 1.201514e+00
-1.206899e+00 2.284922e+00
1.117025e+00 2.616843e+00
-2.599500e-01 5.346286e+00
8.673698e-01 5.235952e+00
1.546385e+00 4.381149e+00
8.056662e-01 9.685975e+00
-6.940189e-01 8.046148e+00
3.652968e-01 8.710326e+00
2.283151e-01 7.482929e+00
1.537526e+00 6.291732e+00
1.544554e+00 8.831200e+00
-3.928730e-01 9.592043e+00
-6.106152e-01 -6.210067e+00
-1.536173e+00 -6.605450e+00
3.520578e+00 -7.195940e+00
3.212367e+00 -4.443983e+00
-5.985088e-01 1.433807e+00
-2.680896e+00 1.209751e+00
3.966491e+00 1.611345e+00
6.796678e+00 2.373610e+00
1.617931e+00 1.357526e+00
8.196220e+00 5.041404e+00
4.278662e-01 6.208652e+00
2.105826e+00 2.362252e+00
4.423984e+00 3.728023e+00
2.096909e+00 7.550667e+00
3.919343e+00 8.673977e+00
2.722897e+00 1.056189e+01
3.740519e+00 6.718795e+00
2.467122e+00 -7.494009e+00
2.193743e+00 9.696768e+00
-1.732875e+00 1.010071e+01
2.099726e+00 -1.059982e+01
5.303554e+00 -3.970228e+00
2.456553e+00 -6.109804e+00
4.376855e+00 -5.376187e+00
3.403347e+00 5.646382e-01
-3.421926e-02 -1.786108e+00
1.982984e+00 3.673764e-01
3.100312e+00 2.423456e+00
6.808932e+00 -2.407506e-01
2.592100e+00 4.401561e+00
5.036664e+00 8.441498e+00
-1.914961e-01 2.703485e+00
2.972139e+00 5.491982e+00
3.141184e+00 -1.068461e+01
3.726591e+00 1.042161e+01
3.337815e+00 9.442421e+00
2.135828e+00 -8.451250e+00
8.656134e+00 -5.741422e+00
4.018246e+00 -6.343183e+00
-1.300181e-01 -1.059598e+01
1.548180e+00 1.066287e+01
-6.212311e-01 -7.191251e+00
-1.917835e-02 -8.399562e+00
5.563610e+00 -5.106300e+00
6.660506e+00 -4.726431e+00
5.419028e+00 -1.762006e+00
1.564905e+00 -6.041815e-01
4.580128e+00 2.192091e-01
4.116059e+00 5.608241e+00
5.470215e+00 4.147053e+00
1.968619e+00 5.385992e+00
3.381962e+00 3.419475e+00
4.358449e+00 1.114937e+01
3.738695e+00 4.455644e+00
6.552077e+00 7.221900e+00
6.201911e+00 -9.190565e+00
4.779508e+00 9.459480e+00
9.265467e+00 -1.002150e+01
1.857433e+00 -9.469617e+00
4.611004e+00 -7.310790e+00
2.871846e+00 -9.432207e+00
8.487758e+00 -7.594672e+00
4.264100e+00 -8.432495e+00
5.619842e+00 -7.215133e+00
5.393811e+00 -6.158220e+00
1.956494e+00 -2.383408e+00
2.646140e+00 -2.860144e-01
5.797537e+00 1.907793e+00
7.691512e+00 1.793989e+00
7.044031e+00 9.031439e+00
6.069189e+00 6.141417e+00
7.743527e+00 7.087683e+00
7.664949e+00 8.128785e+00
7.140180e+00 1.006111e+01
9.859947e+00 7.001445e+00
2.602032e+00 8.627362e+00
9.760956e-01 -8.828997e+00
3.961303e+00 -9.819409e+00
7.888933e+00 -1.007012e+01
6.791461e+00 -1.012922e+01
9.594786e+00 -7.821521e+00
9.817059e+00 -5.940696e+00
8.512948e+00 -8.577368e+00
6.724292e+00 -6.937442e+00
5.180610e+00 -2.844119e+00
3.257675e-01 -7.002743e-01
7.530823e+00 4.006886e+00
6.515530e+00 3.568407e+00
6.291676e+00 9.498992e-01
2.755617e+00 1.402387e+00
5.185458e+00 5.462774e+00
6.189369e+00 9.619621e+00
4.869780e+00 6.509546e+00
1.034553e+01 -1.054760e+01
6.496307e+00 1.084121e+01
7.490152e+00 -7.740463e+00
9.875840e+00 -8.995014e+00
-1.007525e+01 -9.198763e+00
5.338626e+00 -8.453945e+00
6.476866e+00 -8.059413e+00
-9.760104e+00 -7.152178e+00
6.276255e+00 -2.395558e+00
9.097642e+00 -6.728728e+00
6.387920e+00 -3.629543e+00
3.066565e+00 -2.150420e+00
8.989530e+00 -3.949225e+00
4.588278e+00 -1.079490e+00
4.141295e+00 -2.047980e+00
1.095196e+01 1.189155e+00
5.430679e+00 2.984480e+00
8.761116e+00 7.488998e+00
8.657526e+00 8.607236e+00
5.543893e+00 -1.051423e+01
9.600025e+00 7.984562e+00
5.298248e+00 1.047684e+01
8.436908e+00 1.075974e+01
7.466075e+00 -8.774149e+00
-1.050754e+01 -3.863015e+00
-1.057694e+01 -8.295029e+00
-1.095177e+01 -1.047735e+01
7.901131e+00 -6.680901e+00
6.381617e+00 -1.349921e+00
7.426070e+00 -5.639666e+00
4.202096e+00 -4.206962e+00
2.290335e+00 -1.413169e+00
7.438201e+00 -3.875684e+00
7.815698e+00 -2.100567e-01
5.639257e+00 -2.535144e-01
8.552328e+00 4.046687e+00
9.165455e+00 1.523412e+00
3.209889e+00 7.782837e+00
4.385241e+00 7.660867e+00
9.978697e+00 4.089672e+00
1.090665e+01 6.334956e+00
9.873392e+00 8.985116e+00
5.090508e+00 -9.452949e+00
-8.410299e+00 -9.467233e+00
7.474662e+00 -1.101182e+01
9.464565e+00 -1.113646e+01
-8.232485e+00 8.482075e+00
1.038385e+01 -6.785686e+00
-1.017854e+01 -2.847906e+00
1.114285e+01 -3.063086e+00
8.174738e+00 -4.713261e+00
7.294028e+00 -2.747965e+00
9.338863e+00 -5.186837e-01
8.506608e+00 6.300784e-01
8.446642e+00 -1.073065e+00
-1.025102e+01 6.590336e+00
9.290237e+00 3.272654e+00
6.396826e+00 4.863660e+00
-1.050628e+01 7.907693e+00
1.102584e+01 4.285932e+00
-9.141644e+00 7.222069e+00
1.062690e+01 1.076635e+01
-8.643326e+00 9.468058e+00
