8.452834e+00 -1.096361e+01
-1.000876e+01 6.789003e+00
-8.552691e+00 8.050615e+00
-4.752825e+00 -2.730175e-01
-8.994688e+00 1.910735e-02
-8.979813e+00 -8.115733e+00
5.976741e+00 -4.049049e+00
2.394818e-01 4.620561e+00
5.527853e+00 -5.373046e+00
5.174691e+00 -3.194183e+00
-7.521505e+00 7.681863e+00
1.077377e+01 4.336858e+00
-9.074965e+00 1.027608e+00
4.787426e+00 -1.465748e-01
-9.459740e-01 5.854380e+00
7.109276e+00 6.395455e-01
1.111201e+01 -1.909224e+00
-9.684804e+00 9.973433e+00
-5.215631e+00 -7.298849e+00
-7.104779e+00 -8.993661e+00
8.762859e+00 1.009581e+01
7.828025e+00 -4.449901e+00
3.365934e+00 -6.462971e+00
1.193085e+00 -2.133495e+00
6.156028e+00 -1.625825e+00
-1.073826e+01 6.111194e+00
-4.915236e+00 8.296617e-01
2.670197e+00 1.115825e+01
6.182898e+00 8.288418e-02
-6.699757e+00 4.406741e+00
7.407059e-02 9.241817e+00
3.864556e+00 1.924917e+00
-8.724390e+00 3.851539e+00
-9.590056e+00 4.496491e+00
-3.208157e-01 6.678394e+00
-8.838525e+00 -9.825931e+00
1.069070e+01 -7.008001e+00
-8.292946e+00 -9.009083e+00
1.115228e+01 -4.803759e+00
-5.597389e+00 3.496974e+00
-1.056196e+01 -8.054474e+00
5.111768e+00 -2.069528e+00
-9.827138e+00 8.780484e+00
-7.812274e+00 4.728742e+00
-1.035943e+01 -5.473689e+00
1.064608e+01 6.543844e+00
-8.332636e+00 -2.751998e+00
-1.037342e+01 -2.604571e+00
4.199483e+00 -3.471784e+00
-9.620850e+00 2.008781e+00
3.749904e+00 2.321799e-01
-2.259944e+00 4.835586e+00
6.914905e+00 -7.163241e-01
-6.987958e+00 5.387609e+00
8.185524e+00 -2.426554e+00
-7.936992e+00 4.994515e-01
2.565694e+00 5.305562e+00
-7.743299e+00 -4.713970e+00
-5.979127e+00 2.052985e+00
-2.963640e+00 -1.064838e+01
6.123049e+00 1.025611e+01
9.489551e+00 1.083702e+01
1.056664e+01 1.062916e+01
-4.525277e+00 -9.227546e+00
-9.642258e+00 3.218485e+00
7.907857e+00 -8.670330e+00
9.638906e+00 -6.206225e+00
-6.326356e+00 -2.843684e+00
-1.063916e+01 -9.385841e+00
4.180503e+00 -5.340306e+00
2.331322e-01 5.662537e+00
5.349996e+00 -9.808831e-01
7.450566e-02 8.271871e+00
2.094691e+00 4.319615e+00
-5.847292e+00 9.714040e+00
-1.078426e+01 4.947796e+00
-9.260210e+00 -2.176604e+00
-4.928195e+00 6.542385e+00
5.543509e+00 -6.450154e+00
-9.686934e+00 -7.442341e+00
5.174611e+00 1.099281e+01
-9.907489e+00 -4.500831e+00
2.448583e+00 6.464005e+00
2.497203e+00 -7.462610e+00
7.643685e+00 9.747818e+00
4.414139e+00 1.087727e+00
-1.051946e+01 -6.779695e+00
-2.594794e+00 5.823899e+00
2.964946e+00 -8.578930e+00
-1.181066e+00 -2.262725e+00
-9.160359e+00 -1.046919e+00
-1.206982e+00 1.338458e+00
-3.135826e+00 2.019031e+00
7.834212e+00 1.476307e+00
1.067736e+01 2.237003e+00
1.129481e+00 -7.462298e-02
6.839775e+00 2.245962e+00
-4.154038e+00 1.656042e+00
-6.727658e+00 -2.619120e-02
-9.523978e+00 -9.080482e+00
-8.179878e+00 1.577180e+00
5.568021e+00 8.817718e+00
-8.544414e+00 -7.107260e+00
9.081359e+00 -4.316304e+00
-3.227407e+00 -7.333461e+00
-9.363428e+00 1.096701e+01
-2.378143e+00 -5.318954e+00
-1.015356e+01 8.495685e-01
-5.861040e+00 -1.841621e+00
-6.375857e+00 -8.194998e+00
-1.095383e+01 -8.572509e-01
-6.173028e+00 9.760015e-01
1.756407e+00 1.811552e+00
2.506650e+00 3.259500e+00
1.062979e+01 7.698479e+00
-1.074399e+01 7.518056e+00
-4.408940e+00 5.618683e+00
-5.570805e+00 -4.954394e+00
-7.606700e+00 3.650150e+00
-8.464247e+00 -1.077058e+01
1.077739e+00 8.807369e+00
-9.367690e-01 7.791857e+00
-1.480261e+00 1.097207e+01
-7.241046e+00 -9.972011e+00
2.642474e+00 -4.350726e+00
-1.002282e+01 -2.550802e-01
-6.639768e+00 -5.012585e+00
-7.715756e+00 8.703993e+00
-1.450290e+00 3.811984e+00
-7.220826e+00 1.481769e+00
4.450418e+00 -6.390702e+00
-4.431802e+00 -4.541207e+00
-1.067038e+01 2.817690e+00
-1.100092e+01 2.360871e-01
-2.193208e+00 -7.360193e+00
4.694648e+00 5.606342e+00
2.001450e+00 -1.065317e+00
5.259125e+00 3.574359e+00
2.317728e+00 9.235441e+00
9.822584e-01 7.182760e+00
-4.402881e+00 3.479002e+00
-2.560103e+00 -8.373513e+00
-1.108068e+01 8.636260e+00
-9.537834e+00 7.808109e+00
9.110427e+00 -3.254588e+00
-2.608039e+00 7.119370e+00
-3.813604e+00 -7.004094e-01
-5.419509e+00 -6.059647e+00
1.269008e+00 2.709237e+00
-9.791026e+00 -3.430855e+00
-1.094771e+00 -1.474865e-01
-7.468881e+00 2.596895e+00
-5.602055e+00 5.748126e+00
-3.268557e+00 -5.940658e+00
4.591582e+00 2.788414e+00
5.533594e+00 2.255733e+00
-5.240128e+00 -8.441959e+00
-3.960863e+00 -1.021526e+01
9.737555e+00 2.882354e+00
-2.277463e+00 -1.884531e+00
-1.579498e+00 6.685211e+00
-4.530105e+00 4.562234e+00
2.997773e+00 -5.526415e+00
-7.574909e+00 -3.502281e+00
7.266878e+00 -2.000735e+00
-2.505258e+00 3.783652e+00
-1.122077e+00 2.654274e+00
-1.071911e+01 -3.772948e+00
-8.268198e-01 4.834759e+00
-1.955835e+00 7.874225e+00
-8.452304e-01 8.833622e+00
3.901428e+00 -9.155906e+00
-1.485140e+00 -8.368277e+00
6.568258e+00 3.258742e+00
-1.072628e+01 1.765852e+00
-3.954530e+00 3.827063e-01
4.260571e+00 4.063797e+00
5.654347e-01 -1.060695e+01
5.121907e+00 9.739114e+00
-3.033007e+00 7.904139e-01
-3.981420e+00 1.105093e+01
-2.036534e+00 8.975054e+00
-2.959219e+00 -2.902111e+00
-4.843817e+00 7.753434e+00
6.219569e+00 -1.097576e+01
1.069408e+01 5.514724e+00
-2.063466e+00 -4.291186e+00
-6.479312e+00 -3.997487e+00
-1.030937e+00 -9.537328e+00
-7.825051e+00 -5.982066e-01
4.160009e+00 -1.172057e+00
-5.305887e+00 -3.849089e+00
8.136426e-01 3.704791e+00
-4.986367e+00 2.473643e+00
-7.174708e-01 -1.225125e+00
-7.735384e+00 -8.100732e+00
-1.980129e+00 -9.248123e-01
3.898152e+00 9.105778e+00
1.375520e+00 6.278474e+00
6.939224e+00 -8.237686e+00
2.234994e+00 -6.310770e+00
5.398757e+00 -1.014953e+01
1.049263e+01 9.319935e+00
7.665629e+00 -5.952320e+00
-3.650946e+00 6.413799e+00
1.074128e+01 1.176893e+00
8.679888e-01 -6.092253e+00
-3.404001e+00 -4.830555e+00
1.938144e+00 7.939033e+00
1.557724e+00 -3.740539e+00
2.738829e+00 2.104857e+00
-4.403146e+00 -5.591531e+00
-1.816532e+00 -1.041571e+01
-3.225515e+00 3.076462e+00
1.120450e+00 -9.547699e+00
2.670792e+00 -6.799644e-02
7.959203e+00 4.327139e+00
-3.736099e+00 7.476031e+00
9.292142e-01 9.845646e+00
3.648150e+00 3.139018e+00
2.101512e+00 -9.301642e+00
-7.437694e+00 -5.781370e+00
-2.856537e+00 9.773051e+00
-6.265886e+00 8.102474e+00
-3.886012e-01 6.633217e-01
-2.839868e+00 -2.806021e-01
-1.780381e-01 -4.865066e+00
-4.048783e+00 -3.534903e+00
-5.261324e+00 -2.673588e+00
3.510591e+00 6.279506e+00
8.151594e+00 -1.291721e+00
3.134272e+00 1.113673e+00
-4.969933e+00 1.040077e+01
-3.509471e+00 5.181522e+00
-2.281106e+00 1.487702e+00
9.608939e+00 1.753605e+00
8.748474e+00 3.649837e+00
4.940791e+00 -9.078986e+00
6.123533e-01 -4.158637e+00
-1.958050e+00 -6.311650e+00
-6.519851e+00 1.041149e+01
-5.295989e+00 -9.957855e+00
-4.973147e+00 -1.094205e+01
9.475133e+00 9.297532e+00
-4.285773e+00 -2.356394e+00
-3.035633e-01 3.633046e+00
6.528244e+00 6.408432e+00
-5.423375e+00 8.638064e+00
-3.544198e+00 4.135777e+00
8.640039e+00 -7.642758e+00
-1.019980e+00 -7.354918e+00
-3.338167e+00 -1.661743e+00
4.389885e+00 -1.006147e+01
3.174075e+00 4.227115e+00
8.179280e-02 -9.357230e+00
1.247260e+00 4.920073e+00
1.318151e-01 -6.979587e+00
9.776385e+00 -1.044932e+01
5.769222e+00 5.594820e+00
4.457128e+00 -8.120922e+00
1.092771e+01 -2.998841e+00
9.456422e+00 -8.317271e+00
-6.739743e+00 -1.229796e+00
-3.466414e+00 -9.199005e+00
8.608876e+00 2.275061e+00
-9.151331e-01 -4.030563e+00
8.517496e+00 -6.562676e+00
3.525991e+00 -7.587926e+00
6.744084e+00 -4.864565e+00
1.402639e+00 -7.161382e+00
-4.893608e+00 -1.460058e+00
5.347228e+00 8.270458e-01
9.139970e-01 -1.076987e+00
3.235809e+00 -3.105832e+00
5.849416e+00 7.496133e+00
9.711316e+00 4.507816e+00
5.637394e+00 4.618370e+00
4.018807e+00 -1.098187e+01
6.102877e+00 -9.025441e+00
7.574703e+00 6.685822e+00
7.015290e+00 7.691508e+00
2.134171e+00 8.689361e-01
2.955046e+00 -9.997375e+00
3.174178e+00 9.861359e+00
-1.053212e+01 3.843732e+00
-7.198881e+00 1.113919e+01
-5.976692e-01 -6.056463e+00
7.210742e+00 -1.048985e+01
3.841287e+00 -2.309753e+00
-4.874038e-01 -3.061779e+00
-1.559580e+00 -3.205647e+00
4.816217e-04 -3.061483e-01
9.730043e+00 5.686821e+00
6.781352e+00 5.440466e+00
-2.185635e+00 -9.302512e+00
-2.074036e+00 2.722450e+00
9.520598e+00 7.963517e+00
1.002686e+01 -1.308827e+00
2.029965e+00 1.030619e+01
-5.560049e+00 4.491143e+00
-7.544781e+00 9.864223e+00
9.162813e+00 -9.499666e+00
1.037723e+01 -2.396466e-01
2.187687e+00 -2.978839e+00
1.749801e-01 -1.856706e+00
8.724377e+00 5.071299e+00
1.087953e+01 -5.888413e+00
3.638994e+00 -4.327863e+00
1.075115e+01 3.219690e+00
-5.717075e+00 -5.473187e-01
-8.675941e+00 -4.023036e+00
-3.271354e-01 -8.350838e+00
-6.538548e+00 6.339266e+00
-7.616274e+00 6.483154e+00
5.420201e+00 6.550734e+00
-9.943954e+00 -1.036945e+01
-6.484443e+00 -6.137742e+00
-8.866293e+00 9.296366e+00
4.626585e+00 8.036023e+00
6.288902e+00 1.366291e+00
-1.040871e+01 1.096330e+01
-6.043733e+00 -1.078657e+01
1.038320e+01 -9.577882e+00
1.113127e+01 -1.031426e+01
9.629382e+00 -7.265553e+00
8.174405e+00 -9.794048e+00
-3.837388e+00 9.981954e+00
7.810860e+00 5.624560e+00
9.706954e+00 6.631570e-01
-2.530689e+00 1.082488e+01
6.867913e+00 8.937100e+00
-4.225782e+00 -6.686735e+00
-3.420843e+00 8.915468e+00
3.597350e+00 5.236426e+00
9.041646e+00 -1.784815e+00
5.013999e+00 -7.343441e+00
-7.723047e-01 -1.062788e+01
4.448161e+00 6.888433e+00
-4.556248e+00 9.230561e+00
1.062505e+00 1.088478e+01
7.124720e+00 -9.373524e+00
-8.718764e+00 -5.081886e+00
3.080045e+00 -1.179128e+00
1.692561e+00 -1.041692e+01
-8.564806e+00 1.032176e+01
-9.581328e+00 -6.252035e+00
-1.086334e+01 1.001503e+01
2.528758e+00 -2.061688e+00
-1.932173e+00 4.519928e-01
-1.010088e+01 -1.432242e+00
6.217560e-01 -3.066107e+00
8.598588e+00 -5.458817e+00
-4.053595e+00 -8.251568e+00
-6.917268e-01 9.946021e+00
9.210382e+00 -7.179989e-01
8.423837e+00 7.349028e+00
-8.495477e+00 -6.139075e+00
7.819816e+00 2.958961e+00
3.246591e+00 7.359651e+00
-8.995849e+00 6.764203e+00
7.501340e+00 1.076699e+01
1.062736e+01 -8.400086e+00
7.824749e+00 8.228402e+00
-6.705192e+00 -7.173659e+00
4.816325e+00 -4.323615e+00
-7.248164e+00 -2.268650e+00
7.605485e+00 -3.309992e+00
-3.005283e+00 -3.855574e+00
7.484855e+00 -7.223111e+00
1.991765e-01 2.706821e+00
-2.049129e-01 1.750747e+00
6.598704e+00 -6.063310e+00
8.428289e+00 9.027890e+00
7.893268e+00 -2.225789e-01
-8.201635e+00 -1.568002e+00
-1.281588e-01 1.094769e+01
8.935329e-01 1.111628e+00
9.816705e+00 -2.474546e+00
-8.400898e+00 5.599490e+00
1.703862e+00 -8.178016e+00
5.731625e+00 -8.059312e+00
8.770378e+00 6.082533e+00
4.199532e+00 1.027276e+01
-1.814575e+00 9.993079e+00
3.062812e+00 8.359647e+00
9.507131e+00 6.935882e+00
-5.813543e+00 7.117855e+00
6.393954e+00 -7.149286e+00
-1.274655e+00 -5.136128e+00
1.001418e+01 -5.158812e+00
1.673771e+00 -5.167036e+00
6.430227e+00 -2.733657e+00
-8.617769e+00 2.476355e+00
6.643830e+00 4.417876e+00
6.155436e-01 -7.941169e+00
-6.014398e+00 -9.176761e+00
-6.607610e+00 3.376712e+00
1.010067e+01 -4.127343e+00
-9.693712e+00 5.725426e+00
-6.683483e+00 9.042529e+00
