-6.853331e+00 -9.189866e+00
1.019455e+01 1.091030e+01
-1.037150e+01 -1.072307e+01
-9.868473e+00 -9.606726e+00
-9.769333e+00 -5.118053e+00
-8.899520e+00 -5.630518e+00
1.064948e+01 -5.291929e+00
9.888002e+00 -4.515054e+00
7.257242e+00 -1.804270e+00
7.711678e+00 3.609847e-01
7.404655e+00 6.438875e+00
8.814002e+00 5.951458e+00
9.266560e+00 -1.376045e+00
5.488741e+00 8.064207e+00
-1.058928e+01 9.042599e+00
9.462954e+00 4.814486e+00
-9.742824e+00 3.042660e+00
-8.269673e+00 8.070300e+00
8.617429e+00 9.271994e+00
-9.191946e+00 -1.105094e+01
-7.916989e+00 -8.764394e+00
-3.886730e+00 -8.575887e+00
1.022570e+01 -8.822667e+00
-1.097638e+01 -6.142791e+00
-9.016181e+00 -9.049521e+00
-1.112374e+01 -1.585448e+00
-1.064310e+01 -2.468648e+00
-9.972365e+00 -4.067491e+00
8.374389e+00 -3.146431e+00
9.994867e+00 6.732512e-01
9.273149e+00 -2.597937e+00
8.254711e+00 -2.079413e+00
1.037018e+01 -2.342096e+00
1.099049e+01 3.191783e-01
9.472110e+00 2.801901e+00
6.375905e+00 8.609123e+00
1.071313e+01 9.831946e+00
-6.842608e+00 9.369665e+00
-1.073438e+01 1.042635e+01
1.078295e+01 8.733942e+00
-6.862988e+00 -1.103958e+01
-6.208510e+00 -7.561890e+00
-1.082929e+01 -7.749269e+00
-8.713196e+00 -1.002830e+01
-9.949456e+00 -6.311975e+00
-9.089239e+00 -1.215822e+00
-9.007545e+00 -2.285057e+00
-9.819266e+00 -3.078509e+00
3.695556e+00 -6.999934e-01
-9.207622e+00 3.533188e-02
9.072429e+00 -5.212449e+00
-1.040869e+01 8.962714e-01
-1.057682e+01 -3.253605e-01
-1.114592e+01 6.961328e+00
1.047151e+01 -6.568693e-01
-9.045299e+00 7.157999e+00
-8.550643e+00 6.209777e+00
-5.715225e+00 6.291041e+00
-5.617052e+00 7.340005e+00
-6.723391e+00 5.839322e+00
-5.275216e+00 -1.058554e+01
-2.433935e+00 -1.033379e+01
-6.966646e+00 -6.774502e+00
-7.911909e+00 -6.105493e+00
-1.010507e+01 -1.260802e+00
-8.775242e+00 -6.717655e+00
-6.313921e+00 -5.867943e+00
-7.916941e+00 -3.988006e+00
6.193078e+00 -6.266655e+00
-8.299515e+00 5.065415e-01
-7.997240e+00 -1.702815e+00
1.101166e+01 1.764930e+00
8.330466e+00 2.668657e+00
1.018595e+01 6.655368e+00
1.027033e+01 5.550112e+00
1.062604e+01 3.021818e+00
-8.281045e+00 -6.677459e-01
-6.215527e+00 8.436059e+00
-5.429175e+00 9.379401e+00
-9.559845e+00 9.095783e+00
-4.938826e+00 8.410570e+00
-7.373395e+00 1.028888e+01
-5.026730e+00 1.038816e+01
-5.008645e+00 -9.431854e+00
-5.477556e+00 -6.575674e+00
-7.880571e+00 -7.248147e+00
-6.994320e+00 -4.591220e+00
-8.745495e+00 -3.377271e+00
-9.793591e+00 -7.395644e+00
-4.864667e-01 -3.695321e+00
-7.998785e+00 -4.961642e+00
-4.746756e+00 2.023301e+00
-7.179808e+00 -9.276342e-01
-6.880783e+00 6.429523e-01
-9.933616e+00 1.916834e+00
-1.071598e+01 3.874727e+00
-1.040252e+01 4.862198e+00
-9.688622e+00 1.018622e+01
-3.334393e+00 5.794301e+00
-2.698359e+00 1.090008e+01
-4.303083e+00 9.321208e+00
-3.449632e+00 -1.059418e+01
-4.329293e+00 -1.109322e+01
-3.635078e+00 -4.091574e+00
-2.890451e+00 -5.497647e+00
-6.772232e+00 -3.455376e+00
2.669442e+00 -2.605811e+00
-8.976852e+00 -4.378408e+00
-5.668798e+00 -5.077381e+00
-5.186609e+00 -1.811927e+00
-6.244826e+00 -1.496903e+00
-5.840363e+00 1.064415e+00
-8.415892e+00 4.233469e+00
-7.381113e+00 2.483192e+00
-9.459548e+00 4.070197e+00
-9.228214e+00 1.070105e+00
-7.235464e+00 7.907999e+00
-8.088865e+00 -1.108752e+01
-8.586601e+00 2.064981e+00
-6.588137e+00 7.031655e+00
-3.487999e+00 4.615632e+00
-7.739530e+00 5.426902e+00
-1.972599e+00 -9.141186e+00
-7.057712e+00 -8.148933e+00
-3.904077e+00 -5.089474e+00
-4.773328e+00 -4.235300e+00
-1.494505e+00 -3.687799e+00
-4.436888e+00 -6.925040e+00
-7.300952e+00 -2.407048e+00
-2.355008e+00 -1.437481e+00
-6.189343e+00 -2.630997e+00
-6.292354e+00 2.090690e+00
-7.672006e+00 1.452217e+00
-1.075200e+01 2.625185e+00
-5.356410e+00 3.144045e+00
-4.447493e+00 5.682200e+00
-7.947772e+00 7.034983e+00
-8.981126e+00 5.153185e+00
-5.809021e+00 4.220834e+00
-4.382470e+00 6.707369e+00
-3.075007e+00 9.369206e+00
-2.160866e+00 7.024013e+00
-4.029303e+00 -9.738154e+00
-6.104150e+00 -9.822002e+00
-2.398376e+00 -6.473011e+00
-6.130762e+00 -8.555572e+00
-2.484429e+00 -4.472961e+00
-5.851931e+00 -4.021940e+00
-9.432230e-01 -2.582719e+00
-3.473401e+00 -9.930544e-01
-1.186532e+00 -4.838276e-01
-2.209793e+00 -2.471467e+00
-6.050623e+00 -4.406277e-01
-2.951635e+00 2.231387e+00
-5.630907e+00 5.217615e+00
-4.033750e+00 -7.682289e-02
-3.329308e+00 -2.363734e+00
-8.852347e-01 3.788737e+00
-3.685542e+00 8.062418e+00
-4.658678e+00 4.640391e+00
-2.362144e+00 8.157172e+00
-3.644547e+00 1.037258e+01
-9.422446e-01 8.109335e+00
-3.548546e+00 -7.557894e+00
-4.714758e+00 -5.886747e+00
-2.740210e+00 -3.413292e+00
1.858105e+00 -3.325785e+00
-5.195678e+00 -3.227627e+00
3.607252e-01 -3.083061e+00
1.424226e+00 -5.236245e+00
1.101537e+00 -4.124489e+00
-1.853446e+00 4.921574e-01
-2.613990e+00 -3.160731e-01
-5.073289e+00 2.688640e-01
-8.405580e+00 3.231730e+00
-6.731101e+00 4.703682e+00
-3.053048e+00 3.361613e+00
-2.967422e+00 -9.482805e+00
-1.591583e+00 6.053764e+00
-3.979691e+00 1.157709e+00
-1.588447e+00 1.106919e+01
-3.265697e+00 6.981155e+00
-1.344730e+00 -8.191091e+00
-2.754346e+00 -8.430576e+00
-5.151475e+00 -8.004738e+00
-1.081446e+00 -4.607282e+00
2.504590e+00 -5.911034e+00
-3.457242e+00 -6.392557e+00
1.356478e-01 -1.938091e+00
-4.191278e+00 -2.898815e+00
-1.235088e+00 -1.559234e+00
-2.110531e-01 3.768734e-01
-7.252652e+00 3.713823e+00
-4.948936e+00 -7.225561e-01
2.453115e+00 2.363346e+00
-9.867059e+00 5.913761e+00
-2.486705e+00 5.221710e+00
7.160024e-02 6.342630e+00
-2.324638e+00 4.116411e+00
-6.142477e+00 1.019140e+01
-2.155283e+00 9.937723e+00
5.107951e-01 5.350567e+00
-2.361364e-01 -1.000839e+01
-2.197196e+00 -7.485332e+00
4.996894e-01 -9.006974e+00
8.056413e-01 -6.147527e+00
-3.441610e-01 -1.111412e+01
1.724127e+00 -6.720564e+00
3.078410e+00 -8.944789e+00
8.645339e-01 -1.137281e+00
5.409861e+00 8.150403e-01
-1.938757e+00 1.604848e+00
-1.887399e+00 2.890791e+00
-4.152469e+00 -1.758265e+00
-4.381922e+00 3.623250e+00
-3.883039e+00 2.639614e+00
-1.254787e+00 4.670520e+00
-1.010998e+00 6.972937e+00
2.133141e+00 6.666897e+00
5.375851e-01 3.345935e+00
-1.611770e+00 9.001306e+00
-7.827468e-01 -9.107953e+00
6.482893e-01 -7.262039e+00
-1.413316e+00 -6.736444e+00
2.205882e+00 -4.483441e+00
1.094366e-01 -4.774085e+00
3.536064e+00 -6.035422e+00
6.532851e-01 1.019885e+00
3.931518e+00 -3.326516e+00
5.752792e+00 2.235374e+00
-6.431687e+00 3.081484e+00
1.027040e-01 2.069133e+00
-1.132279e+00 2.279564e+00
1.269713e+00 2.440884e+00
-5.687237e-01 5.564686e+00
2.252229e-02 4.321241e+00
1.802403e+00 3.662754e+00
9.785099e-01 9.688938e+00
3.441558e-01 7.480135e+00
4.360216e-01 8.709589e+00
1.472016e+00 7.781564e+00
1.164686e+00 6.434809e+00
1.720623e+00 8.918324e+00
-5.579163e-01 9.158616e+00
-6.818318e-01 -5.563254e+00
-1.787827e+00 -5.509801e+00
3.574759e+00 -8.008551e+00
3.226114e+00 -4.237145e+00
-6.127963e-01 1.319201e+00
-2.972972e+00 1.101416e+00
4.652409e+00 2.164328e+00
6.806679e+00 2.111331e+00
1.762883e+00 1.427483e+00
8.342281e+00 4.855155e+00
1.182212e+00 4.409145e+00
3.872432e+00 3.589551e+00
4.777334e+00 4.140486e+00
2.448448e+00 7.752946e+00
3.760380e+00 7.790868e+00
1.890802e+00 -1.075598e+01
3.908594e+00 5.737403e+00
2.280360e+00 -7.868818e+00
1.654105e+00 1.061697e+01
-1.144057e+00 1.005828e+01
6.733742e-01 1.114135e+01
5.595462e+00 -4.169232e+00
2.804388e+00 -6.859500e+00
4.422883e+00 -5.405884e+00
4.024850e+00 1.345486e+00
-1.638973e-01 -7.005925e-01
2.961856e+00 1.422620e+00
5.069797e+00 3.123575e+00
6.432208e+00 -1.257171e+00
2.502041e+00 4.487641e+00
4.524670e+00 8.488517e+00
-3.888083e-01 2.899954e+00
2.779044e+00 5.747979e+00
3.220600e+00 -1.105534e+01
3.887154e+00 1.050453e+01
2.810105e+00 1.019648e+01
2.080150e+00 -8.963057e+00
8.612676e+00 -6.137672e+00
4.012670e+00 -7.055374e+00
-1.318494e+00 -9.987711e+00
-6.649321e-03 1.020909e+01
-1.717356e-01 -6.476874e+00
-3.461009e-01 -7.993015e+00
5.702848e+00 -5.295106e+00
6.807552e+00 -5.210507e+00
4.225183e+00 -2.213792e+00
2.147123e+00 4.176748e-01
4.422247e+00 1.316508e-01
4.960004e+00 5.260035e+00
5.762482e+00 4.595063e+00
1.804095e+00 5.453300e+00
2.934586e+00 3.402982e+00
4.255740e+00 -1.085574e+01
3.862327e+00 4.682048e+00
7.159960e+00 7.898534e+00
5.960381e+00 -9.966560e+00
4.069390e+00 9.437434e+00
7.747408e+00 -9.763665e+00
1.046921e+00 -1.004006e+01
4.905327e+00 -8.033681e+00
2.551227e+00 -9.912181e+00
7.835636e+00 -7.478429e+00
4.336409e+00 -8.896503e+00
5.705367e+00 -7.231286e+00
4.938481e+00 -6.507810e+00
1.132854e+00 -2.364961e+00
3.346028e+00 4.543349e-01
6.542311e+00 1.017040e+00
7.800309e+00 1.450908e+00
7.402230e+00 9.512058e+00
6.377200e+00 6.927987e+00
8.144531e+00 7.370893e+00
7.909545e+00 8.587077e+00
5.402690e+00 9.153158e+00
1.016612e+01 7.806725e+00
2.988476e+00 9.182487e+00
1.123066e+00 -8.168312e+00
3.756763e+00 -9.781005e+00
7.885706e+00 -1.100128e+01
6.783446e+00 -1.089023e+01
1.020222e+01 -7.813765e+00
9.871450e+00 -6.013516e+00
8.731597e+00 -7.943110e+00
6.772246e+00 -7.202491e+00
4.916616e+00 -3.358430e+00
1.197822e+00 -7.849846e-02
6.938972e+00 4.245215e+00
7.389676e+00 3.021549e+00
6.458756e+00 -6.045634e-02
3.636103e+00 2.322085e+00
6.005779e+00 5.705633e+00
4.966043e+00 1.009750e+01
5.321027e+00 6.749313e+00
9.975894e+00 -1.015022e+01
7.191299e+00 1.049955e+01
7.830419e+00 -8.542984e+00
9.047146e+00 -9.066146e+00
-1.092936e+01 -8.758080e+00
5.480802e+00 -8.892071e+00
6.262411e+00 -8.140292e+00
-8.892505e+00 -7.953190e+00
6.413255e+00 -2.714927e+00
9.214999e+00 -7.059935e+00
6.621742e+00 -3.833679e+00
2.085387e+00 -1.536033e+00
9.464717e+00 -3.622087e+00
4.620523e+00 -1.096466e+00
3.155968e+00 -1.609494e+00
9.891164e+00 1.701699e+00
6.118535e+00 3.311102e+00
9.139509e+00 6.934219e+00
8.970881e+00 8.106478e+00
5.309366e+00 -1.114348e+01
9.813067e+00 9.044719e+00
6.011968e+00 1.037852e+01
9.085227e+00 1.104331e+01
6.880718e+00 -9.221748e+00
-1.077319e+01 -4.816256e+00
-9.834295e+00 -8.506469e+00
1.098700e+01 -9.667621e+00
7.373616e+00 -6.197806e+00
5.422272e+00 -2.216251e+00
7.887573e+00 -5.261737e+00
4.245817e+00 -4.367827e+00
2.376517e+00 -6.152140e-01
7.442038e+00 -4.323536e+00
7.391019e+00 -7.134320e-01
5.442479e+00 -3.233640e-01
8.009716e+00 3.899261e+00
8.863712e+00 1.686687e+00
3.289133e+00 6.903121e+00
4.238763e+00 6.714152e+00
1.022239e+01 4.009111e+00
-1.094712e+01 5.772546e+00
9.267136e+00 9.957277e+00
4.915551e+00 -1.009702e+01
-7.600555e+00 -1.009075e+01
8.229439e+00 1.034022e+01
8.863393e+00 -1.024066e+01
-8.232600e+00 9.188237e+00
1.062700e+01 -6.881050e+00
-1.081877e+01 -3.498085e+00
1.051082e+01 -3.385103e+00
8.433023e+00 -4.349455e+00
7.364028e+00 -3.034639e+00
9.545694e+00 -3.677613e-01
8.804357e+00 6.282094e-01
8.432890e+00 -3.704408e-01
-1.009303e+01 6.956020e+00
9.129432e+00 3.846169e+00
6.963729e+00 5.291985e+00
-1.070256e+01 7.859193e+00
1.093925e+01 4.758596e+00
-9.433825e+00 8.063355e+00
1.098128e+01 -1.077879e+01
-8.395831e+00 1.023738e+01
