-7.996163e+00 -9.298990e+00
1.078507e+01 9.911932e+00
-9.988665e+00 -1.090061e+01
-8.929348e+00 -8.682254e+00
-1.117284e+01 -5.083368e+00
-9.133075e+00 -4.542967e+00
1.097112e+01 -6.900717e+00
1.019351e+01 -1.830019e+00
7.972501e+00 -4.249946e+00
7.201497e+00 -1.157039e+00
7.151598e+00 6.180628e+00
9.343123e+00 5.684730e+00
1.037523e+01 -4.535014e-01
5.018039e+00 5.882785e+00
-9.683333e+00 9.390366e+00
8.493267e+00 3.369875e+00
-9.748275e+00 3.558645e+00
-5.448801e+00 5.835382e+00
1.002329e+01 1.056249e+01
-7.300720e+00 9.937249e+00
-9.623254e+00 -7.865930e+00
-4.656697e+00 -7.161724e+00
-1.021936e+01 -9.821993e+00
-1.066844e+01 -6.160346e+00
-9.605741e+00 -6.446541e+00
-9.624729e+00 -3.633933e+00
-8.452548e+00 -1.208166e+00
1.076375e+01 -4.104136e+00
9.378633e+00 -2.749031e+00
1.083074e+01 7.002893e-01
-1.111806e+01 -2.202691e+00
9.117516e+00 -1.647341e+00
-1.003246e+01 -1.671646e+00
1.044164e+01 2.735703e+00
6.536411e+00 1.102466e+00
6.273701e+00 7.650038e+00
-1.031633e+01 1.030216e+01
-6.446855e+00 9.244410e+00
-9.189621e+00 1.035252e+01
1.055388e+01 7.187334e+00
-6.644590e+00 -7.768970e+00
-5.667608e+00 -8.546572e+00
9.924725e+00 -9.662853e+00
-8.070424e+00 1.085471e+01
-9.230810e+00 -5.496115e+00
-8.283128e+00 -1.282197e-02
-7.898849e+00 -2.151645e+00
-7.468269e+00 -3.316802e+00
2.914168e+00 -1.778100e+00
-9.415000e+00 4.400670e-01
1.031802e+01 -3.072709e+00
-9.696510e+00 -5.328214e-01
-1.095996e+01 -1.188385e+00
1.031042e+01 6.036999e+00
9.775493e+00 4.013364e-01
-6.830035e+00 5.353529e+00
-9.664302e+00 6.670471e+00
-2.743232e+00 5.180286e+00
-7.552217e+00 6.104980e+00
-5.032264e+00 4.869905e+00
-4.690858e+00 -9.180782e+00
-3.715706e+00 -9.485570e+00
-7.749866e+00 -8.236718e+00
-7.621942e+00 -6.972193e+00
-1.005237e+01 -2.674141e+00
-8.252209e+00 -5.184694e+00
-7.354995e+00 -5.771985e+00
-8.271602e+00 -3.978318e+00
6.383233e+00 -7.124221e+00
-8.651216e+00 1.117003e+00
-9.537507e+00 1.619658e+00
9.578682e+00 3.556062e+00
6.310384e+00 2.517397e+00
8.782989e+00 4.791656e+00
1.100312e+01 5.260453e+00
8.891618e+00 1.222429e+00
-8.134793e+00 2.001272e+00
-4.932261e+00 6.771222e+00
-8.057471e+00 7.935454e+00
-8.844475e+00 8.698633e+00
-4.809667e+00 7.854280e+00
-7.817771e+00 -1.030972e+01
-5.592459e+00 -9.873503e+00
-3.723482e+00 -5.490621e+00
-8.389909e+00 -6.270562e+00
-1.036699e+01 -4.475677e+00
-6.055263e+00 -4.324871e+00
-7.353084e+00 -1.248009e+00
-1.031890e+01 -7.147232e+00
-8.065002e-02 -5.960476e+00
-7.145169e+00 -4.331197e+00
-3.398117e+00 1.169693e+00
-7.522413e+00 9.022672e-01
-7.620435e+00 3.034040e+00
-1.021287e+01 2.510364e+00
9.940218e+00 1.616652e+00
-1.064226e+01 4.470516e+00
-8.394353e+00 9.632066e+00
-3.907013e+00 7.414415e+00
-4.693452e+00 -1.038490e+01
-5.782989e+00 7.417046e+00
-2.886817e+00 -8.284788e+00
-7.004903e+00 -1.113870e+01
-4.428285e+00 -1.529904e+00
-1.994614e+00 -4.025003e+00
-6.864365e+00 -2.256210e+00
3.278270e+00 -4.053074e+00
-8.518732e+00 -2.996811e+00
-5.038576e+00 -4.905741e+00
-5.647135e+00 -1.856128e+00
-6.329700e+00 -1.078049e+00
-6.772603e+00 1.674454e+00
-9.000545e+00 5.839634e+00
-7.440801e+00 4.456381e+00
-9.335330e+00 4.542846e+00
-1.090445e+01 -1.454617e-01
-7.181414e+00 7.140703e+00
-6.878557e+00 -8.874423e+00
-1.045003e+01 8.509905e-01
-8.443020e+00 6.766538e+00
-2.288663e+00 6.291033e+00
-6.416907e+00 4.318901e+00
-5.088290e-01 -8.394428e+00
-6.646089e+00 -6.665662e+00
-3.039418e+00 -3.795587e+00
-5.170082e+00 -3.775546e+00
-3.330309e+00 -1.188226e+00
-5.515426e+00 -6.117344e+00
-7.197871e+00 -4.321343e-02
-3.122825e+00 2.624904e-03
-5.296431e+00 -9.178086e-01
-4.680984e+00 2.945967e+00
-5.682498e+00 2.274280e+00
-1.094678e+01 3.471911e+00
-4.085525e+00 2.030451e+00
-3.277975e+00 6.552477e+00
-5.569983e+00 3.589117e+00
-1.082587e+01 7.624044e+00
-3.394929e+00 3.409595e+00
-3.783418e+00 4.845268e+00
-6.712921e+00 8.198206e+00
-3.288236e+00 1.011875e+01
-5.790271e+00 -1.086179e+01
-4.009289e+00 -8.145647e+00
-1.838852e+00 -5.054335e+00
-3.571773e+00 -6.983795e+00
-4.901745e+00 -2.502311e+00
-6.345793e+00 -5.348052e+00
-3.482508e-01 -4.240178e+00
-2.283011e+00 -7.590901e-01
-1.204302e+00 -5.869955e-01
6.787905e-01 -4.222494e+00
-6.508279e+00 6.800468e-01
-1.156830e-01 3.722620e+00
-4.406516e+00 3.907684e+00
-1.084776e+00 1.338885e+00
-4.307634e+00 -4.193373e-01
-3.020121e+00 7.821351e+00
-6.362273e+00 6.421256e+00
-1.059697e+00 4.559355e+00
-5.351567e+00 9.836006e+00
-6.292823e+00 1.038917e+01
-5.232557e+00 8.775763e+00
-2.899772e+00 -4.871879e+00
-3.877922e+00 -4.432691e+00
-6.582807e-01 -1.447673e+00
8.511160e-01 -6.673466e+00
-6.002013e+00 -3.011590e+00
-1.248779e+00 -2.504516e+00
1.918072e+00 -8.040561e+00
6.486905e-01 -7.770089e+00
-6.598840e-01 3.495954e-01
-3.129478e+00 -2.270528e+00
-5.243778e+00 1.272505e+00
-9.115288e+00 2.602126e+00
-8.091209e+00 5.221927e+00
-5.062648e-01 5.638760e+00
-2.506004e+00 -7.357331e+00
-2.700490e+00 9.283089e+00
-2.054784e+00 3.006170e-01
1.322316e-01 -9.323461e+00
-4.297376e+00 5.902582e+00
1.179687e+00 -8.942040e+00
-9.258728e-01 -9.437742e+00
-5.691219e+00 -7.196805e+00
-3.911677e+00 -3.103832e+00
2.696894e+00 -6.670073e+00
-4.528265e+00 -6.104348e+00
-1.072066e+00 -3.508503e+00
-5.568893e+00 1.979208e-01
-1.980850e+00 -1.802084e+00
-1.043407e-01 -2.867555e+00
-8.662435e+00 3.662388e+00
-4.553146e+00 5.317741e-01
3.703534e+00 3.810236e+00
-9.932753e+00 5.355986e+00
-1.723253e+00 3.371389e+00
-1.452233e+00 9.401416e+00
-1.653944e+00 5.366836e+00
-6.799155e+00 -9.846766e+00
-3.587245e+00 1.110897e+01
1.093648e+00 7.432623e+00
-2.050020e+00 8.435626e+00
-2.647232e+00 -6.292725e+00
-2.270420e+00 -1.048390e+01
2.740814e+00 -1.006173e+01
-1.781733e+00 -8.501082e+00
3.856711e+00 -1.022292e+01
3.070090e+00 -7.813301e+00
6.550869e-01 -1.504422e+00
6.119464e+00 -1.245897e+00
2.447626e+00 1.735853e+00
-1.010206e+00 6.715664e+00
-2.133751e+00 1.433594e+00
-2.367908e+00 4.282383e+00
-2.708231e+00 2.427586e+00
-1.916522e+00 7.233678e+00
-3.874467e+00 9.049745e+00
2.093027e+00 7.737747e+00
1.744016e+00 4.615536e+00
-4.966475e+00 1.084438e+01
-1.127436e+00 -1.101010e+01
4.476380e+00 1.116830e+01
-1.256614e+00 -7.594792e+00
1.653615e+00 -6.013805e+00
8.442180e-01 -5.337426e+00
3.545271e+00 -5.936560e+00
1.248423e+00 1.428282e+00
3.779352e+00 -3.135220e+00
6.130626e+00 -9.145372e-02
-6.625129e+00 3.181062e+00
5.528693e-01 2.309539e+00
5.864743e-01 4.516017e+00
1.122418e+00 3.612062e+00
7.768336e-01 5.653470e+00
3.107260e+00 5.280244e+00
2.130084e+00 5.602185e+00
-1.972485e+00 1.064061e+01
-8.380737e-01 1.041495e+01
1.063237e-01 6.606451e+00
-3.619517e-01 7.706982e+00
4.145882e-01 8.636646e+00
1.151181e-01 1.093599e+01
-4.272770e+00 1.015654e+01
-1.405871e+00 -6.155670e+00
-7.415698e-01 -5.171456e+00
4.278713e+00 -8.275249e+00
2.598056e+00 -4.992654e+00
6.746208e-03 1.084458e+00
-1.478189e+00 2.339073e+00
2.318260e+00 -5.941866e-01
4.694416e+00 1.511561e+00
1.563753e+00 2.481477e+00
8.121030e+00 6.329756e+00
1.837819e+00 6.616997e+00
-5.380523e-01 2.753819e+00
2.708505e+00 6.355972e-01
2.325504e-02 9.668326e+00
5.142496e+00 6.966376e+00
9.607648e-01 1.025031e+01
4.107720e+00 7.087419e+00
2.718294e+00 -8.850917e+00
-3.424963e-01 -1.041137e+01
-3.209314e+00 -1.032467e+01
4.325460e+00 1.000369e+01
4.896921e+00 -3.009823e+00
3.800564e+00 -7.116054e+00
3.871115e+00 -4.973195e+00
1.683836e+00 5.214015e-01
-2.255592e+00 -3.023519e+00
4.243542e-02 -6.412438e-01
3.421034e+00 1.459336e+00
7.101107e+00 -2.216541e+00
4.798826e+00 3.393075e+00
3.879034e+00 8.925978e+00
2.200622e+00 3.352511e+00
3.079778e+00 6.628371e+00
4.947921e+00 9.152392e+00
2.086771e+00 1.012734e+01
2.554073e+00 8.641781e+00
3.283810e+00 1.099267e+01
8.976492e+00 -4.913846e+00
4.553202e+00 -6.295101e+00
-2.639408e+00 -9.342480e+00
-8.104470e-01 8.577043e+00
-2.863260e-01 -7.091944e+00
1.608438e+00 -9.917303e+00
4.861281e+00 -7.327227e+00
7.017656e+00 -5.302739e+00
4.256376e+00 -2.162080e+00
1.234188e+00 -6.606286e-01
4.808392e+00 3.217552e-02
4.360520e+00 4.995705e+00
7.276791e+00 1.955173e+00
2.668785e+00 4.194792e+00
4.176288e+00 2.412438e+00
5.551272e+00 1.113292e+01
5.221825e+00 2.397406e+00
7.197238e+00 7.206751e+00
6.849911e+00 9.475975e+00
3.160980e+00 9.612933e+00
7.769368e+00 -9.979190e+00
6.537151e-01 -1.048978e+01
4.954079e+00 -5.232337e+00
3.714072e+00 -9.090508e+00
8.915628e+00 -7.804179e+00
4.809096e+00 -9.203048e+00
5.633026e+00 -7.866349e+00
5.907450e+00 -5.941636e+00
1.526083e+00 -3.381359e+00
5.966862e-01 2.182193e-01
5.490071e+00 7.892471e-01
7.265475e+00 -4.563937e-02
6.036621e+00 8.792214e+00
6.136683e+00 6.502648e+00
7.998263e+00 7.942325e+00
7.042110e+00 8.441782e+00
8.774230e+00 1.051135e+01
9.512273e+00 6.679783e+00
1.459665e+00 9.205276e+00
1.921529e+00 -1.093329e+01
4.969272e+00 -1.029343e+01
6.877389e+00 -9.411656e+00
6.996796e+00 -1.067104e+01
9.029052e+00 -1.027299e+01
1.009246e+01 -4.941269e+00
9.048992e+00 -8.869339e+00
8.385796e+00 -6.715638e+00
6.374406e+00 -3.185437e+00
1.672649e+00 -4.398441e+00
7.621255e+00 5.057261e+00
6.367164e+00 5.497480e+00
8.378033e+00 2.056487e+00
3.144469e+00 2.643117e+00
5.808288e+00 3.522591e+00
4.562410e+00 8.169194e+00
5.283214e+00 4.459570e+00
1.087799e+01 -1.012346e+01
7.988003e+00 9.178826e+00
7.830163e+00 -7.484071e+00
1.094429e+01 -9.039255e+00
-1.041517e+01 -8.520818e+00
5.781535e+00 -8.913074e+00
6.055285e+00 -1.013216e+01
-8.543835e+00 -7.550669e+00
5.762131e+00 -2.332290e+00
9.827219e+00 -7.274241e+00
5.697478e+00 -4.486344e+00
1.856357e+00 -1.860037e+00
9.277567e+00 -6.051721e+00
3.656199e+00 -9.721218e-01
2.684906e+00 -2.826809e+00
-1.114634e+01 2.024711e+00
3.720676e+00 2.501467e-01
8.964614e+00 8.744566e+00
9.818167e+00 9.313250e+00
5.542874e+00 1.000981e+01
9.248644e+00 7.720617e+00
6.856381e+00 1.060651e+01
8.056382e+00 -1.093068e+01
7.838004e+00 -8.762558e+00
9.652419e+00 -3.954812e+00
1.115790e+01 -7.972144e+00
-8.869660e+00 -1.074913e+01
1.040513e+01 -6.081117e+00
8.203959e+00 -2.158404e+00
7.275148e+00 -6.411771e+00
4.693740e+00 -4.050078e+00
9.534162e-01 -2.467080e+00
6.850429e+00 -4.200464e+00
8.484676e+00 -3.352623e+00
4.942346e+00 -1.266823e+00
7.752509e+00 4.088104e+00
7.698580e+00 1.010503e+00
3.201525e+00 7.802605e+00
3.893140e+00 6.030783e+00
9.387571e+00 2.539902e+00
9.848767e+00 4.786314e+00
1.028579e+01 8.196410e+00
6.760920e+00 -8.147662e+00
-9.204126e+00 -9.670463e+00
7.787762e+00 1.031895e+01
1.001048e+01 -1.069722e+01
-9.086866e+00 7.578173e+00
9.986973e+00 -8.450180e+00
-9.137383e+00 -2.137716e+00
-1.099397e+01 -3.227182e+00
8.165005e+00 -5.540605e+00
7.477192e+00 -3.209510e+00
8.290384e+00 3.697470e-02
8.215521e+00 -1.120113e+00
9.244501e+00 -5.406566e-01
-1.082888e+01 6.441668e+00
7.344310e+00 3.042055e+00
6.639576e+00 4.384492e+00
-1.084648e+01 8.990497e+00
1.066612e+01 4.184866e+00
-9.943311e+00 8.294411e+00
-1.098918e+01 1.107853e+01
-7.721135e+00 8.842312e+00
