1.089778e+01 -9.680396e+00
-8.131762e+00 7.836038e+00
-6.288673e+00 1.055657e+01
-7.380876e+00 1.249911e-01
-9.031588e+00 2.365581e+00
1.082075e+01 -5.040428e+00
8.021477e+00 -3.955822e+00
-5.187788e+00 4.058886e+00
8.717980e+00 -5.126049e+00
6.737089e+00 -4.051733e+00
-5.678065e+00 9.533263e+00
-9.457575e+00 4.697250e+00
1.029481e+01 5.813716e-01
6.816334e+00 -2.102942e+00
-2.677902e+00 4.872530e+00
7.761483e+00 2.735444e+00
9.332420e+00 1.039132e+00
-8.470438e+00 -1.066670e+01
-6.176888e+00 -5.705882e+00
-5.010902e+00 -5.757557e+00
9.611625e+00 -9.049745e+00
9.219637e+00 -6.961794e+00
2.956114e+00 -7.819030e+00
2.929868e+00 -4.622043e+00
7.345817e+00 1.954151e-01
-8.504363e+00 6.843666e+00
-4.123536e+00 9.435955e-01
4.279080e+00 1.043283e+01
5.311031e+00 -4.938398e-01
-9.024310e+00 5.785878e+00
-1.790613e-01 5.931234e+00
3.200853e+00 -2.704582e+00
-8.544366e+00 3.332625e+00
-9.817028e+00 6.575731e+00
-1.536591e+00 5.008966e+00
-9.717915e+00 -1.063220e+01
1.034500e+01 -7.522659e+00
-7.234431e+00 -6.601152e+00
-1.076589e+01 -5.859557e+00
-3.131971e+00 7.291205e+00
-1.039206e+01 -6.851142e+00
8.600101e+00 -2.798687e+00
-7.780698e+00 -5.754786e+00
-9.023555e+00 9.793799e+00
-1.102721e+01 -7.788161e+00
-1.039044e+01 5.674400e+00
-1.001181e+01 -8.095800e-02
-1.055048e+01 -2.237939e+00
4.597049e+00 -3.944660e+00
-5.647136e+00 2.610523e+00
5.307172e+00 -2.539301e+00
-1.808875e+00 1.377628e+00
6.156101e+00 2.133659e-01
-7.886124e+00 5.469223e+00
8.026494e+00 -6.090572e-01
-5.847378e+00 1.529824e+00
1.429153e+00 4.520512e+00
-8.060128e+00 -8.113770e-01
-4.116382e+00 3.521214e+00
-2.145214e+00 8.519665e+00
8.464632e+00 8.239620e+00
9.792291e+00 8.798329e+00
-1.024075e+01 9.358921e+00
-5.835370e+00 -6.626414e+00
-7.968304e+00 2.327439e+00
7.210738e+00 -7.828397e+00
7.122899e+00 -6.750546e+00
-9.189553e+00 -6.546565e-01
9.811577e+00 -5.891788e+00
5.128105e+00 -4.936388e+00
9.744409e-01 6.239728e+00
6.003597e+00 -1.275474e+00
-5.650097e-01 3.676483e+00
1.803341e+00 5.500964e+00
-5.915245e+00 8.365659e+00
6.920588e+00 5.891292e+00
-9.550906e+00 -1.887433e+00
-7.130543e+00 7.529481e+00
6.098572e+00 -5.202476e+00
-8.469825e+00 -6.655260e+00
7.302484e+00 1.081581e+01
-8.874630e+00 -5.267339e+00
2.471968e+00 7.389284e+00
5.231414e+00 -9.184379e+00
8.847587e+00 -1.071886e+01
4.953303e+00 -1.564063e+00
-9.153483e+00 -2.926793e+00
5.360709e-01 5.101129e+00
4.016454e+00 -8.218753e+00
9.305516e-01 -5.269608e+00
1.086787e+01 -2.794793e+00
3.402177e-02 -4.647301e-01
-3.241467e+00 7.557502e-02
5.851219e+00 3.359243e+00
1.054970e+01 3.925333e+00
1.257919e+00 -3.302604e+00
8.844366e+00 2.729868e+00
-5.202180e+00 5.078264e-01
-4.859521e+00 5.181126e+00
8.149331e+00 -6.355030e+00
1.114823e+01 -6.494408e-01
5.487972e+00 8.913344e+00
-9.528520e+00 -6.160422e+00
1.061233e+01 -6.498500e+00
-4.732539e+00 -9.237414e+00
-1.082475e+01 -1.069329e+01
-2.403517e+00 -4.083044e+00
9.698433e+00 1.969273e+00
-6.381337e+00 6.340793e-01
-7.974315e+00 -4.642972e+00
9.920145e+00 -9.672426e-01
-3.369912e+00 -1.057899e+00
1.092481e+00 -1.213588e-01
1.419742e+00 2.050411e+00
-1.081469e+01 7.308442e+00
-9.938906e+00 1.051738e+01
-5.378312e+00 7.198617e+00
-5.630381e+00 -4.684466e+00
-8.325706e+00 4.463877e+00
-7.172789e+00 -8.804336e+00
4.381358e-01 8.081789e+00
-2.973159e+00 6.171136e+00
-5.593850e-01 -1.007276e+01
-9.911687e+00 -7.862690e+00
1.759725e+00 -7.207356e+00
-1.035354e+01 -1.145857e+00
-7.170046e+00 -1.839741e+00
-6.153194e+00 -1.073034e+01
-3.396198e+00 2.187333e+00
-6.939920e+00 2.218779e+00
3.070349e+00 -6.764679e+00
-4.719551e+00 -2.632777e+00
-8.415470e+00 1.333340e+00
-1.017046e+01 2.461626e+00
-3.693230e+00 -9.699107e+00
2.559422e+00 8.617607e+00
1.285414e+00 -2.236866e+00
3.599375e+00 4.444242e+00
-7.344454e-01 8.040431e+00
1.417797e+00 7.215885e+00
-5.996278e+00 4.823394e+00
-2.901869e+00 1.024723e+01
-7.663615e+00 -7.559446e+00
-8.752930e+00 -7.739732e+00
1.114433e+01 -3.980735e+00
-4.229274e+00 6.874492e+00
-4.724740e+00 -1.491207e+00
-3.134021e+00 -4.812294e+00
2.985123e-01 2.000179e+00
-8.448804e+00 -1.914784e+00
2.474637e+00 3.931516e-01
-4.402929e+00 2.498305e+00
-5.646691e+00 5.917370e+00
-4.565383e+00 -7.067227e+00
3.404708e+00 3.232990e+00
4.595198e+00 2.971111e+00
-6.887505e+00 -4.891427e+00
-7.338005e+00 9.941826e+00
8.134532e+00 3.625706e+00
-9.910118e-01 -2.723681e+00
-1.893703e+00 6.154367e+00
-3.806218e+00 5.640553e+00
-5.542957e-02 -6.742781e+00
-6.541357e+00 -7.629580e-01
9.836701e+00 -2.439577e+00
7.728107e-01 2.985425e+00
2.515020e+00 1.544731e+00
-1.039368e+01 -4.861705e+00
-2.884412e+00 3.592015e+00
-1.605151e+00 3.972503e+00
-3.574397e+00 9.380804e+00
4.169036e+00 -1.073277e+01
-3.358295e+00 -7.404736e+00
3.385961e+00 2.180988e+00
-9.787914e+00 3.622539e+00
-2.078480e+00 -7.567527e-01
4.437925e+00 5.134287e+00
-1.539312e+00 -1.027599e+01
7.642502e+00 -1.053585e+01
-1.010681e+00 -6.739210e-01
-3.320594e+00 -1.094295e+01
-5.928363e-01 4.815926e+00
-3.627529e+00 -2.176151e+00
-4.888413e+00 8.315978e+00
8.515676e+00 9.331334e+00
3.996104e+00 6.934401e+00
-2.854765e+00 -5.849865e+00
-7.807092e+00 -2.733757e+00
-1.235530e+00 -8.152494e+00
-7.241024e+00 1.152180e+00
7.600897e+00 -2.759541e+00
-2.959938e+00 -2.977158e+00
-1.241830e+00 2.606573e+00
-2.356426e+00 2.639068e+00
1.627054e+00 -1.248849e+00
-1.104837e+01 1.048639e+01
2.481170e-01 -2.573484e+00
1.979288e+00 9.450375e+00
2.245936e+00 6.413921e+00
6.424590e+00 -8.686125e+00
1.874800e+00 -8.547030e+00
6.245588e+00 1.052354e+01
1.026337e+01 6.969772e+00
1.015409e+01 -3.569233e+00
-3.793219e+00 8.191498e+00
8.548350e+00 1.736805e+00
8.060014e-01 -8.654710e+00
-4.024818e+00 -6.122946e+00
4.078043e+00 9.124088e+00
-4.613770e-01 -4.527199e+00
2.772492e+00 5.074298e+00
-4.050797e+00 -3.519891e+00
-3.450055e+00 -8.644347e+00
-2.878306e+00 1.115893e+00
1.661569e+00 -9.746258e+00
4.116801e+00 -7.620297e-01
7.149314e+00 4.870437e+00
3.838462e-01 4.047738e+00
2.294418e+00 1.038166e+01
4.475237e+00 2.547731e-01
3.261562e+00 1.092132e+01
-8.172071e+00 -8.925415e+00
-1.899174e+00 1.095336e+01
-8.157944e+00 9.193559e+00
2.774754e+00 -9.167750e-01
-1.568257e+00 -1.753254e+00
1.075965e+00 -6.312401e+00
-2.588594e+00 -1.955778e+00
-8.561713e+00 2.632408e-01
2.644779e+00 3.917205e+00
5.542756e+00 2.180401e+00
1.645871e+00 3.447213e+00
-4.313864e+00 -1.105974e+01
-3.658969e+00 4.505859e+00
-1.054986e+00 4.177364e-01
1.031618e+01 2.905358e+00
-1.100258e+01 3.034585e+00
5.261096e+00 1.103517e+01
5.633218e-01 -4.100616e+00
-4.420799e+00 -8.210628e+00
-5.345578e+00 1.089798e+01
-2.344494e+00 -8.602963e+00
-4.608637e+00 9.306760e+00
1.047414e+01 7.944488e+00
-6.506461e+00 -2.825333e+00
1.469885e-01 8.824876e-01
7.975391e+00 7.245214e+00
-4.006290e+00 1.035385e+01
-4.885347e+00 1.635616e+00
6.264178e+00 -7.393164e+00
-2.028193e+00 -6.448808e+00
-1.440668e+00 -4.107238e+00
7.512880e+00 9.542312e+00
3.799708e+00 1.139183e+00
-1.169837e+00 1.007439e+01
-7.872900e-01 1.650959e+00
6.965094e-01 -7.444526e+00
9.486174e+00 1.088247e+01
9.527452e+00 9.807814e+00
2.940470e+00 -1.039107e+01
9.219332e+00 -1.049820e-01
9.166650e+00 -8.133046e+00
-5.567081e+00 -4.539641e-01
-5.638129e+00 -8.834551e+00
-1.083127e+01 7.030600e-01
-1.589977e-01 -5.501844e+00
6.236614e+00 -6.294172e+00
4.441703e+00 -7.125455e+00
7.727350e+00 -1.645191e+00
-2.981342e-01 -8.925920e+00
-5.854146e+00 -1.661994e+00
6.800086e+00 3.819437e+00
6.505824e+00 -3.086469e+00
4.259948e+00 -2.684648e+00
4.675233e+00 6.136859e+00
5.439975e+00 5.329215e+00
3.534723e+00 8.178605e+00
2.998985e+00 9.567872e+00
7.417902e+00 8.207691e+00
5.915391e+00 6.281368e+00
6.638153e+00 8.980292e+00
2.438063e+00 -1.971315e+00
5.343247e+00 9.962802e+00
1.220901e+00 1.024951e+01
-1.075431e+01 4.111553e+00
-5.189862e+00 -1.016333e+01
-1.057439e+00 -6.961851e+00
6.665026e+00 -1.077523e+01
3.967599e+00 -4.812144e+00
-1.168561e+00 -5.952498e+00
-1.938896e+00 -5.006157e+00
-2.796934e-01 -3.435104e+00
5.290659e+00 7.143713e+00
4.823252e+00 3.985771e+00
-2.545252e+00 -9.951837e+00
-2.113304e+00 2.728918e-01
-9.174608e+00 7.624725e+00
6.272416e+00 1.273557e+00
8.118191e-02 1.017497e+01
-7.196594e+00 4.450748e+00
-1.023664e+01 -9.718832e+00
9.795968e+00 -1.046463e+01
7.362879e+00 1.628952e+00
1.821104e+00 -4.844987e+00
2.459189e+00 -3.585149e+00
4.571941e+00 1.788690e+00
1.059101e+01 -8.632351e+00
3.062767e+00 -5.653858e+00
9.813061e+00 6.070305e+00
-4.474159e+00 -4.429592e-01
-7.413374e+00 -3.844900e+00
-1.320545e+00 -9.241512e+00
-8.002675e+00 1.069128e+01
-6.729997e+00 5.695680e+00
3.657707e+00 5.899322e+00
-1.104478e+01 8.504430e+00
-5.301677e+00 -3.632068e+00
-7.583911e+00 -9.786445e+00
4.568889e+00 8.070196e+00
8.313414e+00 4.657723e+00
1.050475e+01 -1.115352e+01
-6.323077e+00 -9.670603e+00
-1.067832e+01 -8.803970e+00
1.066637e+01 9.370874e+00
8.091347e+00 -8.580392e+00
7.159601e+00 -9.658624e+00
-7.763346e-01 6.839298e+00
6.760038e+00 7.089637e+00
9.405009e+00 3.828740e+00
-1.701470e+00 7.389712e+00
7.899254e+00 6.262034e+00
-6.689577e+00 -7.845659e+00
-2.125066e+00 9.601475e+00
2.414460e+00 2.573105e+00
6.852542e+00 -7.778089e-01
4.068353e+00 -9.613242e+00
-2.248093e+00 -7.530516e+00
1.565442e+00 8.272583e+00
-6.656386e+00 9.089371e+00
1.506745e+00 -1.093785e+01
6.110188e+00 -9.877796e+00
-8.521821e+00 -3.785840e+00
3.563189e+00 -3.700184e+00
3.376502e-01 -1.096301e+01
-9.549768e+00 -8.858881e+00
-1.040368e+01 -3.382265e+00
-1.003058e+01 8.238251e+00
4.098028e+00 -5.914878e+00
5.628287e-01 -1.529066e+00
1.082320e+01 -1.735677e+00
-4.895524e-01 -1.644710e+00
7.669991e+00 -5.006551e+00
-4.263844e+00 -4.557262e+00
-1.755458e-01 9.028824e+00
6.584439e+00 2.584225e+00
8.906389e+00 6.665073e+00
-6.381128e+00 -3.918853e+00
8.807105e+00 5.566276e+00
2.508893e-01 6.992449e+00
-9.080921e+00 8.729511e+00
8.310250e+00 1.055437e+01
8.260449e+00 -7.444422e+00
9.442578e+00 7.605151e+00
-9.120001e+00 -9.780748e+00
5.678424e+00 -4.016226e+00
-9.995813e+00 1.372825e+00
9.022914e+00 -1.562098e+00
-1.937053e+00 -3.076981e+00
5.126323e+00 -1.024490e+01
1.270377e+00 9.583093e-01
3.498434e+00 3.903596e-02
5.082853e+00 -6.117965e+00
1.108186e+01 4.955030e+00
5.236389e+00 9.488858e-01
1.079286e+01 1.552677e+00
-8.182001e-01 1.107783e+01
3.605789e+00 -1.695530e+00
8.288730e+00 5.502971e-01
-6.397094e+00 6.754054e+00
3.102450e+00 -8.966602e+00
8.340072e+00 -9.824657e+00
1.088337e+01 6.096860e+00
9.026335e-01 9.305188e+00
-1.248227e+00 9.018108e+00
6.077607e+00 7.901074e+00
9.914655e+00 4.956643e+00
-7.429528e+00 6.469377e+00
5.085548e+00 -7.984396e+00
-2.722224e-01 -7.819622e+00
9.736433e+00 -4.730705e+00
2.114782e+00 -6.016083e+00
9.095696e+00 -3.780187e+00
-7.346268e+00 3.252424e+00
5.951870e+00 4.383244e+00
4.921781e-01 -9.904957e+00
-5.451608e+00 -7.808962e+00
-6.201800e+00 3.545314e+00
-9.522010e+00 -4.147110e+00
-9.051313e+00 1.083446e+01
-7.375017e+00 -1.078949e+01
