8.057348e+00 -1.091447e+01
-9.928455e+00 6.782420e+00
-8.856352e+00 8.366184e+00
-4.847530e+00 -8.164278e-01
-8.791221e+00 6.223516e-01
-8.991968e+00 -8.004852e+00
6.924104e+00 -3.690659e+00
5.947776e-01 4.454368e+00
6.115215e+00 -4.435310e+00
6.073502e+00 -3.171694e+00
-7.772514e+00 7.818456e+00
1.015470e+01 4.707538e+00
-9.250753e+00 1.609430e+00
5.107155e+00 1.029467e-01
-1.185856e+00 5.899299e+00
7.307584e+00 5.078350e-01
-1.092911e+01 -2.461007e+00
-9.411803e+00 1.042589e+01
-5.870478e+00 -7.706378e+00
-7.389443e+00 -9.136247e+00
8.124298e+00 1.022657e+01
8.363986e+00 -5.379195e+00
3.349187e+00 -6.553007e+00
8.282136e-01 -2.025559e+00
6.107082e+00 -1.883279e+00
-1.095892e+01 6.279920e+00
-5.348200e+00 1.295978e-01
2.010448e+00 1.115873e+01
6.283764e+00 3.564404e-01
-6.843173e+00 4.509472e+00
3.197872e-01 9.441893e+00
3.515715e+00 1.577657e+00
-8.757017e+00 4.101678e+00
-9.804401e+00 4.622191e+00
1.620436e-01 7.071290e+00
-8.685038e+00 -1.015503e+01
1.065588e+01 -7.401473e+00
-8.541465e+00 -9.115558e+00
-1.090609e+01 -4.571314e+00
-5.717717e+00 3.082790e+00
-1.025934e+01 -8.077253e+00
5.130861e+00 -2.459833e+00
-9.593369e+00 9.460184e+00
-8.215617e+00 4.978574e+00
-9.740268e+00 -4.423903e+00
1.042314e+01 7.068418e+00
-7.460908e+00 -2.410416e+00
-9.748629e+00 -2.354582e+00
4.056885e+00 -2.613339e+00
-9.935748e+00 2.463369e+00
3.880587e+00 -2.238986e-01
-1.793251e+00 4.873740e+00
7.228704e+00 -5.569613e-01
-7.459016e+00 5.703998e+00
8.349471e+00 -2.499647e+00
-7.599612e+00 5.046842e-01
2.512781e+00 5.132114e+00
-7.752626e+00 -4.924204e+00
-6.190551e+00 2.131739e+00
-2.740529e+00 -1.112428e+01
5.295304e+00 1.068737e+01
9.289186e+00 1.071068e+01
1.040270e+01 1.064328e+01
-4.108082e+00 -9.277999e+00
-9.762689e+00 3.490834e+00
7.740960e+00 -8.758466e+00
1.037811e+01 -6.388257e+00
-6.304636e+00 -2.666360e+00
-1.061086e+01 -9.029937e+00
5.103435e+00 -5.047719e+00
-6.051100e-02 6.008613e+00
6.200796e+00 -7.604910e-01
-7.135302e-01 8.028649e+00
1.593683e+00 4.399687e+00
-5.124761e+00 9.824054e+00
1.116279e+01 5.289097e+00
-9.068576e+00 -1.470483e+00
-4.293212e+00 6.439949e+00
5.764526e+00 -5.955190e+00
-9.383815e+00 -7.033128e+00
4.525333e+00 -1.102136e+01
-9.735425e+00 -3.382396e+00
2.050730e+00 6.292544e+00
2.667592e+00 -7.377718e+00
7.397074e+00 9.245290e+00
4.406732e+00 9.205679e-01
-1.069551e+01 -7.066615e+00
-2.254223e+00 5.817859e+00
3.489548e+00 -8.033376e+00
-1.106907e+00 -2.474156e+00
-9.639583e+00 -1.830285e-01
-1.272422e+00 7.307455e-01
-4.062957e+00 1.986363e+00
7.406567e+00 1.690922e+00
1.023629e+01 2.381144e+00
1.037205e+00 3.135245e-01
6.674315e+00 2.595644e+00
-4.587443e+00 9.513467e-01
-6.522135e+00 4.786975e-01
-9.540348e+00 -8.852963e+00
-8.124224e+00 1.465120e+00
5.659080e+00 9.297811e+00
-8.175038e+00 -7.056733e+00
9.539621e+00 -5.278470e+00
-2.875014e+00 -8.079213e+00
-9.892613e+00 -1.107008e+01
-2.064224e+00 -5.697547e+00
-1.034172e+01 1.330357e+00
-5.805217e+00 -1.597854e+00
-6.801686e+00 -8.303144e+00
1.116407e+01 -7.490763e-01
-5.636509e+00 1.195418e+00
2.427694e+00 1.352821e+00
1.930817e+00 3.288088e+00
1.054708e+01 8.331984e+00
-1.088080e+01 7.337402e+00
-5.008357e+00 5.358661e+00
-5.966115e+00 -5.433725e+00
-7.784822e+00 3.813331e+00
-8.570902e+00 1.114279e+01
3.247682e-01 8.314337e+00
-1.726026e+00 7.752427e+00
-1.735767e+00 1.083823e+01
-7.636997e+00 -1.015698e+01
3.173804e+00 -4.258301e+00
-1.050216e+01 2.363992e-01
-6.894505e+00 -4.444845e+00
-7.500406e+00 8.860908e+00
-1.050979e+00 4.058588e+00
-7.075656e+00 1.462610e+00
4.696677e+00 -6.190856e+00
-4.748757e+00 -4.952317e+00
-1.078255e+01 3.096626e+00
1.017572e+01 -1.656964e-01
-1.912652e+00 -7.818727e+00
4.210246e+00 6.353675e+00
1.399024e+00 -7.721046e-01
4.717236e+00 3.521577e+00
2.210812e+00 9.643748e+00
1.191156e+00 7.598651e+00
-4.083961e+00 3.074892e+00
-1.875960e+00 -8.885549e+00
-1.065382e+01 8.556305e+00
-9.725561e+00 7.884628e+00
8.859766e+00 -4.387962e+00
-3.220892e+00 6.069225e+00
-3.854207e+00 -1.228769e+00
-4.812216e+00 -6.092358e+00
1.580246e+00 2.292856e+00
-8.637471e+00 -2.811945e+00
-1.912980e+00 -4.880765e-01
-7.377213e+00 2.449358e+00
-6.029362e+00 5.236081e+00
-3.753550e+00 -7.064093e+00
4.507452e+00 2.523885e+00
5.597308e+00 2.446622e+00
-4.913429e+00 -8.513428e+00
-3.682027e+00 -1.027511e+01
9.052254e+00 2.767739e+00
-2.335211e+00 -2.331263e+00
-9.994045e-01 6.941106e+00
-4.181241e+00 4.246700e+00
3.588811e+00 -5.244538e+00
-7.672236e+00 -3.494355e+00
7.193057e+00 -1.548326e+00
-2.123274e+00 3.893567e+00
-1.075671e+00 1.849486e+00
-1.082981e+01 -3.493218e+00
-3.425541e-01 4.812338e+00
-2.478042e+00 6.956729e+00
-6.387464e-01 9.029058e+00
3.778337e+00 -9.111466e+00
-7.633647e-01 -8.330307e+00
6.750830e+00 4.529187e+00
-1.113101e+01 2.093029e+00
-4.106861e+00 -1.584511e-01
3.861581e+00 4.178820e+00
5.714372e-01 -9.769265e+00
4.700137e+00 9.666668e+00
-3.478820e+00 9.563666e-01
-3.820370e+00 1.108522e+01
-2.855695e+00 8.315138e+00
-2.993303e+00 -3.152615e+00
-4.648113e+00 7.476625e+00
6.246882e+00 -1.099238e+01
1.035936e+01 6.016162e+00
-1.671288e+00 -4.460927e+00
-5.988785e+00 -3.692068e+00
-4.076508e-01 -9.483058e+00
-8.513456e+00 -3.519276e-01
5.213214e+00 -1.277156e+00
-4.875285e+00 -3.779759e+00
9.128643e-01 3.223156e+00
-5.103435e+00 2.226051e+00
-1.591628e+00 -1.518469e+00
-7.888946e+00 -8.184356e+00
-2.667357e+00 -1.338287e+00
3.349820e+00 9.535763e+00
1.011521e+00 6.488564e+00
6.803430e+00 -8.201166e+00
2.396049e+00 -6.277063e+00
5.334950e+00 -1.018777e+01
1.039928e+01 9.563338e+00
7.917892e+00 -6.259272e+00
-3.973945e+00 5.464505e+00
1.087380e+01 6.229873e-01
1.357537e+00 -5.803030e+00
-3.128507e+00 -5.090099e+00
2.037354e+00 8.338947e+00
2.118732e+00 -3.700383e+00
2.580284e+00 2.448859e+00
-3.600416e+00 -6.017659e+00
-1.433370e+00 -1.026236e+01
-2.872268e+00 2.892429e+00
1.317315e+00 -8.999520e+00
2.823635e+00 -1.081477e+00
7.958627e+00 4.467122e+00
-3.432458e+00 7.357742e+00
1.276870e+00 9.006423e+00
3.399159e+00 3.153546e+00
2.777350e+00 -8.799886e+00
-7.049331e+00 -6.253695e+00
-3.348639e+00 9.282546e+00
-6.712767e+00 7.520920e+00
-2.677497e-01 2.240581e-01
-2.898229e+00 -1.879178e-01
3.905811e-01 -5.194500e+00
-3.965440e+00 -4.245002e+00
-5.273243e+00 -2.868262e+00
3.116671e+00 6.098969e+00
8.303370e+00 -9.511407e-01
3.189233e+00 5.699574e-01
-4.780986e+00 1.075414e+01
-3.026213e+00 4.906956e+00
-2.175306e+00 1.930694e+00
9.319237e+00 1.756868e+00
8.396556e+00 3.565005e+00
5.154805e+00 -9.153542e+00
1.155973e+00 -4.422729e+00
-2.235875e+00 -6.759247e+00
-5.830954e+00 1.089593e+01
-5.146791e+00 -9.594832e+00
-4.848540e+00 -1.059742e+01
9.348809e+00 9.644431e+00
-4.146152e+00 -3.033392e+00
-8.246819e-02 3.528552e+00
6.150867e+00 7.425295e+00
-5.732174e+00 7.558498e+00
-3.237679e+00 3.810254e+00
8.787100e+00 -8.527987e+00
-1.216057e+00 -7.090479e+00
-3.350676e+00 -2.123091e+00
4.051321e+00 -1.007470e+01
2.637036e+00 4.072796e+00
2.505397e-01 -8.665093e+00
1.351418e+00 5.542142e+00
4.871217e-01 -6.606297e+00
1.018061e+01 -1.063545e+01
4.904833e+00 5.546635e+00
4.471840e+00 -8.252956e+00
1.046732e+01 -3.430078e+00
9.716270e+00 -9.288102e+00
-7.301176e+00 -4.860303e-01
-2.908106e+00 -9.147072e+00
7.936421e+00 2.579015e+00
2.020146e-01 -3.937251e+00
9.130919e+00 -7.412213e+00
4.181829e+00 -7.153001e+00
7.480710e+00 -4.626308e+00
1.541470e+00 -6.869704e+00
-4.738496e+00 -1.956548e+00
5.367160e+00 1.340499e+00
2.746866e-01 -8.252879e-01
3.207663e+00 -3.280537e+00
5.310346e+00 8.164558e+00
9.521094e+00 3.719359e+00
5.591861e+00 4.257049e+00
3.366751e+00 -1.080527e+01
6.567534e+00 -9.410902e+00
6.750530e+00 6.412598e+00
7.592872e+00 8.148263e+00
2.151571e+00 3.242291e-01
2.988870e+00 -9.879033e+00
2.807457e+00 1.045931e+01
-1.088956e+01 4.262852e+00
-6.758066e+00 -1.073053e+01
-8.229080e-01 -5.883390e+00
7.196234e+00 1.082486e+01
3.248229e+00 -2.029582e+00
-8.573654e-01 -3.573931e+00
-1.887736e+00 -3.389383e+00
-8.266553e-01 -7.125443e-01
9.263887e+00 6.232995e+00
5.444685e+00 6.488214e+00
-2.471735e+00 -1.013392e+01
-1.511573e+00 2.797594e+00
9.613077e+00 8.561520e+00
1.029883e+01 -2.402865e+00
1.243526e+00 1.048861e+01
-5.591382e+00 4.328601e+00
-6.854844e+00 9.680268e+00
9.111916e+00 -1.058552e+01
1.017962e+01 -1.244890e+00
2.267177e+00 -2.687719e+00
-1.942772e-01 -2.176194e+00
8.913358e+00 4.923817e+00
-1.090219e+01 -6.022188e+00
4.097075e+00 -3.773928e+00
1.067057e+01 3.608412e+00
-6.236272e+00 -6.120819e-01
-8.719880e+00 -3.901021e+00
-2.286055e-01 -7.427653e+00
-6.444642e+00 6.193855e+00
-7.409734e+00 6.756825e+00
4.449813e+00 7.515467e+00
-1.021453e+01 -1.008506e+01
-5.886514e+00 -6.530499e+00
-8.214636e+00 9.638966e+00
4.153060e+00 8.573063e+00
6.335024e+00 1.475597e+00
-1.077810e+01 1.075287e+01
-6.242135e+00 -9.867271e+00
1.078039e+01 -9.598602e+00
-1.112327e+01 -1.066515e+01
9.864696e+00 -8.168357e+00
8.534186e+00 -9.742616e+00
-4.014019e+00 1.006322e+01
7.284818e+00 5.395490e+00
9.815685e+00 8.999027e-01
-2.751028e+00 1.019366e+01
6.475761e+00 8.477035e+00
-4.824108e+00 -7.207088e+00
-4.078550e+00 8.442337e+00
3.886377e+00 5.220423e+00
9.257942e+00 -1.882464e+00
5.390941e+00 -6.980122e+00
-2.599299e-01 -1.064131e+01
3.340821e+00 7.348672e+00
-5.339442e+00 8.757792e+00
7.867390e-01 -1.080625e+01
7.169672e+00 -1.045053e+01
-8.913945e+00 -5.020261e+00
4.096797e+00 -1.284125e+00
1.819003e+00 -9.974783e+00
-7.495661e+00 1.061341e+01
-9.634039e+00 -5.947173e+00
-1.082507e+01 9.645391e+00
1.842789e+00 -1.692121e+00
-2.316776e+00 8.212697e-01
-1.020345e+01 -1.374314e+00
9.272708e-01 -3.253208e+00
9.353351e+00 -6.292997e+00
-4.061253e+00 -8.017614e+00
-9.959894e-01 1.017313e+01
9.017201e+00 3.259281e-02
7.954993e+00 7.107561e+00
-8.373901e+00 -5.931418e+00
7.268185e+00 3.609867e+00
2.310238e+00 7.328907e+00
-8.941610e+00 7.125464e+00
6.562625e+00 9.956241e+00
1.080857e+01 -8.496907e+00
8.642328e+00 8.120160e+00
-7.085275e+00 -7.293862e+00
5.151653e+00 -3.950100e+00
-6.861828e+00 -1.458427e+00
7.972462e+00 -3.626830e+00
-2.674480e+00 -4.139336e+00
7.730113e+00 -7.489377e+00
1.042927e-01 2.442420e+00
2.898894e-01 1.369121e+00
6.943718e+00 -5.456680e+00
8.476374e+00 9.171140e+00
8.364531e+00 1.096848e+00
-7.985165e+00 -1.323856e+00
3.635644e-03 1.050633e+01
1.357119e+00 1.297550e+00
9.050290e+00 -3.330785e+00
-8.531010e+00 6.005219e+00
1.843375e+00 -8.147743e+00
5.696656e+00 -8.076101e+00
8.346348e+00 5.999447e+00
3.884167e+00 1.044934e+01
-1.674018e+00 9.191033e+00
3.206788e+00 8.317434e+00
9.405202e+00 7.484983e+00
-5.361258e+00 6.523009e+00
6.706303e+00 -6.982994e+00
-6.075875e-01 -4.777015e+00
1.066949e+01 -5.282529e+00
2.343027e+00 -5.119255e+00
7.285346e+00 -2.720563e+00
-8.421881e+00 2.943024e+00
6.116788e+00 5.412569e+00
8.123425e-01 -7.784916e+00
-5.867351e+00 -8.853787e+00
-6.735495e+00 3.288917e+00
9.895707e+00 -4.310175e+00
-9.921838e+00 5.673401e+00
-6.323671e+00 8.565623e+00
