9.361440e+00 -9.647824e+00
-7.376577e+00 7.797115e+00
1.093701e+01 8.254513e+00
-4.621945e-01 -5.429021e-01
-4.988977e+00 5.363217e+00
-1.088000e+01 1.030887e+01
7.671882e+00 4.018039e-01
6.850109e+00 3.754802e+00
7.176188e+00 -1.628332e+00
8.942370e+00 -1.328664e+00
-5.309431e+00 7.756728e+00
8.277661e+00 6.156567e+00
-6.495460e+00 -4.538690e+00
6.089554e+00 5.900501e+00
-5.819099e+00 1.906577e+00
3.749214e+00 9.644270e+00
-4.512249e+00 -5.000958e+00
-1.093690e+01 -9.233184e+00
8.670963e+00 1.103000e+01
1.100020e+01 5.603440e+00
3.991688e+00 -5.018134e+00
6.916434e+00 -5.903247e+00
6.188899e-01 -5.334806e+00
-1.111313e+00 5.710485e-01
5.543620e+00 1.723328e+00
1.025249e+01 3.584053e+00
-3.978711e+00 -7.597223e-01
-5.095081e+00 9.866923e+00
-1.094921e+01 -2.747981e+00
-7.380135e+00 4.558107e+00
7.707665e-01 -8.353210e+00
4.731165e+00 3.650040e+00
-7.866271e+00 -2.868288e+00
-1.103088e+01 -3.819816e+00
-1.530040e+00 5.416257e+00
-5.419224e+00 -9.539078e+00
-8.613217e+00 -9.553138e+00
9.039276e+00 6.771047e+00
-9.340084e+00 -7.982081e+00
-9.303360e+00 1.689433e+00
6.957568e+00 1.050191e+01
7.989020e+00 -8.136525e-01
9.617170e+00 -1.072651e+01
7.437811e+00 2.663123e+00
-1.023158e+01 -5.213007e+00
8.125967e+00 -9.301627e+00
-1.465671e+00 -5.969834e+00
-5.595669e+00 -5.198839e+00
7.865322e+00 -5.613218e+00
9.790749e+00 -4.377200e+00
2.879714e+00 -1.318345e+00
3.658140e+00 3.902266e+00
-9.842656e+00 -4.376726e-01
-1.014977e+01 1.291550e+00
-8.432359e+00 -8.086038e-01
-5.059969e+00 -1.657788e+00
-1.012601e+00 6.665098e+00
-3.071184e+00 -1.949075e+00
-9.330423e+00 3.261873e+00
-3.053610e+00 6.154690e+00
1.301884e+00 -7.495237e+00
5.231556e+00 -8.608032e+00
6.355311e+00 -8.894525e+00
-1.938383e-01 1.043709e+01
-5.290669e+00 -6.159568e-01
1.692869e+00 -5.285996e+00
8.550071e+00 -4.732845e+00
-3.638271e+00 2.624743e+00
-9.060896e+00 1.058338e+01
4.943196e+00 -4.307648e+00
1.459339e+00 -9.221965e+00
-9.222194e+00 5.926857e-01
-2.002993e+00 6.395408e+00
1.572018e+00 6.515256e+00
-4.298899e+00 7.971019e+00
2.923522e+00 8.093244e+00
-8.964141e+00 -4.783658e+00
-2.586071e+00 2.279229e+00
7.907992e+00 -3.803838e+00
1.112334e+01 -4.944672e+00
2.476501e+00 -7.646784e+00
-7.041772e+00 -6.609608e+00
4.496553e+00 1.074621e+01
-2.978425e+00 -1.036904e+01
3.727770e+00 -6.104804e+00
2.836325e+00 2.613899e+00
7.878372e+00 1.004466e+01
-1.037445e+01 3.399466e+00
-1.274590e+00 -4.890033e+00
2.191117e+00 -4.044951e+00
-3.706756e+00 1.576590e+00
1.828991e+00 -8.450995e-01
1.107918e+00 3.622817e+00
3.997559e+00 7.643536e+00
8.335387e+00 4.984444e+00
3.593856e+00 -4.453440e-01
3.585814e+00 -1.076343e+01
-7.450968e-01 4.529738e+00
-1.059708e+01 3.458267e-01
-8.467615e+00 -8.463903e+00
4.490520e+00 5.566393e+00
3.247978e+00 1.060587e+01
-9.141149e+00 -6.976500e+00
1.042818e+01 -1.015371e+01
-3.739957e+00 -6.527616e+00
-7.556228e+00 6.789938e+00
-1.211235e+00 1.109390e+01
9.280390e+00 5.359451e+00
-4.954017e+00 -3.152172e+00
-7.213492e+00 -7.993379e+00
-8.488719e+00 -3.851401e+00
-9.789944e+00 -2.822477e+00
6.983893e+00 -2.695031e+00
6.783642e+00 9.104119e+00
1.086166e+01 7.092832e+00
-9.870239e+00 9.736523e+00
-3.356678e+00 1.863512e-01
-4.686222e+00 -1.025596e+01
7.982424e+00 1.603081e+00
-9.431784e+00 7.700150e+00
1.484663e+00 4.666606e+00
2.692976e+00 9.273537e+00
-8.409351e+00 6.266625e+00
-8.309698e+00 8.547757e+00
2.336880e+00 1.337368e-01
9.467888e+00 -2.430802e+00
-5.723243e+00 -6.277627e+00
-7.557173e+00 1.096775e+01
-5.344513e-01 1.526988e+00
-1.058451e+01 -6.265343e+00
7.450506e+00 -4.699391e+00
-6.262008e+00 9.511375e+00
-9.857434e+00 8.673321e+00
1.004694e+01 -1.201249e+00
-4.311188e-01 -5.493940e+00
4.456278e+00 -1.009468e+01
-2.353879e+00 -2.967412e+00
1.044780e+01 1.999408e+00
2.847884e+00 6.818223e+00
-1.224165e+00 3.471342e+00
-4.948101e+00 6.548897e+00
5.142125e-01 -6.498518e+00
1.024002e+01 1.044328e+01
-7.401805e+00 -6.791200e-01
8.936060e+00 -3.551808e+00
-7.354480e+00 2.248156e+00
-8.365965e+00 1.386089e+00
-2.630395e+00 -9.433772e+00
6.856876e+00 1.521978e+00
-5.305871e+00 -4.155455e+00
1.587945e+00 2.525252e+00
-1.042775e+01 -1.737731e+00
-5.861501e+00 6.199459e+00
-5.291643e+00 -8.169125e+00
3.401837e+00 5.402921e+00
7.679603e+00 -1.098276e+01
-6.232177e+00 1.066205e+01
-4.957428e+00 1.085202e+01
-1.039033e+01 5.691375e+00
-5.988182e-02 3.590054e+00
4.806444e+00 2.508030e+00
-6.141228e+00 -1.594323e+00
-6.355941e-01 -6.677470e+00
-4.070300e+00 -3.997651e+00
8.029310e+00 3.715213e+00
6.241539e+00 2.960221e-01
-9.297241e-01 -1.589217e+00
1.062576e+01 -5.876254e+00
4.781604e+00 9.703194e+00
-7.226303e+00 3.299170e+00
-4.654373e+00 3.016643e+00
6.071962e-01 -1.001932e+01
-5.332872e-01 9.299144e+00
7.311040e+00 5.615180e+00
4.178973e+00 8.615612e+00
-7.957368e+00 -5.291096e+00
1.115830e+01 1.290110e+00
1.486006e+00 -1.067155e+01
-9.199057e-01 -1.022900e+01
8.479886e-02 -1.444037e+00
-2.445122e+00 1.103839e+01
3.324859e+00 7.111686e-01
-3.721593e+00 -9.565567e+00
-4.053211e+00 5.668216e+00
2.004424e+00 7.386903e+00
-9.334355e+00 5.478562e+00
-3.027687e+00 -7.233345e+00
-2.620612e+00 -6.342100e+00
-6.247730e+00 7.245456e+00
-2.310196e+00 3.348882e+00
1.081542e+01 -1.918712e+00
-3.040682e+00 -4.393347e+00
5.382892e+00 8.705119e+00
-6.463131e+00 4.114592e+00
-4.128359e+00 -2.030893e+00
-1.010987e+01 -1.117160e+01
3.234020e-01 4.706806e+00
5.469590e-01 2.619847e+00
-3.351418e+00 3.860300e+00
2.645417e+00 -6.347893e+00
8.086746e+00 -2.146684e+00
1.643023e+00 -6.489685e+00
5.841950e+00 -6.021849e+00
4.024335e+00 -3.491864e+00
-4.811503e+00 1.495631e+00
1.064867e+01 1.664189e-02
5.844889e+00 -3.391688e+00
-4.993064e+00 -7.106243e+00
5.304118e+00 -1.087586e+01
-8.356565e+00 -1.892963e+00
1.367894e+00 -3.123244e+00
-8.726903e-01 -3.651658e+00
-1.968224e+00 -1.030136e+01
9.084199e-01 7.355044e+00
2.142631e+00 -2.325491e+00
4.878785e+00 -4.557942e-01
7.406813e+00 -6.908961e+00
-1.000554e+01 2.431571e+00
2.167793e+00 1.051417e+01
6.310507e+00 8.153314e+00
2.925538e+00 -3.178083e+00
-5.568300e+00 -1.069565e+01
-8.258811e+00 5.077920e+00
-5.385152e+00 4.382469e+00
-1.567440e+00 2.477928e+00
-4.529103e+00 3.532783e-01
-2.232700e+00 -5.280168e+00
-8.283981e+00 9.566891e+00
-1.951493e+00 -3.904686e+00
3.448063e+00 -8.245784e+00
-7.195999e+00 -1.842775e+00
9.423548e+00 -1.141677e-01
-3.104054e+00 8.410065e+00
-1.954602e+00 4.460211e+00
3.864661e+00 2.889127e+00
1.103889e+01 4.278270e+00
7.185845e+00 -1.007838e+01
-3.800845e+00 -1.113320e+01
3.310588e-02 3.717768e-01
-2.247633e+00 -8.343174e+00
9.653313e-01 5.731014e+00
-4.427436e+00 -8.878254e+00
-3.062889e-01 5.538834e+00
6.594964e+00 -1.095978e+01
-2.702301e+00 -8.856240e-01
6.457351e+00 2.531762e+00
5.544527e+00 -7.478816e+00
-8.121060e+00 3.728443e+00
3.491549e+00 1.865962e+00
8.448903e+00 -6.791758e+00
-2.174252e+00 2.051571e-01
-1.710611e+00 -7.125770e+00
2.338291e+00 -9.722894e+00
4.676758e+00 -6.748825e+00
1.008657e+00 -2.107163e+00
-1.877398e+00 7.497732e+00
1.469907e-02 -2.998495e+00
1.000514e+01 -7.665278e+00
5.795510e+00 3.287390e+00
6.760586e+00 -3.801875e+00
-4.710552e+00 -6.116553e+00
8.517945e+00 -1.031228e+01
-5.731728e+00 -2.529055e+00
-3.238498e+00 -8.533969e+00
6.071775e+00 7.095246e+00
-2.751152e+00 1.055260e+00
9.162008e+00 1.014033e+01
5.964861e+00 -2.338861e+00
8.631190e+00 -7.769245e+00
4.839911e+00 -2.822762e+00
-3.655324e+00 -5.575028e+00
8.653142e+00 6.032288e-01
1.116383e+00 -4.239903e+00
-1.479131e+00 -9.238046e+00
3.679890e+00 -7.114798e+00
5.903887e+00 9.522998e+00
7.299224e+00 7.863348e+00
-2.230192e-01 7.717208e+00
4.187031e+00 -9.062553e+00
-1.494259e+00 1.010337e+01
7.544067e+00 -8.307131e+00
6.177375e-01 1.458935e+00
3.244604e+00 -4.224356e+00
-3.968011e+00 6.823908e+00
-9.314567e+00 -1.362735e+00
-5.571844e+00 5.109115e-01
-1.655052e+00 -8.414860e-01
4.422719e-01 9.589194e+00
9.313617e+00 1.589449e+00
2.210554e+00 1.514126e+00
-8.489621e-01 -8.177862e+00
-2.028956e+00 -1.865798e+00
8.091928e+00 8.989063e+00
-9.179377e+00 4.305252e+00
-3.662798e-01 -9.265849e+00
-1.110632e+01 -9.099691e-01
9.965693e+00 4.609080e+00
-6.172638e+00 -3.537134e+00
-5.287706e+00 8.724458e+00
-6.620200e+00 1.188449e+00
-8.545376e+00 -1.089294e+01
8.986824e+00 -8.718620e+00
7.008245e+00 -5.835424e-01
-6.617831e-02 -7.528959e+00
-3.482503e+00 -3.115127e+00
8.489374e+00 2.541186e+00
-1.053502e+01 -1.017821e+01
9.227365e+00 -5.708797e+00
-1.034721e+01 7.074933e+00
-1.740172e+00 1.346362e+00
-6.135839e+00 -7.460694e+00
7.747472e-01 -6.006010e-01
-1.023545e+01 4.476580e+00
-6.086362e+00 5.208085e+00
5.130043e+00 7.730466e+00
-7.300231e+00 1.002263e+01
-9.442614e+00 -1.026884e+01
-8.197496e+00 -6.524106e+00
-2.114246e+00 9.134826e+00
1.002240e+01 8.129990e-01
-8.073323e+00 -7.537119e+00
-4.130575e+00 4.591678e+00
6.559059e+00 -7.717903e+00
-6.334281e+00 -8.566221e+00
9.117188e+00 9.057035e+00
5.186800e+00 6.594796e-01
2.070907e+00 5.503311e+00
3.906187e+00 6.635590e+00
9.139790e+00 3.798584e+00
1.570864e+00 8.371901e+00
3.390905e+00 -9.757131e+00
-3.979116e+00 9.084353e+00
1.128049e+00 5.955733e-01
5.750267e+00 -9.892426e+00
1.023569e+01 -3.330574e+00
4.061652e+00 -1.515630e+00
-4.196664e+00 -7.864260e+00
-2.921943e+00 1.015186e+01
-8.493646e+00 7.348274e+00
-6.359906e+00 8.318598e+00
-1.244693e+00 8.401566e+00
-9.899956e+00 -3.929126e+00
4.502339e+00 1.530581e+00
-2.905940e+00 7.250222e+00
1.115686e+01 -1.108626e+01
-7.723080e+00 -1.024238e+01
1.022816e+01 9.422735e+00
5.432460e+00 4.520226e+00
5.544546e-01 8.504119e+00
-7.503922e+00 -4.145182e+00
1.706966e-01 6.477232e+00
4.848596e+00 -5.555135e+00
-6.662628e+00 -1.070653e+01
-7.245692e+00 8.974769e+00
5.721578e+00 1.051018e+01
7.041312e+00 6.736318e+00
-1.021240e+01 -8.528384e+00
8.908710e+00 8.045999e+00
4.387379e+00 4.653225e+00
1.001500e+01 7.771976e+00
9.211573e-01 1.053449e+01
1.010769e+01 6.223234e+00
1.624240e+00 9.541372e+00
-1.024870e+01 -7.347471e+00
-7.719284e+00 -9.074642e+00
-6.431348e+00 -8.785510e-02
1.112056e+01 -8.096794e+00
-6.767453e+00 -9.623630e+00
1.009377e+01 -8.868973e+00
6.008300e+00 -1.006028e+00
5.127377e+00 -1.600201e+00
1.072685e+01 -6.895310e+00
-1.105761e+01 9.152800e+00
4.948121e+00 6.509239e+00
-6.046145e+00 2.905585e+00
-4.051680e+00 1.006806e+01
2.340162e+00 3.482746e+00
-6.653944e+00 -5.551125e+00
9.561217e+00 2.695458e+00
1.111694e-01 -4.342857e+00
2.282103e+00 -8.617484e+00
6.427991e+00 4.782873e+00
-6.742718e-02 -1.080731e+01
-3.014417e+00 4.892897e+00
2.549582e+00 -1.087407e+01
-9.499004e+00 6.545540e+00
-5.374759e-01 2.672599e+00
9.691753e+00 -6.648874e+00
-1.063707e+00 -2.669811e+00
-6.837827e+00 -2.791939e+00
2.730339e+00 4.484387e+00
6.080561e+00 -4.807048e+00
1.110498e+01 2.792609e+00
4.507517e+00 -7.866561e+00
2.755109e+00 -5.233111e+00
-8.959235e+00 -5.851497e+00
-8.389151e+00 2.435918e+00
3.574632e+00 -2.435571e+00
-7.470523e+00 4.347963e-01
-7.039918e+00 5.563737e+00
