1.047947e+01 -7.776852e+00
-1.069295e+01 7.091436e+00
-2.773779e+00 1.086159e+01
-5.985183e+00 -1.405444e+00
9.448543e+00 3.477288e+00
-8.914688e+00 -3.788104e+00
-1.081669e+01 -2.268602e-01
-8.550627e+00 7.026611e+00
9.541136e+00 -3.200730e+00
8.253188e+00 1.449916e+00
-2.484880e+00 9.649403e+00
1.036197e+01 5.915688e+00
-1.094126e+01 8.891138e-01
9.417351e+00 1.015493e+00
-6.908052e+00 3.501530e+00
3.881693e+00 2.964516e+00
1.042290e+01 2.746671e+00
-8.921692e+00 9.678760e+00
-5.684769e+00 -6.141952e+00
-4.270570e+00 -7.160875e+00
-9.980335e+00 -8.750048e+00
-1.110047e+01 -5.593564e+00
5.486680e+00 -6.975973e+00
8.987370e+00 1.267257e-02
6.685913e+00 -2.461410e-03
1.048146e+01 6.896411e+00
-5.090200e+00 -7.114005e-01
5.523215e+00 -1.005628e+01
7.204890e+00 -9.530027e-01
1.077764e+01 4.946650e+00
-3.179567e+00 5.225852e+00
5.368705e+00 -4.854248e+00
-8.551487e+00 3.094778e+00
1.021320e+01 8.877832e+00
-3.856326e+00 2.482806e+00
-1.024817e+01 -1.095862e+01
1.075739e+01 -6.704161e+00
-6.477074e+00 1.082202e+01
-9.004342e+00 -5.012370e+00
-3.891915e+00 6.872604e+00
-7.613378e+00 -6.528724e+00
-8.274919e+00 -2.688532e+00
-8.913904e+00 -9.191321e+00
-6.653103e+00 7.769013e+00
-1.050247e+01 -6.457487e+00
9.423906e+00 6.752567e+00
-9.895240e+00 8.095989e-01
-9.310066e+00 -2.707279e+00
8.578375e+00 -3.715534e+00
-9.661595e+00 3.035272e+00
6.265064e+00 3.117216e+00
-4.548048e+00 1.487547e+00
4.398056e+00 -1.460394e-01
-9.455928e+00 5.508460e+00
8.338237e+00 2.507343e+00
-7.722530e+00 1.508236e+00
-8.150076e-01 3.477763e+00
-3.992633e+00 -9.912769e-01
-8.441114e+00 5.998084e+00
-4.432410e+00 7.843191e+00
6.570692e+00 -9.824917e+00
5.384728e+00 1.017491e+01
9.145361e+00 -1.018988e+01
-5.758648e+00 -8.882673e+00
-8.845585e+00 1.634257e+00
1.054323e+01 -3.554985e+00
-9.912256e+00 -5.549123e+00
-8.207519e+00 -3.725437e-01
9.672370e+00 -7.092961e+00
7.905821e+00 -1.884611e+00
-4.540340e+00 3.451599e+00
7.929759e+00 3.124784e-01
-1.729990e+00 -2.563625e+00
5.529016e-01 6.691261e+00
-3.504877e+00 9.622129e+00
2.962529e+00 3.749363e+00
-4.673778e+00 -1.762352e+00
-4.918481e+00 6.660113e+00
-1.016492e+01 -3.445656e+00
-7.774100e+00 9.986620e+00
3.810327e+00 -9.205514e+00
-8.018360e+00 -5.585238e+00
9.036827e-01 8.328832e+00
8.661780e+00 -7.494713e+00
8.614406e+00 -6.404243e+00
8.541050e+00 -8.638285e-01
-2.742830e+00 -3.872053e+00
-1.593023e+00 4.248725e+00
7.127379e+00 -9.004565e+00
6.499348e+00 -7.037865e+00
-8.039222e+00 -1.505595e+00
6.700899e-01 -1.114715e+00
-2.003419e+00 -6.612741e-01
2.247316e+00 1.700202e+00
7.307560e+00 6.327925e+00
3.428914e+00 -4.180798e+00
9.266821e+00 5.702227e+00
-7.373636e+00 3.804992e-01
-7.045351e+00 5.598156e+00
9.511852e+00 -4.250058e+00
-8.368833e+00 6.724629e-01
3.198155e+00 -1.022604e+01
-7.486392e+00 -7.650858e+00
-8.722862e+00 -6.424493e+00
-4.727354e+00 -8.276276e+00
1.083906e+01 -8.988994e+00
-1.363562e+00 -6.477036e+00
7.290893e+00 3.467541e+00
-5.037529e+00 -3.851382e+00
-8.003433e+00 -4.465742e+00
-9.230366e+00 -1.405164e+00
-4.442528e-02 -1.994886e+00
7.755582e-01 -5.086533e-03
-3.384522e+00 1.292148e+00
5.638985e+00 7.330010e+00
9.220696e+00 8.728181e+00
-5.661940e+00 5.607297e+00
-7.516940e+00 -1.109471e+01
-9.601357e+00 6.633295e+00
-9.665945e+00 1.041370e+01
-2.698021e+00 4.326633e+00
-4.081926e+00 5.869199e+00
-1.731561e+00 -9.029295e+00
-8.940447e+00 -8.013040e+00
6.049383e+00 -5.766846e+00
-3.853890e+00 -4.345387e+00
-4.611287e+00 -6.163346e+00
-4.956889e+00 1.094050e+01
-6.223482e+00 2.638409e+00
-7.587461e+00 2.610007e+00
6.668595e+00 -4.928360e+00
-3.138771e+00 -5.169802e+00
-7.911956e+00 3.933141e+00
8.276762e+00 5.631794e+00
-3.884168e+00 1.061885e+01
3.551219e+00 9.166920e+00
3.430168e+00 -2.252931e+00
3.574875e+00 4.919723e+00
6.548059e-02 5.715893e+00
-1.132687e-01 7.823893e+00
-7.364618e+00 6.739333e+00
-1.503334e+00 9.286590e+00
-7.953771e+00 -8.748090e+00
-8.486816e+00 1.071708e+01
-6.889673e+00 -5.739409e+00
-3.535529e+00 8.406919e+00
-4.697550e+00 -2.799788e+00
1.002630e+00 -5.165772e+00
-4.194776e+00 2.945988e-01
-7.061873e+00 -9.375440e-01
-7.087410e-01 -5.417755e-01
-5.245621e+00 4.137417e-01
-6.270721e+00 6.483217e+00
-3.611705e+00 -6.177671e+00
-1.230547e+00 1.358533e+00
9.407123e-01 1.520357e+00
-5.637511e+00 -7.491261e+00
-5.509149e+00 7.916870e+00
2.451935e+00 4.836372e+00
-8.505642e-01 -4.300979e+00
-3.045348e+00 7.467301e+00
-6.858035e+00 4.557125e+00
5.155970e+00 -8.185104e+00
-3.660859e+00 -2.092558e+00
-1.055062e+01 -1.268450e+00
-2.190450e+00 1.623529e+00
-1.226140e+00 2.475830e+00
-6.072454e+00 -3.958999e+00
-6.583504e+00 1.464907e+00
-2.880559e+00 2.460565e+00
-1.596648e+00 1.039776e+01
4.104350e+00 -8.106021e+00
-7.227639e-01 -8.578924e+00
1.669138e+00 6.801541e-01
-1.053075e+01 4.235856e+00
-3.220257e+00 -2.398308e-01
1.287816e+00 5.896397e+00
1.041856e+00 -9.976784e+00
7.213910e+00 9.450636e+00
-2.931601e+00 -1.377809e+00
-2.725057e+00 -9.512706e+00
-1.982114e+00 3.218190e+00
-1.169765e-01 -5.396259e+00
-4.566123e+00 8.830526e+00
8.875350e+00 1.072518e+01
3.518080e+00 1.111252e+01
-3.716873e+00 -8.041455e+00
-6.550645e+00 -6.979868e+00
-2.574263e+00 -8.442317e+00
-1.076599e+01 3.262569e+00
1.091260e+01 -1.807747e+00
-2.388177e+00 -5.924337e+00
-5.652324e+00 3.728778e+00
-5.531790e+00 1.554412e+00
3.964841e+00 -1.185309e+00
7.728828e+00 7.643804e+00
2.401974e+00 -2.453162e+00
2.081490e+00 -1.013305e+01
8.057153e-01 4.936056e+00
9.456209e+00 -8.202315e+00
2.841453e+00 -6.267536e+00
2.224085e+00 1.117083e+01
6.963193e+00 8.438219e+00
-7.240082e+00 -3.709052e+00
-2.896909e+00 6.270680e+00
7.313512e+00 5.084047e+00
3.014979e+00 -8.214057e+00
-1.989222e-01 -6.367866e+00
1.654850e+00 -8.942095e+00
1.647271e-01 -4.235214e+00
2.693013e+00 2.723940e+00
-2.564696e+00 -7.043543e+00
-3.437935e+00 -1.022149e+01
-5.107641e+00 2.560841e+00
2.612362e+00 -9.256342e+00
1.994400e+00 -3.674314e-01
4.613023e+00 4.911318e+00
4.856618e-01 3.941333e+00
-3.507342e-01 8.874128e+00
-2.094835e-01 6.305311e-01
1.181502e+00 -1.102071e+01
-8.789799e+00 -1.059455e+01
-5.773725e-01 9.982875e+00
-6.286198e+00 8.684226e+00
5.662745e+00 -3.813630e+00
-8.409122e-01 -3.030386e+00
7.229006e+00 -6.161862e+00
-2.004313e+00 -4.765656e+00
1.018648e+01 1.679064e+00
1.915513e+00 3.920120e+00
2.729761e+00 7.157686e-01
-1.949950e-01 1.797848e+00
-4.404976e+00 -1.051762e+01
-3.859479e+00 4.351089e+00
1.280010e+00 -2.299426e+00
6.565405e+00 4.272325e+00
8.471051e+00 4.623107e+00
4.430511e+00 -1.015457e+01
5.027735e+00 -5.877083e+00
-4.113113e+00 -9.198036e+00
-4.705055e+00 9.969250e+00
-7.418558e-01 1.102676e+01
-2.123323e+00 8.528199e+00
6.092098e+00 9.350524e+00
-4.881135e+00 -4.821695e+00
-1.459094e+00 -1.521804e+00
4.848243e+00 9.256419e+00
-1.156854e+00 -9.982433e+00
-9.505707e+00 -1.752685e-01
1.015455e+01 -5.044872e+00
1.781481e+00 -4.490047e+00
1.257586e+00 -3.512547e+00
6.957977e+00 -1.106925e+01
5.060027e+00 -1.104226e+00
-1.952118e+00 -1.090971e+01
-2.362380e+00 3.026377e-01
2.746048e+00 -5.113299e+00
9.725315e+00 -9.222056e+00
8.499941e+00 9.605368e+00
3.432729e+00 -7.225011e+00
8.446814e+00 3.562709e+00
9.149512e+00 -5.314825e+00
-3.588619e+00 -3.305036e+00
-6.829343e+00 9.827556e+00
1.080945e+01 3.928529e+00
3.982766e+00 -5.065196e+00
8.594064e+00 -2.630246e+00
7.620129e+00 -7.240948e+00
7.206336e+00 1.126649e+00
1.781505e+00 -6.814321e+00
-1.724670e+00 -3.705995e+00
3.380866e+00 1.920953e+00
1.076270e+01 -7.981863e-01
4.792063e+00 9.500531e-01
4.225943e+00 8.487666e+00
3.944911e+00 6.204299e+00
3.397173e+00 7.716872e+00
2.287375e+00 7.948609e+00
7.918105e+00 8.633413e+00
5.464456e+00 3.987360e+00
6.601490e+00 1.028733e+01
2.780309e+00 -1.273343e+00
3.078211e+00 1.011676e+01
6.911291e-02 -1.071715e+01
9.523621e+00 4.559909e+00
-5.071196e+00 -9.633457e+00
5.592201e-01 -7.279562e+00
5.954845e+00 -8.887578e+00
7.670261e+00 -3.207066e+00
3.855073e+00 -6.068228e+00
9.365123e-01 -6.269919e+00
2.627284e+00 -3.544568e+00
5.445172e+00 8.322306e+00
1.529744e+00 2.531364e+00
3.076081e-01 1.055706e+01
-6.332850e+00 -1.405986e-01
1.072638e+01 9.814677e+00
5.968157e+00 9.154236e-01
-6.099372e-01 6.774803e+00
-1.052835e+01 5.754032e+00
9.635876e+00 9.840672e+00
9.769264e+00 -1.094793e+01
3.743254e+00 8.640035e-01
6.641310e+00 -3.511485e+00
4.008269e+00 -3.139221e+00
3.163733e+00 -2.312361e-01
1.048646e+01 -9.984792e+00
9.159526e+00 -1.769742e+00
5.002276e+00 3.050091e+00
-2.775535e+00 -2.519431e+00
-7.010246e+00 -4.753867e+00
3.997152e-01 -8.486338e+00
-7.623112e+00 8.771217e+00
-7.972108e+00 7.828750e+00
2.638103e+00 6.787854e+00
9.868551e+00 7.871656e+00
-6.538998e+00 -8.303387e+00
-8.651274e+00 8.650205e+00
1.828879e+00 9.045363e+00
4.034199e+00 4.025524e+00
7.779386e+00 1.040698e+01
-9.720233e+00 8.973086e+00
-9.664952e+00 -9.980191e+00
8.778939e+00 7.787657e+00
8.476913e+00 -9.278359e+00
5.885571e+00 -1.113659e+01
-3.412323e+00 3.410361e+00
4.205399e+00 1.018859e+01
4.557884e+00 2.101108e+00
-4.816595e+00 4.694620e+00
4.606066e+00 7.056055e+00
-5.784084e+00 -1.074532e+01
-2.147500e+00 5.336853e+00
4.861355e-01 2.580361e+00
6.235029e+00 -1.234705e+00
4.881480e+00 -9.214532e+00
-5.018621e-01 -7.552070e+00
-9.199408e-01 5.506160e+00
-1.051005e+01 8.189242e+00
6.064219e-02 -9.453595e+00
8.022961e+00 -8.346111e+00
-5.859017e+00 -4.990036e+00
9.797818e+00 -8.593628e-01
1.516299e+00 7.260467e+00
-9.632809e+00 -7.142213e+00
-7.148123e+00 -2.109998e+00
1.075060e+01 -1.097958e+01
6.980695e+00 -2.365838e+00
2.143299e-01 -3.075876e+00
-1.050838e+01 -2.451149e+00
1.689693e+00 -1.372743e+00
1.052397e+01 3.095042e-01
-1.712386e+00 -7.872178e+00
-1.235135e+00 7.887827e+00
5.787333e+00 2.018979e+00
5.229184e+00 6.116269e+00
-7.915263e+00 -9.831377e+00
6.264733e+00 5.341708e+00
-3.315783e-01 4.657840e+00
-1.076269e+01 1.047582e+01
7.662674e+00 -9.962238e+00
9.900669e+00 -6.028066e+00
8.068024e+00 -1.091084e+01
-1.071778e+01 -9.785724e+00
1.014626e+01 -2.423545e+00
-1.106227e+01 2.023644e+00
-9.967119e+00 1.970154e+00
-1.168482e+00 -5.447595e+00
4.456540e+00 -6.928620e+00
-1.352572e+00 3.152006e-01
4.540490e+00 -2.063042e+00
7.888963e+00 -5.241091e+00
8.268854e+00 6.698228e+00
5.382147e+00 -1.992483e-02
9.303863e+00 2.285874e+00
7.618312e-01 9.556850e+00
5.939681e+00 -2.545946e+00
7.028940e+00 2.366629e+00
-9.413701e+00 7.777725e+00
6.906790e+00 -7.983316e+00
-1.087196e+01 -7.945078e+00
6.654065e+00 7.326591e+00
1.755301e+00 1.027137e+01
-2.010126e+00 6.866000e+00
4.860257e+00 -1.117074e+01
6.147237e+00 6.484181e+00
1.091418e+01 7.826699e+00
7.524074e+00 -4.209637e+00
1.937894e+00 -5.645383e+00
-1.111492e+01 -4.353607e+00
4.463601e+00 -4.104773e+00
-9.960987e+00 -4.562075e+00
-9.067666e+00 4.007049e+00
3.054744e+00 5.723096e+00
1.522036e+00 -7.842695e+00
-6.861835e+00 -1.027118e+01
-8.526924e+00 4.962267e+00
-5.739873e+00 -2.653704e+00
-1.074847e+01 9.294560e+00
-5.699834e+00 9.512624e+00
