1.069385e+01 1.062656e+01
1.068453e+01 -1.061826e+01
1.069148e+01 -9.480960e+00
1.064563e+01 -8.313934e+00
1.057166e+01 -7.206454e+00
1.068068e+01 -6.104428e+00
1.068161e+01 -4.987505e+00
1.054491e+01 -3.904024e+00
1.054434e+01 -2.805073e+00
1.054631e+01 -1.652745e+00
1.062535e+01 -4.887737e-01
1.065512e+01 5.025987e-01
1.068704e+01 1.646704e+00
1.054685e+01 2.765066e+00
1.055297e+01 3.888392e+00
1.068734e+01 5.052380e+00
1.062518e+01 6.079371e+00
1.068621e+01 7.278433e+00
1.061704e+01 8.464722e+00
1.059837e+01 9.576903e+00
-1.057169e+01 1.056896e+01
-1.069162e+01 -1.063546e+01
-1.056392e+01 -9.537474e+00
-1.069707e+01 -8.393661e+00
-1.060095e+01 -7.334388e+00
-1.059558e+01 -6.082043e+00
-1.056754e+01 -5.072959e+00
-1.069617e+01 -3.944246e+00
-1.056600e+01 -2.762423e+00
-1.059735e+01 -1.740539e+00
-1.055350e+01 -5.640391e-01
-1.057436e+01 6.084692e-01
-1.056445e+01 1.635137e+00
-1.061200e+01 2.722560e+00
-1.057154e+01 3.961551e+00
-1.062693e+01 5.108080e+00
-1.055838e+01 6.164286e+00
-1.067384e+01 7.316175e+00
-1.065778e+01 8.324026e+00
-1.065772e+01 9.435318e+00
-9.503792e+00 1.054653e+01
-9.432907e+00 -1.061842e+01
-9.555729e+00 -9.553471e+00
-9.452879e+00 -8.333212e+00
-9.561130e+00 -7.312950e+00
-9.496520e+00 -6.222858e+00
-9.477843e+00 -4.960465e+00
-9.584810e+00 -3.906779e+00
-9.575800e+00 -2.797154e+00
-9.536260e+00 -1.612855e+00
-9.527871e+00 -6.219806e-01
-9.555045e+00 6.128847e-01
-9.459240e+00 1.630457e+00
-9.558728e+00 2.850560e+00
-9.575788e+00 3.905972e+00
-9.574169e+00 5.064774e+00
-9.572764e+00 6.130958e+00
-9.545768e+00 7.203946e+00
-9.474264e+00 8.447417e+00
-9.474660e+00 9.444934e+00
-8.339778e+00 1.056882e+01
-8.377085e+00 -1.069539e+01
-8.317285e+00 -9.477735e+00
-8.315591e+00 -8.397282e+00
-8.428780e+00 -7.199241e+00
-8.322333e+00 -6.107454e+00
-8.397655e+00 -4.953813e+00
-8.324808e+00 -3.879235e+00
-8.424545e+00 -2.857452e+00
-8.360854e+00 -1.746622e+00
-8.462902e+00 -5.416888e-01
-8.459041e+00 5.306782e-01
-8.459138e+00 1.671904e+00
-8.455417e+00 2.756967e+00
-8.394972e+00 3.839442e+00
-8.343286e+00 4.976984e+00
-8.457849e+00 6.114811e+00
-8.323270e+00 7.252127e+00
-8.424866e+00 8.453637e+00
-8.445713e+00 9.549598e+00
-7.242220e+00 1.069237e+01
-7.215235e+00 -1.057393e+01
-7.225906e+00 -9.557862e+00
-7.241072e+00 -8.454426e+00
-7.206705e+00 -7.288067e+00
-7.208701e+00 -6.189965e+00
-7.228360e+00 -4.976995e+00
-7.297175e+00 -3.975063e+00
-7.217324e+00 -2.739731e+00
-7.197257e+00 -1.670745e+00
-7.203996e+00 -5.562451e-01
-7.243993e+00 6.279266e-01
-7.338098e+00 1.644950e+00
-7.326424e+00 2.850494e+00
-7.195156e+00 3.929860e+00
-7.339961e+00 5.046257e+00
-7.256670e+00 6.080150e+00
-7.334604e+00 7.297204e+00
-7.290055e+00 8.454618e+00
-7.229973e+00 9.451866e+00
-6.224274e+00 1.060772e+01
-6.160865e+00 -1.069337e+01
-6.161239e+00 -9.433797e+00
-6.136319e+00 -8.448934e+00
-6.219796e+00 -7.249353e+00
-6.131409e+00 -6.075536e+00
-6.220076e+00 -5.007009e+00
-6.166281e+00 -3.982672e+00
-6.087493e+00 -2.812239e+00
-6.146773e+00 -1.749864e+00
-6.219465e+00 -5.435694e-01
-6.101953e+00 5.074827e-01
-6.102758e+00 1.730208e+00
-6.116237e+00 2.740098e+00
-6.076754e+00 3.922412e+00
-6.086101e+00 5.004865e+00
-6.188468e+00 6.084464e+00
-6.133291e+00 7.195815e+00
-6.104901e+00 8.442512e+00
-6.207760e+00 9.461556e+00
-4.975658e+00 1.057974e+01
-5.027885e+00 -1.069449e+01
-5.085441e+00 -9.447131e+00
-4.962478e+00 -8.407029e+00
-4.979458e+00 -7.315220e+00
-5.103438e+00 -6.120903e+00
-4.995032e+00 -4.963935e+00
-5.102135e+00 -3.875373e+00
-5.102419e+00 -2.781845e+00
-4.959456e+00 -1.662376e+00
-5.096458e+00 -6.042606e-01
-5.015230e+00 4.873231e-01
-5.006625e+00 1.746157e+00
-5.105734e+00 2.787715e+00
-4.972771e+00 3.870517e+00
-5.060045e+00 5.101014e+00
-4.967287e+00 6.128750e+00
-5.091072e+00 7.316055e+00
-4.967621e+00 8.357607e+00
-4.969596e+00 9.464647e+00
-3.952609e+00 1.068592e+01
-3.989653e+00 -1.063358e+01
-3.942763e+00 -9.572683e+00
-3.841669e+00 -8.399999e+00
-3.906734e+00 -7.339783e+00
-3.916451e+00 -6.224296e+00
-3.852616e+00 -4.992478e+00
-3.877135e+00 -3.967289e+00
-3.885769e+00 -2.726472e+00
-3.849865e+00 -1.662620e+00
-3.984978e+00 -5.189797e-01
-3.939851e+00 6.347813e-01
-3.969030e+00 1.733161e+00
-3.985044e+00 2.836076e+00
-3.872855e+00 3.974310e+00
-3.973527e+00 5.086650e+00
-3.936642e+00 6.222737e+00
-3.841127e+00 7.282459e+00
-3.909189e+00 8.462395e+00
-3.844171e+00 9.526020e+00
-2.785134e+00 1.069595e+01
-2.875837e+00 -1.062728e+01
-2.874725e+00 -9.500592e+00
-2.745303e+00 -8.434219e+00
-2.787564e+00 -7.340664e+00
-2.733655e+00 -6.118595e+00
-2.746637e+00 -4.979257e+00
-2.866877e+00 -3.930400e+00
-2.838004e+00 -2.729859e+00
-2.864235e+00 -1.654859e+00
-2.865203e+00 -5.951493e-01
-2.864353e+00 5.218318e-01
-2.736502e+00 1.707119e+00
-2.771815e+00 2.731951e+00
-2.856789e+00 3.955512e+00
-2.865503e+00 4.997696e+00
-2.773217e+00 6.216924e+00
-2.737897e+00 7.227591e+00
-2.769413e+00 8.457011e+00
-2.781404e+00 9.580536e+00
-1.629130e+00 1.067538e+01
-1.640012e+00 -1.055704e+01
-1.608090e+00 -9.504633e+00
-1.711146e+00 -8.451174e+00
-1.655596e+00 -7.336665e+00
-1.723317e+00 -6.207762e+00
-1.715196e+00 -4.969978e+00
-1.689570e+00 -3.979319e+00
-1.651368e+00 -2.862873e+00
-1.695291e+00 -1.750838e+00
-1.723749e+00 -6.218008e-01
-1.730350e+00 6.154587e-01
-1.733551e+00 1.635237e+00
-1.743525e+00 2.831202e+00
-1.650219e+00 3.849277e+00
-1.669680e+00 4.957096e+00
-1.691459e+00 6.225675e+00
-1.614551e+00 7.290744e+00
-1.739296e+00 8.344043e+00
-1.753951e+00 9.498408e+00
-6.116638e-01 1.056780e+01
-5.354719e-01 -1.054874e+01
-5.752951e-01 -9.426702e+00
-6.358098e-01 -8.361869e+00
-6.079015e-01 -7.322557e+00
-5.668145e-01 -6.223686e+00
-6.284273e-01 -4.993588e+00
-6.182380e-01 -3.959100e+00
-6.166428e-01 -2.845604e+00
-5.159300e-01 -1.735863e+00
-5.360115e-01 -4.864588e-01
-5.917828e-01 6.314183e-01
-4.934844e-01 1.692494e+00
-4.947923e-01 2.801227e+00
-4.971967e-01 3.892939e+00
-4.861955e-01 5.028868e+00
-5.430614e-01 6.219138e+00
-6.170191e-01 7.228607e+00
-5.009247e-01 8.356463e+00
-6.353811e-01 9.475924e+00
4.815103e-01 1.060105e+01
4.881279e-01 -1.059077e+01
4.836879e-01 -9.476555e+00
5.275936e-01 -8.310593e+00
5.761806e-01 -7.190920e+00
5.712578e-01 -6.073111e+00
6.276355e-01 -5.002713e+00
5.745243e-01 -3.841587e+00
4.859312e-01 -2.822564e+00
6.143503e-01 -1.714402e+00
4.928151e-01 -5.230865e-01
5.115359e-01 5.025847e-01
5.140695e-01 1.735254e+00
4.973048e-01 2.762119e+00
5.021657e-01 3.963050e+00
6.245706e-01 5.051330e+00
5.392591e-01 6.225642e+00
6.196298e-01 7.312401e+00
4.906040e-01 8.412454e+00
6.150025e-01 9.473032e+00
1.739021e+00 1.058707e+01
1.611654e+00 -1.066716e+01
1.715564e+00 -9.560106e+00
1.747874e+00 -8.379450e+00
1.644637e+00 -7.333321e+00
1.714430e+00 -6.211348e+00
1.724534e+00 -4.973810e+00
1.743911e+00 -3.882294e+00
1.739893e+00 -2.785445e+00
1.618604e+00 -1.630945e+00
1.724599e+00 -6.094004e-01
1.739772e+00 5.666290e-01
1.740776e+00 1.644735e+00
1.731570e+00 2.746607e+00
1.632019e+00 3.849652e+00
1.635698e+00 4.969133e+00
1.741547e+00 6.187047e+00
1.737722e+00 7.310533e+00
1.749893e+00 8.390213e+00
1.605404e+00 9.492281e+00
2.811996e+00 1.055282e+01
2.746782e+00 -1.068304e+01
2.723050e+00 -9.525327e+00
2.813281e+00 -8.455498e+00
2.779547e+00 -7.341452e+00
2.787452e+00 -6.069470e+00
2.789040e+00 -4.951802e+00
2.835000e+00 -3.852497e+00
2.723727e+00 -2.782590e+00
2.715588e+00 -1.659040e+00
2.850172e+00 -5.126179e-01
2.723231e+00 5.585774e-01
2.837533e+00 1.621166e+00
2.867545e+00 2.798607e+00
2.824480e+00 3.848873e+00
2.862717e+00 5.016138e+00
2.864732e+00 6.158837e+00
2.854814e+00 7.238165e+00
2.855872e+00 8.416558e+00
2.866097e+00 9.519856e+00
3.937366e+00 1.069554e+01
3.895970e+00 -1.054467e+01
3.835611e+00 -9.477927e+00
3.865204e+00 -8.441351e+00
3.947255e+00 -7.204163e+00
3.834435e+00 -6.141668e+00
3.864869e+00 -5.088567e+00
3.840120e+00 -3.927825e+00
3.860565e+00 -2.732902e+00
3.847608e+00 -1.633278e+00
3.898357e+00 -6.267447e-01
3.896544e+00 4.849036e-01
3.885339e+00 1.751161e+00
3.967459e+00 2.842069e+00
3.974623e+00 3.876891e+00
3.908186e+00 4.957322e+00
3.917720e+00 6.220270e+00
3.869890e+00 7.214772e+00
3.863319e+00 8.442859e+00
3.985336e+00 9.520024e+00
5.072163e+00 1.056197e+01
5.093280e+00 -1.059886e+01
5.098799e+00 -9.474238e+00
4.958381e+00 -8.349321e+00
4.956753e+00 -7.254863e+00
4.949559e+00 -6.147610e+00
5.095126e+00 -5.039806e+00
4.966224e+00 -3.958040e+00
5.087195e+00 -2.835278e+00
5.027033e+00 -1.751213e+00
5.009868e+00 -6.322198e-01
5.100009e+00 5.472486e-01
5.102018e+00 1.693471e+00
5.020365e+00 2.871615e+00
5.103094e+00 3.927323e+00
5.094599e+00 5.071041e+00
5.069494e+00 6.214698e+00
5.078101e+00 7.313871e+00
5.029858e+00 8.317363e+00
5.090293e+00 9.474528e+00
6.192071e+00 1.067515e+01
6.087589e+00 -1.065725e+01
6.194064e+00 -9.451784e+00
6.081702e+00 -8.423515e+00
6.211133e+00 -7.233905e+00
6.139043e+00 -6.071011e+00
6.087433e+00 -4.989258e+00
6.217649e+00 -3.932917e+00
6.103721e+00 -2.733044e+00
6.220230e+00 -1.665497e+00
6.220745e+00 -5.715691e-01
6.153228e+00 4.865423e-01
6.193047e+00 1.619798e+00
6.082993e+00 2.835821e+00
6.197831e+00 3.862940e+00
6.211139e+00 5.051069e+00
6.162180e+00 6.224925e+00
6.083355e+00 7.305273e+00
6.212056e+00 8.380814e+00
6.082504e+00 9.475883e+00
7.200836e+00 1.058746e+01
7.187562e+00 -1.060406e+01
7.194538e+00 -9.488323e+00
7.267989e+00 -8.455864e+00
7.242900e+00 -7.192965e+00
7.198458e+00 -6.107020e+00
7.326092e+00 -4.983848e+00
7.314934e+00 -3.859745e+00
7.237801e+00 -2.858723e+00
7.291867e+00 -1.610936e+00
7.324588e+00 -5.998521e-01
7.254453e+00 4.854434e-01
7.241207e+00 1.752154e+00
7.312007e+00 2.850600e+00
7.298667e+00 3.853580e+00
7.199897e+00 5.057714e+00
7.201419e+00 6.112700e+00
7.329720e+00 7.258307e+00
7.195482e+00 8.384397e+00
7.325095e+00 9.460637e+00
8.368659e+00 1.054876e+01
8.372716e+00 -1.054400e+01
8.306235e+00 -9.476966e+00
8.374057e+00 -8.310339e+00
8.455597e+00 -7.279309e+00
8.454210e+00 -6.140253e+00
8.448133e+00 -5.056490e+00
8.442794e+00 -3.954896e+00
8.441823e+00 -2.750407e+00
8.309730e+00 -1.683108e+00
8.445737e+00 -5.235444e-01
8.397783e+00 4.927186e-01
8.426189e+00 1.622032e+00
8.437286e+00 2.836248e+00
8.437644e+00 3.867215e+00
8.448364e+00 5.036344e+00
8.399025e+00 6.222999e+00
8.314416e+00 7.281964e+00
8.333135e+00 8.329850e+00
8.452074e+00 9.472204e+00
9.562450e+00 1.066504e+01
9.431524e+00 -1.064927e+01
9.421811e+00 -9.507622e+00
9.458653e+00 -8.445835e+00
9.554776e+00 -7.315051e+00
9.496047e+00 -6.223437e+00
9.475337e+00 -5.101321e+00
9.523411e+00 -3.983185e+00
9.502540e+00 -2.725533e+00
9.501810e+00 -1.742508e+00
9.510366e+00 -6.337032e-01
9.428992e+00 5.408607e-01
9.429453e+00 1.688716e+00
9.439589e+00 2.836683e+00
9.559922e+00 3.948690e+00
9.432539e+00 5.022087e+00
9.426432e+00 6.144148e+00
9.499914e+00 7.195146e+00
9.549305e+00 8.442030e+00
9.571577e+00 9.512226e+00
