1.052329e+01 -7.753435e+00
-1.050149e+01 7.028194e+00
-2.906332e+00 1.102738e+01
-5.979746e+00 -1.384056e+00
9.302253e+00 3.106922e+00
-8.931060e+00 -3.547545e+00
-1.047844e+01 1.425214e-01
-8.484302e+00 6.994082e+00
9.694930e+00 -3.374485e+00
8.353082e+00 1.401164e+00
-2.263799e+00 9.560131e+00
1.034441e+01 5.796257e+00
-1.092926e+01 1.004312e+00
9.587463e+00 9.676117e-01
-6.856290e+00 3.559190e+00
3.711397e+00 2.731418e+00
1.059439e+01 2.729351e+00
-8.845651e+00 9.711031e+00
-5.833741e+00 -6.303279e+00
-4.317340e+00 -7.143037e+00
-9.819822e+00 -8.583544e+00
-1.093211e+01 -5.759954e+00
5.518163e+00 -6.930492e+00
9.215507e+00 -3.901795e-02
6.582247e+00 7.894321e-02
1.063302e+01 6.813143e+00
-5.093282e+00 -5.955075e-01
5.404040e+00 -9.938102e+00
7.081880e+00 -9.327129e-01
1.099559e+01 4.922514e+00
-3.098566e+00 5.268910e+00
5.490544e+00 -4.966696e+00
-8.409772e+00 2.800281e+00
1.044122e+01 8.656752e+00
-4.158979e+00 2.605008e+00
-1.001478e+01 -1.072217e+01
1.082977e+01 -6.765573e+00
-6.250317e+00 1.098559e+01
-8.873181e+00 -4.966987e+00
-3.482523e+00 6.930149e+00
-7.747071e+00 -6.589501e+00
-8.199896e+00 -2.669098e+00
-8.842456e+00 -9.070940e+00
-6.529178e+00 7.520946e+00
-1.048021e+01 -6.968116e+00
9.529765e+00 6.510839e+00
-9.898223e+00 1.117228e+00
-9.523633e+00 -2.438050e+00
8.577971e+00 -3.968358e+00
-9.716803e+00 3.349921e+00
6.183694e+00 3.174187e+00
-4.286524e+00 1.519842e+00
4.577435e+00 -1.690526e-01
-9.560463e+00 5.078340e+00
8.020209e+00 2.501255e+00
-8.016951e+00 1.682032e+00
-7.777666e-01 3.219458e+00
-4.021409e+00 -9.599189e-01
-8.312144e+00 5.934958e+00
-4.477338e+00 7.658733e+00
6.592844e+00 -1.022179e+01
5.368755e+00 1.033550e+01
9.138710e+00 -1.020257e+01
-6.077557e+00 -9.052440e+00
-8.997517e+00 1.899883e+00
1.071995e+01 -3.495521e+00
-9.870498e+00 -6.106893e+00
-8.388790e+00 -5.049968e-01
9.755576e+00 -7.008610e+00
7.901884e+00 -1.701875e+00
-4.537597e+00 3.587853e+00
7.823761e+00 2.641712e-01
-1.905371e+00 -2.560288e+00
2.554233e-01 6.749373e+00
-3.548686e+00 9.759149e+00
3.238913e+00 3.726553e+00
-4.806317e+00 -1.645193e+00
-5.161055e+00 6.525305e+00
-1.002504e+01 -3.568801e+00
-7.893576e+00 1.013688e+01
3.740822e+00 -9.188473e+00
-7.883082e+00 -5.454423e+00
8.558616e-01 8.256991e+00
8.633455e+00 -7.279343e+00
8.684545e+00 -6.185510e+00
8.286592e+00 -6.357926e-01
-2.937138e+00 -3.935371e+00
-1.323621e+00 4.132474e+00
7.370554e+00 -9.079290e+00
6.631277e+00 -6.830037e+00
-8.428132e+00 -1.628165e+00
6.762450e-01 -1.297805e+00
-2.204373e+00 -6.033048e-01
2.062175e+00 1.748019e+00
7.130186e+00 6.615249e+00
3.624248e+00 -3.999418e+00
9.036569e+00 5.334139e+00
-7.228564e+00 4.239057e-01
-7.104784e+00 5.757729e+00
9.533863e+00 -4.388960e+00
-8.367590e+00 6.797466e-01
3.310237e+00 -1.025189e+01
-7.590697e+00 -7.592073e+00
-8.732700e+00 -6.107513e+00
-4.939926e+00 -8.402648e+00
1.071524e+01 -8.848926e+00
-1.136916e+00 -6.632070e+00
7.228921e+00 3.299984e+00
-5.003958e+00 -3.962259e+00
-8.070560e+00 -4.228879e+00
-9.281338e+00 -1.063734e+00
-2.570631e-01 -1.904226e+00
6.493261e-01 -2.091976e-01
-3.228304e+00 9.090170e-01
5.279173e+00 7.266459e+00
9.291197e+00 8.496614e+00
-5.736204e+00 5.444501e+00
-7.445421e+00 1.102963e+01
-9.336808e+00 6.214363e+00
-1.010867e+01 1.040563e+01
-2.713867e+00 4.266716e+00
-4.214525e+00 5.787152e+00
-1.571009e+00 -9.200265e+00
-8.653184e+00 -7.839389e+00
5.895054e+00 -6.007910e+00
-3.752611e+00 -4.483190e+00
-4.682971e+00 -6.136238e+00
-5.219355e+00 1.076986e+01
-6.255371e+00 2.431730e+00
-7.296505e+00 2.564056e+00
6.564963e+00 -4.854399e+00
-2.922995e+00 -5.172492e+00
-7.750011e+00 4.013284e+00
8.017100e+00 5.728247e+00
-3.983155e+00 1.076360e+01
3.513135e+00 9.152868e+00
3.518339e+00 -2.083032e+00
3.239789e+00 4.860416e+00
7.463945e-02 5.671467e+00
-3.888674e-02 7.752562e+00
-7.464486e+00 6.848526e+00
-1.241881e+00 9.277824e+00
-7.782396e+00 -8.602453e+00
-8.801586e+00 1.082556e+01
-6.921675e+00 -5.783747e+00
-3.189365e+00 8.620326e+00
-4.881431e+00 -2.808247e+00
8.904623e-01 -4.751120e+00
-4.254624e+00 4.335391e-01
-7.360533e+00 -9.537069e-01
-1.883123e-01 -7.214677e-01
-5.377380e+00 5.183522e-01
-6.297199e+00 6.468674e+00
-3.272508e+00 -6.231988e+00
-1.120633e+00 1.061407e+00
9.913878e-01 1.939595e+00
-5.726221e+00 -7.703068e+00
-5.541031e+00 7.895504e+00
2.248665e+00 5.205122e+00
-7.485051e-01 -4.072860e+00
-2.651562e+00 7.565039e+00
-6.586407e+00 4.725060e+00
5.526445e+00 -8.339404e+00
-3.805639e+00 -2.325781e+00
-1.031458e+01 -1.137366e+00
-2.223834e+00 1.528927e+00
-1.174926e+00 2.172827e+00
-6.330063e+00 -3.549930e+00
-6.892162e+00 1.468920e+00
-2.861343e+00 2.317308e+00
-1.397445e+00 1.032571e+01
4.261534e+00 -8.114862e+00
-6.004994e-01 -8.741399e+00
1.246055e+00 7.523868e-01
-1.024489e+01 4.382556e+00
-3.311706e+00 -1.894410e-01
1.326545e+00 6.087504e+00
1.064528e+00 -9.972544e+00
7.428886e+00 9.489436e+00
-3.038793e+00 -1.548586e+00
-2.602069e+00 -9.158622e+00
-2.053684e+00 3.300048e+00
-2.767746e-01 -5.549355e+00
-4.213480e+00 8.701794e+00
9.024493e+00 1.065219e+01
3.374653e+00 1.105363e+01
-3.923630e+00 -8.069242e+00
-6.659313e+00 -7.017099e+00
-2.600653e+00 -8.103576e+00
-1.083924e+01 3.279201e+00
1.111431e+01 -1.871661e+00
-2.195982e+00 -6.019894e+00
-5.718752e+00 3.492689e+00
-5.599932e+00 1.536568e+00
3.896101e+00 -1.069771e+00
7.517373e+00 7.718398e+00
2.471240e+00 -2.297688e+00
2.131223e+00 -1.019512e+01
8.152173e-01 4.852794e+00
9.454051e+00 -8.068005e+00
2.626575e+00 -6.231661e+00
2.361083e+00 1.096166e+01
6.802173e+00 8.546690e+00
-7.341194e+00 -3.178014e+00
-2.591169e+00 6.250379e+00
7.041942e+00 5.188074e+00
2.892001e+00 -8.026217e+00
-7.003670e-02 -6.600590e+00
1.700360e+00 -9.096980e+00
1.775405e-01 -3.870059e+00
2.472470e+00 2.923030e+00
-2.696481e+00 -7.098067e+00
-3.327301e+00 -1.032814e+01
-5.219124e+00 2.590842e+00
2.680678e+00 -9.369248e+00
1.993552e+00 -2.317193e-01
4.831341e+00 5.140886e+00
3.004619e-01 3.757766e+00
-3.289535e-01 8.814213e+00
-1.321841e-01 5.635607e-01
1.416528e+00 -1.097676e+01
-8.756607e+00 -1.031402e+01
-2.527974e-01 1.002070e+01
-6.363278e+00 8.683471e+00
5.998045e+00 -4.043298e+00
-8.208182e-01 -3.048609e+00
7.118188e+00 -5.810984e+00
-1.994334e+00 -4.648522e+00
1.038563e+01 1.661174e+00
1.640385e+00 4.208790e+00
2.577872e+00 6.461292e-01
-1.604155e-01 1.716888e+00
-4.377996e+00 -1.055740e+01
-3.957714e+00 4.533843e+00
1.327916e+00 -2.504495e+00
6.696702e+00 4.160645e+00
8.206632e+00 4.681540e+00
4.359412e+00 -1.007989e+01
4.843818e+00 -6.031886e+00
-3.710043e+00 -9.140846e+00
-4.565877e+00 9.890722e+00
-6.244310e-01 1.102465e+01
-2.095045e+00 8.532504e+00
5.899546e+00 9.469873e+00
-4.643030e+00 -5.095829e+00
-1.479849e+00 -1.521814e+00
4.704797e+00 9.228196e+00
-9.309176e-01 -1.005748e+01
-9.290640e+00 3.853658e-02
1.033436e+01 -5.088271e+00
1.947178e+00 -4.465680e+00
1.226967e+00 -3.588612e+00
7.249891e+00 -1.093467e+01
5.006032e+00 -1.140753e+00
-1.878441e+00 -1.093632e+01
-2.258570e+00 3.722006e-01
2.771910e+00 -5.126154e+00
9.530370e+00 -9.156856e+00
8.400019e+00 9.828997e+00
3.290979e+00 -7.087454e+00
8.439038e+00 3.654084e+00
9.050326e+00 -5.228180e+00
-3.939669e+00 -3.453491e+00
-6.839668e+00 9.934289e+00
1.051820e+01 3.779895e+00
4.274265e+00 -4.936162e+00
8.681839e+00 -2.781546e+00
7.701671e+00 -6.872734e+00
6.931462e+00 1.034413e+00
2.073459e+00 -7.094442e+00
-1.938778e+00 -3.535569e+00
3.161861e+00 1.553567e+00
1.112369e+01 -8.004250e-01
4.805925e+00 8.415125e-01
4.479400e+00 8.173209e+00
4.065239e+00 5.713831e+00
3.297657e+00 7.753305e+00
2.326088e+00 8.116152e+00
8.117040e+00 8.666342e+00
5.495284e+00 4.012581e+00
6.438771e+00 1.037212e+01
2.825733e+00 -1.273496e+00
3.030176e+00 1.006192e+01
1.964414e-01 -1.060706e+01
9.488559e+00 4.427184e+00
-4.757238e+00 -9.467557e+00
7.411797e-01 -7.233557e+00
6.326246e+00 -9.164827e+00
7.610631e+00 -3.056092e+00
3.621271e+00 -5.936932e+00
8.109142e-01 -6.064646e+00
2.260011e+00 -3.355784e+00
5.682868e+00 8.360432e+00
1.347927e+00 2.900289e+00
5.495174e-01 1.073206e+01
-6.276286e+00 -1.684849e-01
1.061473e+01 9.692177e+00
5.816630e+00 1.132472e+00
-7.535358e-01 6.744525e+00
-1.043075e+01 5.927216e+00
9.402720e+00 9.509399e+00
9.952169e+00 -1.117326e+01
3.791018e+00 6.326910e-01
6.573449e+00 -3.143270e+00
3.982756e+00 -3.079898e+00
3.143945e+00 -2.577769e-01
1.030598e+01 -9.832321e+00
9.014441e+00 -1.583739e+00
4.924921e+00 3.059128e+00
-2.914507e+00 -2.917045e+00
-6.922476e+00 -4.325173e+00
3.543210e-01 -8.301308e+00
-7.512212e+00 8.932053e+00
-7.531197e+00 7.888095e+00
2.292245e+00 6.976838e+00
9.927114e+00 7.574482e+00
-6.704147e+00 -8.216659e+00
-8.499418e+00 8.562855e+00
1.669469e+00 8.958515e+00
4.356274e+00 4.009562e+00
7.611411e+00 1.046791e+01
-9.690360e+00 8.981300e+00
-9.805773e+00 -9.693580e+00
8.803790e+00 7.657585e+00
8.420562e+00 -9.246511e+00
5.798994e+00 -1.095956e+01
-3.360550e+00 3.463495e+00
4.045426e+00 1.016948e+01
4.385034e+00 1.895453e+00
-5.094301e+00 4.579385e+00
4.071978e+00 6.815795e+00
-5.484031e+00 -1.044668e+01
-1.985485e+00 5.207496e+00
2.167526e-01 2.723830e+00
6.049324e+00 -1.556854e+00
4.809362e+00 -9.024275e+00
-5.162534e-01 -7.668019e+00
-1.125947e+00 5.828626e+00
-1.033038e+01 8.047888e+00
2.816324e-02 -9.608625e+00
7.909755e+00 -8.081062e+00
-5.872149e+00 -5.158224e+00
1.007337e+01 -1.277049e+00
1.175642e+00 7.256145e+00
-9.414636e+00 -7.103621e+00
-7.287381e+00 -2.062157e+00
1.087683e+01 -1.076232e+01
6.869519e+00 -2.097674e+00
3.106181e-01 -2.771264e+00
-1.058889e+01 -2.725882e+00
1.699998e+00 -1.484138e+00
1.053802e+01 3.574495e-01
-1.595196e+00 -8.104048e+00
-1.372279e+00 7.783957e+00
5.715231e+00 2.183981e+00
5.131719e+00 6.228995e+00
-7.706716e+00 -9.802386e+00
6.006121e+00 4.993327e+00
-4.774360e-01 4.717672e+00
-1.115596e+01 1.057347e+01
7.758912e+00 -1.003677e+01
9.770957e+00 -5.958146e+00
8.284094e+00 -1.095886e+01
-1.094320e+01 -9.811454e+00
9.971878e+00 -2.372429e+00
-1.099503e+01 2.092180e+00
-9.989632e+00 2.120630e+00
-1.265849e+00 -5.479585e+00
4.407196e+00 -7.118771e+00
-1.040163e+00 -9.673781e-02
4.659458e+00 -2.318339e+00
8.011687e+00 -5.330622e+00
8.293580e+00 6.720558e+00
5.587644e+00 1.559171e-02
9.119043e+00 2.096822e+00
6.068285e-01 9.229937e+00
5.619588e+00 -2.548607e+00
6.915444e+00 2.125671e+00
-9.311865e+00 7.664365e+00
6.729333e+00 -8.118152e+00
-1.080458e+01 -7.990450e+00
6.455521e+00 7.454848e+00
1.806169e+00 1.002227e+01
-1.764162e+00 6.840227e+00
4.656523e+00 1.114119e+01
6.147080e+00 6.310751e+00
1.102017e+01 7.773412e+00
7.500105e+00 -4.379739e+00
1.839662e+00 -5.549666e+00
-1.098496e+01 -4.447851e+00
4.728562e+00 -3.863774e+00
-1.005620e+01 -4.804501e+00
-9.054524e+00 4.144845e+00
3.022896e+00 5.997366e+00
1.475590e+00 -8.120452e+00
-6.684583e+00 -1.018594e+01
-8.341986e+00 4.904978e+00
-5.901288e+00 -2.532408e+00
-1.068453e+01 9.498797e+00
-5.633480e+00 9.771493e+00
