8.689726e+00 -9.457751e+00
-7.610535e+00 8.340353e+00
-9.526893e+00 6.423664e+00
-3.826207e+00 1.451908e+00
-4.512812e+00 2.157856e+00
-7.932373e+00 -9.377780e+00
9.001745e+00 2.528984e-01
5.110591e+00 5.024982e+00
7.363235e+00 -6.983708e+00
6.711933e+00 -2.627020e+00
-5.405537e+00 7.770027e+00
8.964774e+00 5.872194e+00
-7.303274e+00 -8.108339e-02
5.117465e+00 3.488676e+00
-6.208148e+00 3.533616e+00
5.872131e+00 5.718253e+00
-6.726956e+00 -4.560829e+00
1.075697e+01 -9.617084e+00
-9.767572e+00 -8.532497e+00
-1.013386e+01 -9.537620e+00
5.352529e+00 -7.617113e+00
8.114948e+00 -4.250539e+00
1.559242e+00 -6.335017e+00
-3.220426e+00 6.656169e-01
6.289733e+00 5.914165e-01
1.094267e+01 5.786425e+00
-4.893927e+00 -4.681898e-01
-2.339506e+00 9.999031e+00
9.753922e+00 -4.206124e-01
-7.256519e+00 3.390259e+00
1.649574e+00 -7.644794e+00
5.652065e+00 2.613709e+00
-9.234818e+00 1.329953e+00
-1.003861e+01 -2.860897e+00
1.940467e+00 4.069740e+00
-4.716918e+00 1.050605e+01
-7.636230e+00 -1.055461e+01
-9.093764e+00 -9.468402e+00
1.017429e+01 -6.647379e+00
-9.275551e+00 2.865857e+00
9.141982e+00 -1.090209e+01
5.446000e+00 -2.279085e+00
-8.594720e+00 -1.042601e+01
8.526571e+00 2.779187e+00
-9.117992e+00 -4.865518e+00
8.355433e+00 9.102093e+00
-6.276330e+00 -2.290083e+00
-6.205316e+00 -3.588412e+00
9.303851e+00 -5.887691e+00
1.117447e+01 -2.246416e+00
4.956756e+00 -4.114095e+00
3.871689e-01 2.202715e+00
8.381690e+00 -7.927823e-01
-9.909002e+00 4.597099e+00
9.274516e+00 -1.480888e+00
-8.074446e+00 -1.362080e+00
1.029123e+00 6.088473e+00
-5.091274e+00 -2.830748e+00
-7.639703e+00 7.189761e+00
1.476476e-01 5.405241e+00
2.793819e+00 -1.115696e+01
4.302889e+00 -6.941342e+00
6.127675e+00 -1.086282e+01
-1.439949e+00 -1.023303e+01
-9.543026e+00 3.779517e-01
3.821687e+00 -6.064807e+00
1.071412e+01 -4.059069e+00
-4.443536e+00 5.687308e-01
-7.712828e+00 9.391353e+00
5.008238e+00 -5.491709e+00
3.838901e+00 9.181752e+00
-1.057419e+01 9.429058e-01
-7.671639e-01 5.968272e+00
4.010872e+00 5.517395e+00
7.536633e-01 4.289224e+00
8.180220e+00 3.883943e+00
-8.407465e+00 -5.605538e+00
-2.613598e+00 3.629878e+00
5.360776e+00 -6.537194e+00
-1.110099e+01 -5.022856e+00
3.497664e+00 -9.974250e+00
-6.147742e+00 -6.760898e+00
6.421048e+00 4.856388e+00
2.866329e-02 -7.625980e+00
4.696677e+00 -9.002530e+00
4.775111e+00 2.088659e+00
9.044041e+00 1.008067e+01
-8.076435e+00 5.345755e+00
2.802049e+00 -7.885919e+00
8.194035e-01 -3.121455e+00
-5.514659e+00 1.543217e+00
-1.596571e-01 -1.238102e-01
1.190327e+00 1.043287e+00
7.258642e+00 4.168952e+00
1.011491e+01 4.465093e+00
4.233635e+00 -6.508565e-02
4.890091e+00 9.375006e+00
8.906737e-01 6.688572e-02
-1.007067e+01 1.919395e+00
-1.109523e+01 -7.388785e+00
9.033980e+00 4.571440e+00
2.843069e+00 7.481013e+00
-1.006366e+01 -7.450069e+00
1.034038e+01 -5.589741e+00
-2.109278e+00 -5.887270e+00
-6.076820e+00 6.957501e+00
-3.045878e+00 -6.462462e+00
9.334084e+00 3.482618e+00
-6.142133e+00 -3.907658e-01
-7.154642e+00 -8.686921e+00
-9.064189e+00 -2.734731e+00
-7.985807e+00 4.322069e+00
3.427079e+00 -1.234265e+00
7.012132e+00 7.193476e+00
1.068991e+01 8.867366e+00
-1.048576e+01 8.656690e+00
-8.059927e+00 1.015742e+00
-5.254799e+00 -8.041241e+00
6.228659e+00 3.694761e+00
-8.696723e+00 9.140948e+00
1.778963e+00 -6.127454e-01
1.932416e+00 6.618745e+00
-5.898266e+00 8.754405e+00
-3.885892e+00 7.332176e+00
3.907548e+00 -4.847364e+00
1.011555e+01 -2.091752e+00
-5.146716e+00 -6.918093e+00
-5.424909e+00 9.704041e+00
-7.988509e-01 3.254712e+00
-1.042062e+01 -5.247358e-01
8.535288e+00 -5.158438e+00
-6.064290e+00 -8.809709e+00
-9.719885e+00 9.544977e+00
1.078958e+01 1.581283e+00
2.383903e-01 -5.919878e+00
4.030903e+00 1.030661e+01
-3.749511e+00 -3.102859e+00
7.724881e+00 2.064010e+00
9.641731e-01 7.601217e+00
-5.280116e-01 4.344538e+00
-4.498163e+00 3.270953e+00
-1.150599e+00 -7.198300e+00
-9.599414e+00 -1.049687e+01
-8.604775e+00 7.447929e+00
8.092189e+00 -2.215931e+00
-6.543296e+00 2.313953e+00
-7.540780e+00 2.177316e+00
-3.945341e+00 -9.214696e+00
7.249786e+00 2.958168e+00
-7.414771e+00 -5.390441e+00
6.938842e-01 -9.630347e-01
1.107139e+01 1.314547e-01
-5.834332e+00 5.892501e+00
-4.104190e+00 -7.185243e+00
4.235624e+00 4.270362e+00
7.957786e+00 7.937347e+00
-6.006890e+00 1.056790e+01
-4.286060e+00 -1.091147e+01
1.117221e+01 7.834682e+00
-9.650991e-01 -2.317128e+00
1.544235e+00 2.010981e+00
-8.536683e+00 2.075065e+00
-2.047039e-01 -4.599865e+00
-6.951429e+00 -1.368209e+00
9.311609e+00 1.480993e+00
3.210737e+00 8.385054e-01
-1.560006e+00 -1.204557e+00
-1.092166e+01 -3.391181e+00
5.056361e+00 8.389820e+00
-6.894481e+00 4.462227e+00
-2.761065e+00 4.602719e+00
1.001335e+00 -8.862152e+00
-6.360757e-01 -9.651925e+00
9.323423e+00 8.361123e+00
6.994790e+00 5.786002e+00
-8.092650e+00 -3.372964e+00
8.317940e+00 1.145234e+00
-4.639455e-01 -1.074258e+01
5.980289e-01 -1.113997e+01
-1.865855e+00 1.146718e+00
-2.701190e+00 1.112125e+01
3.319601e+00 3.755689e+00
-4.906886e+00 -8.966694e+00
-2.921469e+00 6.834709e+00
2.306276e-01 8.965658e+00
-1.109591e+01 1.073810e+01
-3.975871e+00 -5.814870e+00
-6.245660e+00 -5.657626e+00
-4.454638e+00 8.318396e+00
-2.792163e+00 2.273503e+00
-1.030047e+01 -1.786512e+00
-1.279124e+00 -5.244923e+00
6.069243e+00 7.776628e+00
-5.820290e+00 4.779382e+00
-8.522251e+00 -9.536694e-02
-9.033297e+00 1.101324e+01
-3.845796e-01 -1.374430e+00
2.103529e+00 4.689129e-01
-1.554962e+00 5.118364e+00
3.003095e+00 -6.761377e+00
2.860006e+00 -2.641833e-01
2.496894e+00 -9.740595e+00
5.709155e+00 -9.866372e+00
2.481452e+00 -5.856763e+00
-3.574728e+00 2.812878e+00
6.927018e+00 -3.395103e-01
9.444768e-01 -4.190172e+00
-2.987277e+00 -7.588926e+00
3.722133e+00 6.644049e+00
7.282882e+00 -1.539271e+00
3.280395e-01 -2.185352e+00
-3.063862e+00 -5.198963e+00
-3.318186e+00 -1.045731e+01
1.329776e+00 3.195654e+00
2.520863e+00 -2.707149e+00
6.051264e+00 -4.818772e+00
6.421757e+00 -7.705066e+00
-8.344784e+00 6.370204e+00
8.770484e-01 1.015340e+01
7.116863e+00 8.535297e+00
1.927610e+00 -4.671090e+00
-5.917454e+00 -9.872834e+00
-3.771737e+00 5.076024e+00
-4.759505e+00 4.394089e+00
-7.398503e-01 7.232162e-01
-5.600984e+00 2.616873e+00
-2.287881e+00 -4.556137e+00
-5.457568e+00 -1.087659e+01
-5.883677e+00 -1.360817e+00
3.010348e+00 1.021060e+01
1.061838e+01 -1.096155e+00
6.231083e+00 -1.430747e+00
-9.663765e-01 7.353250e+00
-3.770956e+00 3.950281e+00
3.361876e+00 2.107486e+00
-1.117997e+01 4.719162e+00
7.343921e+00 -1.019406e+01
-1.050661e+00 -8.257697e+00
3.670636e+00 -2.265927e+00
-2.952948e+00 -8.721701e+00
2.483531e-01 3.395963e+00
-4.818853e+00 -9.973888e+00
-2.622358e+00 5.848115e+00
4.945556e+00 1.112376e+01
-4.699535e+00 -1.594544e+00
2.439730e+00 2.905419e+00
2.519054e+00 9.255589e+00
-6.606243e+00 9.470298e+00
2.427478e+00 1.432098e+00
8.416191e+00 -7.438899e+00
-3.711148e+00 -4.301984e+00
-5.168408e+00 -5.857985e+00
1.713580e+00 1.112849e+01
3.678780e+00 8.075298e+00
1.189267e+00 -5.424544e+00
1.346017e-01 6.573823e+00
-1.892972e+00 -3.011347e+00
6.650811e+00 -9.458734e+00
6.616226e+00 2.050890e+00
6.534734e+00 -6.281929e+00
-7.093560e+00 -3.004440e+00
7.672767e+00 -9.191423e+00
-9.062632e+00 -1.647441e+00
-2.109591e+00 -8.233748e+00
7.746274e+00 6.471300e+00
-3.748518e+00 -2.211484e-01
8.106083e+00 -1.103368e+01
7.034342e+00 -4.092802e+00
8.726163e+00 -8.442197e+00
2.791958e+00 -4.037627e+00
-4.723781e+00 -3.827858e+00
4.472484e+00 -1.361720e+00
-1.255508e+00 -1.743095e-01
-8.168493e-02 -8.748742e+00
3.220385e+00 -8.880470e+00
7.947572e+00 1.014991e+01
8.656404e+00 7.202551e+00
-1.480984e+00 1.082054e+01
3.843187e+00 -1.097238e+01
-2.071097e+00 8.519057e+00
4.540466e+00 -1.010995e+01
1.872411e+00 -3.541239e+00
-1.329869e-01 -3.492186e+00
-2.960068e+00 7.967572e+00
-1.106531e+01 2.508089e+00
-4.709233e+00 5.522622e+00
-2.363962e+00 -2.205774e-01
1.315753e+00 9.144654e+00
5.490908e+00 -1.453143e-01
3.641954e+00 -3.296268e+00
-5.619028e+00 -4.483221e+00
-3.102303e+00 -1.118290e+00
-1.077515e+01 -1.036223e+01
1.007470e+01 7.672693e+00
-2.150614e+00 -6.964750e+00
4.986813e+00 8.053570e-01
-1.007786e+01 1.065519e+01
-8.035416e+00 -2.372073e+00
-1.060062e+00 8.670180e+00
-8.313360e+00 3.270080e+00
-6.682447e+00 -1.087637e+01
5.787175e+00 -8.754454e+00
7.776686e+00 1.689367e-01
-7.916578e-01 -6.206458e+00
-4.529782e+00 -4.959355e+00
-9.965110e+00 7.447126e+00
-8.345620e+00 -6.921821e+00
9.245578e+00 -3.691059e+00
9.773075e+00 9.392763e+00
-3.322740e+00 -2.115889e+00
-6.370964e+00 -7.815838e+00
-2.301958e+00 -1.993933e+00
-9.180968e+00 5.294130e+00
-7.012031e+00 5.702956e+00
5.908515e+00 6.705360e+00
-7.049354e+00 1.046912e+01
-7.527877e+00 -7.725377e+00
-6.961077e+00 -9.730364e+00
-2.412693e+00 -9.643675e+00
1.006082e+01 6.526705e-01
-1.015035e+01 -4.589183e+00
-3.753606e+00 6.084944e+00
7.214285e+00 1.087758e+01
-8.019276e+00 1.068949e+01
1.010549e+01 1.071872e+01
7.617821e+00 -3.171909e+00
1.723646e+00 5.264062e+00
1.070869e+01 6.856838e+00
9.970949e+00 2.683500e+00
4.838664e+00 6.248350e+00
1.434543e+00 -1.019552e+01
-2.024679e+00 7.491012e+00
1.328382e+00 -2.013332e+00
6.087632e+00 9.260990e+00
9.059945e+00 -2.603699e+00
6.018998e+00 -3.697254e+00
-1.508311e+00 -9.153934e+00
-5.518493e-02 7.849318e+00
-6.477090e+00 7.926237e+00
-3.037919e+00 9.279211e+00
-2.152326e-01 1.040930e+01
-1.020922e+01 -5.704050e+00
7.218071e+00 1.184290e+00
-1.275596e+00 9.749190e+00
-8.434256e+00 -8.456838e+00
-7.115149e+00 -6.570177e+00
-1.091976e+01 -8.666535e+00
4.184135e+00 3.028622e+00
2.963127e+00 4.807865e+00
-9.424860e+00 -6.985807e-01
1.073301e-01 1.279296e+00
9.594450e+00 -4.699697e+00
-3.502323e+00 1.028799e+01
-4.201698e+00 9.383631e+00
5.739611e+00 1.034903e+01
9.541882e+00 6.672167e+00
1.117515e+01 -6.180008e+00
7.041066e+00 9.672790e+00
2.751956e+00 5.890539e+00
-9.446324e+00 8.392050e+00
2.000803e+00 1.005188e+01
1.006529e+01 -1.050567e+01
1.812243e+00 8.174054e+00
-9.457391e+00 -6.472042e+00
9.477771e+00 -7.462860e+00
-6.648971e+00 8.377382e-01
1.021623e+01 -3.059893e+00
-4.047378e+00 -8.228642e+00
7.592068e+00 -8.139618e+00
5.793557e+00 1.413035e+00
4.735513e+00 -3.118133e+00
1.057036e+01 -8.215331e+00
-1.075762e+01 9.783680e+00
8.064065e+00 4.920854e+00
-5.531844e+00 4.929932e-01
-1.680814e+00 6.437087e+00
2.385341e+00 -1.608059e+00
-8.165143e+00 -4.546465e+00
-1.034612e+01 5.658664e+00
-1.109702e+00 -4.133481e+00
2.069493e+00 -8.635984e+00
1.000653e+01 5.547704e+00
3.982540e-01 -9.883785e+00
-1.504069e+00 4.058596e+00
4.747006e+00 7.283987e+00
-1.063480e+01 6.712485e+00
-1.751718e+00 2.587107e+00
9.751856e+00 -9.211578e+00
-2.785002e+00 -3.521602e+00
-9.211362e+00 -3.740653e+00
-8.465548e-01 2.055122e+00
7.955935e+00 -6.100471e+00
1.098939e+01 3.545966e+00
4.029832e+00 -7.934650e+00
7.121568e-01 -6.904375e+00
-9.025851e+00 -7.671912e+00
-9.009804e+00 4.030234e+00
7.149717e+00 -5.329784e+00
-1.028169e+01 3.631886e+00
-4.768802e+00 6.832913e+00
