-9.118821e+00 -9.221212e+00
-1.039665e+01 9.458157e+00
-1.018874e+01 -8.834292e+00
-9.201077e+00 -6.231717e+00
-1.071761e+01 -4.614890e+00
-9.601169e+00 -4.173293e+00
8.209255e+00 -3.788750e+00
8.818572e+00 -2.468275e+00
8.109421e+00 -1.656187e+00
9.155743e+00 -1.428268e+00
9.029866e+00 4.780525e+00
1.000350e+01 4.522312e+00
9.493433e+00 2.585636e+00
5.234524e+00 6.165344e+00
9.842153e+00 9.160055e+00
9.497683e+00 5.910235e+00
-9.008628e+00 1.650664e+00
-1.002523e+01 8.247175e+00
9.711009e+00 -1.114744e+01
-9.634954e+00 -1.101400e+01
-8.984997e+00 -8.056138e+00
-7.580468e+00 -1.084642e+01
-9.481674e+00 1.021449e+01
1.104906e+01 -5.493213e+00
-9.655865e+00 -7.302511e+00
-1.117811e+01 -2.351484e+00
9.567817e+00 -3.571004e+00
-1.062920e+01 -3.600463e+00
7.115344e+00 -4.180988e+00
1.094398e+01 2.630507e+00
1.049773e+01 -1.431824e+00
9.765574e+00 -2.840468e-01
1.044167e+01 5.264292e-01
1.051430e+01 1.576651e+00
-1.103651e+01 3.541906e+00
8.420721e+00 5.721575e+00
1.095763e+01 9.762151e+00
-6.665695e+00 7.277066e+00
-1.062987e+01 1.057010e+01
1.111718e+01 8.763895e+00
-8.589629e+00 1.083142e+01
-7.562719e+00 -5.533393e+00
1.076491e+01 -6.774083e+00
-8.570847e+00 -1.045932e+01
-8.793098e+00 -5.068023e+00
-1.008676e+01 -2.785538e+00
-9.092922e+00 -2.397400e+00
-9.624916e+00 -1.409789e+00
5.339674e+00 -1.575310e+00
-1.080269e+01 -1.343624e+00
7.798935e+00 -2.804018e+00
-1.088572e+01 3.778996e-01
1.086007e+01 -4.379736e-01
1.053113e+01 5.714965e+00
-9.918172e+00 -2.712979e-01
-7.129229e+00 5.056429e+00
-1.056739e+01 5.445218e+00
-8.612269e+00 4.509946e+00
-8.684032e+00 6.667957e+00
-7.739682e+00 7.078790e+00
-8.081196e+00 -8.583137e+00
-5.468492e+00 -1.112911e+01
-8.147953e+00 -6.299724e+00
-8.314474e+00 -7.309005e+00
1.067991e+01 -3.489571e+00
-1.061792e+01 -6.313039e+00
-7.145583e+00 -3.811149e+00
-7.722427e+00 -2.773123e+00
6.687586e+00 -6.397685e+00
-6.834714e+00 -1.897722e+00
-8.039718e+00 -1.750258e+00
-1.085613e+01 1.743352e+00
-1.001290e+01 2.822083e+00
1.011912e+01 3.556384e+00
9.339642e+00 7.003245e+00
-9.730519e+00 3.876029e+00
-9.946852e+00 1.194649e+00
-5.605211e+00 7.007910e+00
-6.804545e+00 8.419725e+00
-1.099123e+01 7.742225e+00
-5.882207e+00 9.195748e+00
-7.584909e+00 1.041485e+01
-6.612122e+00 1.107428e+01
-7.699720e+00 -9.864655e+00
-6.799021e+00 -4.819101e+00
-7.020976e+00 -6.559602e+00
-6.285146e+00 -5.809183e+00
-8.752869e+00 -3.408136e+00
-9.852291e+00 -5.331808e+00
-5.680411e-01 -3.362453e+00
-6.384389e+00 -2.831891e+00
-7.054944e+00 -8.867125e-01
-5.285463e+00 -3.064651e+00
-8.637978e+00 -8.784214e-01
-7.024992e+00 1.191194e+00
-8.837278e+00 3.085422e+00
-7.234904e+00 2.870145e+00
-8.064321e+00 8.516937e+00
-4.855611e+00 6.105761e+00
-5.898397e+00 8.084712e+00
-4.713577e+00 1.010538e+01
-6.068522e+00 1.024781e+01
-6.502954e+00 -1.028694e+01
-6.008961e+00 -9.012305e+00
-4.699472e+00 -6.860317e+00
-4.464920e+00 -4.489674e+00
1.355885e+00 -3.521533e+00
-8.009224e+00 -4.389933e+00
-5.702268e+00 -4.802158e+00
-3.521289e+00 -3.952624e+00
-4.538534e+00 -8.782608e-01
-4.916816e+00 -1.863891e+00
-6.702430e+00 1.980250e-01
-7.822452e+00 -8.755447e-02
-6.335850e+00 2.194874e+00
-9.171006e+00 5.154333e-01
-7.578435e+00 6.057200e+00
-6.883998e+00 9.453806e+00
-6.383234e+00 4.198609e+00
-6.317027e+00 6.187428e+00
-7.753253e+00 3.897793e+00
-4.442290e+00 3.110512e+00
-4.151102e+00 1.096917e+01
-5.947323e+00 -6.786539e+00
-4.215470e+00 -5.858214e+00
-3.306839e+00 -6.638960e+00
-2.285278e+00 -4.274039e+00
-5.224793e+00 -5.911476e+00
-6.054457e+00 -3.807396e+00
-4.366515e-01 -2.087838e+00
-4.123298e+00 -2.729218e+00
-5.848892e+00 -1.078632e+00
-8.150669e+00 9.399088e-01
-8.095225e+00 2.294393e+00
-5.158419e+00 2.238992e+00
-8.470461e+00 5.490456e+00
-9.851595e+00 6.949756e+00
-5.774676e+00 3.187981e+00
-2.826967e+00 4.372621e+00
-5.638083e+00 5.454255e+00
-3.718902e+00 9.751749e+00
-2.345946e+00 6.303657e+00
-4.727382e+00 -9.255898e+00
-7.063103e+00 -7.866730e+00
-1.688725e+00 -6.615180e+00
-5.979256e+00 -8.006928e+00
-1.611864e+00 -5.246004e+00
-2.701678e+00 -2.925118e+00
-1.684015e+00 -3.342668e+00
-2.490225e+00 -1.591383e+00
9.167724e-01 8.687008e-01
-1.542776e+00 -1.273185e+00
-5.587035e+00 1.177055e+00
-3.110692e+00 7.055398e-01
-5.063473e+00 4.063720e+00
-4.299391e+00 5.333702e-01
-1.106202e+00 -1.201668e-01
-1.304780e+00 5.789020e+00
-3.511787e+00 8.171044e+00
-4.396097e+00 4.973330e+00
-4.125885e+00 7.045784e+00
-4.457906e+00 8.871804e+00
-2.560082e+00 9.272685e+00
-4.895068e+00 -8.228083e+00
-2.920687e+00 -8.547188e+00
-2.541945e+00 -5.903514e+00
2.119829e+00 -1.559469e+00
-3.214240e+00 -5.158572e+00
3.516375e-01 -1.507980e+00
3.466299e-01 -3.923240e+00
4.878040e-01 -2.817717e+00
-4.920304e-01 -9.155181e-01
-3.481331e+00 -4.313095e-01
-2.396886e+00 -4.191506e-01
-1.742890e+00 6.786221e-01
-3.861198e+00 3.996920e+00
-2.620126e+00 1.638623e+00
-3.244823e+00 -1.066101e+01
-3.089447e+00 7.144869e+00
-4.374331e+00 1.608012e+00
-3.033422e+00 1.063339e+01
-4.790729e+00 7.838238e+00
-4.308700e+00 -1.030437e+01
-2.328177e+00 -9.820497e+00
-7.068157e+00 -8.975849e+00
-1.456542e+00 -7.673074e+00
-8.917491e-01 -4.400987e+00
-3.869112e+00 -8.388428e+00
1.217314e+00 -2.047230e+00
-2.645210e+00 -7.458290e+00
-1.799542e+00 -2.310716e+00
-1.155791e-01 1.294577e+00
-1.373207e+00 1.654250e+00
-5.503842e+00 1.005089e-01
1.103322e+00 4.229313e+00
-2.878209e+00 3.326025e+00
-3.155937e+00 5.330049e+00
-2.370758e+00 8.006983e+00
-1.690516e+00 7.196405e+00
-5.516351e+00 -1.007569e+01
1.321260e+00 -1.049782e+01
-4.265982e-01 8.829207e+00
-2.215525e+00 -1.107595e+01
-1.905795e+00 -8.842783e+00
2.114289e+00 -9.922017e+00
-5.699459e-01 -7.188678e+00
1.151979e+00 -9.459371e+00
1.242418e+00 -5.773756e+00
9.377664e-01 -7.290174e+00
1.495756e+00 -8.033150e-01
2.519147e+00 2.692485e+00
-1.764162e+00 2.693533e+00
-7.267144e-01 3.223631e+00
-3.780743e+00 -1.717413e+00
-1.670948e+00 3.751535e+00
-1.823203e+00 4.828207e+00
7.493704e-02 5.980779e+00
-1.159182e+00 8.126283e+00
2.733112e+00 8.189868e+00
1.143995e+00 5.333919e+00
-1.415928e+00 9.321276e+00
-3.622072e+00 -9.413943e+00
2.371133e-01 -9.163469e+00
-8.125605e-01 -9.032834e+00
-1.534977e-02 -5.019256e+00
-7.035230e-01 -5.735724e+00
2.459515e+00 -5.716511e+00
1.118238e+00 1.934616e+00
1.055937e+00 -4.767713e+00
4.283187e+00 1.753151e+00
-3.523844e+00 2.285694e+00
3.379947e-01 2.868337e+00
-5.078472e-01 2.311748e+00
-8.011933e-01 4.396302e+00
-4.792714e-01 7.005774e+00
2.184148e+00 5.018268e+00
1.478889e-01 4.919590e+00
9.704501e-01 8.448940e+00
4.929581e-01 7.575860e+00
1.910245e+00 6.008679e+00
1.756086e+00 7.340227e+00
1.004319e+00 6.544879e+00
3.622584e-01 -1.100753e+01
-1.816360e+00 1.022922e+01
-1.256388e+00 -1.008958e+01
-1.257750e-01 -8.174291e+00
2.437602e-01 -6.331116e+00
2.121258e+00 -4.749112e+00
6.970774e-01 -9.736349e-02
-2.242637e-01 2.762864e-01
4.016737e+00 2.818514e+00
6.584649e+00 1.330143e+00
1.397395e+00 2.941886e+00
6.291088e+00 2.398141e+00
2.921633e+00 6.056452e+00
3.878035e+00 5.618789e+00
5.272193e+00 8.686162e+00
4.603258e+00 9.619610e+00
4.437270e+00 1.062341e+01
3.411730e+00 1.092851e+01
2.842942e+00 9.206273e+00
1.941678e+00 -8.715711e+00
2.457253e+00 1.027799e+01
-8.244941e-01 1.105973e+01
-4.049246e-01 1.001532e+01
6.095123e+00 -4.157406e+00
1.851326e+00 -6.592664e+00
2.767070e+00 -3.753268e+00
3.239002e+00 1.646503e+00
1.776744e+00 3.343481e-01
2.062352e+00 1.419156e+00
5.114447e+00 3.677869e+00
5.648029e+00 3.754698e-01
3.265273e+00 4.634274e+00
6.218284e+00 8.418858e+00
1.458084e-01 3.875707e+00
3.110519e+00 7.103079e+00
3.944591e+00 -8.566561e+00
3.615484e+00 9.892133e+00
3.280510e+00 -1.037919e+01
2.295164e+00 -1.103597e+01
9.928870e+00 -8.351835e+00
1.872539e+00 -7.680401e+00
-2.093629e-01 -1.012532e+01
7.070692e-01 9.551297e+00
8.971458e-01 -8.357752e+00
3.069229e+00 -9.176721e+00
3.260517e+00 -4.860732e+00
4.176242e+00 -4.377500e+00
1.991597e+00 -2.620728e+00
2.959964e+00 6.679612e-01
5.566429e+00 1.518906e+00
5.788846e+00 4.511420e+00
4.693141e+00 4.740909e+00
4.333557e+00 6.888211e+00
4.060600e+00 3.931195e+00
5.005334e+00 -8.876603e+00
3.858831e+00 8.625396e+00
8.505402e+00 9.256981e+00
5.514171e+00 -9.917074e+00
4.411762e+00 -1.072727e+01
7.333303e+00 -8.371705e+00
1.400512e+00 1.051254e+01
2.887748e+00 -6.985161e+00
2.917970e+00 -8.097306e+00
6.530160e+00 -7.540042e+00
3.883951e+00 -7.505253e+00
4.639384e+00 -6.704467e+00
3.507968e+00 -6.178677e+00
2.601928e+00 -5.435519e-01
4.461862e+00 6.201534e-01
7.091412e+00 3.965532e-01
7.630533e+00 3.443877e+00
6.642099e+00 9.869031e+00
6.864586e+00 7.656916e+00
7.416201e+00 8.942033e+00
8.017409e+00 7.899903e+00
5.590644e+00 1.014274e+01
9.214043e+00 8.192687e+00
1.793081e+00 9.247760e+00
4.164606e+00 -9.711770e+00
4.851351e+00 -7.934217e+00
7.486549e+00 -9.480673e+00
6.660737e+00 -1.022475e+01
1.030819e+01 -9.472258e+00
8.844750e+00 -5.924526e+00
7.677691e+00 -7.293018e+00
7.846630e+00 -6.229325e+00
5.014903e+00 -3.574337e+00
3.639622e+00 -4.086381e-01
7.327706e+00 2.375994e+00
4.982781e+00 2.627504e+00
6.805383e+00 -1.682127e+00
2.251377e+00 3.890802e+00
6.944601e+00 4.570667e+00
7.690315e+00 1.024407e+01
7.176105e+00 6.621044e+00
1.068654e+01 1.084333e+01
6.489658e+00 1.088007e+01
8.645284e+00 -8.156762e+00
8.697167e+00 -9.340043e+00
-1.099241e+01 -9.587947e+00
5.617157e+00 -7.131429e+00
8.666511e+00 -7.097328e+00
1.003616e+01 -5.860197e+00
5.630251e+00 -2.732521e+00
9.733053e+00 -7.227269e+00
5.428163e+00 -5.871814e+00
3.384040e+00 -2.412772e+00
5.163157e+00 -4.772157e+00
7.595109e+00 -5.299725e-01
4.676077e+00 -3.929234e-01
8.871938e+00 1.677325e+00
6.339617e+00 3.598890e+00
6.385154e+00 5.920820e+00
8.306794e+00 6.740090e+00
5.439775e+00 -1.112001e+01
9.320978e+00 1.025513e+01
8.597265e+00 1.102827e+01
8.294324e+00 -1.029507e+01
5.841596e+00 -8.256916e+00
8.938636e+00 -4.886957e+00
-1.112329e+01 -8.393671e+00
-9.945172e+00 -9.891593e+00
7.868812e+00 -4.860699e+00
4.635911e+00 -2.438957e+00
4.247595e+00 -5.415050e+00
3.851311e+00 -3.307028e+00
3.159339e+00 -1.403362e+00
6.765622e+00 -2.990506e+00
6.048298e+00 -7.688057e-01
7.643791e+00 1.386593e+00
8.436539e+00 2.613234e+00
8.731503e+00 3.670342e+00
6.067978e+00 6.906831e+00
5.132489e+00 7.519034e+00
1.115919e+01 4.654636e+00
1.023241e+01 7.959571e+00
9.333795e+00 -1.020809e+01
6.335620e+00 -9.290145e+00
-9.304275e+00 8.971379e+00
7.543242e+00 1.116358e+01
1.060553e+01 -1.048543e+01
-8.430216e+00 9.650714e+00
-1.068773e+01 -7.331874e+00
1.010196e+01 -4.730639e+00
9.953290e+00 -2.400622e+00
6.899856e+00 -5.368079e+00
4.306017e+00 -1.375454e+00
9.277576e+00 5.816435e-01
8.241622e+00 3.782424e-01
8.686906e+00 -5.526107e-01
1.045014e+01 6.829686e+00
8.026187e+00 4.469206e+00
7.430093e+00 5.476710e+00
-9.485997e+00 6.027187e+00
-9.673663e+00 4.900845e+00
-1.082273e+01 6.524412e+00
-1.073766e+01 -1.073143e+01
-8.890818e+00 7.772252e+00
