-9.055629e+00 -9.904674e+00
-9.750401e+00 7.957445e+00
-4.398703e+00 8.293793e+00
-5.963489e+00 -4.449443e+00
1.037100e+01 4.842621e+00
-6.909612e+00 -2.173824e+00
8.729784e+00 2.489128e+00
-6.844057e+00 4.662360e+00
7.815094e+00 -3.284779e+00
8.059101e+00 5.684375e-01
-1.501456e+00 9.821969e+00
9.301342e+00 4.690774e+00
8.973587e+00 1.441930e+00
7.360957e+00 3.755428e+00
-6.177250e+00 2.622667e+00
5.059463e-01 4.159612e+00
-9.609645e+00 2.817855e+00
-9.744461e+00 9.966632e+00
-7.603049e+00 -7.139485e+00
-6.852368e+00 -9.994524e+00
-9.632461e+00 -6.923219e+00
-8.991222e+00 -5.205629e+00
6.764194e+00 -7.423471e+00
1.090794e+01 1.543959e+00
4.440184e+00 -4.090524e-01
-1.066724e+01 3.162306e+00
-4.970124e+00 -2.064455e+00
7.765335e+00 -8.575655e+00
7.750655e+00 -5.913450e-01
1.070617e+01 3.809223e+00
-6.210223e+00 7.028722e+00
7.596814e+00 -2.070744e+00
-9.294614e+00 1.864348e+00
1.064583e+01 6.844821e+00
-8.150038e-01 2.731469e+00
-1.066843e+01 -1.113931e+01
-1.094803e+01 -5.494369e+00
-3.676801e+00 -1.047382e+01
-6.923295e+00 -4.995270e+00
-5.654930e+00 8.124858e+00
-5.859666e+00 -6.788050e+00
-8.705056e+00 -2.949595e+00
-6.890752e+00 -8.557218e+00
-8.554369e+00 9.800338e+00
-8.795464e+00 -8.890602e+00
9.634732e+00 5.830626e+00
1.091757e+01 2.617245e+00
1.103939e+01 -4.093478e-01
9.271781e+00 -3.505736e+00
-8.706176e+00 3.201094e+00
4.459588e+00 4.192467e+00
-5.852485e+00 -5.558842e-01
3.354075e+00 2.453453e+00
-9.996622e+00 5.412423e+00
3.102680e+00 1.259849e+00
-7.304667e+00 7.928330e-01
-4.926753e+00 7.147853e+00
-5.137875e+00 1.813701e-01
-5.668722e+00 4.627051e+00
-6.861291e+00 8.255895e+00
8.591103e+00 -9.350602e+00
5.012612e+00 9.569247e+00
9.798587e+00 -9.316867e+00
-5.799589e+00 -9.834745e+00
-9.961676e+00 9.324747e-01
-9.698666e+00 -2.674527e+00
-9.898397e+00 -5.811497e+00
-9.613999e+00 -9.756815e-01
1.042604e+01 -4.942529e+00
9.278617e+00 -5.782280e-01
-2.747912e+00 1.476060e+00
6.973882e+00 7.115098e-01
-1.317667e+00 -9.600034e-01
-1.772421e+00 6.694428e+00
-4.989612e+00 9.143905e+00
2.487739e+00 4.189844e+00
-7.869314e+00 -1.761558e+00
-6.063240e+00 5.642325e+00
-7.815503e+00 -5.907041e+00
-7.302285e+00 9.510632e+00
1.408750e+00 1.093615e+01
-5.274183e+00 -5.334927e+00
-2.720927e+00 1.013785e+01
-1.104642e+01 -9.022809e+00
1.078590e+01 -7.161345e+00
9.046350e+00 4.208035e-01
-2.807955e+00 -6.303251e+00
-3.180276e+00 2.389965e-01
9.734584e+00 -7.596318e+00
7.015266e+00 -6.371385e+00
-8.851096e+00 -1.903779e+00
4.598476e-01 -3.687006e+00
-4.200205e+00 -1.928961e-01
6.041427e-01 2.068387e+00
7.842967e+00 7.323646e+00
3.627022e+00 -2.203077e+00
-1.066572e+01 7.383842e+00
-6.090552e+00 -1.623256e+00
-5.124991e+00 2.328923e+00
9.425871e+00 -4.557587e+00
-1.046915e+01 1.821322e+00
2.361449e+00 -1.117109e+01
-8.502173e+00 -6.768885e+00
-4.837874e+00 -6.420037e+00
-6.688309e-02 -7.629515e+00
-1.069264e+01 -6.576815e+00
-2.080654e+00 -8.163058e+00
5.387495e+00 2.503770e+00
-4.529935e+00 -4.598495e+00
-5.845395e+00 -3.006929e+00
-1.022937e+01 -1.329100e-01
-9.343663e-01 -3.331901e+00
1.272212e+00 6.100326e-02
-4.114140e+00 8.187054e-01
6.029338e+00 5.415021e+00
-1.053861e+01 6.287713e+00
-2.984709e+00 2.682724e+00
-6.480132e+00 -1.102987e+01
1.063046e+01 7.918090e+00
-1.117397e+01 8.832225e+00
-1.852080e+00 3.634714e+00
-4.531206e+00 4.120789e+00
9.844990e-01 -9.153960e+00
-5.845782e+00 -8.795334e+00
6.559479e+00 -5.395817e+00
-4.566191e+00 -8.576105e+00
-2.194433e+00 -7.126728e+00
-1.011616e+00 -8.472732e+00
-8.040798e+00 7.893482e-02
-8.417061e+00 1.187219e+00
6.070028e+00 -6.721699e+00
-3.801319e-01 -6.558947e+00
-7.123600e+00 2.992190e+00
1.073845e+01 5.827587e+00
-2.680430e+00 -1.096412e+01
6.097164e+00 6.519644e+00
4.126672e+00 8.225162e-01
1.107766e+00 6.274685e+00
-3.719958e+00 6.173261e+00
-1.288336e+00 8.560659e+00
-6.339084e+00 3.717994e+00
-1.841363e+00 -1.029957e+01
-4.586668e+00 -9.866772e+00
-7.825930e+00 -9.392400e+00
-6.889758e+00 -6.323646e+00
-3.608135e+00 1.078943e+01
-4.243732e+00 -2.804982e+00
4.012973e-01 -4.808150e+00
-3.477250e+00 -4.836446e+00
-8.466659e+00 -9.011146e-01
-2.516440e-01 -1.468775e+00
-2.028677e+00 -2.967477e+00
-5.314629e+00 3.529891e+00
-1.530784e+00 -6.162691e+00
-2.014800e+00 7.175845e-01
1.197851e-01 3.067298e+00
-6.544148e+00 -7.520818e+00
-7.453154e+00 7.364390e+00
-1.261554e+00 5.722201e+00
-1.708041e+00 -3.966101e+00
-7.464936e+00 6.003849e+00
-4.035160e+00 1.882750e+00
5.154677e+00 -7.317113e+00
-2.804152e+00 -3.880101e+00
-9.155374e+00 2.065340e-01
-3.377609e+00 -1.029206e+00
-2.360139e+00 5.733196e+00
-4.979367e+00 -3.594194e+00
-6.818497e+00 -8.640179e-01
-2.760650e+00 4.811263e+00
-4.409439e+00 1.002600e+01
4.824388e+00 -6.335078e+00
1.146777e+00 -7.838451e+00
-1.096103e+00 5.076438e-02
-7.919017e+00 5.040646e+00
-2.228983e+00 -1.655038e+00
-2.046539e+00 7.736505e+00
-6.633294e-03 -8.827929e+00
6.136229e+00 1.017397e+01
-3.839940e+00 -1.878298e+00
-4.142055e-03 -1.002874e+01
-3.960882e+00 4.988709e+00
6.509322e-01 -5.852485e+00
-6.710061e+00 1.029336e+01
-1.064019e+01 -7.644385e+00
3.786017e+00 1.102680e+01
-9.297697e-01 -9.568495e+00
-3.568960e+00 -8.162650e+00
-3.740830e+00 -9.170258e+00
-8.092112e+00 2.235548e+00
1.035297e+01 -1.233837e+00
-1.289467e+00 -4.991474e+00
-6.059795e+00 1.532758e+00
-6.423008e+00 3.440992e-01
3.510111e+00 -6.966114e-02
9.136374e+00 8.003885e+00
8.695442e-01 -2.625367e+00
1.855537e+00 9.780500e+00
-9.310122e-01 7.302581e+00
1.065675e+01 -8.205610e+00
4.845486e+00 -4.158363e+00
2.910043e+00 1.018670e+01
8.302197e+00 6.438334e+00
-8.908762e+00 -4.056389e+00
-6.001600e+00 9.288924e+00
6.873046e+00 4.681153e+00
1.182386e+00 -1.030442e+01
2.033573e+00 -7.407243e+00
3.299365e+00 -1.039128e+01
-4.851166e-01 -4.209246e+00
1.557676e+00 3.809203e+00
-1.131763e+00 -7.364180e+00
-6.020341e-01 1.061981e+01
-7.086961e+00 1.863011e+00
4.839038e-01 1.024620e+01
2.380457e+00 1.763193e-01
2.415549e+00 6.399615e+00
-1.692251e+00 4.623588e+00
-4.469519e-01 9.539753e+00
-1.182735e+00 -2.038699e+00
4.800065e+00 8.608417e+00
-8.654011e+00 1.097346e+01
3.862309e+00 9.849806e+00
-5.493125e+00 1.054688e+01
6.699441e+00 -3.613703e+00
-2.212189e-01 -2.586458e+00
6.021814e+00 -4.447955e+00
-3.877268e+00 -5.940344e+00
6.725280e+00 1.767830e+00
3.800962e-01 5.480539e+00
3.293523e-01 8.402770e-01
-9.931626e-01 1.100205e+00
-1.637816e+00 1.094779e+01
-3.157116e+00 3.765097e+00
9.140547e-01 -9.247054e-01
4.925066e+00 5.158748e+00
6.162251e+00 3.177475e+00
4.575273e+00 -1.049727e+01
5.179058e+00 -8.389079e+00
2.019022e+00 -8.823616e+00
-4.585983e+00 1.108449e+01
1.561415e+00 8.857355e+00
-3.916333e+00 7.204851e+00
4.053189e+00 7.797086e+00
-5.289511e+00 -7.636017e+00
-4.830432e+00 -1.095355e+00
9.429691e+00 9.873358e+00
2.226779e+00 -1.015552e+01
9.820228e+00 2.518062e+00
-9.906409e+00 -3.695227e+00
3.735544e+00 -5.816228e+00
1.551966e+00 -3.581368e+00
5.318818e+00 7.415803e+00
4.409925e+00 1.828481e+00
4.681773e-01 9.128187e+00
-2.283903e+00 -4.140459e-01
3.583903e+00 -3.615169e+00
9.084288e+00 -1.028807e+01
1.045211e+01 9.720532e+00
3.219770e+00 -9.303410e+00
5.667742e+00 4.290132e+00
7.772533e+00 -5.445441e+00
-3.847831e+00 -3.718231e+00
-5.446300e+00 -1.076811e+01
8.028589e+00 4.674572e+00
8.169113e+00 -7.649310e+00
8.659393e+00 -1.549619e+00
9.108439e+00 -6.770250e+00
5.096489e+00 3.950722e-01
2.915635e+00 -6.463080e+00
-2.391854e+00 -4.822449e+00
1.352569e+00 2.781505e+00
-1.098788e+01 6.148203e-01
1.608089e+00 5.253041e+00
7.072819e+00 6.597632e+00
-3.343349e-01 6.323509e+00
4.753100e+00 6.454094e+00
2.627900e+00 7.878115e+00
8.792677e+00 8.989424e+00
2.591993e+00 5.274052e+00
6.440748e+00 7.617795e+00
1.932545e+00 -8.007037e-01
5.140947e+00 1.067957e+01
4.055440e-01 -1.099612e+01
-1.099370e+01 4.832172e+00
-1.905343e+00 -9.140898e+00
2.837335e+00 -8.105839e+00
7.987075e+00 -6.520969e+00
6.411865e+00 -2.418647e+00
5.358420e+00 -5.468092e+00
2.702976e+00 -4.176305e+00
2.796778e+00 -2.905882e+00
3.677308e+00 8.776535e+00
-5.134355e-01 4.900565e+00
2.606491e+00 9.063543e+00
-3.174384e+00 -2.830009e+00
1.007363e+01 -1.053192e+01
4.381292e+00 3.158424e+00
-2.798035e+00 7.070360e+00
-1.005355e+01 4.058135e+00
7.129177e+00 1.076634e+01
-1.110554e+01 -1.015420e+01
4.616351e+00 -2.857927e+00
6.136690e+00 -1.285348e-01
2.531221e+00 -1.683714e+00
3.518878e+00 -1.168582e+00
8.160453e+00 -1.083391e+01
8.598095e+00 -2.552832e+00
2.423711e+00 2.044205e+00
-4.142841e+00 -7.189831e+00
-6.719548e+00 -3.748444e+00
3.976399e+00 -7.073823e+00
-8.354713e+00 6.474015e+00
-8.006098e+00 8.663659e+00
2.261398e-01 7.181596e+00
-9.555503e+00 6.879041e+00
-8.177149e+00 -1.044238e+01
-8.967040e+00 8.888932e+00
7.731630e+00 9.576590e+00
3.298957e+00 7.010090e+00
6.802708e+00 9.278470e+00
1.073570e+01 1.082087e+01
-8.900837e+00 -7.835364e+00
8.242420e+00 1.044286e+01
8.917327e+00 -8.315014e+00
6.543052e+00 -8.502776e+00
-5.033547e+00 1.217792e+00
5.985923e+00 -1.104628e+01
1.614712e+00 1.174110e+00
-4.209943e+00 3.000251e+00
3.578730e+00 4.917970e+00
-7.842657e-01 -1.060078e+01
-1.746835e+00 2.006455e+00
-5.987048e-01 3.801475e+00
4.613381e+00 -1.592192e+00
4.484362e+00 -9.441435e+00
-2.760038e+00 -9.736871e+00
-3.334762e+00 8.333429e+00
9.948239e+00 8.775186e+00
1.795703e+00 -6.076013e+00
9.604850e+00 1.089080e+01
-7.914106e+00 -4.620857e+00
1.003728e+01 9.804669e-01
7.943517e-01 8.042793e+00
-1.012103e+01 -4.764585e+00
-1.090635e+01 -2.960902e+00
1.002705e+01 -6.114648e+00
6.717868e+00 -1.457650e+00
1.787417e+00 -4.778742e+00
9.606657e+00 -2.193006e+00
1.542144e+00 -1.966771e+00
7.935601e+00 1.730042e+00
7.869838e-01 -6.866530e+00
-2.403498e+00 8.888953e+00
3.419554e+00 3.593949e+00
7.500864e+00 5.601676e+00
-7.968147e+00 -8.171953e+00
3.468768e+00 5.975853e+00
-4.892868e+00 5.941916e+00
-1.084097e+01 1.003696e+01
7.186814e+00 -9.497837e+00
8.844079e+00 -5.656471e+00
7.047281e+00 -1.049492e+01
-9.853978e+00 -8.550169e+00
-1.099987e+01 -1.658022e+00
7.511265e+00 2.662710e+00
9.376206e+00 3.665663e+00
-4.369579e-01 -5.581156e+00
3.934000e+00 -8.131548e+00
-5.640289e-03 -4.460863e-01
5.426988e+00 -9.030579e-01
7.261255e+00 -4.469670e+00
9.342119e+00 6.899384e+00
2.498545e+00 3.167998e+00
8.333632e+00 3.527293e+00
1.666137e+00 7.170754e+00
5.451066e+00 -2.057027e+00
5.735683e+00 1.485290e+00
-8.625236e+00 7.565026e+00
8.383948e+00 -4.348140e+00
-1.003368e+01 -9.507428e+00
7.280467e+00 8.386711e+00
5.872078e+00 8.797536e+00
-3.768398e+00 9.219279e+00
5.588126e+00 -9.728892e+00
8.693890e+00 5.517926e+00
-8.869917e+00 5.514431e+00
1.047639e+01 -2.726366e+00
3.843376e+00 -4.625823e+00
-1.110775e+01 -4.286308e+00
5.595509e+00 -3.132720e+00
1.033151e+01 -3.702429e+00
-8.805810e+00 4.453136e+00
-2.761570e-01 8.259883e+00
2.757051e+00 -5.145823e+00
-1.009951e+01 8.989609e+00
-7.764763e+00 3.838899e+00
-7.794888e+00 -3.637829e+00
-9.689369e+00 -1.083629e+01
-7.568067e+00 1.100664e+01
