7.024912e+00 -1.038555e+01
-7.984259e+00 7.734927e+00
-8.761030e+00 7.096858e+00
-4.419768e+00 8.174832e-01
-6.454841e+00 2.207757e-01
-7.851944e+00 -1.008668e+01
7.159529e+00 -5.247604e-01
4.188331e+00 3.974147e+00
5.559279e+00 -5.948672e+00
6.690650e+00 -2.448148e+00
-4.616921e+00 6.921828e+00
-1.086813e+01 5.166920e+00
-9.197171e+00 7.044500e-01
4.916273e+00 2.988674e+00
-6.287000e+00 2.691108e+00
5.691784e+00 3.868263e+00
-9.571106e+00 -2.361092e+00
-1.048008e+01 -1.084141e+01
-8.342251e+00 -7.218773e+00
-9.331744e+00 -7.667776e+00
6.119493e+00 -9.914082e+00
9.241569e+00 -3.367746e+00
2.403656e+00 -3.209690e+00
-2.389557e+00 2.465093e-01
4.565370e+00 -1.446048e-01
-1.039000e+01 7.325436e+00
-3.458308e+00 -5.474817e-01
-8.419980e-01 -1.042663e+01
7.335101e+00 2.362994e+00
-6.840302e+00 3.751128e+00
3.249903e+00 -9.003202e+00
6.011146e+00 2.811565e+00
-9.858858e+00 2.121211e+00
-1.116417e+01 2.524325e-01
-1.064212e+00 2.689828e+00
-5.929235e+00 -1.057632e+01
-8.118834e+00 1.115784e+01
-8.424330e+00 -8.498683e+00
8.879283e+00 -5.917774e+00
-8.843769e+00 2.696747e+00
8.548404e+00 -9.035535e+00
5.549082e+00 -2.932154e+00
-8.905155e+00 -9.566925e+00
9.819371e+00 3.882479e+00
-1.091782e+01 -4.172464e+00
8.521439e+00 9.170327e+00
-6.608846e+00 -3.231338e+00
-6.796537e+00 -4.224862e+00
8.230162e+00 -5.154318e+00
1.044575e+01 1.069566e+00
3.495719e+00 -2.966499e+00
-1.135888e+00 1.696659e+00
7.893322e+00 3.486872e-01
-8.533815e+00 4.688036e+00
9.198290e+00 -6.467681e-01
-7.307843e+00 -1.346233e+00
2.163459e+00 3.339643e+00
-4.897051e+00 -4.633262e+00
-7.867341e+00 5.460473e+00
-5.430425e-01 5.434425e+00
4.425253e+00 1.104030e+01
5.277876e+00 -9.215043e+00
7.756407e+00 1.110544e+01
-2.065212e+00 -8.815237e+00
-1.086167e+01 2.325205e+00
5.473514e+00 -7.208632e+00
1.090332e+01 -5.528775e+00
-4.563797e+00 -3.907645e-01
-7.500053e+00 9.695845e+00
6.257723e+00 -4.819117e+00
5.770285e+00 6.783716e+00
1.060393e+01 3.082491e+00
5.581070e-01 5.716832e+00
3.563535e+00 4.916422e+00
3.661175e-01 3.704947e+00
1.057678e+01 6.033198e+00
-9.248400e+00 -4.087749e+00
-1.420412e+00 4.827603e+00
6.614071e+00 -7.750223e+00
9.331263e+00 -4.876999e+00
5.302539e+00 -1.075316e+01
-7.643609e+00 -4.739723e+00
6.790258e+00 3.680837e+00
3.296530e+00 -6.366872e+00
6.396241e+00 9.014598e+00
5.465014e+00 5.516814e-01
9.121203e+00 -9.996036e+00
-7.186596e+00 4.744403e+00
4.962092e+00 -8.167082e+00
-5.262439e-01 -9.491504e-04
-6.253832e+00 -8.302782e-01
-1.309552e+00 6.584306e-01
-1.772169e+00 3.459658e+00
7.802584e+00 3.419089e+00
1.084661e+01 7.047528e+00
3.622265e+00 -9.765621e-01
7.058812e+00 6.552606e+00
-2.069186e+00 -8.253612e-01
-8.978771e+00 3.734438e+00
-1.017562e+01 -7.139635e+00
-1.104677e+01 3.950124e+00
2.375806e+00 8.086429e+00
-1.085019e+01 -8.070893e+00
1.035011e+01 -4.610842e+00
-1.097331e+00 -8.233081e+00
-5.705547e+00 7.192451e+00
-2.213599e+00 -7.611002e+00
1.038709e+01 4.854480e+00
-5.294891e+00 -1.376324e+00
-7.477841e+00 -7.986721e+00
1.042114e+01 -1.159050e+00
-5.795523e+00 3.638983e+00
1.987826e-01 -1.173261e+00
5.692455e+00 4.885547e+00
-1.077054e+01 9.189244e+00
-9.679914e+00 9.244969e+00
-8.888694e+00 1.618280e+00
-4.896571e+00 -5.986353e+00
8.809176e+00 3.591384e+00
-8.474402e+00 1.017542e+01
1.967889e+00 1.993189e+00
1.372694e+00 3.980945e+00
-3.054015e+00 8.399376e+00
-5.492859e+00 9.215360e+00
3.178926e+00 -4.074516e+00
1.008539e+01 -1.021319e-01
-7.335487e+00 -6.883462e+00
-6.356511e+00 8.138175e+00
-2.825540e+00 3.344665e+00
-1.064319e+01 1.295015e+00
8.312923e+00 -3.976505e+00
-6.317637e+00 -7.283323e+00
-1.048648e+01 1.032822e+01
9.237016e+00 1.696857e+00
3.105822e-01 -7.219874e+00
5.493751e+00 8.064986e+00
-3.431320e+00 -2.625078e+00
7.071081e+00 9.083715e-01
1.417285e-02 8.004131e+00
-3.532466e-01 6.667814e+00
-3.906261e+00 3.145678e+00
1.102971e+00 -7.868340e+00
-1.003548e+01 -9.819635e+00
-7.729719e+00 6.722010e+00
9.024093e+00 -1.853666e+00
-6.742268e+00 1.468188e+00
-7.404323e+00 -2.247539e-01
-5.144561e+00 -7.107725e+00
6.509707e+00 1.740478e+00
-7.988428e+00 -3.676380e+00
-8.767789e-01 -1.008913e+00
1.041527e+01 2.054289e+00
-6.856890e+00 5.912004e+00
-4.411143e+00 -8.000300e+00
3.097584e+00 3.812101e+00
6.876368e+00 4.836429e+00
-4.691365e+00 1.010932e+01
-5.031708e+00 1.117476e+01
9.914253e+00 7.455535e+00
-2.537991e+00 -3.527173e+00
2.367895e-01 4.713897e+00
-7.804877e+00 1.775458e+00
5.740998e-01 -4.330686e+00
-7.668521e+00 -2.578724e+00
8.424774e+00 2.515224e+00
2.698280e+00 -3.760048e-01
-1.485594e+00 -3.093504e+00
-1.042971e+01 -1.793738e+00
3.997063e+00 6.253600e+00
-5.024763e+00 4.969239e+00
-1.443773e+00 6.653837e+00
2.450340e+00 -8.360232e+00
2.200006e+00 -7.351770e+00
8.050536e+00 6.816217e+00
8.095904e+00 4.714601e+00
-9.562775e+00 -7.787339e-01
6.398882e+00 1.497812e-01
2.972822e-01 -9.489289e+00
1.249427e+00 -1.004934e+01
-3.360384e+00 8.847853e-01
-7.335408e-01 -9.320929e+00
9.415552e-01 2.900805e+00
-5.451206e+00 -8.517296e+00
-4.059162e+00 7.867445e+00
-9.316770e-01 8.998626e+00
1.006520e+01 -1.067917e+01
-3.522103e+00 -6.084638e+00
-5.938988e+00 -6.152194e+00
-1.763412e+00 -1.101296e+01
-5.513764e+00 1.529326e+00
-1.087758e+01 -8.172177e-01
-8.552892e-01 -7.243380e+00
5.194928e+00 5.812054e+00
-3.524269e+00 4.382768e+00
-8.094641e+00 5.921984e-01
-8.913856e+00 -1.057003e+01
-2.858827e+00 -1.615976e+00
1.364825e+00 7.618491e-01
6.438348e-01 7.135371e+00
4.321514e+00 -7.229291e+00
2.293660e+00 -1.341372e+00
3.590349e+00 -1.024330e+01
7.573549e+00 1.004207e+01
4.955600e+00 -5.113446e+00
-4.591750e+00 4.040508e+00
7.659051e+00 -1.993232e+00
-3.818207e-01 -2.088890e+00
-4.391156e+00 -9.128411e+00
1.347416e+00 4.961783e+00
8.386122e+00 -2.745815e+00
5.387856e-01 -8.233526e-03
-2.681527e+00 -6.647061e+00
-3.817076e+00 1.080117e+01
-2.204595e+00 2.485044e+00
7.436977e-01 -2.546130e+00
4.574002e+00 -3.391165e+00
6.394650e+00 1.109359e+01
-6.080199e+00 4.722803e+00
8.899180e-01 1.071736e+01
6.269090e+00 5.726956e+00
2.035484e+00 -4.427904e+00
-6.516068e+00 -8.345659e+00
-2.027139e+00 8.703751e+00
-4.381500e+00 5.815292e+00
-4.355616e+00 2.044952e+00
-4.968665e+00 3.053692e+00
-1.517022e+00 -4.459195e+00
-6.504743e+00 -9.448416e+00
-4.564976e+00 -3.601709e+00
4.223590e+00 8.665426e+00
9.267867e+00 5.965328e-01
5.478895e+00 -1.846906e+00
-1.180356e+00 7.791008e+00
-2.117955e+00 5.558632e+00
3.329128e+00 1.455881e+00
-1.078278e+01 6.272224e+00
6.516657e+00 1.014631e+01
3.597363e+00 -8.005518e+00
1.876334e+00 -2.358833e+00
-4.243231e+00 -1.055074e+01
-6.447569e-01 3.792926e+00
-5.262997e+00 -9.699238e+00
-4.552319e+00 8.851655e+00
7.431799e+00 8.959307e+00
-5.679261e+00 -2.652703e+00
-6.883566e-02 1.186602e+00
3.314831e+00 7.731520e+00
-7.326578e+00 8.553856e+00
-5.100611e-03 2.328725e+00
6.410549e+00 -6.751898e+00
-1.617252e+00 -6.489896e+00
-5.600513e+00 -3.798286e+00
2.302995e+00 -9.568006e+00
4.637710e+00 7.380067e+00
1.916408e+00 -6.295586e+00
1.905865e+00 5.990946e+00
-5.039812e-01 -6.302982e+00
6.234902e+00 -8.693206e+00
5.241663e+00 1.890683e+00
4.339401e+00 -6.078848e+00
-8.849848e+00 -3.053977e+00
7.248328e+00 -9.025122e+00
-8.304233e+00 -7.675995e-01
-3.516364e+00 -8.559946e+00
9.595900e+00 6.284747e+00
-2.521851e+00 -4.560247e+00
8.081031e+00 -1.009711e+01
7.226584e+00 -4.331348e+00
8.771887e+00 -8.024368e+00
1.359821e+00 -5.290387e+00
-3.424554e+00 -3.906235e+00
4.640788e+00 -1.266975e+00
-1.734114e+00 -1.912792e+00
3.994409e+00 -4.754090e+00
3.388418e+00 9.956669e+00
9.668173e+00 9.656433e+00
8.683856e+00 5.902636e+00
1.495904e+00 -8.802931e+00
3.338357e+00 1.106393e+01
-7.198693e-02 9.655176e+00
5.312051e+00 9.038641e+00
3.065871e+00 -2.083503e+00
-3.525965e-01 -3.178165e+00
-6.011126e-01 1.055838e+01
-1.014359e+01 3.396948e+00
-3.626387e+00 6.860334e+00
-4.645319e-01 -4.428043e+00
6.658195e-01 8.813640e+00
5.557364e+00 -6.240702e-01
1.359461e+00 -3.563188e+00
-4.160528e+00 -6.955192e+00
-4.614190e+00 -2.538247e+00
-9.818203e+00 -8.741150e+00
1.060160e+01 8.794590e+00
-7.070973e-02 -8.383385e+00
3.607149e+00 4.028578e-01
1.093422e+01 1.102466e+01
-8.853850e+00 -1.617582e+00
-1.523671e+00 9.835133e+00
-7.464869e+00 2.830019e+00
-5.919005e+00 1.041707e+01
5.388173e+00 1.047394e+01
8.210802e+00 -9.008451e-01
9.072541e-01 -6.296319e+00
-3.567195e+00 -4.907211e+00
-9.639836e+00 8.135806e+00
-8.934028e+00 -5.190675e+00
7.426075e+00 -3.230567e+00
1.069646e+01 9.937551e+00
-3.939692e+00 -1.583712e+00
-6.283658e+00 -5.083476e+00
-1.000368e+00 -5.484753e+00
-8.652789e+00 6.112231e+00
-5.452884e+00 6.134468e+00
2.971932e+00 5.774240e+00
-6.516489e+00 9.256984e+00
-7.016552e+00 -5.803919e+00
-7.007703e+00 1.058707e+01
-2.796701e+00 -1.045357e+01
8.002111e+00 1.577596e+00
1.077347e+01 -7.467446e+00
-2.554947e+00 6.550252e+00
8.978789e+00 -1.109261e+01
-9.576631e+00 1.092313e+01
1.009659e+01 -9.675069e+00
6.427967e+00 -3.516043e+00
2.864294e+00 2.557773e+00
7.570309e+00 7.980185e+00
9.626813e+00 2.807615e+00
4.709956e+00 4.893235e+00
1.065343e+00 9.710310e+00
-2.562117e+00 9.630494e+00
9.266334e-01 1.723776e+00
6.532675e+00 7.581327e+00
9.835434e+00 -2.476237e+00
5.383416e+00 -4.051644e+00
-3.491070e+00 -9.672823e+00
1.705229e+00 7.188456e+00
-6.707936e+00 6.966130e+00
-1.817173e+00 -9.970597e+00
2.334945e+00 1.038720e+01
-1.030812e+01 -4.990398e+00
6.453596e+00 -1.241793e+00
2.918278e-01 -1.076566e+01
-7.637492e+00 -9.094960e+00
-8.025049e+00 -5.874424e+00
-1.117507e+01 -9.792540e+00
4.469285e+00 1.206911e+00
2.526833e+00 7.458161e-01
-1.014633e+01 1.122275e-01
-2.215751e+00 1.431815e+00
9.867621e+00 -6.215972e+00
-2.711238e+00 1.084448e+01
-3.606060e+00 9.289159e+00
7.621722e+00 5.710626e+00
8.649355e+00 7.776720e+00
-1.038376e+01 -6.082815e+00
8.669880e+00 1.020388e+01
2.381556e+00 4.474960e+00
-8.810768e+00 8.698486e+00
2.938027e+00 8.981033e+00
1.076893e+01 -8.747531e+00
1.899105e+00 8.981898e+00
-8.948202e+00 -6.382060e+00
8.581622e+00 -6.886854e+00
-5.379136e+00 2.218360e-01
1.087356e+01 -2.207448e+00
-3.387287e+00 -7.555492e+00
7.635063e+00 -7.418912e+00
4.015717e+00 2.612578e+00
4.493231e+00 -2.270838e+00
9.679740e+00 -7.198279e+00
9.862906e+00 1.063711e+01
9.314223e+00 5.096220e+00
-6.465061e+00 -1.975709e+00
-2.285843e+00 7.641420e+00
1.629853e+00 -2.661476e-01
-9.973640e+00 -3.334055e+00
-9.732730e+00 6.410521e+00
1.036460e-01 -5.352474e+00
4.241232e+00 -9.353649e+00
9.485638e+00 8.650439e+00
2.331558e+00 -1.080319e+01
-2.438928e+00 4.441377e+00
2.760155e+00 6.798448e+00
-1.093884e+01 8.182632e+00
-3.185435e+00 5.635924e+00
9.745699e+00 -8.431233e+00
-2.200551e+00 -5.619533e+00
1.066781e+01 -3.400223e+00
-3.235819e+00 2.249947e+00
7.729254e+00 -6.280871e+00
-1.010205e+01 4.451858e+00
4.494097e+00 9.842868e+00
2.863162e+00 -5.330558e+00
-6.964204e+00 -1.072665e+01
-7.909945e+00 3.800856e+00
7.179565e+00 -5.488664e+00
-9.584617e+00 5.401131e+00
-5.245556e+00 8.123710e+00
