1.109071e+01 -8.165177e+00
-9.049488e+00 8.844773e+00
-9.911180e+00 1.115362e+01
-7.480341e+00 -7.120927e+00
-1.046712e+01 -1.063561e+00
-9.107827e+00 -1.657770e+00
-7.317243e+00 -1.138834e+00
-1.091127e+01 1.217634e+00
5.651164e+00 -3.807104e+00
1.053884e+01 5.569862e-01
4.021482e+00 4.541252e+00
1.064522e+01 2.218005e+00
1.020781e+01 3.384538e+00
6.912059e+00 4.544645e+00
-6.834243e+00 8.052753e+00
8.046875e+00 2.691620e+00
-8.951387e+00 4.951468e+00
-4.757186e+00 7.925115e+00
8.512466e+00 -9.150774e+00
-8.902819e+00 -1.098145e+01
-8.394366e+00 -4.051967e+00
-8.391221e+00 -5.625865e+00
9.247341e+00 -5.678045e+00
-7.242395e+00 -2.407874e+00
-8.543248e+00 -2.929556e+00
-1.025736e+01 1.988992e+00
-5.217400e+00 -1.881109e+00
9.529651e+00 -2.298264e+00
5.371903e+00 -2.791800e+00
1.080540e+01 5.018132e+00
-9.300161e+00 2.904798e+00
7.714511e+00 -8.081008e-01
-8.709079e+00 2.006184e-01
9.578630e+00 1.824511e+00
3.214792e+00 6.046744e-01
8.804971e+00 7.781084e+00
-9.534241e+00 -9.880876e+00
-5.795608e+00 7.994664e+00
-1.104937e+01 -1.028403e+01
-8.708042e+00 6.958663e+00
-5.843072e+00 -9.375940e+00
-9.708471e+00 -5.716384e+00
-1.042475e+01 9.911238e+00
-9.122620e+00 1.036771e+01
-6.221430e+00 -6.569140e+00
-6.516264e+00 -2.194655e-01
-9.205730e+00 1.755468e+00
-8.334150e+00 -8.642095e-01
8.874845e+00 8.791996e-01
-8.525809e+00 3.831923e+00
8.559979e+00 -1.614421e+00
-7.097568e+00 7.976103e-01
9.703274e+00 -1.883560e-02
9.587735e+00 5.613136e+00
3.583491e+00 1.515760e+00
-3.878956e+00 5.121391e+00
1.010705e+01 9.719960e+00
-2.767664e+00 5.071142e+00
-5.703023e+00 4.884622e+00
-2.539663e+00 8.006440e+00
1.036647e+01 -5.368601e+00
1.825620e-01 9.802203e+00
-8.893640e+00 -6.628905e+00
-4.784583e+00 -7.849316e+00
-7.591630e+00 -1.260696e-01
-8.126023e+00 -1.931844e+00
-6.722939e+00 -4.018123e+00
-6.336195e+00 -3.153644e+00
8.441555e+00 -2.729772e+00
-6.349846e+00 -1.790858e+00
-6.790963e+00 5.101798e+00
6.910462e+00 1.008230e+00
1.979840e+00 -2.023556e+00
8.496879e+00 5.522846e+00
1.006804e+01 8.484499e+00
2.161573e+00 2.085855e+00
-6.520139e+00 2.938907e+00
-3.681986e+00 6.991549e+00
-7.300446e+00 6.044588e+00
-1.038963e+01 -8.695781e+00
-7.663231e-01 8.938213e+00
-8.306295e+00 -9.731701e+00
-3.536698e+00 9.835830e+00
-8.610182e+00 -7.780280e+00
-9.459406e+00 -3.732459e+00
1.096737e+01 -2.897321e+00
-4.933274e+00 -5.544013e+00
-8.037124e+00 1.253097e+00
-9.201200e+00 -4.853185e+00
3.734971e+00 -8.391442e+00
-5.807541e+00 -7.583196e+00
-4.194461e+00 5.500507e-01
-7.893869e+00 4.597524e+00
-5.807758e+00 6.029847e+00
9.277379e+00 6.685148e+00
5.776647e+00 5.468403e-01
8.426797e+00 3.663017e+00
-1.049442e+01 -5.023255e+00
4.857942e-01 6.707917e+00
-1.013155e+01 -6.703820e+00
-8.246077e+00 9.765228e+00
6.374464e-01 -1.085346e+01
-5.470504e+00 1.108872e+01
-5.765170e+00 -4.393244e+00
-4.944125e+00 -1.007527e+01
1.065078e+01 -1.811134e+00
-1.408503e+00 -8.132878e+00
-1.090563e+01 1.601157e-01
-6.246468e+00 -1.052406e+01
-3.944421e+00 -3.548156e+00
-5.149792e+00 1.152484e+00
-5.328389e+00 2.518808e+00
-5.666171e+00 3.820882e+00
-2.622935e+00 1.988225e+00
1.005409e+01 7.416527e+00
1.104116e+01 3.937667e+00
-4.663832e+00 6.750936e+00
-1.025076e+01 8.816000e+00
1.034950e+01 6.262006e+00
-9.832322e+00 5.750479e+00
-2.156138e+00 5.952615e+00
-1.490315e+00 7.063794e+00
-4.418335e+00 -1.112668e+01
-4.903265e+00 -6.620959e+00
9.866280e-01 -7.508811e+00
-2.835124e+00 -5.458172e+00
-3.732954e+00 -4.838432e+00
-1.852770e+00 -5.831854e+00
-6.290847e+00 1.506280e+00
-4.310883e+00 3.346196e+00
-2.627212e+00 -4.070803e+00
-3.575260e+00 -5.545504e-01
-8.253557e+00 2.477082e+00
-1.044086e+01 3.020082e+00
-1.685912e+00 4.991306e+00
2.875321e+00 8.198121e+00
-4.758106e+00 5.681643e+00
-1.114050e+01 6.921522e+00
-3.397070e+00 4.059925e+00
-3.252098e+00 6.000142e+00
-6.336731e+00 7.153407e+00
1.973646e+00 7.409970e+00
-4.547754e+00 1.014957e+01
-7.777065e+00 1.093077e+01
-7.305161e+00 -1.052178e+01
-5.677575e+00 9.976532e+00
-6.247692e+00 -5.286940e+00
-4.622119e+00 -4.350524e+00
-4.900597e+00 -8.853807e+00
-3.097743e+00 -2.895971e+00
-2.462938e+00 -7.986051e-01
-5.288713e-01 -7.265071e+00
-1.057872e+01 4.653867e+00
-1.206989e-01 -2.268205e+00
-8.351030e-01 2.250475e+00
-7.074146e-01 -5.435516e-01
-5.305156e+00 -3.483406e+00
-3.675094e+00 8.102567e+00
-2.638797e+00 6.862531e+00
-2.975708e+00 3.951049e-01
-1.518687e+00 8.076192e+00
-6.343889e+00 9.003894e+00
-4.967164e-01 7.771220e+00
-3.821909e+00 -7.233090e+00
-5.505352e+00 1.575316e-01
-4.142078e+00 -2.557305e+00
-3.867756e+00 -1.024566e+01
-7.586926e+00 -3.371300e+00
-1.588687e+00 -4.745678e+00
-1.506332e+00 -1.044530e+01
-3.954206e-01 -1.049116e+01
1.292159e+00 -3.650921e+00
-1.729859e+00 -7.067931e+00
-2.489871e+00 3.461889e+00
-9.557512e+00 4.063851e+00
-4.770044e+00 4.461018e+00
1.279441e-01 5.623170e+00
-6.460190e+00 -8.464371e+00
1.496636e+00 8.433581e+00
-4.109930e+00 -1.533953e+00
-2.892282e+00 -9.228158e+00
-4.290876e+00 9.088483e+00
7.057903e-01 -8.805883e+00
-6.478208e+00 1.070926e+01
-6.921808e+00 -9.622644e+00
-1.721958e+00 1.062970e+01
-2.586276e-01 -8.271040e+00
-7.499818e+00 -8.660169e+00
-2.830347e+00 -6.709838e+00
-7.473558e+00 3.370173e+00
-7.199588e+00 2.031044e+00
-2.101207e+00 -3.042081e+00
-8.343131e+00 5.791425e+00
-3.376885e+00 2.757925e+00
2.786423e+00 4.048342e+00
-9.875212e+00 6.849287e+00
-9.893400e-01 1.212958e+00
4.521751e+00 8.412673e+00
4.173477e+00 5.778016e+00
-9.968057e+00 -7.706138e+00
3.579907e+00 9.498051e+00
3.452517e+00 1.053992e+01
4.580606e+00 7.182729e+00
-3.938764e+00 -5.988348e+00
6.869675e-01 7.777895e+00
7.012094e+00 8.776502e+00
-4.775654e-01 1.066787e+01
2.643017e+00 -1.007875e+01
5.980258e+00 -5.107785e+00
-2.877777e+00 -1.825374e+00
4.891484e+00 -6.847422e-02
9.236633e-01 -2.594353e+00
1.254837e+00 6.090939e+00
-5.573137e+00 -8.512652e-01
-1.394031e+00 3.832856e+00
-2.082036e+00 1.099434e+00
2.425663e+00 6.049555e+00
-4.931659e-01 6.713521e+00
5.917095e+00 8.937117e+00
-1.822925e+00 2.686282e+00
5.506311e-01 -9.824873e+00
-7.210806e+00 9.963993e+00
4.802243e+00 -8.856365e+00
-2.778414e+00 1.068223e+01
2.742276e+00 -6.293068e+00
6.985374e-01 -6.620229e+00
2.869450e+00 -9.012953e+00
2.999327e-01 -4.471303e+00
3.650654e+00 -5.531909e+00
4.612049e+00 1.120306e+00
-6.710280e+00 4.079529e+00
-1.883943e+00 7.958580e-02
-4.735335e-02 1.550936e+00
-9.830601e-01 5.762790e+00
-8.460761e-01 -1.543129e+00
5.960529e+00 2.688532e+00
1.763647e+00 4.069693e+00
1.317129e+00 9.688190e+00
2.402999e+00 1.031450e+01
2.385268e+00 9.108528e+00
3.199088e+00 5.270698e+00
1.670941e+00 -1.050667e+01
-1.922361e+00 9.175419e+00
4.848788e-01 8.758389e+00
-2.630669e+00 -1.055108e+01
2.762817e-01 -5.522732e+00
4.606472e+00 -1.016428e+01
4.403998e+00 -6.564648e+00
-4.324242e+00 2.145280e+00
-4.575802e+00 -3.519684e-01
2.041098e+00 -7.094712e+00
1.783455e-01 -3.293229e+00
-5.272702e-01 3.295097e+00
5.972432e+00 4.893819e+00
-6.817353e-01 4.710459e+00
-3.559094e+00 1.380556e+00
2.837798e+00 -7.884682e+00
3.478507e+00 -1.069857e+01
8.128048e+00 8.798754e+00
2.607394e+00 -1.110730e+01
6.366434e+00 5.871598e+00
1.681781e+00 -9.460008e+00
-7.803193e-01 -9.386781e+00
-2.917789e+00 8.974152e+00
6.554698e+00 7.705967e+00
4.790634e+00 -4.652046e+00
8.252253e+00 -5.531703e+00
5.347022e+00 -5.939818e+00
2.293239e+00 -3.127839e+00
-7.419145e-01 -5.295603e+00
-8.558928e-01 -3.983580e+00
8.440656e-01 5.797301e-01
7.759220e+00 4.651310e-01
2.178300e+00 5.009287e+00
5.111882e+00 6.213703e+00
3.691984e+00 3.574695e+00
6.000265e+00 6.825352e+00
5.776679e+00 1.007967e+01
5.694306e+00 -1.098366e+01
6.966695e+00 1.093540e+01
6.457568e+00 -7.085878e+00
6.357288e+00 -2.376035e+00
5.374985e+00 -6.988837e+00
1.446302e+00 1.084981e+01
5.471579e+00 7.849440e+00
-3.732246e+00 -8.615940e+00
3.849888e+00 -9.462767e+00
4.534649e+00 -7.721312e+00
4.476182e+00 -2.200632e+00
3.417376e+00 -2.702980e+00
-9.670097e-01 -2.877208e+00
3.558166e+00 -1.695577e+00
9.784116e-01 4.836248e+00
1.565945e+00 2.920930e+00
5.218215e-01 3.842961e+00
1.010775e+00 1.789941e+00
8.197061e+00 1.099226e+01
2.649889e+00 -1.209224e+00
4.740820e+00 3.724648e+00
8.111956e+00 6.734104e+00
4.773693e+00 1.084353e+01
6.613075e+00 -8.343866e+00
1.741669e+00 -8.321148e+00
3.587223e+00 -4.379681e+00
3.536991e+00 -7.063197e+00
7.832270e+00 -4.423966e+00
5.586274e+00 -8.097852e+00
6.533707e+00 -6.046091e+00
7.491995e+00 -2.225871e+00
-2.464466e+00 -8.055359e+00
1.594630e+00 -4.714204e+00
8.009284e-01 -1.553647e+00
9.163429e+00 2.899107e+00
7.681015e+00 -1.030994e+01
5.853970e+00 3.811088e+00
-9.710267e+00 7.853443e+00
-1.112250e+01 1.098728e+01
8.927669e+00 -1.073268e+01
9.087353e+00 9.165078e+00
4.758278e+00 9.736060e+00
5.821359e+00 -9.203415e+00
7.596090e+00 -6.823933e+00
1.003376e+01 -7.658504e+00
6.495209e+00 -1.003306e+01
1.113945e+01 -5.955979e+00
-1.051388e+01 -3.653903e+00
-7.519008e+00 7.236190e+00
8.385629e+00 -7.478040e+00
3.462207e+00 -4.987700e-01
-1.810693e+00 -9.263174e+00
6.957082e+00 3.492393e+00
1.888639e+00 9.430455e-01
4.090646e+00 2.541094e+00
-1.965444e-01 5.035874e-01
5.020999e+00 4.988204e+00
6.800912e+00 9.832482e+00
3.482810e+00 6.556126e+00
1.007072e+01 1.097665e+01
8.122456e+00 9.996618e+00
7.589247e+00 -3.342153e+00
1.101675e+01 -7.130389e+00
-7.594990e+00 -4.888610e+00
8.818200e+00 -3.941020e+00
7.764341e+00 7.764483e+00
-7.351534e+00 -5.931012e+00
7.951347e+00 1.605116e+00
9.951535e+00 -3.264190e+00
4.362797e+00 -3.386349e+00
-1.780862e+00 -2.092885e+00
6.710898e+00 -1.194139e+00
4.758641e-01 -3.971167e-01
2.490418e+00 -5.252993e+00
2.410605e+00 -2.457006e-01
3.517958e-01 2.667572e+00
1.116255e+01 8.043130e+00
1.112045e+01 9.124121e+00
7.264645e+00 -9.219578e+00
6.941634e+00 2.112017e+00
9.458123e+00 -9.637034e+00
1.000058e+01 -8.716855e+00
7.765398e+00 -8.346270e+00
7.071203e+00 -5.117487e+00
1.079492e+01 -4.208090e+00
1.104115e+01 -9.255854e+00
-1.054592e+01 -2.133631e+00
6.873666e+00 -2.011432e-01
-9.635123e+00 -2.669571e+00
1.663155e+00 -6.024915e+00
-9.175672e-01 -6.301580e+00
5.870249e+00 -6.113456e-01
5.458348e+00 -1.703125e+00
2.393733e+00 -4.147999e+00
7.897492e+00 4.670287e+00
5.058730e+00 2.125640e+00
7.485363e+00 5.698806e+00
3.685482e+00 7.599624e+00
6.005268e+00 1.578719e+00
8.923748e+00 4.625213e+00
-8.240078e+00 8.011804e+00
6.608288e+00 -3.962449e+00
1.015648e+01 -6.433466e+00
6.970448e+00 6.677396e+00
9.158808e+00 -8.304474e+00
-5.275656e+00 8.896657e+00
9.128460e+00 -6.718758e+00
-9.798749e+00 -2.389541e-01
-9.787354e+00 8.651851e-01
9.690281e+00 -4.473918e+00
4.372680e+00 -1.019114e+00
1.057914e+01 -7.623961e-01
9.566101e+00 -1.090930e+00
8.614429e+00 -2.461952e-01
9.973919e+00 4.367456e+00
2.880275e+00 2.884459e+00
1.575837e+00 -8.197854e-01
1.012712e+01 -1.040790e+01
-1.089704e+01 5.935682e+00
-9.305580e+00 -8.655247e+00
9.206042e+00 1.041214e+01
-7.653573e+00 8.807529e+00
