9.924839e+00 -1.065052e+01
1.015054e+01 -9.353307e+00
1.001165e+01 -8.266827e+00
-1.088239e+01 -8.104819e+00
-1.084816e+01 -6.423323e+00
-1.068786e+01 -5.177915e+00
1.030392e+01 -4.710856e+00
1.014827e+01 -3.579223e+00
1.029003e+01 -2.541632e+00
1.045090e+01 -1.315541e+00
1.108386e+01 -2.811498e-01
1.058303e+01 1.067957e+00
-1.108719e+01 2.041712e+00
1.012970e+01 2.109487e+00
1.067963e+01 3.025327e+00
1.095808e+01 4.833502e+00
1.081950e+01 5.959248e+00
1.064313e+01 8.013939e+00
1.006721e+01 8.850362e+00
1.070401e+01 1.098515e+01
-1.078983e+01 1.044820e+01
-1.048792e+01 -1.052115e+01
1.088879e+01 -1.033321e+01
-1.085697e+01 -9.365666e+00
-9.914255e+00 -8.224447e+00
-9.922615e+00 -7.152390e+00
-9.782146e+00 -4.828063e+00
1.117221e+01 -4.212214e+00
-1.117457e+01 -3.088529e+00
-1.107238e+01 -1.857237e+00
-1.006635e+01 -1.432417e+00
-1.064502e+01 5.428457e-01
-9.859149e+00 1.404556e+00
-1.059032e+01 2.953287e+00
-1.061462e+01 4.077685e+00
-1.037495e+01 5.258918e+00
-1.096227e+01 7.178914e+00
-9.893453e+00 7.237929e+00
-1.046614e+01 8.174721e+00
1.109272e+01 8.982261e+00
-9.554393e+00 9.909160e+00
-9.482271e+00 -1.112790e+01
-9.548721e+00 -9.843080e+00
-9.024504e+00 -8.801749e+00
-8.989678e+00 -7.670012e+00
-9.922010e+00 -5.945237e+00
-8.830292e+00 -5.340088e+00
-9.992559e+00 -3.742154e+00
-1.012229e+01 -2.475425e+00
-8.920251e+00 -1.984930e+00
-1.016267e+01 -4.174421e-01
-9.447726e+00 3.768583e-01
-9.211662e+00 2.197395e+00
-9.325500e+00 3.306489e+00
-9.581033e+00 4.297760e+00
-9.380429e+00 5.459042e+00
-1.027577e+01 6.289631e+00
-8.980127e+00 6.570578e+00
-9.312017e+00 8.767107e+00
-1.029538e+01 9.191575e+00
-8.741984e+00 1.057388e+01
-8.499101e+00 -1.070165e+01
-8.167635e+00 -9.585511e+00
-8.080726e+00 -8.210219e+00
-8.905705e+00 -6.474961e+00
-7.981385e+00 -5.970032e+00
-7.800228e+00 -4.899300e+00
-8.870242e+00 -4.131537e+00
-9.177612e+00 -3.059026e+00
-7.584506e+00 -1.843455e+00
-9.141654e+00 -6.704995e-01
-8.128861e+00 -1.269633e-01
-8.765815e+00 1.218270e+00
-8.317856e+00 2.768375e+00
-8.401634e+00 3.899679e+00
-8.320017e+00 4.976654e+00
-8.053824e+00 6.000576e+00
-7.954277e+00 7.237119e+00
-8.810120e+00 7.887182e+00
-8.567005e+00 9.522993e+00
-7.502791e+00 -1.117913e+01
-7.365379e+00 -1.017602e+01
-7.220916e+00 -8.771886e+00
-7.119923e+00 -7.669916e+00
-7.969712e+00 -6.999717e+00
-6.816942e+00 -6.631884e+00
-6.439157e+00 -5.693591e+00
-7.584244e+00 -3.872623e+00
-8.115741e+00 -2.958348e+00
-6.328016e+00 -1.412576e+00
-7.154432e+00 -7.007219e-01
-6.848383e+00 3.579596e-01
-7.703227e+00 1.094287e+00
-7.219944e+00 2.221237e+00
-7.065354e+00 3.231996e+00
-7.287390e+00 5.214572e+00
-7.211833e+00 6.515293e+00
-7.938622e+00 8.547576e+00
-7.068156e+00 9.365725e+00
-7.770047e+00 1.017105e+01
-6.629660e+00 1.055921e+01
-6.332740e+00 -1.053411e+01
-6.240675e+00 -9.100272e+00
-6.123447e+00 -8.018189e+00
-5.744932e+00 -6.783661e+00
-5.301520e+00 -5.792194e+00
-5.484138e+00 -4.652277e+00
-6.709090e+00 -4.734273e+00
-7.056138e+00 -2.785241e+00
-5.293821e+00 -1.583258e+00
-6.043835e+00 -2.864797e-01
-5.574733e+00 7.015671e-01
-6.483299e+00 1.381017e+00
-6.209493e+00 2.422194e+00
-5.527447e+00 3.773352e+00
-6.580809e+00 4.089336e+00
-6.333050e+00 5.693108e+00
-7.093502e+00 7.765240e+00
-5.067096e+00 7.772672e+00
-6.211275e+00 8.454585e+00
-5.551984e+00 9.222067e+00
-5.501541e+00 1.049096e+01
-4.992018e+00 -8.962141e+00
-4.986756e+00 -7.952496e+00
-4.609937e+00 -6.626837e+00
-4.403353e+00 -4.632389e+00
-5.219062e+00 -3.585005e+00
-6.433080e+00 -3.671662e+00
-5.939726e+00 -2.657507e+00
-4.097304e+00 -1.781947e+00
-4.922851e+00 -4.945066e-01
-4.317120e+00 3.422712e-01
-5.289443e+00 1.625599e+00
-5.169812e+00 2.770309e+00
-4.363864e+00 4.480349e+00
-5.598959e+00 4.857609e+00
-6.172218e+00 7.069852e+00
-4.776923e+00 6.696397e+00
-3.893814e+00 7.900668e+00
-4.676774e+00 8.707055e+00
-4.828600e+00 -1.091335e+01
-5.513553e+00 -9.886194e+00
-4.302308e+00 -9.947608e+00
-3.936602e+00 -8.388467e+00
-3.755509e+00 -7.211943e+00
-3.876062e+00 -5.840872e+00
-3.241932e+00 -4.954589e+00
-4.820588e+00 -2.595738e+00
-3.515685e+00 -2.660712e+00
-3.927555e+00 -7.388763e-01
-3.231215e+00 1.847391e-01
-3.627822e+00 1.096888e+00
-4.312993e+00 2.104969e+00
-4.424570e+00 3.440768e+00
-3.397287e+00 4.209142e+00
-4.810731e+00 5.559261e+00
-3.628291e+00 6.267740e+00
-2.907779e+00 7.258355e+00
-3.733835e+00 9.141172e+00
-4.688499e+00 9.757708e+00
-3.998158e+00 1.068061e+01
-3.393036e+00 -1.035543e+01
-3.366652e+00 -9.270757e+00
-2.823821e+00 -7.880582e+00
-1.935936e+00 -6.689952e+00
-2.907218e+00 -6.459775e+00
-2.282313e+00 -4.345720e+00
-4.156617e+00 -3.591354e+00
-3.097496e+00 -3.714891e+00
-2.668699e+00 -2.030481e+00
-2.821064e+00 -8.398913e-01
-2.265380e+00 1.245581e+00
-3.153636e+00 2.108627e+00
-3.372133e+00 3.103863e+00
-2.426179e+00 3.933866e+00
-3.186841e+00 5.330264e+00
-2.329147e+00 6.399037e+00
-1.995114e+00 7.480167e+00
-2.948228e+00 8.414935e+00
-3.056456e+00 1.020301e+01
-2.421407e+00 1.104994e+01
-1.375236e+00 1.107312e+01
-2.331631e+00 -1.021902e+01
-2.377469e+00 -8.916710e+00
-1.286991e+00 -7.569160e+00
-1.151491e+00 -5.804089e+00
-2.280237e+00 -5.503707e+00
-1.359435e+00 -4.790903e+00
-1.343586e+00 -3.687466e+00
-1.461973e+00 -2.573188e+00
-1.763030e+00 -1.589323e+00
-2.152563e+00 1.167701e-01
-1.035193e+00 1.331558e+00
-2.339118e+00 2.816461e+00
-1.427746e+00 3.632460e+00
-2.170991e+00 5.310880e+00
-1.391242e+00 5.896992e+00
-1.079055e+00 7.066165e+00
-1.633201e+00 8.431927e+00
-2.211742e+00 9.419531e+00
-1.208550e+00 9.991863e+00
-1.386745e-02 1.044874e+01
-1.370830e+00 -9.911758e+00
-9.815598e-01 -8.695993e+00
-2.507948e-01 -7.748632e+00
-3.343822e-01 -6.489760e+00
1.359415e-01 -5.336492e+00
-3.735376e-01 -4.210173e+00
-4.201771e-01 -3.039444e+00
-7.592417e-01 -1.671814e+00
-1.199293e+00 -7.196749e-01
-1.222684e+00 3.388682e-01
-6.251052e-02 1.893577e+00
-1.357585e+00 2.437503e+00
-2.783199e-01 3.015416e+00
-1.145245e+00 4.694385e+00
-4.466548e-01 5.416057e+00
-1.279172e-01 6.469241e+00
-2.394035e-01 7.719004e+00
-6.181012e-01 8.803642e+00
9.071577e-01 1.115708e+01
-3.422647e-01 -1.096582e+01
-3.933860e-01 -9.666566e+00
1.324468e-01 -8.805558e+00
1.065414e+00 -6.904918e+00
1.168111e+00 -5.339672e+00
7.733236e-01 -4.305596e+00
6.180544e-01 -3.276478e+00
2.043010e-01 -2.145509e+00
2.088443e-01 -1.085138e+00
-1.453110e-01 2.122573e-01
8.003813e-01 1.246852e+00
1.187406e+00 2.165905e+00
7.658154e-01 3.210891e+00
1.180661e-01 4.231921e+00
6.526460e-01 5.204196e+00
8.029167e-01 6.434687e+00
9.262351e-01 7.760522e+00
1.347459e+00 9.087364e+00
3.436601e-01 9.472567e+00
2.071064e+00 -1.096705e+01
1.662732e+00 -9.998458e+00
6.237797e-01 -1.022483e+01
1.183857e+00 -8.999681e+00
1.077600e+00 -7.937757e+00
2.143703e+00 -7.214228e+00
1.881750e+00 -4.522220e+00
1.630395e+00 -3.493503e+00
1.227487e+00 -2.443342e+00
1.341991e+00 -8.101575e-01
8.971182e-01 2.614557e-01
1.811965e+00 1.283716e+00
2.443826e+00 2.034008e+00
2.072648e+00 3.002375e+00
2.749355e+00 3.959651e+00
1.262906e+00 4.113111e+00
1.838131e+00 5.800531e+00
1.697558e+00 7.039305e+00
2.045773e+00 8.076975e+00
1.173750e+00 1.017923e+01
3.562231e+00 9.385599e+00
3.035246e+00 1.059022e+01
3.054135e+00 -1.069556e+01
2.644211e+00 -9.553827e+00
2.047478e+00 -8.264868e+00
2.171842e+00 -5.586306e+00
3.100691e+00 -4.346523e+00
2.748235e+00 -3.031641e+00
1.891513e+00 -1.698680e+00
2.551938e+00 -8.110384e-01
3.887504e+00 -1.054903e+00
2.167293e+00 2.370219e-01
2.945432e+00 1.033986e+00
3.169851e+00 3.010893e+00
4.331494e+00 3.980739e+00
2.486459e+00 4.974469e+00
2.887578e+00 6.161285e+00
3.163656e+00 7.116377e+00
3.258585e+00 8.406498e+00
2.466350e+00 9.369526e+00
4.110153e+00 1.059931e+01
4.278910e+00 -1.069127e+01
3.879002e+00 -9.653005e+00
3.541970e+00 -8.570439e+00
3.136913e+00 -7.688411e+00
2.906539e+00 -6.426872e+00
3.655051e+00 -5.503523e+00
4.781272e+00 -4.216797e+00
3.898959e+00 -3.472867e+00
2.936442e+00 -1.879069e+00
4.688487e+00 -1.825046e-01
3.313794e+00 -1.154285e-01
3.818964e+00 1.865677e+00
4.152241e+00 2.779286e+00
5.128937e+00 3.341504e+00
3.636592e+00 4.890921e+00
3.948972e+00 6.004152e+00
4.342954e+00 7.117460e+00
4.406868e+00 8.234575e+00
4.625075e+00 9.345207e+00
5.197382e+00 1.092666e+01
4.992561e+00 -9.811700e+00
4.611896e+00 -8.900590e+00
4.274396e+00 -7.694770e+00
4.973969e+00 -6.657693e+00
3.909368e+00 -6.602726e+00
4.745592e+00 -5.276198e+00
5.793566e+00 -4.557286e+00
4.782532e+00 -2.892183e+00
4.003089e+00 -2.167941e+00
4.943317e+00 -1.424309e+00
4.481468e+00 9.286022e-01
5.185114e+00 1.990466e+00
5.999834e+00 2.939645e+00
5.910343e+00 4.297174e+00
4.919330e+00 4.852901e+00
5.272850e+00 6.322823e+00
5.422734e+00 7.446524e+00
5.556208e+00 8.696601e+00
5.610856e+00 1.002935e+01
6.402455e+00 1.101203e+01
5.909524e+00 -1.030237e+01
5.693339e+00 -8.831338e+00
5.401904e+00 -7.741071e+00
6.145673e+00 -6.889900e+00
5.883463e+00 -5.876541e+00
6.700092e+00 -5.196576e+00
5.587293e+00 -3.497950e+00
5.717688e+00 -2.426516e+00
6.102051e+00 -1.303144e+00
7.321125e+00 -1.222560e+00
5.800491e+00 -2.980942e-01
5.550391e+00 1.099499e+00
6.517623e+00 1.884542e+00
6.848107e+00 3.751863e+00
5.919914e+00 5.467733e+00
6.287233e+00 6.798265e+00
6.385419e+00 7.998286e+00
6.466271e+00 9.001905e+00
6.769967e+00 1.006521e+01
7.526695e+00 1.086321e+01
7.136849e+00 -1.060855e+01
6.777180e+00 -9.651372e+00
6.538292e+00 -7.858415e+00
7.522449e+00 -7.491256e+00
7.108591e+00 -6.380604e+00
7.659808e+00 -5.409115e+00
7.271759e+00 -4.324653e+00
6.561380e+00 -3.414124e+00
6.893911e+00 -2.248449e+00
8.271304e+00 -7.921180e-01
6.997140e+00 9.841732e-01
7.913203e+00 2.064672e+00
7.245651e+00 2.794099e+00
8.160327e+00 3.282045e+00
6.984301e+00 4.841056e+00
7.112887e+00 5.893819e+00
7.326310e+00 7.002241e+00
7.439523e+00 8.059895e+00
7.658500e+00 9.389292e+00
8.363351e+00 1.019824e+01
7.925950e+00 -9.573383e+00
7.173938e+00 -8.717353e+00
8.290604e+00 -8.310977e+00
9.745298e+00 -6.137150e+00
8.272116e+00 -6.585951e+00
8.838250e+00 -5.305793e+00
8.280916e+00 -4.464352e+00
7.696124e+00 -3.089548e+00
8.230292e+00 -1.851941e+00
9.225283e+00 -9.461015e-01
7.754305e+00 7.441461e-02
8.342839e+00 1.016180e+00
9.002351e+00 2.077047e+00
8.901743e+00 4.027455e+00
8.747664e+00 5.256827e+00
8.120717e+00 6.152846e+00
8.364494e+00 7.418432e+00
8.409275e+00 8.599579e+00
9.348515e+00 9.583864e+00
9.552089e+00 1.056818e+01
8.412347e+00 -1.085895e+01
9.106096e+00 -9.888087e+00
9.176052e+00 -8.858326e+00
9.483214e+00 -7.217992e+00
1.055984e+01 -6.979231e+00
1.075313e+01 -5.689371e+00
9.328733e+00 -4.326016e+00
8.620629e+00 -3.549419e+00
9.173031e+00 -2.212849e+00
1.007645e+01 -1.258911e-01
8.958712e+00 1.156071e-02
9.479949e+00 1.037934e+00
9.427729e+00 3.038204e+00
1.032818e+01 3.980688e+00
9.941966e+00 5.251814e+00
9.219472e+00 6.262340e+00
1.011497e+01 6.984821e+00
9.279075e+00 8.034029e+00
1.049972e+01 9.901188e+00
