-8.202833e+00 -8.664008e+00
9.797381e+00 9.659847e+00
-1.050140e+01 1.079223e+01
-9.156758e+00 -9.694135e+00
-1.053440e+01 -5.358122e+00
-8.989013e+00 -3.314076e+00
1.113388e+01 -6.180274e+00
1.033573e+01 -3.113239e+00
8.014034e+00 -3.160825e+00
7.297645e+00 -3.299740e-01
7.260867e+00 6.183702e+00
9.339843e+00 6.001087e+00
1.037991e+01 -1.181251e+00
5.860812e+00 8.018326e+00
-9.559004e+00 8.478910e+00
9.351065e+00 3.478847e+00
-9.719908e+00 4.262619e+00
-5.600429e+00 5.607026e+00
8.734742e+00 1.002811e+01
-8.425880e+00 1.042390e+01
-9.398780e+00 -8.432609e+00
-3.705534e+00 -6.926537e+00
-1.105851e+01 -1.058446e+01
-1.015802e+01 -6.801897e+00
-1.039629e+01 -7.983597e+00
-9.900501e+00 -4.071028e+00
-8.610520e+00 -2.704724e-01
-9.519614e+00 -5.037889e+00
9.223703e+00 -2.969633e+00
1.018556e+01 1.585228e+00
1.090399e+01 -2.153118e+00
9.843264e+00 -2.145057e+00
-1.081626e+01 -1.276584e+00
1.081840e+01 2.512081e+00
7.298753e+00 2.184005e+00
7.158388e+00 8.187782e+00
1.101270e+01 9.771246e+00
-6.120374e+00 9.838029e+00
-1.019143e+01 9.796159e+00
1.091959e+01 7.862081e+00
-7.235881e+00 -9.144417e+00
-6.642694e+00 -8.258381e+00
1.034416e+01 -8.315383e+00
-9.419176e+00 1.072106e+01
-8.287896e+00 -6.694502e+00
-9.457647e+00 4.688391e-01
-9.308743e+00 -1.083828e+00
-7.959541e+00 -2.704808e+00
4.092804e+00 -8.657360e-01
-1.007610e+01 1.251445e+00
1.048826e+01 -4.143002e+00
-1.061964e+01 4.177685e-01
1.097970e+01 -3.850826e-01
1.063691e+01 6.707810e+00
9.597879e+00 -4.531187e-01
-7.109219e+00 5.680821e+00
-9.676822e+00 6.491833e+00
-2.994968e+00 3.301889e+00
-6.297495e+00 6.448125e+00
-4.701017e+00 4.858322e+00
-4.959339e+00 -9.573543e+00
-2.965347e+00 -1.015463e+01
-7.695449e+00 -7.632187e+00
-8.587647e+00 -5.350893e+00
-9.888966e+00 -2.489710e+00
-8.433167e+00 -4.269725e+00
-6.575657e+00 -5.636227e+00
-7.165080e+00 -3.731481e+00
6.671195e+00 -6.711879e+00
-9.276496e+00 1.886398e+00
-7.650960e+00 1.783839e+00
1.071424e+01 3.584659e+00
5.823703e+00 4.228797e+00
9.030242e+00 4.605113e+00
-1.101076e+01 5.655183e+00
8.753980e+00 1.839048e+00
-6.458929e+00 1.878922e+00
-4.198496e+00 6.896210e+00
-7.332191e+00 8.489795e+00
-8.509670e+00 8.515196e+00
-4.424343e+00 7.881702e+00
-7.798559e+00 -1.102619e+01
-6.186179e+00 -9.461133e+00
-3.563123e+00 -7.919941e+00
-7.625405e+00 -5.707161e+00
-9.209948e+00 -6.212008e+00
-6.292762e+00 -4.355995e+00
-7.891350e+00 -1.339345e+00
1.094303e+01 -7.395329e+00
-5.933051e-01 -6.554102e+00
-7.395351e+00 -4.788691e+00
-3.660911e+00 2.991894e-01
-6.911765e+00 8.986066e-01
-7.131514e+00 2.737971e+00
-9.350787e+00 3.207866e+00
9.567976e+00 2.457352e+00
-1.114442e+01 4.616141e+00
-9.139013e+00 9.537464e+00
-2.433568e+00 6.582553e+00
-4.013137e+00 -1.004520e+01
-5.615423e+00 7.742546e+00
-3.854633e+00 -8.995336e+00
-6.581720e+00 1.085829e+01
-5.098129e+00 -2.420762e+00
-2.036227e+00 -4.332304e+00
-7.099180e+00 -2.260202e+00
3.222190e+00 -3.775557e+00
-8.900592e+00 -2.114697e+00
-6.022286e+00 -6.602781e+00
-6.150959e+00 -2.024295e+00
-7.608810e+00 5.540257e-02
-5.892771e+00 7.532063e-01
-8.519583e+00 6.209325e+00
-7.089538e+00 3.813945e+00
-8.836111e+00 5.173464e+00
1.047809e+01 5.319334e-01
-6.961942e+00 7.502653e+00
-7.807902e+00 -9.999112e+00
-1.115947e+01 1.389401e+00
-7.544622e+00 6.676558e+00
-2.443893e+00 4.125816e+00
-6.433346e+00 4.808590e+00
-1.904501e+00 -9.494661e+00
-7.157248e+00 -6.681392e+00
-3.462656e+00 -4.727087e+00
-5.250619e+00 -4.104870e+00
-4.042636e+00 -2.681725e+00
-5.753886e+00 -7.603276e+00
-8.390015e+00 9.532311e-01
-3.256391e+00 -1.866977e+00
-6.876114e+00 -6.941356e-01
-4.787756e+00 1.187223e+00
-5.434940e+00 2.024303e+00
-1.055988e+01 3.652115e+00
-3.719067e+00 1.423615e+00
-3.261944e+00 5.815331e+00
-5.644835e+00 3.981616e+00
-1.042858e+01 7.730916e+00
-4.959265e+00 3.124450e+00
-3.443896e+00 4.578655e+00
-6.128936e+00 8.660304e+00
-2.723575e+00 8.569604e+00
-5.507731e+00 -1.050563e+01
-5.617392e+00 -8.634592e+00
-2.807491e+00 -6.238843e+00
-4.633625e+00 -8.222986e+00
-4.118850e+00 -3.828477e+00
-5.544583e+00 -5.186064e+00
-1.157659e+00 -4.980589e+00
-2.365193e+00 -1.202128e+00
-2.158754e-01 -1.107316e+00
3.341144e-01 -3.579215e+00
-5.889974e+00 -2.894703e-01
-9.822063e-01 2.774780e+00
-3.993537e+00 3.593352e+00
-1.724884e+00 1.432240e+00
-4.287167e+00 -1.565620e+00
-9.245299e-01 7.332203e+00
-5.219019e+00 6.770323e+00
-1.530569e+00 3.793537e+00
-5.223849e+00 9.190804e+00
-5.572714e+00 1.067934e+01
-4.108532e+00 9.001125e+00
-3.870194e+00 -5.903894e+00
-4.469080e+00 -4.858806e+00
-5.900507e-01 -2.847738e+00
1.355141e+00 -6.535082e+00
-5.997412e+00 -3.075647e+00
-6.246067e-01 -3.906492e+00
1.263080e+00 -7.776064e+00
3.760693e-01 -7.107509e+00
-1.268593e+00 -5.592023e-01
-2.189342e+00 -2.286373e+00
-4.670533e+00 -5.713494e-01
-8.187298e+00 2.946928e+00
-7.714569e+00 4.674573e+00
-1.196069e+00 5.041838e+00
-2.796770e+00 -9.115651e+00
-1.840566e+00 7.984029e+00
-2.604718e+00 -1.934249e-01
-7.116857e-01 -1.043887e+01
-4.340676e+00 5.856536e+00
-1.016149e-01 -9.438049e+00
-2.005011e+00 -8.342146e+00
-4.710798e+00 -7.118524e+00
-3.064630e+00 -3.292561e+00
2.317436e+00 -7.608923e+00
-4.918621e+00 -6.149389e+00
1.005029e-01 -4.636642e+00
-5.461048e+00 -1.259092e+00
-1.188494e+00 -1.839188e+00
1.444561e-01 -2.084244e+00
-8.482939e+00 3.956397e+00
-3.515188e+00 -7.839085e-01
2.348507e+00 3.459801e+00
-9.828568e+00 5.423141e+00
-2.029838e+00 2.834714e+00
-1.596809e+00 9.317807e+00
-2.343530e+00 5.265804e+00
-6.747078e+00 -1.039272e+01
-4.014987e+00 -1.109335e+01
1.169134e+00 7.178543e+00
-9.312730e-01 8.471050e+00
-2.695304e+00 -7.266525e+00
1.780837e-02 1.077084e+01
2.215883e-01 -8.413113e+00
-1.835097e+00 -1.059812e+01
1.337739e+00 -8.849906e+00
3.395160e+00 -8.075901e+00
1.526213e+00 -2.584775e+00
6.211472e+00 -2.676055e-01
3.265783e-01 1.115671e+00
-2.035996e-01 5.701954e+00
-1.468863e+00 4.386013e-01
-4.027512e+00 2.533668e+00
-2.652770e+00 8.374469e-01
-1.278953e+00 6.275688e+00
-3.138229e+00 7.544918e+00
2.641274e+00 8.065517e+00
7.314479e-01 4.959006e+00
-4.567778e+00 1.008426e+01
4.328968e-01 -1.045927e+01
3.422308e+00 -9.409017e+00
-1.066052e+00 -8.847939e+00
1.293595e+00 -5.327353e+00
2.266664e-01 -5.759080e+00
2.277331e+00 -5.838035e+00
4.204036e-01 -2.105020e-01
4.948055e+00 -2.996281e+00
5.460105e+00 7.020082e-01
-6.153202e+00 3.072118e+00
-7.150403e-01 1.618431e+00
-3.445511e-01 4.531244e+00
1.605459e-01 3.577915e+00
1.014688e+00 6.021663e+00
2.820502e+00 5.627546e+00
1.762723e+00 5.138005e+00
-2.088022e+00 1.034302e+01
-5.700208e-01 9.901830e+00
9.506936e-02 6.843741e+00
2.845230e-02 7.911480e+00
1.512214e+00 8.174627e+00
4.998998e-01 9.847258e+00
-2.999375e+00 9.569669e+00
-1.671955e+00 -6.508993e+00
-2.580084e+00 -5.225365e+00
4.484048e+00 -7.074223e+00
2.868123e+00 -4.782172e+00
-4.077584e-01 3.552783e-01
-2.865015e+00 2.123140e+00
2.704580e+00 -4.645721e-01
4.566178e+00 2.358281e+00
1.882100e-01 2.279985e+00
8.366552e+00 5.792717e+00
2.041037e+00 6.548855e+00
1.161564e+00 2.853283e+00
2.789661e+00 9.178587e-01
1.316655e+00 9.259948e+00
4.880859e+00 7.761286e+00
1.867816e+00 1.017061e+01
4.133620e+00 6.433292e+00
2.397408e+00 -8.762094e+00
1.025697e+00 1.076015e+01
-2.673892e+00 1.117008e+01
4.594739e+00 1.114685e+01
5.444953e+00 -3.905570e+00
3.284553e+00 -6.974632e+00
4.061481e+00 -4.961662e+00
1.264011e+00 5.610577e-01
-1.818929e+00 -3.314967e+00
8.553613e-01 -1.398425e+00
2.289596e+00 2.361917e+00
6.603275e+00 -1.416003e+00
3.573832e+00 4.109238e+00
4.483387e+00 8.875581e+00
1.051951e+00 3.990829e+00
3.075316e+00 6.727024e+00
4.875559e+00 9.758823e+00
2.915606e+00 1.067657e+01
3.410884e+00 8.804445e+00
3.150027e+00 -1.071226e+01
9.462302e+00 -4.791570e+00
3.469947e+00 -5.979204e+00
-1.086531e+00 1.086524e+01
2.930992e-02 8.949405e+00
-7.161911e-01 -7.668577e+00
1.384027e+00 -9.898047e+00
6.095123e+00 -5.843016e+00
6.158858e+00 -4.651777e+00
4.585856e+00 -1.997770e+00
2.154258e+00 -1.535250e+00
4.364798e+00 1.271023e+00
3.822974e+00 5.244041e+00
6.056354e+00 2.683706e+00
2.629433e+00 4.616169e+00
3.687822e+00 3.022738e+00
4.261428e+00 -1.005945e+01
5.167765e+00 3.236737e+00
7.742338e+00 7.346568e+00
6.840244e+00 -1.083792e+01
3.724798e+00 1.000704e+01
8.451635e+00 -9.422102e+00
2.029228e+00 -1.110006e+01
5.017830e+00 -5.907412e+00
4.412705e+00 -8.967312e+00
8.968435e+00 -6.752067e+00
4.821485e+00 -7.996035e+00
5.589697e+00 -6.891114e+00
5.139267e+00 -4.927972e+00
2.142262e+00 -3.834114e+00
1.460449e+00 -4.247266e-01
5.373871e+00 1.765887e+00
6.545490e+00 7.769431e-01
6.593938e+00 9.269977e+00
6.605834e+00 7.020601e+00
8.689781e+00 6.818299e+00
7.910613e+00 8.878960e+00
7.534125e+00 9.921645e+00
9.680451e+00 7.011004e+00
2.508970e+00 9.234526e+00
2.475615e+00 -9.790839e+00
5.360089e+00 -9.573978e+00
7.434595e+00 -8.850635e+00
7.505833e+00 -9.941024e+00
9.580295e+00 -9.418595e+00
1.051073e+01 -5.261874e+00
9.138700e+00 -8.429629e+00
7.952930e+00 -6.084758e+00
5.954313e+00 -2.625958e+00
1.127164e+00 -4.330443e+00
7.857030e+00 4.843776e+00
5.982697e+00 5.993502e+00
6.961778e+00 3.164990e+00
1.442007e+00 1.653661e+00
4.836221e+00 4.647121e+00
5.528221e+00 9.030046e+00
4.874296e+00 5.620085e+00
1.015830e+01 -1.063725e+01
6.544338e+00 1.036433e+01
7.916496e+00 -7.066421e+00
1.061193e+01 -9.665225e+00
-1.026348e+01 -9.414359e+00
5.926354e+00 -8.024492e+00
6.325014e+00 -9.866496e+00
-8.982905e+00 -7.499620e+00
5.545048e+00 -1.573916e+00
1.000775e+01 -6.204760e+00
6.533796e+00 -3.642751e+00
3.219884e+00 -1.512299e+00
8.699579e+00 -3.996135e+00
3.732903e+00 2.754035e-01
3.758436e+00 -2.729704e+00
-1.047288e+01 2.394026e+00
3.514259e+00 1.923995e+00
8.560658e+00 7.934525e+00
9.067170e+00 8.909980e+00
5.472456e+00 1.061411e+01
9.729333e+00 8.041572e+00
5.424018e+00 -1.058679e+01
8.710321e+00 -1.057684e+01
8.087903e+00 -8.059465e+00
-1.084574e+01 -4.351361e+00
-1.110251e+01 -8.755331e+00
-1.000731e+01 -1.041850e+01
8.958615e+00 -5.730967e+00
7.757223e+00 -1.309212e+00
7.149768e+00 -5.262156e+00
4.279414e+00 -3.850261e+00
2.615432e+00 -2.624236e+00
7.419104e+00 -4.085278e+00
8.508324e+00 -2.118556e+00
4.972765e+00 -3.158443e-01
8.137380e+00 3.904714e+00
8.022414e+00 1.115218e+00
3.810599e+00 7.519471e+00
5.514070e+00 6.928531e+00
8.265078e+00 2.827665e+00
1.028451e+01 5.527912e+00
1.049655e+01 8.831770e+00
7.028856e+00 -7.839776e+00
-8.921672e+00 -1.071650e+01
7.844598e+00 1.100600e+01
9.473484e+00 1.076274e+01
-7.964701e+00 7.643887e+00
9.765833e+00 -7.226782e+00
-1.004240e+01 -3.964959e-01
-1.093669e+01 -3.095959e+00
8.172463e+00 -4.899247e+00
7.278796e+00 -2.380441e+00
9.071596e+00 8.061514e-01
8.558559e+00 -1.166528e-01
8.749062e+00 -1.088038e+00
-1.077300e+01 6.722140e+00
7.036868e+00 4.252299e+00
6.593692e+00 5.167838e+00
-1.071037e+01 8.731793e+00
1.015531e+01 4.518416e+00
-9.148858e+00 7.374775e+00
1.056092e+01 1.080612e+01
-7.892765e+00 9.456949e+00
