-1.078787e+01 -1.113824e+01
-1.036107e+01 6.315262e+00
-7.499961e+00 7.699127e+00
-4.842245e+00 -9.391940e+00
8.897190e+00 -7.732015e-01
-1.035435e+01 -4.823582e+00
7.760707e+00 -4.436652e-02
-9.098709e+00 2.628324e+00
6.658165e+00 -7.517703e+00
9.399162e+00 -1.825505e+00
4.243869e+00 6.424006e+00
9.901176e+00 -5.485406e-01
1.101400e+01 -7.520040e-01
8.860211e+00 2.342760e-01
-4.406853e+00 4.782929e+00
4.545730e+00 1.834349e+00
-6.188806e+00 3.429991e+00
-8.282324e+00 8.448856e+00
-1.061796e+01 1.002777e+01
-4.673347e+00 1.107381e+01
-8.062661e+00 -8.125664e+00
-7.324088e+00 -7.416980e+00
-1.057461e+01 -8.038633e+00
-9.026932e+00 -1.494482e+00
6.535432e+00 -4.613625e-01
-1.013204e+01 2.991261e+00
-7.498227e+00 -3.296638e+00
1.010803e+01 -4.904763e+00
6.250895e+00 -2.692481e+00
1.103336e+01 3.336129e+00
-8.409587e+00 7.221260e+00
4.917336e+00 -3.171534e+00
-7.158672e+00 4.079599e+00
8.451653e+00 1.973400e+00
2.068034e-02 5.574940e+00
7.862892e+00 7.772518e+00
-1.000746e+01 -8.902727e+00
-3.789407e+00 -9.496125e+00
-8.732527e+00 -1.040028e+01
1.104610e+01 6.709187e+00
-4.285637e+00 -6.263455e+00
-9.328105e+00 -4.806025e+00
-8.675134e+00 1.084767e+01
-6.543134e+00 8.270433e+00
1.055760e+01 -7.946799e+00
1.106717e+01 2.654886e-01
-1.007035e+01 1.901205e+00
-7.288481e+00 1.398060e+00
9.629227e+00 -2.812651e+00
-7.284168e+00 5.060878e+00
4.410954e+00 -9.710517e-01
-6.625526e+00 4.053299e-01
8.009289e+00 1.031491e+00
9.182445e+00 4.142830e+00
3.708971e+00 2.390998e+00
-5.218354e+00 2.826283e+00
1.070286e+01 7.681873e+00
-3.468330e+00 5.354717e+00
-6.200431e+00 4.634075e+00
-6.096785e+00 7.221158e+00
9.743085e+00 -8.621192e+00
5.242543e+00 1.052303e+01
-1.005887e+01 -6.985382e+00
-4.033283e+00 -8.432492e+00
-6.262838e+00 2.375230e+00
-8.087352e+00 -2.446985e+00
-8.352817e+00 -4.021803e+00
-7.822295e+00 -1.408660e+00
6.857416e+00 -6.167623e+00
-1.015968e+01 -7.502834e-01
-5.378227e+00 5.461578e+00
4.890639e+00 7.195333e-01
9.708535e-01 -3.080580e+00
4.486016e+00 5.336325e+00
-1.053320e+01 7.418121e+00
3.875477e+00 4.607049e+00
-5.302972e+00 5.507106e-01
-3.980778e+00 7.419011e+00
-7.375185e+00 9.090110e+00
-7.672845e+00 -1.101219e+01
1.304373e+00 -9.282347e+00
-5.149234e+00 -8.134416e+00
-1.083500e+00 9.320057e+00
-1.111624e+01 -8.992920e+00
-9.119322e+00 -8.276983e+00
7.627179e+00 -5.384822e+00
-6.249024e+00 -7.036160e+00
-4.207160e+00 3.442063e+00
-1.026972e+01 -5.980336e+00
4.870813e+00 -8.336441e+00
-8.935909e+00 -7.037152e+00
-3.365732e+00 1.679978e-01
-3.426876e+00 4.292634e+00
-1.057856e+00 6.177747e+00
6.456373e+00 2.656057e+00
1.892499e+00 5.322537e-02
9.419804e+00 1.483215e+00
-7.814690e+00 -5.345709e+00
-2.941737e+00 7.289605e+00
1.109704e+01 -5.379227e+00
-8.037382e+00 2.228571e+00
1.325780e+00 -8.224419e+00
-3.741026e+00 -1.056880e+01
-5.716594e+00 -4.736898e+00
-1.296391e+00 -8.275433e+00
-1.107885e+01 -6.652346e+00
-2.185166e+00 -5.717059e+00
6.873572e+00 5.815416e-01
-5.630633e+00 -1.090102e+01
-3.926124e+00 -1.791113e+00
-6.139801e+00 1.355062e+00
-4.347471e+00 -3.519616e-01
-1.195109e+00 1.306915e+00
-3.331024e+00 1.660427e+00
6.083385e+00 1.399637e+00
1.038696e+01 2.252338e+00
-6.362423e+00 5.857143e+00
-9.444339e+00 7.917018e+00
8.745992e+00 5.093972e+00
1.094091e+01 4.477355e+00
-3.349150e+00 6.360789e+00
-4.345182e+00 5.892041e+00
-3.269137e+00 -7.682235e+00
-6.260534e+00 -8.401443e+00
8.873288e-01 -4.115780e+00
-1.867632e+00 -1.064868e+01
-3.506641e+00 -5.344327e+00
-8.254404e-01 -6.347774e+00
-5.162887e+00 1.788711e+00
-5.319459e+00 4.106173e+00
1.463782e+00 -6.407222e+00
-1.346285e+00 -1.043009e+00
-8.309951e+00 3.433393e+00
-1.029643e+01 6.029455e-01
1.264283e-01 9.069384e+00
7.608945e+00 1.055972e+01
-1.167942e+00 5.019460e+00
7.458597e+00 5.843865e+00
1.166226e-01 6.802524e+00
2.019483e-01 7.954679e+00
-9.432237e+00 6.868182e+00
1.916803e+00 9.424606e+00
-3.705728e+00 1.062195e+01
-9.746397e+00 -1.109329e+01
-6.554503e+00 1.079370e+01
-4.871573e-01 -1.066866e+01
-6.253519e+00 -3.861202e+00
-2.980279e+00 -3.772840e+00
-4.630537e+00 -5.230555e+00
-5.716153e+00 -2.960158e+00
-4.896720e-01 -3.797231e-01
-1.490723e+00 -4.283435e+00
1.074992e+01 5.748333e+00
-2.012127e+00 -3.327051e+00
-2.249028e+00 5.102921e+00
2.721743e+00 4.542627e+00
-5.205305e+00 -6.844770e+00
-5.127452e+00 7.716720e+00
-2.156181e+00 6.123559e+00
-4.922401e+00 -1.294866e+00
-2.015934e+00 8.216677e+00
-5.132612e+00 6.629986e+00
3.190719e-01 -8.298248e+00
-6.754326e+00 -5.247739e+00
-7.443031e+00 -3.397265e-01
-5.729238e+00 -4.492550e-01
-2.205875e+00 9.272997e+00
-8.020476e+00 -6.391823e+00
-7.289151e+00 -4.331296e+00
-3.539275e+00 9.635957e+00
-1.074809e+00 -9.791569e+00
2.742694e+00 -6.104732e+00
1.867027e+00 -5.192494e+00
-2.172093e+00 1.839563e+00
-1.055033e+01 5.290888e+00
-4.271167e+00 2.346423e+00
3.040227e+00 6.706845e+00
-2.957848e+00 -8.723222e+00
4.868966e+00 9.373138e+00
-6.671329e+00 -2.527385e+00
-3.208044e+00 -6.518454e+00
-3.202867e+00 8.452232e+00
8.056415e-01 -5.243772e+00
-5.698181e+00 1.021942e+01
-6.581803e+00 -1.047608e+01
-2.018115e+00 -9.081467e+00
-9.888340e-01 -7.295210e+00
-4.304048e+00 -7.347269e+00
-2.257318e+00 -7.866330e+00
-8.221650e+00 4.542378e+00
-9.081607e+00 1.467807e+00
-3.851175e+00 -3.225650e+00
-7.152387e+00 2.990809e+00
-6.706401e+00 -1.414147e+00
2.649467e+00 2.539772e+00
9.773404e+00 5.115959e+00
-2.005034e+00 2.930489e+00
2.900824e+00 9.762034e+00
5.318610e+00 5.865485e+00
-1.086451e+01 -1.004453e+01
3.705167e+00 -6.651894e+00
3.467338e+00 -1.017918e+01
7.637585e+00 2.725541e+00
-6.963153e+00 -6.269318e+00
-9.171901e-01 8.233110e+00
8.572558e+00 9.837617e+00
-1.505787e-01 -9.177592e+00
3.329620e-01 -6.123066e+00
4.957918e+00 -6.437118e+00
-3.315614e+00 -9.341119e-01
4.184542e-01 2.688490e+00
-3.862890e-01 -3.760400e+00
2.138431e+00 7.774070e+00
-3.298362e+00 2.731466e+00
1.970349e+00 6.589353e+00
-8.425968e-01 2.565955e+00
5.817862e+00 8.062447e+00
-1.818551e+00 7.167120e+00
5.010115e+00 7.002514e+00
-2.336678e+00 7.273771e-01
2.400258e+00 -8.448986e+00
-9.577091e+00 1.002536e+01
7.330962e+00 -8.693375e+00
-3.400318e-01 1.049194e+01
4.989989e+00 -4.322888e+00
-2.241967e-01 -4.901896e+00
5.923755e+00 -6.643416e+00
-5.762061e+00 -1.928692e+00
7.414965e+00 -1.251965e+00
5.699645e+00 4.828755e+00
-4.280023e+00 8.674818e-01
-2.364527e+00 3.969687e+00
1.041512e+00 5.956219e+00
-4.247129e+00 8.582335e+00
-2.219709e-01 5.778709e-01
3.199888e+00 1.432178e+00
2.182262e+00 3.590150e+00
2.036448e+00 -7.462734e+00
4.245205e+00 -1.095921e+01
3.683403e-01 -1.005564e+01
9.886664e-01 8.581701e+00
2.557197e+00 -1.087893e+01
-2.626893e+00 1.028832e+01
3.372700e+00 1.080220e+01
6.163346e-01 1.113336e+01
-4.832180e+00 -2.403681e+00
8.075940e+00 -1.071022e+01
6.304579e+00 -9.320404e+00
-8.449199e+00 -5.330726e-01
-8.230655e+00 5.713208e-01
2.914996e+00 -3.747369e+00
-1.311300e+00 -2.453164e+00
3.763542e+00 8.773252e+00
1.582518e+00 2.518216e+00
3.388415e+00 7.783046e+00
-2.184641e+00 -3.438371e-01
3.718897e+00 -5.464639e+00
8.211675e+00 -9.306770e+00
8.579104e+00 3.271554e+00
5.168619e+00 -9.698755e+00
6.920225e+00 3.528586e+00
3.170449e+00 -7.668512e+00
-3.890975e+00 -4.294121e+00
-2.861244e+00 -1.101603e+01
7.902390e+00 4.186088e+00
5.432331e+00 -7.549869e+00
7.357370e+00 -2.322613e+00
5.928534e+00 -5.262196e+00
3.240375e+00 -2.396461e+00
-1.995008e+00 -6.840251e+00
-2.947088e+00 -2.701427e+00
-2.905569e-01 4.420800e+00
1.067292e+01 -2.329916e+00
4.719401e+00 3.697580e+00
4.271632e+00 1.023798e+01
5.761627e+00 3.818382e+00
7.194777e+00 6.911116e+00
2.435908e+00 -9.500427e+00
8.772439e+00 1.096534e+01
7.007291e+00 9.556589e+00
5.409173e+00 -1.083462e+01
2.096690e+00 1.447954e+00
4.319245e+00 -7.481281e+00
7.636376e-01 1.007188e+01
9.450683e+00 2.562652e+00
-2.668936e+00 -9.940015e+00
7.120638e-01 -7.103225e+00
3.440342e+00 -8.733272e+00
7.275344e+00 -3.396859e+00
3.807242e+00 -4.309519e+00
-2.245467e+00 -1.689843e+00
1.530268e+00 -9.409049e-01
1.901270e+00 1.042243e+01
3.171103e+00 5.515587e+00
2.650474e+00 8.692236e+00
-1.308358e+00 3.709797e+00
1.084547e+01 9.439675e+00
2.125884e+00 -2.744126e+00
1.968545e+00 5.385478e+00
1.010490e+01 3.591028e+00
6.678013e+00 -1.081181e+01
1.006600e+01 -9.748617e+00
2.829335e+00 -4.832632e+00
3.783180e+00 -3.286945e+00
3.333468e+00 -1.245779e+00
4.169836e+00 -1.942676e+00
7.247348e+00 -9.745366e+00
7.659460e+00 -7.521942e+00
-2.428144e-01 1.577084e+00
-5.483110e+00 -5.834114e+00
-4.946694e+00 -3.703814e+00
1.953328e+00 -4.059863e+00
-1.032892e+01 4.018683e+00
1.015151e+01 8.592218e+00
6.872308e+00 4.703913e+00
9.287762e+00 6.105348e+00
-8.576194e+00 9.422546e+00
9.636980e+00 9.864224e+00
8.342872e+00 6.852114e+00
6.418683e+00 1.050226e+01
9.697442e+00 -1.109854e+01
9.129421e+00 -1.023153e+01
-7.640139e+00 -9.833533e+00
1.056234e+01 1.071987e+01
1.033473e+01 -6.119277e+00
9.617474e+00 -4.022958e+00
-7.331974e+00 6.503378e+00
6.021640e+00 -8.396088e+00
1.114203e+00 3.690563e+00
-1.426942e+00 1.037480e+01
5.388012e+00 2.553670e+00
1.013985e+00 7.378328e+00
-2.232026e-01 3.433618e+00
7.859791e-01 4.772574e+00
5.822714e+00 2.828719e-01
4.136087e+00 -9.439534e+00
1.539356e+00 -1.073561e+01
-5.598783e+00 8.872267e+00
9.150968e+00 8.650157e+00
2.405195e+00 -1.675676e+00
-8.697571e+00 -9.302687e+00
-9.227989e+00 -5.927741e+00
8.304133e+00 -1.871571e+00
6.027220e+00 6.992030e+00
-8.969969e+00 -2.956325e+00
1.056812e+01 -3.422501e+00
8.848967e+00 -5.077909e+00
5.995024e+00 -3.840538e+00
-6.775350e-02 -2.454179e+00
8.190429e+00 -4.171630e+00
-1.371266e+00 2.783081e-01
6.898148e+00 -4.481311e+00
1.349221e+00 -1.997244e+00
-7.815457e-01 7.139603e+00
6.353436e+00 5.979077e+00
8.045271e+00 8.888987e+00
1.071183e+01 -1.057776e+01
3.636549e+00 3.413305e+00
-7.443646e+00 1.013802e+01
9.047424e+00 7.621573e+00
8.710848e+00 -7.160530e+00
7.956317e+00 -6.484439e+00
8.683828e+00 -8.338121e+00
-5.964858e+00 -9.408517e+00
-1.080716e+01 -3.084437e+00
3.801911e+00 3.829244e-01
-9.423855e+00 -8.622944e-03
-2.586900e+00 -4.781917e+00
-1.174497e+00 -5.293363e+00
8.754753e-01 4.860978e-01
2.901185e+00 -2.257036e-01
4.919270e+00 -5.328858e+00
7.160167e+00 1.738609e+00
9.431440e-01 1.729318e+00
1.002506e+01 6.330974e-01
5.895935e+00 9.261366e+00
5.342351e+00 -2.029747e+00
5.394402e+00 -6.485108e-01
-8.355791e+00 6.006022e+00
8.366587e+00 -2.999156e+00
-9.660984e+00 -9.976449e+00
6.733249e+00 8.451255e+00
9.804387e+00 -7.081458e+00
-4.679866e+00 9.828823e+00
9.321159e+00 -6.154272e+00
-1.066333e+01 -1.608154e+00
-9.307740e+00 3.664156e+00
1.100071e+01 -4.362676e+00
4.867119e-01 -7.719695e-01
-9.733847e+00 -3.711089e+00
6.226391e+00 -1.554444e+00
-9.976969e+00 -2.423516e+00
-1.110174e+01 1.340498e+00
4.500760e+00 7.872503e+00
-3.569922e-01 -1.478109e+00
-9.814802e+00 8.866215e+00
-9.477206e+00 5.187712e+00
-7.235023e+00 -8.892571e+00
1.005961e+01 6.878650e+00
-1.091524e+01 8.499959e+00
