-1.093723e+01 -9.852962e+00
-8.034305e+00 7.918713e+00
-6.453114e+00 1.047958e+01
-7.311109e+00 6.610751e-01
-9.340666e+00 2.231995e+00
1.074764e+01 -5.209304e+00
8.204384e+00 -3.476414e+00
-4.039067e+00 3.819713e+00
8.608628e+00 -4.570282e+00
7.034545e+00 -3.680517e+00
-6.223696e+00 9.338129e+00
-1.035180e+01 3.870221e+00
-1.097222e+01 -3.067878e-02
6.141890e+00 -2.356068e+00
-2.566853e+00 5.115147e+00
7.881087e+00 2.319387e+00
9.517282e+00 8.207813e-01
-7.800561e+00 -1.052185e+01
-6.159783e+00 -5.905352e+00
-5.149138e+00 -6.176798e+00
9.349994e+00 -8.756420e+00
9.616400e+00 -6.633618e+00
2.946487e+00 -7.612007e+00
2.936111e+00 -4.315573e+00
7.115942e+00 2.708708e-01
-8.913507e+00 6.739854e+00
-3.764308e+00 8.157918e-01
3.456540e+00 1.063139e+01
4.976147e+00 -2.201641e-02
-9.642935e+00 5.612556e+00
-5.339347e-01 5.964949e+00
4.006305e+00 -2.007190e+00
-9.367609e+00 3.310205e+00
-1.014117e+01 6.491755e+00
-1.662795e+00 6.073650e+00
-9.077853e+00 -1.070406e+01
1.045960e+01 -7.411357e+00
-6.707694e+00 -7.077241e+00
-1.064454e+01 -5.459709e+00
-3.415773e+00 7.243579e+00
-1.070896e+01 -6.627104e+00
8.701287e+00 -2.512180e+00
-7.618401e+00 -6.435997e+00
-8.337311e+00 9.235203e+00
-1.082957e+01 -7.750542e+00
-1.054262e+01 5.038741e+00
-8.950328e+00 -7.024645e-01
-1.037774e+01 -2.040554e+00
4.880725e+00 -4.419695e+00
-6.263626e+00 3.012227e+00
5.058411e+00 -2.277949e+00
-2.048394e+00 1.724529e+00
6.059866e+00 1.015260e-01
-8.552058e+00 5.703451e+00
7.827295e+00 -5.580766e-01
-5.938648e+00 1.891892e+00
1.162006e+00 4.253026e+00
-8.148947e+00 -1.446813e+00
-3.863726e+00 2.746197e+00
-2.641555e+00 8.062354e+00
8.833110e+00 8.440755e+00
9.642595e+00 9.073225e+00
-1.020967e+01 9.513162e+00
-5.759201e+00 -7.412074e+00
-8.465896e+00 2.805878e+00
7.367809e+00 -7.572649e+00
7.452489e+00 -6.442646e+00
-9.249515e+00 -1.726767e+00
9.452190e+00 -5.637937e+00
5.295030e+00 -5.470681e+00
1.063009e+00 5.844826e+00
5.849725e+00 -1.210843e+00
-7.848634e-01 3.609035e+00
1.836648e+00 5.130033e+00
-6.215813e+00 8.180953e+00
7.238053e+00 5.124330e+00
-8.358753e+00 -2.448347e+00
-6.613964e+00 6.400149e+00
6.452529e+00 -5.474579e+00
-8.785012e+00 -5.765134e+00
7.207235e+00 1.077101e+01
-9.619820e+00 -4.908311e+00
2.956213e+00 7.081891e+00
4.889652e+00 -8.882046e+00
8.817795e+00 -1.061306e+01
4.579534e+00 -1.052441e+00
-9.294197e+00 -3.011278e+00
3.591842e-01 4.928763e+00
3.944194e+00 -8.332156e+00
6.336597e-01 -5.434408e+00
1.093349e+01 -2.625212e+00
-8.573071e-01 -2.933096e-01
-3.332666e+00 -7.863276e-02
6.039038e+00 3.101586e+00
9.744789e+00 3.692912e+00
1.555248e+00 -3.046523e+00
8.797603e+00 2.849744e+00
-5.001472e+00 7.792924e-01
-4.681349e+00 4.733607e+00
8.429941e+00 -5.934759e+00
-9.956164e+00 2.934411e-01
5.500541e+00 9.463065e+00
-9.762131e+00 -6.032818e+00
1.059572e+01 -6.331288e+00
-4.308938e+00 -8.812348e+00
-1.053033e+01 -1.083794e+01
-2.424878e+00 -4.312176e+00
1.039933e+01 3.853346e-01
-6.224576e+00 4.192365e-01
-8.242353e+00 -4.823371e+00
1.029572e+01 -7.353958e-01
-3.843057e+00 -1.418128e+00
6.275759e-01 1.561930e-02
1.760426e+00 2.128974e+00
1.113981e+01 7.502916e+00
-9.982634e+00 1.061327e+01
-5.926583e+00 7.122633e+00
-5.272176e+00 -5.051605e+00
-8.995649e+00 4.528044e+00
-7.605012e+00 -8.888633e+00
1.013386e+00 7.618478e+00
-3.082865e+00 5.986998e+00
5.064456e-01 -1.053853e+01
-9.757644e+00 -7.086880e+00
2.123349e+00 -6.820307e+00
-1.030003e+01 -8.711825e-01
-7.250531e+00 -2.202327e+00
-5.520116e+00 1.105630e+01
-3.314406e+00 1.816744e+00
-7.465251e+00 2.718612e+00
3.232410e+00 -6.512773e+00
-4.650386e+00 -3.233955e+00
-8.123877e+00 1.678220e+00
-1.013263e+01 1.417894e+00
-3.243020e+00 -8.956399e+00
3.233914e+00 8.523508e+00
1.424672e+00 -2.050090e+00
3.344005e+00 4.075790e+00
-2.011252e-01 7.742088e+00
1.662819e+00 6.808685e+00
-5.643279e+00 4.220078e+00
-3.305874e+00 1.094396e+01
-7.482846e+00 -7.741384e+00
-8.377601e+00 -7.303433e+00
1.040608e+01 -3.662857e+00
-4.343634e+00 6.819648e+00
-5.017579e+00 -1.110388e+00
-3.400281e+00 -4.591124e+00
3.255091e-01 1.738837e+00
-6.940435e+00 -3.270442e+00
1.663434e+00 9.339227e-02
-5.065723e+00 3.187202e+00
-5.641113e+00 5.800408e+00
-4.404333e+00 -6.882437e+00
3.496385e+00 3.089732e+00
4.304249e+00 3.912068e+00
-7.069282e+00 -5.364617e+00
-7.314059e+00 9.668507e+00
7.418759e+00 3.355039e+00
-7.243336e-01 -2.795499e+00
-2.315144e+00 7.098626e+00
-4.542729e+00 5.814639e+00
2.726708e-02 -6.295273e+00
-7.035874e+00 -5.952711e-01
9.671900e+00 -1.524424e+00
-2.347711e-01 2.632067e+00
2.248357e+00 8.568145e-01
-1.090599e+01 -4.316687e+00
-2.948078e+00 3.998301e+00
-1.764834e+00 4.407824e+00
-3.631934e+00 9.091665e+00
3.579404e+00 -1.063833e+01
-2.904435e+00 -7.371780e+00
4.316549e+00 2.357130e+00
-1.026389e+01 2.624385e+00
-2.898465e+00 -1.028696e+00
3.691401e+00 5.232202e+00
-1.434636e+00 -1.079287e+01
7.876677e+00 -1.023679e+01
-1.826740e+00 -1.324080e+00
-3.561348e+00 -1.007396e+01
-7.289499e-01 4.744558e+00
-3.854895e+00 -2.448190e+00
-5.012050e+00 7.648418e+00
7.962397e+00 9.535535e+00
4.981850e+00 6.855981e+00
-2.808828e+00 -5.450941e+00
-6.160890e+00 -2.674966e+00
-1.132399e+00 -8.292085e+00
-6.937750e+00 1.688800e+00
7.305297e+00 -2.684261e+00
-3.505391e+00 -3.515709e+00
-1.733297e+00 3.151765e+00
-2.755277e+00 2.871394e+00
1.231292e+00 -8.650076e-01
-1.100554e+01 1.058035e+01
1.506849e-01 -2.161428e+00
2.066729e+00 9.163783e+00
2.417312e+00 6.010577e+00
6.866642e+00 -8.640404e+00
1.978964e+00 -8.017280e+00
6.055343e+00 1.046176e+01
1.029759e+01 6.740100e+00
9.955358e+00 -2.530350e+00
-4.083512e+00 8.163370e+00
8.925630e+00 1.759524e+00
8.984090e-01 -8.412493e+00
-3.600721e+00 -6.271521e+00
4.326272e+00 9.648913e+00
-9.617836e-02 -4.292526e+00
2.333705e+00 4.284502e+00
-4.333455e+00 -4.223404e+00
-2.308431e+00 -8.547538e+00
-2.731689e+00 8.743511e-01
1.820654e+00 -9.350463e+00
3.896340e+00 -1.245244e-01
7.714856e+00 4.287853e+00
2.113459e-01 3.729404e+00
2.153330e+00 1.025197e+01
4.275797e+00 1.207806e+00
2.353781e+00 -1.093949e+01
-8.639929e+00 -8.587108e+00
-2.252956e+00 1.074261e+01
-7.346110e+00 8.650189e+00
2.219430e+00 -1.375142e+00
-1.734084e+00 -2.388921e+00
1.244885e+00 -6.342739e+00
-2.796203e+00 -2.174536e+00
-8.438021e+00 1.802868e-01
1.989174e+00 3.209966e+00
5.531615e+00 2.155635e+00
9.463005e-01 2.949933e+00
-4.625424e+00 -1.089328e+01
-3.579866e+00 4.911822e+00
-1.690665e+00 7.573859e-01
1.032992e+01 1.376981e+00
1.106613e+01 3.241798e+00
5.800943e+00 -1.074843e+01
9.664452e-01 -3.993301e+00
-3.822528e+00 -7.883831e+00
-5.096541e+00 9.944334e+00
-1.975546e+00 -9.661351e+00
-5.035781e+00 8.706738e+00
1.078523e+01 8.552434e+00
-5.002833e+00 -2.244996e+00
-3.007785e-01 5.113508e-01
8.215336e+00 7.470122e+00
-4.065808e+00 1.007570e+01
-4.703126e+00 2.049637e+00
6.170021e+00 -7.790602e+00
-2.316313e+00 -6.363445e+00
-1.427495e+00 -3.573417e+00
6.822789e+00 9.738367e+00
3.224719e+00 1.150081e+00
-1.097027e+00 1.036315e+01
-9.680465e-01 1.623693e+00
9.830047e-01 -7.337414e+00
9.597584e+00 1.091011e+01
9.021495e+00 9.872500e+00
2.737490e+00 -9.923732e+00
9.370991e+00 -3.005636e-01
9.454804e+00 -7.662632e+00
-5.888828e+00 -5.287301e-01
-5.416353e+00 -8.982924e+00
-1.108277e+01 1.055229e+00
-4.683937e-01 -5.460394e+00
6.436568e+00 -6.483086e+00
4.220013e+00 -6.885941e+00
7.714593e+00 -1.612050e+00
-3.868455e-02 -8.826967e+00
-6.359133e+00 -1.580170e+00
6.454777e+00 4.280958e+00
5.917971e+00 -3.381262e+00
4.813724e+00 -3.268694e+00
5.141991e+00 5.807824e+00
6.150413e+00 5.335498e+00
3.962445e+00 7.585338e+00
3.039142e+00 9.630064e+00
7.489792e+00 8.274602e+00
6.940706e+00 6.176447e+00
6.312743e+00 8.645640e+00
2.890809e+00 -2.174003e+00
4.785350e+00 1.099906e+01
1.222687e+00 9.872105e+00
1.086100e+01 4.269641e+00
-4.597233e+00 -9.917165e+00
-1.045973e+00 -6.370156e+00
6.844383e+00 -1.056832e+01
3.795491e+00 -4.852789e+00
-1.611837e+00 -5.535245e+00
-1.396366e+00 -4.524432e+00
2.554734e-01 -3.191868e+00
5.975686e+00 6.607747e+00
4.858084e+00 4.834232e+00
-2.539596e+00 -1.052065e+01
-2.099127e+00 -1.848446e-01
-9.808818e+00 7.530712e+00
6.430732e+00 1.457206e+00
4.142911e-03 9.714838e+00
-8.007317e+00 4.835336e+00
-9.815898e+00 -9.706947e+00
9.925405e+00 -1.001502e+01
7.506998e+00 1.388180e+00
1.986453e+00 -4.013495e+00
2.643400e+00 -3.222409e+00
5.011026e+00 3.129589e+00
1.067957e+01 -8.736450e+00
2.873255e+00 -5.495482e+00
9.737783e+00 5.770150e+00
-4.526492e+00 -1.468974e-01
-7.405417e+00 -4.152630e+00
-9.663288e-01 -9.725744e+00
-7.949392e+00 1.057821e+01
-6.423484e+00 4.991964e+00
3.665646e+00 6.328532e+00
1.109108e+01 9.541749e+00
-5.850424e+00 -3.664011e+00
-6.816130e+00 -9.739618e+00
4.888211e+00 8.313348e+00
8.681201e+00 3.980539e+00
1.072549e+01 -1.094057e+01
-5.773350e+00 -9.885037e+00
-1.065133e+01 -8.896164e+00
1.025552e+01 1.014256e+01
8.312276e+00 -8.298259e+00
7.825662e+00 -9.212752e+00
-9.909143e-01 6.997970e+00
7.021551e+00 7.224556e+00
9.837798e+00 2.626543e+00
-1.627224e+00 7.845190e+00
7.938829e+00 6.497563e+00
-6.456755e+00 -8.290844e+00
-2.525207e+00 9.258552e+00
2.844626e+00 2.273970e+00
6.869180e+00 -8.528231e-01
3.876162e+00 -9.436135e+00
-1.695667e+00 -7.315652e+00
2.067469e+00 7.837559e+00
-6.999258e+00 7.466520e+00
1.494148e+00 -1.036386e+01
5.705415e+00 -9.662388e+00
-8.372221e+00 -3.777617e+00
3.763306e+00 -3.101166e+00
1.100522e+00 1.085605e+01
-9.652869e+00 -8.271650e+00
-1.039664e+01 -3.117809e+00
-1.043520e+01 8.547329e+00
4.191337e+00 -5.827216e+00
6.728305e-02 -9.402004e-01
1.113520e+01 -1.436742e+00
-7.434988e-01 -1.583566e+00
7.502226e+00 -5.132381e+00
-4.250296e+00 -5.422177e+00
-4.912839e-01 8.765466e+00
6.831767e+00 2.477094e+00
9.161492e+00 6.826552e+00
-6.335174e+00 -4.555960e+00
8.665214e+00 5.206623e+00
2.891352e-01 6.743272e+00
-9.287052e+00 8.627977e+00
8.199739e+00 1.056825e+01
8.649101e+00 -7.000400e+00
9.945353e+00 7.865896e+00
-8.475400e+00 -9.770223e+00
6.193868e+00 -4.324687e+00
-9.098930e+00 1.270302e+00
8.731157e+00 -1.075928e+00
-2.432049e+00 -3.157854e+00
4.614873e+00 -1.012928e+01
1.200006e+00 1.114047e+00
2.687009e+00 -1.504974e-01
5.314783e+00 -6.572923e+00
1.064563e+01 5.293782e+00
5.384283e+00 9.348248e-01
1.116555e+01 2.047515e+00
-1.682593e-01 1.084411e+01
3.394953e+00 -1.046699e+00
8.192609e+00 4.648549e-01
-7.318984e+00 5.686706e+00
2.751965e+00 -8.730457e+00
8.926679e+00 -9.636252e+00
-1.114307e+01 6.232134e+00
5.284511e-01 8.586994e+00
-1.510453e+00 9.289884e+00
5.761170e+00 7.717153e+00
9.639744e+00 4.772514e+00
-7.774851e+00 6.609384e+00
4.761057e+00 -7.751805e+00
-3.440165e-01 -7.490709e+00
9.722309e+00 -4.653236e+00
1.783262e+00 -5.216856e+00
9.288386e+00 -3.519963e+00
-8.020127e+00 3.770987e+00
5.472176e+00 4.005495e+00
7.064983e-01 -9.507899e+00
-4.935743e+00 -7.989174e+00
-7.012189e+00 3.749227e+00
-9.871906e+00 -3.955565e+00
-8.907772e+00 1.015610e+01
-6.698939e+00 -1.084098e+01
