8.566143e+00 -1.075825e+01
-9.839608e+00 7.779146e+00
-8.899727e+00 8.145219e+00
-5.028599e+00 1.786224e-03
-9.721171e+00 -4.162706e-01
-8.930139e+00 -8.146209e+00
5.320505e+00 -4.177352e+00
-1.882312e-01 5.166730e+00
6.024562e+00 -5.112051e+00
5.331835e+00 -3.051028e+00
-7.410925e+00 7.351212e+00
-1.052033e+01 4.463392e+00
-8.992544e+00 5.365444e-01
4.544735e+00 -6.547481e-01
-1.803254e+00 5.928944e+00
7.321922e+00 1.011630e+00
1.112518e+01 -2.097443e+00
-9.789012e+00 1.043067e+01
-5.575076e+00 -7.105928e+00
-7.210695e+00 -8.943838e+00
8.489100e+00 1.060355e+01
7.848426e+00 -4.083424e+00
2.606877e+00 -6.029756e+00
1.955703e+00 -2.153131e+00
6.685533e+00 -1.537831e+00
-1.027003e+01 6.749507e+00
-4.975307e+00 1.355916e+00
3.183921e+00 1.105471e+01
6.297224e+00 -9.224745e-02
-6.439371e+00 3.730863e+00
4.337559e-01 8.705789e+00
3.931493e+00 2.022688e+00
-8.450971e+00 4.000848e+00
-9.616121e+00 3.862602e+00
8.435013e-02 7.081301e+00
-9.441438e+00 -9.395109e+00
1.076106e+01 -6.799247e+00
-8.356073e+00 -8.971961e+00
1.060591e+01 -5.186095e+00
-5.310635e+00 3.624071e+00
-1.102244e+01 -7.814706e+00
5.301194e+00 -2.025759e+00
-9.230665e+00 9.514176e+00
-7.366606e+00 4.303776e+00
-1.091627e+01 -5.738076e+00
1.050329e+01 7.014007e+00
-8.062453e+00 -2.869927e+00
-1.063139e+01 -3.401044e+00
4.136379e+00 -4.404519e+00
-8.984271e+00 1.805311e+00
3.730562e+00 -8.733721e-02
-2.429857e+00 5.030330e+00
7.172281e+00 -6.017848e-01
-6.873230e+00 5.173435e+00
8.368491e+00 -3.011041e+00
-7.731267e+00 4.102558e-02
2.019654e+00 5.738279e+00
-7.685216e+00 -4.685495e+00
-5.999131e+00 1.642930e+00
-2.943638e+00 -1.066913e+01
7.328405e+00 1.021809e+01
9.665294e+00 1.075596e+01
1.068314e+01 -1.108819e+01
-5.485105e+00 -9.385082e+00
-8.946749e+00 3.031680e+00
8.092239e+00 -8.485725e+00
8.730459e+00 -6.081743e+00
-6.087341e+00 -3.225179e+00
1.077923e+01 -8.882469e+00
4.033017e+00 -5.845706e+00
-4.966793e-01 6.067421e+00
5.646659e+00 -9.376358e-01
1.037716e+00 7.835281e+00
1.908009e+00 4.579630e+00
-5.689672e+00 9.309475e+00
-1.019922e+01 5.607661e+00
-9.202782e+00 -2.979802e+00
-4.730606e+00 7.080755e+00
5.359463e+00 -6.240125e+00
-9.930173e+00 -7.701372e+00
5.349823e+00 1.014284e+01
-1.005090e+01 -5.206793e+00
2.705984e+00 6.566388e+00
2.232486e+00 -7.352950e+00
7.989184e+00 9.349556e+00
4.455708e+00 1.052221e+00
-1.051878e+01 -6.726867e+00
-2.868120e+00 5.999805e+00
2.959414e+00 -8.247446e+00
-6.024214e-01 -2.342334e+00
-8.974629e+00 -1.827007e+00
-9.460199e-01 1.172679e+00
-2.879426e+00 1.891691e+00
8.437595e+00 9.901499e-01
1.067179e+01 2.421503e+00
1.329398e+00 2.840088e-01
7.211267e+00 2.092465e+00
-3.923652e+00 2.015628e+00
-6.699700e+00 -8.233954e-02
-1.039237e+01 -8.655018e+00
-8.076716e+00 1.124756e+00
5.628255e+00 8.109858e+00
-9.068745e+00 -7.047494e+00
8.896346e+00 -4.197387e+00
-3.686535e+00 -7.997846e+00
-9.644551e+00 -1.086681e+01
-2.137407e+00 -5.103938e+00
-1.029148e+01 6.971294e-01
-5.906149e+00 -2.035831e+00
-6.615786e+00 -7.369875e+00
1.058935e+01 -1.248537e+00
-5.970207e+00 5.224258e-01
1.871401e+00 2.613290e+00
2.650975e+00 3.502265e+00
1.029482e+01 8.123955e+00
-1.090030e+01 7.785311e+00
-4.824879e+00 5.515795e+00
-5.261144e+00 -4.798457e+00
-7.386554e+00 3.191823e+00
-8.765345e+00 -1.021438e+01
1.624501e+00 8.720706e+00
-7.974790e-01 7.930408e+00
-9.454881e-01 1.105928e+01
-7.721425e+00 -1.004561e+01
2.391677e+00 -4.219121e+00
-1.077925e+01 -9.115562e-01
-6.274680e+00 -5.219916e+00
-7.460264e+00 8.338805e+00
-9.104321e-01 3.468768e+00
-7.019719e+00 9.288897e-01
4.454748e+00 -6.827553e+00
-4.112941e+00 -4.290468e+00
-1.004020e+01 2.129840e+00
-1.114874e+01 1.768259e-01
-2.911816e+00 -7.225879e+00
5.472397e+00 4.512616e+00
2.676324e+00 -1.126424e+00
5.716537e+00 3.052453e+00
2.362837e+00 9.420705e+00
2.011229e+00 7.401677e+00
-3.881985e+00 3.338088e+00
-2.928316e+00 -8.675316e+00
-1.110980e+01 8.829751e+00
-1.000265e+01 8.779341e+00
9.490516e+00 -3.243780e+00
-2.383352e+00 6.925891e+00
-3.951370e+00 -3.967056e-01
-5.496831e+00 -5.980889e+00
1.208090e+00 3.756213e+00
-9.767620e+00 -4.183177e+00
-7.263857e-01 -1.250654e-01
-6.903294e+00 2.092963e+00
-5.837509e+00 6.096504e+00
-3.597211e+00 -6.485152e+00
4.928141e+00 2.182179e+00
6.133702e+00 2.089564e+00
-6.218826e+00 -8.503299e+00
-4.483137e+00 -1.025948e+01
9.499446e+00 2.669918e+00
-1.728815e+00 -1.720579e+00
-1.214899e+00 7.017558e+00
-4.379099e+00 4.559692e+00
1.808819e+00 -5.096594e+00
-7.417267e+00 -3.754812e+00
7.335057e+00 -2.413532e+00
-1.980560e+00 4.024667e+00
-1.062101e+00 2.393938e+00
-1.093018e+01 -4.612900e+00
-1.100129e+00 4.534588e+00
-1.883264e+00 8.027989e+00
-6.990683e-01 8.993820e+00
3.641077e+00 -9.108915e+00
-2.119528e+00 -7.990057e+00
6.818822e+00 3.192443e+00
-1.096512e+01 1.484768e+00
-4.070081e+00 5.868746e-01
4.713987e+00 3.331476e+00
3.293252e-01 -1.029122e+01
5.959391e+00 9.093997e+00
-2.856869e+00 7.197560e-01
-4.205023e+00 1.110065e+01
-1.851919e+00 9.071700e+00
-2.882811e+00 -2.580203e+00
-4.075820e+00 7.986986e+00
6.431712e+00 1.069452e+01
1.107853e+01 5.918526e+00
-2.261499e+00 -4.051141e+00
-6.411551e+00 -4.259694e+00
-1.978667e+00 -9.129501e+00
-8.530299e+00 -8.027134e-01
4.264367e+00 -2.249208e+00
-4.992201e+00 -3.588677e+00
7.136388e-01 4.658972e+00
-4.945434e+00 2.459178e+00
-7.264403e-01 -1.291303e+00
-7.874850e+00 -7.806511e+00
-1.908727e+00 -6.080592e-01
4.838094e+00 9.271281e+00
1.210419e+00 6.678406e+00
6.978422e+00 -8.124211e+00
1.623596e+00 -6.282960e+00
5.417441e+00 -1.089939e+01
1.075799e+01 1.010449e+01
7.075052e+00 -5.283037e+00
-3.587231e+00 6.806720e+00
1.047964e+01 9.729959e-01
4.972753e-01 -6.346817e+00
-3.187363e+00 -4.727487e+00
2.781452e+00 8.204702e+00
1.198050e+00 -4.133783e+00
2.990441e+00 2.532988e+00
-4.197331e+00 -5.545393e+00
-1.818029e+00 -1.022578e+01
-2.851959e+00 3.456811e+00
1.052116e+00 -9.149524e+00
2.330100e+00 -1.286846e-01
8.638916e+00 4.536422e+00
-2.891964e+00 7.849446e+00
9.598089e-01 9.778753e+00
3.746171e+00 3.473998e+00
2.073902e+00 -9.079912e+00
-7.355992e+00 -5.636186e+00
-2.669266e+00 9.675793e+00
-6.416977e+00 8.541358e+00
5.880140e-02 5.885243e-01
-2.881656e+00 -3.629453e-01
-3.438157e-01 -5.110212e+00
-4.026395e+00 -2.813954e+00
-4.892240e+00 -2.145528e+00
3.414551e+00 5.662592e+00
7.764551e+00 -1.505264e+00
3.198728e+00 1.120721e+00
-4.052755e+00 9.857472e+00
-3.774763e+00 5.513471e+00
-1.910129e+00 1.608852e+00
9.646548e+00 1.598097e+00
9.464165e+00 3.737409e+00
4.825585e+00 -8.898996e+00
1.126065e-02 -4.114680e+00
-2.596405e+00 -6.060678e+00
-6.355932e+00 1.025294e+01
-5.218786e+00 -1.094643e+01
-5.035021e+00 1.038565e+01
9.127537e+00 9.779501e+00
-3.986606e+00 -1.650403e+00
5.793444e-02 3.853236e+00
6.684586e+00 6.687334e+00
-5.318256e+00 8.111474e+00
-3.261411e+00 4.326517e+00
8.252249e+00 -7.031241e+00
-1.786395e+00 -6.968113e+00
-3.015884e+00 -1.417969e+00
4.693123e+00 -9.917507e+00
3.116082e+00 4.620569e+00
-1.626467e-01 -9.260452e+00
8.821672e-01 5.655210e+00
-5.642620e-01 -7.626285e+00
9.568362e+00 -1.053338e+01
6.443100e+00 5.444028e+00
3.954580e+00 -7.861928e+00
1.074975e+01 -3.057641e+00
9.018344e+00 -8.099729e+00
-6.837778e+00 -1.264756e+00
-4.382851e+00 -9.210664e+00
8.363972e+00 2.042350e+00
-1.174061e+00 -4.521427e+00
7.611165e+00 -6.174601e+00
3.355287e+00 -6.714262e+00
6.468413e+00 -4.181082e+00
8.131742e-01 -7.361655e+00
-4.858497e+00 -9.715472e-01
5.233604e+00 2.003121e-01
1.638724e+00 -8.664870e-01
3.272624e+00 -3.514304e+00
5.675051e+00 7.050577e+00
1.076017e+01 4.773795e+00
6.667863e+00 4.256188e+00
4.278345e+00 -1.109816e+01
5.695744e+00 -9.686896e+00
7.658227e+00 6.115011e+00
6.716129e+00 7.878532e+00
2.298835e+00 1.610306e+00
3.610795e+00 -1.014745e+01
3.365945e+00 1.003375e+01
-1.052582e+01 3.197604e+00
-7.461703e+00 -1.112636e+01
-5.232868e-01 -6.554796e+00
6.513838e+00 -1.036521e+01
4.287595e+00 -3.378591e+00
-7.902097e-01 -3.439890e+00
-1.759882e+00 -2.956728e+00
3.724408e-01 -4.293661e-01
9.815548e+00 6.165769e+00
7.494490e+00 4.978880e+00
-3.299166e+00 -9.694576e+00
-1.932187e+00 2.936857e+00
9.923678e+00 9.160935e+00
9.436168e+00 -1.143316e+00
2.042720e+00 1.056286e+01
-5.777480e+00 4.703761e+00
-7.801193e+00 1.022470e+01
8.676435e+00 -9.318816e+00
1.010146e+01 -3.595961e-01
1.792476e+00 -3.223377e+00
3.314509e-01 -1.847202e+00
9.711683e+00 4.856995e+00
9.953620e+00 -6.006836e+00
3.009822e+00 -5.031505e+00
1.060058e+01 3.697531e+00
-5.902317e+00 -9.059744e-01
-8.524769e+00 -3.937223e+00
-1.149117e+00 -8.610528e+00
-7.168673e+00 6.316516e+00
-8.188869e+00 5.761719e+00
5.518417e+00 5.770487e+00
-1.041420e+01 -9.772740e+00
-6.573027e+00 -6.311595e+00
-8.200321e+00 8.979349e+00
4.583183e+00 7.703244e+00
5.986694e+00 8.880897e-01
-1.069778e+01 1.096078e+01
-6.267744e+00 -1.106860e+01
9.780154e+00 -8.795746e+00
1.062841e+01 -1.002894e+01
9.389350e+00 -7.091998e+00
7.710720e+00 -9.871435e+00
-3.228767e+00 1.070426e+01
8.811053e+00 5.671226e+00
9.319326e+00 3.595943e-01
-1.948970e+00 1.105717e+01
7.012151e+00 8.896662e+00
-4.521677e+00 -7.030957e+00
-3.476398e+00 8.912435e+00
4.489894e+00 4.855656e+00
8.700645e+00 -2.050140e+00
5.030314e+00 -7.696592e+00
-7.480496e-01 -1.013153e+01
4.430549e+00 6.518129e+00
-4.627590e+00 9.045350e+00
1.444148e+00 -1.096653e+01
6.855351e+00 -9.227431e+00
-8.920209e+00 -5.008861e+00
3.778103e+00 -1.317274e+00
2.494606e+00 -1.042479e+01
-8.544177e+00 1.112254e+01
-9.571088e+00 -6.103321e+00
-1.052123e+01 9.703443e+00
3.125170e+00 -2.355966e+00
-1.633167e+00 4.351152e-01
-1.022931e+01 -1.951458e+00
7.642886e-01 -2.782302e+00
8.255034e+00 -5.147318e+00
-5.003570e+00 -8.120695e+00
-4.148554e-01 9.948787e+00
8.502163e+00 -8.067309e-01
7.679454e+00 7.242548e+00
-8.509486e+00 -6.104038e+00
8.371072e+00 3.186639e+00
3.566544e+00 7.312732e+00
-8.441345e+00 7.019523e+00
7.364997e+00 -1.093548e+01
1.022083e+01 -7.856971e+00
7.831703e+00 8.256280e+00
-7.594195e+00 -6.722753e+00
4.860127e+00 -5.215454e+00
-7.105942e+00 -2.395407e+00
7.101413e+00 -3.357087e+00
-3.287328e+00 -3.541024e+00
7.083206e+00 -7.043242e+00
1.715556e-01 2.774484e+00
-7.307403e-02 1.720746e+00
6.328783e+00 -6.190133e+00
8.972512e+00 8.789114e+00
7.917591e+00 7.812477e-02
-7.978022e+00 -1.795250e+00
1.186463e-01 1.077378e+01
1.125934e+00 1.831809e+00
1.003123e+01 -2.215534e+00
-9.039426e+00 5.195130e+00
1.488746e+00 -8.088322e+00
5.859890e+00 -8.469706e+00
8.596260e+00 6.664210e+00
4.392518e+00 1.029346e+01
-1.615639e+00 1.008355e+01
3.562290e+00 8.986438e+00
9.058916e+00 7.591794e+00
-6.218698e+00 7.286745e+00
6.080386e+00 -7.197418e+00
-1.205997e+00 -5.661566e+00
9.493711e+00 -5.053052e+00
7.328064e-01 -5.167224e+00
6.295247e+00 -2.596026e+00
-8.107924e+00 2.453248e+00
7.672341e+00 3.873190e+00
2.988804e-01 -8.328556e+00
-6.676700e+00 -1.004332e+01
-5.981954e+00 2.792565e+00
1.019612e+01 -4.069140e+00
-9.229129e+00 6.289751e+00
-7.071707e+00 9.492495e+00
