-9.572766e+00 -8.570765e+00
-9.936727e+00 8.308080e+00
-1.047917e+01 -8.148549e+00
-8.022689e+00 -6.126250e+00
-1.048894e+01 -7.134085e+00
-1.001768e+01 -3.741695e+00
8.858313e+00 -3.819215e+00
9.679443e+00 -3.016552e+00
7.623117e+00 -5.939079e-01
8.981245e+00 -9.692579e-01
9.227246e+00 4.891061e+00
1.033346e+01 5.259308e+00
9.169625e+00 3.574699e+00
6.450658e+00 5.845506e+00
1.055539e+01 8.610165e+00
9.161126e+00 7.068133e+00
-9.165998e+00 2.292466e+00
-1.060372e+01 6.678889e+00
1.051183e+01 -1.036760e+01
-9.486416e+00 -9.761963e+00
-8.600134e+00 -7.926638e+00
-8.496398e+00 -9.980743e+00
-9.835560e+00 1.076858e+01
-9.625756e+00 -6.434254e+00
-8.950174e+00 -5.519707e+00
1.062893e+01 -2.542481e+00
9.773897e+00 -4.431671e+00
1.065008e+01 -3.897539e+00
8.495261e+00 -2.830957e+00
9.921846e+00 2.911087e+00
1.026891e+01 -1.312648e+00
9.573665e+00 -4.474231e-02
1.007987e+01 8.803859e-01
1.001126e+01 1.884999e+00
1.100537e+01 3.523833e+00
9.318082e+00 6.019631e+00
-1.078410e+01 8.779907e+00
-7.631882e+00 6.276330e+00
1.107376e+01 9.789637e+00
9.168025e+00 8.172253e+00
-9.097280e+00 -1.089941e+01
-7.009702e+00 -5.658474e+00
-8.651326e+00 -6.871097e+00
-7.325464e+00 -9.253643e+00
-8.035556e+00 -5.015099e+00
-1.088071e+01 -3.211015e+00
-9.905754e+00 -2.649094e+00
-9.603966e+00 -1.405257e+00
6.252047e+00 -2.355892e+00
-1.070964e+01 -1.867876e+00
9.281621e+00 -1.988797e+00
-1.073342e+01 -5.425832e-01
1.070820e+01 -4.918728e-02
-1.114806e+01 5.755077e+00
-1.044555e+01 1.595863e+00
-6.939400e+00 3.752656e+00
-9.857228e+00 5.133421e+00
-8.791669e+00 3.373561e+00
-8.603769e+00 6.936914e+00
-9.001192e+00 8.880203e+00
-8.459921e+00 -8.990843e+00
-7.254636e+00 1.054734e+01
-6.647739e+00 -6.827477e+00
-7.513659e+00 -7.758508e+00
-1.040026e+01 -5.166840e+00
-9.088921e+00 -4.393242e+00
-7.058290e+00 -3.589402e+00
-8.757320e+00 -2.073818e+00
8.751116e+00 -4.940587e+00
-8.692019e+00 -9.194007e-01
-9.638935e+00 -3.443728e-01
-1.116921e+01 8.520162e-01
-1.115607e+01 2.565578e+00
1.013601e+01 4.129508e+00
1.007786e+01 7.699383e+00
-7.695490e+00 3.105227e+00
-1.020897e+01 3.066494e+00
-6.304102e+00 6.649048e+00
-8.176004e+00 7.992726e+00
1.114183e+01 7.612517e+00
-6.374018e+00 7.827110e+00
-8.143520e+00 1.096671e+01
-7.439400e+00 -1.043975e+01
-5.447018e+00 -8.524258e+00
-7.006283e+00 -4.589340e+00
-5.627356e+00 -6.322864e+00
-6.047787e+00 -5.209254e+00
-7.995182e+00 -4.003959e+00
-8.997266e+00 -3.357598e+00
-1.531309e+00 -3.409355e+00
-7.585374e+00 -1.868428e+00
-7.522375e+00 -7.855858e-01
-6.697647e+00 -2.438121e+00
-1.015668e+01 5.819512e-01
-7.750257e+00 5.856114e-01
-7.914110e+00 1.965557e+00
-6.163735e+00 3.002543e+00
-7.965949e+00 9.575195e+00
-5.236236e+00 5.108619e+00
-7.237327e+00 7.265116e+00
-5.866050e+00 9.103711e+00
-6.717337e+00 9.680298e+00
-6.448993e+00 -1.110205e+01
-6.397916e+00 -1.009750e+01
-3.142755e+00 -7.921787e+00
-4.933848e+00 -5.382117e+00
7.032003e-01 -2.625470e+00
-7.858885e+00 -2.831643e+00
-5.870175e+00 -4.207401e+00
-4.635462e+00 -3.838864e+00
-5.705001e+00 -1.943823e+00
-6.619468e+00 -1.288944e+00
-5.591538e+00 -8.992518e-01
-8.748354e+00 2.141114e-01
-5.885509e+00 1.598836e+00
-8.939744e+00 1.278429e+00
-7.620531e+00 5.258211e+00
-7.237923e+00 8.665856e+00
-4.921149e+00 3.999399e+00
-6.608930e+00 5.609038e+00
-8.023562e+00 4.161904e+00
-4.106136e+00 4.812201e+00
-5.796635e+00 1.035813e+01
-5.320784e+00 -7.497765e+00
-4.536972e+00 -6.476495e+00
-3.404364e+00 -6.813822e+00
-3.837623e+00 -4.674840e+00
-4.280863e+00 -7.574322e+00
-5.776098e+00 -3.180171e+00
-2.339015e+00 -1.772549e+00
-4.850498e+00 -2.549675e+00
-6.653989e+00 -4.135369e-02
-6.781839e+00 1.021367e+00
-5.660967e+00 1.709931e-01
-4.865597e+00 1.221296e+00
-6.840882e+00 2.132142e+00
-8.604881e+00 5.535058e+00
-5.142198e+00 2.348404e+00
-2.161707e+00 4.903024e+00
-6.183933e+00 4.576652e+00
-5.139261e+00 8.373488e+00
-2.444344e+00 7.149052e+00
-5.301781e+00 -1.091556e+01
-6.627576e+00 -8.373552e+00
-7.478396e-01 -5.021023e+00
-4.396019e+00 -8.716237e+00
-2.822336e+00 -4.996598e+00
-3.552389e+00 -3.634090e+00
-1.822364e+00 -4.535023e+00
-3.693455e+00 -2.594435e+00
4.117898e-01 4.318229e-01
-2.379261e+00 -7.674991e-01
-4.526429e+00 -2.889458e-01
-2.882386e+00 1.507903e+00
-3.140788e+00 5.399476e+00
-3.920992e+00 2.176408e+00
-2.479198e+00 3.544473e-01
-1.394261e+00 6.623773e+00
-4.290099e+00 7.376727e+00
-4.270839e+00 5.843823e+00
-5.035538e+00 6.491991e+00
-3.927569e+00 1.009469e+01
-4.155128e+00 8.787164e+00
-4.502523e+00 -1.019049e+01
-3.409391e+00 -9.129230e+00
-2.547012e+00 -6.027794e+00
1.933903e+00 -2.319620e+00
-3.668068e+00 -5.739648e+00
3.810744e-02 -1.649422e+00
3.690490e-01 -3.874403e+00
-1.089215e+00 -2.178840e+00
-1.224981e+00 -1.165695e+00
-3.833743e+00 9.420355e-01
-3.481600e+00 -4.039134e-01
-1.751609e+00 1.186837e+00
-3.050652e+00 4.097605e+00
-2.929693e+00 2.878399e+00
-1.765919e+00 9.792840e+00
-3.364951e+00 6.409572e+00
-3.953052e+00 3.365384e+00
-3.095042e+00 9.250848e+00
-5.451793e+00 7.370297e+00
-2.935940e+00 1.037302e+01
-3.476479e+00 -1.018528e+01
-5.422461e+00 -9.672458e+00
-1.807887e+00 -8.155961e+00
-7.163454e-01 -3.981975e+00
-2.155879e+00 -7.077885e+00
-3.026077e-01 -3.032887e+00
-1.325649e+00 -5.834932e+00
-2.607683e+00 -2.881948e+00
-5.830386e-01 8.494876e-01
-1.206425e+00 -1.054066e-01
-4.479437e+00 -1.519739e+00
8.942521e-01 5.046948e+00
-2.084508e+00 3.813823e+00
-2.389149e+00 6.124586e+00
-7.522828e-01 9.147497e+00
-3.362254e+00 7.890066e+00
-4.877834e+00 9.769169e+00
-1.210480e-01 -1.107809e+01
8.442229e-01 8.203791e+00
-2.481350e+00 -1.037975e+01
-2.428594e+00 -9.244298e+00
9.615144e-01 -1.019761e+01
-1.174360e+00 -7.252268e+00
5.786473e-01 -9.115107e+00
6.687272e-01 -6.151120e+00
1.254746e+00 -7.128216e+00
8.109712e-01 -4.784581e-01
1.353286e+00 2.186053e+00
-7.694492e-01 1.826893e+00
-1.399649e-01 3.852255e+00
-3.471233e+00 -1.566900e+00
-1.190478e+00 3.052061e+00
-1.194247e+00 5.330431e+00
-3.487208e-01 6.831559e+00
6.147134e-01 7.029774e+00
2.791422e+00 7.788700e+00
2.909791e-01 5.999771e+00
2.949141e-01 9.096136e+00
-3.840249e+00 1.112278e+01
-1.322425e-01 -1.011151e+01
-7.995622e-01 -8.500254e+00
4.529480e-01 -5.096765e+00
-3.782851e-01 -6.054255e+00
1.560491e+00 -5.403682e+00
1.428897e+00 1.130762e+00
1.593129e+00 -4.130811e+00
3.391069e+00 1.463987e+00
-2.035738e+00 2.248614e+00
4.337794e-01 1.566215e+00
1.630978e-01 2.699330e+00
-1.073552e+00 4.139109e+00
-1.459793e+00 7.720615e+00
1.773056e+00 4.295083e+00
-1.506999e-01 5.000005e+00
1.844458e+00 8.638617e+00
1.950844e+00 6.380801e+00
1.868688e+00 5.346006e+00
1.701133e+00 7.513472e+00
-4.429587e-01 8.076653e+00
-1.004250e+00 1.056700e+01
-2.191721e+00 8.657781e+00
-1.099092e+00 -9.422651e+00
5.727086e-01 -7.913163e+00
6.551364e-03 -6.991170e+00
2.687949e+00 -4.660282e+00
1.105049e+00 -1.538324e+00
-2.769191e-01 -5.686300e-01
2.322635e+00 1.888351e+00
4.417736e+00 2.256490e+00
2.185412e+00 3.215488e+00
3.243016e+00 2.651790e+00
3.056982e+00 5.591979e+00
3.783941e+00 6.247491e+00
4.624355e+00 8.289109e+00
5.065537e+00 9.238892e+00
4.819720e+00 1.029315e+01
3.831122e+00 9.676553e+00
2.694720e+00 9.300058e+00
2.606607e+00 -8.768105e+00
2.261668e+00 1.025816e+01
-1.974282e+00 1.090251e+01
1.010220e-01 1.015710e+01
5.548857e+00 -3.566530e+00
2.121397e+00 -6.540829e+00
3.397734e+00 -3.736481e+00
2.720992e+00 7.087863e-01
2.383855e+00 -2.824625e-01
3.456444e+00 -1.352906e+00
5.099189e+00 3.169856e+00
5.408947e+00 1.922822e+00
4.090460e+00 3.325287e+00
5.781804e+00 8.245941e+00
8.662617e-01 3.822404e+00
2.948379e+00 6.755779e+00
3.618219e+00 -9.249647e+00
3.583615e+00 8.627782e+00
3.657876e+00 1.092428e+01
2.732352e+00 -1.098977e+01
8.679158e+00 -8.683705e+00
2.738759e+00 -7.660053e+00
-1.224914e+00 -1.060249e+01
8.589182e-01 1.081186e+01
1.722220e+00 -8.049150e+00
1.583200e+00 -9.108932e+00
3.747785e+00 -4.917301e+00
4.610775e+00 -4.152936e+00
2.230390e+00 -3.305030e+00
3.495145e+00 -2.787770e-01
4.631036e+00 1.152907e+00
4.722474e+00 5.308134e+00
5.115460e+00 6.333567e+00
5.023541e+00 7.365971e+00
3.823181e+00 4.711141e+00
4.641610e+00 -9.837819e+00
3.904819e+00 7.378242e+00
8.320038e+00 1.115521e+01
5.252401e+00 -1.102270e+01
3.797002e+00 -1.046031e+01
5.314608e+00 -7.946502e+00
1.690948e+00 -1.101646e+01
2.856679e+00 -5.737968e+00
3.281273e+00 -6.674505e+00
6.300711e+00 -7.388483e+00
4.413067e+00 -5.971844e+00
6.646216e+00 -6.147165e+00
5.559568e+00 -5.929934e+00
2.401903e+00 -1.303519e+00
4.923385e+00 1.327671e-01
5.895415e+00 7.394675e-01
7.093237e+00 5.084358e+00
6.957439e+00 1.028991e+01
6.743041e+00 8.550786e+00
6.284721e+00 9.536557e+00
7.432574e+00 9.388083e+00
5.945103e+00 1.055121e+01
8.155796e+00 1.007631e+01
1.198876e+00 9.821168e+00
2.582914e+00 -9.897924e+00
3.715688e+00 -8.168282e+00
6.708053e+00 -8.340175e+00
6.735470e+00 -9.694362e+00
9.813285e+00 -7.437032e+00
9.183943e+00 -6.272415e+00
7.302035e+00 -5.015544e+00
7.877020e+00 -6.104855e+00
5.292503e+00 -4.920527e+00
4.515922e+00 -8.324580e-01
6.559005e+00 2.484259e+00
4.731385e+00 4.150589e+00
6.964624e+00 -1.409465e+00
3.068344e+00 3.969568e+00
7.277115e+00 3.803072e+00
9.184081e+00 1.035818e+01
8.114611e+00 6.950836e+00
-1.097610e+01 1.084474e+01
7.612355e+00 -1.029851e+01
5.856003e+00 -8.962879e+00
7.759982e+00 -8.027143e+00
1.077152e+01 -9.077577e+00
4.374920e+00 -7.352041e+00
7.302528e+00 -6.982133e+00
1.028080e+01 -6.494241e+00
7.465630e+00 -2.391710e+00
8.468939e+00 -6.982756e+00
6.324358e+00 -4.533388e+00
2.929157e+00 -2.420120e+00
5.323647e+00 -6.887091e+00
7.641609e+00 1.001495e+00
5.929067e+00 -3.776402e-01
6.812573e+00 1.511606e+00
5.874091e+00 3.850125e+00
5.990890e+00 4.840581e+00
7.786866e+00 8.199722e+00
6.407957e+00 -1.090256e+01
9.910458e+00 9.476970e+00
1.010989e+01 1.092885e+01
7.620632e+00 -9.110058e+00
4.701035e+00 -8.822718e+00
-9.536626e+00 -7.450895e+00
9.946745e+00 -8.512294e+00
-1.043908e+01 -9.345028e+00
9.763154e+00 -5.485350e+00
5.186692e+00 -2.640671e+00
7.836545e+00 -4.203522e+00
3.949779e+00 -2.726089e+00
4.406583e+00 -1.826749e+00
8.131259e+00 -1.606767e+00
6.970078e+00 2.246581e-01
7.942682e+00 2.017436e+00
8.279901e+00 3.153753e+00
8.247847e+00 4.407465e+00
7.032050e+00 7.472466e+00
6.113039e+00 7.056279e+00
-1.103470e+01 4.704566e+00
8.829278e+00 9.303000e+00
9.449469e+00 -1.065076e+01
5.628677e+00 -1.003607e+01
-1.018501e+01 9.671145e+00
8.538682e+00 -9.886260e+00
9.590705e+00 -9.619628e+00
-9.132348e+00 9.959537e+00
1.080999e+01 -7.678052e+00
-1.108642e+01 -6.139295e+00
1.078776e+01 -5.156942e+00
6.847308e+00 -3.332705e+00
5.605917e+00 -1.468419e+00
8.814364e+00 1.258422e+00
8.951257e+00 2.404142e+00
8.495300e+00 1.727999e-01
1.042004e+01 6.615715e+00
8.356051e+00 5.572705e+00
7.285651e+00 6.350757e+00
-9.059923e+00 4.436090e+00
-1.021111e+01 4.144156e+00
-9.595030e+00 6.292809e+00
-1.074743e+01 -1.046634e+01
-9.720343e+00 7.355461e+00
