-8.370004e+00 -7.892753e+00
-1.013004e+01 9.866053e+00
-9.427301e+00 -8.954984e+00
-9.869909e+00 -7.787995e+00
-1.050734e+01 -3.647923e+00
-9.239137e+00 -4.776848e+00
8.686846e+00 -4.434286e+00
8.526747e+00 -3.020340e+00
7.429731e+00 -2.781295e+00
8.433908e+00 -1.890231e+00
7.338269e+00 4.513897e+00
9.461638e+00 5.436707e+00
9.963964e+00 2.295278e+00
5.586608e+00 6.852768e+00
1.060375e+01 8.412645e+00
8.690987e+00 4.697995e+00
-1.027180e+01 3.615220e+00
-1.073496e+01 8.969424e+00
9.959147e+00 1.032879e+01
-8.462919e+00 -1.014581e+01
-9.102585e+00 -7.069229e+00
-6.303082e+00 -1.021589e+01
-8.514758e+00 1.117282e+01
1.109634e+01 -4.490710e+00
-1.090481e+01 -7.836128e+00
-1.058685e+01 -1.185187e+00
9.493401e+00 -3.611946e+00
-1.039882e+01 -2.278520e+00
6.461068e+00 -3.806483e+00
1.014314e+01 3.374947e+00
1.060399e+01 -1.168873e+00
9.592392e+00 -1.508420e+00
9.718287e+00 -2.522687e-01
1.099957e+01 1.747790e+00
1.110884e+01 3.965753e+00
7.361277e+00 6.789772e+00
-1.113618e+01 1.048808e+01
-6.584649e+00 7.866817e+00
-9.507885e+00 1.087194e+01
1.063172e+01 9.495380e+00
-7.294340e+00 -1.090106e+01
-6.914349e+00 -5.443173e+00
1.108165e+01 -6.576851e+00
-7.952832e+00 -8.922593e+00
-1.027028e+01 -4.970138e+00
-9.309789e+00 -2.429601e+00
-8.225698e+00 -2.628152e+00
-9.327399e+00 -1.328365e+00
6.385802e+00 -1.322422e-02
-9.873513e+00 -3.696224e-01
7.757178e+00 -3.895256e+00
1.030374e+01 7.604826e-01
1.115124e+01 -1.846415e-01
9.696317e+00 6.803296e+00
-1.077298e+01 8.356031e-01
-6.419337e+00 5.004032e+00
-8.950046e+00 5.524136e+00
-6.297007e+00 3.758099e+00
-8.090808e+00 6.375167e+00
-8.489114e+00 8.386999e+00
-6.872526e+00 -8.501418e+00
-4.234217e+00 -1.034755e+01
-8.232921e+00 -4.916824e+00
-9.198148e+00 -5.980031e+00
1.081984e+01 -2.117289e+00
-1.028964e+01 -6.074465e+00
-7.202024e+00 -4.375653e+00
-7.227544e+00 -3.002591e+00
7.118044e+00 -6.369960e+00
-7.419752e+00 -1.840039e+00
-8.386103e+00 -1.465348e+00
-1.035306e+01 2.473523e+00
1.100167e+01 2.849027e+00
9.922852e+00 4.482821e+00
1.058020e+01 6.154237e+00
-9.799169e+00 4.569224e+00
-9.686335e+00 7.012681e-01
-5.898806e+00 7.088165e+00
-6.918780e+00 8.840066e+00
-1.079422e+01 7.693709e+00
-5.820176e+00 9.063780e+00
-6.327237e+00 1.104191e+01
-5.630675e+00 1.021579e+01
-7.399108e+00 -9.775676e+00
-6.186350e+00 -4.689699e+00
-8.141851e+00 -5.957474e+00
-5.233791e+00 -4.696082e+00
-9.427268e+00 -3.702469e+00
-1.113873e+01 -5.541811e+00
-1.065891e+00 -4.647692e+00
-6.323796e+00 -3.613941e+00
-6.878800e+00 4.307067e-01
-5.153769e+00 -2.535381e+00
-7.768527e+00 -5.855208e-01
-8.703947e+00 1.188029e+00
-8.904552e+00 4.038197e+00
-7.343687e+00 4.221158e+00
-7.773506e+00 9.348538e+00
-4.639328e+00 6.015369e+00
-5.542145e+00 8.031384e+00
-4.226855e+00 9.857672e+00
-4.051927e+00 1.086321e+01
-5.282229e+00 -1.007956e+01
-4.978563e+00 -8.073959e+00
-4.852998e+00 -6.019301e+00
-4.078753e+00 -2.879662e+00
8.603843e-01 -3.672127e+00
-8.094548e+00 -3.826991e+00
-4.270108e+00 -4.058328e+00
-2.774993e+00 -3.450069e+00
-3.964870e+00 -4.018223e-01
-5.452004e+00 -1.489441e+00
-6.989643e+00 1.422479e+00
-7.888078e+00 4.411882e-01
-8.010705e+00 2.002718e+00
-8.852620e+00 -2.525200e-01
-7.632090e+00 7.830645e+00
-6.590726e+00 9.926520e+00
-7.305888e+00 3.213853e+00
-7.026752e+00 6.575520e+00
-5.381133e+00 5.277197e+00
-5.387556e+00 2.060419e+00
-3.128593e+00 -1.075549e+01
-6.474488e+00 -6.897371e+00
-3.985245e+00 -5.517038e+00
-3.325560e+00 -6.349530e+00
-2.208983e+00 -4.480237e+00
-5.935153e+00 -5.841561e+00
-5.194287e+00 -3.692270e+00
-1.381059e-01 -1.643213e+00
-4.397343e+00 -1.577508e+00
-6.260656e+00 -2.487597e+00
-9.253149e+00 2.151830e+00
-8.348561e+00 3.104628e+00
-5.937864e+00 9.009654e-01
-7.380846e+00 5.632243e+00
-9.528822e+00 7.961405e+00
-6.429673e+00 2.318171e+00
-3.407753e+00 4.477674e+00
-6.154306e+00 6.045859e+00
-3.234093e+00 1.029592e+01
-2.414322e+00 6.337505e+00
-4.709592e+00 -9.053939e+00
-7.780005e+00 -7.037796e+00
-2.228156e+00 -6.525095e+00
-5.948963e+00 -7.761948e+00
-1.548239e+00 -5.607171e+00
-3.046078e+00 -2.479736e+00
-1.641605e+00 -3.521059e+00
-2.312441e+00 -1.566925e+00
2.565993e-01 4.130819e-01
-2.027957e+00 -2.519164e+00
-5.847126e+00 -1.276272e-01
-3.849261e+00 6.229115e-01
-5.284370e+00 4.191508e+00
-2.916702e+00 -4.460829e-01
-1.193317e+00 -1.668374e+00
-1.245654e+00 5.023328e+00
-3.934817e+00 8.205912e+00
-4.349852e+00 4.895648e+00
-3.236328e+00 6.964273e+00
-4.794694e+00 8.860281e+00
-3.274946e+00 9.259503e+00
-5.293207e+00 -7.005730e+00
-3.948356e+00 -8.182540e+00
-2.873218e+00 -5.323317e+00
1.296565e+00 -2.685701e+00
-3.279369e+00 -4.393365e+00
1.254389e+00 -1.670986e+00
5.713780e-02 -4.657346e+00
-3.554385e-01 -3.585701e+00
-8.839145e-01 -5.279982e-01
-2.101468e+00 2.188607e-01
-2.827124e+00 1.004219e+00
-3.487121e+00 1.866871e+00
-4.333870e+00 3.706221e+00
-3.770195e+00 2.853043e+00
-1.155822e+00 1.102651e+01
-1.244335e+00 6.161195e+00
-4.779327e+00 2.227386e-01
-2.194231e+00 1.026949e+01
-4.393169e+00 7.084936e+00
-3.425625e+00 -9.395037e+00
-2.260380e+00 -9.542228e+00
-5.783058e+00 -9.146297e+00
-1.750992e+00 -7.410746e+00
-5.287037e-01 -5.598452e+00
-4.186272e+00 -6.950411e+00
1.264727e-01 -2.628677e+00
-2.920660e+00 -7.374447e+00
-9.212154e-01 -2.658158e+00
2.669219e-01 1.495836e+00
-2.458209e+00 2.215112e+00
-6.601127e+00 -8.476723e-01
1.977566e+00 3.334073e+00
-5.043147e+00 3.011806e+00
-3.196172e+00 5.736546e+00
-2.691827e+00 8.055516e+00
-2.293326e+00 5.222887e+00
-5.306201e+00 -1.117643e+01
4.022308e-01 -1.112697e+01
-1.445758e+00 8.198028e+00
-1.194447e+00 -9.620556e+00
-2.550001e+00 -8.480725e+00
1.737769e+00 -1.035624e+01
1.310587e-01 -6.637361e+00
5.940576e-01 -9.898983e+00
1.974133e+00 -5.551038e+00
1.491025e+00 -7.389646e+00
1.791166e-01 -7.338192e-01
3.075304e+00 2.387827e+00
-1.380089e+00 2.932740e+00
-1.362886e+00 3.934730e+00
-3.377772e+00 -1.345934e+00
-2.710540e+00 3.220290e+00
-2.402879e+00 4.154345e+00
-3.956100e-01 5.552497e+00
-1.917525e+00 7.232267e+00
1.167940e+00 7.970966e+00
5.914273e-01 4.960796e+00
-1.130250e+00 1.001348e+01
-1.951993e+00 -1.054835e+01
4.308847e-01 -7.749458e+00
-1.503815e+00 -8.561274e+00
7.580311e-01 -5.462433e+00
-9.466749e-01 -6.790406e+00
3.054233e+00 -5.603835e+00
1.494674e+00 9.562993e-01
1.268427e+00 -4.609909e+00
3.980783e+00 1.889010e+00
-4.574194e+00 1.354702e+00
7.349034e-01 2.495577e+00
-4.645932e-01 2.272449e+00
-4.027893e-01 4.479818e+00
-6.564449e-01 7.155585e+00
1.571807e+00 4.496081e+00
5.706402e-01 3.798366e+00
5.518176e-01 8.920938e+00
-1.945028e-01 8.171429e+00
1.477007e+00 6.946887e+00
4.329456e-01 7.289469e+00
3.635291e-01 6.249000e+00
1.596585e+00 8.974883e+00
-2.170302e+00 9.061925e+00
-7.945047e-02 -8.900404e+00
-6.047407e-01 -7.941682e+00
1.320103e+00 -6.348273e+00
2.429132e+00 -4.578634e+00
-7.913412e-01 1.097287e+00
-1.811952e+00 1.383372e+00
4.179035e+00 2.950381e+00
4.737004e+00 8.887875e-01
1.962307e+00 2.100266e+00
6.126310e+00 2.564328e+00
1.376325e+00 5.816501e+00
3.414150e+00 5.658698e+00
4.400080e+00 7.408733e+00
4.069320e+00 8.841479e+00
4.310832e+00 9.836720e+00
3.341665e+00 1.056464e+01
3.426597e+00 7.947101e+00
2.149925e+00 -8.897695e+00
2.213346e+00 9.991678e+00
-2.589111e-01 1.048108e+01
9.114186e-01 1.017952e+01
5.447429e+00 -3.663799e+00
2.339717e+00 -6.596063e+00
2.895917e+00 -3.708777e+00
3.082294e+00 -6.307733e-01
1.234813e+00 -7.973492e-02
2.662796e+00 1.240218e+00
4.289986e+00 4.032701e+00
7.265335e+00 5.452313e-01
2.413058e+00 5.013930e+00
5.100759e+00 9.090154e+00
-4.283427e-01 3.368208e+00
2.607078e+00 7.350046e+00
4.808678e+00 -9.072270e+00
3.043150e+00 9.383098e+00
4.269399e+00 -1.063059e+01
2.685980e+00 -1.107791e+01
9.260123e+00 -8.406447e+00
2.496407e+00 -7.770115e+00
-5.241197e-01 -1.057883e+01
-7.527669e-01 9.041649e+00
1.021411e+00 -8.686686e+00
2.634892e+00 -9.944482e+00
3.516501e+00 -4.511913e+00
4.612519e+00 -4.358645e+00
1.889308e+00 -3.551324e+00
2.309230e+00 8.875282e-02
3.676240e+00 8.237700e-01
4.249620e+00 5.058036e+00
5.656786e+00 5.544425e+00
2.444279e+00 6.190460e+00
3.367124e+00 4.623805e+00
5.307578e+00 -1.037989e+01
3.590069e+00 6.805730e+00
8.562657e+00 8.438483e+00
6.320241e+00 -9.898257e+00
4.731912e+00 1.083998e+01
7.399492e+00 -9.179194e+00
1.505750e+00 1.106160e+01
3.378308e+00 -7.014565e+00
3.331253e+00 -8.641679e+00
7.706724e+00 -7.243014e+00
4.235293e+00 -7.593696e+00
4.958614e+00 -6.657849e+00
3.965975e+00 -6.019208e+00
2.131658e+00 -9.892810e-01
4.162964e+00 -3.114468e-01
6.044816e+00 9.195064e-01
7.831947e+00 2.291964e+00
6.279063e+00 8.757472e+00
6.575498e+00 7.466069e+00
7.344900e+00 8.282630e+00
8.157359e+00 7.394255e+00
5.931155e+00 9.979511e+00
9.420718e+00 7.824186e+00
2.545114e+00 8.454054e+00
3.622637e+00 -9.672412e+00
5.393828e+00 -7.677558e+00
8.402508e+00 -1.100752e+01
7.116286e+00 -1.065246e+01
1.046618e+01 -8.561698e+00
9.209054e+00 -5.333304e+00
8.221683e+00 -8.368108e+00
8.406366e+00 -6.387426e+00
4.931052e+00 -2.658747e+00
3.048790e+00 -1.647457e+00
6.161831e+00 3.656262e+00
5.467072e+00 1.834671e+00
7.273739e+00 -1.659069e+00
2.998270e+00 3.590373e+00
7.141807e+00 3.104407e+00
6.932004e+00 9.532381e+00
6.726972e+00 5.919421e+00
1.066968e+01 -1.098576e+01
6.718823e+00 1.074656e+01
8.036795e+00 -1.007528e+01
8.957586e+00 -9.527026e+00
1.105381e+01 -9.815714e+00
6.341778e+00 -7.186734e+00
8.688739e+00 -7.470396e+00
1.020393e+01 -5.891608e+00
6.263273e+00 -1.068857e+00
9.455481e+00 -6.647085e+00
6.401418e+00 -5.629643e+00
3.335539e+00 -2.696423e+00
5.825088e+00 -4.715912e+00
7.232424e+00 -6.482993e-01
5.230956e+00 -5.467029e-01
8.900108e+00 2.519243e+00
5.212241e+00 3.032407e+00
6.403177e+00 4.791071e+00
8.740727e+00 6.194504e+00
5.747621e+00 1.100608e+01
9.582070e+00 9.086386e+00
8.086625e+00 9.417966e+00
8.885979e+00 1.010985e+01
7.126499e+00 -8.098919e+00
1.010668e+01 -4.842199e+00
-1.043532e+01 -9.132513e+00
-9.618567e+00 -9.956945e+00
8.063320e+00 -5.204018e+00
4.121090e+00 -1.856447e+00
5.109924e+00 -5.518807e+00
4.050591e+00 -3.438317e+00
2.224863e+00 -2.313225e+00
6.343496e+00 -2.259661e+00
8.642670e+00 -8.415982e-01
6.733583e+00 1.612638e+00
9.124380e+00 3.557250e+00
8.071959e+00 3.708141e+00
5.463480e+00 8.053259e+00
4.709696e+00 6.019118e+00
1.102831e+01 5.166561e+00
1.052450e+01 7.390074e+00
9.477631e+00 -1.088742e+01
6.061181e+00 -8.662353e+00
-8.727710e+00 9.982290e+00
7.792096e+00 1.050640e+01
9.959747e+00 -9.963711e+00
-7.706399e+00 1.037407e+01
1.005989e+01 -7.571560e+00
1.067899e+01 -3.378943e+00
9.723320e+00 -2.558768e+00
7.074058e+00 -4.702577e+00
5.248369e+00 -1.622851e+00
9.086308e+00 1.509009e+00
8.113279e+00 1.244050e+00
8.361098e+00 2.600544e-01
-1.019748e+01 5.574880e+00
7.829525e+00 5.685506e+00
5.217834e+00 4.294959e+00
-9.610343e+00 6.700445e+00
-8.130925e+00 4.822689e+00
-1.074068e+01 6.477213e+00
-1.066411e+01 -1.072719e+01
-9.383097e+00 8.989638e+00
