-9.137768e+00 1.043625e+01
-1.075625e+01 5.253449e+00
-7.841159e+00 6.455805e+00
-6.371646e+00 -8.533657e+00
8.119657e+00 -2.110901e+00
-9.522196e+00 -4.024330e+00
1.093695e+01 -1.695901e+00
-8.700804e+00 7.978007e-01
5.632737e+00 -5.225213e+00
-1.034908e+01 -1.098725e+00
5.276548e+00 5.485223e+00
1.062306e+01 6.168116e-01
1.117582e+01 -5.166410e-01
9.140420e+00 6.471466e-01
-3.646662e+00 5.757150e+00
6.992299e+00 -2.395050e-01
-7.719793e+00 2.474505e+00
-4.992327e+00 7.054323e+00
-9.644292e+00 9.363842e+00
-6.050752e+00 9.567961e+00
-8.498387e+00 -7.562599e+00
-8.580664e+00 -6.193233e+00
1.056103e+01 -8.198961e+00
-7.903270e+00 -2.258120e+00
9.771865e+00 -1.322068e+00
-9.891869e+00 1.030259e+00
-7.548632e+00 -3.215562e+00
8.698052e+00 -4.424531e+00
2.502979e+00 -1.420834e+00
9.907180e+00 1.459077e+00
-6.914092e+00 6.181888e+00
6.750485e+00 -2.239176e+00
-9.406257e+00 3.914809e+00
7.989446e+00 -9.008735e-02
-2.087138e-02 4.627139e+00
8.415042e+00 6.183244e+00
-9.851164e+00 -9.419217e+00
-5.768016e+00 -9.669799e+00
-8.364292e+00 1.116726e+01
1.044002e+01 5.440348e+00
-3.592539e+00 -8.136785e+00
-9.036840e+00 -5.051609e+00
-8.592562e+00 7.107340e+00
-6.118894e+00 7.358957e+00
-1.067242e+01 -8.773907e+00
-9.354986e+00 -2.497807e+00
-9.858984e+00 -2.312214e-02
-8.868057e+00 -5.055049e-01
9.159133e+00 -2.548995e+00
-6.980522e+00 3.228217e+00
6.576685e+00 -1.165571e+00
-5.941878e+00 1.479750e+00
9.967174e+00 -2.037356e-01
6.839834e+00 2.816777e+00
3.469762e+00 4.042161e+00
-6.060842e+00 2.973835e+00
-9.629117e+00 7.271814e+00
-4.730780e+00 5.929073e+00
-6.126418e+00 4.183986e+00
-3.918670e+00 6.828740e+00
9.698965e+00 -9.296399e+00
4.497199e+00 -9.265524e+00
1.064096e+01 -7.091371e+00
-5.411028e+00 -7.719469e+00
-7.056470e+00 1.689952e+00
-8.328134e+00 -4.167795e+00
-6.564374e+00 -3.488897e+00
-6.534834e+00 -2.248210e+00
4.759836e+00 -4.691776e+00
-8.523756e+00 -3.150632e+00
-5.290413e+00 4.930741e+00
5.838956e+00 -2.661631e-01
4.652401e-01 -3.385831e+00
4.424730e+00 4.470421e+00
-1.074010e+01 7.691012e+00
2.347376e+00 7.101423e+00
-4.914446e+00 1.509791e+00
-2.325532e+00 7.569795e+00
-6.508892e+00 8.286427e+00
-7.375613e+00 1.095704e+01
1.199320e+00 -8.370300e+00
-8.194787e+00 -8.522139e+00
-1.934432e+00 9.490100e+00
-1.059020e+01 -1.015434e+01
-9.513149e+00 -7.098536e+00
7.754862e+00 -5.242597e+00
-6.612029e+00 -7.329798e+00
-5.980979e+00 5.632784e+00
-1.042637e+01 -5.124743e+00
7.409403e+00 -1.069141e+01
-1.049397e+01 -7.668401e+00
-3.842220e+00 1.432199e+00
-2.466703e+00 5.391217e+00
-8.501488e-01 6.442711e+00
6.577525e+00 3.893626e+00
3.166987e+00 8.638491e-01
6.390903e+00 1.846440e+00
-9.625396e+00 -6.019023e+00
-1.423361e+00 8.206473e+00
9.848741e+00 -6.290429e+00
-8.539017e+00 1.863605e+00
-2.772264e-01 -8.574454e+00
-5.496681e+00 -1.075420e+01
-4.352070e+00 -3.824880e+00
-2.607467e+00 -9.579195e+00
1.092689e+01 -5.412755e+00
-2.018622e+00 -7.350206e+00
9.034016e+00 -5.759881e-01
-6.780330e+00 -1.031550e+01
-3.150974e+00 -1.247457e+00
-6.147384e+00 -4.437069e-01
-5.438306e+00 5.731622e-01
-2.593405e+00 2.903756e+00
-4.061584e+00 3.566860e+00
5.659939e+00 2.529300e+00
1.002213e+01 3.423471e+00
-6.997124e+00 5.150484e+00
-9.254691e+00 5.778201e+00
9.037843e+00 3.777888e+00
-1.055735e+01 4.086668e+00
-1.845493e+00 6.173713e+00
-3.388841e+00 7.893643e+00
-3.800374e+00 -9.381884e+00
-7.258899e+00 -8.010102e+00
-1.260445e+00 -4.320760e+00
-3.252154e+00 1.084018e+01
-3.298847e+00 -7.044154e+00
-1.403433e+00 -6.427973e+00
-4.270770e+00 4.629675e-01
-5.103161e+00 3.857582e+00
-3.170164e-01 -6.621805e+00
-9.282003e-01 -1.224704e+00
-8.577745e+00 3.131827e+00
-9.369366e+00 -1.390791e+00
8.918978e-01 8.849517e+00
6.587734e+00 9.579235e+00
-1.359629e+00 5.224724e+00
9.340909e+00 5.554282e+00
1.634568e-01 6.428946e+00
5.568187e-01 7.721955e+00
-7.248582e+00 4.189301e+00
1.408559e+00 9.944434e+00
-4.049871e+00 9.973650e+00
-8.531055e+00 9.655719e+00
-7.950865e+00 -1.014395e+01
1.135799e-01 1.064243e+01
-5.359109e+00 -4.082650e+00
-3.662992e+00 -4.975418e+00
-4.347233e+00 -7.323532e+00
-5.681358e+00 -2.964705e+00
-6.080306e-01 -2.331355e-01
-1.799451e+00 -3.377691e+00
9.648136e+00 4.585434e+00
-5.999672e-01 -3.252656e+00
-2.071060e+00 4.321084e+00
2.226284e+00 5.955490e+00
-5.239604e+00 -6.634028e+00
-3.869804e+00 8.907565e+00
-2.853132e+00 6.649364e+00
-3.920576e+00 -4.994063e-01
-9.805844e-01 9.293659e+00
-4.597771e+00 8.038306e+00
-1.661929e-01 -9.598667e+00
-5.808997e+00 -5.782799e+00
-7.169829e+00 -1.480096e+00
-5.153915e+00 -4.602775e-01
-2.918928e+00 9.754068e+00
-7.279239e+00 -4.260576e+00
-6.104770e+00 -4.798094e+00
-1.645010e+00 -1.085905e+01
8.802757e-01 -9.550908e+00
1.716459e+00 -7.333654e+00
8.516228e-01 -6.483390e+00
-1.500193e+00 3.134338e+00
1.048815e+01 2.338667e+00
-4.125603e+00 4.571141e+00
1.933839e+00 8.861798e+00
-4.759201e+00 -9.901302e+00
4.860795e+00 8.403254e+00
-5.792502e+00 -1.389526e+00
-2.622329e+00 -8.451923e+00
-5.046447e+00 9.951966e+00
-6.411175e-01 -5.583037e+00
-6.279614e+00 1.056515e+01
-7.352997e+00 -9.175947e+00
-1.454568e+00 -9.878917e+00
-9.429962e-01 -7.716655e+00
-4.743603e+00 -8.865192e+00
-2.802441e+00 -1.054339e+01
-1.010285e+01 3.219352e+00
-7.699441e+00 8.902489e-01
-4.649601e+00 -2.535619e+00
-9.614556e+00 2.107630e+00
-6.597685e+00 6.147717e-01
3.158599e+00 5.500718e+00
1.077621e+01 4.246071e+00
-1.838022e+00 2.130679e+00
5.324036e+00 -9.853683e+00
4.707761e+00 6.557472e+00
1.077721e+01 -1.052849e+01
3.748894e+00 -6.515067e+00
3.525107e+00 -7.572965e+00
6.021726e+00 6.464197e+00
-7.133790e+00 -5.876742e+00
2.152405e-01 9.576950e+00
9.887908e+00 8.514220e+00
2.074920e+00 -9.189627e+00
7.368202e-01 -5.473278e+00
2.936665e+00 -5.586031e+00
-3.231036e+00 2.502991e-01
2.220517e+00 2.982633e+00
-2.048768e+00 -1.451266e+00
2.522431e+00 1.056221e+01
-3.752168e+00 2.452390e+00
1.627379e+00 7.785563e+00
-5.480649e-01 2.605884e+00
5.502671e+00 9.318995e+00
-2.229490e-01 8.607944e+00
7.353710e+00 8.342916e+00
-3.036737e+00 4.007736e+00
1.887008e-01 -7.667948e+00
-1.018348e+01 6.303087e+00
7.388751e+00 -9.676616e+00
-1.024742e+00 1.071198e+01
2.439990e+00 -2.505323e+00
-1.682509e+00 -5.296328e+00
4.280642e+00 -5.640286e+00
-4.334411e+00 -1.550055e+00
5.465672e+00 -2.717042e+00
4.289947e+00 5.499213e+00
-4.906333e+00 2.555035e+00
1.063204e-01 3.546100e+00
8.587517e-01 5.669950e+00
-2.568301e+00 8.553435e+00
-1.538958e-01 1.627913e+00
4.211593e+00 2.410992e+00
3.239453e+00 2.997782e+00
2.707939e+00 -6.944448e+00
6.608771e+00 -8.993401e+00
1.995320e+00 -1.030558e+01
4.529770e+00 -1.109082e+01
3.502210e+00 -8.620150e+00
-5.868490e-01 -1.051592e+01
4.057127e+00 -1.015880e+01
4.935539e-01 -1.061815e+01
-2.484110e+00 -2.554918e+00
7.729210e+00 9.378507e+00
7.700502e+00 -8.613620e+00
-7.326783e+00 -2.420296e-01
-8.184895e+00 -1.312989e+00
1.085512e+00 -4.309475e+00
-2.327333e+00 -3.613213e-01
3.878188e+00 8.627425e+00
4.012939e+00 1.375718e+00
2.980478e+00 9.166230e+00
-2.905218e+00 1.865392e+00
1.890903e+00 -6.277348e+00
8.722655e+00 -1.082183e+01
7.479791e+00 5.027378e+00
7.583189e+00 1.066782e+01
5.426838e+00 4.497915e+00
4.913336e+00 -6.517235e+00
-3.971047e+00 -6.085158e+00
-4.599831e+00 1.101457e+01
6.612193e+00 7.436252e+00
5.932105e+00 -6.229429e+00
6.576830e+00 -4.509851e+00
3.668664e+00 -4.493630e+00
1.827520e+00 -3.510689e+00
-1.365457e+00 -8.861313e+00
-3.143888e+00 -3.689084e+00
2.223999e+00 4.944174e+00
7.522657e+00 -3.030891e+00
3.401881e+00 6.657444e+00
4.293148e+00 9.574515e+00
4.694803e+00 3.388808e+00
7.287551e+00 6.078912e+00
4.484213e+00 -7.870356e+00
8.647968e+00 9.015654e+00
8.472185e+00 7.850466e+00
5.453576e+00 -8.738922e+00
5.117135e+00 6.659537e-01
5.536910e+00 -7.579318e+00
1.322423e+00 1.104861e+01
6.317173e+00 5.342897e+00
-3.941770e+00 -1.054141e+01
2.415305e+00 -8.168635e+00
6.548617e+00 -7.904369e+00
4.568481e+00 -1.872919e+00
2.429500e+00 -4.328404e+00
-2.291723e+00 8.328795e-01
1.016539e+00 -3.437535e-01
3.371787e+00 -1.091841e+01
2.730868e+00 8.082254e+00
3.598693e+00 1.023114e+01
-1.072807e+00 4.135837e+00
1.087371e+01 1.077693e+01
1.228307e+00 -2.570748e+00
1.064463e+00 4.643919e+00
7.712884e+00 3.913375e+00
6.454762e+00 1.091515e+01
8.673878e+00 -9.455649e+00
1.831471e+00 -5.262334e+00
1.377413e+00 -1.486861e+00
4.681083e+00 -7.651847e-01
5.586542e+00 -1.298288e+00
8.581671e+00 1.036688e+01
6.893981e+00 -6.754549e+00
1.472913e+00 1.779690e+00
-4.801994e+00 -5.454355e+00
-3.575686e+00 -2.705414e+00
-2.346301e-01 -4.565941e+00
9.347332e+00 2.582937e+00
-1.032925e+01 1.011580e+01
5.541912e+00 7.503283e+00
9.992798e+00 6.444060e+00
-7.599047e+00 8.510816e+00
1.069330e+01 9.753639e+00
1.049149e+01 7.671566e+00
5.548057e+00 -1.099712e+01
1.076131e+01 -9.428998e+00
9.738262e+00 -1.039034e+01
-8.695471e+00 -9.389244e+00
9.534352e+00 9.522067e+00
8.766236e+00 -5.575792e+00
9.905250e+00 -5.020314e+00
-8.397470e+00 4.278131e+00
7.761805e+00 -7.260191e+00
7.288983e-01 2.501383e+00
-2.110531e+00 1.054039e+01
6.222956e+00 7.535844e-01
1.222444e+00 6.711376e+00
1.286088e+00 3.577454e+00
2.457903e+00 3.990022e+00
7.481864e+00 1.963011e+00
6.436765e+00 -1.009937e+01
3.115972e+00 -9.641262e+00
-7.477311e+00 9.805700e+00
1.086900e+01 8.691290e+00
1.992624e+00 -5.039390e-01
-9.372095e+00 -1.037614e+01
-1.075637e+01 -6.309455e+00
6.510585e+00 -3.317733e+00
6.327332e+00 8.529585e+00
-7.971793e+00 -5.162134e+00
9.728234e+00 -3.481093e+00
7.651685e+00 -4.087993e+00
3.549696e+00 -2.492033e+00
-1.150208e+00 -2.297591e+00
5.529114e+00 -3.714644e+00
-1.167286e+00 1.373798e+00
4.380007e+00 -3.465464e+00
2.033317e-02 -2.327632e+00
-5.644207e-01 7.542951e+00
8.524719e+00 4.767954e+00
9.160178e+00 7.139713e+00
9.752710e+00 1.075317e+01
4.919742e+00 1.768833e+00
-8.656997e+00 8.323774e+00
-9.878612e+00 8.362384e+00
8.535398e+00 -7.967132e+00
6.858096e+00 -5.582157e+00
8.709484e+00 -6.643193e+00
-9.538241e+00 -8.438439e+00
1.022426e+01 -2.514386e+00
4.210889e+00 1.780695e-01
-1.015862e+01 -3.193540e+00
-2.516073e+00 -4.511264e+00
-2.414726e+00 -6.417348e+00
1.875415e+00 6.782057e-01
3.202488e+00 -3.672698e-01
3.148550e+00 -3.574547e+00
8.627238e+00 1.687161e+00
2.989788e+00 1.929076e+00
8.329438e+00 2.987328e+00
5.169505e+00 1.036708e+01
3.666301e+00 -1.425375e+00
7.271176e+00 9.244914e-01
-9.832523e+00 4.893670e+00
8.627296e+00 -3.437043e+00
-1.010680e+01 1.115554e+01
7.752518e+00 6.996327e+00
9.603172e+00 -7.443942e+00
-5.183484e+00 8.873238e+00
7.739158e+00 -6.248475e+00
-1.037924e+01 -2.144202e+00
-1.072094e+01 2.360545e+00
1.058092e+01 -4.157257e+00
5.937824e-01 9.988459e-01
-1.116406e+01 -2.947948e+00
7.709913e+00 -1.060891e+00
-1.066893e+01 -4.104491e+00
-1.086713e+01 1.419461e+00
3.978582e+00 7.564886e+00
2.128456e-01 -1.253604e+00
-7.222587e+00 7.296219e+00
1.111721e+01 3.229174e+00
-7.676215e+00 -7.028883e+00
1.113694e+01 6.776507e+00
-8.209106e+00 5.440478e+00
