8.965849e+00 -8.539780e+00
-6.206775e+00 7.591771e+00
-9.593778e+00 8.345447e+00
-1.967914e+00 -7.799483e-01
-3.668415e+00 2.997886e+00
-1.003757e+01 -1.029285e+01
7.805524e+00 2.180119e-01
3.837007e+00 4.425849e+00
6.613890e+00 -3.350635e+00
8.322063e+00 -2.155605e+00
-5.452674e+00 5.379559e+00
7.945747e+00 6.639724e+00
-8.353684e+00 -2.429657e+00
4.517128e+00 3.642544e+00
-5.125310e+00 2.138131e+00
4.705072e+00 9.323814e+00
-5.394837e+00 -6.969388e+00
1.069893e+01 -9.260227e+00
1.113904e+01 -1.038723e+01
1.066832e+01 8.722557e+00
4.929345e+00 -6.060472e+00
8.482076e+00 -4.704530e+00
-6.182015e-01 -5.068963e+00
-1.372712e+00 -1.795466e+00
6.611561e+00 2.691892e+00
9.731232e+00 5.266131e+00
-4.899026e+00 -1.115906e+00
-3.256004e+00 8.989231e+00
-1.033868e+01 -6.293195e-01
-8.051677e+00 3.604329e+00
3.373084e-01 -8.574279e+00
5.008011e+00 2.567662e+00
-8.220376e+00 -1.409936e+00
1.025947e+01 -3.180958e+00
1.995302e-01 7.162623e+00
-6.618941e+00 1.101366e+01
-8.462231e+00 -9.254793e+00
1.072949e+01 9.806363e+00
1.003947e+01 -8.359817e+00
-1.097876e+01 1.361095e+00
8.696731e+00 -1.018425e+01
5.777688e+00 -1.342273e+00
-1.063791e+01 -9.512368e+00
5.949422e+00 5.144135e+00
-8.042519e+00 -4.301297e+00
8.168537e+00 -9.245458e+00
-4.953937e+00 -4.348896e+00
-6.393731e+00 -6.750305e+00
9.622564e+00 -4.736928e+00
9.401119e+00 -2.425105e+00
3.890828e+00 -1.939097e+00
5.528254e-01 4.985150e+00
-1.077188e+01 2.646313e-01
-8.990184e+00 3.271466e+00
1.019806e+01 1.367515e+00
-7.310013e+00 -7.951669e-01
6.538686e-01 8.074225e+00
-4.720197e+00 -3.238192e+00
-8.289693e+00 5.918928e+00
-8.568785e-01 6.562695e+00
1.012375e+00 -7.692511e+00
3.907983e+00 -6.445314e+00
7.096720e+00 -7.365361e+00
6.817488e-01 1.024756e+01
-7.005251e+00 -1.816934e+00
8.899028e-01 -5.171815e+00
9.233497e+00 -3.777282e+00
-2.394306e+00 2.726375e-01
-8.432029e+00 1.012731e+01
4.774222e+00 -3.966620e+00
3.297546e+00 -1.019479e+01
1.083025e+01 2.332410e+00
2.095443e-01 6.139827e+00
1.971723e+00 6.568536e+00
-8.102118e-01 5.575469e+00
5.483405e+00 7.188981e+00
-7.484995e+00 -6.632229e+00
-6.269070e-01 1.435688e+00
6.535097e+00 -4.447658e+00
-9.596070e+00 -2.798522e+00
2.062607e+00 -7.556696e+00
-5.181977e+00 -8.148756e+00
5.697067e+00 9.875820e+00
-4.406647e-01 -9.378784e+00
3.177965e+00 -5.529359e+00
2.379139e+00 2.449691e+00
9.798586e+00 1.046546e+01
-1.086662e+01 4.227866e+00
-1.562540e+00 -5.963600e+00
9.073537e-01 -2.749886e+00
-3.210452e+00 1.152603e+00
9.849060e-01 -1.500516e+00
1.199705e+00 2.634470e+00
5.980456e+00 6.205188e+00
9.007624e+00 6.311409e+00
2.716815e+00 9.276803e-01
5.047583e+00 -1.013068e+01
1.671280e-01 2.984067e+00
-1.075948e+01 3.150966e+00
-1.037884e+01 -8.509938e+00
5.023301e+00 5.698231e+00
4.464122e+00 1.031311e+01
-9.357755e+00 -6.352703e+00
1.103953e+01 -8.051165e+00
-3.444842e+00 -9.165032e+00
-6.557238e+00 5.364001e+00
-1.698500e+00 -9.802313e+00
7.989033e+00 5.292292e+00
-6.675131e+00 -2.791804e+00
-8.488234e+00 -7.023134e+00
-8.708464e+00 -3.404678e+00
-9.082714e+00 -5.982973e-01
6.157331e+00 -2.337403e+00
7.365929e+00 -1.079657e+01
-8.913672e+00 6.769262e+00
-8.755382e+00 9.103631e+00
-6.615688e+00 2.403662e-01
-5.548604e+00 1.117131e+01
5.014170e+00 4.614049e+00
-7.923065e+00 7.013665e+00
4.324442e-01 1.889759e+00
3.682995e+00 9.709372e+00
-6.980779e+00 6.441668e+00
-5.926736e+00 6.362936e+00
3.606528e+00 -7.760102e-01
9.024239e+00 -1.469674e+00
-6.048873e+00 -8.960839e+00
-7.671171e+00 9.119370e+00
-1.349909e+00 3.293487e-01
-1.065209e+01 -3.580090e+00
7.203730e+00 -2.578144e+00
-4.883228e+00 1.012489e+01
-8.462324e+00 7.996054e+00
1.058297e+01 3.120464e-01
-1.163019e+00 -7.158299e+00
5.276558e+00 -8.836480e+00
-3.894771e+00 -4.120496e+00
7.146263e+00 1.748931e+00
2.387870e+00 7.694046e+00
-9.996374e-01 3.077861e+00
-4.817489e+00 3.379881e+00
-1.585548e-01 -7.519970e+00
-1.061133e+01 9.880290e+00
-9.915974e+00 2.630825e+00
8.508611e+00 -3.118355e+00
-7.965216e+00 1.873425e+00
-9.961092e+00 1.344694e+00
-4.510837e+00 1.113704e+01
5.763451e+00 3.416415e+00
-6.435791e+00 -5.543936e+00
5.987385e-01 8.087521e-01
-1.044349e+01 -1.929759e+00
-4.719170e+00 4.563495e+00
-3.849507e+00 -1.016584e+01
3.832628e+00 5.526620e+00
8.943824e+00 1.113816e+01
-6.336840e+00 1.000743e+01
-4.459113e+00 9.138607e+00
-9.977132e+00 7.387031e+00
5.886538e-01 -3.284132e-01
3.544935e+00 3.223538e+00
-7.741462e+00 2.952191e-01
-2.165179e+00 -7.830414e+00
-5.943534e+00 -4.576020e+00
7.064019e+00 4.928607e+00
6.980749e+00 -4.613554e-01
-2.169732e+00 -2.630483e+00
1.059682e+01 -5.382223e+00
6.244963e+00 8.929526e+00
-8.773828e+00 4.414823e+00
-3.734348e+00 4.089863e+00
1.602788e+00 -1.007854e+01
-1.060550e-01 1.092409e+01
8.958815e+00 7.585083e+00
5.338763e+00 8.371495e+00
-7.508570e+00 -5.404758e+00
7.461488e+00 3.207506e+00
2.189570e+00 1.112578e+01
7.341665e-01 -9.510204e+00
-1.135269e+00 -2.779753e+00
-2.170255e+00 9.201190e+00
3.675072e+00 2.107321e+00
-3.789796e+00 1.032831e+01
-3.717824e+00 5.237290e+00
1.679214e+00 8.501682e+00
9.990756e+00 6.254177e+00
-3.485458e+00 -6.251530e+00
-6.245986e+00 -7.882995e+00
-4.654219e+00 6.004885e+00
-1.936390e+00 1.261815e+00
1.092456e+01 -2.393026e+00
-2.427462e+00 -6.564139e+00
6.304153e+00 7.926614e+00
-7.250084e+00 2.679825e+00
-6.202158e+00 -1.045252e+00
-9.200734e+00 1.079895e+01
-3.118582e-01 3.817413e-01
1.654176e+00 1.605596e+00
-2.673351e+00 3.296733e+00
1.974040e+00 -5.381421e+00
6.903368e+00 -1.503058e+00
3.738236e-03 -5.971229e+00
4.793925e+00 -7.084139e+00
2.902118e+00 -4.309167e+00
-2.902476e+00 2.196857e+00
8.236459e+00 2.205466e+00
2.244886e+00 -3.338163e+00
-4.536107e+00 -9.028028e+00
5.432881e+00 -1.117676e+01
1.003345e+01 -5.981364e-01
1.849923e+00 -2.202035e+00
-2.822144e+00 -4.432862e+00
-2.826165e+00 1.002723e+01
1.231531e+00 7.222938e+00
1.729371e+00 -6.256142e-01
4.370249e+00 -2.927832e+00
7.418994e+00 -5.161729e+00
-9.243577e+00 5.318038e+00
3.313097e+00 1.095718e+01
6.899862e+00 9.863662e+00
3.413420e+00 -3.333451e+00
-7.678016e+00 -1.108030e+01
-5.878411e+00 4.412360e+00
-4.136589e+00 2.044780e+00
-3.573305e-01 -6.221338e-01
-5.530149e+00 1.052693e+00
-2.692427e+00 -5.539993e+00
-7.240799e+00 8.151855e+00
-5.867333e+00 -3.449420e+00
2.378065e+00 -9.507906e+00
1.108785e+01 -1.003446e+00
8.905745e+00 -4.917005e-01
-1.900518e+00 7.126240e+00
-1.855537e+00 2.404293e+00
2.783266e+00 4.299404e+00
9.121713e+00 4.359031e+00
7.121032e+00 -9.784899e+00
-1.700311e+00 1.052419e+01
1.666925e+00 4.149302e-01
-2.779687e+00 -9.970653e+00
-5.430505e-01 4.381736e+00
-3.298992e+00 -1.105655e+01
-1.662402e+00 4.900676e+00
6.289209e+00 -9.203338e+00
-3.838988e+00 -1.154111e+00
4.558136e+00 1.586727e+00
4.395212e+00 -8.087434e+00
-7.564650e+00 4.946724e+00
1.736640e+00 4.559566e+00
8.885817e+00 -5.732412e+00
-4.258713e+00 -1.088173e-01
-3.116329e+00 -7.378004e+00
4.186365e+00 -9.514973e+00
6.103951e+00 -8.050537e+00
-8.445473e-01 -3.975631e+00
-8.595402e-01 7.585026e+00
-2.089781e+00 -3.796543e+00
8.144741e+00 -6.411409e+00
6.754394e+00 3.994048e+00
5.478231e+00 -4.811389e+00
-5.381601e+00 -5.542752e+00
9.687814e+00 -9.478667e+00
-5.842445e+00 -2.247308e+00
-1.098578e+00 -1.093110e+01
7.810771e+00 9.437811e+00
-5.536791e+00 -2.415950e-01
9.913756e+00 -1.049335e+01
5.554081e+00 -3.230830e+00
9.605565e+00 -6.461924e+00
2.927257e+00 -2.343141e+00
-4.244731e+00 -7.076097e+00
8.068442e+00 -1.035114e+00
4.341997e-01 -4.264631e+00
-3.441911e-02 -1.040854e+01
2.734179e+00 -6.507655e+00
7.933192e+00 1.060462e+01
8.766698e+00 9.866913e+00
5.651154e-01 9.212874e+00
3.349159e+00 -7.463819e+00
-1.297580e+00 8.668422e+00
6.043584e+00 -7.060480e+00
2.693846e+00 -2.106231e-01
1.611572e+00 -4.300830e+00
-2.961311e+00 6.633951e+00
-9.728585e+00 2.548416e-01
-6.264650e+00 1.902025e+00
-3.107993e+00 -1.896588e+00
2.777769e+00 8.693079e+00
8.394506e+00 1.148891e+00
3.770060e+00 8.320692e-01
-3.764730e+00 -8.194583e+00
-4.487436e+00 -1.976836e+00
1.065770e+01 1.110557e+01
-1.040364e+01 5.201937e+00
-2.419337e+00 -8.938056e+00
9.451157e+00 4.908570e-01
1.015766e+01 7.295427e+00
-6.926195e+00 -4.511734e+00
-3.254314e+00 7.921242e+00
-9.052981e+00 2.025964e+00
-7.342137e+00 1.020789e+01
6.995346e+00 -6.284303e+00
5.869208e+00 1.905755e+00
-1.075177e+00 -8.501859e+00
-4.042274e+00 -5.198421e+00
7.936805e+00 4.151366e+00
-9.398599e+00 -8.043725e+00
1.075092e+01 -4.164525e+00
-1.101948e+01 6.469701e+00
-3.135625e+00 -4.077230e-01
-7.136464e+00 -8.914940e+00
-3.951918e-02 -3.309357e+00
1.078511e+01 5.381034e+00
-6.938006e+00 3.724808e+00
7.271371e+00 8.405161e+00
-6.582091e+00 8.956922e+00
-8.207774e+00 -8.116057e+00
-7.667882e+00 -1.002275e+01
-7.879735e-01 9.719128e+00
9.278469e+00 1.734415e+00
-1.017938e+01 -5.552935e+00
-2.554963e+00 4.407643e+00
7.208937e+00 -8.778411e+00
-8.828163e+00 -1.039039e+01
-1.053816e+01 8.752229e+00
5.820110e+00 -1.869220e-01
4.422561e+00 6.712579e+00
7.941374e+00 7.614787e+00
8.876435e+00 3.070489e+00
4.436378e+00 7.697083e+00
3.444183e+00 -8.796645e+00
-2.607924e+00 5.414373e+00
2.662608e+00 -1.282516e+00
6.274854e+00 -1.052083e+01
1.014690e+01 -1.653713e+00
4.493493e+00 9.624183e-02
-2.229052e+00 -1.097725e+01
-2.308297e+00 8.168108e+00
-5.140439e+00 7.484679e+00
-4.309291e+00 8.139901e+00
1.603076e+00 9.638853e+00
-9.025474e+00 -4.993561e+00
5.453172e+00 8.330849e-01
-2.965776e-01 8.497092e+00
-9.540271e+00 -9.334673e+00
-6.435554e+00 -1.031055e+01
-1.058546e+01 1.107208e+01
2.487174e+00 5.513797e+00
3.464684e+00 7.449738e+00
-9.457747e+00 -1.676907e+00
1.432046e+00 5.646198e+00
6.283588e+00 -5.469529e+00
-5.509867e+00 9.046699e+00
-4.264642e+00 7.028787e+00
6.415416e+00 1.078528e+01
8.438526e+00 8.613145e+00
-1.033036e+01 -6.884009e+00
9.677928e+00 9.398441e+00
3.268213e+00 6.393922e+00
-1.102905e+01 7.718245e+00
2.582964e+00 1.013171e+01
9.759486e+00 8.330060e+00
3.850791e+00 8.623278e+00
-9.775906e+00 -4.295301e+00
-1.116707e+01 -6.251598e+00
-7.129124e+00 1.141780e+00
-1.077985e+01 -4.682563e+00
-5.141105e+00 -1.004134e+01
7.984638e+00 -8.061681e+00
6.593184e+00 6.379973e-01
4.757258e+00 -1.296351e+00
1.037011e+01 -7.137005e+00
-9.515148e+00 9.735571e+00
6.864512e+00 7.012591e+00
-4.426446e+00 9.460057e-01
-1.817572e+00 6.049136e+00
2.122416e+00 3.553422e+00
-7.296296e+00 -7.702053e+00
1.045512e+01 4.086742e+00
-1.749753e+00 -4.952625e+00
1.360681e+00 -8.672416e+00
7.194201e+00 6.017052e+00
8.599613e-01 -1.110159e+01
-1.682398e+00 3.831565e+00
4.234462e+00 -1.087246e+01
-9.817893e+00 6.330909e+00
3.967979e-02 -1.975987e+00
8.747508e+00 -7.367986e+00
-3.611059e+00 -3.169991e+00
-7.445278e+00 -3.425017e+00
8.086531e-01 3.914107e+00
7.785059e+00 -3.810120e+00
9.870737e+00 2.803618e+00
4.202571e+00 -4.878715e+00
1.676660e+00 -6.505701e+00
-8.435026e+00 -5.945881e+00
-9.828622e+00 3.997555e+00
5.165390e+00 -2.197039e+00
-8.787400e+00 9.460567e-01
-5.984221e+00 3.113713e+00
