-9.714099e+00 -1.030486e+01
-9.355488e+00 7.217845e+00
-4.828024e+00 8.537422e+00
-5.692769e+00 -6.236122e+00
-1.086598e+01 3.518576e+00
-7.189053e+00 -3.571610e+00
8.729993e+00 1.472373e+00
-7.552163e+00 5.272357e+00
6.716145e+00 -3.504287e+00
7.757911e+00 -3.864018e-01
-8.340315e-01 8.505401e+00
9.921186e+00 1.873183e+00
9.568006e+00 9.046866e-01
7.503767e+00 4.346645e+00
-6.099365e+00 2.935276e+00
7.274490e-01 4.990580e+00
-8.946023e+00 2.324423e+00
-1.015619e+01 9.894769e+00
-7.922387e+00 -7.865859e+00
-7.270550e+00 -9.737751e+00
-9.824945e+00 -6.439360e+00
-7.728935e+00 -6.076170e+00
8.126618e+00 -7.689763e+00
-1.108518e+01 3.999603e-01
4.092095e+00 1.424687e+00
-9.923812e+00 2.885529e+00
-6.120344e+00 -3.224239e+00
8.924655e+00 -8.301267e+00
7.142004e+00 -1.311306e+00
-1.031213e+01 1.847536e+00
-6.106903e+00 6.607636e+00
7.814462e+00 -2.226106e+00
-7.845328e+00 1.797841e+00
9.505139e+00 5.163533e+00
-1.277184e+00 2.522761e+00
1.033330e+01 1.058927e+01
-8.857953e+00 -6.016060e+00
-3.333572e+00 -9.830064e+00
-7.114796e+00 -6.919018e+00
-9.136171e+00 8.271591e+00
-3.437764e+00 -7.500523e+00
-8.300586e+00 -4.022712e+00
-8.035961e+00 -8.953667e+00
-8.733649e+00 1.024957e+01
1.099406e+01 -9.264216e+00
9.018074e+00 4.078903e+00
-1.000528e+01 8.343278e-01
-1.082821e+01 -1.869483e+00
9.767579e+00 -4.105837e+00
-7.911084e+00 2.904132e+00
5.110694e+00 3.851500e+00
-5.925571e+00 -2.135043e+00
3.983925e+00 3.638488e+00
1.056219e+01 5.565360e+00
2.900475e+00 2.919405e+00
-7.059896e+00 1.167142e+00
-5.877991e+00 7.967114e+00
-5.791510e+00 4.182831e-01
-5.934725e+00 4.008703e+00
-8.404705e+00 6.909292e+00
8.941410e+00 -9.336146e+00
5.138131e+00 -1.048882e+01
9.968272e+00 -9.653961e+00
-6.269037e+00 -9.353168e+00
-9.175276e+00 1.962070e-01
1.117221e+01 -3.044297e+00
-8.322363e+00 -5.156504e+00
-9.802113e+00 -2.602094e+00
1.104969e+01 -5.225410e+00
1.000406e+01 -1.091677e+00
-3.608520e+00 2.047503e+00
7.288160e+00 1.274382e+00
-2.873156e-01 -1.391672e+00
-1.116588e+00 6.665943e+00
-7.007434e+00 8.656077e+00
1.798755e+00 4.616676e+00
-7.844706e+00 -1.379669e+00
-7.146781e+00 6.453215e+00
-9.116736e+00 -8.407686e+00
-5.747792e+00 9.169806e+00
8.318895e-01 1.089431e+01
-5.321654e+00 -8.428853e+00
-3.548337e+00 1.034340e+01
1.096202e+01 -8.123871e+00
-1.062614e+01 -7.442528e+00
8.922759e+00 -1.536651e-01
-2.011978e+00 -5.946841e+00
-2.506448e+00 -5.709917e-01
9.233819e+00 -7.019699e+00
6.653241e+00 -7.443986e+00
-8.410451e+00 -2.841173e+00
1.581189e+00 -2.662949e+00
-4.638954e+00 3.030627e-01
-1.669923e+00 1.036882e+00
8.472814e+00 5.049848e+00
3.697273e+00 -2.758244e+00
9.803624e+00 6.266791e+00
-6.229831e+00 -4.353236e+00
-4.631440e+00 3.958643e+00
9.787739e+00 -5.338107e+00
-8.965981e+00 1.330155e+00
1.258782e+00 -1.047065e+01
-8.542910e+00 -7.003644e+00
-2.887795e+00 -6.641307e+00
9.207522e-01 -7.417530e+00
-1.085292e+01 -6.300289e+00
-8.104934e-01 -7.468521e+00
5.914652e+00 3.021231e+00
-5.300417e+00 -7.311544e+00
-4.674072e+00 -4.862499e+00
-9.957183e+00 -1.351812e+00
-2.231139e+00 -2.139727e+00
2.284448e-01 1.318897e+00
-3.724901e+00 9.645370e-01
6.698454e+00 5.210276e+00
1.021874e+01 4.029787e+00
-3.924093e+00 3.214994e+00
-7.539968e+00 -1.094848e+01
1.070635e+01 7.115103e+00
-1.063984e+01 7.445446e+00
-2.182460e+00 2.996444e+00
-5.347378e+00 4.783675e+00
2.309469e+00 -9.393353e+00
-6.928608e+00 -8.486134e+00
6.114081e+00 -5.509446e+00
-4.358452e+00 -9.042846e+00
-7.881122e-01 -6.221259e+00
3.816375e-01 -8.455430e+00
-7.671916e+00 -3.384565e-01
-8.170373e+00 7.888153e-01
6.623033e+00 -6.444559e+00
-3.232235e-01 -4.616879e+00
-6.969490e+00 3.536106e+00
9.990351e+00 3.039135e+00
-2.489040e+00 1.034499e+01
4.900486e+00 6.938917e+00
3.033553e+00 1.659302e+00
2.806738e+00 6.881029e+00
-3.352372e+00 6.030655e+00
-2.448921e+00 8.365574e+00
-6.337403e+00 5.309486e+00
-9.718634e-01 -1.093660e+01
-5.259284e+00 -9.584621e+00
-8.242898e+00 -1.004433e+01
-6.346658e+00 -7.626854e+00
-4.362456e+00 1.097732e+01
-5.310841e+00 -3.867357e+00
-6.807419e-01 -3.459720e+00
-2.879851e+00 -5.196869e+00
-8.787094e+00 -1.874466e+00
8.624045e-01 -1.865946e+00
-3.666309e+00 -2.792867e+00
-7.903719e+00 4.258729e+00
3.698249e-01 -5.483486e+00
-2.684622e+00 6.411928e-01
-4.538596e-02 4.269906e+00
-4.336105e+00 -7.909629e+00
-7.893344e+00 8.174354e+00
-1.570254e+00 5.725277e+00
-4.273045e+00 -3.607156e+00
-6.949053e+00 7.498858e+00
-5.045334e+00 2.967492e+00
5.498119e+00 -6.545457e+00
-5.087442e+00 -2.784442e+00
-8.793968e+00 -8.326542e-01
-4.208908e+00 -8.049734e-01
-1.634502e+00 4.450607e+00
-4.247869e+00 -6.870854e+00
-7.318768e+00 -2.514305e+00
-4.333959e+00 5.506520e+00
-4.278420e+00 -1.031869e+01
4.524932e+00 -5.498302e+00
2.011853e+00 -7.291297e+00
-4.363521e-03 -4.100630e-01
-9.766177e+00 5.151542e+00
-3.143102e+00 -1.430445e+00
-2.882674e+00 7.439149e+00
1.583701e+00 -8.492972e+00
6.166981e+00 9.966717e+00
-4.586490e+00 -1.713379e+00
-3.508584e-01 -9.280961e+00
-5.296550e+00 5.840476e+00
1.046330e+00 -4.375699e+00
-6.183372e+00 1.087300e+01
-1.027319e+01 -8.471287e+00
2.640164e+00 -1.042136e+01
-1.221847e+00 -9.847263e+00
-1.210435e+00 -8.442643e+00
-3.432391e+00 -8.613879e+00
-6.944329e+00 2.386355e+00
1.107441e+01 -7.520016e-01
-3.013601e+00 -3.704333e+00
-6.479513e+00 -3.768649e-01
-6.755665e+00 -1.528655e+00
3.296401e+00 6.333202e-01
9.840592e+00 7.726890e+00
1.945690e+00 -1.582064e+00
7.384774e-01 9.889957e+00
-1.697324e+00 7.517620e+00
1.082437e+01 -7.105163e+00
5.604685e+00 -3.539846e+00
3.105404e+00 1.048215e+01
7.654579e+00 7.065174e+00
-6.672696e+00 -5.854318e+00
-5.276436e+00 1.038332e+01
6.419279e+00 6.787521e+00
9.926537e-01 -9.445377e+00
1.127541e+00 -6.329492e+00
4.703587e+00 -9.495319e+00
-1.720082e+00 -3.156641e+00
1.037829e+00 3.769504e+00
1.034602e-01 -6.771395e+00
-7.625564e-01 9.700816e+00
-5.837860e+00 1.573500e+00
-2.867330e-01 1.062576e+01
1.818492e+00 1.101076e+00
3.011662e+00 7.985914e+00
-2.740110e+00 4.023383e+00
-3.399810e-01 7.514914e+00
-1.088122e+00 -2.390761e+00
4.001922e+00 9.692367e+00
-9.719783e+00 1.092523e+01
4.307540e+00 1.082835e+01
-5.313869e+00 -1.069555e+01
5.720749e+00 -2.527896e+00
1.422289e-04 -2.547592e+00
6.201381e+00 -4.465951e+00
-3.605486e+00 -5.937806e+00
6.788545e+00 2.266709e+00
1.744728e+00 6.927215e+00
-5.857773e-01 5.288462e-01
-1.447075e+00 -2.184901e-01
-1.742424e+00 9.163281e+00
-2.738299e+00 5.096837e+00
9.544964e-01 5.062066e-01
5.165588e+00 4.917491e+00
7.084898e+00 3.270383e+00
4.074586e+00 -1.034627e+01
4.765556e+00 -7.305616e+00
2.738932e+00 -8.049768e+00
-3.317048e+00 -1.096301e+01
1.567974e+00 9.087660e+00
-4.213003e+00 7.412580e+00
5.149093e+00 9.005633e+00
-2.466636e+00 -7.933395e+00
-5.463948e+00 -9.751301e-01
8.977642e+00 8.764983e+00
3.261237e+00 -8.869525e+00
1.096669e+01 1.509776e+00
-9.623425e+00 -3.686285e+00
2.650278e+00 -4.726588e+00
7.591861e-01 -3.342853e+00
5.146583e+00 1.008559e+01
3.761721e+00 2.418625e+00
1.560748e-01 8.896227e+00
-1.382623e+00 -1.239674e+00
4.304068e+00 -3.710003e+00
8.104121e+00 -1.027247e+01
1.091180e+01 8.173573e+00
4.536548e+00 -8.344542e+00
6.144592e+00 4.129580e+00
7.128446e+00 -5.543507e+00
-3.668326e+00 -4.559101e+00
-6.475921e+00 -1.037134e+01
7.825985e+00 5.883805e+00
8.053001e+00 -6.612485e+00
8.498099e+00 -1.244235e+00
9.097473e+00 -6.041979e+00
5.272519e+00 1.876832e+00
2.882099e+00 -6.697186e+00
-1.295215e+00 -5.211508e+00
2.836089e-02 2.908737e+00
-1.004624e+01 -3.092200e-01
1.154967e+00 6.118645e+00
5.757293e+00 7.820513e+00
9.407806e-02 5.994498e+00
4.771866e+00 5.908093e+00
4.008719e+00 8.491874e+00
8.854649e+00 7.283986e+00
3.203690e+00 5.240217e+00
6.445421e+00 8.916325e+00
2.221555e+00 2.435309e-01
6.258732e+00 -1.021148e+01
7.171763e-02 -1.028263e+01
1.116949e+01 4.623364e+00
-2.359942e+00 -9.029768e+00
3.694871e+00 -7.564970e+00
8.182776e+00 -5.526067e+00
6.726542e+00 -2.250639e+00
5.018157e+00 -4.583758e+00
2.667392e+00 -2.670289e+00
3.350498e+00 -1.789542e+00
2.138230e+00 1.001571e+01
-6.948689e-01 5.066424e+00
1.973243e+00 1.113680e+01
-3.564853e+00 -3.275444e-03
9.223960e+00 -1.040206e+01
4.728635e+00 2.843800e+00
-2.327531e+00 6.531439e+00
-9.759951e+00 4.117238e+00
7.204843e+00 1.014318e+01
1.044619e+01 -1.071948e+01
4.696038e+00 -2.584954e+00
6.822899e+00 3.250091e-01
4.633437e+00 -1.502488e+00
3.779200e+00 -8.136758e-01
7.979500e+00 1.087648e+01
7.861980e+00 -3.292583e+00
1.186751e+00 2.093078e+00
-1.829414e+00 -7.104694e+00
-4.722871e+00 -5.921666e+00
3.354065e+00 -5.679791e+00
-9.527180e+00 6.128116e+00
-8.218114e+00 9.166962e+00
7.155107e-01 7.126846e+00
-1.063093e+01 6.460410e+00
-8.769262e+00 -1.092963e+01
-1.019783e+01 8.401122e+00
8.073433e+00 7.999904e+00
3.782784e+00 7.136265e+00
7.574403e+00 8.975244e+00
9.547558e+00 9.669217e+00
-9.128222e+00 -9.442559e+00
8.300378e+00 9.878357e+00
1.002816e+01 -8.595369e+00
7.864639e+00 -8.928201e+00
-4.587514e+00 1.667580e+00
6.596731e+00 -8.509162e+00
-7.588966e-01 1.554021e+00
-3.767948e+00 4.626704e+00
2.314810e+00 5.860247e+00
-1.451299e+00 1.045274e+01
-2.551834e+00 1.786769e+00
-1.028904e+00 3.506613e+00
4.252663e+00 8.683473e-02
5.705776e+00 -8.992067e+00
-2.339144e+00 -1.016593e+01
-3.623603e+00 8.413324e+00
1.013798e+01 8.763576e+00
2.156551e+00 -6.054913e+00
9.037719e+00 1.082757e+01
-5.677488e+00 -5.183278e+00
1.012468e+01 -6.061966e-02
1.959625e+00 7.951796e+00
-9.175140e+00 -4.574683e+00
-1.039119e+01 -4.314546e+00
1.040098e+01 -6.117738e+00
6.240692e+00 -6.170968e-01
2.080102e+00 -3.799183e+00
9.367128e+00 -1.850366e+00
2.745905e+00 -8.706192e-01
8.160132e+00 6.053237e-01
1.665299e+00 -5.141374e+00
-3.014783e+00 9.367574e+00
2.662331e+00 3.921273e+00
5.979929e+00 5.846657e+00
-1.038182e+01 -9.578106e+00
4.075253e+00 4.856912e+00
-5.183621e+00 7.030572e+00
1.102516e+01 9.275484e+00
7.079507e+00 -9.711584e+00
8.768749e+00 -4.683482e+00
7.095348e+00 -1.078966e+01
-9.567504e+00 -7.527478e+00
1.050700e+01 -1.979938e+00
7.977020e+00 2.305679e+00
1.114758e+01 2.577739e+00
-1.843122e+00 -4.269947e+00
4.005900e+00 -6.482619e+00
1.059352e+00 -8.048116e-01
5.128723e+00 6.945385e-01
7.647339e+00 -4.299099e+00
8.700159e+00 6.277122e+00
1.769122e+00 3.025398e+00
8.069089e+00 3.379743e+00
2.784212e+00 8.966124e+00
5.781517e+00 -1.499461e+00
6.254112e+00 1.356924e+00
-8.364922e+00 5.784648e+00
8.929033e+00 -3.443366e+00
-1.078240e+01 -1.060129e+01
6.985354e+00 7.923389e+00
6.072921e+00 1.109330e+01
-4.398982e+00 9.718356e+00
5.678993e+00 -7.782233e+00
8.995609e+00 2.561263e+00
-1.074747e+01 5.489888e+00
1.019700e+01 -3.083444e+00
3.785671e+00 -4.693435e+00
-9.932019e+00 -5.211525e+00
5.207304e+00 -3.710744e-01
1.089090e+01 -4.125077e+00
-8.693818e+00 3.538471e+00
9.137445e-01 8.210176e+00
3.282822e+00 -3.765132e+00
-9.381349e+00 9.192175e+00
-8.806506e+00 4.813771e+00
-7.145935e+00 -4.708024e+00
-1.094455e+01 1.059810e+01
-7.342255e+00 1.035538e+01
