8.035967e+00 -1.114750e+01
-9.352348e+00 6.403165e+00
-8.773603e+00 8.692320e+00
-5.111788e+00 -9.749217e-01
-8.541515e+00 1.135283e+00
-9.124000e+00 -6.733588e+00
7.318763e+00 -3.263515e+00
3.457548e-01 3.856153e+00
7.376807e+00 -4.342172e+00
6.362517e+00 -2.813145e+00
-8.015441e+00 7.972130e+00
1.065531e+01 5.561737e+00
-9.674874e+00 1.244221e+00
5.495541e+00 4.937956e-01
-1.204933e+00 5.793302e+00
8.089385e+00 1.115599e+00
-1.107960e+01 -1.607126e+00
-9.812671e+00 1.057821e+01
-6.587517e+00 -7.783159e+00
-7.125539e+00 -9.269239e+00
8.449890e+00 1.027133e+01
8.519417e+00 -6.187765e+00
4.022482e+00 -6.214615e+00
1.045665e+00 -1.807866e+00
6.009522e+00 -1.580122e+00
-1.096087e+01 6.388322e+00
-4.999696e+00 6.707474e-01
7.734487e-01 1.116796e+01
6.779034e+00 3.035860e-01
-6.815473e+00 5.043180e+00
3.785306e-01 9.959967e+00
4.281268e+00 2.031313e+00
-9.588713e+00 3.057547e+00
-9.638935e+00 4.312870e+00
-7.041066e-02 6.002108e+00
-7.169457e+00 -1.039028e+01
1.033108e+01 -7.724892e+00
-8.155414e+00 -9.537466e+00
-1.106664e+01 -4.380260e+00
-6.206120e+00 2.901880e+00
-1.002013e+01 -7.175826e+00
5.293119e+00 -2.407130e+00
-9.177453e+00 9.774584e+00
-8.528415e+00 4.500765e+00
-9.555916e+00 -4.218321e+00
1.030600e+01 7.935245e+00
-7.727980e+00 -2.325559e+00
-9.978290e+00 -2.050818e+00
5.247740e+00 -3.405756e+00
-1.088914e+01 1.245615e+00
3.917754e+00 -1.511902e+00
-1.681552e+00 4.800745e+00
8.370599e+00 -2.166135e-01
-7.920299e+00 5.394577e+00
8.155625e+00 -1.692534e+00
-7.437634e+00 8.853065e-01
2.827599e+00 4.939359e+00
-6.955805e+00 -4.605162e+00
-7.540167e+00 2.983967e+00
-3.106000e+00 -1.076594e+01
4.324551e+00 -1.102869e+01
9.283250e+00 1.117320e+01
1.043840e+01 1.076748e+01
-4.528882e+00 -9.358223e+00
-1.017924e+01 2.207557e+00
7.497303e+00 -8.980640e+00
1.040523e+01 -6.353789e+00
-6.706420e+00 -2.512574e+00
-1.030882e+01 -9.176428e+00
6.318222e+00 -4.984417e+00
7.640500e-01 5.044748e+00
5.869410e+00 -5.310472e-01
-8.192554e-01 6.782953e+00
1.939294e+00 4.051572e+00
-4.605013e+00 8.314877e+00
-1.078359e+01 4.649450e+00
-8.929633e+00 -1.906506e+00
-5.323052e+00 6.358530e+00
6.354471e+00 -6.228012e+00
-1.090831e+01 -6.233165e+00
4.167898e+00 -9.830449e+00
-9.708148e+00 -3.101554e+00
2.243830e+00 6.097831e+00
2.994231e+00 -5.821318e+00
7.148434e+00 9.426131e+00
4.575426e+00 9.790957e-01
1.116882e+01 -7.199034e+00
-2.532781e+00 5.565896e+00
4.167783e+00 -7.638135e+00
-4.441381e-01 -3.597046e+00
-9.164105e+00 -7.765526e-01
-9.140275e-01 -4.705251e-03
-2.867647e+00 1.539317e+00
7.820492e+00 2.155598e+00
9.318121e+00 3.143366e+00
1.145994e+00 -5.838801e-01
7.226806e+00 3.322710e+00
-4.031920e+00 1.472406e+00
-6.070601e+00 6.304035e-01
-9.908424e+00 -8.227775e+00
-7.870077e+00 1.930221e+00
5.104912e+00 1.046693e+01
-8.033416e+00 -7.159341e+00
9.593858e+00 -5.674547e+00
-3.005027e+00 -7.714381e+00
-9.341569e+00 -1.049124e+01
-1.411525e+00 -6.346683e+00
-9.285246e+00 3.128433e-01
-5.835007e+00 -1.805913e+00
-7.675316e+00 -8.210780e+00
1.080562e+01 -6.262829e-01
-5.672258e+00 1.549376e+00
3.447783e+00 9.682016e-01
2.194388e+00 3.040998e+00
-1.106737e+01 7.657896e+00
-1.009531e+01 7.180530e+00
-4.931801e+00 5.493516e+00
-5.664920e+00 -4.850162e+00
-7.371135e+00 4.014097e+00
-8.236066e+00 -1.057532e+01
-3.831025e-01 7.859556e+00
-1.405384e+00 7.825349e+00
-2.440548e+00 1.077984e+01
-6.462255e+00 1.113992e+01
4.165795e+00 -3.901468e+00
-1.056878e+01 1.284759e-01
-6.203720e+00 -3.769028e+00
-8.210977e+00 9.631405e+00
-8.568127e-01 2.857444e+00
-6.892456e+00 1.860470e+00
5.483426e+00 -5.706194e+00
-4.921055e+00 -5.793122e+00
1.048386e+01 3.389281e+00
9.808328e+00 -2.943402e-02
-2.034448e+00 -8.251801e+00
4.876787e+00 5.681091e+00
1.688396e-01 -1.079427e+00
6.046018e+00 3.488092e+00
1.068409e+00 9.221304e+00
5.257949e-01 6.950157e+00
-3.719481e+00 2.744464e+00
-1.011978e+00 -8.431346e+00
-1.051121e+01 8.933412e+00
-9.718679e+00 8.272505e+00
8.386303e+00 -4.048636e+00
-3.793417e+00 5.412424e+00
-3.746553e+00 -1.710760e+00
-5.703871e+00 -6.945375e+00
1.824177e+00 2.088833e+00
-8.564825e+00 -2.903449e+00
-2.060551e+00 1.886007e-02
-8.556713e+00 3.301254e+00
-6.075862e+00 5.694323e+00
-4.668072e+00 -7.197342e+00
5.314619e+00 2.718696e+00
6.565700e+00 2.459958e+00
-6.279146e+00 -8.761277e+00
-3.225711e+00 -9.742400e+00
9.010838e+00 4.207180e+00
-1.889694e+00 -3.073364e+00
-1.980827e+00 6.593060e+00
-4.647810e+00 3.302749e+00
4.528338e+00 -5.243011e+00
-7.274226e+00 -3.400455e+00
7.049877e+00 -6.871951e-01
-1.960129e+00 3.452305e+00
-3.458101e-01 9.072596e-01
-1.086544e+01 -2.775574e+00
-5.505975e-01 4.977016e+00
-3.024754e+00 6.498222e+00
-1.140862e+00 8.807901e+00
3.175447e+00 -8.871185e+00
-9.455697e-01 -7.314668e+00
7.198773e+00 5.244579e+00
1.110883e+01 2.297350e+00
-4.201559e+00 -5.497770e-01
4.697675e+00 3.616821e+00
-2.040488e-01 -1.015642e+01
2.685219e+00 1.016052e+01
-3.482502e+00 6.212912e-01
-3.797452e+00 1.044990e+01
-2.517528e+00 7.642820e+00
-2.839024e+00 -3.664358e+00
-4.678376e+00 7.232889e+00
5.443994e+00 -1.085326e+01
1.025327e+01 6.618687e+00
-8.717554e-01 -4.724526e+00
-4.812672e+00 -4.367588e+00
-1.224083e+00 -9.759851e+00
-8.313634e+00 -2.330957e-02
4.883785e+00 -9.040963e-01
-3.698296e+00 -4.394884e+00
1.167888e+00 2.844881e+00
-4.762763e+00 2.217340e+00
-2.096549e+00 -1.168872e+00
-8.899885e+00 -8.238680e+00
-2.784338e+00 -2.333836e+00
2.141955e+00 9.165922e+00
1.183806e+00 6.120446e+00
7.063538e+00 -8.007056e+00
3.557206e+00 -4.752297e+00
5.257903e+00 -9.443969e+00
1.053392e+01 9.521733e+00
8.344887e+00 -7.243568e+00
-4.067282e+00 4.428668e+00
1.068474e+01 5.244194e-01
2.294612e+00 -5.062361e+00
-2.822010e+00 -6.196641e+00
1.312272e+00 8.267592e+00
1.628107e+00 -3.506309e+00
3.069438e+00 2.047459e+00
-3.863047e+00 -5.891071e+00
-2.052157e+00 -1.046623e+01
-2.713953e+00 2.598213e+00
8.287027e-01 -8.220851e+00
3.255683e+00 -4.754620e-01
6.928692e+00 6.473251e+00
-4.058655e+00 6.425683e+00
2.592007e-01 8.608374e+00
3.685857e+00 2.990379e+00
2.863109e+00 -7.912864e+00
-7.305399e+00 -5.676191e+00
-3.203051e+00 8.696388e+00
-7.259932e+00 7.223910e+00
3.370276e-01 1.488641e-01
-3.116284e+00 -4.665238e-01
7.625877e-01 -5.674439e+00
-2.847589e+00 -5.024453e+00
-5.722081e+00 -2.856960e+00
3.595601e+00 5.951663e+00
9.002821e+00 -1.007870e+00
4.223727e+00 -4.897887e-02
-4.923975e+00 9.815303e+00
-2.828472e+00 4.600559e+00
-1.735798e+00 2.230852e+00
1.005871e+01 2.443525e+00
8.070635e+00 5.949008e+00
4.510692e+00 -8.739093e+00
1.351295e+00 -4.718544e+00
-3.667764e+00 -6.936224e+00
-5.570147e+00 8.788430e+00
-5.055317e+00 -1.027421e+01
-4.307748e+00 -1.102749e+01
9.571184e+00 1.012503e+01
-4.748600e+00 -3.327504e+00
-7.656667e-01 3.860550e+00
4.140142e+00 8.645580e+00
-6.749511e+00 8.217082e+00
-3.011177e+00 3.579088e+00
8.813855e+00 -9.074512e+00
-2.113415e+00 -7.124599e+00
-3.665647e+00 -2.940328e+00
3.013684e+00 -1.023554e+01
3.352155e+00 4.045326e+00
2.509374e-03 -8.894925e+00
1.819288e+00 5.151775e+00
9.975962e-01 -6.815559e+00
1.094534e+01 -1.054084e+01
5.448334e+00 4.399770e+00
5.375607e+00 -8.201735e+00
1.033071e+01 -3.315636e+00
9.972886e+00 -1.005703e+01
-7.140367e+00 -2.359227e-01
-2.908662e+00 -8.762581e+00
8.319586e+00 3.430564e+00
2.008054e-01 -4.784927e+00
9.355505e+00 -7.970634e+00
4.961889e+00 -6.966668e+00
8.725101e+00 -5.048235e+00
2.048178e+00 -6.220494e+00
-4.847259e+00 -2.062399e+00
5.768139e+00 1.533861e+00
-1.273964e+00 -2.164374e+00
2.874374e+00 -2.937538e+00
3.833334e+00 1.030846e+01
9.574825e+00 5.179031e+00
6.647217e+00 4.396840e+00
1.757371e+00 -1.019991e+01
6.371069e+00 -9.859394e+00
5.298105e+00 8.184940e+00
6.447262e+00 8.600320e+00
2.303445e+00 -5.889435e-02
1.612982e+00 -8.893861e+00
2.178803e+00 -1.114625e+01
-1.062157e+01 3.582202e+00
-5.931343e+00 9.967554e+00
3.473723e-02 -6.495942e+00
6.943905e+00 1.050567e+01
2.990501e+00 -1.905728e+00
6.790037e-01 -3.899191e+00
-1.897835e+00 -4.103600e+00
-9.613777e-01 -1.157919e+00
9.443464e+00 7.455299e+00
4.850325e+00 6.810273e+00
-2.148783e+00 -9.403829e+00
-8.347883e-01 1.819482e+00
9.528377e+00 8.688293e+00
1.036760e+01 -2.242521e+00
1.607040e+00 1.016887e+01
-5.142175e+00 4.326904e+00
-6.966204e+00 1.021708e+01
8.964620e+00 -1.011975e+01
9.997552e+00 -1.308760e+00
1.933558e+00 -2.514311e+00
-2.691380e-01 -2.248673e+00
9.273127e+00 6.227572e+00
-1.029056e+01 -5.105143e+00
5.166389e+00 -4.407902e+00
1.050103e+01 4.429415e+00
-6.233254e+00 -8.197411e-01
-8.292209e+00 -3.966249e+00
7.099774e-02 -7.485265e+00
-7.104928e+00 6.129167e+00
-8.123771e+00 6.420303e+00
4.068443e+00 7.544342e+00
-9.107100e+00 -9.193725e+00
-6.140438e+00 -5.856542e+00
-8.832330e+00 1.089296e+01
3.245689e+00 9.309597e+00
6.936542e+00 1.343753e+00
-1.076150e+01 1.092097e+01
-5.240009e+00 1.091027e+01
1.098203e+01 -9.350322e+00
-1.032901e+01 -1.029404e+01
9.791255e+00 -9.008510e+00
7.882140e+00 -9.983577e+00
-4.089094e+00 9.187391e+00
5.949291e+00 6.991725e+00
1.016515e+01 1.381299e+00
-3.008030e+00 9.765551e+00
4.972347e+00 9.339224e+00
-5.320278e+00 -8.422219e+00
-3.538027e+00 7.723031e+00
4.071576e+00 4.988176e+00
9.162416e+00 -2.240472e+00
6.292509e+00 -7.399327e+00
-1.418166e+00 1.071288e+01
2.898878e+00 7.200354e+00
-5.861935e+00 7.740241e+00
-2.691197e-01 1.078920e+01
6.636537e+00 -1.083283e+01
-8.278696e+00 -4.991137e+00
3.932199e+00 -2.601331e+00
8.408325e-01 -9.629918e+00
-7.805586e+00 1.086675e+01
-9.324579e+00 -5.361195e+00
-1.089277e+01 9.918863e+00
2.239739e+00 -1.195026e+00
-1.768148e+00 1.156094e+00
-1.024967e+01 -8.906858e-01
6.977515e-01 -2.855988e+00
9.443162e+00 -6.937644e+00
-3.936075e+00 -8.291547e+00
-1.780819e+00 9.669377e+00
9.170675e+00 9.352027e-01
6.774083e+00 7.514247e+00
-8.243797e+00 -6.185027e+00
7.635722e+00 4.325660e+00
1.721540e+00 7.141063e+00
-8.929242e+00 7.333544e+00
6.075412e+00 9.610043e+00
-1.098023e+01 -8.265869e+00
7.608366e+00 8.137950e+00
-6.895650e+00 -6.747794e+00
6.154729e+00 -3.914161e+00
-6.939658e+00 -1.527216e+00
8.219355e+00 -2.813846e+00
-1.860812e+00 -5.189910e+00
8.204380e+00 -8.278967e+00
2.366335e-01 2.247910e+00
7.923123e-01 1.016189e+00
7.385455e+00 -5.659104e+00
8.220041e+00 9.251942e+00
8.835226e+00 2.050132e+00
-8.117910e+00 -1.185898e+00
-6.518020e-01 9.681467e+00
1.874590e+00 1.053999e+00
9.157351e+00 -3.285093e+00
-9.150343e+00 5.436130e+00
3.048340e+00 -6.897774e+00
6.233719e+00 -8.803625e+00
8.433482e+00 7.029298e+00
3.155889e+00 1.107997e+01
-2.165655e+00 8.649451e+00
2.502275e+00 8.221881e+00
8.581301e+00 8.240472e+00
-6.277560e+00 6.736941e+00
7.341770e+00 -6.941551e+00
-6.294635e-01 -5.642575e+00
1.063864e+01 -5.246342e+00
2.699659e+00 -4.043356e+00
7.019593e+00 -1.800383e+00
-8.980398e+00 2.156479e+00
5.990841e+00 5.382763e+00
1.786060e+00 -7.518713e+00
-6.074674e+00 -1.003096e+01
-6.222006e+00 3.916602e+00
1.003313e+01 -4.337001e+00
-1.018505e+01 5.526813e+00
-7.241334e+00 9.145163e+00
