9.594920e+00 -7.014546e+00
-1.009851e+01 7.089889e+00
-3.608543e+00 9.725277e+00
-6.381081e+00 -1.328785e+00
-1.092504e+01 3.625643e+00
-8.760372e+00 -5.064917e+00
-1.047062e+01 -1.853502e-01
-9.120819e+00 5.029471e+00
1.037947e+01 -3.097560e+00
8.488400e+00 7.229347e-01
-2.703988e+00 8.618201e+00
1.007676e+01 5.759305e+00
1.074672e+01 4.750985e-01
9.584784e+00 7.526599e-01
-6.113507e+00 3.379853e+00
4.427714e+00 2.832440e+00
9.485221e+00 2.678954e+00
-7.873285e+00 9.404389e+00
-5.636054e+00 -6.507440e+00
-4.753579e+00 -7.581281e+00
-1.082342e+01 -8.687213e+00
-1.076865e+01 -6.163945e+00
4.099681e+00 -6.479451e+00
8.860496e+00 -7.938914e-01
5.913144e+00 1.452777e-01
1.098970e+01 6.933894e+00
-5.386737e+00 4.182238e-01
5.127948e+00 -1.027574e+01
6.680951e+00 -5.476115e-01
1.107009e+01 4.838330e+00
-4.424103e+00 5.479673e+00
6.036164e+00 -4.516746e+00
-9.183732e+00 2.782729e+00
9.976717e+00 8.996315e+00
-2.308030e+00 2.805450e+00
-1.036811e+01 1.038751e+01
-1.088316e+01 -7.286546e+00
-6.929575e+00 -9.910625e+00
-8.927489e+00 -6.053682e+00
-5.144550e+00 6.258132e+00
-7.836245e+00 -7.895548e+00
-8.481644e+00 -2.987080e+00
-8.770595e+00 -9.738625e+00
-6.951798e+00 7.715636e+00
-9.943563e+00 -6.755282e+00
9.936196e+00 6.841956e+00
-8.624793e+00 1.186183e+00
-9.003681e+00 -3.938408e+00
9.346037e+00 -3.501973e+00
-9.776241e+00 1.765516e+00
7.120347e+00 2.908660e+00
-3.033052e+00 9.682505e-01
4.067820e+00 -3.496526e-02
-1.033864e+01 4.578189e+00
9.188543e+00 1.700181e+00
-7.158542e+00 4.173240e-01
-3.778607e-02 5.143845e+00
-4.249332e+00 -1.376453e+00
-7.386337e+00 4.452968e+00
-4.747940e+00 7.346442e+00
6.152697e+00 -1.009690e+01
6.050239e+00 9.530312e+00
9.262073e+00 -9.456132e+00
-5.060449e+00 -8.815268e+00
-8.101972e+00 2.547039e+00
-1.116827e+01 -3.816002e+00
-1.024863e+01 -4.383007e+00
-7.677541e+00 -1.863864e+00
9.280967e+00 -5.993313e+00
7.358685e+00 -2.391378e+00
-3.740463e+00 2.961341e+00
7.685665e+00 4.362916e-02
-9.808941e-01 -1.193726e+00
2.099672e-01 7.247631e+00
-4.665630e+00 9.462791e+00
3.462069e+00 3.535666e+00
-5.113259e+00 -2.007110e+00
-6.624370e+00 6.346555e+00
-1.067568e+01 -2.770214e+00
-6.910044e+00 1.118002e+01
3.657856e+00 -9.465194e+00
-7.899369e+00 -6.808772e+00
1.000093e+00 8.969895e+00
7.496883e+00 -6.819968e+00
8.088735e+00 -5.948646e+00
7.551450e+00 -1.218652e+00
-3.711883e+00 -4.565663e+00
-1.095958e+00 5.473379e+00
6.901894e+00 -7.827156e+00
5.274409e+00 -6.620189e+00
-9.073686e+00 -2.157237e+00
-4.368840e-01 2.370816e-02
-2.173818e+00 -1.225664e+00
2.712999e+00 2.701026e+00
7.375891e+00 4.930951e+00
2.527152e+00 -3.944556e+00
9.024716e+00 5.980738e+00
-7.373705e+00 -6.830796e-01
-8.062524e+00 5.472520e+00
1.017981e+01 -4.145140e+00
-7.616424e+00 1.423476e+00
4.101464e+00 -1.044743e+01
-8.836633e+00 -7.268231e+00
-1.007486e+01 -5.442726e+00
-3.751545e+00 -8.913009e+00
1.043094e+01 -8.768330e+00
-1.625328e+00 -6.857067e+00
8.301360e+00 2.793620e+00
-5.598570e+00 -3.091527e+00
-7.877265e+00 -5.676456e+00
-8.377327e+00 -9.775258e-01
-7.472623e-01 -2.634316e+00
5.977983e-01 6.273344e-02
-2.087539e+00 5.771652e-01
6.246472e+00 7.329451e+00
1.004189e+01 1.040212e+01
-6.966171e+00 5.386880e+00
-7.788009e+00 -9.213181e+00
-1.022717e+01 5.783154e+00
-8.230876e+00 1.063111e+01
-2.612990e+00 4.872117e+00
-5.886436e+00 5.517129e+00
-7.651001e-01 -9.771358e+00
-9.679612e+00 -9.053828e+00
4.680817e+00 -5.534265e+00
-5.044590e+00 -4.008942e+00
-4.612199e+00 -6.313059e+00
-5.856839e+00 1.090956e+01
-6.009945e+00 2.332514e+00
-6.455512e+00 1.350659e+00
7.005237e+00 -5.601203e+00
-2.524724e+00 -6.307721e+00
-7.024058e+00 2.355617e+00
8.029678e+00 6.028163e+00
-3.414476e+00 1.080920e+01
3.367695e+00 8.253146e+00
1.212728e+00 -2.440111e+00
3.325522e+00 5.507837e+00
-4.993278e-01 6.546368e+00
1.393271e-01 8.328972e+00
-9.225585e+00 6.152284e+00
-1.622385e+00 8.673807e+00
-8.661195e+00 -8.674555e+00
-8.100552e+00 -1.065682e+01
-5.925725e+00 -5.302815e+00
-3.838795e+00 8.271011e+00
-4.572489e+00 -2.976938e+00
3.842903e-01 -5.347203e+00
-3.850765e+00 -4.378284e-01
-5.297733e+00 -8.871874e-01
-8.684052e-03 1.263934e+00
-4.134207e+00 7.283699e-01
-7.747493e+00 6.532234e+00
-3.521448e+00 -7.834385e+00
8.598171e-02 2.299856e+00
1.604016e+00 2.089070e+00
-5.937629e+00 -8.160129e+00
-5.915531e+00 7.135172e+00
2.619459e+00 4.441532e+00
-7.264272e-01 -3.913066e+00
-3.875899e+00 6.605331e+00
-6.308183e+00 4.475022e+00
4.439590e+00 -8.007914e+00
-3.702995e+00 -2.279378e+00
-9.244212e+00 -2.806452e-01
-9.317236e-01 2.030415e+00
-1.318626e+00 3.033092e+00
-6.469184e+00 -3.646550e+00
-5.324910e+00 1.440931e+00
-2.026233e+00 1.622908e+00
-2.446425e+00 9.689011e+00
3.243903e+00 -8.486395e+00
-3.019578e-01 -8.648167e+00
1.781069e+00 2.824829e-01
-9.631978e+00 3.727212e+00
-3.129885e+00 -1.327904e+00
1.204808e+00 6.864676e+00
8.536158e-01 -1.059751e+01
6.863642e+00 1.031459e+01
-1.589488e+00 -2.170777e+00
-1.805277e+00 -9.456854e+00
-1.867339e+00 4.080930e+00
-1.736532e+00 -4.755303e+00
-4.908585e+00 8.347561e+00
8.875867e+00 1.072484e+01
3.480860e+00 1.007711e+01
-2.227893e+00 -8.427086e+00
-6.703296e+00 -6.260876e+00
-1.271466e+00 -8.060571e+00
-1.022980e+01 2.776848e+00
-1.045140e+01 -1.765238e+00
-3.626445e+00 -6.680444e+00
-5.123000e+00 2.988504e+00
-4.351155e+00 1.807009e+00
3.184658e+00 -9.508254e-01
8.954831e+00 9.427916e+00
2.642318e-01 -2.021938e+00
2.589325e+00 -9.959815e+00
2.232606e+00 5.450686e+00
8.511325e+00 -7.318405e+00
3.007388e+00 -6.432424e+00
2.951211e+00 1.106419e+01
8.141742e+00 8.219554e+00
-7.917696e+00 -3.935802e+00
-3.364957e+00 5.770641e+00
8.011162e+00 3.910185e+00
1.486616e+00 -7.730076e+00
-6.193534e-01 -6.421636e+00
1.514487e+00 -9.703913e+00
6.132561e-01 -4.421913e+00
1.776409e+00 3.735574e+00
-2.585915e+00 -7.277602e+00
-3.466316e+00 -1.044995e+01
-3.172287e+00 1.988943e+00
2.190119e+00 -8.775618e+00
3.075823e+00 1.121308e-01
4.603323e+00 5.393593e+00
4.105457e-01 4.118613e+00
-3.669077e-01 9.242919e+00
1.108805e+00 1.189791e+00
1.996782e+00 -1.074049e+01
-9.068256e+00 -1.107753e+01
-1.448300e+00 9.721614e+00
-5.948846e+00 8.574504e+00
4.386042e+00 -2.174398e+00
-1.626646e+00 -3.346407e+00
5.930684e+00 -5.684057e+00
-2.873396e+00 -5.118107e+00
1.014764e+01 1.905748e+00
1.339077e+00 4.792504e+00
2.506645e+00 1.663469e+00
-2.989626e-01 3.319560e+00
-4.421911e+00 -1.092035e+01
-4.304267e+00 3.971833e+00
5.756980e-02 -8.544121e-01
6.800513e+00 3.990629e+00
8.447118e+00 4.922441e+00
4.452280e+00 1.095485e+01
5.022946e+00 -4.595061e+00
-2.798560e+00 -9.464312e+00
-4.396949e+00 1.038360e+01
-1.360637e+00 -1.093445e+01
-3.028836e+00 7.639533e+00
6.408133e+00 8.381027e+00
-3.800317e+00 -5.646734e+00
-1.420785e+00 -2.395692e-01
5.262703e+00 8.740264e+00
-2.377778e+00 -1.042243e+01
-8.187552e+00 1.043742e-01
1.027983e+01 -5.427047e+00
1.594720e+00 -4.563480e+00
1.258785e+00 -3.563763e+00
7.328377e+00 -1.020146e+01
4.506382e+00 -1.050506e+00
-2.310043e+00 1.090103e+01
-2.786745e+00 -1.998975e-01
2.513749e+00 -5.202864e+00
8.887674e+00 -8.429546e+00
7.995109e+00 9.964479e+00
2.468453e+00 -7.456968e+00
9.229974e+00 3.790980e+00
9.292886e+00 -4.641799e+00
-3.558410e+00 -3.428061e+00
-7.070812e+00 1.007523e+01
1.063304e+01 2.807020e+00
3.545462e+00 -4.427729e+00
9.621575e+00 -2.481373e+00
6.479869e+00 -6.657630e+00
6.878876e+00 7.233822e-01
1.616596e+00 -6.720237e+00
-2.595896e+00 -3.910873e+00
3.511917e+00 2.088780e+00
1.079857e+01 -9.546731e-01
4.871208e+00 5.530930e-01
4.267482e+00 7.360437e+00
3.786986e+00 6.370758e+00
3.203739e+00 7.155348e+00
2.056180e+00 8.743166e+00
7.318189e+00 9.098890e+00
5.106825e+00 4.482428e+00
6.559528e+00 -1.109666e+01
2.198508e+00 -1.486144e+00
2.877457e+00 9.237902e+00
2.458562e-01 1.081988e+01
9.707702e+00 4.773457e+00
-4.610734e+00 -9.780556e+00
4.581943e-01 -6.545182e+00
5.882340e+00 -8.837219e+00
8.176243e+00 -3.076315e+00
3.560823e+00 -5.443259e+00
-5.927132e-01 -5.114259e+00
2.224910e+00 -2.864771e+00
5.275898e+00 7.707403e+00
8.075150e-01 3.067222e+00
-7.575578e-01 1.047545e+01
-6.365137e+00 -2.143695e-01
1.096887e+01 9.976268e+00
5.967754e+00 1.309583e+00
-8.264131e-01 7.733012e+00
1.112276e+01 5.852626e+00
9.992083e+00 -1.089652e+01
1.027716e+01 -9.948909e+00
4.534968e+00 1.550190e+00
5.654278e+00 -3.490880e+00
3.509945e+00 -3.206578e+00
3.527968e+00 1.034323e+00
-1.101880e+01 -9.966852e+00
8.591121e+00 -2.096302e+00
5.365934e+00 3.369229e+00
-2.541958e+00 -2.728108e+00
-7.142222e+00 -4.924777e+00
3.111527e-01 -9.702644e+00
-6.973000e+00 8.951360e+00
-8.132547e+00 8.019973e+00
2.310322e+00 7.664099e+00
1.049550e+01 7.875081e+00
-6.388264e+00 -7.280749e+00
-8.805041e+00 8.874290e+00
2.377594e+00 1.024064e+01
3.788484e+00 4.571789e+00
7.667553e+00 1.117057e+01
-9.329514e+00 9.760267e+00
-9.809917e+00 -1.005505e+01
9.426447e+00 7.733268e+00
8.221048e+00 -9.362427e+00
5.807548e+00 1.047545e+01
-3.305101e+00 4.078732e+00
4.134211e+00 8.944147e+00
5.923779e+00 2.422783e+00
-5.124716e+00 4.561135e+00
4.981876e+00 6.472649e+00
-5.576094e+00 -1.041590e+01
-2.162718e+00 5.781030e+00
-7.599046e-01 4.271884e+00
6.513024e+00 -1.671466e+00
4.840919e+00 -9.235639e+00
4.762736e-01 -7.952941e+00
-1.486445e+00 6.697636e+00
-9.625434e+00 8.140075e+00
-2.258950e-01 -1.065029e+01
7.863191e+00 -8.206971e+00
-4.954102e+00 -5.012209e+00
9.818356e+00 -1.411412e+00
1.223461e+00 7.997970e+00
-9.810322e+00 -7.969563e+00
-7.391810e+00 -3.008375e+00
1.109184e+01 1.103822e+01
7.275707e+00 -3.481214e+00
2.560213e-01 -3.245647e+00
-9.633882e+00 -1.214897e+00
1.055095e+00 -1.038071e+00
9.799805e+00 -3.518043e-01
-4.116004e-01 -7.387052e+00
-1.904396e+00 7.728524e+00
7.028201e+00 1.836648e+00
5.922473e+00 6.051224e+00
-6.941054e+00 -8.540563e+00
6.159080e+00 4.817218e+00
5.273710e-01 6.012798e+00
1.105382e+01 8.804034e+00
6.921296e+00 -8.902172e+00
1.054890e+01 -6.559077e+00
8.728459e+00 -1.050808e+01
-1.013592e+01 -1.102653e+01
1.071845e+01 -1.988894e+00
1.116164e+01 1.795766e+00
-9.739161e+00 6.800677e-01
-1.440085e+00 -5.799698e+00
3.535487e+00 -7.331495e+00
-1.017572e+00 9.779021e-01
3.112004e+00 -2.143808e+00
8.215810e+00 -4.159514e+00
8.520988e+00 7.077595e+00
5.680369e+00 -8.670315e-01
1.040005e+01 3.788285e+00
7.131042e-01 9.879997e+00
5.413629e+00 -2.428714e+00
8.079810e+00 1.653171e+00
-8.997863e+00 7.198730e+00
5.824202e+00 -7.521769e+00
1.048382e+01 -7.702552e+00
7.490546e+00 7.222803e+00
1.257351e+00 1.081093e+01
-2.760955e+00 6.674337e+00
4.894520e+00 9.996251e+00
6.980916e+00 6.253036e+00
-1.070323e+01 7.898188e+00
7.157515e+00 -4.505472e+00
1.426862e+00 -5.651117e+00
-1.116645e+01 -5.001280e+00
4.603676e+00 -3.315729e+00
-9.669730e+00 -3.134994e+00
-8.346096e+00 3.800548e+00
2.286256e+00 6.581734e+00
9.746610e-01 -8.867295e+00
-6.040617e+00 -9.222505e+00
-7.139539e+00 3.396288e+00
-6.567368e+00 -2.399793e+00
-1.031911e+01 9.190731e+00
-5.978317e+00 9.719360e+00
