-8.191488e+00 -8.374093e+00
-1.044591e+01 8.939779e+00
-1.030025e+01 1.060855e+01
-9.257720e+00 -7.961340e+00
1.021810e+01 -4.523403e+00
-1.027172e+01 -4.470407e+00
1.114700e+01 -4.020604e+00
8.430852e+00 -2.544177e+00
6.645811e+00 -5.642543e+00
9.042550e+00 -4.684476e-01
6.171035e+00 5.129005e+00
1.008366e+01 5.087268e+00
1.016500e+01 -1.435016e-01
5.417212e+00 6.509087e+00
-8.376067e+00 9.325593e+00
8.924553e+00 5.005734e+00
-1.021309e+01 2.631999e+00
-4.960773e+00 9.123278e+00
9.055260e+00 8.945311e+00
-7.802853e+00 -1.079943e+01
-9.819053e+00 -7.039406e+00
-5.223325e+00 -9.226300e+00
-1.024140e+01 -9.699550e+00
-1.050064e+01 -5.585704e+00
-1.076289e+01 -6.537983e+00
-1.081864e+01 -2.923351e+00
-7.518916e+00 -7.636168e-01
9.048663e+00 -3.669629e+00
7.983594e+00 -3.492685e+00
1.074326e+01 1.006789e+00
-1.058801e+01 -1.628363e+00
7.250945e+00 -2.794403e+00
-1.107012e+01 -6.038344e-01
1.074394e+01 3.167894e+00
7.570653e+00 7.882640e-01
5.987374e+00 7.905803e+00
-9.184963e+00 8.567504e+00
-5.980607e+00 8.718428e+00
-9.573750e+00 9.535350e+00
1.086174e+01 8.049216e+00
-6.092518e+00 -8.291208e+00
-5.914588e+00 -7.332004e+00
9.792182e+00 1.026682e+01
-6.990324e+00 1.085227e+01
-9.059830e+00 -6.329901e+00
-6.502260e+00 -3.652119e-01
-8.880490e+00 -2.517422e+00
-7.298949e+00 -3.960105e+00
4.146477e+00 -1.869449e+00
-9.798839e+00 -3.599625e-01
9.514566e+00 -2.695329e+00
-8.612353e+00 -1.657903e-01
1.036546e+01 -1.224292e+00
1.082284e+01 5.815918e+00
9.619303e+00 8.645481e-01
-6.159852e+00 7.209179e+00
-9.442662e+00 5.457810e+00
-3.395337e+00 5.106442e+00
-6.867072e+00 5.213592e+00
-5.114097e+00 6.719714e+00
-5.091452e+00 -1.034697e+01
-2.707780e+00 -1.005513e+01
-7.166107e+00 -8.934023e+00
-7.166356e+00 -6.584169e+00
-9.169665e+00 -1.250025e+00
-8.019071e+00 -4.915779e+00
-8.115500e+00 -6.001600e+00
-8.722271e+00 -3.978409e+00
8.764265e+00 -6.411621e+00
-7.670540e+00 3.438972e-01
-9.605907e+00 6.725548e-01
1.028208e+01 4.109270e+00
6.572158e+00 4.305604e-01
8.169587e+00 6.152789e+00
-1.045955e+01 5.789990e+00
8.627505e+00 2.993933e+00
-8.567016e+00 9.553686e-01
-4.231188e+00 7.286503e+00
-7.935786e+00 7.153353e+00
-9.171058e+00 1.061251e+01
-4.344658e+00 9.932711e+00
-8.186984e+00 -9.650698e+00
-5.925232e+00 1.107486e+01
-4.844519e+00 -8.241374e+00
-8.391027e+00 -7.309697e+00
-9.720323e+00 -3.585858e+00
-5.236083e+00 -4.384345e+00
-6.753973e+00 -2.948607e+00
-1.098396e+01 -7.707954e+00
2.625132e-01 -4.693339e+00
-9.162692e+00 -5.238064e+00
-2.244801e+00 2.837982e+00
-7.509549e+00 2.901823e+00
-7.915621e+00 3.928727e+00
1.105353e+01 2.266215e+00
8.597590e+00 8.745569e-01
-1.064780e+01 3.731608e+00
-8.898666e+00 -1.050614e+01
-2.179907e+00 8.460986e+00
-3.721353e+00 -1.079103e+01
-7.366241e+00 8.996557e+00
-1.914718e+00 -1.075409e+01
-4.701563e+00 1.099854e+01
-5.185504e+00 -2.322315e+00
-2.822492e+00 -6.000301e+00
-7.917709e+00 -3.103660e+00
1.591737e+00 -1.250028e+00
-9.903063e+00 -2.424365e+00
-4.223832e+00 -4.159651e+00
-5.796882e+00 -3.295048e+00
-6.424976e+00 6.399288e-01
-5.272514e+00 3.776127e+00
-7.974807e+00 5.212542e+00
-5.844387e+00 4.726691e+00
-9.359081e+00 3.671339e+00
-1.056340e+01 3.624561e-01
-7.416134e+00 6.230862e+00
-6.212103e+00 -9.406426e+00
-1.051200e+01 1.523069e+00
-8.422918e+00 6.134314e+00
-2.182264e+00 6.182186e+00
-6.194629e+00 6.115170e+00
-8.244893e-01 -8.958149e+00
-6.113479e+00 -6.206847e+00
-1.829039e+00 -4.215481e+00
-3.104177e+00 -4.201447e+00
-4.057176e+00 -2.216091e+00
-5.598798e+00 -5.329430e+00
-7.230902e+00 1.513643e+00
-4.475470e+00 9.332761e-01
-6.874870e+00 -1.759000e+00
-3.338583e+00 2.935919e+00
-6.571474e+00 2.537199e+00
1.006687e+01 1.757000e+00
-3.383525e+00 4.004128e+00
-3.367493e+00 6.410564e+00
-5.219997e+00 5.555430e+00
-9.959712e+00 6.862031e+00
-4.292903e+00 4.403185e+00
-4.252696e+00 6.030948e+00
-7.135165e+00 7.796721e+00
-1.087163e+00 8.455569e+00
-5.587585e+00 9.983530e+00
-3.073821e+00 -8.988051e+00
-4.337968e+00 -7.278670e+00
-3.733503e+00 -8.245587e+00
-4.781963e+00 -3.273471e+00
-6.260587e+00 -4.259667e+00
-2.033828e+00 -5.226908e+00
-4.181490e+00 -1.273535e-01
-1.597357e+00 -3.622812e-01
-7.785268e-01 -4.895110e+00
-8.285221e+00 1.892720e+00
-2.868476e-01 2.671042e+00
-4.399609e+00 3.204291e+00
-1.405174e+00 2.308839e+00
-5.865953e+00 -1.463250e+00
-2.706019e+00 7.140097e+00
-5.140482e+00 7.946376e+00
5.834437e-01 3.369503e+00
-3.378357e+00 1.007964e+01
-6.635351e+00 9.829232e+00
-3.404141e+00 9.060530e+00
-3.938697e+00 -6.220119e+00
-4.612851e+00 -1.046941e+00
-3.086043e+00 -3.293148e-01
3.624365e-01 -7.031249e+00
-6.601619e+00 -5.223489e+00
-3.602265e+00 -1.181254e+00
1.619342e+00 -6.746500e+00
-2.232561e-01 -7.988821e+00
4.274010e-01 7.433362e-01
-3.543023e+00 -3.204413e+00
-4.759801e+00 1.946153e+00
-9.449293e+00 1.858008e+00
-6.671917e+00 3.619879e+00
4.096054e-01 5.520406e+00
-3.256388e+00 -7.259738e+00
-4.563397e-01 7.633210e+00
-1.640614e+00 1.212392e+00
3.937179e-01 -8.894606e+00
-4.247879e+00 8.423102e+00
8.659619e-01 -7.959160e+00
-2.580209e+00 -8.082004e+00
-5.129845e+00 -6.534849e+00
-3.500132e+00 -5.221324e+00
1.908468e+00 -5.586175e+00
-4.138568e+00 -9.427825e+00
-2.381486e+00 -3.274174e+00
-5.688326e+00 1.284379e+00
-3.439813e+00 6.683251e-01
-1.802546e+00 -2.224820e+00
-8.792601e+00 2.771755e+00
-3.696365e+00 1.961465e+00
4.366492e+00 3.485391e+00
-8.853346e+00 4.617537e+00
-5.412206e-01 3.831555e+00
1.174833e+00 8.275583e+00
-1.064739e+00 5.892663e+00
-6.637732e+00 -1.049359e+01
-1.181054e+00 9.477675e+00
1.364297e+00 1.067887e+01
5.400028e-01 7.442456e+00
-4.553732e+00 -5.081610e+00
8.508026e-02 9.816744e+00
2.801978e+00 -8.745040e+00
-1.531741e+00 -7.932884e+00
4.142275e+00 -8.216487e+00
3.649759e+00 -5.934305e+00
-2.324791e+00 -1.034011e+00
5.846197e+00 -1.314533e+00
1.626261e+00 2.885418e-01
1.053131e+00 6.273028e+00
-5.500698e+00 -3.356664e-01
-1.793943e+00 4.939782e+00
-2.174273e+00 3.911975e+00
-1.407037e+00 6.927750e+00
-3.293951e+00 7.995511e+00
2.395445e+00 1.039135e+01
-5.950205e-01 4.804497e+00
-1.701171e+00 1.044281e+01
-1.983590e+00 -8.997651e+00
6.633001e+00 1.060153e+01
-2.297682e+00 -6.847739e+00
8.794393e-01 -5.564732e+00
2.086785e-01 -3.634767e+00
1.486693e+00 -4.637609e+00
1.541036e+00 1.337136e+00
2.463664e+00 -4.030589e+00
6.724787e+00 -5.864056e-01
-5.458692e+00 2.697837e+00
4.882093e-01 1.764079e+00
1.152931e+00 2.485793e+00
1.612847e+00 3.736402e+00
5.302975e-01 4.329972e+00
3.495318e+00 5.460704e+00
2.483000e+00 5.212820e+00
6.713547e-02 8.477607e+00
-6.871547e-01 -1.066882e+01
1.711051e+00 7.228276e+00
-1.075538e-01 6.567395e+00
2.406064e+00 -1.077584e+01
-1.414555e+00 -9.897510e+00
-2.519867e+00 9.425818e+00
-1.946095e-01 -6.136984e+00
-1.413855e+00 -6.053663e+00
3.007153e+00 -7.717093e+00
2.946474e+00 -5.119649e+00
-8.201878e-01 4.030035e-01
-2.664386e+00 1.367201e+00
3.458881e+00 -7.993581e-01
3.545578e+00 9.425273e-01
2.206423e+00 2.733173e+00
6.801544e+00 7.059347e+00
1.434282e+00 4.918261e+00
-4.879710e-01 1.410419e+00
2.383632e+00 -5.112194e-01
1.117915e+00 9.638517e+00
4.351533e+00 8.777924e+00
1.502975e+00 -1.008322e+01
3.199313e+00 6.699418e+00
1.916437e+00 -7.827378e+00
2.895288e-02 -9.913637e+00
-2.621206e+00 1.082775e+01
4.500710e+00 1.081291e+01
4.890639e+00 -4.236759e+00
4.680570e+00 -6.293870e+00
4.336990e+00 -5.139343e+00
3.139506e+00 -1.976264e+00
-2.882484e+00 -2.190534e+00
-3.079906e-01 -5.103851e-01
2.588737e+00 1.466178e+00
6.996210e+00 -1.680318e+00
5.257217e+00 4.064143e+00
3.291739e+00 8.984641e+00
3.206721e+00 3.300512e+00
2.153059e+00 6.221657e+00
3.754960e+00 9.953898e+00
3.777099e+00 -9.166098e+00
3.878881e+00 -1.028612e+01
5.354899e+00 -1.024704e+01
7.193715e+00 -4.653417e+00
6.039789e+00 -6.556887e+00
-5.588828e-01 1.066936e+01
2.121319e+00 9.437843e+00
-8.253420e-01 -7.165398e+00
2.407875e+00 -9.672230e+00
3.886149e+00 -7.094607e+00
7.387855e+00 -6.535544e+00
3.038039e+00 -2.978985e+00
-1.138246e+00 -1.419915e+00
4.887578e+00 -9.234459e-01
4.036596e+00 4.493310e+00
6.922567e+00 1.573059e+00
2.601331e+00 4.199298e+00
5.776561e+00 1.900268e+00
7.422562e+00 -1.091380e+01
5.235132e+00 9.063008e-01
6.343292e+00 6.142071e+00
5.482774e+00 8.833681e+00
3.416198e+00 1.112182e+01
8.097529e+00 -1.004955e+01
1.523162e+00 -8.986073e+00
3.591359e+00 -4.188493e+00
2.742540e+00 -6.674847e+00
9.204507e+00 -8.276366e+00
5.293938e+00 -8.294835e+00
6.260940e+00 -7.517926e+00
4.885989e+00 -7.381811e+00
1.014780e+00 -2.285036e+00
7.774144e-01 -4.432100e-01
5.692920e+00 -1.068272e-01
8.314979e+00 -1.355142e+00
4.810333e+00 9.730586e+00
4.979800e+00 7.740722e+00
9.118250e+00 7.036104e+00
7.183284e+00 8.063225e+00
8.598595e+00 7.928321e+00
7.829015e+00 7.180059e+00
3.411812e-01 -1.098521e+01
4.806876e+00 -9.184751e+00
5.873714e+00 -9.363819e+00
1.025958e+01 -9.925521e+00
8.367642e+00 1.117703e+01
9.968476e+00 -1.105619e+01
9.783910e+00 -6.577262e+00
-1.114179e+01 -1.049631e+01
7.856277e+00 -8.682599e+00
4.315420e+00 -2.983918e+00
-1.249971e+00 -3.318417e+00
7.294738e+00 5.584730e+00
6.776746e+00 2.658495e+00
9.129820e+00 3.918136e+00
4.573682e+00 2.146566e+00
5.701286e+00 3.094689e+00
3.312112e+00 7.748900e+00
5.048928e+00 5.364067e+00
1.083188e+01 1.083134e+01
6.770147e+00 9.252530e+00
7.310144e+00 -7.601157e+00
1.116818e+01 -9.343040e+00
-1.041151e+01 -8.564455e+00
7.111994e+00 -9.376812e+00
6.368174e+00 -1.037153e+01
-7.080601e+00 -7.775732e+00
5.181232e+00 -2.196303e+00
9.990012e+00 -7.611297e+00
5.540231e+00 -5.605472e+00
3.326070e-01 -1.436974e+00
9.252448e+00 -5.129456e+00
2.667931e+00 4.500819e-01
2.079998e+00 -2.266597e+00
8.940691e+00 1.894528e+00
3.500369e+00 2.132198e+00
9.767799e+00 7.866920e+00
1.022465e+01 6.727353e+00
5.603208e+00 1.093870e+01
9.397784e+00 6.053116e+00
7.675148e+00 1.017532e+01
8.703248e+00 1.025530e+01
9.117557e+00 -1.038564e+01
8.184389e+00 -4.514607e+00
1.053175e+01 -8.552342e+00
-9.882366e+00 -1.076297e+01
1.070996e+01 -5.564909e+00
6.630357e+00 -3.765286e+00
8.434246e+00 -7.559107e+00
1.270822e+00 -3.531310e+00
-5.109736e-01 -2.365867e+00
5.416274e+00 -3.204336e+00
5.954465e+00 -4.575538e+00
4.307416e+00 5.791504e-02
7.865037e+00 4.575161e+00
7.900954e+00 2.126067e+00
2.368796e+00 8.045900e+00
4.306160e+00 6.453379e+00
9.673413e+00 2.859708e+00
1.116653e+01 4.699022e+00
-1.038735e+01 7.855569e+00
6.449148e+00 -8.529088e+00
-9.242208e+00 -9.593397e+00
5.885519e+00 9.855856e+00
7.862859e+00 8.873531e+00
-8.250050e+00 8.174575e+00
8.924438e+00 -9.209758e+00
-8.117022e+00 -1.836127e+00
1.037709e+01 -3.252736e+00
8.054761e+00 -5.593094e+00
6.218041e+00 -2.456349e+00
8.000700e+00 -2.408470e-01
9.387641e+00 -1.538457e+00
1.079404e+01 -2.280159e+00
-1.104017e+01 6.748964e+00
7.484962e+00 3.475930e+00
6.503646e+00 4.149916e+00
1.013778e+01 9.016346e+00
-1.003343e+01 4.623681e+00
-9.029127e+00 7.264724e+00
1.104815e+01 9.671501e+00
-7.847307e+00 1.022691e+01
