5.793538e+00 -1.048179e+01
-8.254069e+00 6.090646e+00
-8.704231e+00 9.122448e+00
-4.913956e+00 -1.524988e+00
-7.244215e+00 5.022500e-01
-1.040390e+01 -9.548710e+00
7.373132e+00 -4.916369e-01
-2.492687e-02 3.622035e+00
8.871408e+00 -5.016945e+00
6.616567e+00 -3.697285e+00
-8.030596e+00 8.361910e+00
-1.085622e+01 5.336290e+00
-8.306622e+00 8.251980e-01
4.125515e+00 1.636964e+00
-3.153368e+00 4.448666e+00
6.379656e+00 2.722633e+00
-9.594140e+00 -8.893772e-01
-8.995964e+00 7.972290e+00
-7.834859e+00 -7.571370e+00
-8.103015e+00 -8.686543e+00
7.290201e+00 9.502962e+00
1.082001e+01 -5.461124e+00
5.809055e+00 -6.022654e+00
-2.380458e-01 -2.615693e+00
6.359218e+00 -4.304215e-03
-9.558000e+00 5.733848e+00
-3.858560e+00 1.165211e+00
-4.079181e-01 -1.057384e+01
8.615921e+00 1.400492e+00
-6.930755e+00 3.886673e+00
7.609838e-01 -1.039909e+01
3.594854e+00 4.393587e+00
-1.002373e+01 2.453187e+00
-1.006573e+01 3.433658e+00
-4.800525e-01 5.469243e+00
-7.484036e+00 -1.067642e+01
1.096765e+01 -9.687306e+00
-8.912950e+00 -7.925632e+00
1.005655e+01 -3.575474e+00
-5.136826e+00 1.957787e+00
1.041802e+01 -7.648669e+00
5.288039e+00 -5.174284e-01
1.051213e+01 9.652749e+00
-1.116412e+01 3.005831e+00
-9.007695e+00 -3.596483e+00
1.020658e+01 8.708045e+00
-7.706891e+00 -1.816329e+00
-8.600432e+00 -1.184742e+00
7.114629e+00 -1.628490e+00
-1.056814e+01 1.434644e+00
4.933398e+00 -1.725932e+00
-1.070475e+00 4.566160e+00
9.828067e+00 1.755394e+00
-7.528586e+00 4.745742e+00
8.249259e+00 -1.017863e+00
-6.143421e+00 7.898246e-01
9.443290e-01 6.845765e+00
-8.222013e+00 -4.458210e+00
-7.002928e+00 2.655706e+00
-1.643966e+00 1.016336e+01
5.705191e+00 1.083650e+01
7.821826e+00 -1.088445e+01
8.799948e+00 1.095512e+01
-3.252843e+00 -1.003735e+01
-9.041335e+00 2.970370e+00
5.883539e+00 -9.374757e+00
-1.088897e+01 -6.611551e+00
-6.545751e+00 -2.633557e+00
-9.744301e+00 1.098070e+01
7.736996e+00 -4.696414e+00
2.848596e+00 3.605039e+00
7.166841e+00 8.566932e-01
4.544339e-01 7.812314e+00
6.054436e-01 5.815876e+00
-4.475862e+00 7.149024e+00
-1.095644e+01 4.088734e+00
-7.726594e+00 -5.061867e-01
-6.060501e+00 8.022762e+00
7.731919e+00 -7.037525e+00
1.037896e+01 -6.622932e+00
3.099916e+00 -9.267799e+00
-9.939145e+00 -4.198324e+00
1.770202e+00 6.128239e+00
5.008578e+00 -5.308976e+00
6.362717e+00 1.003849e+01
3.806369e+00 6.445071e-01
9.714621e+00 -8.516508e+00
-3.977507e+00 5.578980e+00
4.871699e+00 -6.562030e+00
8.956153e-01 -2.385496e+00
-8.821661e+00 -1.349412e-01
-1.307863e+00 -2.749294e+00
-6.213057e-01 1.488504e+00
8.305430e+00 3.311524e+00
8.924793e+00 4.449939e+00
3.181376e+00 -2.727420e+00
7.030350e+00 3.538580e+00
-2.988086e+00 5.491449e-01
-4.892000e+00 8.182896e-01
-9.149043e+00 -9.233491e+00
-8.422954e+00 2.006856e+00
3.736476e+00 9.784120e+00
-9.886217e+00 -7.230217e+00
9.414485e+00 -7.084043e+00
-3.661581e+00 -7.694764e+00
-7.278745e+00 1.064388e+01
-1.638748e+00 -6.769292e+00
-9.270478e+00 1.465600e+00
-5.526473e+00 -2.337322e+00
-6.450802e+00 -7.327600e+00
-1.062243e+01 -1.120917e+00
-2.916977e+00 1.723954e+00
2.306127e+00 5.458858e-01
1.438060e+00 4.947486e+00
-1.037242e+01 6.515962e+00
-1.006268e+01 7.590953e+00
-5.591656e+00 4.154265e+00
-5.759610e+00 -4.615782e+00
-7.962373e+00 3.136238e+00
-9.518609e+00 -1.033735e+01
-1.135800e+00 6.768596e+00
-1.536153e+00 5.772932e+00
-3.392143e+00 9.408135e+00
-5.502833e+00 1.031300e+01
6.637236e+00 -5.048668e+00
-1.075527e+01 -3.571911e-02
-7.750224e+00 -3.280698e+00
-9.842575e+00 8.711137e+00
4.157113e-01 1.623311e+00
-6.200200e+00 1.818901e+00
7.761614e+00 -5.707118e+00
-7.114501e+00 -5.363338e+00
1.096956e+01 6.267360e+00
1.087999e+01 8.116235e-01
-1.429098e+00 -7.923985e+00
6.202084e+00 5.814583e+00
-2.443435e+00 -4.049492e+00
5.383058e+00 1.784758e+00
1.492680e+00 9.118135e+00
2.483431e-01 9.864352e+00
-1.823623e+00 2.485268e+00
-1.051402e+00 -8.922057e+00
-1.072243e+01 9.603680e+00
-8.257758e+00 7.185722e+00
7.991481e+00 -2.261132e+00
-4.286043e+00 4.509137e+00
-4.052767e+00 -8.703967e-01
-5.593351e+00 -6.791080e+00
1.865287e+00 2.982213e+00
-9.974635e+00 -3.063179e+00
-1.880043e+00 -1.287737e+00
-8.614098e+00 3.948690e+00
-6.456142e+00 4.979222e+00
-5.449710e+00 -7.865835e+00
2.489311e+00 1.982500e+00
3.710038e+00 2.901089e+00
-5.859925e+00 -8.895529e+00
-5.948544e+00 -1.002566e+01
8.338664e+00 5.409983e+00
-2.293766e+00 -2.248761e+00
-2.342660e+00 6.695291e+00
-3.831719e+00 2.291243e+00
5.749379e+00 -4.310585e+00
-8.632909e+00 -2.261122e+00
8.127287e+00 3.272959e-01
-1.220888e+00 3.397976e+00
-9.347605e-01 -1.626110e+00
-9.646497e+00 -1.961642e+00
4.994940e-01 4.489761e+00
-5.127034e+00 6.149899e+00
-6.346257e-01 9.076058e+00
2.410012e+00 -7.338801e+00
7.124779e-01 -7.320226e+00
6.853207e+00 4.985356e+00
1.028700e+01 4.185405e+00
-3.911859e+00 1.332618e-01
5.840375e+00 4.522699e+00
3.258040e-02 -9.462349e+00
1.672905e+00 1.114641e+01
-1.655276e+00 1.165319e+00
-3.768345e+00 -1.096158e+01
-2.984174e+00 5.631809e+00
-3.462382e+00 -6.009472e+00
-6.693392e+00 8.857120e+00
3.736147e+00 1.104981e+01
1.081363e+01 7.387821e+00
-1.421154e+00 -3.918235e+00
-5.009553e+00 -3.857993e+00
-1.208604e+00 -9.951246e+00
-6.425802e+00 -2.489807e-01
6.084826e+00 9.704377e-01
-4.069531e+00 -5.112469e+00
1.276594e+00 3.842306e+00
-2.994798e+00 2.847538e+00
-1.846999e+00 -1.097789e-02
-1.001430e+01 -8.519713e+00
-2.888144e+00 -5.217722e-01
3.612110e-01 8.870366e+00
-5.790314e-01 7.958311e+00
6.388902e+00 -8.323636e+00
4.111927e+00 -4.702735e+00
4.202172e+00 -9.066957e+00
8.454988e+00 9.418846e+00
7.572897e+00 -8.322152e+00
-3.885260e+00 3.509877e+00
1.052145e+01 -1.737713e-01
6.629155e-01 -3.380006e+00
-2.776691e+00 -7.113073e+00
-1.593459e+00 8.694228e+00
5.995054e+00 -2.148355e+00
1.537509e+00 1.783365e+00
-6.253498e+00 -5.916613e+00
-2.261276e+00 -1.046839e+01
-3.271464e-01 2.641211e+00
1.295824e+00 -5.587465e+00
4.258424e+00 -4.004188e-01
6.771963e+00 8.069836e+00
-5.335307e+00 5.095662e+00
3.046387e-01 1.101008e+01
2.667975e+00 5.181511e+00
4.372125e+00 -7.808999e+00
-8.348504e+00 -5.817195e+00
-3.417639e+00 7.622820e+00
-6.054048e+00 6.957748e+00
-2.677149e-01 -7.810488e-01
-8.151647e-01 6.916808e-02
-2.574673e-01 -3.819922e+00
-5.177516e+00 -5.403582e+00
-7.062933e+00 -4.189529e+00
3.945365e+00 6.661995e+00
9.440648e+00 5.917370e-01
5.025531e+00 5.417077e-01
-4.496544e+00 9.518767e+00
-2.005659e+00 4.924986e+00
5.728049e-02 6.224598e-01
1.051292e+01 5.157247e+00
6.505557e+00 6.878342e+00
3.344652e+00 -8.205408e+00
1.737637e+00 -4.071575e+00
-4.692532e+00 -8.566945e+00
-4.930076e+00 8.264758e+00
-7.448282e+00 -9.581179e+00
-5.219618e+00 -1.094918e+01
7.944119e+00 1.033879e+01
-6.002429e+00 -3.525244e+00
7.680894e-01 2.723907e+00
3.286362e+00 7.580336e+00
-7.506610e+00 9.549351e+00
-2.149799e+00 3.895194e+00
8.015964e+00 -9.794418e+00
-3.584684e-01 -7.263691e+00
-3.010307e+00 -5.047254e+00
2.137748e+00 -8.865583e+00
3.905524e+00 5.474622e+00
1.490161e+00 -6.637925e+00
-1.635539e-01 6.960926e+00
3.200980e-02 -6.008779e+00
9.878985e+00 1.112003e+01
4.680874e+00 2.494702e+00
5.361856e+00 -7.509777e+00
-1.070122e+01 -2.199884e+00
8.940886e+00 -1.038575e+01
-5.191744e+00 -1.099264e-01
-2.746453e+00 -8.196533e+00
7.830935e+00 4.456667e+00
5.265411e-01 -4.910225e+00
8.586496e+00 -8.967999e+00
6.942092e+00 -6.331803e+00
1.005996e+01 -4.708705e+00
3.207989e+00 -5.208419e+00
-3.915490e+00 -4.020151e+00
6.742421e+00 1.784109e+00
-3.930950e+00 -1.947200e+00
4.802952e+00 -3.918361e+00
3.772084e+00 -1.026897e+01
8.743071e+00 6.466652e+00
5.458421e+00 3.387828e+00
1.481934e+00 -8.149876e+00
4.914841e+00 -9.920643e+00
4.508651e+00 7.535689e+00
4.788245e+00 8.878208e+00
4.249275e+00 -2.557566e+00
2.483179e+00 -5.996644e+00
2.573052e+00 1.055052e+01
1.093008e+01 1.976072e+00
-5.584022e+00 9.017265e+00
-1.345071e+00 -5.789908e+00
5.196729e+00 9.943307e+00
6.169868e+00 -1.058221e+00
3.877066e+00 -3.580996e+00
-4.402852e+00 -6.702658e+00
-3.244474e+00 -3.061779e+00
-1.086548e+01 8.411304e+00
5.115083e+00 5.523098e+00
-2.343442e+00 -9.195408e+00
2.779598e+00 -1.804039e+00
9.189040e+00 8.672474e+00
1.036477e+01 -1.290292e+00
1.503863e+00 1.018057e+01
-4.934845e+00 3.282130e+00
-6.430455e+00 -1.108269e+01
6.780678e+00 1.102254e+01
9.460863e+00 -5.803186e-01
2.924021e+00 -4.141409e+00
-1.814555e+00 -4.846528e+00
9.749488e+00 6.652200e+00
1.112921e+01 -3.150409e+00
5.724696e+00 -3.155003e+00
9.494373e+00 5.577037e+00
-4.501397e+00 -2.773950e+00
-9.360656e+00 -6.236163e+00
1.873927e-01 -8.247675e+00
-7.267173e+00 5.677238e+00
-7.169463e+00 6.817573e+00
2.933337e+00 6.153667e+00
-8.403720e+00 1.013219e+01
-8.548008e+00 -6.847345e+00
-8.477210e+00 1.116059e+01
2.508477e+00 9.578603e+00
7.731907e+00 2.347362e+00
1.111354e+01 1.063978e+01
-4.336722e+00 1.060508e+01
1.077284e+01 -1.064399e+01
-9.638444e+00 9.871064e+00
9.921470e+00 -9.691369e+00
6.763027e+00 -1.010900e+01
-3.980923e+00 8.577566e+00
5.177294e+00 6.694860e+00
1.016910e+01 2.735149e+00
-1.818055e+00 7.648483e+00
2.740231e+00 -1.079810e+01
-4.894662e+00 -9.769748e+00
-3.546356e+00 6.576895e+00
4.642410e+00 4.494429e+00
8.991521e+00 -1.732357e+00
6.456004e+00 -7.304619e+00
-2.904973e+00 1.051390e+01
2.683256e+00 8.496767e+00
-7.108714e+00 7.903090e+00
-1.401701e+00 -1.109578e+01
4.774823e+00 -1.101764e+01
-1.076674e+01 -7.741144e+00
6.922324e+00 -2.750906e+00
1.062012e+00 -9.253758e+00
-8.408598e+00 -1.013283e+01
-9.032740e+00 -5.032462e+00
9.484656e+00 9.963944e+00
3.788897e+00 -1.438361e+00
7.482768e-01 -2.475326e-01
-9.798746e+00 4.974017e-01
1.628688e+00 -1.516291e+00
8.564949e+00 -7.931889e+00
-3.608072e+00 -8.787711e+00
-2.261119e+00 9.359577e+00
8.883127e+00 2.484945e+00
7.758225e+00 7.056705e+00
1.096119e+01 -8.596283e+00
7.419699e+00 5.974544e+00
2.313964e+00 7.162178e+00
-9.318258e+00 6.745020e+00
3.741752e+00 8.537873e+00
-1.053453e+01 -1.075707e+01
5.905150e+00 8.723286e+00
-7.363108e+00 -6.507516e+00
8.888387e+00 -3.983026e+00
-5.835326e+00 -1.120229e+00
9.185983e+00 -2.913065e+00
-2.539360e+00 -6.033494e+00
7.084350e+00 -9.149386e+00
1.206518e+00 8.452127e-01
2.974676e+00 -7.539768e-01
9.616329e+00 -5.806574e+00
7.941174e+00 8.597279e+00
9.519926e+00 3.469604e+00
-6.839869e+00 -1.172572e+00
-5.843406e-01 1.043739e+01
1.895667e+00 -5.748803e-01
1.013640e+01 -2.374437e+00
-8.645313e+00 4.995369e+00
4.103138e+00 -5.798699e+00
5.113767e+00 -8.598670e+00
8.651333e+00 7.582479e+00
1.881155e+00 -1.009011e+01
-2.802306e+00 8.405898e+00
1.733648e+00 8.064447e+00
9.780989e+00 7.734497e+00
-6.104248e+00 5.909591e+00
8.546769e+00 -6.329934e+00
-6.885632e-01 -4.984035e+00
-1.106434e+01 -4.501108e+00
2.035893e+00 -2.641630e+00
7.994271e+00 -3.527123e+00
-7.174723e+00 1.657871e+00
5.672790e+00 7.746122e+00
3.697560e+00 -6.909752e+00
-7.029572e+00 -8.635898e+00
-5.906291e+00 2.868825e+00
-1.015979e+01 -5.368725e+00
-9.623062e+00 4.530416e+00
-6.480198e+00 9.915385e+00
