8.944470e+00 -1.035003e+01
-9.739615e+00 7.385266e+00
-7.990352e+00 9.283170e+00
-5.355373e+00 -9.187726e-01
-1.068038e+01 2.346807e+00
-1.018973e+01 -5.343830e+00
6.505075e+00 -4.565456e+00
-1.034530e+00 3.913030e+00
6.859035e+00 -5.674283e+00
4.620877e+00 -3.106345e+00
-6.995907e+00 8.759650e+00
-1.037095e+01 5.465647e+00
-8.191855e+00 4.073125e-01
4.981353e+00 -1.341824e+00
-2.459970e-01 4.762869e+00
8.831289e+00 1.681762e+00
9.090790e+00 -1.572955e+00
-9.498603e+00 1.096976e+01
-7.149350e+00 -6.675100e+00
-6.984100e+00 -7.668179e+00
7.461220e+00 -1.027334e+01
9.253926e+00 -4.832002e+00
2.773184e+00 -5.646841e+00
1.370201e+00 -3.962251e+00
6.427922e+00 -2.182434e+00
-9.773520e+00 6.428810e+00
-3.611620e+00 1.227034e+00
1.952507e+00 1.083154e+01
6.153207e+00 8.146772e-01
-8.091653e+00 5.543898e+00
1.761532e-01 8.664915e+00
4.885563e+00 8.908050e-01
-1.006454e+01 4.423203e+00
-9.269597e+00 5.293154e+00
-1.800580e-02 7.620751e+00
1.102461e+01 -8.571955e+00
1.088264e+01 -6.398685e+00
-7.980265e+00 -8.444540e+00
1.013648e+01 -5.539853e+00
-5.064773e+00 2.813343e+00
-1.109030e+01 -7.554316e+00
5.417986e+00 -3.784471e+00
-9.013167e+00 -9.992280e+00
-7.020350e+00 6.698742e+00
1.116120e+01 -5.391775e+00
-1.100829e+01 6.674918e+00
-6.763653e+00 -2.963650e+00
-9.731690e+00 -2.415510e+00
4.059807e+00 -4.121775e+00
-7.180234e+00 1.231516e+00
5.391284e+00 -4.178676e-02
-2.253266e+00 4.022806e+00
6.927762e+00 -1.196850e+00
-6.404444e+00 4.442236e+00
1.003881e+01 -2.433964e+00
-6.152344e+00 7.404917e-01
1.336820e+00 6.064551e+00
-6.832407e+00 -4.351947e+00
-6.944681e+00 2.390405e+00
-1.936434e+00 9.205703e+00
7.925624e+00 9.259957e+00
9.665098e+00 9.938007e+00
-9.879985e+00 9.986821e+00
-6.832910e+00 -8.813621e+00
-9.820373e+00 3.447711e+00
6.961323e+00 -8.372139e+00
8.633554e+00 -6.781510e+00
-7.502543e+00 -1.130826e+00
9.228830e+00 -7.597857e+00
3.071477e+00 -4.613581e+00
-4.559664e-01 6.658455e+00
5.944630e+00 -9.435425e-01
7.014000e-01 6.976575e+00
2.479716e+00 4.203704e+00
-4.831470e+00 8.105680e+00
1.005015e+01 6.285862e+00
-7.675613e+00 -2.178883e+00
-5.759505e+00 5.343995e+00
5.874752e+00 -5.941769e+00
-1.038488e+01 -6.340744e+00
4.942905e+00 9.969477e+00
-1.071457e+01 -4.439408e+00
2.660148e+00 5.277751e+00
2.841392e+00 -6.871207e+00
8.085075e+00 -1.113771e+01
5.708300e+00 1.760494e+00
-9.600356e+00 -4.461724e+00
-1.668203e+00 4.971685e+00
2.274513e+00 -8.181720e+00
-5.745533e-01 -3.004182e+00
-8.795083e+00 -1.882255e+00
-7.489450e-01 -1.700843e-02
-2.720714e+00 7.181167e-01
7.344968e+00 7.185095e-01
1.020362e+01 4.730052e+00
1.920971e+00 -1.682762e+00
8.792364e+00 3.232670e+00
-3.118752e+00 2.149798e+00
-6.061033e+00 1.867792e+00
9.953118e+00 -8.712728e+00
-7.256990e+00 -1.279483e-01
5.396883e+00 9.061104e+00
-8.908993e+00 -5.360408e+00
9.438034e+00 -3.701121e+00
-4.533340e+00 -8.883535e+00
-1.008161e+01 -1.048740e+01
-3.193235e+00 -6.012256e+00
-1.008805e+01 1.353932e+00
-6.197013e+00 -3.040458e-01
-8.060067e+00 -6.242029e+00
1.037700e+01 -1.488934e+00
-3.780913e+00 1.862899e-01
1.545718e+00 2.281489e+00
2.648757e+00 3.063575e+00
-9.912940e+00 8.429779e+00
-9.145572e+00 9.120495e+00
-4.560400e+00 4.846229e+00
-4.837722e+00 -4.816682e+00
-9.003736e+00 4.244091e+00
-9.037736e+00 -7.874700e+00
1.144043e+00 7.999040e+00
-3.212783e+00 7.972727e+00
-2.442026e+00 -9.099059e+00
-7.764784e+00 -9.691462e+00
7.714934e-01 -4.914513e+00
-9.597463e+00 -1.096411e+00
-5.891666e+00 -4.962358e+00
-6.578245e+00 9.865792e+00
4.800283e-01 3.320489e+00
-7.877012e+00 2.153501e+00
3.891577e+00 -5.221043e+00
-3.909814e+00 -5.273331e+00
-9.418633e+00 2.405132e+00
-1.032413e+01 -2.346380e-01
-4.447180e+00 -9.939170e+00
5.532304e+00 6.702777e+00
2.915783e+00 -1.337467e+00
3.740657e+00 5.533020e+00
1.190921e+00 9.095552e+00
1.971230e+00 7.301841e+00
-4.144835e+00 3.826326e+00
-5.465569e+00 -1.034619e+01
-8.645975e+00 1.018875e+01
-8.138958e+00 -1.091402e+01
1.059668e+01 -3.381821e+00
-2.600805e+00 5.751915e+00
-4.101006e+00 -7.552865e-01
-5.918780e+00 -6.065239e+00
1.629059e+00 4.961197e+00
-8.626870e+00 -2.935353e+00
1.047712e+00 -9.216548e-01
-7.399094e+00 3.400407e+00
-5.241553e+00 4.023586e+00
-4.453234e+00 -7.814220e+00
5.667426e+00 2.898259e+00
5.401026e+00 3.977673e+00
-7.922998e+00 -7.284098e+00
-6.316373e+00 1.088352e+01
1.070936e+01 2.663157e+00
-1.107603e+00 -1.846699e+00
-1.059156e+00 7.611372e+00
-2.740959e+00 3.068571e+00
1.007354e+00 -6.404168e+00
-5.469570e+00 -2.699749e+00
8.974697e+00 -2.708893e+00
-8.330189e-01 1.848067e+00
1.789847e-01 2.238379e+00
-1.072262e+01 -3.130330e+00
-6.224709e-01 2.881208e+00
-1.017298e+00 5.845381e+00
-1.018697e+00 1.005407e+01
2.986093e+00 -9.551080e+00
-3.461883e+00 -8.015762e+00
6.532883e+00 3.961566e+00
-1.111152e+01 3.505742e+00
-2.918449e+00 -5.223816e-01
4.617643e+00 4.845807e+00
-1.054575e+00 -1.012491e+01
6.475614e+00 9.787705e+00
-1.875356e+00 -1.566089e-02
-4.123271e+00 1.015263e+01
-3.146804e+00 6.698878e+00
-3.384573e+00 -1.795398e+00
-4.752938e+00 5.911787e+00
7.490092e+00 1.025060e+01
8.633249e+00 6.184851e+00
-2.119648e+00 -5.579257e+00
-5.951233e+00 -3.629127e+00
-3.456708e+00 -1.067203e+01
-8.824439e+00 1.444779e+00
5.410904e+00 -2.370229e+00
-3.616666e+00 -3.890970e+00
7.536075e-01 4.409250e+00
-4.325690e+00 2.062151e+00
-1.494740e-01 -1.063122e+00
-1.008014e+01 -8.293516e+00
-1.432211e+00 -9.160365e-01
3.700932e+00 9.761795e+00
2.734146e+00 6.299142e+00
4.703455e+00 -8.119603e+00
1.735019e+00 -5.726545e+00
4.129174e+00 1.071753e+01
-1.104405e+01 8.786235e+00
8.237600e+00 -4.714371e+00
-3.720886e+00 5.702119e+00
1.024527e+01 -2.938575e-01
6.242769e-01 -7.413809e+00
-5.077943e+00 -6.881032e+00
4.346150e+00 8.880098e+00
-1.067635e+00 -3.909673e+00
2.841302e+00 1.977564e+00
-4.871334e+00 -5.883370e+00
-3.494681e+00 -9.489453e+00
-2.012759e+00 1.523991e+00
1.941169e+00 -9.290620e+00
4.206216e+00 5.473382e-02
8.980836e+00 4.327370e+00
-1.722534e+00 6.812110e+00
1.184391e+00 1.014212e+01
4.571560e+00 2.239038e+00
2.827606e+00 -1.075234e+01
-9.148084e+00 -6.433531e+00
-2.217643e+00 1.032860e+01
-6.172973e+00 7.774651e+00
2.120346e+00 -4.098422e-01
-2.344374e+00 -1.409058e+00
5.530774e-02 -5.884186e+00
-4.039483e+00 -2.673043e+00
-6.005756e+00 -1.747294e+00
3.527474e+00 4.248823e+00
6.574595e+00 -1.085929e-01
3.702784e+00 1.235656e+00
-4.114923e+00 6.956286e+00
-3.197177e+00 4.719263e+00
-2.502915e-02 1.106764e+00
1.092244e+01 1.594459e+00
1.013337e+01 3.582998e+00
4.103327e+00 -9.118095e+00
-6.907029e-01 -4.929181e+00
-3.989827e+00 -6.923154e+00
-4.748379e+00 9.334880e+00
-2.398946e+00 -1.026547e+01
-3.832906e+00 8.895299e+00
1.073013e+01 9.666737e+00
-4.797234e+00 -3.740010e+00
1.479752e+00 3.566464e+00
7.481490e+00 7.994944e+00
-5.043625e+00 6.997448e+00
-1.683256e+00 2.602218e+00
5.921340e+00 -8.085896e+00
-2.909831e+00 -7.040464e+00
-2.655526e+00 -2.518662e+00
3.915510e+00 -1.025861e+01
3.588239e+00 2.673089e+00
-1.809911e-01 -9.288830e+00
4.940003e-01 5.455922e+00
-1.150407e+00 -7.598117e+00
9.271717e+00 1.103928e+01
7.759924e+00 6.903754e+00
3.218489e+00 -8.459394e+00
-1.084459e+01 -2.066851e+00
8.857226e+00 -8.893577e+00
-5.144259e+00 2.002463e-01
-5.558722e+00 -9.176420e+00
-1.105269e+01 4.767979e-01
-1.192994e+00 -5.943624e+00
7.544486e+00 -7.419402e+00
3.804470e+00 -6.331861e+00
6.349317e+00 -3.220792e+00
-2.344108e-01 -8.173455e+00
-4.587137e+00 -1.680498e+00
7.118919e+00 2.816633e+00
4.277480e+00 -2.095748e+00
3.556276e+00 -3.174702e+00
6.317061e+00 7.505075e+00
9.135130e+00 5.320884e+00
5.902031e+00 5.385549e+00
2.083752e+00 9.703872e+00
5.037835e+00 -1.107699e+01
8.490542e+00 7.623972e+00
6.364631e+00 8.559006e+00
3.218525e+00 -9.789787e-02
2.975894e+00 1.044686e+01
2.218465e+00 8.516202e+00
-1.109742e+01 4.492276e+00
-5.333720e+00 1.038635e+01
-4.861186e-01 -6.752728e+00
5.947973e+00 1.075624e+01
2.768423e+00 -2.475250e+00
-1.782902e+00 -4.601974e+00
-2.505128e+00 -3.741518e+00
9.448819e-01 -1.974065e+00
7.566101e+00 5.850738e+00
6.881598e+00 4.960406e+00
-3.224957e+00 1.059483e+01
-1.253720e+00 8.806862e-01
-1.084563e+01 7.732074e+00
8.173749e+00 -7.040292e-01
1.338211e-01 9.787410e+00
-5.947958e+00 3.205337e+00
-8.938899e+00 -8.997190e+00
6.656792e+00 -9.458257e+00
9.101899e+00 -4.348288e-01
4.406436e-01 -2.831273e+00
1.552249e+00 -2.996421e+00
7.990137e+00 4.796706e+00
1.023699e+01 -7.334861e+00
2.026442e+00 -4.674204e+00
1.085229e+01 5.516438e+00
-5.162540e+00 1.326794e+00
-7.653992e+00 -3.721348e+00
-1.356407e+00 -8.891582e+00
-7.184525e+00 7.765345e+00
-7.109892e+00 5.699876e+00
4.906951e+00 5.868510e+00
-1.111615e+01 -9.550689e+00
-6.908406e+00 -5.715742e+00
-7.074478e+00 -1.074403e+01
4.088462e+00 7.615834e+00
7.898755e+00 2.137443e+00
1.103563e+01 -1.071951e+01
-4.637117e+00 -1.114812e+01
1.014114e+01 -9.953355e+00
1.039228e+01 1.068283e+01
7.754057e+00 -9.271767e+00
5.918638e+00 -1.048828e+01
-8.188602e-01 8.910512e+00
6.654120e+00 6.476126e+00
1.011318e+01 7.820468e-01
-1.573465e+00 -1.105643e+01
9.102757e+00 9.030864e+00
-5.760745e+00 -8.161961e+00
-2.969574e+00 9.544481e+00
4.472469e+00 3.402166e+00
7.424823e+00 -2.685958e+00
3.823927e+00 -7.538498e+00
-2.465025e+00 -8.058822e+00
3.885543e+00 6.640657e+00
-5.814932e+00 8.754780e+00
8.996274e-01 -9.507390e+00
5.309615e+00 -8.927193e+00
-8.643655e+00 -4.142020e+00
3.893833e+00 -9.689609e-01
1.799227e+00 -1.034959e+01
-9.946857e+00 -9.432379e+00
-9.720791e+00 -3.486256e+00
-1.088251e+01 1.053206e+01
2.473345e+00 -3.528522e+00
3.044229e-01 -9.906389e-02
-1.100164e+01 -1.064966e+00
-1.755890e+00 -3.033438e+00
7.993782e+00 -5.908243e+00
-6.090083e+00 -7.083423e+00
1.750959e-01 -1.031539e+01
8.548782e+00 5.083526e-01
1.022688e+01 8.744367e+00
-7.867875e+00 -4.915962e+00
9.527872e+00 2.437140e+00
3.106777e+00 7.435634e+00
-8.549903e+00 8.214459e+00
6.923840e+00 1.104191e+01
8.318349e+00 -8.028644e+00
8.654692e+00 1.014554e+01
-9.952567e+00 -7.265871e+00
5.251776e+00 -4.893841e+00
-8.691141e+00 -4.975648e-01
8.242200e+00 -3.683970e+00
-3.001585e+00 -4.809979e+00
5.512489e+00 -7.089708e+00
1.004668e+00 1.335412e+00
1.318249e+00 3.354316e-01
6.657536e+00 -6.696178e+00
1.049775e+01 7.617971e+00
6.852048e+00 1.804921e+00
-9.449253e+00 5.270376e-01
9.496720e-01 -1.110612e+01
2.355022e+00 8.569827e-01
7.940391e+00 -1.722275e+00
-8.734405e+00 6.386400e+00
1.685658e+00 -7.324620e+00
4.989116e+00 -9.941262e+00
9.467023e+00 8.024663e+00
3.286147e+00 8.794515e+00
-6.221806e-02 1.084137e+01
5.346914e+00 8.053369e+00
9.300737e+00 7.006995e+00
-5.956450e+00 6.564819e+00
4.883830e+00 -6.182353e+00
-1.834783e+00 -6.857753e+00
9.170771e+00 -5.839080e+00
1.669863e-01 -3.960865e+00
7.220754e+00 -3.794134e+00
-8.486109e+00 3.202649e+00
7.595470e+00 3.818048e+00
1.002102e+00 -8.435485e+00
-6.410096e+00 -9.853593e+00
-7.690397e+00 4.461982e+00
1.057432e+01 -4.535400e+00
-8.088034e+00 7.153219e+00
-7.377136e+00 1.068354e+01
