9.026630e+00 -9.887876e+00
1.059097e+01 -9.335583e+00
1.052175e+01 -8.266230e+00
-9.813796e+00 -7.784945e+00
-1.042481e+01 -6.979756e+00
-9.901264e+00 -5.857598e+00
1.003507e+01 -5.330565e+00
1.079431e+01 -4.628299e+00
1.033253e+01 -1.914384e+00
1.023237e+01 -7.993271e-01
1.093252e+01 -7.329764e-02
1.103799e+01 9.020455e-01
-1.102205e+01 2.632469e+00
1.030467e+01 1.933957e+00
1.045317e+01 3.184170e+00
1.034638e+01 4.253961e+00
-1.053452e+01 6.290468e+00
9.545929e+00 8.144978e+00
9.358326e+00 9.198105e+00
9.796880e+00 -1.072359e+01
-1.070768e+01 -1.116202e+01
-1.073781e+01 -9.739941e+00
1.083351e+01 -1.047935e+01
-1.089139e+01 -8.595805e+00
-9.362581e+00 -6.720012e+00
-8.610117e+00 -6.022281e+00
-1.000074e+01 -4.287497e+00
-1.065216e+01 -5.165084e+00
1.055244e+01 -3.274492e+00
-1.086574e+01 -1.600684e+00
-9.219046e+00 -1.831510e+00
-1.031028e+01 7.071491e-01
-1.038654e+01 1.810201e+00
-1.099356e+01 3.787326e+00
-1.050247e+01 4.903729e+00
-9.216381e+00 4.879403e+00
1.080267e+01 7.444503e+00
-1.087188e+01 8.473961e+00
1.046344e+01 8.671699e+00
1.025481e+01 9.838668e+00
-9.917229e+00 1.026984e+01
-9.952609e+00 -1.049055e+01
-9.760360e+00 -9.358254e+00
-9.008840e+00 -8.572916e+00
-8.137568e+00 -7.583937e+00
-9.108873e+00 -5.104507e+00
-7.295228e+00 -5.444768e+00
-1.090375e+01 -3.776277e+00
-1.093654e+01 -2.738921e+00
-8.694574e+00 -2.798489e+00
-1.033306e+01 -3.338413e-01
-9.310761e+00 1.072038e+00
-1.007923e+01 3.001089e+00
-9.824520e+00 4.010193e+00
-8.381134e+00 4.260004e+00
-9.484727e+00 6.079997e+00
-1.044891e+01 7.427065e+00
-9.485513e+00 7.105278e+00
-1.028974e+01 9.369321e+00
-1.103326e+01 1.018961e+01
-9.046976e+00 -1.115970e+01
-8.693472e+00 -1.015911e+01
-7.857015e+00 -9.536171e+00
-7.564633e+00 -8.502635e+00
-7.713690e+00 -6.575969e+00
-6.568354e+00 -6.540070e+00
-6.553707e+00 -4.096749e+00
-8.796343e+00 -3.832830e+00
-1.000180e+01 -3.207232e+00
-8.004499e+00 -1.940091e+00
-8.404645e+00 -1.003579e+00
-9.276007e+00 -4.268992e-01
-9.284745e+00 2.241576e+00
-8.230479e+00 2.548035e+00
-8.981926e+00 3.276754e+00
-8.139406e+00 5.345936e+00
-8.517290e+00 6.616267e+00
-8.611932e+00 7.856571e+00
-9.646344e+00 8.242903e+00
-9.260862e+00 9.243254e+00
-7.637909e+00 1.081385e+01
-7.306731e+00 -1.043977e+01
-6.744347e+00 -9.196921e+00
-6.346475e+00 -8.216374e+00
-7.043421e+00 -7.478921e+00
-5.882944e+00 -7.299839e+00
-6.157527e+00 -5.159547e+00
-7.761150e+00 -4.285431e+00
-7.647193e+00 -3.236654e+00
-7.163377e+00 -1.080187e+00
-8.021177e+00 2.971533e-01
-7.314099e+00 9.669215e-01
-8.336789e+00 1.452734e+00
-7.318258e+00 2.051297e+00
-7.656789e+00 3.451824e+00
-7.351617e+00 5.992884e+00
-7.683566e+00 7.186086e+00
-8.274560e+00 8.934139e+00
-7.448183e+00 9.638838e+00
-8.493363e+00 1.027926e+01
-6.626211e+00 1.099933e+01
-6.257833e+00 -1.007940e+01
-5.585017e+00 -1.082621e+01
-5.706571e+00 -9.056402e+00
-5.261620e+00 -8.098656e+00
-4.907777e+00 -5.241972e+00
-4.326346e+00 -3.472377e+00
-5.349469e+00 -4.117436e+00
-6.980147e+00 -2.387766e+00
-4.949838e+00 -1.170735e+00
-6.077765e+00 -6.406779e-01
-6.359847e+00 3.778018e-01
-6.330564e+00 1.517790e+00
-6.373652e+00 2.780631e+00
-6.548237e+00 3.905304e+00
-7.151550e+00 4.827137e+00
-6.351175e+00 6.427828e+00
-7.424687e+00 8.403832e+00
-5.507795e+00 8.051662e+00
-6.549489e+00 8.985961e+00
-5.304093e+00 9.410936e+00
-6.182731e+00 1.011166e+01
-4.967704e+00 -9.903096e+00
-4.798006e+00 -7.031929e+00
-5.543481e+00 -6.094485e+00
-3.975210e+00 -4.496363e+00
-5.055821e+00 -2.654758e+00
-5.924734e+00 -3.220942e+00
-5.951039e+00 -2.047245e+00
-3.059312e+00 -8.145557e-01
-5.172621e+00 -1.428699e-01
-5.354467e+00 9.713659e-01
-5.430651e+00 2.105675e+00
-5.470118e+00 3.414679e+00
-5.265911e+00 4.402427e+00
-6.035847e+00 5.023522e+00
-6.508481e+00 7.775110e+00
-5.344037e+00 6.907079e+00
-4.208375e+00 7.553796e+00
-4.610368e+00 8.602958e+00
-5.116063e+00 1.050001e+01
-4.152463e+00 -1.067505e+01
-4.197054e+00 -7.842624e+00
-4.652991e+00 -8.937793e+00
-3.415123e+00 -7.183158e+00
-3.979194e+00 -6.287474e+00
-3.090594e+00 -5.415642e+00
-3.962125e+00 -3.216393e-01
-3.731758e+00 -1.583445e+00
-4.300249e+00 5.988028e-01
-1.832678e+00 3.484457e-01
-3.087107e+00 2.973264e-01
-4.405477e+00 1.676863e+00
-4.611692e+00 2.809786e+00
-4.326793e+00 3.926192e+00
-5.373284e+00 5.772735e+00
-4.392743e+00 6.321252e+00
-3.343616e+00 6.880103e+00
-3.483919e+00 8.920054e+00
-4.319978e+00 9.779093e+00
-3.678241e+00 1.075536e+01
-2.974748e+00 -9.893376e+00
-3.430888e+00 -8.904983e+00
-2.734520e+00 -8.121582e+00
-1.708927e+00 -7.331600e+00
-2.605499e+00 -6.538735e+00
-1.967958e+00 -3.873744e+00
-3.609776e+00 -2.641358e+00
-3.022017e+00 -4.127548e+00
-2.526274e+00 -1.694508e+00
-1.905529e+00 -6.961733e-01
-2.463417e+00 1.304261e+00
-3.332210e+00 1.999417e+00
-3.557836e+00 2.996290e+00
-2.442305e+00 3.490322e+00
-4.422285e+00 5.185738e+00
-3.356318e+00 5.769280e+00
-2.359393e+00 7.201535e+00
-3.054843e+00 7.913840e+00
-2.983996e+00 9.869302e+00
-2.628734e+00 -1.115555e+01
-1.999473e+00 1.025343e+01
-1.636608e+00 -1.031176e+01
-8.528714e-01 -9.267764e+00
-2.176597e+00 -9.235606e+00
-1.600458e+00 -6.177858e+00
-1.807713e+00 -5.184965e+00
-1.087820e+00 -4.428784e+00
-1.779250e+00 -2.450301e+00
-2.688568e+00 -3.153967e+00
-9.839221e-01 -1.187110e+00
-8.655758e-01 1.927327e-02
-1.102575e+00 1.132032e+00
-2.424579e+00 2.399153e+00
-1.435244e+00 5.065405e+00
-3.396290e+00 4.391910e+00
-2.053696e+00 6.188695e+00
-6.242778e-01 7.899071e+00
-1.701692e+00 8.091016e+00
-2.114965e+00 9.089178e+00
-6.429483e-01 9.022681e+00
3.779167e-01 9.378343e+00
-1.245586e+00 1.106341e+01
5.885271e-01 -8.775461e+00
-1.610833e-01 -6.236746e+00
-8.401533e-01 -8.277164e+00
-6.605324e-01 -5.322766e+00
-6.890932e-01 -3.222226e+00
3.517824e-01 -2.987031e+00
-4.806458e-01 -2.180095e+00
1.593827e-01 -4.712233e-01
6.273367e-02 7.893134e-01
-5.412298e-01 3.143823e+00
-1.394705e+00 2.222878e+00
-1.368008e+00 3.858107e+00
-2.521685e+00 5.116509e+00
-9.121395e-01 5.855274e+00
-1.217169e+00 7.074854e+00
9.920867e-01 7.185601e+00
4.280874e-01 8.216530e+00
8.098864e-01 1.050989e+01
-9.900711e-01 9.975279e+00
-4.781148e-01 -1.041021e+01
2.584273e-01 -7.387431e+00
-8.266548e-01 -6.940575e+00
3.657835e-01 -5.052648e+00
1.350409e+00 -5.206845e+00
5.931676e-03 -4.029836e+00
1.363369e+00 -2.742077e+00
1.146697e+00 1.715291e-01
-3.559312e-01 1.915190e+00
1.273699e+00 1.514021e+00
8.099723e-01 2.667725e+00
1.428151e-02 4.357725e+00
1.037806e-01 5.416937e+00
9.472963e-01 6.016303e+00
-1.378399e-02 6.999003e+00
2.052271e+00 7.554026e+00
2.527795e+00 8.565743e+00
1.517927e+00 8.392945e+00
2.191544e+00 1.037629e+01
1.774853e+00 -1.098810e+01
-1.900157e-01 1.095849e+01
6.652640e-01 -1.069100e+01
1.687491e+00 -8.285560e+00
1.403696e+00 -7.166760e+00
8.587950e-01 -6.163382e+00
2.077162e+00 -4.458687e+00
1.014161e+00 -3.929175e+00
8.106236e-01 -1.398749e+00
2.186701e+00 8.974284e-01
2.617338e+00 2.240844e+00
1.744643e+00 2.989340e+00
9.928946e-01 3.816043e+00
2.004973e+00 4.153029e+00
1.334306e+00 4.930726e+00
1.886574e+00 6.508723e+00
2.963535e+00 6.747823e+00
3.297567e+00 7.725661e+00
1.543565e+00 9.488618e+00
4.189412e+00 9.927785e+00
3.862985e+00 1.101857e+01
4.813372e+00 -1.069454e+01
2.906641e+00 -1.082866e+01
1.313053e+00 -9.513178e+00
3.309479e+00 -6.990741e+00
2.532785e+00 -5.371499e+00
2.441087e+00 -2.768255e+00
2.113386e+00 -1.438769e+00
2.121887e+00 -3.890455e-01
3.796888e+00 -1.128143e+00
3.155606e+00 1.304959e+00
4.035871e+00 1.963141e+00
2.733829e+00 3.413534e+00
4.576496e+00 3.977735e+00
2.233723e+00 5.487259e+00
4.028087e+00 4.967488e+00
4.102866e+00 6.953154e+00
3.884402e+00 8.568885e+00
3.116550e+00 9.789708e+00
5.217104e+00 1.039075e+01
4.966170e+00 -9.312231e+00
3.802539e+00 -1.012354e+01
2.218343e+00 -1.005522e+01
2.321890e+00 -9.060845e+00
2.622510e+00 -7.780102e+00
2.139286e+00 -6.329941e+00
4.116491e+00 -3.936962e+00
3.017888e+00 -3.729828e+00
3.043520e+00 -1.926602e+00
4.789562e+00 -5.211214e-01
3.017437e+00 2.181111e-01
4.783604e+00 2.791335e+00
3.670968e+00 2.949973e+00
5.564344e+00 3.657756e+00
2.938486e+00 4.575384e+00
4.827728e+00 5.971950e+00
3.486859e+00 5.960219e+00
4.923492e+00 7.987394e+00
5.044731e+00 9.191670e+00
5.782866e+00 -1.076351e+01
4.718141e+00 -8.313910e+00
3.644412e+00 -8.991086e+00
3.757844e+00 -7.903104e+00
3.760823e+00 -6.021736e+00
4.933249e+00 -6.032869e+00
3.409507e+00 -4.681610e+00
4.415815e+00 -5.092342e+00
5.067483e+00 -3.012862e+00
3.646255e+00 -2.886944e+00
4.461582e+00 -2.179730e+00
3.996564e+00 5.155560e-01
5.808738e+00 2.249007e+00
6.376650e+00 3.093811e+00
6.314474e+00 4.513721e+00
5.322471e+00 4.992049e+00
5.931648e+00 5.851994e+00
5.202145e+00 7.008876e+00
5.970185e+00 8.012972e+00
6.109660e+00 9.607150e+00
6.855784e+00 -1.056724e+01
5.859302e+00 -9.699767e+00
4.289788e+00 -6.896530e+00
5.389937e+00 -7.510103e+00
6.107346e+00 -6.712294e+00
6.046307e+00 -5.308629e+00
7.135582e+00 -4.871488e+00
5.269413e+00 -3.986256e+00
6.091894e+00 -2.142146e+00
5.283962e+00 -1.452921e+00
6.960333e+00 -9.437090e-01
6.035192e+00 -3.576653e-01
5.310362e+00 4.480143e-01
5.126558e+00 1.521302e+00
7.444314e+00 3.417526e+00
6.901780e+00 5.545591e+00
7.535614e+00 6.601648e+00
6.498354e+00 6.983542e+00
6.929790e+00 8.603889e+00
6.337330e+00 1.073942e+01
7.458358e+00 1.083626e+01
7.120109e+00 -9.496738e+00
6.112462e+00 -8.617209e+00
6.579527e+00 -7.709700e+00
7.888265e+00 -7.448882e+00
6.819891e+00 -6.002619e+00
7.962813e+00 -5.812068e+00
6.376435e+00 -3.997113e+00
6.555522e+00 -3.043013e+00
7.163203e+00 -2.107328e+00
8.167270e+00 -1.461601e+00
7.043633e+00 4.218374e-02
7.348656e+00 1.115732e+00
6.172549e+00 9.437492e-01
7.274008e+00 2.120615e+00
7.418820e+00 4.600389e+00
7.895019e+00 5.546255e+00
8.622711e+00 6.639563e+00
7.487960e+00 7.719264e+00
8.016499e+00 8.907895e+00
7.238522e+00 9.637942e+00
8.060946e+00 -9.054609e+00
7.232995e+00 -8.482770e+00
8.686254e+00 -8.179363e+00
9.911525e+00 -6.413797e+00
8.782723e+00 -6.757532e+00
9.067316e+00 -5.664597e+00
8.189103e+00 -4.653552e+00
7.394497e+00 -3.865012e+00
7.816337e+00 -2.911122e+00
8.898610e+00 -2.294755e+00
7.984935e+00 -4.657686e-01
8.581621e+00 5.142549e-01
8.250235e+00 1.591616e+00
8.311114e+00 2.764705e+00
8.360447e+00 3.730356e+00
8.757762e+00 4.950388e+00
9.316595e+00 5.924233e+00
8.594434e+00 7.678679e+00
8.566436e+00 1.007825e+01
9.566008e+00 1.057952e+01
8.740519e+00 -1.117800e+01
7.850121e+00 -1.048216e+01
9.603393e+00 -8.849532e+00
9.645369e+00 -7.581554e+00
1.083882e+01 -7.184733e+00
-1.107364e+01 -6.065304e+00
9.400395e+00 -4.428487e+00
8.673807e+00 -3.693195e+00
9.553362e+00 -3.150513e+00
9.883749e+00 2.737034e-01
9.076014e+00 -7.403520e-01
9.344815e+00 1.483797e+00
9.340758e+00 2.621923e+00
9.369875e+00 3.635482e+00
9.791876e+00 5.107759e+00
1.080588e+01 5.200576e+00
1.038209e+01 6.109662e+00
9.589022e+00 6.954366e+00
1.051582e+01 1.092587e+01
