-8.117582e+00 -9.255930e+00
-1.102745e+01 8.420449e+00
-1.031659e+01 9.245917e+00
-7.461931e+00 -7.253830e+00
-1.096680e+01 -3.780251e+00
-8.783121e+00 -4.011425e+00
-8.130674e+00 -3.178860e+00
8.855653e+00 -1.624397e+00
8.747618e+00 -5.264341e+00
8.103213e+00 1.270408e+00
3.738096e+00 5.808405e+00
8.852002e+00 3.204706e+00
1.025387e+01 9.948889e-01
3.786331e+00 7.076872e+00
-9.060603e+00 6.969940e+00
7.860272e+00 4.388627e+00
1.094676e+01 2.710050e+00
-6.254423e+00 7.245414e+00
9.204654e+00 -1.027355e+01
-8.067218e+00 7.291528e+00
-8.313354e+00 -5.239947e+00
-6.997643e+00 -9.443141e+00
-9.617485e+00 -9.006950e+00
-7.191429e+00 -5.297616e+00
-9.355430e+00 -4.809535e+00
9.740437e+00 -1.058805e+00
-8.771613e+00 6.249304e-01
1.062476e+01 -4.567357e+00
8.709075e+00 -3.552087e+00
1.005342e+01 2.295898e+00
1.016941e+01 -6.266360e-02
7.589001e+00 -1.962965e+00
1.105190e+01 -6.535684e-01
8.122632e+00 2.292887e+00
5.726578e+00 3.886603e-01
7.669783e+00 7.743732e+00
-8.777093e+00 9.445051e+00
-6.114053e+00 6.161599e+00
-9.582811e+00 1.032760e+01
-1.022800e+01 6.700209e+00
-6.314614e+00 -7.185682e+00
-4.914562e+00 -7.809119e+00
-1.013651e+01 1.116835e+01
-6.763167e+00 8.940488e+00
-9.028248e+00 -7.117883e+00
-8.018619e+00 -7.292874e-01
-1.021848e+01 -7.725763e-01
-7.666972e+00 -4.242146e+00
5.418139e+00 -1.995109e+00
-9.775162e+00 1.762910e-01
1.005119e+01 -3.691602e+00
-1.083236e+01 5.708388e-01
9.203255e+00 7.678507e-01
6.964633e+00 6.890629e+00
7.700154e+00 3.301238e+00
-5.767125e+00 5.113929e+00
9.071506e+00 6.243022e+00
-3.533638e+00 5.143450e+00
-7.702056e+00 4.330814e+00
-2.994460e+00 7.294469e+00
-5.777411e+00 -9.822127e+00
-2.523481e+00 1.043474e+01
-8.379165e+00 -7.914761e+00
-5.190585e+00 -6.697461e+00
-9.176694e+00 -6.450230e-01
-6.576499e+00 -4.420505e+00
-7.079619e+00 -6.320714e+00
-6.849941e+00 -2.104799e+00
9.594671e+00 -5.822148e+00
-7.414423e+00 1.616830e-01
-9.992026e+00 1.232624e+00
6.631011e+00 4.541084e+00
3.673619e+00 -2.713895e-01
6.409880e+00 6.015490e+00
9.412321e+00 5.201563e+00
6.632676e+00 3.175802e+00
-7.574829e+00 1.513763e+00
-5.075016e+00 6.032011e+00
-8.520762e+00 4.948267e+00
-7.867427e+00 8.705995e+00
-4.483364e+00 8.627024e+00
-7.542484e+00 1.082171e+01
-5.387765e+00 1.037047e+01
-5.755950e+00 -8.811725e+00
-9.224306e+00 -6.025068e+00
-1.028585e+01 -2.681764e+00
-4.852236e+00 -3.170355e+00
-7.939601e+00 -1.948952e+00
-1.009369e+01 -6.929291e+00
2.590491e+00 -5.292759e+00
-8.069187e+00 -6.285486e+00
-2.085110e+00 1.618392e+00
-9.332601e+00 2.780812e+00
-8.383080e+00 3.515037e+00
9.981101e+00 3.462231e+00
7.134331e+00 2.187843e+00
8.947121e+00 4.261849e+00
-7.016171e+00 -1.060321e+01
-2.003900e+00 7.706527e+00
-5.939450e+00 -1.104835e+01
-7.276358e+00 6.508098e+00
-2.188938e+00 -1.089903e+01
-4.376384e+00 1.092967e+01
-4.100115e+00 -2.431821e+00
-2.865687e+00 -6.839814e+00
-8.910628e+00 -2.559741e+00
2.838580e-01 -2.592333e+00
1.046894e+01 -1.791643e+00
-3.922066e+00 -4.925377e+00
-5.840201e+00 -1.248816e+00
-5.368986e+00 8.101627e-01
-5.720051e+00 2.236685e+00
-7.255176e+00 3.346328e+00
-5.004175e+00 3.231327e+00
1.067139e+01 5.168978e+00
-1.112159e+01 1.687050e+00
-7.261139e+00 5.383728e+00
-7.499134e+00 9.793401e+00
1.085634e+01 3.936542e+00
-9.643515e+00 5.061909e+00
-1.867887e+00 6.465021e+00
-3.975537e+00 6.042420e+00
-1.739506e+00 -8.289062e+00
-6.256714e+00 -5.592750e+00
-7.573058e-02 -3.585445e+00
-3.795833e+00 -3.636619e+00
-3.343254e+00 -1.765027e+00
-4.679621e+00 -4.201588e+00
-6.495948e+00 1.289058e+00
-4.835662e+00 1.760114e+00
-4.608008e+00 -1.458392e+00
-3.067864e+00 2.054921e+00
-8.926460e+00 1.656596e+00
9.061979e+00 1.776002e+00
-3.010928e+00 4.261803e+00
-1.164002e+00 5.537198e+00
-6.579222e+00 4.149098e+00
1.009157e+01 6.207888e+00
-5.363628e+00 4.243837e+00
-2.858711e+00 6.122456e+00
-8.317013e+00 6.205866e+00
-7.478893e-01 8.624883e+00
-4.537636e+00 9.774414e+00
-4.966088e+00 -1.054026e+01
-3.906726e+00 -1.032814e+01
-3.230509e+00 -1.113553e+01
-5.306265e+00 -2.196913e+00
-5.916586e+00 -3.530414e+00
-1.576799e+00 -5.712736e+00
-3.742773e+00 -6.691611e-01
-1.018191e+00 -1.671365e+00
6.128686e-01 -5.606319e+00
-1.016611e+01 3.534746e+00
9.174336e-01 1.375246e+00
-4.131811e+00 4.012681e+00
-9.808698e-01 1.376843e+00
-6.875895e+00 -9.834373e-01
-4.178321e+00 7.285081e+00
-4.595855e+00 4.907623e+00
8.929639e-03 3.038205e+00
-3.603467e+00 9.192350e+00
-5.770292e+00 8.228870e+00
-1.830876e+00 8.650393e+00
-3.618319e+00 -5.985237e+00
-6.333665e+00 2.145385e-01
-2.762999e+00 -3.857561e-01
6.950529e-01 -6.691616e+00
-7.112460e+00 -3.282480e+00
-5.370587e+00 -3.375543e-01
2.070400e-01 -7.737370e+00
-7.136871e-01 -7.176650e+00
1.592790e+00 -7.392961e-01
-1.973417e+00 -4.577926e+00
-4.097078e+00 2.532085e+00
-1.032023e+01 2.405085e+00
-6.005629e+00 3.221731e+00
4.251320e-01 4.983503e+00
-3.771224e+00 -7.421587e+00
-6.999051e-01 7.594986e+00
-1.737797e+00 4.995174e-01
1.964871e-01 -8.849199e+00
-5.239456e+00 7.246933e+00
1.450388e+00 -7.363779e+00
-2.566072e+00 -8.996696e+00
-3.904282e+00 -8.632644e+00
-2.689462e+00 -5.444918e+00
2.338275e+00 -6.619202e+00
-4.797456e+00 -9.102038e+00
-3.040752e+00 -4.395897e+00
-8.151585e+00 2.394306e+00
-3.875874e+00 1.418806e+00
-2.124621e+00 -2.282068e+00
-9.211617e+00 4.122969e+00
-3.169852e+00 3.189252e+00
2.659615e+00 4.850453e+00
-1.065993e+01 5.675581e+00
-9.370383e-01 2.359019e+00
1.723424e+00 9.717487e+00
3.012234e-01 6.908370e+00
-6.580858e+00 1.035185e+01
-1.258149e+00 9.536382e+00
1.717348e+00 1.091547e+01
1.406012e+00 7.873310e+00
-4.907938e+00 -5.612756e+00
-2.217345e-02 9.310779e+00
3.916359e+00 -9.412405e+00
-7.589490e-01 -8.546393e+00
3.088934e+00 -8.594729e+00
6.612151e+00 -6.182035e+00
-2.202940e+00 -1.288606e+00
6.608544e+00 -2.463599e-01
1.381034e+00 3.646533e-01
1.476161e+00 6.572859e+00
-3.713929e+00 4.570078e-01
-1.708731e+00 4.250247e+00
-2.151710e+00 3.259106e+00
-8.192568e-01 6.612770e+00
-2.890698e+00 8.374401e+00
2.900237e+00 1.038600e+01
-2.410337e+00 5.233921e+00
-1.428449e+00 1.071651e+01
-2.851891e+00 -9.981424e+00
7.509552e+00 -9.321592e+00
-2.752584e+00 -7.960868e+00
3.281026e+00 -6.068591e+00
6.415250e-01 -4.504062e+00
1.710766e+00 -4.388416e+00
4.090917e-01 -2.038764e-01
3.568852e+00 -4.977841e+00
6.883972e+00 1.188997e+00
-6.867254e+00 2.373442e+00
-1.168253e-02 9.269951e-01
1.011135e+00 2.611192e+00
-6.891234e-01 4.608938e+00
1.243614e-01 1.979835e+00
2.420398e+00 7.307802e+00
1.476354e+00 4.706026e+00
3.353110e-01 7.952229e+00
-3.704519e-01 -1.091009e+01
8.945838e-01 8.861636e+00
-5.416572e-03 5.894002e+00
1.671784e+00 -1.037065e+01
-1.645896e+00 -9.523243e+00
-2.487042e+00 9.405277e+00
-1.765863e+00 -6.827304e+00
-6.884585e-01 -4.961023e+00
2.751662e+00 -7.544457e+00
4.759196e+00 -6.071125e+00
-1.423227e+00 -5.397146e-01
-2.829026e+00 9.272827e-01
2.544438e+00 -1.581781e+00
2.624613e+00 -5.296704e-01
1.802007e+00 3.621315e+00
5.520518e+00 6.637606e+00
-1.010630e+00 3.452641e+00
-5.605602e-01 6.404671e-02
2.280636e+00 -3.022097e+00
7.860785e-01 1.022518e+01
8.123647e+00 8.905088e+00
6.929779e-01 -9.770941e+00
3.987903e+00 8.747425e+00
2.096877e+00 -8.290741e+00
-4.047173e-01 -9.817363e+00
-3.554810e+00 1.022484e+01
3.932460e+00 1.100382e+01
4.684761e+00 -4.897027e+00
7.504092e+00 -6.661284e+00
5.073066e+00 -7.089948e+00
3.574495e+00 -3.470956e+00
-3.112898e+00 -2.854108e+00
-1.599562e-01 -1.055018e+00
1.941167e+00 1.281122e+00
7.595688e+00 4.478230e-01
3.049174e+00 8.126425e+00
5.301175e+00 8.555702e+00
2.836951e+00 3.836235e+00
2.999857e+00 9.317424e+00
4.955860e+00 1.057202e+01
3.701578e+00 -1.040083e+01
4.813003e+00 -1.026352e+01
4.913597e+00 -9.157436e+00
9.524726e+00 -4.688183e+00
5.884470e+00 -5.419488e+00
-3.258530e-01 1.039814e+01
3.919300e+00 9.936770e+00
-5.510064e-01 -6.140034e+00
2.621665e+00 -9.773768e+00
5.252602e+00 -8.204569e+00
6.900499e+00 -4.726026e+00
5.810916e+00 -3.017767e+00
6.834932e-01 -1.649135e+00
5.586127e+00 -7.128431e-01
1.972664e+00 5.723936e+00
4.217016e+00 1.971689e+00
7.140065e-01 3.901589e+00
3.665276e+00 2.898724e+00
7.475162e+00 -1.113870e+01
4.680823e+00 -1.176059e+00
4.787320e+00 5.746386e+00
6.940449e+00 8.587273e+00
2.749191e+00 -1.096486e+01
8.745009e+00 -9.395298e+00
1.244859e+00 -8.899759e+00
4.823352e+00 -3.561224e+00
3.933364e+00 -6.993348e+00
1.029676e+01 -8.298563e+00
6.018472e+00 -8.876488e+00
6.235753e+00 -7.506182e+00
8.656028e+00 -6.346827e+00
-1.263840e+00 -3.798154e+00
1.596642e+00 -2.233406e+00
3.979763e+00 7.925395e-01
8.699494e+00 -4.270799e-01
5.685913e+00 -1.092122e+01
6.038806e+00 7.738062e+00
1.016976e+01 8.393126e+00
9.670568e+00 9.540510e+00
8.798903e+00 1.015174e+01
8.940603e+00 7.623731e+00
6.507354e-01 -1.083644e+01
4.097195e+00 -8.285117e+00
7.421031e+00 -7.828352e+00
-9.098074e+00 -1.101294e+01
7.972591e+00 -1.020257e+01
-1.001874e+01 -1.007861e+01
-1.022053e+01 -5.735807e+00
-8.134137e+00 -1.047012e+01
1.026312e+01 -9.511466e+00
4.236968e+00 -2.256028e+00
1.598914e+00 -5.742636e+00
5.801018e+00 5.213133e+00
5.135756e+00 2.507868e+00
5.805704e+00 3.956140e+00
3.213340e+00 1.476127e+00
2.920680e+00 6.345845e+00
6.082924e+00 9.376520e+00
4.666443e+00 7.507644e+00
-1.074026e+01 1.016331e+01
9.076949e+00 8.644989e+00
8.749032e+00 -7.620747e+00
1.116312e+01 -8.989669e+00
-9.956587e+00 -8.011562e+00
8.125895e+00 -8.518046e+00
6.903809e+00 -1.022841e+01
-7.057787e+00 -8.278531e+00
6.341046e+00 -1.487420e+00
1.106633e+01 -5.695190e+00
5.838096e+00 -4.120198e+00
-7.797397e-01 -2.718287e+00
-1.052423e+01 -4.784786e+00
2.958394e+00 4.762899e-01
2.741621e+00 -4.171618e+00
4.742578e+00 -1.392374e-01
2.349181e+00 2.650470e+00
1.114234e+01 6.761932e+00
1.022254e+01 7.249303e+00
5.863541e+00 -9.928085e+00
7.276662e+00 5.376411e+00
7.371390e+00 9.787828e+00
1.082339e+01 1.090523e+01
1.013946e+01 -1.068219e+01
7.483606e+00 -5.620452e+00
-1.102549e+01 -7.698567e+00
-8.492001e+00 1.042390e+01
-9.846352e+00 -3.845044e+00
7.694679e+00 -3.034959e+00
1.078857e+01 -6.830477e+00
1.184243e+00 -3.206155e+00
-2.345191e+00 -3.655504e+00
6.757816e+00 -2.583391e+00
7.990350e+00 -4.402376e+00
3.554288e+00 -1.397677e+00
4.804670e+00 4.540799e+00
5.114846e+00 1.310355e+00
4.978606e+00 9.476045e+00
2.149575e+00 8.759962e+00
6.136900e+00 1.877925e+00
8.311560e+00 5.534205e+00
-9.919383e+00 8.054910e+00
9.267816e+00 -8.526182e+00
-9.043473e+00 -9.882622e+00
6.457581e+00 1.053975e+01
8.633780e+00 -1.117008e+01
-7.037102e+00 7.876813e+00
-1.113030e+01 -1.018631e+01
-9.544609e+00 -1.753356e+00
-1.083826e+01 -1.715530e+00
9.739554e+00 -7.106730e+00
6.785274e+00 -3.719232e+00
7.397344e+00 -9.184172e-01
1.069480e+01 -2.881337e+00
9.521221e+00 -2.473229e+00
8.071806e+00 6.763590e+00
4.559833e+00 3.457253e+00
3.732268e+00 4.531881e+00
9.607115e+00 1.081979e+01
-1.064153e+01 4.539090e+00
-8.957849e+00 8.391062e+00
1.081222e+01 9.494075e+00
-5.573694e+00 9.342660e+00
