-8.366957e+00 -8.256188e+00
-9.731545e+00 9.973589e+00
-8.816591e+00 -9.366041e+00
-9.409580e+00 -8.364849e+00
-1.100180e+01 -3.119217e+00
-9.400916e+00 -5.019792e+00
8.956797e+00 -4.768030e+00
8.450806e+00 -2.815939e+00
7.042966e+00 -2.150041e+00
7.978147e+00 -1.793922e+00
7.423222e+00 4.589797e+00
9.250957e+00 5.790716e+00
9.836463e+00 5.890511e-01
5.195532e+00 5.934936e+00
1.060828e+01 8.517020e+00
9.312821e+00 4.656109e+00
-1.008884e+01 3.109438e+00
-1.062473e+01 9.331524e+00
1.057808e+01 1.088077e+01
-7.854445e+00 -9.942573e+00
-8.946527e+00 -7.176083e+00
-5.266132e+00 -9.281459e+00
-9.178694e+00 -1.036225e+01
-1.102924e+01 -4.318999e+00
-1.007124e+01 -7.526075e+00
-1.115599e+01 -1.534345e+00
9.282980e+00 -3.672742e+00
-1.024607e+01 -2.197811e+00
6.811699e+00 -3.364919e+00
1.003051e+01 2.716383e+00
1.020814e+01 -1.417606e+00
9.055772e+00 -1.412620e+00
9.527940e+00 -4.453640e-01
-1.099497e+01 1.754935e+00
-1.104109e+01 3.975409e+00
7.561357e+00 6.914068e+00
-1.056754e+01 1.068283e+01
-6.349320e+00 8.208835e+00
-9.472144e+00 1.099188e+01
1.064367e+01 9.789049e+00
-7.446026e+00 -1.086407e+01
-7.022471e+00 -5.869622e+00
-1.101781e+01 -7.072755e+00
-7.480832e+00 -8.994150e+00
-1.005089e+01 -3.929116e+00
-8.851788e+00 -2.021337e+00
-8.278600e+00 -2.847339e+00
-9.889131e+00 -1.111588e+00
5.384437e+00 -2.455564e-02
-9.557268e+00 -1.149409e-01
7.876253e+00 -3.688277e+00
1.067012e+01 -2.059680e-01
-1.067468e+01 -3.772199e-01
9.441955e+00 6.977384e+00
1.075420e+01 8.243962e-01
-8.252769e+00 5.898697e+00
-9.301337e+00 6.179547e+00
-6.725103e+00 5.348003e+00
-8.395527e+00 6.945757e+00
-8.439990e+00 8.102292e+00
-6.557549e+00 -8.630853e+00
-3.495755e+00 -1.104336e+01
-8.336390e+00 -4.764204e+00
-8.648497e+00 -5.824322e+00
1.050538e+01 -2.456539e+00
-1.013341e+01 -6.386669e+00
-7.857048e+00 -3.920734e+00
-7.207843e+00 -3.122298e+00
6.911245e+00 -7.288233e+00
-7.824846e+00 -1.800826e+00
-8.707711e+00 -7.655837e-01
-1.117142e+01 2.872818e+00
1.019803e+01 3.877251e+00
1.024401e+01 5.118546e+00
1.026038e+01 6.228149e+00
-1.007824e+01 4.387407e+00
-1.043798e+01 8.425667e-01
-5.452331e+00 7.688374e+00
-7.197298e+00 9.065108e+00
-1.056118e+01 7.921404e+00
-6.111950e+00 9.477622e+00
-6.379250e+00 -1.098559e+01
-4.839739e+00 9.935638e+00
-6.520822e+00 -9.973925e+00
-7.069760e+00 -4.599339e+00
-7.891917e+00 -6.625250e+00
-5.807731e+00 -4.699125e+00
-9.508591e+00 -3.009833e+00
-1.062509e+01 -5.319045e+00
-1.024141e+00 -3.870361e+00
-6.027999e+00 -3.658769e+00
-7.113066e+00 1.942694e-01
-5.611311e+00 -2.706446e+00
-7.707421e+00 -8.144468e-01
-9.291267e+00 8.494862e-01
-8.843344e+00 3.889771e+00
-7.786541e+00 4.942050e+00
-8.255980e+00 9.222367e+00
-3.893184e+00 6.697568e+00
-5.362631e+00 8.735393e+00
-2.448770e+00 9.339841e+00
-4.384697e+00 1.089112e+01
-5.431888e+00 -1.050103e+01
-4.019822e+00 -7.901195e+00
-4.817529e+00 -5.315218e+00
-4.589043e+00 -2.424356e+00
1.242389e+00 -3.049203e+00
-8.961965e+00 -3.892721e+00
-3.809538e+00 -4.185049e+00
-2.725357e+00 -3.827700e+00
-4.736553e+00 -1.163418e+00
-5.793714e+00 -1.469492e+00
-6.539316e+00 2.056624e+00
-7.262794e+00 1.215023e+00
-7.748071e+00 2.292785e+00
-8.145395e+00 1.963976e-01
-7.362474e+00 8.017802e+00
-6.630348e+00 1.036620e+01
-8.928866e+00 2.412294e+00
-6.632974e+00 7.110842e+00
-4.916926e+00 6.809714e+00
-5.828454e+00 2.752833e+00
-2.994085e+00 -1.010410e+01
-6.589061e+00 -6.865980e+00
-3.670298e+00 -5.301198e+00
-2.937957e+00 -6.072803e+00
-1.675183e+00 -4.819105e+00
-5.750781e+00 -5.758517e+00
-4.839478e+00 -4.140338e+00
-1.434022e+00 -9.304226e-01
-3.616218e+00 -2.087754e+00
-6.613028e+00 -2.222199e+00
-8.341796e+00 1.263680e+00
-9.958763e+00 2.045643e+00
-6.180735e+00 6.803437e-01
-7.315505e+00 6.275599e+00
-9.593629e+00 8.935679e+00
-7.365670e+00 3.874074e+00
-3.754561e+00 4.829251e+00
-5.896709e+00 6.326931e+00
-3.022188e+00 1.041390e+01
-2.135245e+00 6.520832e+00
-4.486548e+00 -1.014787e+01
-7.307808e+00 -7.834392e+00
-2.220861e+00 -6.898819e+00
-6.007096e+00 -7.719111e+00
-6.205162e-01 -5.377600e+00
-3.677960e+00 -3.165277e+00
-8.211514e-01 -2.609686e+00
-3.383897e+00 -8.304786e-01
-2.744195e-01 -6.462757e-04
-1.807520e+00 -3.144636e+00
-5.754819e+00 -3.661028e-01
-4.285921e+00 1.583184e+00
-5.607768e+00 5.343162e+00
-4.101771e+00 5.493861e-02
-2.502221e+00 -1.243394e+00
-2.001468e+00 3.906456e+00
-3.171024e+00 8.313585e+00
-4.442380e+00 5.820170e+00
-2.964682e+00 7.278536e+00
-3.681003e+00 9.459037e+00
-2.016862e+00 8.382822e+00
-5.149728e+00 -6.724551e+00
-4.225991e+00 -9.150180e+00
-1.960680e+00 -5.876724e+00
2.123078e+00 -2.534571e+00
-2.679324e+00 -4.943770e+00
4.857832e-01 -2.130514e+00
3.014143e-02 -4.024886e+00
8.188818e-02 -3.060030e+00
-1.450009e+00 1.756161e-01
-2.681353e+00 -5.674151e-02
-3.292643e+00 8.682045e-01
-4.814763e+00 2.562705e+00
-4.739295e+00 4.666341e+00
-5.221704e+00 3.737885e+00
-2.270917e+00 -1.091681e+01
-2.316191e+00 5.473451e+00
-5.050645e+00 5.790270e-01
-1.950823e+00 1.020632e+01
-4.235007e+00 8.397876e+00
-3.230423e+00 -8.851135e+00
-1.604144e+00 -8.968769e+00
-5.006176e+00 -8.226060e+00
-1.162912e+00 -6.554037e+00
4.450959e-01 -5.241118e+00
-4.088270e+00 -6.316864e+00
-6.542919e-01 -1.556681e+00
-3.250297e+00 -7.175664e+00
-1.690336e+00 -2.035195e+00
3.487380e-01 8.565426e-01
-3.593283e+00 2.389994e+00
-6.698254e+00 -1.174393e+00
1.581291e+00 2.641267e+00
-6.339107e+00 4.285833e+00
-3.240677e+00 5.873504e+00
-1.549251e+00 7.348106e+00
-2.824858e+00 4.383465e+00
-5.625478e+00 1.054081e+01
-2.266282e-01 1.044589e+01
-6.112996e-01 7.162915e+00
-5.998200e-01 -9.658554e+00
-2.657056e+00 -7.967083e+00
1.037852e+00 -1.024572e+01
7.466677e-01 -6.892064e+00
-4.084423e-02 -1.064303e+01
1.695105e+00 -6.431274e+00
2.658654e+00 -7.802968e+00
1.650007e-01 -9.890287e-01
3.175500e+00 1.744856e+00
-2.489931e+00 1.974923e+00
-1.628879e+00 2.862582e+00
-2.740443e+00 -2.499899e+00
-3.956543e+00 3.703055e+00
-2.904070e+00 3.233601e+00
-1.314944e+00 5.077135e+00
-1.151534e+00 6.252356e+00
2.421141e+00 8.309261e+00
-9.387492e-01 4.099506e+00
-8.753545e-01 9.721230e+00
-1.748157e+00 -9.994930e+00
6.742165e-01 -7.906375e+00
-1.447329e+00 -7.684349e+00
1.426198e+00 -5.397199e+00
-9.611983e-02 -6.285172e+00
2.947759e+00 -5.573423e+00
1.419215e+00 7.415154e-01
1.068463e+00 -4.375323e+00
4.035461e+00 2.497732e+00
-5.622653e+00 1.632151e+00
9.517138e-01 1.677618e+00
-1.390424e+00 1.810969e+00
-5.492768e-01 3.055090e+00
2.419007e-03 6.155134e+00
2.864492e-02 3.990386e+00
5.295171e-01 2.975412e+00
1.081209e+00 8.478384e+00
5.080817e-01 7.253853e+00
1.565446e+00 7.280869e+00
1.110868e+00 6.192361e+00
1.468820e-01 5.084047e+00
2.597266e+00 9.515093e+00
-9.425893e-01 8.170118e+00
-5.380265e-01 -8.554620e+00
-3.381622e-01 -7.497440e+00
1.663744e+00 -7.456880e+00
2.226913e+00 -4.784737e+00
-6.538430e-01 1.089745e+00
-2.084627e+00 1.008526e+00
3.510842e+00 3.430064e+00
5.618779e+00 1.258227e+00
2.006612e+00 1.609164e+00
6.713623e+00 2.928878e+00
1.093366e+00 4.727181e+00
3.219753e+00 6.194697e+00
4.673492e+00 7.715990e+00
4.416929e+00 8.722001e+00
4.666466e+00 1.010172e+01
2.936136e+00 -1.036955e+01
3.513824e+00 8.234324e+00
1.525815e+00 -8.612177e+00
2.788559e+00 1.057741e+01
4.799225e-01 9.581394e+00
1.592754e+00 9.825473e+00
5.591972e+00 -4.120959e+00
2.859890e+00 -6.631625e+00
3.144739e+00 -4.128073e+00
3.293009e+00 2.419047e-02
8.441136e-01 -5.361316e-02
2.613632e+00 8.333877e-01
2.266906e+00 4.075812e+00
6.538398e+00 4.727154e-01
2.130756e+00 5.267994e+00
5.423053e+00 8.358072e+00
-8.241535e-02 2.030918e+00
3.038712e+00 7.211086e+00
4.453337e+00 -9.433265e+00
4.078839e+00 1.096673e+01
4.148174e+00 -1.038721e+01
1.849910e+00 1.108726e+01
9.491883e+00 -7.755472e+00
3.625364e+00 -7.344916e+00
-1.091107e+00 1.106178e+01
-9.193727e-02 8.636089e+00
3.559724e-01 -9.254252e+00
2.005469e+00 -9.948180e+00
3.924933e+00 -5.193978e+00
4.993614e+00 -5.219148e+00
2.150538e+00 -3.681866e+00
1.906284e+00 -2.269174e-01
4.420149e+00 1.333007e+00
3.299415e+00 4.686017e+00
6.081012e+00 5.129466e+00
2.219561e+00 6.355338e+00
1.312926e+00 3.686628e+00
5.174447e+00 -1.046997e+01
4.004723e+00 6.923292e+00
8.556401e+00 8.602862e+00
6.194094e+00 -1.024281e+01
5.394526e+00 1.087349e+01
7.959896e+00 -9.684491e+00
9.178495e-01 1.058061e+01
4.024771e+00 -6.198667e+00
3.724633e+00 -8.548730e+00
7.284633e+00 -8.295789e+00
4.771463e+00 -7.305280e+00
5.877123e+00 -7.117176e+00
5.211500e+00 -6.243268e+00
1.258291e+00 -1.120717e+00
4.256336e+00 -4.483319e-01
6.382868e+00 1.939267e+00
7.658998e+00 2.316171e+00
6.467904e+00 8.810384e+00
6.571466e+00 7.627590e+00
7.623498e+00 8.071382e+00
8.505431e+00 7.541908e+00
5.560143e+00 9.470922e+00
9.565631e+00 8.109602e+00
3.601021e+00 9.707903e+00
2.682200e+00 -9.044586e+00
5.011587e+00 -8.385564e+00
8.519274e+00 1.082304e+01
7.371828e+00 -1.085327e+01
1.043850e+01 -8.354935e+00
9.672462e+00 -5.627899e+00
8.552113e+00 -8.770285e+00
7.831366e+00 -6.670464e+00
3.660267e+00 -2.957584e+00
3.382378e+00 -1.049061e+00
5.955329e+00 3.782636e+00
5.556016e+00 2.814264e+00
7.201977e+00 -1.039546e+00
2.725268e+00 2.738673e+00
7.966926e+00 3.621277e+00
6.647866e+00 9.822250e+00
6.543884e+00 6.509767e+00
1.109316e+01 -1.052907e+01
7.518779e+00 1.045170e+01
8.783659e+00 -1.037154e+01
9.603554e+00 -8.995671e+00
1.105380e+01 -9.509856e+00
6.102227e+00 -8.087587e+00
8.182408e+00 -7.691017e+00
1.073625e+01 -5.724264e+00
6.101875e+00 -1.825166e+00
8.908813e+00 -6.716522e+00
6.788239e+00 -6.097160e+00
3.027483e+00 -2.124089e+00
6.644063e+00 -4.371238e+00
6.340397e+00 -5.585770e-01
5.188468e+00 -1.160818e+00
9.998026e+00 1.669820e+00
4.721178e+00 3.369960e+00
7.080261e+00 5.563618e+00
8.504029e+00 6.516137e+00
6.402151e+00 1.083413e+01
9.707329e+00 9.110624e+00
7.582195e+00 9.304643e+00
9.620791e+00 1.024650e+01
6.564605e+00 -9.263869e+00
1.029102e+01 -4.702000e+00
-1.077252e+01 -8.361871e+00
-9.893940e+00 -9.371705e+00
8.502485e+00 -5.804227e+00
4.163129e+00 -1.783123e+00
6.083117e+00 -5.294846e+00
4.469811e+00 -4.155971e+00
2.315546e+00 -1.333536e+00
5.724170e+00 -3.054289e+00
8.394429e+00 -4.339227e-01
7.397858e+00 1.224471e+00
9.232823e+00 3.547908e+00
8.599027e+00 2.633168e+00
5.606676e+00 6.995345e+00
4.005958e+00 5.444302e+00
-1.107041e+01 4.979125e+00
1.092572e+01 7.349732e+00
9.555060e+00 -1.112183e+01
5.505142e+00 -9.404557e+00
-8.484092e+00 -1.107271e+01
8.516460e+00 9.741675e+00
1.011994e+01 -1.010739e+01
-7.732466e+00 1.031904e+01
1.005687e+01 -6.679650e+00
1.043406e+01 -3.713996e+00
9.477783e+00 -2.351667e+00
7.427190e+00 -5.279202e+00
4.679929e+00 -2.711098e+00
8.514419e+00 1.543660e+00
8.785157e+00 5.321047e-01
7.353458e+00 -2.950719e-02
-1.026441e+01 5.711043e+00
8.141710e+00 5.515900e+00
4.602599e+00 4.383702e+00
-9.716239e+00 7.189185e+00
-9.377289e+00 5.114075e+00
-1.064308e+01 6.745531e+00
-1.022578e+01 -1.055965e+01
-8.702732e+00 1.029745e+01
