9.312504e+00 -1.014713e+01
1.085185e+01 -9.061435e+00
9.666778e+00 -8.102592e+00
1.115774e+01 -8.018245e+00
-1.055901e+01 -6.366743e+00
-1.040508e+01 -4.979183e+00
9.727341e+00 -4.832856e+00
9.646764e+00 -3.670550e+00
1.109842e+01 -2.301163e+00
1.007046e+01 -1.735200e+00
-1.062595e+01 -3.578018e-01
1.100764e+01 8.573982e-01
-1.106294e+01 1.837939e+00
1.034845e+01 2.327416e+00
1.117354e+01 3.178739e+00
1.088014e+01 4.732782e+00
-1.098811e+01 5.821450e+00
1.037542e+01 7.985695e+00
9.271061e+00 8.871292e+00
9.972852e+00 -1.106498e+01
1.098696e+01 1.110661e+01
-1.065164e+01 -1.013267e+01
1.057443e+01 -1.015303e+01
-1.043899e+01 -9.075781e+00
-1.020049e+01 -7.819572e+00
-9.629638e+00 -6.818742e+00
-9.385968e+00 -4.489557e+00
1.084398e+01 -4.581171e+00
1.073207e+01 -3.549173e+00
1.096646e+01 -1.164643e+00
-1.033667e+01 -1.642368e+00
-1.013922e+01 6.421247e-01
-9.669148e+00 1.541910e+00
-1.014189e+01 2.757307e+00
-1.054170e+01 4.047631e+00
-1.025275e+01 5.016017e+00
-1.090200e+01 7.432613e+00
-9.930470e+00 7.906401e+00
-1.101183e+01 8.573767e+00
1.044568e+01 9.035527e+00
-1.008287e+01 1.035220e+01
-9.895317e+00 -1.085226e+01
-9.629177e+00 -9.753262e+00
-9.298845e+00 -8.584875e+00
-8.802643e+00 -7.573902e+00
-9.537957e+00 -5.734140e+00
-8.669498e+00 -5.215124e+00
-1.061725e+01 -3.908158e+00
-1.014923e+01 -2.812718e+00
-9.119581e+00 -2.412151e+00
-9.523576e+00 -2.594816e-01
-9.000388e+00 6.553939e-01
-9.025018e+00 2.412048e+00
-9.369997e+00 3.437584e+00
-9.317727e+00 4.628789e+00
-9.494687e+00 5.839583e+00
-1.017778e+01 6.693574e+00
-9.157337e+00 7.135926e+00
-9.921028e+00 9.220596e+00
-1.089220e+01 9.665726e+00
-9.094949e+00 1.080934e+01
-8.779993e+00 -1.057975e+01
-8.566145e+00 -9.339152e+00
-8.052900e+00 -8.393559e+00
-8.635209e+00 -6.410630e+00
-7.625487e+00 -6.303682e+00
-7.331987e+00 -5.369481e+00
-8.348440e+00 -4.160309e+00
-9.316750e+00 -3.451281e+00
-8.222812e+00 -1.652527e+00
-9.213636e+00 -1.340857e+00
-8.536399e+00 -4.662895e-01
-8.361476e+00 1.498569e+00
-7.996026e+00 2.543232e+00
-8.174750e+00 3.680235e+00
-8.547048e+00 5.407758e+00
-8.326615e+00 6.466868e+00
-7.993358e+00 7.812436e+00
-9.064375e+00 8.493437e+00
-8.811259e+00 9.867429e+00
-8.012181e+00 1.111537e+01
-7.848076e+00 -1.013499e+01
-6.830658e+00 -9.611512e+00
-7.039693e+00 -8.153698e+00
-7.677736e+00 -7.351728e+00
-6.650471e+00 -6.779200e+00
-6.186054e+00 -5.796457e+00
-7.169480e+00 -3.999265e+00
-8.190811e+00 -3.130089e+00
-6.988302e+00 -1.496587e+00
-7.172082e+00 -5.413992e-01
-6.788474e+00 5.478854e-01
-7.869946e+00 4.082367e-01
-7.323491e+00 1.521872e+00
-7.149516e+00 3.544323e+00
-7.418418e+00 5.730476e+00
-7.229424e+00 7.077260e+00
-8.169876e+00 9.032074e+00
-6.794553e+00 9.510262e+00
-7.655941e+00 1.007116e+01
-6.764292e+00 1.064376e+01
-6.516795e+00 -1.063945e+01
-5.476132e+00 -1.034215e+01
-6.203140e+00 -8.761482e+00
-5.814196e+00 -7.652506e+00
-5.057937e+00 -5.190431e+00
-5.375414e+00 -3.557306e+00
-6.115175e+00 -4.728861e+00
-7.190055e+00 -2.498985e+00
-5.410459e+00 -1.478594e+00
-6.093109e+00 -4.765725e-01
-5.721852e+00 4.772620e-01
-6.250406e+00 1.428178e+00
-6.796421e+00 2.494326e+00
-6.144039e+00 3.389738e+00
-7.607825e+00 4.599551e+00
-6.450463e+00 6.444687e+00
-7.033751e+00 8.472970e+00
-5.267596e+00 7.972011e+00
-5.919789e+00 8.794216e+00
-4.979604e+00 9.259588e+00
-5.814585e+00 1.001584e+01
-5.140952e+00 -9.313501e+00
-4.570555e+00 -7.227115e+00
-5.215772e+00 -6.288819e+00
-4.345773e+00 -4.356802e+00
-4.890793e+00 -2.319091e+00
-6.388609e+00 -3.341728e+00
-6.214429e+00 -2.188158e+00
-3.022785e+00 -1.037318e+00
-5.087099e+00 -2.936080e-01
-4.497789e+00 7.299351e-01
-4.952555e+00 1.690668e+00
-5.743951e+00 2.411398e+00
-5.693939e+00 4.307842e+00
-6.528843e+00 5.224495e+00
-6.267738e+00 7.531226e+00
-5.348882e+00 6.749738e+00
-4.304531e+00 7.266767e+00
-4.084352e+00 8.636597e+00
-5.075438e+00 1.097571e+01
-4.446083e+00 -1.012053e+01
-3.972625e+00 -9.056204e+00
-4.686131e+00 -8.316406e+00
-3.289389e+00 -7.079362e+00
-4.023045e+00 -6.005373e+00
-3.415247e+00 -4.878256e+00
-4.236695e+00 -1.340860e+00
-3.594398e+00 -2.173538e+00
-4.057264e+00 -2.963369e-01
-2.746615e+00 -1.307341e-02
-3.014459e+00 9.638128e-01
-3.542883e+00 2.115852e+00
-4.539651e+00 2.690721e+00
-4.463647e+00 3.996595e+00
-5.219375e+00 5.181524e+00
-4.548829e+00 6.152294e+00
-3.045576e+00 6.865353e+00
-3.044147e+00 8.947329e+00
-3.934595e+00 1.001868e+01
-3.658404e+00 -1.107975e+01
-3.360243e+00 -9.985042e+00
-2.875343e+00 -9.016548e+00
-2.542834e+00 -7.969406e+00
-1.992599e+00 -6.614227e+00
-2.978033e+00 -6.067348e+00
-2.108172e+00 -4.049803e+00
-4.235556e+00 -3.162589e+00
-3.185137e+00 -3.814594e+00
-2.367853e+00 -1.876684e+00
-1.754805e+00 -8.303458e-01
-2.017862e+00 1.380905e+00
-2.576544e+00 2.174284e+00
-3.644649e+00 3.150330e+00
-2.516121e+00 3.680204e+00
-4.144888e+00 5.044996e+00
-3.241615e+00 5.791204e+00
-2.221642e+00 7.604841e+00
-3.346444e+00 7.907683e+00
-2.961427e+00 1.041253e+01
-2.631912e+00 -1.084385e+01
-1.877485e+00 1.080445e+01
-2.179520e+00 -9.817437e+00
-1.613847e+00 -8.747520e+00
-1.565056e+00 -7.627464e+00
-1.072081e+00 -5.846470e+00
-2.363046e+00 -5.143631e+00
-1.228572e+00 -4.724415e+00
-1.355139e+00 -3.127653e+00
-2.521462e+00 -3.022034e+00
-1.177523e+00 -1.896563e+00
-1.605239e+00 2.943913e-01
-7.934372e-01 9.979613e-01
-1.758024e+00 2.713262e+00
-1.205009e+00 3.629837e+00
-3.070282e+00 4.673492e+00
-2.229978e+00 6.050496e+00
-1.170844e+00 7.803097e+00
-2.087719e+00 8.688401e+00
-2.128844e+00 9.723796e+00
-8.881816e-01 9.756255e+00
2.153667e-01 1.025440e+01
-1.444536e+00 -1.060030e+01
-3.643930e-01 -8.732966e+00
7.034467e-01 -7.145930e+00
-5.253352e-01 -7.640606e+00
-6.837828e-02 -5.201507e+00
-5.486414e-01 -3.814244e+00
5.418654e-01 -3.109758e+00
1.465303e-01 -2.020151e+00
-4.363823e-01 -1.133225e+00
-3.095189e-01 6.897240e-02
3.880552e-01 2.296005e+00
-1.041760e+00 1.945296e+00
-4.241562e-01 2.939687e+00
-1.791960e+00 4.640470e+00
-1.009207e+00 5.739682e+00
-1.125109e+00 6.781065e+00
-1.634817e-01 7.629861e+00
-7.191528e-01 8.706668e+00
1.338612e+00 1.093433e+01
-8.483376e-01 1.080255e+01
-7.769261e-01 -9.751900e+00
9.945330e-01 -8.272848e+00
-3.180026e-01 -6.561799e+00
6.719988e-01 -6.045544e+00
1.137211e+00 -5.088984e+00
5.584841e-01 -4.204881e+00
1.174411e+00 -1.142082e+00
6.654021e-01 -1.584610e-01
3.742991e-01 9.296993e-01
1.235705e+00 1.651569e+00
1.511458e+00 2.931635e+00
3.934384e-01 3.503799e+00
-4.094314e-01 4.905554e+00
4.317602e-01 5.551789e+00
-8.724904e-02 6.490585e+00
1.432495e+00 8.204593e+00
1.993936e+00 9.043438e+00
3.639471e-01 8.615336e+00
2.150247e+00 1.012799e+01
8.844067e-01 -1.025524e+01
1.147590e-01 -1.109585e+01
5.910052e-01 -9.222713e+00
1.844691e+00 -8.760149e+00
1.701068e+00 -7.469057e+00
1.995626e+00 -6.122416e+00
1.668130e+00 -3.747840e+00
1.488372e+00 -2.461382e+00
1.956633e+00 -3.440241e-01
1.563357e+00 5.971089e-01
2.372773e+00 2.052251e+00
2.699615e+00 3.132191e+00
1.702190e+00 4.001153e+00
1.929612e+00 5.084067e+00
8.351103e-01 4.548681e+00
8.656483e-01 6.875742e+00
2.501473e+00 7.005686e+00
2.616986e+00 8.041813e+00
1.025341e+00 9.515716e+00
4.079572e+00 9.500071e+00
3.235023e+00 1.037155e+01
4.570302e+00 1.067090e+01
2.140930e+00 -1.076440e+01
1.818236e+00 -9.793709e+00
2.709519e+00 -6.968306e+00
2.138690e+00 -4.956101e+00
2.614678e+00 -2.591761e+00
2.160212e+00 -1.545871e+00
2.966140e+00 -6.988285e-01
4.035397e+00 -7.231235e-01
2.664363e+00 1.068272e+00
3.444939e+00 2.204345e+00
2.731825e+00 4.259804e+00
4.229272e+00 4.242550e+00
1.777639e+00 6.136730e+00
3.507608e+00 6.257307e+00
3.646082e+00 7.441240e+00
3.762867e+00 8.549591e+00
2.937728e+00 9.219527e+00
5.397679e+00 1.007184e+01
4.795710e+00 -1.051557e+01
3.890538e+00 -1.095525e+01
2.955673e+00 -1.015463e+01
2.908957e+00 -9.027478e+00
2.656139e+00 -8.060774e+00
3.213316e+00 -5.966586e+00
4.047039e+00 -3.831613e+00
2.883599e+00 -3.879467e+00
3.242068e+00 -1.849700e+00
4.691142e+00 2.108817e-02
3.650890e+00 5.796181e-01
4.423012e+00 2.605288e+00
3.724200e+00 3.269374e+00
5.272935e+00 3.846198e+00
3.140144e+00 5.232211e+00
4.289056e+00 5.371883e+00
4.563183e+00 6.640762e+00
4.840818e+00 7.920605e+00
5.050618e+00 9.051601e+00
6.294383e+00 -1.090382e+01
5.068957e+00 -9.407994e+00
3.989289e+00 -9.291891e+00
3.818499e+00 -8.217317e+00
4.250295e+00 -5.850432e+00
3.964589e+00 -7.069237e+00
3.505319e+00 -4.932412e+00
4.624301e+00 -4.745436e+00
4.559054e+00 -2.857309e+00
3.515278e+00 -2.898314e+00
4.306402e+00 -1.718461e+00
4.481598e+00 1.080157e+00
5.695338e+00 2.751857e+00
6.746209e+00 2.615845e+00
6.234799e+00 3.661829e+00
5.147229e+00 4.817949e+00
5.336867e+00 5.935578e+00
5.570753e+00 7.180709e+00
6.073701e+00 8.195329e+00
6.225088e+00 9.308696e+00
7.108284e+00 -1.029538e+01
6.236540e+00 -9.663596e+00
4.965858e+00 -8.446888e+00
5.065529e+00 -7.118272e+00
5.340390e+00 -6.108502e+00
5.760173e+00 -5.068681e+00
6.875839e+00 -5.183423e+00
5.431170e+00 -3.602277e+00
5.371850e+00 -2.113461e+00
5.227695e+00 -9.903565e-01
6.965283e+00 -7.997814e-01
6.067385e+00 -3.828622e-01
5.509662e+00 5.631322e-01
5.335479e+00 1.620632e+00
7.628577e+00 3.118058e+00
6.215453e+00 4.805288e+00
6.467757e+00 6.139197e+00
6.817145e+00 7.148149e+00
7.061765e+00 8.616142e+00
6.685969e+00 1.021221e+01
7.575605e+00 1.074030e+01
7.713174e+00 -9.135872e+00
5.981415e+00 -8.309408e+00
6.228313e+00 -7.209334e+00
7.303125e+00 -7.080291e+00
6.621314e+00 -6.264495e+00
7.739774e+00 -5.873272e+00
6.548037e+00 -4.120714e+00
6.149291e+00 -2.885584e+00
6.573513e+00 -1.831494e+00
7.951843e+00 -1.362300e+00
6.996259e+00 2.492358e-01
7.855575e+00 1.366682e+00
6.531095e+00 1.420615e+00
8.621158e+00 2.514872e+00
7.229100e+00 4.158830e+00
7.394176e+00 5.168345e+00
7.550263e+00 6.495483e+00
7.699672e+00 7.795104e+00
8.255200e+00 8.732909e+00
7.618502e+00 9.667038e+00
8.741691e+00 -8.741473e+00
7.191076e+00 -8.214715e+00
8.151969e+00 -7.822267e+00
1.017882e+01 -6.029302e+00
8.348514e+00 -6.791604e+00
9.041613e+00 -5.765065e+00
7.583978e+00 -4.436151e+00
7.302507e+00 -3.412584e+00
7.781941e+00 -2.486483e+00
9.019701e+00 -1.415417e+00
8.040722e+00 -3.194323e-01
8.695549e+00 7.506604e-01
9.527672e+00 1.793752e+00
8.555161e+00 3.619889e+00
8.579367e+00 4.811299e+00
8.337784e+00 5.864730e+00
8.714680e+00 6.774947e+00
8.931856e+00 7.855742e+00
8.692398e+00 9.759192e+00
9.443056e+00 1.045793e+01
8.792486e+00 -1.108111e+01
8.174410e+00 -1.017176e+01
9.720053e+00 -9.194740e+00
9.481249e+00 -6.736612e+00
1.069191e+01 -7.011882e+00
1.110885e+01 -5.571779e+00
8.720345e+00 -4.345216e+00
8.860715e+00 -2.956914e+00
1.007311e+01 -2.742898e+00
1.027543e+01 -3.090361e-01
9.139000e+00 -3.039984e-01
9.808691e+00 6.671006e-01
9.479294e+00 3.065127e+00
1.008876e+01 3.927290e+00
9.633192e+00 4.913861e+00
9.794979e+00 5.971283e+00
1.063189e+01 6.653981e+00
9.727658e+00 7.107708e+00
1.050238e+01 1.011550e+01
