-1.088893e+01 -8.370476e+00
-9.928944e+00 8.201782e+00
-1.024328e+01 1.092547e+01
-9.138186e+00 -6.821493e+00
-9.606057e+00 -8.545504e-01
-8.578946e+00 -7.118772e-01
-6.746835e+00 -7.169773e-01
-1.023030e+01 1.951264e+00
4.816630e+00 -4.375842e+00
-1.090201e+01 1.110858e+00
4.702093e+00 4.816635e+00
-1.077626e+01 2.935915e+00
1.020794e+01 2.983187e+00
7.646836e+00 4.333444e+00
-6.903553e+00 7.778725e+00
8.491854e+00 1.851595e+00
-8.551143e+00 5.257645e+00
-5.467405e+00 7.770908e+00
9.060936e+00 -9.015096e+00
-8.989464e+00 -1.095686e+01
-8.298691e+00 -3.619076e+00
-8.977751e+00 -4.402646e+00
8.707086e+00 -5.798574e+00
-7.198007e+00 -2.433292e+00
-8.336263e+00 -2.559229e+00
-9.493597e+00 2.833861e+00
-5.849826e+00 -2.955676e+00
9.916954e+00 -1.862122e+00
5.460597e+00 -3.398998e+00
1.045715e+01 5.135097e+00
-8.864204e+00 3.765914e+00
8.029996e+00 -1.290471e+00
-8.182160e+00 8.730697e-01
1.096772e+01 2.030523e+00
3.225529e+00 1.763894e-01
9.303656e+00 8.310971e+00
-9.566290e+00 -9.346990e+00
-6.332589e+00 8.617292e+00
-1.027903e+01 -1.040379e+01
-9.208198e+00 7.491543e+00
-6.219180e+00 -9.302572e+00
-1.060816e+01 -5.176538e+00
-1.083656e+01 9.956272e+00
-9.418899e+00 1.026531e+01
-8.073118e+00 -6.464955e+00
-5.578820e+00 -9.239817e-01
-8.752876e+00 1.878240e+00
-7.646275e+00 -2.224024e-01
1.035948e+01 1.016468e+00
-7.824696e+00 4.387322e+00
9.171802e+00 -1.055006e+00
-6.125131e+00 1.272375e+00
1.101648e+01 9.283606e-02
9.187969e+00 5.018782e+00
3.773633e+00 1.707089e+00
-3.517199e+00 4.358161e+00
1.045272e+01 1.014370e+01
-2.016442e+00 4.718845e+00
-5.153206e+00 5.332985e+00
-3.214872e+00 7.922044e+00
9.521766e+00 -5.075145e+00
-2.231377e-01 1.001115e+01
-8.874555e+00 -5.793529e+00
-5.356709e+00 -7.941980e+00
-7.190115e+00 7.146890e-01
-7.735260e+00 -1.446315e+00
-6.764448e+00 -4.833917e+00
-6.221612e+00 -3.970172e+00
8.772278e+00 -2.052775e+00
-6.394780e+00 -1.665311e+00
-6.103895e+00 5.850178e+00
8.044421e+00 8.014928e-01
1.444231e+00 -1.505690e+00
8.141232e+00 5.416376e+00
9.969808e+00 9.271642e+00
2.525470e+00 1.634908e+00
-5.980695e+00 3.845501e+00
-3.443894e+00 6.325720e+00
-7.848931e+00 6.121346e+00
-9.838408e+00 -8.044956e+00
-1.388954e+00 8.950166e+00
-8.298617e+00 -1.001428e+01
-2.442002e+00 9.962771e+00
-1.009387e+01 -6.196402e+00
-9.243631e+00 -3.128359e+00
1.028327e+01 -2.936416e+00
-5.128660e+00 -5.866286e+00
-7.712889e+00 1.929318e+00
-1.032484e+01 -4.095285e+00
4.033587e+00 -8.259336e+00
-7.190611e+00 -6.893428e+00
-4.780495e+00 3.232105e-02
-7.135219e+00 5.360094e+00
-4.841215e+00 6.420518e+00
9.012760e+00 6.139292e+00
5.714751e+00 -5.621927e-02
8.004922e+00 2.849473e+00
1.111120e+01 -3.762653e+00
9.050882e-01 7.085358e+00
1.077167e+01 -6.093676e+00
-8.579092e+00 9.425974e+00
5.734134e-01 1.113438e+01
-6.075543e+00 -1.039475e+01
-5.660576e+00 -4.856447e+00
-4.930682e+00 -9.991298e+00
1.102228e+01 -1.927423e+00
-9.302402e-01 -8.863480e+00
-1.016086e+01 2.724589e-01
-7.125224e+00 -1.016406e+01
-3.624821e+00 -3.404667e+00
-5.102934e+00 9.934958e-01
-4.316915e+00 1.837332e+00
-4.893876e+00 3.205218e+00
-1.773846e+00 1.343253e+00
9.805881e+00 7.387904e+00
1.075299e+01 3.904742e+00
-5.752090e+00 6.825115e+00
-9.917335e+00 9.253472e+00
1.008976e+01 6.048053e+00
-9.701908e+00 5.771415e+00
-1.997887e+00 6.078902e+00
-1.237951e+00 6.833182e+00
-4.891924e+00 1.118003e+01
-6.104272e+00 -6.996124e+00
4.360222e-01 -8.089193e+00
-3.683332e+00 -7.042917e+00
-4.059712e+00 -6.060710e+00
-2.637505e+00 -6.583632e+00
-5.439468e+00 2.193852e+00
-3.763667e+00 2.883536e+00
-3.524442e+00 -4.620029e+00
-1.395546e+00 -1.025108e+00
-8.337573e+00 2.829921e+00
-1.005816e+01 3.822139e+00
-1.095122e+00 5.400448e+00
3.127186e+00 7.548932e+00
-3.890752e+00 5.361072e+00
1.074043e+01 6.897820e+00
-2.702549e+00 3.296074e+00
-2.826434e+00 5.328002e+00
-6.848994e+00 6.728341e+00
2.327277e+00 6.893454e+00
-4.680893e+00 1.009035e+01
-8.357751e+00 1.047053e+01
-7.873245e+00 -1.092176e+01
-5.759613e+00 1.063685e+01
-6.214424e+00 -5.882931e+00
-4.448717e+00 -5.065361e+00
-6.499804e+00 -8.309969e+00
-3.035600e+00 -2.440737e+00
-2.074464e+00 -1.976392e+00
-6.819257e-01 -7.477969e+00
-1.072972e+01 4.669147e+00
2.726254e-01 -2.959005e+00
-6.077923e-01 3.426837e+00
-6.524242e-01 -3.019756e-01
-4.847483e+00 -4.099345e+00
-4.040230e+00 7.272913e+00
-2.359816e+00 7.103962e+00
-3.501273e+00 -3.537051e-01
-1.981542e+00 7.974447e+00
-6.616597e+00 9.932142e+00
-3.064298e-01 8.945096e+00
-4.228633e+00 -8.310708e+00
-5.840892e+00 1.798462e-01
-4.755853e+00 -2.857970e+00
-3.994459e+00 -1.054746e+01
-7.254189e+00 -3.840313e+00
-3.001315e+00 -5.555733e+00
-1.959609e+00 -9.896816e+00
-5.636085e-01 1.106348e+01
1.510779e+00 -5.026661e+00
-2.223794e+00 -7.705319e+00
-1.713465e+00 3.585821e+00
-9.638274e+00 4.766396e+00
-4.827394e+00 4.362152e+00
9.245567e-02 5.687368e+00
-7.453098e+00 -8.077465e+00
1.425944e+00 8.043155e+00
-4.087507e+00 -2.120381e+00
-3.993573e+00 -9.407402e+00
-4.549992e+00 8.310599e+00
1.246822e+00 -9.357945e+00
-6.822379e+00 1.103540e+01
-7.344585e+00 -9.111613e+00
-1.696319e+00 -1.101211e+01
2.086200e-01 -9.052668e+00
-8.545266e+00 -8.788020e+00
-3.207618e+00 -7.943141e+00
-7.398727e+00 3.455527e+00
-6.513489e+00 2.271357e+00
-2.523533e+00 -3.344036e+00
-8.879014e+00 6.441773e+00
-2.977247e+00 2.196600e+00
3.768434e+00 4.541626e+00
-1.014970e+01 6.825478e+00
-8.323459e-01 2.386237e+00
4.983928e+00 8.231276e+00
4.641242e+00 6.236721e+00
-1.037233e+01 -7.155215e+00
3.659384e+00 9.305866e+00
2.970853e+00 -1.113727e+01
4.519286e+00 7.276393e+00
-4.753409e+00 -6.918315e+00
7.517700e-01 8.848316e+00
6.780245e+00 9.360010e+00
-1.245241e+00 1.012533e+01
2.362664e+00 -9.748319e+00
5.696224e+00 -5.340257e+00
-3.346955e+00 -1.410847e+00
4.248076e+00 5.083627e-01
1.005823e+00 -4.017152e+00
1.104940e+00 6.030767e+00
-5.276170e+00 -2.037017e+00
-5.235363e-01 4.496609e+00
-2.400024e+00 -7.278431e-01
2.502771e+00 5.798392e+00
-8.530931e-01 7.968106e+00
6.002251e+00 8.655691e+00
-1.839032e+00 2.485736e+00
3.387155e-01 -1.015384e+01
-7.598649e+00 9.797025e+00
4.345663e+00 -9.424539e+00
-3.882908e+00 1.068458e+01
1.893540e+00 -6.030397e+00
1.398000e-01 -6.774060e+00
2.543406e+00 -8.361442e+00
-9.521924e-01 -4.789758e+00
3.648992e+00 -5.667529e+00
5.464476e+00 1.198402e+00
-6.193375e+00 4.800619e+00
-1.609822e+00 2.629131e-02
-8.672513e-01 8.852949e-01
-1.564633e-01 6.971260e+00
-3.639069e-01 -1.241290e+00
6.730296e+00 2.709742e+00
3.104522e+00 3.647476e+00
2.770804e+00 9.899444e+00
3.918524e+00 1.028808e+01
2.517760e+00 8.702932e+00
3.593276e+00 5.596437e+00
1.667402e+00 -1.053422e+01
-2.895281e+00 9.085522e+00
1.624991e+00 9.359271e+00
-2.840417e+00 1.102585e+01
-5.237609e-01 -6.034215e+00
5.210502e+00 -9.872833e+00
4.629755e+00 -5.380661e+00
-3.917362e+00 6.069874e-01
-4.481490e+00 -1.013420e+00
1.187979e+00 -7.344634e+00
-1.544675e-01 -3.954052e+00
9.681165e-01 3.210655e+00
6.741146e+00 5.185638e+00
6.540188e-01 4.311223e+00
-2.593566e+00 5.158866e-01
2.321522e+00 -7.296748e+00
4.007384e+00 -1.103161e+01
7.893533e+00 9.322861e+00
2.036591e+00 1.074618e+01
6.550576e+00 6.525845e+00
3.317470e+00 -9.027496e+00
-7.861707e-01 -1.008324e+01
-3.970971e+00 9.323932e+00
7.217899e+00 8.409793e+00
3.790932e+00 -4.536645e+00
8.093219e+00 -4.928674e+00
4.618628e+00 -6.587365e+00
1.461717e+00 -2.818570e+00
-1.836937e+00 -5.820132e+00
-2.167441e+00 -4.781121e+00
3.972627e-01 1.545646e+00
8.321991e+00 -1.727367e-01
2.707517e+00 4.575668e+00
5.541901e+00 5.711804e+00
4.080749e+00 3.270699e+00
6.374988e+00 7.559402e+00
4.894662e+00 9.507983e+00
6.298863e+00 -9.876457e+00
6.902142e+00 1.034830e+01
6.960040e+00 -7.092015e+00
5.937258e+00 -2.264443e+00
5.354949e+00 -7.615121e+00
1.100211e+00 1.030859e+01
5.542824e+00 6.938873e+00
-5.072586e+00 -9.021753e+00
3.451507e+00 -1.010085e+01
3.504593e+00 -7.327226e+00
4.553916e+00 -2.604173e+00
2.422418e+00 -2.934629e+00
-1.390511e+00 -3.605593e+00
3.485485e+00 -2.101071e+00
1.645619e+00 5.062501e+00
2.099552e+00 2.683079e+00
1.856505e+00 3.978006e+00
1.459467e+00 1.616965e+00
7.126061e+00 -1.087815e+01
2.425178e+00 -1.929917e+00
5.839163e+00 3.306340e+00
8.793272e+00 7.181419e+00
5.689455e+00 -1.101797e+01
6.837910e+00 -8.141287e+00
1.483241e+00 -8.293250e+00
3.142918e+00 -3.642438e+00
2.919991e+00 -6.319465e+00
7.363178e+00 -3.994767e+00
5.023123e+00 -8.652888e+00
5.722762e+00 -6.555163e+00
7.799442e+00 -2.294120e+00
-2.471281e+00 -8.846533e+00
4.249201e-01 -4.861319e+00
5.346899e-01 -1.845640e+00
9.811799e+00 2.028810e+00
8.194693e+00 -1.018343e+01
4.998291e+00 3.848010e+00
-1.086511e+01 7.749522e+00
1.110759e+01 1.098129e+01
8.913932e+00 -1.103994e+01
8.936948e+00 9.307767e+00
4.967522e+00 1.068487e+01
6.143251e+00 -8.896042e+00
6.578444e+00 -6.066835e+00
1.034257e+01 -8.180334e+00
7.164736e+00 -9.169152e+00
1.070078e+01 -4.981242e+00
-1.045603e+01 -2.780307e+00
-8.117884e+00 7.214088e+00
7.558549e+00 -6.283397e+00
3.343057e+00 -9.917966e-01
-3.096056e+00 -9.977163e+00
6.661044e+00 4.055095e+00
2.252222e+00 5.485286e-01
4.591834e+00 2.399443e+00
1.177426e-01 4.587807e-01
5.740923e+00 4.657241e+00
5.821036e+00 1.007483e+01
3.513437e+00 6.588826e+00
1.002773e+01 -1.100068e+01
8.025494e+00 1.047218e+01
6.933740e+00 -2.784384e+00
1.080370e+01 -7.249411e+00
-7.971077e+00 -4.811906e+00
8.192767e+00 -3.319569e+00
8.268745e+00 8.242772e+00
-7.288035e+00 -5.738427e+00
9.280614e+00 1.156141e+00
9.164836e+00 -2.951215e+00
4.199357e+00 -3.505856e+00
-9.618486e-01 -2.426310e+00
6.769362e+00 -1.562433e+00
5.743072e-01 -7.493178e-01
2.704308e+00 -5.163010e+00
2.239800e+00 -7.735566e-01
2.271814e-01 2.485147e+00
1.053978e+01 8.260994e+00
-1.099219e+01 8.841372e+00
8.081259e+00 -8.643711e+00
7.224534e+00 1.732831e+00
9.553317e+00 -1.009697e+01
1.020581e+01 -9.308006e+00
7.936204e+00 -7.624900e+00
6.770818e+00 -4.889778e+00
9.837745e+00 -3.897433e+00
-1.074667e+01 -9.472418e+00
-1.005898e+01 -1.792915e+00
7.350415e+00 2.198543e-02
-8.898064e+00 -1.697605e+00
8.536379e-01 -5.959347e+00
-1.581687e+00 -6.864614e+00
4.719948e+00 -5.020414e-01
5.806294e+00 -1.201545e+00
2.119157e+00 -4.163547e+00
8.529422e+00 3.730265e+00
5.808596e+00 2.271059e+00
7.850713e+00 6.470153e+00
3.896916e+00 8.314656e+00
6.607503e+00 8.647623e-01
9.075268e+00 2.858315e+00
-8.497027e+00 8.239535e+00
6.315493e+00 -3.886291e+00
9.782563e+00 -6.575681e+00
7.554123e+00 7.485070e+00
8.878733e+00 -7.923917e+00
-5.556823e+00 9.328657e+00
8.715628e+00 -6.923012e+00
-9.169738e+00 9.056325e-02
-9.496471e+00 1.131072e+00
8.829230e+00 -4.141209e+00
4.423685e+00 -1.539306e+00
-1.064433e+01 -8.983503e-01
1.052824e+01 -9.110056e-01
9.880711e+00 9.742686e-02
9.594136e+00 4.019544e+00
3.150612e+00 2.520368e+00
1.316162e+00 1.513685e-01
1.091709e+01 -1.024777e+01
-1.108415e+01 5.800082e+00
-8.586436e+00 -7.800038e+00
9.357027e+00 1.037395e+01
-7.616368e+00 8.697934e+00
