-9.128562e+00 -9.324263e+00
-1.043081e+01 8.986425e+00
-1.085949e+01 -7.151740e+00
-7.656717e+00 -7.575686e+00
-9.784264e+00 -6.774777e+00
-9.873758e+00 -5.414549e+00
1.001149e+01 -2.134404e+00
1.093154e+01 -3.463649e+00
7.480669e+00 -2.761885e-01
8.725619e+00 -6.726316e-01
8.941214e+00 2.621257e+00
9.737037e+00 3.647448e+00
9.189641e+00 1.337829e+00
8.360130e+00 4.823825e+00
1.050839e+01 7.423974e+00
9.194689e+00 6.991720e+00
-9.369152e+00 2.753805e+00
-1.031676e+01 7.971364e+00
9.840518e+00 -1.066947e+01
-1.036784e+01 -1.067565e+01
-8.325716e+00 -8.395873e+00
-8.998713e+00 -1.043317e+01
-9.781262e+00 1.088959e+01
-9.946954e+00 -8.181083e+00
-8.147640e+00 -6.675754e+00
-1.025518e+01 -3.369732e+00
1.081311e+01 -4.727591e+00
-1.060785e+01 -4.359202e+00
8.918086e+00 -1.964811e+00
1.033729e+01 1.372931e+00
-1.043272e+01 -2.395627e+00
9.988806e+00 -9.708862e-01
1.026570e+01 2.358613e-01
-1.111866e+01 5.860166e-01
1.076274e+01 3.362640e+00
9.340883e+00 5.091379e+00
1.067008e+01 9.866027e+00
-8.768672e+00 6.628190e+00
9.854442e+00 9.024787e+00
9.624269e+00 8.045309e+00
-9.409414e+00 9.871041e+00
-6.485761e+00 -7.403979e+00
-9.022733e+00 -7.479499e+00
-7.149865e+00 -9.116086e+00
-7.068255e+00 -6.483698e+00
-9.614323e+00 -4.300193e+00
-8.252552e+00 -3.312824e+00
-9.328509e+00 -2.804664e+00
7.729656e+00 -2.481404e+00
-9.277151e+00 -1.615640e+00
1.086046e+01 -1.496462e+00
-1.034077e+01 -1.304388e+00
1.113579e+01 -4.705862e-01
1.021390e+01 4.577518e+00
-1.041334e+01 1.480786e+00
-7.190441e+00 4.125678e+00
1.113951e+01 5.551199e+00
-9.296346e+00 4.137833e+00
-9.597851e+00 7.288219e+00
-8.275555e+00 9.022508e+00
-8.129225e+00 -9.690733e+00
-7.058537e+00 1.088408e+01
-5.398325e+00 -7.679353e+00
-6.253021e+00 -8.421716e+00
-8.984330e+00 -6.033128e+00
-8.616046e+00 -4.443684e+00
-5.447924e+00 -3.874469e+00
-8.411654e+00 -2.114338e+00
9.877823e+00 -3.766854e+00
-8.410069e+00 -1.033405e+00
-9.400728e+00 -4.680888e-01
-1.027507e+01 -4.649854e-02
1.104033e+01 2.095859e+00
1.003625e+01 2.639010e+00
1.020593e+01 6.334648e+00
-8.251504e+00 3.592664e+00
-1.041454e+01 2.535315e+00
-7.828477e+00 6.974172e+00
-8.672544e+00 7.762613e+00
1.090536e+01 8.416803e+00
-6.584485e+00 7.809386e+00
-7.885731e+00 -1.088287e+01
-6.895496e+00 -1.017218e+01
-4.364479e+00 -7.746748e+00
-6.256090e+00 -5.869112e+00
-5.583101e+00 -6.670096e+00
-5.435940e+00 -5.222472e+00
-7.773548e+00 -5.174256e+00
-7.172670e+00 -3.809465e+00
-1.757539e+00 -3.036345e+00
-6.290127e+00 -3.106205e+00
-7.989479e+00 5.595869e-02
-7.435986e+00 -2.681377e+00
-9.063258e+00 6.876439e-01
-7.153033e+00 6.224925e-01
-8.059770e+00 2.349880e+00
-6.229882e+00 3.369437e+00
-7.814278e+00 9.918820e+00
-7.023476e+00 6.246987e+00
-7.667173e+00 8.118539e+00
-5.841310e+00 8.599714e+00
-6.614125e+00 9.839969e+00
-5.922003e+00 1.076470e+01
-5.812478e+00 -1.043805e+01
-2.382040e+00 -7.865728e+00
-4.468062e+00 -5.011742e+00
8.449688e-01 -2.533243e+00
-6.368349e+00 -4.707636e+00
-4.382692e+00 -3.916280e+00
-4.049806e+00 -2.443088e+00
-6.519194e+00 -2.091485e+00
-7.518692e+00 -1.507657e+00
-5.991911e+00 -1.155504e+00
-8.132430e+00 1.159085e+00
-6.220750e+00 2.296285e+00
-9.238889e+00 1.777418e+00
-9.067000e+00 5.180406e+00
-7.258178e+00 9.012225e+00
-5.898470e+00 4.603300e+00
-8.001901e+00 5.909018e+00
-8.013739e+00 4.860949e+00
-6.045165e+00 5.696900e+00
-5.255221e+00 9.773698e+00
-4.901333e+00 -8.679970e+00
-3.522895e+00 -5.986895e+00
-3.260716e+00 -7.093713e+00
-3.464446e+00 -3.266778e+00
-4.359587e+00 -6.618361e+00
-5.060923e+00 -2.759087e+00
-1.669697e+00 -1.911607e+00
-4.841274e+00 -1.630345e+00
-6.586521e+00 -3.286301e-01
-7.088381e+00 1.711032e+00
-6.032405e+00 1.081082e+00
-4.994203e+00 2.599338e+00
-7.200655e+00 2.944797e+00
-9.893936e+00 6.052520e+00
-5.149215e+00 3.886477e+00
-2.431992e+00 4.543083e+00
-6.922103e+00 5.160841e+00
-4.783916e+00 8.678786e+00
-3.275042e+00 7.673558e+00
-4.835257e+00 -1.084268e+01
-5.887897e+00 -9.366459e+00
-1.485874e+00 -4.296937e+00
-3.478519e+00 -8.448963e+00
-2.492512e+00 -4.156592e+00
-2.676352e+00 -2.266250e+00
-8.478282e-01 -3.371940e+00
-3.715342e+00 -1.283627e+00
4.363769e-01 -4.414050e-03
-2.510708e+00 3.307968e-01
-5.482506e+00 2.331076e-01
-4.018091e+00 2.013733e+00
-3.806869e+00 4.579445e+00
-4.030078e+00 3.163713e+00
-3.274993e+00 1.270522e+00
-2.719676e+00 6.716832e+00
-5.443087e+00 7.649584e+00
-4.109139e+00 5.647821e+00
-4.928046e+00 6.612135e+00
-3.569035e+00 -1.080505e+01
-3.142345e+00 9.583101e+00
-3.590886e+00 -9.422275e+00
-2.489362e+00 -9.069188e+00
-2.427896e+00 -6.417884e+00
1.831405e+00 -2.881326e+00
-3.478178e+00 -4.624818e+00
6.644415e-01 -1.368827e+00
1.357630e-01 -3.648930e+00
-6.686317e-01 -3.701546e-01
-1.719329e+00 -7.071194e-01
-5.122030e+00 1.509898e+00
-4.280229e+00 7.863738e-01
-2.176687e+00 1.298450e+00
-3.024013e+00 3.577194e+00
-2.774618e+00 2.337952e+00
-2.462715e+00 8.848927e+00
-3.921530e+00 6.784942e+00
-4.855417e+00 4.862282e+00
-3.672371e+00 8.654983e+00
-6.046906e+00 6.767082e+00
-2.859042e+00 1.070627e+01
-2.847417e+00 -1.015664e+01
-4.736669e+00 -9.782143e+00
-1.270028e+00 -8.021680e+00
-4.754835e-01 -2.384702e+00
-1.392729e+00 -5.379692e+00
-5.708837e-01 -1.390701e+00
-2.668726e+00 -5.343881e+00
-2.662357e+00 -1.103464e+00
-1.187526e+00 1.498771e+00
-1.334151e+00 4.367418e-01
-4.647279e+00 -5.239228e-01
1.104824e+00 4.486410e+00
-1.893685e+00 3.672110e+00
-3.024184e+00 5.367012e+00
-1.364764e+00 8.855600e+00
-4.455491e+00 7.615017e+00
-4.169211e+00 9.663003e+00
-5.161132e-01 9.648098e+00
4.431906e-01 7.943777e+00
-1.757481e+00 -1.099831e+01
-1.772231e+00 -9.951864e+00
2.345823e-01 -9.468758e+00
-1.433097e+00 -6.626230e+00
2.299262e-01 -8.458886e+00
3.177518e-01 -5.333310e+00
5.155583e-01 -6.390050e+00
1.481910e+00 -7.603783e-01
1.300820e+00 1.683267e+00
-5.613596e-01 2.429225e+00
2.759149e-02 4.371632e+00
-3.633773e+00 -1.270888e-01
-7.857387e-01 3.462004e+00
-1.908514e+00 5.668365e+00
-1.445284e+00 6.623418e+00
-2.842350e-01 6.664576e+00
2.467322e+00 7.012425e+00
4.148631e-01 5.664982e+00
6.909948e-01 8.970824e+00
-4.182399e+00 1.071175e+01
-7.644373e-01 -1.007573e+01
-4.950135e-01 -7.131833e+00
-5.115048e-01 -4.549694e+00
-4.538320e-01 -6.029640e+00
1.831552e+00 -5.747769e+00
1.464118e+00 6.253129e-01
1.223123e+00 -3.746308e+00
2.979832e+00 7.831520e-01
-1.649895e+00 2.456389e+00
2.864916e-01 1.781559e+00
3.171184e-01 3.151507e+00
-1.077486e+00 4.724787e+00
-2.284631e+00 7.886695e+00
2.164393e+00 4.897024e+00
-9.186012e-01 5.689120e+00
2.451645e+00 8.177175e+00
7.700014e-01 6.766681e+00
1.697721e+00 6.227684e+00
1.451398e+00 7.759828e+00
-8.726837e-01 7.628882e+00
-2.134616e+00 9.931971e+00
-3.928896e-01 8.597714e+00
-7.939627e-01 -8.987006e+00
1.864299e+00 -8.151085e+00
9.141887e-01 -7.645110e+00
1.400662e+00 -4.763543e+00
1.987628e+00 -1.809964e+00
-2.955744e-01 6.780413e-01
2.515748e+00 1.685636e+00
3.260946e+00 2.398244e+00
1.881477e+00 2.596340e+00
2.469486e+00 3.618813e+00
3.185461e+00 4.518042e+00
3.541267e+00 6.549283e+00
4.482498e+00 9.306634e+00
5.229142e+00 1.006832e+01
4.002014e+00 1.017877e+01
2.657956e+00 9.708362e+00
1.516960e+00 9.933575e+00
2.301736e+00 -9.558286e+00
1.693613e+00 1.096035e+01
-1.197307e+00 1.049238e+01
2.453388e-01 1.050502e+01
5.623964e+00 -4.149723e+00
1.980611e+00 -6.914067e+00
2.352083e+00 -3.814521e+00
2.364784e+00 -8.417712e-02
2.790206e+00 -1.122069e+00
3.690870e+00 -1.998370e+00
3.941778e+00 1.594538e+00
4.730886e+00 2.173411e+00
3.872986e+00 3.254258e+00
5.903952e+00 7.271073e+00
1.402741e+00 3.465972e+00
3.128856e+00 5.534581e+00
5.410087e+00 -9.909212e+00
3.468157e+00 8.802812e+00
3.387462e+00 1.104254e+01
2.514095e+00 -1.073352e+01
7.932270e+00 -8.308044e+00
3.110506e+00 -7.433257e+00
-4.645834e-01 -1.113721e+01
4.740978e-01 -1.060871e+01
2.867888e+00 -8.566042e+00
1.317735e+00 -9.107305e+00
2.517412e+00 -5.004513e+00
3.561232e+00 -4.275300e+00
3.702573e+00 -3.323588e+00
3.745138e+00 -7.114484e-01
3.992577e+00 3.577526e-01
4.818240e+00 6.825992e+00
6.068899e+00 5.165137e+00
4.668576e+00 8.133506e+00
4.176884e+00 5.728859e+00
6.119296e+00 -1.080149e+01
3.365816e+00 7.547231e+00
8.267462e+00 -1.029075e+01
4.972272e+00 1.117585e+01
4.128794e+00 -1.056495e+01
5.028008e+00 -6.884757e+00
1.479133e+00 -1.020054e+01
2.836289e+00 -6.224783e+00
3.824418e+00 -6.581635e+00
5.945064e+00 -6.380850e+00
3.552103e+00 -5.332119e+00
6.626450e+00 -5.589361e+00
5.560996e+00 -5.309895e+00
2.832319e+00 -2.567811e+00
4.549707e+00 -1.357731e+00
5.126053e+00 6.531522e-01
7.299873e+00 4.936914e+00
6.226987e+00 9.578414e+00
7.033142e+00 7.256129e+00
5.602781e+00 8.460443e+00
6.705092e+00 8.566485e+00
6.772481e+00 1.059190e+01
7.705996e+00 1.102645e+01
1.805279e+00 8.938134e+00
3.316597e+00 -9.794775e+00
3.860363e+00 -8.601577e+00
5.941742e+00 -7.523787e+00
6.935352e+00 -7.938369e+00
8.972516e+00 -7.406782e+00
8.766878e+00 -5.518516e+00
7.961292e+00 -4.668145e+00
7.667422e+00 -5.654557e+00
4.677315e+00 -4.840222e+00
5.648166e+00 -1.577079e+00
5.742411e+00 2.836306e+00
4.998809e+00 5.023476e+00
6.631101e+00 -9.841796e-01
4.140523e+00 4.281517e+00
6.818918e+00 2.932727e+00
8.897243e+00 1.113049e+01
8.516453e+00 7.859886e+00
1.065239e+01 1.094080e+01
7.137784e+00 -1.036020e+01
5.313128e+00 -8.813232e+00
7.874690e+00 -7.294415e+00
1.057100e+01 -8.111481e+00
4.382623e+00 -7.710644e+00
7.000744e+00 -6.660154e+00
9.396875e+00 -6.350579e+00
9.051310e+00 -3.071377e+00
8.322941e+00 -6.437290e+00
6.899193e+00 -4.384460e+00
4.709356e+00 -2.839811e+00
4.594561e+00 -5.846060e+00
6.953382e+00 6.972263e-01
5.184776e+00 -5.688689e-01
5.715045e+00 1.608096e+00
5.024103e+00 3.765986e+00
6.065582e+00 4.036340e+00
7.832048e+00 8.738780e+00
7.273129e+00 9.624268e+00
8.823102e+00 9.052851e+00
9.516968e+00 1.022918e+01
7.333005e+00 -9.331761e+00
4.462874e+00 -9.558774e+00
-1.011900e+01 -9.491915e+00
9.381221e+00 -8.409736e+00
-1.084625e+01 -8.741440e+00
9.698668e+00 -5.046032e+00
6.947745e+00 -3.346384e+00
8.840841e+00 -4.101188e+00
4.608041e+00 -3.806210e+00
5.771649e+00 -2.823473e+00
7.664198e+00 -1.438025e+00
6.197083e+00 -5.576452e-02
7.167129e+00 1.652422e+00
7.914166e+00 2.725021e+00
7.534134e+00 3.733392e+00
7.613011e+00 5.880956e+00
6.340772e+00 6.290282e+00
-1.104772e+01 4.350226e+00
8.219569e+00 9.924753e+00
9.316098e+00 -9.529417e+00
6.231108e+00 -9.178996e+00
-1.070623e+01 1.052900e+01
8.356239e+00 -9.267747e+00
1.034925e+01 -9.440969e+00
-8.642982e+00 1.067130e+01
1.031173e+01 -7.028288e+00
1.065996e+01 -5.871841e+00
-1.059484e+01 -6.093535e+00
7.965087e+00 -3.500618e+00
6.701776e+00 -2.090327e+00
9.219672e+00 3.156828e-01
8.197504e+00 1.766191e+00
8.131435e+00 6.300508e-01
8.542493e+00 3.805488e+00
8.706408e+00 5.999258e+00
8.042204e+00 6.978543e+00
-1.016052e+01 4.900892e+00
-1.041106e+01 3.550521e+00
-1.067412e+01 6.818868e+00
1.096176e+01 -1.037221e+01
-9.431495e+00 8.681708e+00
