7.596109e+00 -1.100540e+01
-9.569170e+00 6.951378e+00
-8.381715e+00 8.477830e+00
-4.828059e+00 -9.175849e-01
-8.681854e+00 8.959483e-01
-9.241248e+00 -6.857805e+00
7.491410e+00 -3.754654e+00
7.596145e-01 4.356342e+00
7.279303e+00 -4.830937e+00
5.871869e+00 -2.918480e+00
-7.421088e+00 8.178882e+00
1.005635e+01 5.957283e+00
-9.915845e+00 1.241340e+00
5.234751e+00 -1.516383e-01
-6.535085e-01 5.676237e+00
7.747588e+00 1.227490e+00
1.085823e+01 -1.605461e+00
-1.002100e+01 1.035081e+01
-6.202363e+00 -7.657223e+00
-7.330379e+00 -8.854531e+00
8.598331e+00 1.032164e+01
8.987174e+00 -5.925892e+00
4.343460e+00 -6.004523e+00
8.581003e-01 -1.799727e+00
6.342636e+00 -1.713478e+00
-1.081541e+01 6.114291e+00
-5.142571e+00 2.940674e-01
1.301229e+00 -1.077757e+01
6.306982e+00 4.947385e-01
-6.864068e+00 4.837736e+00
3.171323e-01 9.796558e+00
3.689049e+00 1.499340e+00
-9.434144e+00 3.097584e+00
-1.006944e+01 4.268532e+00
2.456747e-01 6.433318e+00
-7.803070e+00 -9.912628e+00
1.029803e+01 -7.501944e+00
-8.391060e+00 -8.916762e+00
-1.065471e+01 -4.031877e+00
-5.804401e+00 2.970692e+00
-9.980060e+00 -7.719649e+00
5.052419e+00 -2.185104e+00
-9.315120e+00 9.193207e+00
-9.049549e+00 4.574719e+00
-9.648227e+00 -4.562188e+00
1.004943e+01 7.783601e+00
-7.636056e+00 -2.271368e+00
-1.025101e+01 -1.946988e+00
4.843665e+00 -3.146630e+00
-1.111637e+01 1.335996e+00
4.011220e+00 -1.254643e+00
-1.577920e+00 4.415472e+00
7.863877e+00 -1.374157e-01
-7.978743e+00 5.215948e+00
8.002551e+00 -1.858373e+00
-7.496922e+00 8.399114e-01
3.165221e+00 4.878446e+00
-7.624685e+00 -4.772156e+00
-6.961709e+00 2.590220e+00
-2.607831e+00 -1.066395e+01
4.192909e+00 1.062288e+01
9.138855e+00 -1.107800e+01
1.027561e+01 1.069630e+01
-4.195741e+00 -9.272394e+00
-1.029058e+01 2.266859e+00
7.205446e+00 -8.771620e+00
1.077041e+01 -6.292249e+00
-6.716022e+00 -2.666457e+00
-1.027063e+01 -8.991276e+00
5.794425e+00 -5.032212e+00
4.916846e-01 5.436949e+00
6.294579e+00 -5.568171e-01
-5.877890e-01 7.086465e+00
2.093847e+00 3.844040e+00
-4.414029e+00 8.740341e+00
-1.112648e+01 4.967426e+00
-9.259596e+00 -2.038524e+00
-5.035515e+00 5.929319e+00
6.646086e+00 -5.698267e+00
-1.047017e+01 -6.332142e+00
4.647769e+00 -1.060911e+01
-9.823691e+00 -3.155043e+00
2.569836e+00 5.806455e+00
2.891622e+00 -5.645329e+00
7.433243e+00 9.174225e+00
4.600338e+00 1.089125e+00
-1.100918e+01 -7.217750e+00
-2.269094e+00 5.725503e+00
3.736984e+00 -7.405617e+00
-1.031410e+00 -2.823795e+00
-9.042329e+00 -9.138010e-01
-1.148954e+00 8.232584e-01
-2.964302e+00 1.798184e+00
7.433205e+00 2.326889e+00
9.703460e+00 3.513855e+00
1.042400e+00 3.469677e-02
6.806002e+00 3.233201e+00
-4.301011e+00 1.274463e+00
-6.288902e+00 3.214810e-01
-9.249130e+00 -8.400125e+00
-7.832600e+00 1.915139e+00
5.173224e+00 1.005623e+01
-7.905029e+00 -6.804868e+00
9.896786e+00 -5.517788e+00
-3.086882e+00 -7.633038e+00
-9.940451e+00 -1.100137e+01
-1.791392e+00 -6.288891e+00
-9.470368e+00 1.062777e-01
-5.624094e+00 -2.228933e+00
-7.345873e+00 -7.774697e+00
1.110859e+01 -5.336902e-01
-5.652954e+00 1.363655e+00
3.106863e+00 4.486466e-01
2.177027e+00 2.834958e+00
1.103928e+01 8.157199e+00
-1.073380e+01 7.192154e+00
-4.980377e+00 4.900378e+00
-6.443621e+00 -4.722248e+00
-7.966657e+00 4.114176e+00
-8.844745e+00 -1.058070e+01
1.084633e-01 7.773750e+00
-1.434606e+00 8.075579e+00
-1.838425e+00 1.072979e+01
-7.021263e+00 -1.072618e+01
3.853260e+00 -3.554895e+00
-1.050571e+01 3.833743e-01
-6.187306e+00 -3.686627e+00
-7.772792e+00 9.396961e+00
-1.474096e+00 3.369013e+00
-6.702785e+00 1.489413e+00
5.397711e+00 -6.058791e+00
-4.912643e+00 -5.575202e+00
1.068054e+01 3.221035e+00
9.693190e+00 -1.473431e-01
-2.207770e+00 -8.225393e+00
4.834019e+00 5.579212e+00
1.944669e-01 -9.541270e-01
5.473770e+00 3.420701e+00
1.308958e+00 9.333501e+00
1.046536e+00 7.199720e+00
-3.880177e+00 2.357057e+00
-1.374370e+00 -8.787590e+00
-1.034869e+01 8.855905e+00
-9.566096e+00 7.946257e+00
8.670810e+00 -3.847268e+00
-3.968669e+00 5.550475e+00
-3.889823e+00 -1.516221e+00
-5.221180e+00 -6.550680e+00
1.334550e+00 2.236479e+00
-8.555212e+00 -2.691104e+00
-1.683757e+00 -1.791145e-01
-7.944606e+00 2.940982e+00
-5.958375e+00 5.429085e+00
-4.224471e+00 -6.947575e+00
4.848187e+00 2.398276e+00
6.032321e+00 2.380589e+00
-5.727555e+00 -8.661855e+00
-3.679723e+00 -1.033450e+01
8.730524e+00 4.095288e+00
-2.072554e+00 -2.492448e+00
-1.486070e+00 6.440576e+00
-4.638939e+00 3.544211e+00
4.759318e+00 -5.092660e+00
-7.499963e+00 -3.473378e+00
7.190404e+00 -1.046834e+00
-2.444077e+00 3.867564e+00
-2.770600e-01 1.397152e+00
-1.095450e+01 -2.990407e+00
-4.812922e-01 4.666750e+00
-3.148207e+00 6.633450e+00
-7.343898e-01 8.780295e+00
3.650454e+00 -8.457288e+00
-1.197026e+00 -7.717917e+00
6.871885e+00 5.330235e+00
1.054869e+01 2.131400e+00
-4.159928e+00 -9.401163e-02
4.430467e+00 3.361002e+00
5.396291e-01 -1.011176e+01
3.059354e+00 9.938323e+00
-3.034157e+00 5.577720e-01
-3.801309e+00 1.093949e+01
-2.611691e+00 7.704590e+00
-2.764619e+00 -3.433339e+00
-5.138778e+00 7.178031e+00
5.590233e+00 -1.099121e+01
1.064824e+01 6.939516e+00
-9.626386e-01 -4.507368e+00
-5.326498e+00 -4.363562e+00
-4.114633e-01 -9.748656e+00
-8.227712e+00 -9.498559e-02
5.143564e+00 -1.163187e+00
-4.187226e+00 -4.737272e+00
8.198352e-01 3.196634e+00
-4.976479e+00 2.150101e+00
-1.806728e+00 -1.234762e+00
-8.399444e+00 -7.749921e+00
-2.828117e+00 -1.667754e+00
2.358406e+00 9.033786e+00
1.314688e+00 6.060435e+00
6.512647e+00 -7.898423e+00
3.764991e+00 -4.856407e+00
5.348061e+00 -9.933248e+00
1.075410e+01 9.198701e+00
8.256448e+00 -6.655951e+00
-4.006582e+00 4.460407e+00
1.048761e+01 5.478178e-01
1.769040e+00 -5.120516e+00
-2.669269e+00 -5.545694e+00
1.341019e+00 8.285077e+00
2.047807e+00 -3.578416e+00
2.624157e+00 1.820092e+00
-3.904624e+00 -5.835500e+00
-1.682120e+00 -1.026871e+01
-2.564308e+00 2.889687e+00
1.559584e+00 -8.518186e+00
3.177626e+00 -6.247916e-01
7.672136e+00 6.186054e+00
-4.187647e+00 6.650455e+00
3.829744e-01 8.746037e+00
3.608007e+00 2.691197e+00
2.589944e+00 -8.239815e+00
-7.020512e+00 -5.575934e+00
-3.244264e+00 8.752065e+00
-7.066485e+00 7.129952e+00
1.024364e-01 3.355838e-01
-2.834880e+00 -5.927110e-01
7.828949e-01 -5.402558e+00
-2.745798e+00 -4.474903e+00
-5.156053e+00 -3.258026e+00
3.632082e+00 5.919946e+00
8.815116e+00 -8.263397e-01
4.190962e+00 6.662638e-02
-4.922764e+00 9.989522e+00
-2.997532e+00 4.924210e+00
-1.656016e+00 2.248386e+00
9.456047e+00 2.382084e+00
7.942404e+00 5.159893e+00
4.248744e+00 -9.540512e+00
1.097169e+00 -4.264314e+00
-3.105896e+00 -6.597397e+00
-5.616947e+00 9.118125e+00
-5.281695e+00 -9.755781e+00
-4.723891e+00 -1.084418e+01
9.503258e+00 9.838331e+00
-4.098947e+00 -3.535753e+00
-2.151052e-01 3.501422e+00
4.714280e+00 8.509151e+00
-6.300355e+00 7.923144e+00
-3.611897e+00 3.375532e+00
8.268841e+00 -8.979297e+00
-2.147706e+00 -7.239824e+00
-3.443725e+00 -2.632140e+00
3.377278e+00 -1.012598e+01
3.183224e+00 3.762988e+00
4.342256e-01 -8.998059e+00
1.890202e+00 4.860505e+00
5.837148e-01 -6.492211e+00
1.036830e+01 -1.032819e+01
5.230152e+00 4.535737e+00
4.726928e+00 -8.301991e+00
1.050240e+01 -3.869374e+00
9.425214e+00 -1.005530e+01
-7.187118e+00 -5.180477e-01
-3.231203e+00 -8.728868e+00
8.276564e+00 3.130348e+00
1.128476e-01 -4.537478e+00
9.332803e+00 -8.012860e+00
4.806776e+00 -7.198207e+00
8.389338e+00 -4.865856e+00
1.675357e+00 -6.515218e+00
-4.453895e+00 -2.391997e+00
5.711256e+00 1.424484e+00
-7.025225e-01 -1.435538e+00
3.005802e+00 -2.937967e+00
4.318786e+00 9.440388e+00
9.223927e+00 5.128917e+00
6.317430e+00 4.314272e+00
2.392032e+00 -1.062053e+01
6.371983e+00 -9.940227e+00
5.555638e+00 6.628263e+00
6.640776e+00 8.465211e+00
2.218780e+00 -1.396608e-01
2.582127e+00 -9.490196e+00
2.192755e+00 1.059439e+01
-1.061007e+01 3.405856e+00
-6.069793e+00 1.012638e+01
-5.836135e-01 -6.873059e+00
7.579116e+00 1.023207e+01
3.098413e+00 -1.739325e+00
-1.978193e-01 -3.412832e+00
-1.763437e+00 -3.745714e+00
-7.132506e-01 -3.873205e-01
9.526203e+00 6.788615e+00
4.366701e+00 6.632562e+00
-2.291597e+00 -9.332788e+00
-7.259607e-01 2.585419e+00
9.705394e+00 8.769996e+00
1.046619e+01 -2.590271e+00
1.196702e+00 1.042902e+01
-5.628445e+00 4.040747e+00
-7.146255e+00 1.047980e+01
8.397826e+00 -1.029568e+01
9.992685e+00 -1.143082e+00
2.153001e+00 -2.239629e+00
-1.510097e-01 -2.311058e+00
8.657229e+00 5.891329e+00
-1.056704e+01 -5.289444e+00
5.096187e+00 -4.110209e+00
1.051771e+01 4.217195e+00
-5.901845e+00 -6.875154e-01
-8.677666e+00 -3.848750e+00
2.469122e-01 -7.604227e+00
-7.011188e+00 5.990429e+00
-7.931751e+00 6.523842e+00
4.175889e+00 7.631998e+00
-9.424951e+00 -9.578422e+00
-5.927595e+00 -5.664420e+00
-8.829504e+00 1.005938e+01
3.645158e+00 8.628157e+00
6.767482e+00 1.481743e+00
-1.113079e+01 1.110658e+01
-5.795911e+00 -1.100558e+01
1.098033e+01 -9.289290e+00
-1.070709e+01 -1.016707e+01
9.954879e+00 -8.941204e+00
7.454346e+00 -9.819843e+00
-3.879552e+00 9.751842e+00
6.652111e+00 6.399230e+00
9.666847e+00 1.166975e+00
-2.726364e+00 1.012478e+01
5.664179e+00 9.042698e+00
-5.116914e+00 -7.849138e+00
-3.869753e+00 7.783104e+00
4.153100e+00 4.430468e+00
9.428559e+00 -1.985793e+00
6.025990e+00 -6.935204e+00
-7.690096e-01 -1.079774e+01
3.253234e+00 7.043715e+00
-5.295360e+00 8.161956e+00
2.421251e-01 1.113117e+01
6.551037e+00 1.088452e+01
-8.720685e+00 -4.934467e+00
4.057292e+00 -2.364324e+00
1.450869e+00 -9.494005e+00
-7.959427e+00 1.114009e+01
-9.587861e+00 -5.686465e+00
-1.094199e+01 1.003347e+01
1.726155e+00 -1.183692e+00
-2.106095e+00 1.181656e+00
-1.010594e+01 -8.923042e-01
9.196017e-01 -3.129368e+00
9.314688e+00 -6.884582e+00
-4.115195e+00 -8.122612e+00
-1.526184e+00 9.648885e+00
8.721990e+00 6.412764e-01
7.042036e+00 7.429761e+00
-8.050712e+00 -5.755411e+00
7.555474e+00 3.945672e+00
2.271947e+00 6.860844e+00
-8.363174e+00 7.455057e+00
6.377057e+00 9.830831e+00
-1.091349e+01 -8.188568e+00
7.897600e+00 8.248010e+00
-6.750694e+00 -6.621826e+00
6.468135e+00 -3.920945e+00
-6.458020e+00 -1.576813e+00
8.495385e+00 -2.774911e+00
-1.722726e+00 -5.094243e+00
7.868190e+00 -7.923994e+00
2.508222e-01 2.316786e+00
1.036220e+00 1.157081e+00
7.735562e+00 -5.759019e+00
8.581647e+00 9.166592e+00
8.427434e+00 2.021853e+00
-8.016553e+00 -1.261651e+00
-8.087283e-01 1.055386e+01
2.155875e+00 9.270036e-01
9.517099e+00 -3.189780e+00
-8.827091e+00 5.945439e+00
2.787727e+00 -7.061081e+00
5.697160e+00 -8.843059e+00
8.074265e+00 7.116956e+00
3.256965e+00 1.107966e+01
-2.169847e+00 8.850729e+00
2.335179e+00 7.897211e+00
8.967623e+00 7.892194e+00
-6.109251e+00 6.638824e+00
7.102020e+00 -6.780805e+00
-3.799839e-01 -5.698265e+00
1.086610e+01 -4.984399e+00
2.742504e+00 -4.418072e+00
7.178623e+00 -2.629258e+00
-8.891683e+00 1.957360e+00
5.832780e+00 5.712501e+00
1.561999e+00 -7.533006e+00
-6.689583e+00 -9.739719e+00
-6.656019e+00 3.679455e+00
9.465122e+00 -4.535854e+00
-9.727264e+00 5.451694e+00
-6.731578e+00 9.241339e+00
