1.096938e+01 -9.337552e+00
-8.574498e+00 7.544269e+00
-3.396596e+00 7.928460e+00
-6.607994e+00 -1.146060e+00
7.804183e+00 4.576023e+00
-7.807564e+00 -3.079444e+00
1.028279e+01 1.260600e+00
-6.475765e+00 7.558804e+00
9.048557e+00 -3.779030e+00
8.067834e+00 -8.810559e-01
6.156503e-01 9.703937e+00
8.935472e+00 3.437840e+00
9.160189e+00 3.051659e-01
7.268838e+00 2.220857e+00
-7.319927e+00 2.399343e+00
1.250198e+00 2.896677e+00
1.117686e+01 3.415246e+00
-8.816427e+00 1.115141e+01
-7.924046e+00 -7.851335e+00
-4.934423e+00 -8.810199e+00
-9.954425e+00 -8.870917e+00
-9.524849e+00 -6.593050e+00
6.651675e+00 -5.996378e+00
1.037808e+01 -1.398188e-01
5.023941e+00 -5.380566e-01
1.044848e+01 5.023617e+00
-5.284956e+00 -1.223602e+00
5.504133e+00 -7.804313e+00
8.748676e+00 -1.593081e+00
9.927394e+00 3.855810e+00
-4.623200e+00 8.283632e+00
6.821181e+00 -2.525393e+00
-1.027880e+01 2.539211e+00
9.910271e+00 6.729350e+00
-1.966857e+00 2.724740e+00
-9.703815e+00 1.029050e+01
1.028263e+01 -7.570349e+00
-2.515871e+00 -1.021808e+01
-7.979062e+00 -5.035631e+00
-3.950021e+00 7.029770e+00
-8.845550e+00 -7.392532e+00
-9.686244e+00 -4.273172e+00
-7.158250e+00 -8.791271e+00
-6.451887e+00 9.853672e+00
-9.119344e+00 -9.664059e+00
8.649802e+00 6.537232e+00
1.046567e+01 2.362808e+00
-1.003934e+01 -2.548302e+00
8.466980e+00 -4.673155e+00
-1.009647e+01 3.620132e+00
5.367122e+00 4.747048e+00
-4.434077e+00 4.416258e-02
4.252025e+00 1.998155e+00
-9.682806e+00 4.755376e+00
5.920143e+00 5.555659e-01
-9.356938e+00 1.741173e+00
-3.235725e+00 5.896075e+00
-5.150658e+00 6.677669e-01
-6.057367e+00 6.264422e+00
-4.980961e+00 9.452758e+00
6.910814e+00 -8.255139e+00
6.083082e+00 -1.064378e+01
9.149449e+00 1.054750e+01
-3.244167e+00 -9.443365e+00
-1.095434e+01 1.738478e+00
-1.052367e+01 -3.572351e+00
-9.785863e+00 -7.698520e+00
-9.061889e+00 7.316272e-01
1.087888e+01 -6.529151e+00
9.811406e+00 -1.891556e+00
-5.698707e+00 3.030346e+00
6.287055e+00 -3.321357e-01
-2.902432e+00 -1.648275e+00
-5.218650e-01 5.551014e+00
-2.798540e+00 8.976937e+00
3.458380e+00 3.806483e+00
-7.699786e+00 -9.310989e-01
-5.011384e+00 6.585626e+00
-9.126576e+00 -5.124156e+00
-4.313173e+00 1.064068e+01
1.778274e+00 -1.003142e+01
-8.466453e+00 -5.980833e+00
1.001084e-01 8.651652e+00
9.956422e+00 -9.723403e+00
1.006645e+01 -8.643345e+00
9.589996e+00 -8.784584e-01
-4.891049e+00 -5.688310e+00
-4.288050e+00 2.327976e+00
8.445396e+00 -6.925546e+00
6.470801e+00 -4.933537e+00
-8.754865e+00 -6.847418e-01
8.241399e-02 -2.463174e+00
-3.159229e+00 3.130718e-01
-2.222876e-02 2.339174e+00
8.142594e+00 7.399350e+00
3.741790e+00 -1.651884e+00
9.442276e+00 5.803622e+00
-5.754720e+00 -1.979543e-01
-7.584020e+00 5.641470e+00
1.006738e+01 -5.704973e+00
-1.013100e+01 4.714760e-01
2.974337e+00 -9.666310e+00
-8.793753e+00 -8.613263e+00
-7.018504e+00 -5.256876e+00
-1.455272e+00 -1.027633e+01
-1.052048e+01 -6.895385e+00
-2.651531e+00 -6.169898e+00
6.599840e+00 1.355191e+00
-6.309459e+00 -4.409592e+00
-7.029455e+00 -2.299786e+00
-9.248080e+00 -1.626357e+00
-1.618505e+00 -3.554048e+00
-1.228215e-01 -6.443373e-02
-3.928781e+00 1.150245e+00
5.959219e+00 7.368745e+00
1.106791e+01 6.124285e+00
-5.100303e+00 4.107595e+00
-5.443289e+00 -9.812197e+00
-1.005362e+01 6.909204e+00
-9.589465e+00 8.030414e+00
-3.041431e+00 2.975153e+00
-5.469798e+00 5.041105e+00
-1.090288e+00 -7.401207e+00
-5.332438e+00 -7.786366e+00
5.387554e+00 -4.717118e+00
-5.471549e+00 -6.593781e+00
-4.332374e+00 -7.305803e+00
-1.331569e+00 1.040705e+01
-8.036342e+00 1.256153e+00
-8.489545e+00 2.262105e+00
5.649287e+00 -6.013638e+00
-3.008031e+00 -4.919980e+00
-7.980588e+00 3.251319e+00
8.510221e+00 5.417456e+00
-3.873642e-01 9.984190e+00
4.919119e+00 7.625284e+00
1.707140e+00 -1.055937e+00
1.883611e+00 4.849348e+00
-2.183114e+00 5.777468e+00
7.929388e-01 6.767724e+00
-7.142008e+00 6.692293e+00
-1.202300e+00 9.218671e+00
-4.330292e+00 -9.679497e+00
-6.913891e+00 -9.948994e+00
-7.638958e+00 -6.801690e+00
-2.857023e+00 1.064712e+01
-6.066970e+00 -2.045721e+00
1.595617e-01 -4.551304e+00
-5.098585e+00 -2.499871e+00
-8.090298e+00 1.815617e-01
-1.003112e+00 -2.270790e+00
-2.542213e+00 -2.641364e+00
-6.529184e+00 5.314708e+00
-3.761218e+00 -6.031610e+00
-2.156272e+00 1.594101e+00
-9.285553e-01 2.847522e+00
-6.460879e+00 -7.634972e+00
-6.130446e+00 8.468280e+00
-1.469649e-01 4.436353e+00
-2.109894e+00 -4.442720e+00
-5.425227e+00 7.651850e+00
-7.328126e+00 4.371311e+00
4.998912e+00 -6.933727e+00
-4.330122e+00 -3.561782e+00
-9.844939e+00 -5.997042e-01
-3.248862e+00 1.878110e+00
-2.179124e+00 3.964358e+00
-5.492549e+00 -3.590494e+00
-6.912352e+00 -1.624092e-01
-3.240795e+00 3.931254e+00
-2.343872e+00 8.053541e+00
3.987166e+00 -6.440038e+00
-2.109327e+00 -7.059938e+00
-9.698267e-01 8.063701e-01
-8.193530e+00 6.620326e+00
-2.272090e+00 -6.220047e-01
6.800331e-01 5.107494e+00
1.176026e+00 -8.821007e+00
6.868804e+00 1.030134e+01
-3.513689e+00 -7.478796e-01
1.013389e-01 -9.353282e+00
-2.783472e+00 4.885630e+00
-4.641472e-01 -5.537201e+00
-5.353456e+00 1.042124e+01
1.072387e+01 -1.047003e+01
3.683648e+00 -1.072537e+01
-1.095806e+00 -9.284088e+00
-3.988521e+00 -8.606379e+00
-2.231578e+00 -9.213633e+00
-9.158932e+00 3.100328e+00
-1.036846e+01 -1.618470e+00
-1.853455e+00 -5.465362e+00
-6.700781e+00 3.205134e+00
-6.452676e+00 8.228249e-01
3.463875e+00 6.789445e-01
7.861175e+00 8.411950e+00
8.652109e-01 -1.745754e+00
2.639559e+00 1.043439e+01
8.685678e-01 3.989551e+00
8.774634e+00 -8.847886e+00
4.177405e+00 -4.203700e+00
2.580655e+00 -1.078525e+01
9.291298e+00 7.646363e+00
-8.556372e+00 -3.887642e+00
-3.785022e+00 9.406685e+00
6.998340e+00 5.391345e+00
2.322596e+00 -8.819421e+00
-1.353793e-01 -6.724042e+00
1.694420e+00 -7.934815e+00
-1.086623e+00 -4.778340e+00
1.876551e+00 2.055678e+00
-2.949587e+00 -8.309680e+00
1.614655e+00 1.020662e+01
-6.236408e+00 1.914567e+00
1.356224e+00 -1.098173e+01
2.031868e+00 -5.718876e-02
3.654751e+00 5.054426e+00
-1.505902e+00 4.901969e+00
1.044353e+00 8.003598e+00
-1.816256e+00 -1.595797e+00
4.687771e+00 1.017008e+01
-7.960308e+00 -1.055054e+01
3.729700e+00 1.059472e+01
-3.464569e+00 -1.067999e+01
6.291901e+00 -3.851914e+00
-5.169894e-01 -3.447708e+00
5.041145e+00 -3.560336e+00
-3.999982e+00 -4.670865e+00
7.988331e+00 1.411849e+00
1.959856e+00 3.733241e+00
5.959904e-02 1.003282e+00
-1.177234e+00 1.816714e+00
4.943740e-01 1.083700e+01
-3.913011e+00 4.773994e+00
-6.808283e-02 -1.091531e+00
6.637986e+00 4.320190e+00
5.567967e+00 3.734888e+00
4.352540e+00 -9.505900e+00
4.243194e+00 -7.692192e+00
-5.926665e-01 -8.361544e+00
-2.107700e+00 9.714841e+00
2.576878e+00 9.384724e+00
-1.440102e+00 7.170493e+00
5.297272e+00 8.860188e+00
-6.606939e+00 -6.330239e+00
-4.200187e+00 -1.547037e+00
8.737293e+00 9.544642e+00
4.077209e-01 -7.919247e+00
-1.114572e+01 6.884619e-01
-1.064046e+01 -4.607647e+00
3.618525e+00 -5.385581e+00
2.231241e+00 -3.837613e+00
5.571601e+00 1.070198e+01
4.548677e+00 7.927497e-01
1.584848e+00 9.109000e+00
-2.169817e+00 5.355969e-01
3.247851e+00 -3.391111e+00
8.403413e+00 -1.100053e+01
1.083394e+01 8.949626e+00
1.959945e+00 -6.951788e+00
6.784946e+00 3.229592e+00
8.748749e+00 -5.904834e+00
-5.134030e+00 -4.524897e+00
-4.640788e+00 -1.073872e+01
7.847098e+00 3.441121e+00
6.094253e+00 -6.939793e+00
8.407137e+00 -2.914252e+00
9.247213e+00 -7.684371e+00
7.086171e+00 3.194619e-01
2.846124e+00 -6.287280e+00
-3.086854e+00 -3.620608e+00
9.083017e-01 1.822858e+00
-1.092131e+01 -3.797366e-01
3.540408e+00 2.744596e+00
6.699568e+00 6.519757e+00
2.722635e+00 5.838276e+00
3.871812e+00 7.415003e+00
3.185511e+00 8.448716e+00
9.600708e+00 8.649648e+00
2.519546e+00 2.886453e+00
6.677920e+00 8.521104e+00
1.394373e+00 8.424165e-01
5.013580e+00 -1.075108e+01
5.074469e-01 -1.027984e+01
9.158834e+00 4.548214e+00
-1.959495e+00 1.117237e+01
9.122333e-01 -6.840651e+00
7.184933e+00 -7.050909e+00
7.441138e+00 -3.558430e+00
4.736877e+00 -5.465646e+00
3.145616e+00 -4.427324e+00
1.666337e+00 -2.693485e+00
4.279417e+00 8.473042e+00
7.856867e-02 3.361647e+00
3.755210e+00 9.305416e+00
-4.048334e+00 -2.522759e+00
-1.074168e+01 -1.105050e+01
4.612315e+00 2.967364e+00
-4.397500e-01 6.596700e+00
-1.089110e+01 4.659117e+00
7.698388e+00 -1.037536e+01
1.067152e+01 1.062239e+01
3.715541e+00 -5.340543e-01
6.957839e+00 -1.162459e+00
2.766238e+00 -2.412093e+00
2.848069e+00 -9.826597e-01
8.808642e+00 -9.861673e+00
9.568336e+00 -2.956905e+00
3.246622e+00 1.718857e+00
-5.874429e+00 -5.413421e+00
-6.427400e+00 -3.253341e+00
2.213821e+00 -5.036617e+00
-7.210123e+00 8.748904e+00
-8.674583e+00 1.003253e+01
2.842766e+00 7.290340e+00
-1.038231e+01 5.588594e+00
-5.813019e+00 -1.088131e+01
-8.347542e+00 8.646719e+00
7.333320e+00 9.409369e+00
3.872673e+00 6.188828e+00
7.968829e+00 1.033401e+01
-1.061384e+01 8.408709e+00
-8.109729e+00 -9.510491e+00
9.860870e+00 9.804296e+00
8.094434e+00 -7.899814e+00
6.057904e+00 -8.807280e+00
-5.247628e+00 1.679533e+00
5.449482e+00 -9.746046e+00
2.526019e+00 9.068503e-01
-6.126415e+00 4.157774e+00
5.200593e+00 6.629238e+00
-4.933861e-01 -1.076716e+01
-4.278350e+00 3.381963e+00
-1.080372e+00 3.867115e+00
5.868182e+00 -1.375707e+00
3.683150e+00 -8.594993e+00
-3.276216e+00 -7.307236e+00
-8.880356e-01 8.067917e+00
1.112121e+01 7.217667e+00
6.484931e-01 -5.500414e+00
9.537737e+00 -1.076381e+01
-7.371173e+00 -4.092671e+00
1.065671e+01 -1.307466e+00
1.727396e+00 6.973388e+00
-1.030201e+01 -5.868746e+00
-9.213652e+00 -3.077064e+00
-1.112573e+01 -8.282073e+00
7.770808e+00 -1.962775e+00
6.468594e-01 -3.402785e+00
1.111341e+01 -2.236738e+00
9.719549e-01 -2.762718e-01
8.115482e+00 2.597821e-01
-1.734356e+00 -8.303827e+00
2.754313e-02 7.585888e+00
4.417712e+00 4.247675e+00
5.873283e+00 5.831309e+00
-6.014964e+00 -8.723650e+00
4.803526e+00 5.602841e+00
-4.371546e+00 5.742227e+00
-9.430947e+00 9.260445e+00
7.673492e+00 -9.105079e+00
9.577165e+00 -6.734315e+00
6.721876e+00 -9.782885e+00
-9.720704e+00 -1.069037e+01
1.066847e+01 -3.232843e+00
9.071807e+00 1.362107e+00
9.406348e+00 2.428523e+00
-1.215219e+00 -6.459333e+00
3.113741e+00 -7.704232e+00
-1.038531e+00 -5.421865e-01
4.846072e+00 -1.611745e+00
7.395454e+00 -4.611426e+00
1.041075e+01 7.944840e+00
5.395762e+00 1.520066e+00
8.290886e+00 2.448576e+00
2.200816e+00 8.184368e+00
5.717536e+00 -2.550028e+00
5.709146e+00 2.696314e+00
-7.527999e+00 7.838132e+00
7.668699e+00 -5.945414e+00
-1.048341e+01 -9.866023e+00
7.097507e+00 7.550791e+00
6.241799e+00 9.463194e+00
-2.553321e+00 6.834638e+00
4.964479e+00 -8.650189e+00
7.652392e+00 6.323363e+00
-9.354800e+00 5.841175e+00
9.480402e+00 -4.800418e+00
1.234873e+00 -4.534473e+00
1.041852e+01 -4.477589e+00
4.275762e+00 -2.855026e+00
1.104722e+01 -5.460945e+00
-8.360639e+00 4.147182e+00
1.569489e+00 5.913689e+00
1.556819e+00 -5.965237e+00
-7.682936e+00 1.042180e+01
-8.634433e+00 5.182602e+00
-8.048976e+00 -1.891573e+00
-1.050209e+01 9.482502e+00
-6.826929e+00 -1.113765e+01
