3.187837e+00 -8.702824e+00
-7.545019e+00 5.482526e+00
-8.199823e+00 7.093216e+00
-4.387889e+00 -2.058561e+00
-4.765216e+00 1.731605e+00
-9.206721e+00 -9.247246e+00
7.891916e+00 1.029550e+00
3.951411e+00 2.869642e+00
5.443015e+00 -4.649852e+00
5.236466e+00 -2.800845e+00
-5.888456e+00 8.113754e+00
-1.065597e+01 5.637197e+00
-9.111137e+00 2.407062e-01
4.389877e+00 1.921675e+00
-5.443878e+00 2.564851e+00
6.298974e+00 3.738104e+00
-9.202127e+00 -8.996594e-01
-9.982162e+00 8.125743e+00
-8.588815e+00 -6.261634e+00
-9.478501e+00 -8.278330e+00
6.837473e+00 -9.638279e+00
9.788062e+00 -5.015801e+00
2.941720e+00 -2.864239e+00
-8.356437e-01 -9.373939e-01
6.815963e+00 7.212895e-01
-9.830022e+00 6.306988e+00
-4.029283e+00 -1.137211e+00
-1.216859e+00 -1.007200e+01
8.475359e+00 3.139693e+00
-6.232014e+00 3.516307e+00
9.143227e-01 -9.835116e+00
6.970178e+00 4.540414e+00
-1.017156e+01 2.397731e+00
-1.060371e+01 1.016166e+00
-1.665816e+00 3.711373e+00
-6.557848e+00 -1.055113e+01
-8.764981e+00 -1.019175e+01
-7.919017e+00 -7.349074e+00
8.730725e+00 -5.164658e+00
-7.257671e+00 1.585360e+00
9.478056e+00 -8.068838e+00
5.705334e+00 -1.910474e+00
-1.036440e+01 1.098131e+01
-9.846366e+00 3.576895e+00
-1.048094e+01 -5.574988e+00
9.059224e+00 9.213532e+00
-5.996980e+00 -3.390079e+00
-7.924994e+00 -3.933806e+00
9.446288e+00 -2.858591e+00
1.094702e+01 1.439306e-01
3.550228e+00 -1.107245e+00
-4.396964e-01 3.838925e+00
1.056190e+01 2.961454e+00
-7.687437e+00 3.431691e+00
8.581050e+00 1.246279e-01
-8.501388e+00 -1.654390e+00
2.389370e+00 5.321145e+00
-7.534067e+00 -6.018797e+00
-8.896463e+00 3.757009e+00
-2.576503e+00 7.333899e+00
5.163061e+00 -1.066314e+01
5.927593e+00 -8.696616e+00
7.997271e+00 -8.764422e+00
-1.437968e+00 -1.111364e+01
-9.337036e+00 1.305810e+00
4.893696e+00 -5.928546e+00
-8.923600e+00 -7.312199e+00
-5.758607e+00 -2.198731e+00
-9.548235e+00 1.021769e+01
6.572695e+00 -4.750335e+00
5.863762e+00 6.014348e+00
9.576163e+00 2.922117e+00
-1.790173e-01 7.472243e+00
3.282298e+00 4.919846e+00
-1.996831e+00 6.473954e+00
1.060815e+01 5.480437e+00
-9.164619e+00 -2.411533e+00
-3.184791e+00 5.981232e+00
6.862903e+00 -6.238972e+00
1.062820e+01 -5.944598e+00
3.828439e+00 -1.057099e+01
-1.014510e+01 -4.196607e+00
5.155002e+00 4.027558e+00
3.646178e+00 -5.498406e+00
7.299996e+00 -1.107722e+01
4.375892e+00 9.151074e-01
8.302212e+00 -7.816950e+00
-5.202307e+00 3.593954e+00
4.254462e+00 -6.811633e+00
1.685790e-01 7.713930e-01
-6.840184e+00 -2.324664e+00
-1.707668e+00 -2.762840e+00
-2.388724e+00 1.803235e+00
7.913068e+00 4.000797e+00
9.797258e+00 6.484679e+00
1.470783e+00 2.805394e-01
6.783753e+00 5.619260e+00
-2.507616e+00 -3.883210e-01
-8.302430e+00 1.414025e+00
-1.031471e+01 -9.011894e+00
-8.120175e+00 2.513964e+00
1.244694e+00 7.351210e+00
-1.020995e+01 -7.507705e+00
9.462802e+00 -5.954695e+00
-2.618596e+00 -8.484975e+00
-7.624096e+00 9.449453e+00
-4.429678e+00 -7.444212e+00
-9.151572e+00 2.670337e+00
-6.743812e+00 -4.374015e+00
-7.220067e+00 -8.610586e+00
9.928677e+00 -1.123752e+00
-3.349390e+00 2.852239e+00
1.137529e-01 1.861171e+00
4.944298e+00 5.157950e+00
-9.217265e+00 7.126195e+00
-8.835049e+00 8.163055e+00
-6.624830e+00 6.442275e-01
-4.524180e+00 -6.225771e+00
1.019506e+01 4.023704e+00
-8.386847e+00 1.036506e+01
9.980857e-01 5.303795e+00
-8.079997e-02 5.300600e+00
-2.849267e+00 8.311982e+00
-6.706946e+00 9.886983e+00
4.058501e+00 -3.178735e+00
9.862607e+00 -4.811728e-02
-7.530681e+00 -4.921472e+00
-9.705180e+00 9.014964e+00
-8.103203e-01 1.154178e+00
-7.726411e+00 4.961206e-01
6.039807e+00 -3.530663e+00
-5.929406e+00 -6.244400e+00
-1.103014e+01 8.656694e+00
1.056158e+01 1.099971e+00
-1.659645e+00 -7.903088e+00
5.996191e+00 8.152482e+00
-4.329013e+00 -3.966583e+00
7.220340e+00 2.960494e+00
8.568252e-01 8.967017e+00
-4.120151e-01 8.574124e+00
-2.988419e+00 7.481570e-01
-5.507999e-01 -8.059760e+00
-9.078812e+00 -1.112245e+01
-7.120080e+00 6.522552e+00
8.049551e+00 -3.009505e+00
-3.419343e+00 1.845194e+00
-7.157524e+00 -3.712938e-01
-5.495602e+00 -7.214322e+00
5.472176e+00 1.817760e+00
-1.010888e+01 -3.079800e+00
-4.203705e-01 -1.997060e+00
-1.099668e+01 4.509359e+00
-5.978652e+00 4.659419e+00
-4.751143e+00 -9.908886e+00
3.269108e+00 1.878374e+00
5.924117e+00 4.745293e+00
-4.509696e+00 9.603089e+00
-5.155630e+00 1.058353e+01
8.938518e+00 7.026675e+00
-3.295591e+00 -4.375297e+00
-1.008059e+00 6.831738e+00
-5.676290e+00 -3.089140e-01
2.063229e+00 -3.978069e+00
-7.051883e+00 -3.322317e+00
1.006106e+01 2.035222e+00
1.190817e+00 2.484240e+00
-1.510431e+00 -3.890862e+00
1.105136e+01 -9.351139e-01
4.060842e+00 4.163444e+00
-4.015854e+00 3.821249e+00
-3.771204e+00 7.090962e+00
1.629038e+00 -6.069181e+00
4.620607e-01 -7.344692e+00
7.674609e+00 7.449507e+00
9.073856e+00 4.057961e+00
-8.197375e+00 -5.974449e-01
6.744329e+00 1.791136e+00
6.329121e-01 -8.416065e+00
1.906419e+00 -1.032182e+01
-3.487220e+00 -1.337512e-01
-2.266616e+00 -9.502174e+00
-1.159775e+00 5.732992e+00
-4.310046e+00 -1.098912e+01
-5.033104e+00 8.722665e+00
2.062360e+00 9.661032e+00
1.081736e+01 9.770258e+00
-3.183501e+00 -5.408148e+00
-5.465020e+00 -5.297486e+00
5.405732e-03 -1.037572e+01
-6.163627e+00 -1.277505e+00
8.875460e+00 1.985090e+00
-3.484396e+00 -7.866807e+00
5.142885e+00 2.872599e+00
-4.418675e+00 2.800791e+00
-4.617985e+00 -1.478353e-01
-9.892380e+00 -1.035518e+01
-2.978840e+00 -1.408294e+00
1.616831e+00 3.440798e+00
2.455747e+00 6.473458e+00
2.824421e+00 -6.316941e+00
1.900231e+00 -2.864893e+00
3.572798e+00 -7.778602e+00
9.156361e+00 -1.022278e+01
4.891032e+00 -7.831756e+00
-2.165513e+00 2.831752e+00
8.287539e+00 -1.145640e+00
-6.216998e-01 -3.167553e+00
-3.584251e+00 -1.003605e+01
1.949543e-02 6.336386e+00
7.555421e+00 -1.912782e+00
2.509453e+00 2.750433e+00
-4.534440e+00 -8.561964e+00
-1.192344e+00 1.000282e+01
-1.291996e+00 1.999667e+00
7.895989e-01 -2.934055e+00
4.521352e+00 -1.415554e+00
7.952221e+00 -9.926464e+00
-4.809505e+00 4.555831e+00
1.002118e+00 -1.088455e+01
5.449915e+00 7.205466e+00
3.183760e+00 -4.068812e+00
-6.558185e+00 -7.339026e+00
-1.509318e+00 9.047566e+00
-5.334155e+00 5.641350e+00
-1.838437e+00 5.013841e-01
-4.086718e+00 7.839812e-01
-2.122994e+00 -4.717644e+00
-5.943378e+00 -8.560180e+00
-4.976396e+00 -3.046662e+00
4.799451e+00 8.238514e+00
9.482115e+00 9.178503e-01
6.362459e+00 -1.924884e-01
-1.310117e+00 7.971570e+00
-2.763695e+00 4.427077e+00
2.129729e+00 1.542683e+00
1.088741e+01 6.657925e+00
8.312491e+00 -1.098956e+01
1.739202e+00 -8.085797e+00
1.522801e+00 -1.859601e+00
-3.301455e+00 -1.110033e+01
-2.160241e+00 5.289043e+00
-5.586557e+00 -1.064099e+01
-5.648809e+00 9.658949e+00
7.504978e+00 1.026004e+01
-6.604329e+00 -5.369960e+00
5.164497e-01 3.251847e+00
3.810718e+00 8.518456e+00
-7.780341e+00 8.321167e+00
-1.112554e+00 4.700798e+00
4.161313e+00 -8.650614e+00
-2.625813e+00 -7.258045e+00
-4.237281e+00 -5.275644e+00
2.130299e+00 -9.104028e+00
4.374306e+00 7.227278e+00
4.431696e-01 -6.306320e+00
1.360953e+00 6.313916e+00
-7.378457e-01 -7.030002e+00
5.685254e+00 -9.785444e+00
6.202951e+00 2.682392e+00
4.398907e+00 -4.718648e+00
-9.179283e+00 -3.439873e+00
7.292011e+00 -7.284516e+00
-7.407687e+00 -1.363010e+00
-2.369080e+00 -1.063737e+01
8.885295e+00 5.935057e+00
-1.054218e+00 -4.925354e+00
6.901184e+00 -8.222997e+00
5.942706e+00 -5.593255e+00
7.601963e+00 -5.370972e+00
2.033184e-01 -5.205034e+00
-5.349836e+00 -4.261763e+00
5.634008e+00 8.090411e-01
-1.802332e+00 -1.600173e+00
3.701525e+00 -2.038692e+00
4.589826e+00 1.086996e+01
9.775775e+00 1.002590e+01
7.745791e+00 6.258203e+00
1.528372e+00 -7.098038e+00
2.989032e+00 -9.957350e+00
3.070051e+00 9.279820e+00
6.313667e+00 -1.057466e+01
1.394216e+00 -8.061052e-01
-3.235080e-01 -4.188050e+00
1.754735e+00 1.063319e+01
-1.113893e+01 2.117580e+00
-5.997654e+00 6.908437e+00
-6.153917e-01 -5.963355e+00
4.546895e+00 9.734028e+00
7.484032e+00 -2.020112e-01
2.615458e+00 -1.534957e+00
-5.734830e+00 -9.591068e+00
-3.299339e+00 -2.722665e+00
-1.050583e+01 9.694490e+00
8.334427e+00 8.292849e+00
-9.678033e-01 -9.143271e+00
2.706201e+00 -4.250955e-01
1.039998e+01 1.104850e+01
-1.027780e+01 -1.133464e+00
-2.366734e-01 9.642005e+00
-5.199247e+00 7.562254e-01
-6.165746e+00 1.088578e+01
4.630442e+00 -9.720833e+00
9.096712e+00 -1.827964e+00
7.784950e-01 -4.040162e+00
-3.372832e+00 -6.473278e+00
-1.060877e+01 7.329648e+00
-1.116443e+01 -3.352693e+00
6.640694e+00 -2.559402e+00
1.061234e+01 7.704391e+00
-2.522473e+00 -3.667029e+00
-9.084308e+00 -4.534822e+00
-1.606953e+00 -6.606883e+00
-6.955437e+00 4.430174e+00
-6.392501e+00 5.700595e+00
4.710229e+00 6.149233e+00
-7.345665e+00 1.085198e+01
-9.365268e+00 -5.573514e+00
-7.703978e+00 -1.036526e+01
9.028414e-01 1.005556e+01
7.713505e+00 2.112161e+00
-1.114911e+01 -9.584664e+00
-4.928287e+00 7.489439e+00
9.276708e+00 -9.135078e+00
-8.704039e+00 9.176525e+00
1.035872e+01 -8.776121e+00
5.400030e+00 -6.836691e+00
1.755797e+00 4.520690e+00
7.113794e+00 8.382225e+00
-1.088448e+01 3.336835e+00
3.026901e+00 3.884796e+00
1.808635e+00 8.382291e+00
-3.462678e+00 9.221289e+00
6.694942e-01 4.271436e+00
6.633432e+00 6.957225e+00
1.051663e+01 -2.461508e+00
4.917664e+00 -3.840081e+00
-2.428595e+00 1.067232e+01
2.712521e+00 7.942940e+00
-6.877782e+00 7.626402e+00
1.191938e-01 1.091478e+01
3.427056e+00 1.045050e+01
-1.115070e+01 -6.885127e+00
6.649690e+00 -1.404842e+00
7.035050e-03 -9.336555e+00
-7.968575e+00 -9.371721e+00
-9.936024e+00 -6.505909e+00
1.025360e+01 -1.007432e+01
3.965920e+00 2.076882e-02
1.060645e+00 1.437066e+00
-1.021297e+01 -1.215483e-01
-6.370748e-01 5.724564e-02
9.061730e+00 -6.991483e+00
-3.720582e+00 1.032218e+01
-3.910634e+00 8.246192e+00
8.433493e+00 4.971440e+00
7.980036e+00 9.306453e+00
-1.112385e+01 -8.212343e+00
8.672063e+00 1.023535e+01
3.371025e+00 5.936819e+00
-8.846141e+00 5.654052e+00
5.672511e+00 9.264273e+00
-1.103054e+01 -1.063742e+01
6.194951e+00 1.034239e+01
-8.362754e+00 -8.280242e+00
7.887458e+00 -4.166209e+00
-5.084146e+00 -1.266783e+00
1.023663e+01 -4.026742e+00
-3.555014e+00 -9.041458e+00
6.248131e+00 -7.353623e+00
3.116174e+00 7.384378e-01
4.972428e+00 -1.857766e-01
1.016501e+01 -7.229548e+00
9.369865e+00 1.112343e+01
9.612772e+00 4.966631e+00
-7.999901e+00 -2.919305e+00
-2.415648e+00 9.599908e+00
4.307743e-01 -2.329079e-01
-1.076259e+01 -2.097103e+00
-8.232386e+00 4.632711e+00
1.473082e+00 -5.072788e+00
2.526606e+00 -7.302212e+00
1.018631e+01 8.800875e+00
2.826562e+00 -1.099722e+01
-4.465511e+00 6.388415e+00
3.311559e+00 7.070839e+00
9.504392e+00 7.946611e+00
-3.981716e+00 5.310237e+00
7.899357e+00 -6.463800e+00
-2.193041e+00 -5.759959e+00
1.107405e+01 -4.918620e+00
4.699263e-01 -1.518621e+00
7.083217e+00 -3.478910e+00
-6.828845e+00 2.643210e+00
6.813200e+00 9.329210e+00
2.672459e+00 -5.017662e+00
-6.912417e+00 -9.590451e+00
-5.929863e+00 1.584387e+00
9.056112e+00 -3.943097e+00
-9.711755e+00 4.799675e+00
-6.772784e+00 8.811648e+00
