8.066622e+00 -1.074584e+01
-8.537565e+00 8.078671e+00
-9.487482e+00 7.633169e+00
-4.107921e+00 6.836157e-01
-5.124049e+00 9.616275e-01
-8.402105e+00 -1.004677e+01
7.300687e+00 -5.920495e-01
4.786859e+00 3.453300e+00
6.265436e+00 -8.047252e+00
6.044726e+00 -2.305373e+00
-5.630092e+00 8.088426e+00
1.086734e+01 4.862315e+00
-8.560129e+00 7.890978e-02
5.873804e+00 3.126434e+00
-6.126770e+00 4.257546e+00
5.624786e+00 4.212473e+00
-9.358348e+00 -3.240931e+00
1.095786e+01 -9.588954e+00
-9.198790e+00 -7.274817e+00
-1.044009e+01 -7.018651e+00
4.804890e+00 -9.572658e+00
8.659237e+00 -3.000872e+00
2.582950e+00 -5.430143e+00
-2.635888e+00 -3.200559e-01
4.659467e+00 -8.350074e-01
-1.041314e+01 6.864733e+00
-3.825936e+00 -4.024893e-01
-4.014723e-01 -1.096023e+01
7.982082e+00 1.888630e+00
-7.134045e+00 4.200939e+00
2.483031e+00 -8.874847e+00
6.155504e+00 2.147026e+00
-8.425527e+00 2.574232e+00
-1.069476e+01 -2.172132e-02
-4.340072e-01 2.838456e+00
-6.086818e+00 -1.092605e+01
-8.925773e+00 -1.114037e+01
-8.354960e+00 -7.953509e+00
9.422761e+00 -6.579515e+00
-7.244912e+00 2.400709e+00
8.788802e+00 -9.808372e+00
5.480870e+00 -3.310650e+00
-9.050590e+00 -9.064403e+00
9.288692e+00 3.123181e+00
-1.117168e+01 -4.158893e+00
8.658411e+00 8.548092e+00
-6.509862e+00 -4.094264e+00
-7.548974e+00 -4.116172e+00
7.616490e+00 -5.249153e+00
1.075368e+01 4.751911e-01
4.452637e+00 -3.883209e+00
-1.438317e+00 2.816691e+00
8.827401e+00 3.457322e-01
-8.030906e+00 4.914622e+00
9.851344e+00 4.834145e-02
-7.588717e+00 -9.753683e-01
1.887140e+00 3.082471e+00
-5.606813e+00 -5.180117e+00
-6.947378e+00 6.439802e+00
-7.831405e-01 5.521756e+00
3.950958e+00 1.092272e+01
4.312531e+00 -8.311051e+00
8.483586e+00 1.061467e+01
-1.322334e+00 -9.570178e+00
-9.540904e+00 1.702907e+00
4.948532e+00 -7.514050e+00
1.087206e+01 -5.211732e+00
-4.734816e+00 -1.274881e+00
-7.794194e+00 8.888066e+00
6.133899e+00 -5.571336e+00
4.958077e+00 7.675244e+00
-1.049476e+01 2.458387e+00
3.959820e-01 5.621371e+00
3.521071e+00 3.973027e+00
4.446268e-01 3.473811e+00
9.574032e+00 4.747574e+00
-9.662451e+00 -4.151531e+00
-3.008059e+00 5.806922e+00
5.369056e+00 -8.660565e+00
8.623263e+00 -5.566010e+00
4.041217e+00 -1.033094e+01
-8.236116e+00 -5.359942e+00
6.658320e+00 4.127767e+00
1.109899e+00 -7.112080e+00
6.379213e+00 1.007734e+01
5.195364e+00 2.398050e-01
1.033649e+01 -1.080039e+01
-6.980732e+00 5.384014e+00
3.197433e+00 -7.996201e+00
5.630663e-01 -1.611585e+00
-6.623955e+00 -5.505960e-01
-1.755402e+00 5.718713e-01
-1.072607e+00 3.702691e+00
7.014767e+00 2.878817e+00
-1.116962e+01 6.161807e+00
3.268738e+00 -1.022191e+00
6.002668e+00 7.181167e+00
-5.321472e-01 3.777119e-01
-8.938020e+00 3.970134e+00
1.036017e+01 -6.253502e+00
-1.063001e+01 3.848947e+00
3.062934e+00 7.509896e+00
1.077620e+01 -7.417285e+00
8.908658e+00 -4.453406e+00
-2.058579e+00 -7.030451e+00
-5.438660e+00 9.399632e+00
-3.001891e+00 -6.235598e+00
1.017889e+01 3.821014e+00
-5.604455e+00 -7.979481e-01
-7.326637e+00 -8.016459e+00
-1.056756e+01 -1.309709e+00
-5.972406e+00 5.304637e+00
1.708582e+00 -1.553897e+00
5.215025e+00 5.309346e+00
1.039026e+01 8.545568e+00
-1.105124e+01 8.956656e+00
-8.563624e+00 1.255513e+00
-5.414708e+00 -7.256885e+00
7.676943e+00 3.651868e+00
-8.795246e+00 9.131438e+00
1.096089e+00 1.246346e+00
1.187548e+00 4.302553e+00
-2.955118e+00 1.017788e+01
-3.933816e+00 9.351190e+00
3.599379e+00 -5.984237e+00
1.071165e+01 -1.100954e+00
-6.909055e+00 -7.090720e+00
-4.595925e+00 1.020683e+01
-3.709863e+00 4.238451e+00
-1.059315e+01 1.335834e+00
7.594286e+00 -4.200703e+00
-6.244126e+00 -7.899697e+00
-1.067228e+01 9.924021e+00
9.963206e+00 2.195095e+00
-1.149894e-01 -6.507003e+00
5.869590e+00 8.289195e+00
-4.470722e+00 -3.485340e+00
7.623878e+00 4.025537e-01
1.210926e+00 8.042063e+00
-2.772849e-01 6.502084e+00
-4.397497e+00 3.061319e+00
2.261553e-01 -7.900552e+00
-1.022464e+01 -9.308655e+00
-8.220256e+00 6.989261e+00
9.427756e+00 -1.081092e+00
-6.357384e+00 2.012320e+00
-6.135931e+00 7.896194e-01
-4.738262e+00 -8.021544e+00
6.967493e+00 1.475091e+00
-8.698903e+00 -4.049848e+00
-1.399059e+00 -6.148195e-01
1.075627e+01 1.556395e+00
-6.484842e+00 7.431632e+00
-3.719568e+00 -7.753217e+00
3.962160e+00 2.955567e+00
6.421398e+00 5.253642e+00
-5.814144e+00 1.037608e+01
-4.995917e+00 -1.068664e+01
9.501756e+00 7.939902e+00
-1.213783e+00 -2.347425e+00
7.451282e-02 4.520833e+00
-7.359015e+00 1.198788e+00
1.537451e+00 -3.768863e+00
-6.675737e+00 -2.814262e+00
8.270456e+00 2.858387e+00
3.023766e+00 2.841192e-01
-6.238380e-01 -1.450479e+00
-9.930022e+00 -2.170320e+00
3.853722e+00 5.648434e+00
-5.001252e+00 5.854590e+00
-1.899943e+00 6.717295e+00
1.464494e+00 -9.376076e+00
1.503656e+00 -8.298844e+00
8.616591e+00 6.349938e+00
7.600282e+00 4.733897e+00
-8.880732e+00 -2.230174e+00
6.497922e+00 6.326709e-01
-5.975283e-01 -8.759002e+00
6.576409e-01 -1.044876e+01
-2.893559e+00 6.904899e-01
-2.301651e-01 -9.920165e+00
1.084844e+00 2.367032e+00
-5.534884e+00 -8.942561e+00
-2.022193e+00 7.974606e+00
2.792962e-01 8.624429e+00
-1.080378e+01 -1.047406e+01
-3.806385e+00 -5.631785e+00
-6.268172e+00 -5.949185e+00
-1.928439e+00 1.044498e+01
-4.351912e+00 1.637896e+00
-9.699241e+00 -3.656682e-01
-1.174492e+00 -6.445014e+00
4.936119e+00 6.558079e+00
-4.921320e+00 4.655067e+00
-7.424356e+00 1.472307e-01
-9.441287e+00 -1.009063e+01
-2.295960e+00 -1.355497e+00
1.950657e+00 3.969761e-01
7.715656e-01 6.856105e+00
3.983630e+00 -7.163330e+00
2.309471e+00 -5.555688e-01
2.593939e+00 -1.002292e+01
7.486577e+00 1.024076e+01
5.146468e+00 -6.324105e+00
-5.436724e+00 3.550124e+00
7.731925e+00 -1.554402e+00
1.501999e+00 -2.558056e+00
-2.682038e+00 -8.015891e+00
2.118079e+00 5.345199e+00
8.813390e+00 -2.011811e+00
-4.181249e-02 -6.078179e-01
-1.800911e+00 -5.445515e+00
-3.943309e+00 -1.038500e+01
-2.332700e+00 3.632783e+00
2.412694e+00 -3.059256e+00
4.647314e+00 -5.370280e+00
5.840809e+00 -9.770290e+00
-5.918974e+00 6.430187e+00
9.174856e-01 9.726584e+00
6.166515e+00 6.233574e+00
2.549930e+00 -4.236143e+00
-6.646977e+00 -8.935349e+00
-2.984965e+00 7.085576e+00
-3.816581e+00 6.415575e+00
-3.471724e+00 2.109775e+00
-5.346135e+00 2.508265e+00
-1.966601e+00 -4.426429e+00
-6.977197e+00 -9.977957e+00
-5.441868e+00 -2.975317e+00
4.758848e+00 8.663597e+00
9.676041e+00 1.140346e+00
5.033031e+00 -1.842318e+00
7.473172e-02 7.548869e+00
-4.060802e+00 5.285791e+00
3.717071e+00 1.854791e+00
-1.006817e+01 5.872116e+00
7.187646e+00 1.115514e+01
2.267783e+00 -7.656475e+00
3.041425e+00 -2.123561e+00
-3.487730e+00 -9.363349e+00
-1.362025e+00 4.649184e+00
-5.872836e+00 -9.973316e+00
-2.676698e+00 9.145110e+00
6.615549e+00 8.940233e+00
-5.614520e+00 -1.901363e+00
-1.239870e+00 1.557514e+00
3.925118e+00 8.095548e+00
-6.638148e+00 8.511160e+00
4.235711e-02 1.612536e+00
7.541857e+00 -7.620962e+00
-2.828912e+00 -5.172023e+00
-6.882240e+00 -5.096540e+00
2.915821e+00 -1.113623e+01
3.849770e+00 6.826750e+00
5.117763e-01 -5.713740e+00
1.414295e+00 6.079267e+00
-5.625791e-01 -5.358322e+00
7.085829e+00 -1.011497e+01
5.690264e+00 1.236501e+00
6.073068e+00 -6.965399e+00
-7.981767e+00 -3.173533e+00
7.815532e+00 -9.386695e+00
-8.665175e+00 -9.797997e-01
-1.698492e+00 -8.429803e+00
8.641785e+00 5.324799e+00
-2.569605e+00 -2.451007e+00
9.314427e+00 -1.108232e+01
6.602959e+00 -4.530175e+00
8.402230e+00 -8.570041e+00
1.534314e+00 -4.858537e+00
-5.277626e+00 -4.060669e+00
4.031958e+00 -1.743293e+00
-3.434811e+00 -1.478165e+00
2.541096e+00 -6.574894e+00
4.980671e+00 1.033783e+01
8.240460e+00 9.503146e+00
7.491756e+00 5.750806e+00
4.413970e-01 -9.104631e+00
4.147452e+00 9.691045e+00
-2.394642e-01 9.540528e+00
5.597993e+00 9.344590e+00
3.499176e+00 -3.256870e+00
-4.650668e-03 -2.569388e+00
-8.053512e-01 1.040818e+01
-9.629922e+00 3.177208e+00
-4.019911e+00 7.494445e+00
-1.851041e+00 -3.185449e+00
1.848968e+00 9.194396e+00
6.195482e+00 -3.141197e-01
3.705092e+00 -4.713161e+00
-5.149074e+00 -6.153241e+00
-4.409688e+00 -2.411623e+00
-9.713160e+00 -8.195954e+00
9.570780e+00 9.225831e+00
-8.287106e-01 -7.690918e+00
4.097059e+00 6.737351e-02
-1.010933e+01 1.092563e+01
-7.708087e+00 -2.138371e+00
-7.626230e-01 8.464148e+00
-6.449970e+00 3.251066e+00
-6.830139e+00 1.065688e+01
5.855953e+00 1.101931e+01
8.349394e+00 -5.694033e-01
4.698796e-01 -4.644999e+00
-4.270988e+00 -4.547502e+00
-1.058924e+01 7.947192e+00
-9.192514e+00 -5.018485e+00
7.643432e+00 -2.799192e+00
1.040839e+01 9.978408e+00
-3.463922e+00 -3.086617e+00
-7.435810e+00 -6.055174e+00
-9.050379e-01 -4.256460e+00
-7.987775e+00 5.939285e+00
-5.125661e+00 7.161304e+00
3.229223e+00 4.914654e+00
-6.985374e+00 9.601860e+00
-8.047536e+00 -6.937139e+00
-8.078581e+00 1.034575e+01
-4.676516e+00 -9.552992e+00
8.989590e+00 1.927087e+00
9.727381e+00 -5.377942e+00
-3.149144e+00 8.192430e+00
9.467475e+00 1.025251e+01
-9.493191e+00 9.887390e+00
9.872906e+00 -9.825568e+00
6.774368e+00 -3.380107e+00
2.939040e+00 2.610486e+00
8.173621e+00 7.333716e+00
1.099806e+01 3.065822e+00
4.371392e+00 4.635049e+00
1.979217e+00 1.029734e+01
-1.341350e+00 9.342889e+00
5.114105e-01 2.555936e-01
6.887245e+00 7.917591e+00
9.666468e+00 -2.667759e+00
5.457253e+00 -4.544233e+00
-2.395586e+00 -9.676414e+00
1.846056e+00 7.248213e+00
-7.461860e+00 7.792773e+00
-1.559726e+00 -1.071784e+01
3.086396e+00 1.016817e+01
-1.039828e+01 -4.908604e+00
6.487516e+00 -1.416773e+00
6.239218e-01 1.066516e+01
-7.743747e+00 -9.067883e+00
-8.828657e+00 -6.126282e+00
-1.082351e+01 -8.267107e+00
4.559775e+00 1.216374e+00
2.386913e+00 1.501830e+00
-9.618020e+00 6.586453e-01
-2.276571e+00 1.974283e+00
1.000419e+01 -4.269643e+00
-2.767635e+00 -1.096125e+01
-3.763602e+00 1.088769e+01
7.191031e+00 6.828949e+00
1.012773e+01 5.744363e+00
-1.090855e+01 -6.117281e+00
7.580700e+00 8.697899e+00
2.422778e+00 4.053581e+00
-9.952402e+00 8.899036e+00
3.246200e+00 8.886279e+00
1.045717e+01 -8.523467e+00
2.341080e+00 8.312984e+00
-9.874877e+00 -5.918038e+00
8.714593e+00 -7.591145e+00
-4.817317e+00 -1.258528e-01
1.093579e+01 -2.317050e+00
-4.429088e+00 -6.935450e+00
6.732847e+00 -8.985131e+00
5.070871e+00 2.436195e+00
4.521926e+00 -2.756466e+00
9.772682e+00 -7.542176e+00
1.106589e+01 1.085677e+01
8.519739e+00 4.145209e+00
-6.735042e+00 -1.590159e+00
-9.692766e-01 7.370612e+00
1.189799e+00 -6.360102e-01
-1.038386e+01 -3.285277e+00
-9.235742e+00 6.550402e+00
1.499475e-01 -3.574062e+00
3.749824e+00 -9.231384e+00
9.679872e+00 6.752724e+00
1.920318e+00 -1.087958e+01
-1.807345e+00 5.539118e+00
2.547959e+00 6.378830e+00
1.072291e+01 7.330883e+00
-2.628161e+00 4.774545e+00
9.400062e+00 -8.536543e+00
-3.314050e+00 -4.120669e+00
1.054862e+01 -3.346949e+00
-3.375256e+00 3.284471e+00
8.011087e+00 -6.714530e+00
-1.010073e+01 4.794135e+00
5.134193e+00 -1.061958e+01
1.487466e+00 -6.011917e+00
-7.742582e+00 -1.085753e+01
-7.811975e+00 3.426962e+00
7.016831e+00 -6.170476e+00
-9.018517e+00 5.428899e+00
-4.502950e+00 8.523017e+00
