-8.238829e+00 -8.750959e+00
1.107327e+01 8.980770e+00
-1.054151e+01 1.047322e+01
-9.280543e+00 -8.468641e+00
9.845187e+00 -5.148397e+00
-1.037445e+01 -5.586753e+00
1.103518e+01 -5.189250e+00
9.118306e+00 -2.600356e+00
5.573197e+00 -4.472615e+00
8.823498e+00 -9.883357e-01
5.961915e+00 4.452879e+00
9.719649e+00 6.203192e+00
1.026888e+01 -3.303066e-01
5.344088e+00 6.036652e+00
-8.727287e+00 9.333131e+00
9.387540e+00 4.623343e+00
-9.441031e+00 2.798290e+00
-5.396753e+00 8.160122e+00
9.976177e+00 9.304234e+00
-7.904343e+00 -1.090665e+01
-9.572747e+00 -7.405017e+00
-5.511137e+00 -9.058925e+00
-1.074415e+01 -1.019555e+01
-1.054951e+01 -6.909954e+00
1.075580e+01 -7.103862e+00
-1.043854e+01 -3.053705e+00
-8.110633e+00 -1.084095e-01
9.742061e+00 -3.584346e+00
8.473950e+00 -3.512814e+00
1.025563e+01 7.371252e-01
-9.474346e+00 -2.297650e+00
8.186839e+00 -1.945638e+00
-9.951393e+00 -1.219782e+00
1.079405e+01 2.973162e+00
7.526999e+00 1.537759e+00
5.906829e+00 8.247642e+00
-9.866140e+00 9.491274e+00
-6.297097e+00 9.451483e+00
-9.241115e+00 1.048879e+01
-1.107319e+01 7.569466e+00
-6.536654e+00 -7.358565e+00
-5.477225e+00 -7.067556e+00
9.950883e+00 1.076693e+01
-6.855492e+00 -1.075208e+01
-9.514805e+00 -6.263481e+00
-7.133012e+00 -4.189525e-01
-8.431464e+00 -2.507402e+00
-7.265225e+00 -4.170194e+00
4.688294e+00 -1.611682e+00
-9.373979e+00 -2.167020e-01
1.093650e+01 -2.776355e+00
-8.770792e+00 7.472673e-01
1.075212e+01 -1.271761e+00
1.101324e+01 6.465907e+00
9.191654e+00 -8.388017e-02
-6.845513e+00 6.278265e+00
-9.736537e+00 4.994931e+00
-2.416470e+00 4.671547e+00
-7.329161e+00 5.167878e+00
-5.566307e+00 6.191270e+00
-4.883324e+00 -1.002797e+01
-3.685403e+00 -9.861487e+00
-7.253995e+00 -8.365274e+00
-7.531274e+00 -7.310597e+00
-8.626813e+00 -1.211061e+00
-8.671165e+00 -5.704798e+00
-7.623287e+00 -6.048285e+00
-8.551141e+00 -3.671877e+00
6.785618e+00 -6.510351e+00
-7.379336e+00 8.463176e-01
-9.878949e+00 8.915553e-01
1.001728e+01 3.682882e+00
6.350087e+00 1.294243e+00
8.752502e+00 5.475944e+00
-1.072412e+01 5.250711e+00
8.544672e+00 2.055641e+00
-8.029140e+00 1.649862e+00
-3.794759e+00 6.787930e+00
-8.333447e+00 7.126046e+00
-8.276381e+00 1.049923e+01
-5.202554e+00 9.219634e+00
-8.356332e+00 -9.837103e+00
-6.363206e+00 -9.843521e+00
-4.513601e+00 -7.801365e+00
-8.553853e+00 -6.730861e+00
-1.045294e+01 -4.356049e+00
-5.786020e+00 -4.496511e+00
-6.865699e+00 -2.294571e+00
-1.075630e+01 -7.961524e+00
4.147162e-01 -4.544316e+00
-9.392853e+00 -4.469873e+00
-2.435118e+00 2.139912e+00
-7.112636e+00 2.261808e+00
-7.509255e+00 3.226028e+00
-1.049416e+01 1.854390e+00
8.484989e+00 9.877548e-01
-1.050398e+01 2.883321e+00
-8.886998e+00 -1.072618e+01
-2.994260e+00 7.450772e+00
-4.316032e+00 -1.080049e+01
-6.687345e+00 8.345222e+00
-2.288983e+00 -1.025299e+01
-5.431727e+00 -1.101919e+01
-5.862518e+00 -2.119730e+00
-2.321714e+00 -5.727924e+00
-7.456398e+00 -3.149658e+00
2.516257e+00 -1.399355e+00
-9.544796e+00 -3.489814e+00
-4.547791e+00 -3.955046e+00
-6.404801e+00 -3.393711e+00
-5.099836e+00 -1.491645e-01
-6.457212e+00 3.091556e+00
-8.640476e+00 5.115325e+00
-6.837353e+00 4.153874e+00
-9.198783e+00 3.992237e+00
-1.096769e+01 -1.437609e-01
-8.056038e+00 6.114890e+00
-6.202649e+00 -8.281400e+00
-1.106147e+01 9.469586e-01
-9.209023e+00 6.428391e+00
-2.002695e+00 5.731644e+00
-5.990384e+00 4.940924e+00
-6.726071e-01 -8.761503e+00
-6.187450e+00 -6.215482e+00
-2.239770e+00 -4.377947e+00
-3.518855e+00 -3.988652e+00
-4.167665e+00 -1.548725e+00
-5.428240e+00 -5.563524e+00
-6.088626e+00 1.085595e-01
-4.301916e+00 6.393246e-01
-6.187868e+00 -1.052638e+00
-3.471566e+00 2.750663e+00
-5.159128e+00 2.628455e+00
1.040151e+01 1.906195e+00
-3.010672e+00 3.763371e+00
-3.090555e+00 5.530500e+00
-4.768538e+00 4.723737e+00
-9.831311e+00 7.385738e+00
-3.600545e+00 4.575960e+00
-4.463303e+00 5.725359e+00
-7.184388e+00 7.361087e+00
-1.933618e+00 9.057862e+00
-5.557578e+00 1.026304e+01
-2.676400e+00 -9.223517e+00
-3.156483e+00 -7.302832e+00
-3.365638e+00 -8.368091e+00
-5.415168e+00 -3.457144e+00
-6.773331e+00 -5.350590e+00
-1.533190e+00 -5.171306e+00
-3.262920e+00 4.599074e-01
-4.278204e-01 2.982288e-01
-6.027004e-01 -4.039842e+00
-6.283340e+00 1.245127e+00
2.356281e-01 3.292784e+00
-4.394715e+00 3.618059e+00
-1.303116e+00 2.475912e+00
-5.166786e+00 -1.400290e+00
-2.767877e+00 6.492214e+00
-6.047477e+00 7.207151e+00
-8.343196e-03 4.538281e+00
-4.472478e+00 1.016546e+01
-6.890971e+00 1.060886e+01
-3.951304e+00 9.036315e+00
-3.254827e+00 -6.191555e+00
-4.498835e+00 -2.750092e+00
-1.788357e+00 -2.862083e-02
1.058136e+00 -6.784119e+00
-8.020650e+00 -4.840703e+00
-2.593859e+00 -1.887599e+00
1.990505e+00 -6.158985e+00
1.481187e-01 -7.767832e+00
3.408238e-01 -3.296509e-01
-3.453236e+00 -2.300441e+00
-4.394665e+00 1.913480e+00
-9.123835e+00 1.778473e+00
-8.051451e+00 4.135881e+00
8.126374e-01 5.330078e+00
-2.157486e+00 -7.739355e+00
-1.706762e+00 7.138815e+00
-1.315870e+00 1.034482e+00
4.256284e-01 -8.820932e+00
-4.992786e+00 7.103317e+00
1.196321e+00 -8.176843e+00
-1.757620e+00 -8.748912e+00
-4.420315e+00 -6.485567e+00
-3.247774e+00 -5.047000e+00
2.924049e+00 -5.522673e+00
-4.364428e+00 -8.877399e+00
-1.530664e+00 -3.589436e+00
-5.380840e+00 8.613127e-01
-3.111730e+00 -6.885236e-01
-1.514807e+00 -2.104075e+00
-8.418494e+00 2.700475e+00
-3.394553e+00 1.506452e+00
3.921994e+00 4.426724e+00
-1.028370e+01 3.981927e+00
-8.779596e-01 3.409512e+00
-1.521621e-01 8.247377e+00
-8.290210e-01 5.120126e+00
-7.351328e+00 -9.398875e+00
-2.166157e+00 1.001955e+01
1.880106e+00 8.649619e+00
-1.241883e+00 8.096617e+00
-4.482031e+00 -5.025339e+00
-9.617523e-01 1.005879e+01
3.232291e+00 -9.312756e+00
-1.019446e+00 -7.673120e+00
3.760163e+00 -8.306455e+00
2.945996e+00 -6.798448e+00
-1.666454e+00 -1.138144e+00
6.528714e+00 -8.356666e-01
2.210482e+00 3.419160e-01
1.378544e-01 6.201225e+00
-4.103559e+00 -4.909044e-01
-1.457307e+00 4.219049e+00
-2.050209e+00 3.209617e+00
-1.106478e+00 6.334408e+00
-4.031291e+00 7.810209e+00
2.967655e+00 1.024500e+01
1.733357e+00 4.834512e+00
-3.243714e+00 1.004471e+01
-1.429732e+00 -9.733190e+00
5.994244e+00 -1.106557e+01
-2.283181e+00 -6.713117e+00
3.831718e-01 -5.770381e+00
2.632436e-01 -3.512629e+00
1.392564e+00 -5.210397e+00
8.157998e-01 5.650273e-01
2.184373e+00 -3.417183e+00
6.819941e+00 3.753191e-01
-5.569706e+00 3.712270e+00
6.894849e-01 1.696255e+00
1.199907e+00 2.670340e+00
2.223207e+00 2.247295e+00
1.343124e+00 3.817751e+00
4.020238e+00 5.530409e+00
3.143390e+00 6.589857e+00
-8.120565e-01 9.045458e+00
-1.990724e-01 1.084838e+01
8.850333e-01 7.739546e+00
-4.950402e-01 7.230642e+00
1.767595e+00 9.903503e+00
-9.070146e-01 -1.071131e+01
-2.786709e+00 8.480728e+00
-5.306310e-01 -5.394985e+00
-1.290362e+00 -6.587745e+00
2.773267e+00 -8.114942e+00
2.606849e+00 -4.396081e+00
-3.466578e-01 1.360925e+00
-2.346196e+00 9.717839e-01
4.490859e+00 -3.699131e-01
4.154320e+00 1.693547e+00
1.663966e+00 1.161347e+00
7.007399e+00 6.408903e+00
1.060985e+00 6.691613e+00
-3.226244e-01 2.403214e+00
2.918083e+00 -4.578712e-01
2.393442e-01 9.721682e+00
4.831593e+00 7.481076e+00
1.303832e+00 -1.073722e+01
3.782518e+00 7.493001e+00
2.202404e+00 -8.993050e+00
-4.235144e-02 -9.893898e+00
-3.155501e+00 -1.092713e+01
5.253750e+00 1.023389e+01
4.427630e+00 -4.030048e+00
3.916827e+00 -6.031208e+00
3.621438e+00 -4.716985e+00
3.620888e+00 -1.185689e+00
-2.519899e+00 -2.986127e+00
-6.141216e-01 -8.376597e-01
2.731738e+00 1.279273e+00
7.072790e+00 -1.772871e+00
5.004383e+00 3.812942e+00
3.031472e+00 9.060347e+00
2.417688e+00 3.770432e+00
2.229086e+00 7.083437e+00
4.050603e+00 9.440020e+00
2.161766e+00 1.095188e+01
3.307266e+00 -1.065937e+01
4.574065e+00 -1.089350e+01
7.710338e+00 -4.291519e+00
5.437256e+00 -5.954420e+00
-2.036650e+00 1.109743e+01
8.315332e-01 8.774963e+00
-6.965925e-02 -6.758076e+00
2.417247e+00 -1.007723e+01
4.074413e+00 -7.139703e+00
6.319851e+00 -5.461179e+00
3.813589e+00 -2.323620e+00
-4.239364e-01 -1.827087e+00
5.459398e+00 -6.720222e-01
2.968378e+00 5.035705e+00
6.207067e+00 2.316514e+00
2.286494e+00 5.910932e+00
5.031969e+00 2.530998e+00
7.189601e+00 -1.047413e+01
5.346291e+00 1.430227e+00
6.505862e+00 5.498714e+00
6.343414e+00 9.275132e+00
4.005335e+00 1.067433e+01
7.622946e+00 -9.447558e+00
1.190233e+00 -9.678876e+00
3.413112e+00 -3.635107e+00
2.067408e+00 -7.285797e+00
8.794330e+00 -7.339796e+00
4.845961e+00 -8.038605e+00
6.034718e+00 -7.485408e+00
5.147010e+00 -7.058402e+00
1.648195e+00 -2.379351e+00
1.788462e+00 -6.741409e-01
5.600401e+00 3.009381e-01
7.842876e+00 -9.820549e-01
5.277703e+00 9.200191e+00
5.833977e+00 7.005352e+00
7.984933e+00 7.641694e+00
6.736858e+00 7.407184e+00
8.314770e+00 9.090036e+00
8.164038e+00 6.512847e+00
9.219587e-01 1.052126e+01
4.179836e+00 -9.799266e+00
5.486754e+00 -1.001813e+01
1.002486e+01 -9.080217e+00
8.264292e+00 -1.035107e+01
9.471238e+00 -1.011407e+01
8.767042e+00 -6.027695e+00
1.054118e+01 -1.011660e+01
8.026015e+00 -8.287737e+00
4.824223e+00 -2.682040e+00
-6.047410e-01 -2.877745e+00
7.625629e+00 5.387971e+00
6.779365e+00 3.533148e+00
8.933675e+00 3.682935e+00
4.196327e+00 3.227276e+00
5.835542e+00 3.271861e+00
4.322262e+00 8.434950e+00
4.992727e+00 4.977138e+00
1.099477e+01 -1.111675e+01
7.197663e+00 8.430417e+00
7.218004e+00 -7.501359e+00
1.099585e+01 -8.863057e+00
-1.022801e+01 -9.124759e+00
5.370479e+00 -8.968098e+00
6.555141e+00 -9.669825e+00
-8.558122e+00 -7.739749e+00
5.914997e+00 -1.742959e+00
9.635403e+00 -6.679773e+00
4.729643e+00 -5.071651e+00
9.910891e-01 -1.518346e+00
7.437427e+00 -5.484820e+00
3.547402e+00 3.882960e-01
2.726879e+00 -2.431878e+00
9.513771e+00 1.430554e+00
3.165109e+00 2.812261e+00
9.079243e+00 8.402951e+00
1.017084e+01 7.197197e+00
6.303310e+00 1.026447e+01
8.979912e+00 7.229038e+00
7.338476e+00 1.070072e+01
8.992665e+00 1.117139e+01
8.654172e+00 -9.406065e+00
8.651394e+00 -5.005748e+00
1.034508e+01 -8.105946e+00
-1.007100e+01 -1.092505e+01
1.047981e+01 -6.020057e+00
7.490992e+00 -2.834070e+00
7.801449e+00 -6.641897e+00
1.321597e+00 -4.105612e+00
4.956405e-01 -2.417983e+00
5.656658e+00 -3.400303e+00
6.806090e+00 -3.577893e+00
4.614655e+00 7.338741e-01
8.254919e+00 4.520795e+00
7.308114e+00 2.567900e+00
2.802501e+00 7.981003e+00
4.238260e+00 6.575438e+00
9.458814e+00 2.594915e+00
1.058903e+01 5.150696e+00
-1.023965e+01 8.405794e+00
6.538803e+00 -8.482642e+00
-9.641402e+00 -9.991694e+00
7.483365e+00 9.681351e+00
8.420720e+00 1.018226e+01
-7.851577e+00 8.370463e+00
9.295177e+00 -8.278698e+00
-7.657995e+00 -1.609161e+00
1.078111e+01 -3.796416e+00
6.654267e+00 -4.565135e+00
6.298596e+00 -2.619675e+00
7.946612e+00 9.744295e-02
9.867980e+00 -1.946338e+00
-1.072373e+01 -1.846535e+00
-1.015158e+01 6.061204e+00
7.884544e+00 3.575276e+00
6.976194e+00 4.566307e+00
1.025085e+01 8.220244e+00
1.100027e+01 4.192612e+00
-8.969017e+00 8.224306e+00
1.085603e+01 1.006568e+01
-7.655384e+00 9.651717e+00
