8.991820e+00 -9.859509e+00
-9.185132e+00 7.790727e+00
-7.575332e+00 9.634526e+00
-4.867463e+00 -4.307344e-01
-1.000747e+01 1.495531e+00
-9.824109e+00 -5.760760e+00
5.747755e+00 -4.480672e+00
-4.652108e-01 4.355089e+00
6.425086e+00 -5.255765e+00
3.987779e+00 -2.722943e+00
-6.988616e+00 8.621398e+00
-1.072608e+01 5.761232e+00
-7.873187e+00 4.489398e-01
5.356683e+00 -8.959580e-01
-6.816487e-01 5.498084e+00
7.896439e+00 1.883732e+00
9.425945e+00 -1.673224e+00
-9.443562e+00 1.068789e+01
-6.955543e+00 -6.062020e+00
-7.512182e+00 -7.842933e+00
8.179102e+00 -1.054711e+01
8.559454e+00 -5.466979e+00
2.823169e+00 -5.686266e+00
1.929954e+00 -3.637279e+00
6.207097e+00 -2.093701e+00
-9.900808e+00 6.554766e+00
-3.784104e+00 1.254949e+00
2.252040e+00 1.082189e+01
6.124376e+00 2.688870e-01
-8.920428e+00 4.497451e+00
4.989287e-01 8.802587e+00
4.035431e+00 2.120549e+00
-9.491545e+00 3.656217e+00
-1.005437e+01 4.466805e+00
-1.859673e-01 7.752212e+00
-1.055530e+01 -8.240498e+00
-1.078307e+01 -6.232439e+00
-8.194747e+00 -9.549771e+00
9.819414e+00 -5.395071e+00
-4.346613e+00 3.813289e+00
-1.111685e+01 -7.286766e+00
4.989299e+00 -3.089908e+00
-8.151793e+00 1.064686e+01
-8.617376e+00 5.647615e+00
1.084912e+01 -5.467851e+00
1.113675e+01 6.899081e+00
-7.132512e+00 -2.693825e+00
-9.950137e+00 -2.327067e+00
4.065847e+00 -3.846143e+00
-7.251509e+00 1.737822e+00
4.987125e+00 2.364833e-01
-1.527571e+00 4.021892e+00
7.521076e+00 -1.666548e+00
-6.465785e+00 4.930107e+00
9.117765e+00 -3.289429e+00
-6.196269e+00 1.700257e+00
1.327728e+00 6.777894e+00
-7.194137e+00 -3.829932e+00
-5.506146e+00 2.648291e+00
-2.820617e+00 9.054096e+00
7.696502e+00 9.754654e+00
9.876238e+00 1.043499e+01
1.108114e+01 9.983412e+00
-6.562863e+00 -8.325466e+00
-9.240320e+00 2.416220e+00
7.601128e+00 -8.458844e+00
8.229747e+00 -7.579967e+00
-6.863561e+00 -1.411341e+00
1.029284e+01 -8.109525e+00
3.391102e+00 -4.670376e+00
-4.163144e-01 6.765309e+00
6.504146e+00 -1.005005e+00
9.072744e-01 7.633742e+00
2.209387e+00 4.898928e+00
-4.697754e+00 8.728767e+00
1.056122e+01 5.954486e+00
-7.915292e+00 -1.569330e+00
-5.294343e+00 5.732747e+00
4.987882e+00 -6.002957e+00
-9.912847e+00 -7.176604e+00
5.463517e+00 1.074892e+01
1.112394e+01 -3.784078e+00
3.297655e+00 5.277085e+00
2.412713e+00 -6.841114e+00
8.622756e+00 1.093835e+01
4.845389e+00 1.270197e+00
-1.037905e+01 -4.705967e+00
-1.638752e+00 5.136385e+00
1.404317e+00 -7.899831e+00
1.743029e-01 -2.707414e+00
-9.042944e+00 -1.398208e+00
2.283426e-01 1.271612e-01
-2.781533e+00 4.833552e-01
7.785941e+00 8.077921e-01
1.047550e+01 3.917263e+00
1.694659e+00 -1.257641e+00
8.610108e+00 2.964351e+00
-2.785278e+00 1.746179e+00
-4.870305e+00 1.756769e+00
1.083036e+01 -9.052145e+00
-6.844367e+00 8.128355e-01
5.263110e+00 9.685234e+00
-9.099334e+00 -5.007843e+00
9.111315e+00 -4.544198e+00
-4.878495e+00 -8.501908e+00
-1.008017e+01 -1.048546e+01
-2.954393e+00 -5.960376e+00
-1.114298e+01 9.065907e-01
-5.752514e+00 -9.787307e-01
-7.985260e+00 -5.832436e+00
1.038275e+01 -9.572128e-01
-3.804711e+00 1.508090e-01
1.626849e+00 3.086111e+00
2.491911e+00 3.714776e+00
-9.582668e+00 8.843607e+00
-8.122837e+00 8.606005e+00
-4.349822e+00 5.060840e+00
-4.609217e+00 -4.846196e+00
-8.343039e+00 3.370710e+00
-8.285561e+00 -8.526855e+00
1.405812e+00 8.438587e+00
-2.624306e+00 7.680839e+00
-1.794750e+00 -9.820252e+00
-7.741992e+00 -1.072828e+01
1.012739e+00 -4.960811e+00
-9.657004e+00 -4.480781e-01
-6.155514e+00 -5.093135e+00
-5.611680e+00 9.335162e+00
4.563662e-01 3.558725e+00
-6.787291e+00 2.582342e+00
3.896051e+00 -5.632379e+00
-4.003719e+00 -5.817557e+00
-8.730740e+00 1.456927e+00
-1.108423e+01 -3.083473e-01
-4.366183e+00 -9.421406e+00
5.433020e+00 6.645950e+00
2.765358e+00 -1.002782e+00
5.278522e+00 5.625033e+00
2.062378e+00 9.653500e+00
2.071930e+00 7.566090e+00
-3.420304e+00 3.147747e+00
-5.263974e+00 -1.041835e+01
-1.009812e+01 9.775241e+00
-8.965580e+00 9.827427e+00
1.029282e+01 -3.113648e+00
-2.683709e+00 5.380618e+00
-4.070656e+00 -1.059231e+00
-5.742632e+00 -6.645495e+00
1.341800e+00 5.620182e+00
-8.745728e+00 -2.437645e+00
8.402759e-01 -6.964740e-01
-7.355492e+00 3.742143e+00
-5.341180e+00 4.314767e+00
-3.988733e+00 -7.932371e+00
5.101158e+00 2.666219e+00
6.020998e+00 3.272905e+00
-7.853929e+00 -6.846415e+00
-6.435159e+00 -1.055937e+01
9.912398e+00 2.614142e+00
-1.890154e+00 -2.181630e+00
-1.575750e+00 7.503899e+00
-2.396119e+00 3.366546e+00
5.826397e-01 -5.960918e+00
-6.105682e+00 -3.194552e+00
8.037272e+00 -3.372190e+00
-7.996490e-01 2.047799e+00
3.674311e-01 2.591996e+00
-1.108678e+01 -2.750360e+00
-6.395063e-01 3.276055e+00
-1.477889e+00 6.273554e+00
-6.521461e-01 8.868397e+00
3.203027e+00 -8.863171e+00
-3.547263e+00 -8.823828e+00
6.829548e+00 3.889820e+00
-1.028010e+01 2.737944e+00
-3.151490e+00 -5.864770e-01
5.334380e+00 4.376055e+00
-8.854490e-01 -1.045303e+01
6.306203e+00 9.824220e+00
-2.005230e+00 -1.790659e-01
-3.721459e+00 1.070892e+01
-3.556043e+00 7.111531e+00
-3.001402e+00 -2.157646e+00
-4.434178e+00 6.369559e+00
7.457598e+00 1.108087e+01
9.569947e+00 5.725928e+00
-2.333352e+00 -4.999204e+00
-5.650732e+00 -4.200452e+00
-4.038095e+00 -1.044364e+01
-9.311163e+00 5.879792e-01
5.056520e+00 -1.907698e+00
-4.368042e+00 -3.831585e+00
3.743966e-01 5.087092e+00
-4.064676e+00 2.386493e+00
-3.701735e-01 -1.768264e+00
-9.435658e+00 -8.536648e+00
-1.361240e+00 -1.215595e+00
4.109189e+00 9.990681e+00
2.317242e+00 6.129753e+00
5.054458e+00 -8.120029e+00
1.744154e+00 -5.746314e+00
4.452826e+00 1.106190e+01
-1.078768e+01 8.905629e+00
7.495751e+00 -5.375737e+00
-3.573060e+00 5.762819e+00
1.027623e+01 3.125866e-01
3.828998e-01 -7.226182e+00
-4.837207e+00 -7.201908e+00
4.730633e+00 8.830132e+00
-4.850642e-01 -3.597427e+00
2.553607e+00 2.627448e+00
-5.090631e+00 -5.770002e+00
-2.896072e+00 -9.684182e+00
-1.617566e+00 1.083595e+00
1.894592e+00 -8.934701e+00
3.855001e+00 8.917545e-01
8.172245e+00 3.900005e+00
-2.619313e+00 6.516004e+00
1.049908e+00 1.089858e+01
3.527923e+00 3.248547e+00
2.332923e+00 -1.008155e+01
-8.976729e+00 -6.383263e+00
-1.372603e+00 9.767615e+00
-6.577307e+00 7.276964e+00
1.857576e+00 1.873004e-01
-2.322665e+00 -1.193845e+00
-4.842123e-01 -5.849083e+00
-4.150495e+00 -2.208423e+00
-6.106659e+00 -2.110463e+00
4.331897e+00 5.038583e+00
7.495665e+00 -4.275577e-01
3.128487e+00 1.781555e+00
-4.640866e+00 7.389619e+00
-3.237763e+00 4.415367e+00
1.518752e-01 1.591677e+00
1.110120e+01 2.016643e+00
9.310713e+00 3.781957e+00
4.293982e+00 -9.046573e+00
-1.113189e+00 -4.871691e+00
-3.586538e+00 -6.820490e+00
-4.884277e+00 1.006018e+01
-3.086151e+00 -1.084318e+01
-3.756100e+00 8.131831e+00
1.040659e+01 9.296928e+00
-5.044001e+00 -2.972217e+00
1.514543e+00 4.202045e+00
7.222174e+00 8.197859e+00
-5.594288e+00 6.745156e+00
-1.831929e+00 2.304849e+00
6.364513e+00 -8.417220e+00
-2.941618e+00 -7.839381e+00
-2.525107e+00 -3.139216e+00
3.693029e+00 -1.008377e+01
3.447578e+00 4.300371e+00
-4.166995e-01 -9.441342e+00
4.599972e-01 6.206873e+00
-1.784482e+00 -7.828550e+00
9.740711e+00 -1.079178e+01
7.346055e+00 6.932110e+00
2.499493e+00 -7.944120e+00
1.047516e+01 -2.018142e+00
9.586028e+00 -9.044047e+00
-6.072411e+00 3.979059e-02
-5.839507e+00 -9.097594e+00
1.029401e+01 1.392055e+00
-1.551764e+00 -5.889178e+00
6.883068e+00 -7.448459e+00
3.506742e+00 -6.679367e+00
6.029907e+00 -3.418330e+00
-4.861463e-01 -7.825044e+00
-5.046221e+00 -1.795857e+00
5.831512e+00 1.867736e+00
4.002272e+00 -1.201462e+00
2.952203e+00 -3.481210e+00
6.401286e+00 7.437143e+00
9.756986e+00 4.730392e+00
6.378157e+00 5.004356e+00
3.096239e+00 9.772322e+00
5.755715e+00 -1.063132e+01
8.161085e+00 7.632832e+00
6.111169e+00 8.768807e+00
2.879113e+00 2.312138e-01
3.324195e+00 1.087802e+01
2.486407e+00 8.555265e+00
-1.074322e+01 3.738627e+00
-5.724883e+00 1.082267e+01
-1.128938e+00 -6.940522e+00
6.530637e+00 1.100783e+01
3.302080e+00 -2.055082e+00
-1.905404e+00 -3.999077e+00
-3.294138e+00 -3.849609e+00
7.382312e-01 -1.692366e+00
8.879096e+00 6.693733e+00
7.524598e+00 4.693297e+00
-2.672694e+00 1.054689e+01
-7.663880e-01 4.605758e-01
-1.035303e+01 7.562931e+00
8.530413e+00 -1.066375e+00
1.045350e+00 9.778239e+00
-6.263100e+00 3.514317e+00
-8.816736e+00 -1.075253e+01
7.972624e+00 -9.485684e+00
9.531417e+00 -3.785666e-01
7.345979e-01 -3.731778e+00
1.240388e+00 -2.850158e+00
8.664134e+00 5.093576e+00
1.033375e+01 -6.742785e+00
2.040069e+00 -4.698876e+00
1.104930e+01 4.881254e+00
-5.140966e+00 6.298264e-01
-8.016723e+00 -3.274359e+00
-1.246982e+00 -8.709352e+00
-7.755042e+00 6.577182e+00
-7.323151e+00 5.612428e+00
6.418261e+00 6.254841e+00
-1.046712e+01 -9.429006e+00
-7.144987e+00 -4.974738e+00
-6.959394e+00 1.093843e+01
4.464733e+00 7.362471e+00
6.726562e+00 2.393369e+00
-1.111064e+01 -1.034514e+01
-4.699431e+00 1.113422e+01
1.020071e+01 -9.871457e+00
1.081252e+01 1.115455e+01
8.726703e+00 -8.584308e+00
6.199999e+00 -9.719531e+00
-1.701531e+00 8.699912e+00
7.340174e+00 5.741802e+00
8.858983e+00 9.627783e-01
-1.856783e+00 -1.088409e+01
8.129691e+00 8.767302e+00
-5.693874e+00 -7.814803e+00
-3.758042e+00 9.354733e+00
4.493349e+00 3.722758e+00
7.103171e+00 -2.769549e+00
3.907281e+00 -8.023068e+00
-2.404746e+00 -8.698721e+00
3.814915e+00 6.470085e+00
-5.707214e+00 8.277034e+00
1.035755e+00 -9.569406e+00
5.411239e+00 -9.088462e+00
-9.220912e+00 -3.693523e+00
3.825699e+00 -2.376026e-01
1.491716e+00 -1.056347e+01
-9.395070e+00 -9.659796e+00
-1.021323e+01 -3.381988e+00
-1.055931e+01 1.096855e+01
2.074817e+00 -2.197127e+00
-4.323842e-01 -7.299765e-01
-1.078538e+01 -1.416658e+00
-1.088691e+00 -2.812818e+00
8.061808e+00 -6.551484e+00
-6.678817e+00 -7.078470e+00
-9.296444e-01 1.076551e+01
8.441193e+00 2.726902e-04
9.256580e+00 8.876038e+00
-8.150677e+00 -4.692956e+00
9.008180e+00 2.063418e+00
3.332521e+00 7.442449e+00
-7.662664e+00 7.654386e+00
7.184037e+00 -1.026356e+01
9.288071e+00 -7.666780e+00
8.748042e+00 9.872831e+00
-8.747863e+00 -7.423572e+00
4.690228e+00 -4.768583e+00
-7.098566e+00 -2.159928e-01
7.923708e+00 -4.470516e+00
-3.402475e+00 -4.935036e+00
5.905901e+00 -7.220224e+00
1.319793e+00 1.890350e+00
1.092700e+00 7.872645e-01
6.956209e+00 -6.352021e+00
1.071218e+01 7.815160e+00
6.849125e+00 1.307626e+00
-8.587754e+00 -4.047416e-01
1.999137e-01 -1.071736e+01
2.194445e+00 1.219060e+00
8.324627e+00 -2.460651e+00
-9.594285e+00 5.529787e+00
1.382450e+00 -6.735363e+00
4.829734e+00 -9.979130e+00
9.524374e+00 7.800535e+00
3.537397e+00 8.771946e+00
-2.283156e-01 1.001397e+01
5.364707e+00 8.035880e+00
9.941019e+00 6.871854e+00
-6.312331e+00 5.885571e+00
4.573925e+00 -7.181817e+00
-2.243217e+00 -6.730356e+00
9.186015e+00 -6.502081e+00
3.986408e-02 -4.626158e+00
6.971166e+00 -3.843710e+00
-8.079646e+00 2.336498e+00
7.602679e+00 3.072336e+00
3.091767e-01 -8.525909e+00
-7.069930e+00 -9.419275e+00
-7.919434e+00 4.798831e+00
1.029408e+01 -4.377270e+00
-8.827656e+00 6.650607e+00
-6.504097e+00 1.003887e+01
