-9.244709e+00 1.096996e+01
-9.412183e+00 6.563023e+00
-5.849826e+00 8.806670e+00
-4.914297e+00 -5.904897e+00
9.796429e+00 2.601643e+00
-9.063064e+00 -5.082839e+00
8.081157e+00 1.508288e+00
-8.400360e+00 3.193578e+00
5.013152e+00 -4.028455e+00
7.416257e+00 -1.068568e-01
-1.818266e-01 7.338283e+00
9.372499e+00 1.516062e+00
1.009026e+01 5.247501e-01
7.286516e+00 4.250360e+00
-6.150622e+00 3.269076e+00
2.334795e+00 5.213409e+00
-9.836771e+00 1.450261e+00
-1.038683e+01 9.116894e+00
-6.530556e+00 -7.356391e+00
-7.083403e+00 -1.002019e+01
-9.455646e+00 -7.695847e+00
-7.386275e+00 -6.333504e+00
1.007262e+01 -6.825808e+00
1.031727e+01 -1.316626e+00
5.794344e+00 1.867309e+00
-1.043146e+01 3.350414e+00
-6.353366e+00 -2.817955e+00
8.930023e+00 -7.308471e+00
6.175426e+00 -5.508043e-01
-1.056873e+01 2.283688e+00
-6.214223e+00 5.548021e+00
7.095965e+00 -2.290232e+00
-7.238217e+00 9.244277e-01
9.383046e+00 4.390811e+00
-1.942263e+00 3.315892e+00
1.106021e+01 9.130419e+00
-9.082420e+00 -6.353885e+00
-3.131441e+00 -9.529429e+00
-5.884207e+00 -6.129773e+00
-8.834887e+00 7.474874e+00
-1.607204e+00 -8.614407e+00
-9.348059e+00 -4.000165e+00
-8.094100e+00 -9.316273e+00
-8.138578e+00 8.600316e+00
-1.091594e+01 -9.932530e+00
8.380941e+00 4.348652e+00
-1.028125e+01 1.401665e-01
-1.094218e+01 -2.049226e+00
8.625327e+00 -4.003703e+00
-7.932362e+00 2.119072e+00
5.736802e+00 2.915755e+00
-7.401340e+00 -1.149046e+00
4.294025e+00 3.634169e+00
-1.074048e+01 5.591538e+00
3.354633e+00 3.167175e+00
-5.802757e+00 2.257655e+00
-6.998286e+00 8.788755e+00
-4.247175e+00 2.183847e+00
-6.769704e+00 4.330057e+00
-7.949289e+00 6.642897e+00
9.826461e+00 -9.204384e+00
5.998565e+00 1.111395e+01
1.080886e+01 -8.909802e+00
-5.954650e+00 -9.160934e+00
-9.266006e+00 4.696285e-01
1.088586e+01 -3.233164e+00
-1.046393e+01 -3.822075e+00
-9.809763e+00 -1.758902e+00
-1.116212e+01 -5.976425e+00
9.238812e+00 -1.714735e+00
-5.065540e+00 1.582092e+00
7.463935e+00 2.360250e+00
1.196364e-01 -2.500476e+00
-1.788021e-01 6.279423e+00
-6.331911e+00 9.750140e+00
3.194160e+00 4.363214e+00
-7.563485e+00 -2.172752e+00
-6.744002e+00 6.798100e+00
-7.069054e+00 -8.871431e+00
-5.162782e+00 9.726363e+00
1.360438e+00 -9.588208e+00
-4.963380e+00 -8.755671e+00
-3.047833e+00 8.812411e+00
-9.893911e+00 -1.017286e+01
-8.453634e+00 -8.258380e+00
7.978655e+00 -1.628158e+00
-2.945652e+00 -6.389807e+00
-2.561493e+00 -7.543152e-01
-1.061500e+01 -7.962124e+00
5.498422e+00 -6.986565e+00
-7.464175e+00 -4.629396e+00
5.096239e-01 -1.510705e+00
-4.445042e+00 -1.699113e-01
-1.565122e+00 2.252706e+00
7.821241e+00 5.337559e+00
2.276189e+00 -2.471667e+00
1.052574e+01 4.891108e+00
-8.218237e+00 -3.789291e+00
-3.841896e+00 5.060390e+00
9.408883e+00 -4.744915e+00
-8.767740e+00 1.354658e+00
2.394007e+00 -1.013134e+01
-7.520520e+00 -7.778917e+00
-2.426041e+00 -7.296499e+00
1.279691e+00 -7.353757e+00
1.109457e+01 -7.065404e+00
-7.507712e-01 -6.572126e+00
6.843928e+00 3.286411e+00
-4.457426e+00 -6.800652e+00
-5.217383e+00 -3.126833e+00
-9.575002e+00 -7.156515e-01
-2.359103e+00 -2.086376e+00
1.106194e-01 6.542798e-01
-1.977042e+00 1.321931e+00
6.776065e+00 5.207753e+00
1.014243e+01 3.585136e+00
-4.640712e+00 4.107112e+00
-6.812048e+00 -1.112386e+01
1.077176e+01 6.147025e+00
-1.000431e+01 7.790370e+00
-3.773419e+00 3.214479e+00
-5.114712e+00 5.369898e+00
2.284643e+00 -9.072542e+00
-5.954604e+00 -8.127298e+00
3.764117e+00 -6.345725e+00
-3.855663e+00 -8.630608e+00
-1.237301e+00 -5.123800e+00
7.384954e-02 -7.714053e+00
-8.494610e+00 -3.356587e-01
-7.419676e+00 -1.215751e-01
4.484796e+00 -7.053548e+00
-1.553432e+00 -4.085484e+00
-7.258172e+00 3.205473e+00
9.032497e+00 3.297923e+00
-2.193801e+00 9.697691e+00
5.867624e+00 8.604136e+00
2.271566e-01 2.866471e+00
5.158510e+00 7.044463e+00
-2.423473e+00 6.613081e+00
-1.395359e+00 7.614470e+00
-7.867062e+00 4.114507e+00
3.868718e-02 1.066232e+01
-4.397570e+00 -9.734008e+00
-7.942475e+00 -1.053411e+01
-5.453933e+00 -7.134320e+00
-3.332285e+00 1.063201e+01
-6.438052e+00 -4.267050e+00
-3.217859e+00 -2.750858e+00
-3.540350e+00 -4.674743e+00
-9.132882e+00 -2.611152e+00
7.110788e-01 -2.692389e-01
-3.296968e+00 -1.566899e+00
-9.384404e+00 3.775252e+00
-2.654317e-01 -4.559409e+00
-2.324512e+00 2.917716e-01
1.324150e+00 4.503543e+00
-3.480919e+00 -7.436297e+00
-7.551597e+00 7.610987e+00
-9.075979e-01 5.292901e+00
-5.319485e+00 -2.045619e+00
-5.537234e+00 6.418370e+00
-5.784334e+00 4.427920e+00
5.376871e+00 -8.074036e+00
-6.424452e+00 -1.661273e+00
-8.485720e+00 -1.615510e+00
-5.378161e+00 -7.649901e-01
-1.657163e+00 4.344202e+00
-3.797091e+00 -5.687579e+00
-7.142809e+00 -3.505249e+00
-3.548016e+00 6.880054e+00
-4.053119e+00 -1.068861e+01
2.508644e+00 -6.575157e+00
2.112304e+00 -7.803493e+00
-2.859070e-01 -6.515443e-01
-1.016383e+01 4.501782e+00
-3.400363e+00 6.730706e-02
-1.186517e+00 6.537459e+00
1.347404e+00 -8.557775e+00
6.701851e+00 1.032889e+01
-4.304852e+00 -1.360961e+00
-5.024822e-01 -8.625276e+00
-4.328913e+00 6.115419e+00
6.398325e-01 -5.472254e+00
-5.775335e+00 1.063652e+01
-9.133562e+00 -9.098814e+00
4.234103e+00 -9.863251e+00
-9.851740e-01 -9.647763e+00
-1.352883e+00 -7.422078e+00
-2.751583e+00 -8.347701e+00
-6.891103e+00 1.991439e+00
-1.064643e+01 -9.419914e-01
-4.278654e+00 -2.431843e+00
-6.139630e+00 9.536515e-01
-6.373239e+00 -1.184033e-01
1.938038e+00 1.705486e+00
9.659063e+00 6.076743e+00
2.033721e+00 -2.531498e-01
1.110417e+00 1.045668e+01
9.719941e-01 6.539959e+00
-1.046449e+01 -9.001986e+00
3.793519e+00 -4.122803e+00
3.216940e+00 1.115748e+01
7.220118e+00 6.222575e+00
-5.576757e+00 -5.036259e+00
-3.977579e+00 9.513027e+00
6.138969e+00 7.453737e+00
3.382486e-01 -9.135091e+00
2.324746e-01 -6.547778e+00
5.945529e+00 -9.359897e+00
-2.206935e+00 -3.234118e+00
2.296881e+00 3.675453e+00
-3.207245e-01 -5.623087e+00
-3.453943e-01 8.513234e+00
-4.305218e+00 9.231232e-01
-3.098666e-01 9.648015e+00
-4.094495e-01 1.923774e+00
4.869689e+00 8.284549e+00
-2.884269e+00 4.060495e+00
6.586113e-01 7.985649e+00
-1.216055e+00 -2.557876e+00
2.837483e+00 1.003258e+01
-9.736930e+00 1.011086e+01
5.342403e+00 -1.042723e+01
-4.745600e+00 1.064527e+01
5.791198e+00 -3.096589e+00
-4.891272e-01 -3.527046e+00
4.184319e+00 -5.106541e+00
-5.163948e+00 -4.097902e+00
6.800990e+00 1.625589e+00
1.863705e+00 7.462698e+00
-1.625652e+00 -1.363356e+00
-1.178418e+00 -2.923515e-02
-1.711465e+00 8.678061e+00
-2.712914e+00 5.098710e+00
6.635129e-01 1.875923e+00
3.946153e+00 4.982282e+00
6.168519e+00 4.151352e+00
4.249481e+00 -1.091030e+01
6.430676e+00 -8.207549e+00
3.280283e+00 -9.478958e+00
-2.217592e+00 1.084328e+01
1.834305e+00 9.616101e+00
-4.651834e+00 7.214975e+00
5.192955e+00 1.054509e+01
-2.061105e+00 -9.572362e+00
-5.256397e+00 4.102331e-01
7.875652e+00 8.414878e+00
4.886920e+00 -9.048701e+00
1.115755e+01 7.595283e-01
-1.015090e+01 -2.765755e+00
2.723134e+00 -4.488301e+00
6.670308e-01 -3.872278e+00
4.178205e+00 1.041044e+01
2.421097e+00 2.615215e+00
7.400655e-01 9.420115e+00
-5.812540e-01 -1.658343e+00
4.736253e+00 -2.999889e+00
9.011608e+00 -9.798232e+00
1.032326e+01 7.352103e+00
7.096401e+00 -9.191467e+00
5.809597e+00 5.139427e+00
4.837831e+00 -5.972392e+00
-4.066450e+00 -3.801792e+00
-5.722681e+00 -1.022641e+01
8.419165e+00 6.371688e+00
7.499840e+00 -5.911143e+00
7.126162e+00 -1.043326e+00
8.436358e+00 -5.078657e+00
4.910461e+00 1.147007e+00
3.101022e+00 -8.431995e+00
-2.362596e+00 -4.854042e+00
5.017784e-01 3.901145e+00
1.099193e+01 -3.019687e-01
3.014801e+00 6.108996e+00
5.883532e+00 9.753802e+00
1.086799e+00 5.508927e+00
4.984926e+00 5.772460e+00
3.826207e+00 9.440344e+00
9.352983e+00 7.083713e+00
4.097511e+00 7.400184e+00
7.079646e+00 9.374601e+00
2.323596e+00 7.445694e-01
6.600756e+00 -1.027761e+01
-2.013950e-02 -1.013030e+01
1.108969e+01 4.009955e+00
-2.892446e+00 -1.056970e+01
4.232118e+00 -8.055713e+00
6.051449e+00 -6.081532e+00
6.212459e+00 -4.097639e+00
3.129085e+00 -5.462293e+00
1.567247e+00 -1.624896e+00
3.711521e+00 -2.051175e+00
2.143255e+00 1.098268e+01
1.480688e-01 5.096445e+00
1.279519e+00 -1.074266e+01
-3.164954e+00 1.086299e+00
9.463135e+00 -1.102144e+01
4.634519e+00 2.286034e+00
-1.882630e+00 5.724446e+00
1.093006e+01 2.929881e+00
8.062428e+00 1.047906e+01
1.032889e+01 -1.027423e+01
4.738790e+00 -1.943244e+00
6.593349e+00 5.414978e-01
4.151723e+00 -9.239394e-01
3.052777e+00 -1.118674e-01
8.368651e+00 -1.084548e+01
7.330003e+00 -4.393282e+00
-8.560936e-01 9.694654e-01
-1.804251e+00 -6.296004e+00
-4.473627e+00 -4.913621e+00
2.077510e+00 -5.499450e+00
-8.667229e+00 5.758709e+00
-9.157998e+00 8.707832e+00
2.056482e+00 6.430919e+00
-1.053345e+01 6.696910e+00
-7.937032e+00 1.077120e+01
-1.107369e+01 8.082574e+00
7.730411e+00 7.153996e+00
4.930988e+00 9.434172e+00
8.202331e+00 9.366473e+00
9.967607e+00 9.379545e+00
-8.872970e+00 -1.013341e+01
9.147238e+00 1.018177e+01
9.815006e+00 -8.003087e+00
8.569041e+00 -6.202132e+00
-5.123516e+00 3.145746e+00
7.724333e+00 -7.037305e+00
-8.863856e-01 3.051096e+00
-3.202951e+00 5.927371e+00
3.050738e+00 7.263148e+00
-1.183280e+00 1.029413e+01
-2.799147e+00 2.179397e+00
-4.754242e-01 4.181329e+00
3.532483e+00 2.155497e+00
7.890273e+00 -8.393965e+00
-1.548129e+00 -1.072101e+01
-3.653426e+00 7.867674e+00
8.904736e+00 8.473220e+00
1.425506e+00 -6.357483e+00
1.013655e+01 1.046547e+01
-6.688723e+00 -5.206400e+00
9.525680e+00 -4.403977e-01
3.649717e+00 8.404353e+00
-1.051516e+01 -5.018308e+00
1.002898e+01 -3.906126e+00
9.529766e+00 -5.806663e+00
5.515956e+00 3.970873e-01
1.223860e+00 -2.947682e+00
8.315222e+00 -2.638464e+00
2.571914e+00 -1.333245e+00
8.424461e+00 -6.107293e-01
1.495962e+00 -4.658261e+00
-2.487860e+00 7.884354e+00
4.030856e+00 6.353582e+00
6.162885e+00 6.178982e+00
-1.035726e+01 1.117680e+01
4.830606e+00 4.461656e+00
-5.954036e+00 7.482600e+00
1.014176e+01 8.379590e+00
8.955385e+00 -8.618437e+00
6.618446e+00 -5.170455e+00
7.967047e+00 -9.899131e+00
-8.349403e+00 -7.079480e+00
1.011218e+01 -2.385930e+00
7.992399e+00 3.420972e+00
1.069077e+01 1.869087e+00
-2.983105e+00 -3.873925e+00
3.300580e+00 -7.320909e+00
1.280147e+00 9.677471e-01
3.562297e+00 1.182844e+00
5.535086e+00 -4.933381e+00
8.861868e+00 5.340287e+00
1.297363e+00 2.993319e+00
8.693224e+00 2.271547e+00
2.636937e+00 8.940946e+00
5.863707e+00 -1.940013e+00
4.253397e+00 2.576196e-01
-7.537351e+00 5.545633e+00
7.461993e+00 -3.304679e+00
1.087390e+01 1.115168e+01
6.847068e+00 8.216771e+00
7.176265e+00 1.115804e+01
-4.644850e+00 8.538501e+00
6.585817e+00 -7.150331e+00
8.819743e+00 4.237634e-01
-9.642254e+00 5.452894e+00
9.280266e+00 -3.161329e+00
3.416075e+00 -3.076088e+00
-1.011786e+01 -6.243872e+00
5.191379e+00 -8.322983e-01
1.037202e+01 -5.112536e+00
-9.230138e+00 2.520885e+00
1.693502e+00 8.555939e+00
2.012008e+00 -3.739950e+00
-8.550732e+00 9.846761e+00
-8.760902e+00 4.683971e+00
-8.204462e+00 -5.732763e+00
-1.095558e+01 1.023953e+01
-7.479731e+00 9.819061e+00
