1.104066e+01 -7.845505e+00
-1.029230e+01 6.610440e+00
-2.827850e+00 1.023607e+01
-6.783135e+00 -1.485924e+00
9.966694e+00 2.612840e+00
-9.437798e+00 -3.329790e+00
-1.004974e+01 9.979107e-02
-8.159304e+00 8.111955e+00
1.005547e+01 -3.668228e+00
7.859797e+00 1.038381e+00
-1.973890e+00 9.430766e+00
9.806589e+00 4.973760e+00
-1.099659e+01 8.637045e-01
9.250876e+00 7.254504e-01
-6.820441e+00 3.756040e+00
2.943062e+00 3.016825e+00
1.095263e+01 3.069510e+00
-9.231546e+00 1.018243e+01
-6.643329e+00 -6.259825e+00
-4.421080e+00 -7.926349e+00
-9.346708e+00 -8.228783e+00
-1.060073e+01 -6.258607e+00
5.825178e+00 -6.805439e+00
9.375540e+00 -7.140810e-01
6.283219e+00 -5.595507e-02
1.007758e+01 5.977635e+00
-6.174930e+00 -6.848208e-01
5.841147e+00 -9.762136e+00
7.766256e+00 -9.914036e-01
1.083041e+01 4.104496e+00
-3.608053e+00 5.449667e+00
5.874567e+00 -4.433378e+00
-8.542971e+00 3.014202e+00
1.098568e+01 8.634065e+00
-4.223107e+00 1.674882e+00
-1.056795e+01 -1.076309e+01
1.085864e+01 -6.701539e+00
-5.631349e+00 -1.067257e+01
-9.498061e+00 -4.328550e+00
-4.381154e+00 6.525504e+00
-8.666177e+00 -6.033791e+00
-8.521946e+00 -2.382178e+00
-8.508376e+00 -9.045663e+00
-6.179187e+00 8.192646e+00
-1.033513e+01 -7.354758e+00
9.413837e+00 6.794669e+00
-1.034547e+01 1.721132e+00
-9.435397e+00 -1.490411e+00
8.848922e+00 -3.631992e+00
-9.406228e+00 3.595496e+00
5.789546e+00 3.750457e+00
-4.199819e+00 2.650587e-01
4.730260e+00 6.239146e-01
-9.530503e+00 5.891864e+00
7.291838e+00 1.977443e+00
-7.255746e+00 1.808756e+00
-1.365495e+00 3.405867e+00
-3.671288e+00 -1.263045e+00
-7.897075e+00 6.830356e+00
-4.016073e+00 7.508839e+00
6.939853e+00 -9.498755e+00
6.376673e+00 1.071545e+01
9.005486e+00 -9.484637e+00
-5.823798e+00 -9.379973e+00
-9.395073e+00 2.129858e+00
-1.088342e+01 -3.097466e+00
-9.473711e+00 -6.656445e+00
-8.304357e+00 1.537082e-01
9.936931e+00 -6.075879e+00
8.767700e+00 -1.500936e+00
-4.563914e+00 3.696647e+00
7.356261e+00 -4.489910e-02
-2.280006e+00 -2.769445e+00
5.481903e-02 5.900294e+00
-2.911793e+00 8.888798e+00
3.511916e+00 3.892652e+00
-5.371027e+00 -1.722450e+00
-5.492413e+00 6.914697e+00
-1.040862e+01 -3.988086e+00
-7.322478e+00 1.021734e+01
3.999906e+00 -9.209856e+00
-8.579195e+00 -4.993097e+00
2.886373e-01 7.934230e+00
9.101646e+00 -6.987392e+00
8.229562e+00 -6.436992e+00
8.480399e+00 -1.170374e-01
-3.503275e+00 -4.347523e+00
-1.647276e+00 4.630086e+00
7.397241e+00 -8.424903e+00
7.231152e+00 -6.614849e+00
-8.339450e+00 -1.186952e+00
3.503433e-01 -2.442285e+00
-2.468631e+00 -1.189593e+00
1.281508e+00 1.416845e+00
6.932219e+00 6.321683e+00
4.184783e+00 -3.396409e+00
8.903527e+00 5.731858e+00
-7.331833e+00 7.824328e-01
-7.408861e+00 5.450015e+00
1.011658e+01 -4.825443e+00
-8.468759e+00 1.603506e+00
3.465944e+00 -1.026222e+01
-7.478705e+00 -7.233623e+00
-9.553981e+00 -5.437575e+00
-5.553157e+00 -8.230629e+00
1.087892e+01 -8.886455e+00
-2.055281e+00 -7.179201e+00
7.796040e+00 2.865867e+00
-5.168108e+00 -4.547791e+00
-8.487445e+00 -3.866300e+00
-9.169364e+00 -5.631247e-01
-8.925326e-01 -2.575106e+00
7.245864e-01 -1.224582e+00
-3.196405e+00 1.071752e+00
5.174890e+00 7.094115e+00
9.924627e+00 8.641586e+00
-6.117342e+00 5.652908e+00
-7.408772e+00 -1.088083e+01
-8.847352e+00 6.809595e+00
-1.005113e+01 9.479756e+00
-3.528702e+00 3.697880e+00
-5.097526e+00 5.749919e+00
-1.388763e+00 -9.327440e+00
-7.551872e+00 -8.329871e+00
6.448095e+00 -5.833848e+00
-4.279109e+00 -5.240807e+00
-4.153948e+00 -6.745327e+00
-5.461481e+00 1.053074e+01
-6.278909e+00 2.651098e+00
-7.269171e+00 2.842454e+00
6.896924e+00 -4.808311e+00
-3.139675e+00 -6.029621e+00
-8.066256e+00 4.241844e+00
7.900828e+00 5.408304e+00
-4.131330e+00 1.083529e+01
3.900325e+00 8.848680e+00
3.392766e+00 -1.450899e+00
2.445365e+00 5.262973e+00
2.259889e-01 4.780019e+00
4.643061e-01 6.833680e+00
-7.072010e+00 7.496268e+00
-8.065212e-01 9.732619e+00
-7.496560e+00 -9.556965e+00
-8.321401e+00 1.107480e+01
-7.576991e+00 -5.773199e+00
-2.906674e+00 7.482095e+00
-5.339056e+00 -3.111655e+00
5.858075e-01 -4.591624e+00
-4.709883e+00 -7.428113e-01
-7.462188e+00 -5.972839e-01
-3.641033e-01 -1.594590e+00
-5.300245e+00 1.255352e-01
-6.739544e+00 6.531262e+00
-3.106805e+00 -7.083859e+00
-1.078611e+00 1.078108e+00
1.369708e-01 1.797800e+00
-5.835898e+00 -7.027591e+00
-5.097640e+00 8.062476e+00
1.424610e+00 4.825841e+00
-1.380092e+00 -5.076387e+00
-3.337293e+00 6.542202e+00
-6.669260e+00 4.729610e+00
5.086948e+00 -7.574327e+00
-4.408261e+00 -2.534733e+00
-1.049516e+01 -9.979347e-01
-2.004336e+00 1.636005e+00
-8.014080e-01 2.216083e+00
-6.435548e+00 -3.814363e+00
-6.237969e+00 1.501980e+00
-3.152075e+00 2.151272e+00
-1.062419e+00 1.073381e+01
4.308311e+00 -8.173846e+00
-8.074021e-01 -8.538321e+00
8.030540e-01 1.449219e-01
-1.044459e+01 5.368663e+00
-3.091971e+00 -1.963638e-01
1.173285e+00 6.113035e+00
1.633439e+00 -9.496743e+00
7.711354e+00 9.280818e+00
-3.165733e+00 -2.141864e+00
-2.198119e+00 -1.014782e+01
-2.449533e+00 3.019755e+00
-3.415595e-01 -5.431139e+00
-3.820337e+00 8.539276e+00
9.907719e+00 -1.064407e+01
4.480212e+00 1.097055e+01
-3.769193e+00 -8.839522e+00
-6.613596e+00 -7.774755e+00
-2.749944e+00 -9.233079e+00
-1.055416e+01 3.755319e+00
-1.088736e+01 -2.045180e+00
-2.106384e+00 -6.101608e+00
-5.703842e+00 3.712479e+00
-5.295291e+00 1.141632e+00
3.962275e+00 -4.457524e-01
7.534076e+00 7.233019e+00
2.414621e+00 -3.116674e+00
2.464529e+00 -1.013526e+01
8.947074e-01 3.918019e+00
1.009930e+01 -7.471377e+00
2.974401e+00 -5.187769e+00
3.327498e+00 1.097256e+01
6.843892e+00 8.135409e+00
-7.485041e+00 -3.409087e+00
-2.058560e+00 5.669223e+00
6.617352e+00 5.107923e+00
3.119653e+00 -8.060961e+00
8.087456e-02 -6.504885e+00
1.370435e+00 -7.963723e+00
-5.229396e-01 -4.460514e+00
1.885966e+00 2.446325e+00
-2.976712e+00 -8.146459e+00
-1.969624e+00 -1.114782e+01
-5.006589e+00 2.551550e+00
2.638786e+00 -9.045204e+00
1.577342e+00 -8.558461e-01
4.413252e+00 4.342779e+00
-5.862618e-01 4.103539e+00
1.183325e-01 9.087777e+00
-1.546504e-01 -4.841615e-01
1.609140e+00 -1.066640e+01
-9.477739e+00 -1.097695e+01
1.008517e-01 1.014639e+01
-6.308424e+00 9.616158e+00
6.764554e+00 -3.722551e+00
-1.238092e+00 -3.691624e+00
7.730788e+00 -5.415238e+00
-2.636010e+00 -4.989403e+00
9.942608e+00 1.544512e+00
2.252857e+00 4.039703e+00
2.009089e+00 2.482937e-01
-1.728493e-01 6.239205e-01
-3.173433e+00 -1.103719e+01
-4.524226e+00 4.760953e+00
1.126989e+00 -3.094756e+00
6.853900e+00 4.066419e+00
7.971795e+00 3.940147e+00
4.562203e+00 -1.025380e+01
4.892348e+00 -6.352661e+00
-3.599527e+00 -9.957069e+00
-4.472801e+00 9.769678e+00
1.289333e-01 -1.108989e+01
-1.815452e+00 8.095782e+00
6.075764e+00 9.020962e+00
-5.649519e+00 -5.704947e+00
-1.433570e+00 -1.417795e+00
4.863502e+00 9.295882e+00
-2.666077e-01 -9.439389e+00
-9.367485e+00 9.723812e-01
1.089858e+01 -5.548534e+00
2.599629e+00 -4.219512e+00
1.632178e+00 -4.086668e+00
7.489602e+00 1.073285e+01
5.135022e+00 -4.186033e-01
-7.068016e-01 -1.047145e+01
-2.136607e+00 5.429614e-01
3.730058e+00 -4.455587e+00
9.615504e+00 -8.506080e+00
8.918798e+00 9.021534e+00
3.117025e+00 -6.232993e+00
8.975730e+00 3.139607e+00
9.144228e+00 -4.625172e+00
-4.237439e+00 -3.613727e+00
-6.421557e+00 1.090556e+01
9.776750e+00 3.883672e+00
5.359594e+00 -5.387450e+00
8.852844e+00 -2.576368e+00
7.676204e+00 -7.464176e+00
6.788601e+00 8.818681e-01
1.971992e+00 -6.181749e+00
-2.410576e+00 -3.940875e+00
2.396448e+00 1.244054e+00
-1.116157e+01 -2.392783e-01
4.675398e+00 1.843034e+00
4.436593e+00 7.829084e+00
3.090111e+00 6.858788e+00
3.261339e+00 7.848181e+00
2.521507e+00 8.668979e+00
7.937948e+00 8.242484e+00
4.400922e+00 3.249075e+00
6.836044e+00 9.760665e+00
2.345333e+00 -2.069427e+00
4.007615e+00 9.920895e+00
6.230959e-01 -1.011541e+01
8.764757e+00 4.646423e+00
-4.755748e+00 -9.462615e+00
1.252118e+00 -6.968786e+00
6.292188e+00 -8.527158e+00
7.724932e+00 -2.010910e+00
4.231186e+00 -5.451741e+00
9.068933e-01 -5.760772e+00
3.432631e+00 -2.701275e+00
5.456407e+00 8.138254e+00
8.733299e-01 2.692402e+00
1.013457e+00 1.074056e+01
-6.295551e+00 4.049516e-01
1.015916e+01 9.584315e+00
6.160285e+00 1.981371e+00
-5.575526e-01 7.358070e+00
1.096769e+01 5.336233e+00
9.727474e+00 1.063616e+01
1.091853e+01 1.081533e+01
3.155400e+00 2.240482e-01
6.252518e+00 -2.521184e+00
4.375909e+00 -2.325781e+00
2.500563e+00 -9.366304e-01
1.012585e+01 -9.612184e+00
9.724164e+00 -2.033386e+00
3.719052e+00 2.308132e+00
-3.244975e+00 -3.343142e+00
-7.511297e+00 -4.605052e+00
1.503346e-01 -8.024496e+00
-8.223283e+00 9.724494e+00
-7.192218e+00 8.868882e+00
2.137363e+00 7.434296e+00
1.020384e+01 7.523653e+00
-6.704148e+00 -8.819593e+00
-9.121949e+00 8.974358e+00
2.386802e+00 9.719383e+00
3.525950e+00 5.008252e+00
8.545611e+00 1.018575e+01
-1.017041e+01 8.504298e+00
-9.482175e+00 -9.431765e+00
9.158512e+00 7.897230e+00
7.984336e+00 -9.344105e+00
6.576572e+00 -1.049339e+01
-4.051855e+00 2.779234e+00
5.349871e+00 1.038511e+01
3.755429e+00 1.200850e+00
-5.533716e+00 4.753183e+00
4.140272e+00 6.735253e+00
-4.626914e+00 -1.054280e+01
-2.595085e+00 4.244754e+00
-1.509251e-01 3.140514e+00
5.706023e+00 -1.247111e+00
5.128656e+00 -8.830384e+00
-5.888375e-01 -7.254894e+00
-1.001439e+00 6.320326e+00
-1.070323e+01 7.636556e+00
6.994029e-01 -9.016004e+00
8.608502e+00 -8.126894e+00
-6.486139e+00 -5.063021e+00
1.063235e+01 -1.418207e+00
1.467158e+00 8.488128e+00
-8.550600e+00 -7.449080e+00
-7.484226e+00 -2.319708e+00
1.086048e+01 -1.043386e+01
6.662873e+00 -1.535277e+00
-1.446997e-01 -3.445701e+00
-9.857538e+00 -2.401783e+00
1.329719e+00 -2.121717e+00
1.034048e+01 3.261398e-01
-1.879737e+00 -8.299927e+00
-8.999030e-01 8.547192e+00
5.371822e+00 2.646650e+00
4.630567e+00 5.578553e+00
-8.351031e+00 -1.020848e+01
5.551441e+00 4.781806e+00
-6.452640e-01 5.135567e+00
-1.031276e+01 1.061588e+01
7.651016e+00 -1.052562e+01
8.823907e+00 -5.586903e+00
8.667486e+00 -1.068822e+01
-1.063788e+01 -9.667462e+00
1.056205e+01 -2.582141e+00
1.095831e+01 2.003610e+00
-1.037129e+01 2.751971e+00
-1.040028e+00 -6.201998e+00
3.956559e+00 -7.048932e+00
-1.355359e+00 -4.150309e-01
4.661799e+00 -1.340856e+00
7.897026e+00 -4.305939e+00
8.381284e+00 6.764982e+00
5.806832e+00 9.890721e-01
8.723187e+00 2.000615e+00
1.256982e+00 9.546293e+00
5.361999e+00 -3.068116e+00
6.650949e+00 3.001287e+00
-9.430801e+00 7.857397e+00
6.500595e+00 -7.531597e+00
-1.026671e+01 -8.684061e+00
6.355455e+00 7.147235e+00
2.159218e+00 1.072405e+01
-1.985333e+00 6.909328e+00
5.579214e+00 -1.075074e+01
5.637324e+00 5.913532e+00
1.097774e+01 6.583235e+00
7.650737e+00 -3.165766e+00
1.787808e+00 -5.106896e+00
1.097919e+01 -4.134724e+00
4.882756e+00 -4.317472e+00
-1.053031e+01 -5.002001e+00
-9.458520e+00 4.637085e+00
2.158827e+00 6.301830e+00
2.502174e+00 -7.100546e+00
-6.628262e+00 -1.024118e+01
-8.389419e+00 5.718258e+00
-6.185031e+00 -2.554457e+00
-1.112560e+01 9.604707e+00
-5.346578e+00 9.113330e+00
