-8.699924e+00 1.115509e+01
-8.101010e+00 6.920443e+00
-5.942236e+00 7.917321e+00
-5.856277e+00 -6.350974e+00
1.017983e+01 3.372687e+00
-1.004896e+01 -4.905806e+00
7.941740e+00 1.819981e+00
-8.978917e+00 3.776954e+00
5.797916e+00 -3.305188e+00
7.784839e+00 7.001019e-01
2.601718e-01 6.981149e+00
8.949572e+00 1.162208e+00
9.297955e+00 -1.021845e+00
6.764042e+00 3.832600e+00
-6.740673e+00 2.951112e+00
2.708450e+00 5.191507e+00
-1.009692e+01 7.984710e-01
-9.812883e+00 8.662038e+00
-7.818931e+00 -8.092108e+00
-5.811748e+00 -1.076155e+01
-9.517490e+00 -7.116694e+00
-7.724112e+00 -6.171623e+00
9.721139e+00 -6.689097e+00
1.106006e+01 -1.591314e+00
5.740525e+00 6.038157e-01
1.099245e+01 2.745335e+00
-6.713737e+00 -3.385151e+00
8.973498e+00 -7.549694e+00
5.904966e+00 -5.090630e-01
-1.060915e+01 1.714973e+00
-5.557923e+00 5.176302e+00
6.251726e+00 -1.763985e+00
-8.462154e+00 1.622196e+00
9.045332e+00 4.573905e+00
-1.354030e+00 3.935665e+00
1.098369e+01 8.352119e+00
-9.933145e+00 -6.002010e+00
-3.420324e+00 -9.508783e+00
-6.723773e+00 -7.030600e+00
-7.982925e+00 8.197617e+00
-1.139722e+00 -8.195299e+00
-8.918546e+00 -3.738539e+00
-7.278960e+00 -9.108359e+00
-7.010085e+00 7.788180e+00
-1.095455e+01 -9.319657e+00
7.844301e+00 4.063357e+00
1.117779e+01 8.528939e-01
-1.022406e+01 -1.973659e+00
8.816711e+00 -3.757219e+00
-8.664973e+00 2.777833e+00
6.114311e+00 2.923428e+00
-7.295976e+00 -1.188010e+00
5.325236e+00 3.673154e+00
1.112658e+01 6.195257e+00
4.078951e+00 3.368780e+00
-6.331377e+00 1.835131e+00
-6.638439e+00 9.207821e+00
-3.768024e+00 2.103418e+00
-6.819076e+00 3.976187e+00
-7.063947e+00 6.758219e+00
1.048913e+01 -8.797356e+00
6.681447e+00 -1.081177e+01
-1.098934e+01 -8.273104e+00
-5.244177e+00 -9.935186e+00
-9.184226e+00 -7.236120e-02
1.073160e+01 -2.613163e+00
-9.983222e+00 -3.848352e+00
-9.268889e+00 -2.588584e+00
1.045834e+01 -5.524309e+00
8.489610e+00 -1.722341e+00
-4.866527e+00 2.036376e+00
7.153085e+00 2.549989e+00
-1.304525e-01 -2.481607e+00
4.148585e-01 5.843781e+00
-6.696939e+00 1.025921e+01
3.026478e+00 4.103114e+00
-7.007214e+00 -2.209555e+00
-6.379025e+00 5.943047e+00
-6.651766e+00 -1.014388e+01
-5.460822e+00 9.460008e+00
1.269771e+00 -1.097154e+01
-4.337063e+00 -8.703952e+00
-2.146805e+00 8.757938e+00
-9.924064e+00 -9.333303e+00
-8.892673e+00 -8.017394e+00
7.830983e+00 -3.368744e+00
-4.294650e+00 -7.689189e+00
-3.027781e+00 -1.126287e-02
-1.065642e+01 -7.330444e+00
5.827851e+00 -7.345871e+00
-7.612121e+00 -5.068943e+00
-1.253561e-01 -1.311874e+00
-5.467957e+00 7.214464e-01
-1.453209e+00 1.800681e+00
8.186602e+00 5.308581e+00
2.013124e+00 -2.332067e+00
1.001763e+01 5.455216e+00
-8.890842e+00 -4.791840e+00
-3.336912e+00 4.092581e+00
1.019828e+01 -4.451443e+00
-9.437211e+00 2.129205e+00
2.329194e+00 -1.094610e+01
-6.228373e+00 -9.191979e+00
-2.976284e+00 -7.154603e+00
7.283779e-01 -6.831351e+00
1.069960e+01 -6.651264e+00
-2.331448e+00 -6.348643e+00
5.768558e+00 1.687726e+00
-5.502618e+00 -7.498634e+00
-4.726398e+00 -2.883492e+00
-9.393855e+00 -1.118712e+00
-2.215716e+00 -2.313031e+00
3.743724e-01 6.073465e-01
-2.169619e+00 8.144029e-01
7.081432e+00 4.804226e+00
1.011120e+01 4.424929e+00
-4.525315e+00 3.054086e+00
-7.134716e+00 -1.105415e+01
1.106780e+01 7.273710e+00
-9.270705e+00 7.541401e+00
-3.150948e+00 3.027420e+00
-4.594497e+00 4.378851e+00
1.694059e+00 -9.038056e+00
-5.315912e+00 -8.801343e+00
3.201239e+00 -6.331083e+00
-3.231419e+00 -8.336849e+00
-1.881779e+00 -5.330348e+00
-4.388248e-01 -7.112535e+00
-8.233883e+00 -6.516347e-01
-8.092748e+00 5.975057e-01
4.129675e+00 -7.048837e+00
-1.190525e+00 -3.409442e+00
-7.790297e+00 3.517606e+00
8.939289e+00 3.542664e+00
-1.623584e+00 1.007302e+01
5.728900e+00 9.603892e+00
-1.255439e+00 2.838142e+00
6.153379e+00 6.178139e+00
-1.885591e+00 6.156345e+00
-2.201022e+00 7.218711e+00
-8.168274e+00 4.575006e+00
2.132280e-01 9.448340e+00
-4.075363e+00 -1.034183e+01
-8.011019e+00 -1.016263e+01
-6.500186e+00 -8.125061e+00
-2.683790e+00 1.026902e+01
-6.365890e+00 -4.560030e+00
-3.687610e+00 -2.918823e+00
-3.466049e+00 -6.158505e+00
-8.145430e+00 -2.985084e+00
7.462751e-01 -7.147816e-01
-3.701108e+00 -7.885275e-01
-1.033835e+01 4.479554e+00
-8.147150e-01 -5.072910e+00
-3.213002e+00 1.052492e+00
1.865898e+00 4.428488e+00
-2.295054e+00 -7.991437e+00
-5.867157e+00 6.878840e+00
-2.231176e-01 4.963590e+00
-5.740206e+00 -2.347018e+00
-5.114741e+00 6.079402e+00
-5.749963e+00 4.038629e+00
4.928836e+00 -8.036719e+00
-6.294473e+00 -1.465973e+00
-8.537133e+00 -1.774674e+00
-6.010952e+00 -3.556796e-01
-1.303205e+00 5.043661e+00
-4.669628e+00 -6.355850e+00
-7.610804e+00 -4.065304e+00
-3.822440e+00 7.576530e+00
-3.051189e+00 -1.098728e+01
2.040155e+00 -6.576754e+00
2.114308e+00 -7.911867e+00
-2.214996e-01 -2.166343e-01
-1.015153e+01 5.432659e+00
-4.523093e+00 -4.311048e-02
-7.774698e-01 7.111106e+00
8.741237e-01 -7.928618e+00
7.323367e+00 1.039647e+01
-5.259623e+00 -1.130526e+00
-1.282323e-01 -8.279256e+00
-3.861129e+00 5.515668e+00
2.338567e-01 -5.084872e+00
-5.634301e+00 1.044175e+01
-8.871513e+00 -9.237826e+00
3.545115e+00 -9.565444e+00
-3.553830e-01 -9.344912e+00
-1.614264e+00 -7.133664e+00
-1.946732e+00 -9.153872e+00
-7.464802e+00 2.246027e+00
-1.051786e+01 -8.488297e-01
-4.232459e+00 -1.916314e+00
-7.375708e+00 1.210615e+00
-7.292632e+00 -1.314581e-01
2.723693e+00 2.006596e+00
1.012807e+01 6.492849e+00
1.487593e+00 8.123008e-02
1.264974e+00 9.531426e+00
1.767947e+00 6.536535e+00
-9.892762e+00 -8.047963e+00
3.853555e+00 -4.347147e+00
3.272955e+00 -1.080600e+01
8.044820e+00 6.409156e+00
-5.329478e+00 -4.922665e+00
-3.518516e+00 9.043113e+00
5.651544e+00 7.186604e+00
1.024490e+00 -9.873706e+00
-6.376542e-02 -6.076876e+00
5.794797e+00 -8.731255e+00
-2.706923e+00 -3.328000e+00
2.160995e+00 3.452185e+00
-1.164018e+00 -6.169595e+00
-3.087167e-01 8.069343e+00
-4.417806e+00 1.094356e+00
-8.207145e-01 9.228466e+00
-4.353799e-01 1.517749e+00
4.325904e+00 8.803433e+00
-2.267163e+00 4.501604e+00
1.160339e+00 7.442601e+00
-1.141958e+00 -2.352998e+00
3.013263e+00 1.055033e+01
-9.769975e+00 9.799760e+00
5.304879e+00 -1.028348e+01
-3.847922e+00 1.063684e+01
5.257449e+00 -2.437509e+00
-3.627435e-01 -4.095406e+00
4.903479e+00 -4.708092e+00
-5.561348e+00 -3.672987e+00
6.881264e+00 1.387342e+00
2.209857e+00 7.478802e+00
-2.709758e+00 -1.114321e+00
-1.858848e+00 -3.634452e-01
-1.424068e+00 7.884180e+00
-2.767406e+00 5.466183e+00
6.558201e-01 1.758771e+00
4.558327e+00 4.359333e+00
5.940737e+00 4.515832e+00
4.292335e+00 -1.065535e+01
6.634943e+00 -8.017344e+00
2.414127e+00 -9.798876e+00
-1.993561e+00 -1.112328e+01
2.362492e+00 9.494673e+00
-4.190568e+00 6.528529e+00
5.078793e+00 1.093367e+01
-1.347185e+00 -9.902667e+00
-6.445362e+00 6.137941e-01
7.545518e+00 8.570078e+00
4.515828e+00 -9.136785e+00
1.012431e+01 7.763598e-01
-1.045872e+01 -2.948521e+00
2.596326e+00 -4.489296e+00
8.381752e-01 -3.888771e+00
4.018976e+00 1.068592e+01
3.055518e+00 2.954729e+00
6.986367e-01 8.506856e+00
-1.420567e+00 -1.274055e+00
4.797027e+00 -3.430548e+00
9.595528e+00 -9.763542e+00
9.762975e+00 8.074785e+00
6.932419e+00 -8.916928e+00
7.182903e+00 5.827045e+00
4.276181e+00 -5.914819e+00
-4.483499e+00 -3.950109e+00
-4.736482e+00 -1.117988e+01
9.123394e+00 6.922713e+00
5.733202e+00 -5.660715e+00
6.940969e+00 -9.510239e-01
8.427487e+00 -5.323052e+00
4.816409e+00 1.265530e+00
2.831993e+00 -8.760065e+00
-1.897034e+00 -4.161358e+00
-1.835633e-01 2.703089e+00
1.059461e+01 -4.008225e-01
4.094734e+00 5.699700e+00
6.063474e+00 1.070023e+01
1.392946e+00 5.495591e+00
4.792990e+00 6.535333e+00
3.524025e+00 9.632243e+00
8.633093e+00 8.215381e+00
5.606937e+00 8.417692e+00
6.835026e+00 9.372216e+00
2.719145e+00 6.264855e-01
6.201560e+00 -9.687310e+00
5.227147e-02 -1.042842e+01
1.113897e+01 4.909034e+00
-2.432059e+00 -1.005160e+01
3.788481e+00 -8.262126e+00
5.102354e+00 -6.600043e+00
6.958441e+00 -4.016802e+00
3.339367e+00 -5.350225e+00
9.923367e-01 -1.755336e+00
3.450213e+00 -2.543357e+00
1.787508e+00 1.045117e+01
7.422338e-01 4.456203e+00
6.995315e-01 1.042931e+01
-2.555513e+00 1.963942e+00
9.708801e+00 -1.093959e+01
5.022726e+00 2.596149e+00
-8.042837e-01 6.068124e+00
1.114559e+01 3.904861e+00
9.095917e+00 1.052286e+01
1.055773e+01 -1.012066e+01
4.338839e+00 -2.024420e+00
6.907301e+00 2.845536e-01
2.861235e+00 -1.414193e+00
2.713941e+00 -3.840885e-01
8.141869e+00 -1.118026e+01
7.633237e+00 -5.983830e+00
-1.142730e+00 5.631443e-01
-2.925813e+00 -5.280441e+00
-4.149106e+00 -5.219827e+00
2.286327e+00 -5.537948e+00
-8.183584e+00 5.654274e+00
-8.823663e+00 8.670986e+00
2.747192e+00 6.249920e+00
-1.020036e+01 6.446363e+00
-7.856315e+00 1.041546e+01
-1.024710e+01 7.655927e+00
7.886168e+00 7.510524e+00
4.709593e+00 9.869746e+00
8.046421e+00 9.516537e+00
-1.093977e+01 1.017771e+01
-9.374225e+00 -1.030698e+01
1.019665e+01 1.052793e+01
1.039484e+01 -7.748648e+00
8.650551e+00 -6.549791e+00
-5.709557e+00 2.722522e+00
7.790414e+00 -7.206782e+00
-1.275956e-01 3.871013e+00
-3.141036e+00 6.412355e+00
3.722641e+00 6.732736e+00
-3.373358e-01 1.048741e+01
-2.247626e+00 3.402134e+00
7.700704e-01 3.043459e+00
3.926884e+00 2.318213e+00
8.090088e+00 -8.323526e+00
-9.934982e-01 -1.088606e+01
-4.738924e+00 8.413524e+00
9.081384e+00 9.171569e+00
1.157100e+00 -5.880357e+00
1.103660e+01 1.116759e+01
-6.610681e+00 -5.516935e+00
8.122447e+00 -6.747305e-01
3.636258e+00 7.715662e+00
-1.112074e+01 -4.661153e+00
9.765828e+00 -3.191657e+00
9.476601e+00 -5.725318e+00
4.690258e+00 -3.495644e-01
1.050651e+00 -2.807299e+00
7.836441e+00 -4.523192e+00
1.811180e+00 -9.816157e-01
7.473724e+00 -1.785431e+00
1.469609e+00 -4.808474e+00
-2.972054e+00 8.148189e+00
4.664302e+00 7.595482e+00
7.078282e+00 6.908012e+00
-9.762125e+00 1.100994e+01
5.151315e+00 5.485187e+00
-4.969218e+00 7.395485e+00
1.035056e+01 9.363277e+00
9.393592e+00 -8.544741e+00
6.827879e+00 -5.200777e+00
8.529170e+00 -9.851516e+00
-8.402321e+00 -7.087719e+00
9.847473e+00 -1.944288e+00
8.059171e+00 3.026902e+00
1.003577e+01 1.978918e+00
-3.435699e+00 -4.332224e+00
3.095633e+00 -7.359833e+00
1.734016e+00 1.056707e+00
3.521414e+00 1.251194e+00
5.883707e+00 -4.473301e+00
9.032093e+00 5.851858e+00
1.707559e+00 2.218559e+00
8.957854e+00 2.235510e+00
2.913424e+00 8.620296e+00
5.045900e+00 -1.288370e+00
3.847961e+00 1.972215e-01
-7.141935e+00 5.167285e+00
6.755975e+00 -2.868453e+00
-1.059833e+01 -1.038999e+01
6.540068e+00 7.897000e+00
7.404703e+00 -9.897021e+00
-4.580942e+00 9.933645e+00
6.586270e+00 -6.466645e+00
9.324720e+00 1.546156e-02
-9.093311e+00 6.334126e+00
8.592730e+00 -2.780248e+00
3.020604e+00 -3.564095e+00
-1.086297e+01 -5.719939e+00
3.754050e+00 -9.236649e-01
1.101950e+01 -3.585392e+00
-9.749365e+00 3.201589e+00
1.746987e+00 8.401033e+00
1.962216e+00 -3.635474e+00
-8.710477e+00 9.836580e+00
-9.113916e+00 5.126880e+00
-8.804115e+00 -5.858517e+00
-1.067785e+01 9.231627e+00
-7.679031e+00 9.394032e+00
