-7.458342e+00 -9.335431e+00
1.036816e+01 1.077394e+01
-9.966494e+00 1.074378e+01
-9.141819e+00 -9.740198e+00
-1.064351e+01 -5.591841e+00
-9.246293e+00 -3.827119e+00
1.083826e+01 -5.030025e+00
9.366677e+00 -3.526944e+00
7.698087e+00 -2.171170e+00
7.101944e+00 3.154489e-01
6.823664e+00 6.289258e+00
9.069459e+00 6.335428e+00
1.007532e+01 -1.244502e+00
6.019136e+00 7.093827e+00
-9.484659e+00 8.566457e+00
9.651145e+00 4.501984e+00
-9.457550e+00 3.344506e+00
-7.277996e+00 5.165060e+00
9.403528e+00 9.796272e+00
-7.443994e+00 1.104917e+01
-8.452250e+00 -8.907360e+00
-4.495376e+00 -7.372807e+00
-1.017821e+01 -9.542754e+00
1.084848e+01 -6.234224e+00
-9.532733e+00 -7.588064e+00
-1.058740e+01 -3.218548e+00
-8.908706e+00 -1.713130e+00
-1.032372e+01 -4.437084e+00
8.550662e+00 -2.908108e+00
9.567446e+00 2.187275e+00
9.625268e+00 -2.487797e+00
8.724650e+00 -1.795708e+00
1.106968e+01 -1.631555e+00
1.037448e+01 1.291177e+00
7.516535e+00 2.140748e+00
6.693453e+00 8.658668e+00
-1.108823e+01 1.022474e+01
-5.791133e+00 9.537793e+00
-1.087329e+01 9.165742e+00
1.059304e+01 8.516160e+00
-6.401619e+00 -9.510033e+00
-6.375067e+00 -8.285271e+00
-1.117736e+01 -7.556813e+00
-8.534085e+00 1.071398e+01
-8.725454e+00 -6.550538e+00
-9.960431e+00 -1.196972e+00
-8.436337e+00 -2.619507e+00
-8.125751e+00 -3.710649e+00
2.566790e+00 8.344358e-02
-9.257742e+00 -1.695972e-02
9.683709e+00 -4.588853e+00
-1.037208e+01 -2.682705e-01
1.093172e+01 -4.952063e-01
1.093714e+01 7.375577e+00
9.886345e+00 1.842662e-01
-7.786908e+00 6.084851e+00
-8.778407e+00 6.715441e+00
-3.692611e+00 4.303205e+00
-6.552070e+00 6.350905e+00
-5.324278e+00 5.128018e+00
-4.574183e+00 -9.560089e+00
-2.552771e+00 -9.373878e+00
-8.514713e+00 -7.725834e+00
-8.035616e+00 -5.674513e+00
-1.042897e+01 -2.146100e+00
-8.513240e+00 -4.676289e+00
-7.017659e+00 -5.473865e+00
-6.370023e+00 -3.780651e+00
6.305330e+00 -6.488347e+00
-8.963488e+00 1.302475e+00
-8.139308e+00 4.984829e-01
1.072418e+01 2.633793e+00
6.909436e+00 4.198624e+00
9.885646e+00 5.600438e+00
1.086702e+01 5.009790e+00
8.470866e+00 2.806089e+00
-6.832364e+00 1.168206e+00
-5.997571e+00 7.281261e+00
-6.935883e+00 9.342484e+00
-8.744464e+00 9.374517e+00
-4.925857e+00 7.615072e+00
-6.624528e+00 1.025206e+01
-5.128647e+00 -1.050387e+01
-4.501406e+00 -8.527074e+00
-7.722770e+00 -6.942494e+00
-9.508396e+00 -5.473626e+00
-6.109778e+00 -4.852104e+00
-7.834165e+00 -1.591226e+00
1.009032e+01 -7.031253e+00
-1.889168e+00 -6.035406e+00
-7.389979e+00 -4.455652e+00
-4.540786e+00 8.584856e-01
-6.503834e+00 -1.122860e-01
-7.765158e+00 1.717201e+00
-9.853131e+00 1.914993e+00
9.420239e+00 3.373105e+00
-1.058292e+01 4.146648e+00
-9.749191e+00 9.574327e+00
-2.100319e+00 6.014063e+00
-2.367886e+00 -1.110133e+01
-5.948248e+00 8.372755e+00
-3.218243e+00 -1.042504e+01
-5.283633e+00 1.070198e+01
-4.060064e+00 -2.006050e+00
-2.331186e+00 -5.016791e+00
-6.061060e+00 -2.411487e+00
3.497122e+00 -3.254798e+00
-7.321621e+00 -2.765692e+00
-6.194740e+00 -6.097544e+00
-5.233824e+00 -1.850414e+00
-7.300695e+00 -7.213566e-01
-5.778405e+00 8.854272e-01
-9.088653e+00 5.650751e+00
-7.577588e+00 2.827088e+00
-9.590489e+00 4.714219e+00
1.117697e+01 6.638496e-01
-6.951709e+00 8.016510e+00
-6.970633e+00 -1.038614e+01
-1.016834e+01 8.534822e-01
-7.770698e+00 7.136571e+00
-2.370973e+00 3.899040e+00
-7.449973e+00 3.998653e+00
-1.396304e+00 -9.060630e+00
-7.479307e+00 -8.091341e+00
-3.473499e+00 -5.280155e+00
-4.301520e+00 -3.640192e+00
-3.294542e+00 -3.306230e+00
-6.501999e+00 -7.150092e+00
-8.445953e+00 -7.102400e-01
-1.536019e+00 -1.609191e+00
-6.800945e+00 -1.667504e+00
-5.021585e+00 1.962895e+00
-6.458697e+00 2.216046e+00
-1.052760e+01 2.920511e+00
-3.932118e+00 1.866000e+00
-3.198248e+00 6.389089e+00
-6.276657e+00 4.598956e+00
-1.002185e+01 7.347959e+00
-5.477154e+00 3.242263e+00
-4.064828e+00 5.650353e+00
-4.912676e+00 8.707376e+00
-2.293680e+00 6.978987e+00
-4.093416e+00 -1.110529e+01
-5.476331e+00 -8.960282e+00
-3.449916e+00 -7.215889e+00
-5.422549e+00 -7.823084e+00
-3.131348e+00 -4.329767e+00
-5.247156e+00 -4.211903e+00
-1.161514e+00 -5.068503e+00
-3.105670e+00 -1.053278e+00
-1.186060e+00 -3.063452e-01
-6.033538e-01 -2.284193e+00
-5.936291e+00 -1.034601e+00
-9.384901e-01 2.883010e+00
-4.877764e+00 4.141423e+00
-2.501440e+00 1.052860e+00
-2.922654e+00 -2.125162e+00
-1.012896e+00 5.842530e+00
-5.339021e+00 6.200221e+00
-2.057908e+00 2.840082e+00
-3.934544e+00 8.698467e+00
-4.172405e+00 9.756411e+00
-2.917340e+00 8.459352e+00
-4.323403e+00 -5.825898e+00
-4.312957e+00 -4.722901e+00
-2.113598e+00 -3.153638e+00
8.755991e-01 -5.004054e+00
-5.048345e+00 -2.847572e+00
-2.732014e-01 -4.435529e+00
1.138477e+00 -7.161957e+00
7.326552e-01 -6.084804e+00
-1.502287e+00 7.219821e-01
-2.119866e+00 -7.441629e-01
-5.311004e+00 -3.100953e-01
-8.684240e+00 2.574522e+00
-8.407501e+00 4.873096e+00
-1.278449e+00 4.067537e+00
-3.508696e+00 -9.356744e+00
-1.141844e+00 7.300061e+00
-3.458999e+00 9.477747e-01
-1.579744e+00 -1.015930e+01
-4.412030e+00 6.593257e+00
-3.529489e-01 -8.691840e+00
-2.515395e+00 -8.374946e+00
-5.082649e+00 -6.504236e+00
-1.799240e+00 -4.174138e+00
1.837303e+00 -6.348976e+00
-5.345807e+00 -5.452902e+00
1.015963e+00 -3.856446e+00
-4.314304e+00 -9.699374e-01
-5.610533e-01 -1.166980e+00
4.732568e-01 -2.183602e+00
-8.555464e+00 3.890382e+00
-3.927624e+00 -1.380746e-02
1.926365e+00 3.404289e+00
-1.050411e+01 5.268041e+00
-3.264257e+00 3.331945e+00
-1.958143e+00 7.966758e+00
-2.861991e+00 5.335162e+00
-6.216711e+00 -1.111811e+01
-3.332550e+00 1.062356e+01
-6.889636e-02 7.231356e+00
2.835538e-01 1.048912e+01
-3.481447e+00 -8.283622e+00
8.644477e-01 -1.070525e+01
1.655854e-01 -6.978362e+00
-1.299108e+00 1.084404e+01
5.200096e-01 -8.197120e+00
3.310452e+00 -8.143622e+00
1.357565e+00 -2.865636e+00
5.721433e+00 3.321842e-01
-6.910842e-01 1.832491e+00
-1.948009e-01 4.882586e+00
-2.859045e+00 1.964303e-02
-4.305524e+00 2.945877e+00
-2.877035e+00 2.093498e+00
-1.902138e+00 4.963586e+00
-3.605926e+00 7.677998e+00
2.855716e+00 8.168383e+00
7.866632e-01 5.424945e+00
-3.086386e+00 9.519391e+00
-4.667188e-01 -9.957779e+00
1.571809e+00 -8.391428e+00
-1.239683e+00 -8.028159e+00
2.183508e+00 -4.796238e+00
-1.298147e-01 -5.444368e+00
2.729683e+00 -5.707250e+00
1.980896e-01 1.739682e-02
4.500224e+00 -2.612170e+00
5.383819e+00 1.414841e+00
-6.528732e+00 3.305652e+00
3.189180e-01 2.356377e+00
-9.685108e-02 3.646137e+00
8.454131e-01 3.284145e+00
-2.882928e-02 6.167976e+00
2.736667e+00 5.836391e+00
1.882889e+00 4.948151e+00
-6.905851e-01 9.968354e+00
-1.093671e+00 8.563288e+00
4.680519e-02 8.376772e+00
1.079136e+00 8.385443e+00
1.852676e+00 7.716323e+00
1.005705e+00 9.559195e+00
-2.122453e+00 9.055641e+00
-2.076892e+00 -7.117416e+00
-2.981079e+00 -6.328395e+00
4.545358e+00 -7.432011e+00
3.117613e+00 -4.280564e+00
-5.231216e-01 8.595100e-01
-1.785512e+00 1.826773e+00
3.261301e+00 1.051656e+00
5.098527e+00 2.420822e+00
5.951554e-01 1.105750e+00
7.886315e+00 5.802240e+00
1.719662e+00 6.288515e+00
1.652797e+00 2.331626e+00
4.305374e+00 1.414268e+00
1.978087e+00 8.807489e+00
4.546238e+00 8.259900e+00
2.835023e+00 1.102390e+01
3.809273e+00 6.486533e+00
2.403731e+00 -7.636080e+00
2.421555e+00 1.007935e+01
-2.175768e+00 1.025260e+01
2.857069e+00 -9.938217e+00
5.557413e+00 -4.415557e+00
3.381479e+00 -7.089868e+00
4.193944e+00 -4.754415e+00
1.408978e+00 2.218699e-01
-9.455840e-01 -3.597864e+00
5.145525e-01 -1.019317e+00
2.717424e+00 2.098472e+00
6.277562e+00 -5.435749e-01
3.665872e+00 3.968958e+00
5.564093e+00 8.628912e+00
8.639579e-01 4.330904e+00
2.737373e+00 7.021729e+00
3.818819e+00 1.112806e+01
3.561018e+00 1.005540e+01
4.907810e+00 9.495492e+00
2.507629e+00 -8.819213e+00
8.966323e+00 -5.294187e+00
3.861821e+00 -6.106344e+00
-2.402704e-01 -1.100901e+01
1.441581e+00 1.053998e+01
-9.238464e-01 -6.888470e+00
5.500838e-01 -9.433079e+00
5.891993e+00 -5.427552e+00
6.642248e+00 -4.725259e+00
4.777934e+00 -1.607407e+00
1.688668e+00 -1.879182e+00
4.376263e+00 2.954025e-01
3.493605e+00 4.963730e+00
5.457711e+00 3.543338e+00
2.570601e+00 4.239952e+00
3.202839e+00 3.110546e+00
3.959420e+00 -1.022922e+01
4.373391e+00 3.302165e+00
7.045038e+00 7.443925e+00
6.949208e+00 -1.035369e+01
4.654565e+00 1.052645e+01
9.295430e+00 -1.009101e+01
1.872578e+00 -1.067683e+01
5.221099e+00 -6.604865e+00
3.833081e+00 -9.118855e+00
8.324711e+00 -7.343532e+00
4.900538e+00 -8.623048e+00
5.547698e+00 -7.583609e+00
4.836678e+00 -5.645826e+00
2.021749e+00 -3.636499e+00
1.842411e+00 -7.302139e-01
6.424357e+00 1.437278e+00
7.740250e+00 1.128841e+00
7.356974e+00 9.461732e+00
5.580607e+00 6.088546e+00
8.257438e+00 7.024469e+00
7.708283e+00 8.278434e+00
8.152388e+00 1.024135e+01
9.680818e+00 7.466879e+00
3.733075e+00 8.912422e+00
1.803441e+00 -9.664161e+00
4.768778e+00 -9.636518e+00
8.718432e+00 -9.225252e+00
8.278727e+00 -1.047330e+01
9.837355e+00 -9.195233e+00
1.000686e+01 -5.739027e+00
8.909629e+00 -8.222374e+00
7.159505e+00 -7.115419e+00
5.500031e+00 -2.925276e+00
1.305336e-03 -3.312102e+00
7.810767e+00 4.684245e+00
6.489567e+00 5.317961e+00
6.429701e+00 2.532282e+00
1.912240e+00 1.324178e+00
4.658142e+00 4.523215e+00
6.167370e+00 9.526097e+00
4.748601e+00 5.550087e+00
1.101019e+01 -9.900450e+00
6.858151e+00 1.028559e+01
6.545109e+00 -8.012165e+00
1.082250e+01 -8.850441e+00
-9.573594e+00 -8.679742e+00
6.117473e+00 -9.033351e+00
7.650353e+00 -9.420239e+00
-1.018622e+01 -6.560685e+00
5.818486e+00 -1.855630e+00
9.123474e+00 -6.557540e+00
6.230615e+00 -3.632938e+00
2.818185e+00 -1.167849e+00
8.639633e+00 -4.195964e+00
3.942194e+00 -7.749532e-01
3.566543e+00 -2.020105e+00
-1.087453e+01 1.655405e+00
3.838038e+00 2.308523e+00
8.755535e+00 7.980741e+00
8.438331e+00 9.198325e+00
6.219511e+00 -1.112290e+01
9.365616e+00 8.795404e+00
4.957851e+00 -1.071480e+01
8.794344e+00 1.096605e+01
7.677884e+00 -8.225897e+00
1.112732e+01 -3.993020e+00
-1.062889e+01 -8.378143e+00
-9.469496e+00 -1.074845e+01
7.949451e+00 -6.342292e+00
6.861066e+00 -1.475673e+00
7.021479e+00 -5.646367e+00
4.521368e+00 -3.723055e+00
2.492519e+00 -2.708787e+00
7.507788e+00 -3.875069e+00
7.734653e+00 -9.539176e-01
5.187224e+00 -5.491251e-01
8.841921e+00 5.301509e+00
8.553935e+00 1.809234e+00
3.733066e+00 7.557369e+00
4.801131e+00 6.838956e+00
8.484508e+00 3.856430e+00
1.021367e+01 6.586912e+00
1.039129e+01 9.523538e+00
5.929581e+00 -1.016304e+01
-8.261623e+00 -1.034430e+01
7.571408e+00 1.109361e+01
1.022381e+01 -1.056982e+01
-7.862638e+00 8.585034e+00
1.008404e+01 -8.143915e+00
-9.502443e+00 -2.619278e+00
1.067433e+01 -2.835881e+00
7.909083e+00 -5.080816e+00
6.572358e+00 -2.682948e+00
9.289512e+00 1.071662e+00
8.526064e+00 3.719756e-01
9.075710e+00 -7.838610e-01
-1.047745e+01 6.392784e+00
7.525551e+00 3.310764e+00
5.838613e+00 4.532759e+00
-1.059692e+01 8.187771e+00
1.066250e+01 3.732352e+00
-8.700080e+00 7.822200e+00
-1.090540e+01 -1.105533e+01
-7.778205e+00 9.989985e+00
