7.264929e+00 -1.060327e+01
-8.517110e+00 8.324773e+00
-9.462760e+00 7.640213e+00
-4.155979e+00 9.854855e-01
-5.105646e+00 1.534870e+00
-8.103679e+00 -9.673396e+00
7.158723e+00 -1.115711e-01
4.742952e+00 3.343541e+00
6.459368e+00 -6.359458e+00
6.775511e+00 -2.784443e+00
-5.555281e+00 7.487765e+00
1.054354e+01 5.169692e+00
-8.519794e+00 -4.808183e-01
5.921896e+00 2.674790e+00
-4.746538e+00 3.741174e+00
6.200855e+00 3.786426e+00
-1.001931e+01 -4.114423e+00
1.067794e+01 -1.024521e+01
-9.854712e+00 -7.619100e+00
-1.076264e+01 -8.080789e+00
5.792113e+00 -8.790959e+00
8.081966e+00 -4.588055e+00
2.879890e+00 -5.072817e+00
-2.902796e+00 -4.205911e-01
5.162509e+00 -1.174760e-01
-1.022127e+01 6.773574e+00
-3.901161e+00 -3.240878e-01
-3.536524e-01 1.090344e+01
9.073758e+00 9.753870e-01
-6.296120e+00 3.317330e+00
2.551294e+00 -7.899654e+00
6.905839e+00 1.991462e+00
-8.896919e+00 2.258944e+00
-1.075675e+01 -7.740715e-01
2.802836e-01 2.888220e+00
-4.470084e+00 1.099533e+01
-8.061084e+00 -1.085859e+01
-9.167334e+00 -8.469992e+00
8.520705e+00 -6.686666e+00
-7.845965e+00 3.097903e+00
8.274920e+00 -1.042367e+01
4.954750e+00 -2.188993e+00
-9.268156e+00 -9.603005e+00
9.681295e+00 3.166873e+00
-1.099282e+01 -4.604619e+00
8.809434e+00 7.826957e+00
-7.256518e+00 -3.349976e+00
-7.542912e+00 -4.385274e+00
8.093689e+00 -5.724385e+00
1.108478e+01 1.102529e-01
4.688492e+00 -3.675488e+00
-1.663326e+00 2.890919e+00
9.134086e+00 -4.539907e-02
-7.798123e+00 4.851301e+00
1.012017e+01 -4.888912e-01
-7.866852e+00 -1.359390e+00
1.656931e+00 4.017043e+00
-6.169366e+00 -3.931181e+00
-7.653341e+00 7.646103e+00
-5.252960e-01 5.446549e+00
3.072406e+00 -1.047119e+01
5.265267e+00 -7.898127e+00
7.848930e+00 9.957458e+00
-1.544542e+00 -9.666869e+00
-9.594168e+00 1.427060e+00
4.291687e+00 -6.756936e+00
1.019294e+01 -4.217970e+00
-5.048520e+00 3.252717e-01
-6.752604e+00 1.012604e+01
4.787467e+00 -5.731277e+00
4.231265e+00 8.327921e+00
-1.059313e+01 2.507358e+00
6.704209e-01 5.242952e+00
3.987591e+00 4.023873e+00
5.669758e-01 3.957907e+00
9.356930e+00 4.254719e+00
-9.749903e+00 -5.171770e+00
-3.308665e+00 5.429109e+00
6.359368e+00 -7.363528e+00
9.593177e+00 -6.212309e+00
3.992630e+00 -9.479143e+00
-7.986998e+00 -5.362353e+00
7.208808e+00 3.279985e+00
7.737585e-01 -6.549900e+00
5.874950e+00 9.747761e+00
4.796013e+00 8.141657e-01
1.002548e+01 1.046961e+01
-6.900636e+00 5.177032e+00
3.693988e+00 -7.702667e+00
7.205130e-01 -1.555390e+00
-6.597581e+00 1.268120e-01
-2.093641e+00 6.792017e-01
-5.778049e-01 2.297364e+00
8.207278e+00 1.463475e+00
-1.090127e+01 5.846710e+00
2.760849e+00 -1.085249e+00
5.381923e+00 7.855969e+00
-7.500404e-01 2.786149e-01
-8.889437e+00 3.867334e+00
9.650561e+00 -7.324916e+00
-1.091724e+01 4.584851e+00
3.069429e+00 6.458389e+00
1.057972e+01 -7.941562e+00
9.182003e+00 -5.039576e+00
-2.581701e+00 -6.655410e+00
-4.994251e+00 8.452706e+00
-3.491623e+00 -5.545441e+00
1.045340e+01 3.934947e+00
-5.925747e+00 -6.380547e-01
-6.565975e+00 -6.855479e+00
-1.019384e+01 -2.022221e+00
-6.245537e+00 4.415010e+00
1.812871e+00 -1.237680e+00
5.073216e+00 5.644273e+00
1.063014e+01 8.512005e+00
-1.037793e+01 9.367112e+00
-8.564579e+00 1.010037e+00
-4.411671e+00 -6.572347e+00
7.857505e+00 2.475350e+00
-8.034451e+00 9.555670e+00
7.217811e-01 5.690315e-01
1.881259e+00 5.319513e+00
-3.796712e+00 1.000125e+01
-3.729755e+00 8.718491e+00
4.092515e+00 -4.991250e+00
1.060720e+01 -1.397624e+00
-5.859694e+00 -5.854466e+00
-5.054445e+00 9.783410e+00
-1.650280e+00 3.912887e+00
-1.032159e+01 6.186068e-01
6.999027e+00 -5.227605e+00
-5.580204e+00 -6.952073e+00
-9.376228e+00 9.960350e+00
1.069690e+01 2.818324e+00
-3.340719e-01 -6.231653e+00
5.194285e+00 8.842139e+00
-5.229838e+00 -2.390383e+00
8.073575e+00 4.077373e-01
1.539821e+00 8.280544e+00
-1.315476e+00 6.158618e+00
-3.952210e+00 3.065600e+00
3.062895e-03 -7.361381e+00
-1.032775e+01 -9.910054e+00
-8.461607e+00 7.015151e+00
9.111034e+00 -1.138884e+00
-6.128252e+00 1.959759e+00
-6.986028e+00 1.183003e+00
-4.325770e+00 -8.697906e+00
7.052973e+00 8.645777e-01
-8.764900e+00 -4.665858e+00
-1.762853e+00 -3.341560e-01
-1.106873e+01 1.465676e+00
-6.607108e+00 7.841938e+00
-3.463458e+00 -7.070119e+00
3.765728e+00 2.855602e+00
6.400477e+00 5.198223e+00
-5.697808e+00 1.069232e+01
-4.208030e+00 -1.014301e+01
1.015968e+01 7.410331e+00
-3.135631e-01 -3.575561e+00
-4.073323e-01 4.447358e+00
-7.866880e+00 1.772565e+00
1.376000e+00 -3.450122e+00
-7.040096e+00 -2.237081e+00
9.065956e+00 2.115570e+00
3.618683e+00 1.305439e-01
-1.058262e+00 -2.749378e+00
-1.020928e+01 -3.090255e+00
5.087119e+00 6.882212e+00
-6.036843e+00 5.702233e+00
-2.412403e+00 6.857600e+00
1.846574e+00 -8.613854e+00
1.944017e-01 -8.381003e+00
8.201551e+00 6.334541e+00
7.325482e+00 4.335781e+00
-9.306963e+00 -2.519694e+00
5.867852e+00 5.734136e-01
-3.873227e-01 -9.513354e+00
9.999912e-01 -1.117873e+01
-3.143452e+00 7.188192e-01
-1.102059e+00 -1.071721e+01
1.637011e+00 2.834879e+00
-5.638731e+00 -8.051517e+00
-1.568848e+00 7.730091e+00
1.048601e+00 9.333043e+00
1.115065e+01 1.116610e+01
-4.763939e+00 -5.512562e+00
-6.606526e+00 -4.958968e+00
-2.671194e+00 9.711049e+00
-3.531075e+00 1.975522e+00
-9.747331e+00 -8.570488e-01
-1.476998e+00 -6.497385e+00
6.054699e+00 6.400895e+00
-5.337407e+00 4.783238e+00
-7.619002e+00 3.438348e-01
-9.409229e+00 -1.099267e+01
-1.165882e+00 -1.539342e+00
1.791336e+00 8.519978e-01
1.994235e-01 6.213203e+00
2.857429e+00 -6.577207e+00
2.470399e+00 -1.999618e-02
3.249289e+00 -8.731050e+00
6.935929e+00 9.294601e+00
3.619352e+00 -5.959066e+00
-3.544789e+00 3.973267e+00
7.695434e+00 -2.091834e+00
1.459507e+00 -2.288987e+00
-2.525419e+00 -7.738483e+00
3.206557e+00 5.468687e+00
8.679770e+00 -2.323231e+00
-1.377632e-01 -2.106848e+00
-2.157702e+00 -5.463971e+00
-3.131446e+00 -1.026460e+01
-7.187399e-01 3.360487e+00
2.708817e+00 -2.256040e+00
5.197271e+00 -4.482211e+00
6.029903e+00 -1.049627e+01
-7.510260e+00 6.529358e+00
1.630285e+00 1.024134e+01
7.068630e+00 6.317940e+00
2.234239e+00 -4.241732e+00
-6.272980e+00 -8.910925e+00
-3.524100e+00 7.007286e+00
-4.252011e+00 6.004110e+00
-2.388784e+00 2.003749e+00
-5.358321e+00 2.688188e+00
-2.275063e+00 -4.426013e+00
-5.191631e+00 -1.057208e+01
-6.181200e+00 -2.864696e+00
3.951280e+00 9.498967e+00
1.012380e+01 6.310235e-01
5.931555e+00 -1.945425e+00
3.603329e-01 7.207252e+00
-4.285041e+00 4.950948e+00
2.842079e+00 1.146947e+00
-9.836976e+00 5.574558e+00
7.080086e+00 1.059784e+01
1.049538e+00 -7.716012e+00
3.868793e+00 -1.934040e+00
-3.495111e+00 -8.047722e+00
-1.498845e+00 4.952446e+00
-5.089161e+00 -9.422040e+00
-2.205518e+00 8.663295e+00
6.308044e+00 8.419591e+00
-6.118275e+00 -1.674893e+00
1.805689e-01 1.488779e+00
2.917274e+00 8.514657e+00
-6.167228e+00 8.974265e+00
1.317146e+00 1.793496e+00
7.288670e+00 -7.714109e+00
-3.302026e+00 -4.113066e+00
-6.981449e+00 -5.862346e+00
2.297235e+00 -9.522143e+00
3.720974e+00 7.365831e+00
5.156577e-01 -5.497327e+00
1.286768e+00 6.126192e+00
-1.310191e+00 -4.912107e+00
5.967321e+00 1.082371e+01
5.562479e+00 1.610640e+00
5.368325e+00 -6.796137e+00
-8.456679e+00 -3.449725e+00
7.487250e+00 -9.581095e+00
-8.935777e+00 -1.439252e+00
-7.764632e-01 -8.557780e+00
8.431556e+00 4.589187e+00
-3.992164e+00 -1.888663e+00
8.608719e+00 1.087757e+01
6.396515e+00 -4.209936e+00
7.877377e+00 -8.620292e+00
1.516215e+00 -4.957511e+00
-5.070409e+00 -3.529510e+00
5.284557e+00 -1.182023e+00
-2.364775e+00 -1.351358e+00
1.938112e+00 -7.088023e+00
4.132305e+00 -1.042855e+01
8.472741e+00 8.854658e+00
7.705031e+00 5.350778e+00
3.065821e-02 -1.048736e+01
3.737461e+00 1.097045e+01
-1.540468e-01 9.196933e+00
4.820406e+00 9.976335e+00
2.911939e+00 -3.262508e+00
5.036389e-01 -2.906440e+00
-1.154895e+00 9.337730e+00
-9.716688e+00 3.247717e+00
-5.122866e+00 6.470455e+00
-1.932105e+00 -2.274034e+00
2.140374e+00 9.224593e+00
6.061826e+00 -4.499709e-01
3.544707e+00 -4.147613e+00
-5.533427e+00 -4.865173e+00
-4.842972e+00 -8.524747e-01
-1.015155e+01 -8.882251e+00
9.605931e+00 8.481849e+00
-1.515061e+00 -7.510889e+00
4.141628e+00 -7.678603e-01
-1.025045e+01 1.076481e+01
-8.195374e+00 -2.407361e+00
4.447143e-01 8.336429e+00
-6.978563e+00 2.472327e+00
-6.154945e+00 -9.986669e+00
4.859936e+00 1.101913e+01
8.114227e+00 -7.005945e-01
-2.652127e-01 -4.685137e+00
-4.300880e+00 -4.550312e+00
-1.061992e+01 8.239108e+00
-1.003382e+01 -6.311299e+00
8.237378e+00 -3.321381e+00
1.006912e+01 9.476046e+00
-4.060603e+00 -2.987462e+00
-7.898962e+00 -6.403952e+00
-1.596242e+00 -3.586126e+00
-8.356745e+00 5.824830e+00
-6.435820e+00 6.817446e+00
4.175647e+00 5.068516e+00
-6.621646e+00 -1.112072e+01
-8.267506e+00 -7.952786e+00
-7.230595e+00 -1.019818e+01
-3.171349e+00 -9.110372e+00
1.010920e+01 1.771400e+00
1.040313e+01 -5.377466e+00
-2.986419e+00 7.878688e+00
8.903249e+00 9.778891e+00
-8.533447e+00 1.055668e+01
9.687469e+00 -1.075237e+01
7.309632e+00 -3.804649e+00
2.535016e+00 3.393530e+00
9.149416e+00 6.790608e+00
-1.087254e+01 3.540122e+00
5.305014e+00 4.452247e+00
1.530751e+00 -1.025324e+01
-6.628725e-01 8.241574e+00
-3.030136e-01 -1.017069e+00
6.488548e+00 7.400103e+00
9.766717e+00 -2.076626e+00
5.643280e+00 -3.248145e+00
-1.893307e+00 -8.494865e+00
1.443108e+00 7.190880e+00
-7.259047e+00 8.720407e+00
-1.686424e+00 1.022892e+01
1.994060e+00 -1.111948e+01
-1.089267e+01 -5.685730e+00
6.848897e+00 -1.286210e+00
5.079160e-01 1.021388e+01
-6.917692e+00 -7.776174e+00
-9.042037e+00 -6.854623e+00
-1.111873e+01 -9.285129e+00
3.907233e+00 1.468254e+00
2.807823e+00 2.249361e+00
-9.306935e+00 2.000814e-01
-1.459561e+00 1.516468e+00
9.194763e+00 -3.737188e+00
-2.213748e+00 1.108801e+01
-3.249172e+00 1.102696e+01
7.664345e+00 7.238690e+00
9.085023e+00 5.670565e+00
1.063782e+01 -6.543263e+00
7.567605e+00 8.267929e+00
2.658184e+00 4.519057e+00
-9.598930e+00 8.753145e+00
3.085083e+00 1.015128e+01
9.775973e+00 -9.553095e+00
2.404485e+00 7.639912e+00
-1.076716e+01 -6.959921e+00
8.602984e+00 -7.684462e+00
-5.940904e+00 9.138013e-01
1.115069e+01 -2.364059e+00
-4.596303e+00 -7.669649e+00
6.876782e+00 -8.734288e+00
4.668818e+00 2.214044e+00
3.922277e+00 -2.967859e+00
9.422336e+00 -8.372430e+00
1.110163e+01 1.014001e+01
8.269464e+00 3.485557e+00
-6.957352e+00 -8.582425e-01
-6.169947e-01 7.028376e+00
5.663264e-01 -5.138352e-01
1.116652e+01 -3.466897e+00
-9.250842e+00 6.427837e+00
7.829903e-01 -4.300665e+00
4.555993e+00 -8.628998e+00
1.056454e+01 6.397072e+00
9.391706e-01 -9.364164e+00
-2.362364e+00 5.692820e+00
4.232208e+00 6.318396e+00
-1.115496e+01 7.311560e+00
-2.428517e+00 4.563912e+00
8.761359e+00 -9.313128e+00
-2.535139e+00 -3.140034e+00
1.002257e+01 -3.087209e+00
-2.748565e+00 3.138931e+00
7.477437e+00 -6.681386e+00
-9.903693e+00 4.325418e+00
5.270417e+00 -9.831925e+00
1.691050e+00 -5.953447e+00
-7.403489e+00 -8.869822e+00
-7.206387e+00 3.902539e+00
5.851504e+00 -5.330116e+00
-9.038274e+00 4.954613e+00
-4.412026e+00 7.532240e+00
