-1.053467e+01 -9.455961e+00
-8.795586e+00 8.548268e+00
-9.843784e+00 8.238173e+00
-6.659918e+00 -6.906376e+00
1.077971e+01 -2.826970e+00
-9.257788e+00 -3.793729e+00
-6.608382e+00 -1.195539e+00
1.014554e+01 -3.214951e-01
8.318548e+00 -3.874995e+00
9.086127e+00 2.059440e-02
3.873187e+00 4.052048e+00
8.975535e+00 3.164732e+00
9.799216e+00 1.947819e+00
5.289717e+00 5.667003e+00
-7.957545e+00 7.743031e+00
6.973583e+00 4.178139e+00
-1.108113e+01 2.545587e+00
-5.699482e+00 8.595167e+00
8.536466e+00 -9.656549e+00
-7.593672e+00 8.980879e+00
-7.868380e+00 -4.041824e+00
-9.182002e+00 -8.875463e+00
-9.123746e+00 -7.817129e+00
-7.203881e+00 -3.173304e+00
-8.642870e+00 -4.929241e+00
-1.115386e+01 1.850946e-01
-7.149049e+00 1.260688e+00
-1.109733e+01 -4.364183e+00
9.224724e+00 -3.458139e+00
1.005771e+01 3.030951e+00
-1.022211e+01 1.102282e+00
1.052850e+01 -1.718890e+00
-1.013600e+01 -5.150299e-02
8.566443e+00 2.047224e+00
5.156272e+00 -1.449685e+00
6.687190e+00 6.466426e+00
-9.667026e+00 9.481379e+00
-5.899380e+00 7.542280e+00
1.039224e+01 9.154305e+00
-8.577500e+00 5.896818e+00
-5.621902e+00 -6.250493e+00
-6.967325e+00 -8.100724e+00
1.079492e+01 1.023736e+01
-7.396786e+00 1.006364e+01
-6.599490e+00 -5.783305e+00
-7.116501e+00 -2.720975e-01
-9.141841e+00 -3.815725e-01
-7.915519e+00 -1.989134e+00
7.273229e+00 -2.108425e+00
-9.345013e+00 1.753609e+00
1.030580e+01 -4.893285e+00
-9.220547e+00 7.032980e-01
1.010574e+01 6.720374e-01
7.589334e+00 5.254439e+00
6.004536e+00 1.707287e+00
-5.756180e+00 6.521062e+00
9.713408e+00 7.209074e+00
-3.200162e+00 5.238147e+00
-7.877358e+00 5.159660e+00
-2.886172e+00 8.293487e+00
-8.332451e+00 -9.456796e+00
-9.725186e-01 1.048374e+01
-7.669159e+00 -7.317662e+00
-5.029736e+00 -5.403516e+00
-8.348771e+00 2.601961e-01
-8.655113e+00 -2.818955e+00
-6.820647e+00 -4.286438e+00
-5.476205e+00 -2.012033e+00
1.100039e+01 -5.637291e+00
-6.037961e+00 5.582471e-02
-9.662899e+00 2.970614e+00
7.134381e+00 2.361677e+00
2.503254e+00 -1.475230e+00
6.345887e+00 5.359315e+00
9.200950e+00 5.733006e+00
5.380998e+00 2.511526e+00
-6.522256e+00 3.316253e+00
-4.712618e+00 8.396839e+00
-8.980516e+00 4.913825e+00
-9.052245e+00 1.043271e+01
-1.969621e+00 1.004110e+01
-7.869650e+00 1.090946e+01
-4.075975e+00 9.963740e+00
-7.183579e+00 -9.390704e+00
-7.506337e+00 -5.118994e+00
-1.048658e+01 -3.217660e+00
-5.059049e+00 -3.227280e+00
-7.931974e+00 -9.708151e-01
-8.492462e+00 -6.621096e+00
2.646630e+00 -7.389684e+00
-5.961416e+00 -4.912029e+00
-3.090085e+00 2.313069e+00
-8.568484e+00 2.726045e+00
-8.651378e+00 3.863320e+00
9.269937e+00 4.267463e+00
7.426129e+00 1.320317e+00
7.774056e+00 3.261892e+00
-1.020538e+01 -1.056986e+01
-1.335725e+00 7.000793e+00
-9.288199e+00 -9.990758e+00
-6.889543e+00 8.180717e+00
-9.897729e-01 -1.061606e+01
-5.362051e+00 -1.039210e+01
-4.455896e+00 -2.334586e+00
-3.908272e+00 -8.926460e+00
-9.566604e+00 -2.364057e+00
-1.022177e+00 -4.043505e+00
-1.099994e+01 -9.726808e-01
-4.790310e+00 -7.982996e+00
-4.590922e+00 -1.299024e+00
-4.312635e+00 3.186975e+00
-5.893309e+00 4.134492e+00
-6.820386e+00 4.779035e+00
-2.634536e+00 4.388471e+00
1.012614e+01 4.997377e+00
1.105463e+01 1.484720e+00
-6.814899e+00 7.044377e+00
-1.005475e+01 1.058576e+01
1.040506e+01 3.982341e+00
-9.972609e+00 5.335587e+00
-3.107991e+00 6.971945e+00
-3.766494e+00 7.850687e+00
-4.287493e+00 -1.017679e+01
-4.812198e+00 -4.352049e+00
4.344090e-01 -5.172053e+00
-3.951213e+00 -5.520967e+00
-3.165513e+00 -2.011760e+00
-2.914951e+00 -3.092023e+00
-5.449609e+00 3.001497e+00
-4.790921e+00 4.172466e+00
-3.673812e+00 1.740466e-01
-4.116933e+00 2.034885e+00
-8.103753e+00 1.717954e+00
9.013758e+00 1.172493e+00
-9.726354e-01 5.850862e+00
-1.017475e-01 6.511135e+00
-7.038498e+00 5.826577e+00
1.046649e+01 5.947788e+00
-4.393319e+00 5.302925e+00
-3.744837e+00 6.087124e+00
-7.790523e+00 6.544757e+00
5.148941e-02 7.607451e+00
-5.274648e+00 1.075725e+01
-6.621026e+00 -1.110422e+01
-6.248666e+00 -9.748233e+00
-3.182583e+00 1.062777e+01
-6.084933e+00 -3.415216e+00
-3.778244e+00 -4.117439e+00
-2.536114e+00 -7.702808e+00
-3.640808e+00 -9.133791e-01
-1.622001e+00 -1.283948e+00
-6.447968e-01 -6.400130e+00
-1.092734e+01 4.894821e+00
1.874016e+00 -3.652509e-01
-1.450529e+00 4.913064e+00
1.715382e-01 5.216454e-01
-5.569379e+00 -9.291885e-01
-2.979551e+00 9.479752e+00
-4.588691e+00 7.034395e+00
-8.645739e-01 3.001010e+00
-1.910148e+00 8.882748e+00
-5.052381e+00 9.394544e+00
-9.970413e-01 8.212537e+00
-3.639115e+00 -7.700690e+00
-6.393268e+00 2.203356e+00
-4.397414e+00 1.028843e+00
-1.345041e+00 -7.160538e+00
-6.672474e+00 -2.222622e+00
-4.841944e+00 -4.675212e-03
-1.440631e+00 -8.323671e+00
-9.757903e-01 -9.383530e+00
1.108942e+00 -3.133526e+00
-2.817651e+00 -5.574241e+00
-3.749898e+00 4.247494e+00
-1.080852e+01 3.573410e+00
-5.414822e+00 5.139707e+00
9.019537e-01 4.540321e+00
-5.797459e+00 -7.529676e+00
1.127505e+00 6.623050e+00
-2.404959e+00 5.543873e-01
-5.518771e-01 -7.893579e+00
-3.798045e+00 8.935366e+00
8.098012e-01 -8.202086e+00
-5.053071e+00 -9.094653e+00
-6.118891e+00 -8.627637e+00
-2.012341e+00 -9.261594e+00
1.549337e+00 -7.452243e+00
-7.742486e+00 -1.045840e+01
-3.356775e+00 -6.576063e+00
-7.477047e+00 2.774088e+00
-5.172960e+00 1.975913e+00
-2.619464e+00 -5.980511e-01
-1.000332e+01 4.135863e+00
-3.105640e+00 3.338128e+00
2.827323e+00 4.119092e+00
-9.855546e+00 6.570295e+00
-1.184425e+00 2.052443e+00
2.425028e+00 9.208715e+00
3.062942e+00 5.842693e+00
-8.799453e+00 -1.088129e+01
-5.484860e-02 9.821093e+00
2.088627e+00 -1.080068e+01
2.525312e+00 6.867146e+00
-4.466568e+00 -6.621681e+00
9.611206e-02 8.775517e+00
5.303953e+00 -9.478749e+00
-1.966416e+00 -1.023660e+01
4.398285e+00 -9.033050e+00
6.045012e+00 -4.855541e+00
-1.509484e+00 -2.825967e-01
7.262004e+00 -1.008213e+00
1.415628e+00 -1.594912e+00
2.272039e+00 4.949601e+00
-5.541730e+00 1.019124e+00
-1.466284e+00 3.792538e+00
-1.871663e+00 2.738826e+00
5.878780e-01 5.587697e+00
-1.961078e+00 7.787674e+00
2.748601e+00 1.043495e+01
-2.198412e+00 5.881213e+00
4.596428e-02 -1.004348e+01
-4.342679e+00 1.114589e+01
6.309683e+00 -9.499532e+00
-3.313981e+00 -9.765069e+00
2.697878e+00 -5.799963e+00
7.510158e-01 -6.227260e+00
1.963166e+00 -6.484776e+00
5.083957e-01 -2.255405e+00
3.574972e+00 -3.962127e+00
6.315333e+00 -6.676122e-01
-7.503274e+00 3.827148e+00
-3.994162e-01 -7.413873e-01
-2.182081e-01 1.473618e+00
-2.719413e-01 4.809755e+00
7.085962e-01 -5.646705e-01
4.350177e+00 5.780458e+00
1.341911e+00 2.538098e+00
1.173641e+00 7.796948e+00
9.264419e-01 -1.040975e+01
1.270875e+00 8.814934e+00
1.900085e+00 5.991225e+00
1.999293e+00 -9.673763e+00
-3.047362e+00 -1.073930e+01
-1.037051e+00 9.320823e+00
-2.891381e+00 -8.701617e+00
-9.589601e-01 -5.343057e+00
3.648511e+00 -7.873258e+00
3.719237e+00 -5.052008e+00
-2.196395e+00 1.640696e+00
-3.317503e+00 1.324030e+00
1.550412e+00 -4.308982e+00
2.474591e+00 -2.492182e+00
1.262924e-01 2.622731e+00
4.758540e+00 6.741777e+00
-6.434105e-02 3.844868e+00
-9.516782e-01 6.514979e-01
1.582965e+00 -5.542310e+00
1.617733e+00 9.842995e+00
6.455162e+00 8.361863e+00
9.533099e-01 -9.334591e+00
4.342075e+00 8.836542e+00
2.836039e+00 -8.770756e+00
-2.800435e-02 -8.800421e+00
-2.084715e+00 1.114412e+01
3.893246e+00 1.046038e+01
4.801946e+00 -4.863407e+00
8.021679e+00 -6.272889e+00
5.811158e+00 -6.013324e+00
2.495867e+00 -3.767727e+00
-1.952905e+00 -3.370812e+00
-1.037001e+00 -2.778952e+00
1.292649e+00 6.045868e-01
7.255986e+00 2.816594e-02
3.622145e+00 6.760522e+00
5.110454e+00 8.098382e+00
3.202213e+00 3.019956e+00
3.290389e+00 8.497475e+00
4.736220e+00 1.117222e+01
4.313099e+00 -1.024819e+01
5.619535e+00 -1.061742e+01
5.898789e+00 -8.364519e+00
9.401321e+00 -4.505223e+00
4.458927e+00 -6.159071e+00
1.451424e-01 -1.106563e+01
3.524891e+00 9.465279e+00
-1.781723e+00 -6.054138e+00
3.458559e+00 -9.602823e+00
5.250689e+00 -6.835499e+00
7.008103e+00 -4.116198e+00
5.464673e+00 -2.497505e+00
-7.036260e-01 -1.825857e+00
6.274705e+00 -1.769582e+00
2.042178e+00 3.419801e+00
4.323564e+00 3.194152e-01
9.410185e-01 3.482209e+00
2.945805e+00 1.895906e+00
6.893408e+00 1.058062e+01
3.505249e+00 -1.772591e+00
4.570114e+00 4.767583e+00
7.591796e+00 7.528033e+00
3.218256e+00 -1.094290e+01
6.933075e+00 -8.294405e+00
1.736515e+00 -8.560290e+00
4.737533e+00 -3.397028e+00
3.662843e+00 -6.827563e+00
9.860121e+00 -7.720578e+00
6.382434e+00 -7.250397e+00
6.918310e+00 -6.273454e+00
9.422629e+00 -5.584530e+00
-2.012197e+00 -4.921121e+00
-7.786046e-02 -3.307405e+00
3.233157e+00 -6.491998e-01
8.195849e+00 5.837433e-01
6.625586e+00 -1.049685e+01
5.771991e+00 7.021673e+00
-1.054482e+01 7.418725e+00
9.602381e+00 8.343962e+00
7.811312e+00 9.633863e+00
8.594892e+00 7.148044e+00
9.452444e-01 1.057139e+01
4.677970e+00 -8.025036e+00
7.422126e+00 -7.292882e+00
1.095364e+01 -1.010789e+01
7.868753e+00 -8.730988e+00
1.103249e+01 -8.063719e+00
-9.419293e+00 -5.649450e+00
-1.068750e+01 9.123691e+00
9.038076e+00 -8.412508e+00
4.474446e+00 -2.191654e+00
3.247483e-01 -7.166118e+00
5.425334e+00 3.575940e+00
5.155426e+00 9.841509e-01
4.312918e+00 3.067528e+00
1.851718e+00 1.503075e+00
3.507191e+00 4.975956e+00
6.424578e+00 9.540721e+00
4.120518e+00 7.812885e+00
8.929140e+00 9.263361e+00
7.572581e+00 8.587717e+00
8.356420e+00 -5.110584e+00
1.070700e+01 -9.058615e+00
-7.593921e+00 -6.129236e+00
8.886077e+00 -6.891741e+00
5.870564e+00 1.056094e+01
-8.015751e+00 -8.417843e+00
8.131802e+00 -5.128972e-01
-1.043188e+01 -6.016792e+00
5.715841e+00 -3.905747e+00
-2.083983e+00 -2.261669e+00
1.026582e+01 -3.776816e+00
2.511408e+00 4.645204e-01
2.439346e+00 -4.785673e+00
4.319783e+00 -6.947906e-01
7.554788e-01 1.698300e+00
1.068847e+01 6.971470e+00
1.100868e+01 8.052050e+00
7.349840e+00 -9.687823e+00
6.446857e+00 3.256625e+00
7.912013e+00 -1.055746e+01
1.029156e+01 -1.089597e+01
9.245228e+00 -1.078070e+01
7.273359e+00 -5.204732e+00
-1.055807e+01 -7.350419e+00
-1.105008e+01 1.113190e+01
-1.008652e+01 -4.456962e+00
8.238581e+00 -1.544293e+00
-9.652259e+00 -6.740018e+00
5.502392e-01 -4.147096e+00
-2.717111e+00 -4.254387e+00
8.628091e+00 -2.570323e+00
7.702022e+00 -3.028543e+00
3.520247e+00 -2.951935e+00
5.596263e+00 4.610316e+00
5.311495e+00 -2.370676e-01
5.446563e+00 9.083980e+00
2.179102e+00 8.132494e+00
6.152182e+00 4.723520e-01
8.174214e+00 6.084787e+00
-8.837355e+00 7.051258e+00
9.988956e+00 -6.616568e+00
-1.016655e+01 -8.332190e+00
4.795886e+00 9.967430e+00
8.518381e+00 1.043938e+01
-6.579237e+00 9.216797e+00
9.655681e+00 -9.333486e+00
-8.906216e+00 -1.680388e+00
-9.908722e+00 -1.121537e+00
1.103526e+01 -6.626346e+00
6.632454e+00 -3.199858e+00
9.277952e+00 -1.184358e+00
-1.080537e+01 -2.065710e+00
9.797138e+00 -2.454305e+00
8.180436e+00 4.348981e+00
4.075588e+00 1.917972e+00
3.553096e+00 1.013228e+00
9.674251e+00 1.028379e+01
-1.078586e+01 5.995177e+00
-8.482226e+00 9.525259e+00
8.551077e+00 8.155399e+00
-6.321959e+00 1.030137e+01
