-8.436298e+00 -9.538185e+00
1.115956e+01 9.885038e+00
-1.043326e+01 1.102907e+01
-9.103816e+00 -8.743581e+00
9.732686e+00 -5.039082e+00
-9.892754e+00 -5.773339e+00
1.086711e+01 -5.076013e+00
9.343173e+00 -2.431311e+00
6.731350e+00 -4.519799e+00
8.685630e+00 -1.015021e-01
5.909283e+00 5.207755e+00
9.868225e+00 6.127261e+00
1.027642e+01 -3.356769e-01
5.134274e+00 6.203534e+00
-8.965122e+00 9.417710e+00
9.202645e+00 4.791696e+00
-9.725892e+00 3.217227e+00
-5.316623e+00 7.591931e+00
1.004494e+01 9.526061e+00
-7.593196e+00 1.054463e+01
-1.002718e+01 -7.898841e+00
-5.174746e+00 -9.275334e+00
-1.050285e+01 -1.021710e+01
-1.097976e+01 -6.002852e+00
-1.108052e+01 -7.094378e+00
-1.068115e+01 -3.234944e+00
-7.753295e+00 -6.966761e-01
9.818778e+00 -4.017893e+00
8.253050e+00 -3.372637e+00
1.059793e+01 7.885395e-01
-1.097750e+01 -2.110448e+00
8.398804e+00 -1.193298e+00
-9.871733e+00 -6.576739e-01
1.049327e+01 2.930277e+00
7.352197e+00 1.650619e+00
5.732461e+00 8.346179e+00
-1.031549e+01 9.201965e+00
-5.817994e+00 9.697429e+00
-9.901769e+00 1.018970e+01
-1.081844e+01 6.919928e+00
-6.800720e+00 -7.736570e+00
-5.898464e+00 -8.397075e+00
9.879327e+00 -1.083168e+01
-6.956323e+00 -1.088904e+01
-9.788496e+00 -6.880381e+00
-6.717666e+00 -2.421818e-01
-9.211026e+00 -2.728732e+00
-7.419010e+00 -3.449152e+00
4.838512e+00 -1.763486e+00
-9.368382e+00 2.650626e-01
1.041357e+01 -2.915805e+00
-8.252802e+00 6.474679e-01
-1.109537e+01 -9.254867e-01
1.091151e+01 6.012451e+00
9.646874e+00 5.169501e-01
-6.708186e+00 6.576230e+00
-9.721762e+00 5.136645e+00
-2.267111e+00 5.246042e+00
-7.609195e+00 5.771247e+00
-5.969378e+00 5.832385e+00
-4.590271e+00 -1.024240e+01
-3.675681e+00 -9.714554e+00
-7.781603e+00 -8.306879e+00
-7.783820e+00 -7.063617e+00
-9.966590e+00 -1.763380e+00
-8.950337e+00 -5.233577e+00
-7.531417e+00 -6.058063e+00
-8.560448e+00 -3.514626e+00
6.349712e+00 -7.031772e+00
-7.233151e+00 6.513825e-01
-9.338521e+00 1.279392e+00
9.798567e+00 3.801713e+00
6.395789e+00 1.253712e+00
8.846919e+00 5.717300e+00
-1.083415e+01 5.017011e+00
8.314147e+00 2.101623e+00
-8.288642e+00 1.740594e+00
-4.301128e+00 7.260941e+00
-8.663687e+00 7.513348e+00
-7.845158e+00 9.547241e+00
-4.919117e+00 8.970510e+00
-8.241183e+00 -1.068999e+01
-6.241131e+00 -9.806014e+00
-4.483165e+00 -7.363944e+00
-8.812236e+00 -6.426063e+00
-1.046653e+01 -4.671097e+00
-6.407697e+00 -3.635742e+00
-6.891780e+00 -1.421000e+00
-1.103365e+01 -8.177488e+00
3.731308e-01 -5.519812e+00
-8.248688e+00 -4.480182e+00
-3.168368e+00 1.762712e+00
-7.172283e+00 1.927432e+00
-7.640931e+00 2.850639e+00
-1.015847e+01 2.212010e+00
8.819630e+00 1.172695e+00
-1.077036e+01 3.164528e+00
-8.783382e+00 1.043396e+01
-3.206688e+00 7.554212e+00
-4.364736e+00 1.110800e+01
-5.867443e+00 8.468888e+00
-2.724599e+00 -9.747384e+00
-5.575734e+00 -1.062892e+01
-4.664319e+00 -1.783062e+00
-2.485064e+00 -5.666995e+00
-7.625082e+00 -2.382772e+00
2.557746e+00 -1.875396e+00
-9.632243e+00 -3.820085e+00
-4.673901e+00 -5.002998e+00
-6.665034e+00 -2.502146e+00
-5.762284e+00 -7.078685e-01
-6.514489e+00 2.777926e+00
-8.611203e+00 5.352984e+00
-6.732229e+00 3.983839e+00
-9.074340e+00 4.297637e+00
-1.076779e+01 1.446440e-01
-7.717046e+00 6.811827e+00
-6.866790e+00 -8.840303e+00
-1.052746e+01 1.147969e+00
-8.859725e+00 6.391356e+00
-1.689898e+00 6.081356e+00
-6.729699e+00 5.096474e+00
-4.186387e-01 -8.706454e+00
-6.438807e+00 -6.259167e+00
-2.676507e+00 -4.585759e+00
-4.396172e+00 -2.854361e+00
-3.755299e+00 -1.234926e+00
-5.468890e+00 -5.782363e+00
-6.040599e+00 9.001364e-01
-5.307132e+00 2.402952e-01
-5.729737e+00 -1.782373e+00
-3.420516e+00 3.003584e+00
-5.233956e+00 2.709878e+00
1.109002e+01 1.990880e+00
-2.697693e+00 4.005487e+00
-3.599697e+00 5.990240e+00
-5.305850e+00 4.581323e+00
-9.644707e+00 7.041498e+00
-3.224852e+00 4.969486e+00
-4.365171e+00 4.990840e+00
-7.446163e+00 7.892967e+00
-1.829404e+00 8.823129e+00
-6.049845e+00 1.070288e+01
-3.517640e+00 -8.682235e+00
-3.255874e+00 -6.297129e+00
-3.510294e+00 -7.592633e+00
-5.505945e+00 -2.838694e+00
-6.186466e+00 -4.802770e+00
-1.551570e+00 -5.025621e+00
-2.594452e+00 -4.060395e-01
-4.436446e-01 2.560205e-01
-4.233634e-01 -4.702880e+00
-5.893239e+00 1.892360e+00
-1.444306e-01 3.124223e+00
-4.352372e+00 3.504698e+00
-2.043724e+00 1.235908e+00
-4.696163e+00 -5.291564e-01
-2.621987e+00 6.656186e+00
-6.342624e+00 7.600784e+00
-4.621344e-01 4.345001e+00
-4.850329e+00 1.011508e+01
-6.849077e+00 9.887979e+00
-3.983467e+00 9.472878e+00
-3.534731e+00 -5.152884e+00
-5.137963e+00 -3.965948e+00
-1.472125e+00 -1.056591e+00
7.260030e-01 -6.776806e+00
-7.248161e+00 -4.814584e+00
-1.682180e+00 -2.655199e+00
1.924149e+00 -6.820265e+00
2.806623e-01 -7.783056e+00
5.658788e-01 -2.307097e-01
-3.188814e+00 -2.377720e+00
-4.238366e+00 2.052798e+00
-9.132170e+00 2.375601e+00
-7.969281e+00 4.396863e+00
4.908625e-01 5.067175e+00
-2.457464e+00 -8.476792e+00
-2.014530e+00 7.646639e+00
-1.500832e+00 2.463957e-01
7.610187e-01 -8.700602e+00
-4.959971e+00 6.266443e+00
1.307849e+00 -7.714370e+00
-1.456770e+00 -9.156442e+00
-5.547330e+00 -7.050321e+00
-3.809040e+00 -3.815669e+00
2.687573e+00 -5.723662e+00
-4.535668e+00 -8.463089e+00
-1.536674e+00 -3.822477e+00
-4.991673e+00 1.274285e+00
-2.309973e+00 -1.685791e+00
-7.392237e-01 -3.057640e+00
-8.535906e+00 3.343135e+00
-4.102549e+00 8.545929e-01
3.994970e+00 4.258356e+00
-1.019853e+01 4.114937e+00
-1.365721e+00 3.228906e+00
-3.299422e-01 9.051299e+00
-1.049428e+00 5.251465e+00
-7.273021e+00 -9.754076e+00
-2.311977e+00 1.011437e+01
1.595087e+00 8.070656e+00
-1.046626e+00 8.192620e+00
-4.230472e+00 -5.917710e+00
-1.320182e+00 1.086281e+01
3.074370e+00 -9.138315e+00
-1.272289e+00 -7.921127e+00
4.019132e+00 -9.372889e+00
3.371001e+00 -7.043830e+00
-7.457787e-01 -1.872360e+00
6.100977e+00 -5.244411e-01
1.663718e+00 6.533977e-01
9.447271e-02 6.281139e+00
-3.662181e+00 -1.465127e-02
-1.681287e+00 4.235603e+00
-2.372263e+00 2.612815e+00
-1.075139e+00 6.911570e+00
-3.886192e+00 8.346917e+00
2.472676e+00 9.829060e+00
1.655694e+00 3.920908e+00
-3.384812e+00 1.048301e+01
-1.331458e+00 -1.019145e+01
5.641742e+00 -1.099064e+01
-2.580843e+00 -7.218512e+00
1.374189e+00 -5.887018e+00
9.120734e-01 -4.648141e+00
1.959879e+00 -4.852327e+00
5.019004e-01 9.770037e-01
3.278124e+00 -2.922146e+00
6.844445e+00 2.968069e-01
-5.790987e+00 3.557119e+00
4.537052e-01 2.026209e+00
1.284408e+00 2.913573e+00
2.499727e+00 2.399497e+00
6.903699e-01 3.904786e+00
4.110162e+00 5.840027e+00
3.042564e+00 6.248149e+00
-1.225577e+00 9.743242e+00
-2.820521e-01 1.025888e+01
8.308861e-01 7.062470e+00
-1.781251e-01 7.433495e+00
1.563628e+00 9.226255e+00
-5.865609e-01 -1.079593e+01
-2.901819e+00 8.652061e+00
-7.382911e-01 -5.780912e+00
-1.536316e+00 -6.595688e+00
3.485567e+00 -8.145153e+00
3.148038e+00 -4.412584e+00
-5.607115e-01 1.366386e+00
-2.917064e+00 6.796968e-01
3.861146e+00 -6.040624e-01
4.473201e+00 1.599900e+00
1.413334e+00 1.651374e+00
7.809704e+00 7.528727e+00
1.113821e+00 5.903469e+00
-1.294281e+00 2.248117e+00
2.798467e+00 1.771947e-01
6.243859e-01 9.526766e+00
4.746003e+00 7.865140e+00
4.559102e-01 1.117948e+01
2.993210e+00 7.276679e+00
1.833442e+00 -9.128160e+00
-2.084266e-01 -9.747408e+00
-3.252857e+00 -1.085067e+01
5.020418e+00 1.025636e+01
4.967427e+00 -3.565435e+00
4.331324e+00 -6.314898e+00
3.722476e+00 -5.412049e+00
2.841482e+00 -8.248480e-01
-2.490432e+00 -3.382227e+00
-4.007413e-01 -7.616804e-01
2.634972e+00 1.355200e+00
7.262298e+00 -1.521292e+00
4.941153e+00 3.758541e+00
3.347632e+00 9.175570e+00
2.826434e+00 4.122915e+00
1.887815e+00 6.667007e+00
4.513680e+00 9.018890e+00
2.210862e+00 1.106373e+01
3.193590e+00 1.072706e+01
4.415267e+00 1.102999e+01
7.844500e+00 -4.436517e+00
4.871708e+00 -5.234032e+00
-2.177647e+00 -1.083935e+01
5.568299e-01 8.375242e+00
-5.644938e-01 -7.047402e+00
2.558351e+00 -1.014440e+01
4.613395e+00 -7.338176e+00
6.052087e+00 -5.456534e+00
4.309580e+00 -2.635040e+00
3.467074e-01 -1.458441e+00
5.025943e+00 -6.835760e-01
3.231475e+00 5.055660e+00
6.815048e+00 2.643202e+00
2.180014e+00 5.302933e+00
4.487962e+00 2.675850e+00
6.735430e+00 -1.093562e+01
5.487462e+00 2.040198e+00
6.541112e+00 6.400953e+00
6.923945e+00 9.028137e+00
4.015288e+00 9.998635e+00
7.502712e+00 -9.729813e+00
1.381926e+00 -1.025117e+01
3.962662e+00 -3.883129e+00
2.538954e+00 -7.916739e+00
8.978137e+00 -6.945947e+00
4.688331e+00 -8.427629e+00
5.757246e+00 -7.823170e+00
5.374164e+00 -6.569606e+00
1.566660e+00 -2.908846e+00
1.551906e+00 -7.001373e-01
5.450486e+00 6.080595e-01
7.698825e+00 -4.117284e-01
5.679693e+00 9.441188e+00
5.892420e+00 7.213385e+00
8.927248e+00 7.934185e+00
6.787205e+00 7.985195e+00
8.927166e+00 8.941513e+00
8.602125e+00 6.926527e+00
1.452129e+00 1.033284e+01
3.571116e+00 -1.053999e+01
4.685235e+00 -1.027814e+01
9.345076e+00 -9.032586e+00
7.944816e+00 -1.063661e+01
8.843087e+00 -1.008752e+01
9.291596e+00 -5.972454e+00
9.923127e+00 -9.830325e+00
8.173582e+00 -7.852809e+00
5.578536e+00 -2.624005e+00
1.531272e-02 -3.754290e+00
7.751660e+00 6.282207e+00
6.074730e+00 4.098373e+00
8.671790e+00 3.878006e+00
3.431175e+00 3.306282e+00
5.882601e+00 3.074658e+00
3.779390e+00 8.059098e+00
4.810268e+00 5.118167e+00
1.092027e+01 -1.066691e+01
7.894891e+00 8.568451e+00
6.925795e+00 -7.868273e+00
1.097025e+01 -9.503221e+00
-1.026072e+01 -9.106542e+00
5.370858e+00 -9.315117e+00
6.269567e+00 -9.947197e+00
-8.832171e+00 -7.569688e+00
5.976241e+00 -1.583587e+00
1.016585e+01 -7.294542e+00
5.618379e+00 -4.482310e+00
1.441067e+00 -1.912082e+00
7.939774e+00 -5.587666e+00
3.667824e+00 9.257219e-01
3.752774e+00 -1.793378e+00
9.743981e+00 1.702849e+00
3.511429e+00 2.054457e+00
9.847796e+00 8.391426e+00
1.082891e+01 7.610436e+00
6.821566e+00 1.012291e+01
9.888994e+00 7.271674e+00
7.828742e+00 1.069225e+01
8.764639e+00 1.108996e+01
8.363859e+00 -8.879023e+00
8.734599e+00 -4.984618e+00
1.029963e+01 -8.371038e+00
-9.360085e+00 -1.101432e+01
1.035219e+01 -6.174750e+00
8.285951e+00 -2.371889e+00
7.581316e+00 -6.936494e+00
2.194150e+00 -3.780823e+00
5.287185e-01 -2.492844e+00
6.186928e+00 -3.559970e+00
7.271855e+00 -3.413380e+00
4.479225e+00 2.297109e-01
8.121927e+00 4.962830e+00
7.922680e+00 3.130149e+00
2.627058e+00 8.422738e+00
4.287582e+00 6.899072e+00
9.072085e+00 2.877334e+00
1.030249e+01 5.111045e+00
-1.055949e+01 8.195824e+00
6.530495e+00 -8.851798e+00
-9.309642e+00 -9.933553e+00
7.794159e+00 9.638916e+00
9.020794e+00 1.005677e+01
-8.351991e+00 8.596180e+00
9.347046e+00 -7.972824e+00
-8.478016e+00 -1.442994e+00
1.097501e+01 -4.029333e+00
6.983179e+00 -5.919348e+00
6.822354e+00 -2.436204e+00
7.827562e+00 5.778917e-01
9.457901e+00 -1.166844e+00
1.027616e+01 -1.893280e+00
-1.006393e+01 6.085682e+00
7.302991e+00 3.912645e+00
6.899365e+00 5.053870e+00
1.088940e+01 8.734038e+00
1.093714e+01 4.153925e+00
-9.444754e+00 8.335156e+00
1.043990e+01 1.066783e+01
-6.938897e+00 8.772655e+00
