-1.095703e+01 -9.275922e+00
-8.911826e+00 9.387161e+00
-1.056420e+01 1.094733e+01
-7.388093e+00 -7.453693e+00
-1.075102e+01 -6.442619e-01
-1.002419e+01 -1.522625e+00
-7.824471e+00 -1.390871e+00
1.086100e+01 1.624166e+00
5.952636e+00 -4.199379e+00
9.874203e+00 1.225558e+00
3.411438e+00 4.761348e+00
1.003716e+01 2.328548e+00
1.013352e+01 3.467956e+00
6.689395e+00 5.354860e+00
-6.997330e+00 8.570097e+00
7.848005e+00 2.549447e+00
-8.946376e+00 4.258202e+00
-5.113555e+00 8.044886e+00
8.030723e+00 -9.295623e+00
-8.890809e+00 1.059075e+01
-8.357798e+00 -4.629332e+00
-8.537163e+00 -6.681197e+00
1.070450e+01 -5.343144e+00
-8.083520e+00 -2.462875e+00
-8.760761e+00 -3.433430e+00
-1.045840e+01 1.585347e+00
-5.543932e+00 -1.489048e+00
9.705956e+00 -2.013186e+00
6.037381e+00 -3.111303e+00
1.047663e+01 4.648653e+00
-9.801316e+00 2.687448e+00
7.578825e+00 -1.620575e+00
-8.929729e+00 3.680684e-01
8.967620e+00 1.985521e+00
4.045516e+00 5.629132e-01
9.481782e+00 7.347017e+00
-9.535012e+00 -1.098287e+01
-6.178834e+00 7.395140e+00
1.106682e+01 -1.070547e+01
-8.864824e+00 6.360690e+00
-5.331430e+00 -8.325413e+00
-9.380208e+00 -7.310548e+00
-1.097180e+01 9.922123e+00
-9.882790e+00 1.008159e+01
-6.111045e+00 -6.078938e+00
-6.736588e+00 -1.117993e+00
-9.463261e+00 1.333071e+00
-8.607915e+00 -6.555087e-01
8.624376e+00 6.113329e-01
-8.927424e+00 3.191646e+00
8.566031e+00 -1.840826e+00
-6.841150e+00 5.751945e-01
9.516840e+00 6.219609e-02
9.724845e+00 5.426187e+00
3.771247e+00 2.202855e+00
-4.595975e+00 6.042061e+00
1.017162e+01 9.650425e+00
-2.825478e+00 5.310589e+00
-6.297717e+00 4.784958e+00
-1.781421e+00 8.334048e+00
-1.083728e+01 -6.150802e+00
2.790061e-01 1.059661e+01
-8.363098e+00 -7.781712e+00
-4.578013e+00 -7.676967e+00
-7.393447e+00 -2.142135e-01
-9.009633e+00 -1.852682e+00
-7.165052e+00 -5.096621e+00
-6.624447e+00 -3.447745e+00
8.830838e+00 -2.863274e+00
-6.474320e+00 -2.207949e+00
-7.145935e+00 5.438660e+00
6.362564e+00 8.180265e-01
2.619687e+00 -2.226066e+00
8.151023e+00 5.817095e+00
1.071155e+01 7.574423e+00
2.395879e+00 2.027182e+00
-6.433782e+00 2.556397e+00
-4.411316e+00 7.263437e+00
-7.678407e+00 6.516458e+00
-9.641521e+00 -9.446475e+00
-1.809854e+00 1.034270e+01
-8.168666e+00 -1.096987e+01
-3.837937e+00 1.008236e+01
-7.537729e+00 -8.511103e+00
-9.504938e+00 -4.190188e+00
1.077817e+01 -2.502966e+00
-5.191765e+00 -5.607999e+00
-7.963102e+00 7.580341e-01
-9.313295e+00 -5.304335e+00
3.809673e+00 -8.325728e+00
-6.448437e+00 -7.085795e+00
-4.846023e+00 1.786272e-01
-7.842023e+00 3.915343e+00
-6.554207e+00 6.300845e+00
9.135890e+00 6.261971e+00
6.014404e+00 -1.102453e-01
8.260629e+00 3.875933e+00
-9.729833e+00 -6.297395e+00
6.424662e-02 6.430666e+00
-9.981830e+00 -8.449014e+00
-7.759808e+00 9.585294e+00
3.175614e-01 -1.073565e+01
-4.823583e+00 -1.069430e+01
-5.464401e+00 -3.785853e+00
-4.198256e+00 -9.820644e+00
1.105874e+01 -1.525568e+00
-1.601826e+00 -6.594854e+00
1.115473e+01 5.519986e-01
-5.288590e+00 -9.407339e+00
-4.396071e+00 -3.287383e+00
-4.465750e+00 1.185962e+00
-5.007869e+00 2.386061e+00
-5.809578e+00 3.346846e+00
-2.803956e+00 2.425287e+00
1.015866e+01 6.458881e+00
1.115316e+01 3.701093e+00
-5.395978e+00 6.742901e+00
-1.037964e+01 9.047493e+00
1.091879e+01 5.615758e+00
-9.404289e+00 5.385193e+00
-2.053596e+00 6.143192e+00
-2.272148e+00 7.314966e+00
-3.725878e+00 -1.111647e+01
-5.333139e+00 -7.058565e+00
7.201557e-01 -7.336484e+00
-3.334192e+00 -5.051642e+00
-3.470263e+00 -3.685992e+00
-1.974247e+00 -4.220366e+00
-5.785191e+00 1.560472e+00
-4.378955e+00 3.868152e+00
-3.480512e+00 -2.600211e+00
-3.733969e+00 -2.400554e-01
-8.312598e+00 2.000116e+00
-1.105422e+01 2.493141e+00
-2.114021e+00 4.518054e+00
2.242098e+00 7.609205e+00
-5.426711e+00 5.363066e+00
-1.110319e+01 6.667047e+00
-4.015587e+00 4.903778e+00
-3.093019e+00 6.451871e+00
-7.333459e+00 7.553457e+00
3.667891e-01 7.546314e+00
-4.698217e+00 9.229337e+00
-7.356069e+00 1.061882e+01
-7.025494e+00 -1.060375e+01
-4.961988e+00 1.045211e+01
-5.983649e+00 -4.794249e+00
-4.395510e+00 -4.427692e+00
-4.187327e+00 -8.665396e+00
-2.264916e+00 -1.806271e+00
-1.442661e+00 -8.945066e-01
-3.860595e-01 -6.666294e+00
-1.074943e+01 4.581149e+00
3.262245e-01 -1.791944e+00
-1.793783e+00 2.513910e+00
-4.675036e-01 2.652419e-01
-5.571356e+00 -2.791077e+00
-2.864185e+00 8.525404e+00
-3.419304e+00 7.525138e+00
-2.345093e+00 2.913456e-01
-7.916177e-01 8.862862e+00
-5.699228e+00 9.644855e+00
-6.964534e-01 7.787570e+00
-3.280239e+00 -8.271820e+00
-5.731293e+00 5.268866e-01
-4.683490e+00 -2.140271e+00
-3.174263e+00 -9.311892e+00
-7.713635e+00 -3.597650e+00
-2.553962e+00 -3.127595e+00
-1.888379e+00 -9.926143e+00
-6.005121e-01 -1.019804e+01
1.824264e+00 -4.507671e+00
-2.685359e+00 -5.986688e+00
-3.105772e+00 4.318738e+00
-1.002758e+01 3.791413e+00
-5.382725e+00 4.253109e+00
7.742683e-02 5.138733e+00
-6.394447e+00 -8.315654e+00
1.282406e+00 8.037062e+00
-3.473249e+00 -1.387456e+00
-1.200221e+00 -9.060804e+00
-4.080054e+00 8.380282e+00
7.354728e-01 -8.537574e+00
-5.843591e+00 -1.024620e+01
-6.727131e+00 -9.314396e+00
-1.912992e+00 -1.092617e+01
-2.747232e-01 -7.698642e+00
-7.738321e+00 -9.634248e+00
-3.461009e+00 -6.850707e+00
-7.493445e+00 2.581555e+00
-7.117146e+00 1.620126e+00
-1.648853e+00 -2.678528e+00
-8.278716e+00 5.388811e+00
-3.675022e+00 3.080497e+00
2.627774e+00 3.997270e+00
-1.004749e+01 6.600468e+00
-1.213996e+00 1.714044e+00
4.005846e+00 8.904266e+00
3.210378e+00 5.732008e+00
-8.561367e+00 -8.886991e+00
3.139435e+00 9.575292e+00
3.073513e+00 -1.083777e+01
4.236724e+00 6.612774e+00
-4.036685e+00 -5.990199e+00
2.297655e-01 8.647414e+00
8.119224e+00 9.467500e+00
-8.262796e-01 1.106523e+01
2.472040e+00 -9.902624e+00
6.102277e+00 -5.226303e+00
-2.636290e+00 -7.395990e-01
4.858645e+00 -1.847197e-01
1.372565e+00 -2.464890e+00
9.487518e-01 5.876363e+00
-5.648862e+00 -4.624301e-01
-1.466341e+00 3.553684e+00
-2.371415e+00 1.352304e+00
1.265193e+00 6.883353e+00
-1.261171e+00 6.827543e+00
5.012207e+00 9.002338e+00
-2.572759e+00 3.416760e+00
4.135690e-01 -9.696549e+00
-6.036023e+00 1.099414e+01
4.912834e+00 -9.132774e+00
-2.896805e+00 1.057322e+01
2.903930e+00 -6.356822e+00
7.879137e-01 -6.117012e+00
2.856587e+00 -8.770536e+00
-2.649403e-02 -4.249575e+00
4.243518e+00 -5.469190e+00
5.208420e+00 7.255615e-01
-6.760354e+00 3.740929e+00
-1.387470e+00 7.050080e-01
-1.742113e-01 1.671187e+00
-8.905352e-01 5.761774e+00
-3.648602e-01 -9.668509e-01
6.190402e+00 3.243862e+00
1.054063e+00 3.743069e+00
1.034749e+00 9.402314e+00
2.570046e+00 1.047465e+01
2.278215e+00 8.952023e+00
2.127239e+00 6.244535e+00
1.353337e+00 -1.023004e+01
-1.790859e+00 9.322188e+00
-8.506851e-02 9.667347e+00
-2.994964e+00 -1.032165e+01
-2.755221e-01 -5.624446e+00
5.153472e+00 -1.017707e+01
4.376255e+00 -6.619172e+00
-3.765193e+00 1.900503e+00
-4.613614e+00 -8.746634e-01
1.685959e+00 -6.696225e+00
1.126982e+00 -3.572777e+00
-6.192734e-01 2.958056e+00
5.590777e+00 5.185221e+00
-1.104304e+00 4.660379e+00
-3.330300e+00 7.579181e-01
2.536357e+00 -7.655677e+00
3.994039e+00 -1.036328e+01
8.695685e+00 8.530322e+00
1.952538e+00 -1.103176e+01
6.024035e+00 6.277072e+00
1.639438e+00 -9.109143e+00
-2.647032e-01 -8.741273e+00
-2.959134e+00 9.546710e+00
6.003961e+00 8.429875e+00
5.046620e+00 -4.680414e+00
8.545759e+00 -5.983546e+00
5.207876e+00 -5.816223e+00
2.334642e+00 -3.248846e+00
-1.056084e+00 -4.639784e+00
-8.226661e-01 -3.541792e+00
1.892797e+00 1.018206e+00
7.444491e+00 6.699676e-01
2.323733e+00 5.080389e+00
4.877823e+00 5.880315e+00
3.970568e+00 3.744543e+00
5.823411e+00 7.331041e+00
5.178578e+00 1.002035e+01
6.224211e+00 1.078486e+01
7.087601e+00 1.019969e+01
6.510224e+00 -7.274774e+00
6.964287e+00 -3.668743e+00
5.475501e+00 -7.075287e+00
1.386630e+00 1.035002e+01
5.005396e+00 7.988702e+00
-2.309777e+00 -8.730045e+00
3.911053e+00 -9.338428e+00
4.585688e+00 -7.686180e+00
4.150300e+00 -2.348820e+00
3.536900e+00 -3.280445e+00
1.970385e-01 -2.943801e+00
3.445291e+00 -1.478715e+00
1.306808e+00 4.840993e+00
1.965111e+00 3.039342e+00
-1.219059e-01 3.992126e+00
9.899908e-01 1.723735e+00
8.380514e+00 1.056288e+01
2.381188e+00 -9.488988e-01
5.181385e+00 3.949068e+00
8.289125e+00 7.002489e+00
4.679035e+00 1.090376e+01
7.037287e+00 -8.471420e+00
1.533553e+00 -7.960673e+00
4.023122e+00 -4.350085e+00
3.507811e+00 -7.260733e+00
9.706307e+00 -5.433980e+00
5.691006e+00 -8.311065e+00
6.404753e+00 -6.152406e+00
7.782202e+00 -2.833795e+00
-2.305226e+00 -7.548873e+00
7.806410e-01 -5.118321e+00
1.478493e+00 -1.430488e+00
9.027272e+00 3.005306e+00
7.490022e+00 -1.115270e+01
6.165627e+00 4.282836e+00
-9.483955e+00 8.145236e+00
1.074026e+01 1.072525e+01
8.549361e+00 -1.055224e+01
9.807456e+00 8.643243e+00
3.719312e+00 1.052007e+01
6.332460e+00 -9.334987e+00
7.433580e+00 -6.762539e+00
9.788604e+00 -7.484940e+00
6.277365e+00 -1.048512e+01
-1.052251e+01 -7.365822e+00
-1.059934e+01 -5.097846e+00
-8.756140e+00 7.348594e+00
8.756476e+00 -7.260895e+00
3.634287e+00 -4.694197e-01
-1.294756e+00 -8.001711e+00
7.382331e+00 3.399462e+00
3.159490e+00 1.281803e+00
4.706190e+00 2.994715e+00
4.409919e-01 8.205848e-01
4.566081e+00 4.802194e+00
6.709401e+00 9.278562e+00
2.998377e+00 6.873222e+00
9.912379e+00 -1.069021e+01
9.148753e+00 9.508040e+00
8.188975e+00 -3.805650e+00
1.073775e+01 -8.073618e+00
-8.205145e+00 -5.717786e+00
8.425934e+00 -4.862608e+00
7.809416e+00 7.977857e+00
-7.292723e+00 -6.376040e+00
8.060510e+00 1.527254e+00
9.887460e+00 -3.162753e+00
4.963876e+00 -3.556847e+00
-7.968965e-01 -1.926606e+00
6.886120e+00 -2.406666e+00
7.486978e-01 -5.234014e-01
2.853770e+00 -5.355991e+00
2.822971e+00 1.451666e-01
5.182458e-01 2.726540e+00
-1.054139e+01 7.698069e+00
1.104478e+01 8.814980e+00
7.214285e+00 -9.939118e+00
6.959379e+00 2.027299e+00
9.264476e+00 -9.831715e+00
1.012444e+01 -8.902048e+00
8.120029e+00 -8.115321e+00
7.547033e+00 -5.717057e+00
1.113026e+01 -4.176536e+00
-1.030277e+01 -1.038403e+01
-1.057249e+01 -2.450019e+00
7.057356e+00 -3.455681e-01
-1.034954e+01 -3.497432e+00
1.884029e+00 -5.642443e+00
-1.905191e+00 -5.280348e+00
5.919979e+00 -1.206168e+00
5.309483e+00 -2.224076e+00
2.959870e+00 -4.273249e+00
7.386713e+00 4.496516e+00
4.522040e+00 1.549553e+00
7.038182e+00 6.678624e+00
3.819839e+00 7.724062e+00
5.540211e+00 1.944406e+00
8.480454e+00 4.918095e+00
-8.056500e+00 8.402320e+00
7.089771e+00 -4.718046e+00
1.056878e+01 -6.873815e+00
6.798357e+00 7.779145e+00
8.995993e+00 -8.777175e+00
-5.961187e+00 8.445956e+00
9.557152e+00 -6.515189e+00
-9.670343e+00 -5.360201e-01
-1.017196e+01 5.170619e-01
1.004169e+01 -4.304498e+00
4.572828e+00 -1.199014e+00
1.053758e+01 -2.769466e-01
9.511620e+00 -9.403212e-01
8.141301e+00 -7.351378e-01
9.259575e+00 4.201268e+00
3.053107e+00 3.089876e+00
1.651144e+00 3.947299e-02
1.048911e+01 -9.836503e+00
-1.044229e+01 5.611038e+00
-8.761966e+00 -1.005857e+01
9.485577e+00 1.059531e+01
-6.680577e+00 9.581940e+00
