9.324435e+00 1.092600e+01
-6.604955e+00 9.135653e+00
9.686994e+00 6.961722e+00
-2.643648e-01 -9.056130e-01
-3.907373e+00 5.594451e+00
1.074406e+01 1.057133e+01
7.940513e+00 3.063481e-01
7.165732e+00 3.116735e+00
8.237483e+00 -1.748989e+00
9.407877e+00 -9.917369e-01
-4.760223e+00 8.418220e+00
9.727158e+00 5.600956e+00
-6.381879e+00 -5.005851e+00
5.661322e+00 4.950881e+00
-6.253272e+00 3.083604e+00
3.763603e+00 9.957504e+00
-5.280789e+00 -4.791390e+00
1.013991e+01 -8.201880e+00
8.796361e+00 1.007990e+01
-1.073281e+01 6.549215e+00
4.221563e+00 -6.053222e+00
7.507649e+00 -5.671117e+00
1.134826e+00 -5.047534e+00
7.539554e-01 -5.790775e-01
7.000743e+00 8.237838e-01
9.707607e+00 4.436742e+00
-4.364706e+00 -7.753836e-01
-5.381410e+00 9.467867e+00
1.096415e+01 -2.976886e+00
-7.426013e+00 5.675168e+00
8.884433e-01 -6.398014e+00
4.716227e+00 3.307882e+00
-8.073914e+00 -2.680303e+00
-1.077918e+01 -4.548156e+00
-2.331069e+00 4.204538e+00
-5.448937e+00 -8.916959e+00
-9.317395e+00 -8.887727e+00
8.856304e+00 6.318469e+00
-9.990553e+00 -7.988431e+00
-9.526635e+00 3.624396e+00
6.590693e+00 9.701961e+00
9.156879e+00 5.360705e-02
9.938181e+00 9.895554e+00
8.232769e+00 3.065995e+00
-9.085967e+00 -5.747793e+00
8.337590e+00 -1.112856e+01
-2.652367e+00 -4.832628e+00
-5.559364e+00 -6.020347e+00
7.996241e+00 -4.601248e+00
1.010638e+01 -4.928347e+00
4.402867e+00 -2.927037e+00
2.540842e+00 4.039966e+00
-9.666762e+00 -9.422851e-01
-9.867699e+00 2.123869e+00
-7.729279e+00 -5.096473e-01
-6.646173e+00 -9.821349e-01
-3.329462e-01 7.378521e+00
-2.537944e+00 -1.530055e-01
-9.583702e+00 4.687819e+00
-2.734222e+00 5.920018e+00
1.255894e+00 -7.314712e+00
6.774007e+00 -9.102385e+00
6.277459e+00 -1.034300e+01
6.353742e-01 1.058329e+01
-5.760883e+00 -2.496652e-01
2.009548e+00 -6.255464e+00
8.539607e+00 -3.622739e+00
-3.252563e+00 2.292681e+00
-8.835102e+00 1.031473e+01
5.458181e+00 -4.673598e+00
2.429636e+00 -8.420483e+00
-8.485164e+00 1.818411e+00
-1.727642e+00 5.452221e+00
7.035157e-01 7.281812e+00
-3.780303e+00 6.775861e+00
3.326709e+00 9.016733e+00
-8.909017e+00 -4.496687e+00
-1.115889e+00 2.248248e+00
7.889836e+00 -2.884793e+00
-1.006412e+01 -5.573639e+00
2.312820e+00 -7.295367e+00
-7.918662e+00 -5.777078e+00
2.807767e+00 1.100589e+01
-2.322701e+00 -1.086935e+01
3.180604e+00 -6.392448e+00
2.519681e+00 1.949843e+00
7.073787e+00 8.744018e+00
-1.063911e+01 4.372622e+00
-2.251458e+00 -3.285897e+00
2.939748e+00 -4.147823e+00
-6.885326e-01 1.022325e+00
1.179993e+00 -2.946676e+00
3.164271e+00 2.906439e+00
3.712742e+00 6.263742e+00
8.636482e+00 5.125959e+00
2.714361e+00 -1.390356e+00
2.435313e+00 -9.469994e+00
-1.001841e+00 4.388960e+00
-9.290490e+00 9.930670e-01
-8.734629e+00 -7.783837e+00
4.724730e+00 4.405161e+00
1.720577e+00 1.044971e+01
-1.072108e+01 -6.454303e+00
9.398982e+00 -1.043876e+01
-3.717696e+00 -7.034948e+00
-5.766819e+00 7.216368e+00
-1.314393e+00 -1.091236e+01
1.070965e+01 5.102264e+00
-5.291043e+00 -1.417568e+00
-8.621588e+00 -6.651481e+00
-9.048297e+00 -3.140276e+00
-9.505890e+00 -2.128507e+00
6.689815e+00 -2.836089e+00
5.832954e+00 8.988677e+00
-1.084428e+01 8.661902e+00
-1.077539e+01 1.106381e+01
-3.006990e+00 1.109219e+00
-4.642178e+00 -1.083339e+01
7.828700e+00 1.721682e+00
-8.893029e+00 9.180764e+00
8.510648e-01 4.778029e+00
2.499418e+00 9.712941e+00
-8.686436e+00 7.748719e+00
-7.746750e+00 8.462660e+00
3.340709e+00 -2.979200e+00
1.021833e+01 -1.994588e+00
-6.204225e+00 -6.825123e+00
-9.329256e+00 -1.107155e+01
-1.784107e-01 2.074046e+00
1.062794e+01 -6.589420e+00
6.655346e+00 -4.588816e+00
-7.664415e+00 1.048624e+01
-9.945172e+00 9.436814e+00
1.028101e+01 -1.949930e-01
-1.388733e+00 -4.794194e+00
3.224382e+00 -1.017806e+01
-3.327115e+00 -9.082107e-01
-1.099518e+01 2.249349e+00
2.802134e+00 6.725794e+00
-1.528032e+00 3.523988e+00
-4.769243e+00 7.322872e+00
-9.301400e-01 -5.811301e+00
1.039465e+01 8.695160e+00
-8.086010e+00 7.044323e-01
9.759322e+00 -3.253866e+00
-7.107179e+00 4.645979e+00
-7.301591e+00 2.527712e+00
-2.921476e+00 -9.767726e+00
6.385953e+00 1.679598e+00
-5.809812e+00 -3.735096e+00
2.652093e+00 7.129915e-01
-1.034079e+01 -2.850789e+00
-5.095974e+00 5.901614e+00
-4.051698e+00 -9.879712e+00
3.583531e+00 3.841216e+00
7.919863e+00 9.474421e+00
-5.887868e+00 -1.093920e+01
-5.332383e+00 1.052819e+01
-9.759775e+00 6.744472e+00
2.095286e+00 2.827906e+00
3.504912e+00 1.221932e+00
-6.972363e+00 2.148483e-01
-2.010523e+00 -5.917467e+00
-4.591063e+00 -3.896606e+00
7.742132e+00 4.097024e+00
7.069490e+00 -3.116188e-01
-2.328549e+00 -1.733065e+00
9.651449e+00 -5.882891e+00
4.829066e+00 9.033324e+00
-7.343017e+00 3.529591e+00
-5.240231e+00 1.673389e+00
-7.444506e-01 -7.821519e+00
2.672379e-01 9.532783e+00
7.368955e+00 5.189069e+00
4.029033e+00 7.728214e+00
-6.867336e+00 -3.873336e+00
-1.048672e+01 1.207439e+00
5.798243e-01 -8.141990e+00
1.922449e-01 -9.730931e+00
-5.880110e-01 -1.968936e+00
-1.748702e+00 1.053419e+01
3.612786e+00 -1.950161e+00
-3.609570e+00 -1.079545e+01
-5.009505e+00 4.901239e+00
2.736962e+00 7.815349e+00
-8.458391e+00 6.563867e+00
-2.683738e+00 -6.935610e+00
-3.266439e+00 -5.928333e+00
-5.778043e+00 8.530951e+00
-2.051499e+00 1.667084e+00
1.094342e+01 -9.597972e-01
-4.114646e+00 -2.931750e+00
5.140051e+00 7.946685e+00
-3.905706e+00 4.048519e+00
-3.711738e+00 3.760436e-01
-1.002726e+01 -1.028199e+01
4.421717e-01 3.799379e+00
1.492986e+00 1.643462e+00
-3.228701e+00 3.334297e+00
3.564111e+00 -7.563564e+00
8.930480e+00 -2.461680e+00
-3.916269e-02 -7.118509e+00
5.899328e+00 -6.784932e+00
4.367849e+00 -4.834469e+00
-4.871876e+00 2.231277e-01
-1.105657e+01 2.217050e-01
5.723440e+00 -1.722559e+00
-5.782452e+00 -7.925537e+00
4.272242e+00 -1.034030e+01
-8.495302e+00 -1.273102e+00
4.274029e-01 -3.812711e+00
-4.458925e-01 -4.392311e+00
-8.373490e-01 -9.971363e+00
1.679204e+00 6.748534e+00
2.331326e+00 -3.269849e+00
4.796365e+00 -4.636296e-01
8.138249e+00 -6.426673e+00
-1.060300e+01 3.168648e+00
1.994646e+00 -1.044167e+01
6.154735e+00 7.924773e+00
3.893310e+00 -3.833495e+00
-5.596755e+00 -9.978471e+00
-7.733708e+00 7.465081e+00
-5.175153e+00 2.741708e+00
-2.188308e+00 2.697902e+00
-4.051608e+00 1.367784e+00
-4.160607e+00 -4.884643e+00
-9.931615e+00 1.045681e+01
-3.262916e+00 -3.808958e+00
4.523355e+00 -9.287986e+00
-7.468058e+00 -1.842967e+00
9.802408e+00 9.489648e-01
-2.440919e+00 8.274350e+00
-4.178487e+00 2.832097e+00
5.133846e+00 2.254508e+00
-1.070475e+01 5.484761e+00
5.125033e+00 1.106099e+01
-3.810341e+00 1.032458e+01
1.484504e+00 -1.435882e+00
-2.469126e+00 -8.789266e+00
-7.917718e-02 5.204009e+00
-3.905258e+00 -8.896090e+00
-5.586476e-01 6.210496e+00
6.112398e+00 1.084205e+01
-1.362579e+00 -7.309425e-01
6.113238e+00 2.824746e+00
6.919695e+00 -6.655349e+00
-8.279130e+00 4.194486e+00
3.478980e+00 -4.182846e-01
8.720227e+00 -5.405383e+00
5.837491e-01 1.145388e+00
-2.074377e+00 -7.813719e+00
1.416388e+00 -8.717322e+00
4.732571e+00 -7.117719e+00
1.956835e-02 -2.854201e+00
-1.487727e+00 7.768396e+00
-1.075817e+00 -3.418940e+00
7.935548e+00 -8.610593e+00
5.387870e+00 1.243773e+00
7.308143e+00 -3.707608e+00
-5.089381e+00 -7.197184e+00
7.556046e+00 1.042070e+01
-5.211993e+00 -2.583777e+00
-3.184725e+00 -7.958613e+00
5.455425e+00 6.033203e+00
6.261590e-03 2.485602e-01
9.152843e+00 9.132020e+00
6.938405e+00 -1.326560e+00
7.581401e+00 -9.933241e+00
5.159274e+00 -3.714771e+00
-4.399182e+00 -6.027453e+00
8.735992e+00 1.112441e+00
1.719725e+00 -4.131263e+00
-1.901395e+00 -9.643239e+00
5.515288e+00 -7.763349e+00
5.294247e+00 1.003213e+01
7.751358e+00 6.211252e+00
-5.120094e-01 8.485974e+00
5.615469e+00 -8.780342e+00
-3.788194e-01 1.026075e+01
7.211939e+00 -1.089411e+01
1.555206e+00 5.155023e-01
3.288731e+00 -5.278445e+00
-2.557888e+00 7.018798e+00
-1.059874e+01 -1.613054e+00
-6.297126e+00 1.984252e+00
-1.683613e+00 4.783125e-01
7.474902e-01 8.482526e+00
9.784867e+00 2.044680e+00
2.170556e+00 -3.281493e-01
-1.331166e+00 -8.774808e+00
-3.041229e+00 -2.592552e+00
6.136901e+00 6.945592e+00
-8.397982e+00 5.255327e+00
-2.799385e-01 -8.701665e+00
-9.941178e+00 5.353311e-02
1.061460e+01 6.356501e+00
-6.982506e+00 -2.862625e+00
-3.490868e+00 7.797228e+00
-7.242044e+00 1.272971e+00
-8.904639e+00 -9.916497e+00
8.636191e+00 -9.766321e+00
8.227652e+00 -7.189258e-01
-1.507258e+00 -6.766389e+00
-3.849559e+00 -1.816749e+00
8.795219e+00 2.161055e+00
1.020955e+01 -9.544891e+00
9.184650e+00 -4.413834e+00
-1.067100e+01 7.693595e+00
-5.465270e-01 3.208296e+00
-7.285852e+00 -7.117959e+00
5.067788e-01 -1.778682e+00
-9.298545e+00 5.813994e+00
-6.186738e+00 5.780260e+00
4.812529e+00 6.867199e+00
-8.221527e+00 -1.088623e+01
-1.106857e+01 -1.004125e+01
-7.703170e+00 -4.738981e+00
-2.045915e+00 9.236132e+00
1.079451e+01 1.288592e+00
-9.753548e+00 -6.783475e+00
-6.036921e+00 4.577333e+00
7.658170e+00 -7.469725e+00
-6.739129e+00 -8.522362e+00
8.174264e+00 8.317183e+00
6.085476e+00 2.878190e-01
2.208614e+00 5.832197e+00
3.249198e+00 5.134091e+00
8.769311e+00 3.953822e+00
2.117954e+00 8.786517e+00
3.482045e+00 -8.841137e+00
-3.128982e+00 9.188662e+00
2.043736e+00 -2.243689e+00
5.310564e+00 -9.916593e+00
1.082975e+01 -3.959820e+00
5.453335e+00 -2.714216e+00
-4.422041e+00 -7.973552e+00
-2.766053e+00 1.058126e+01
-6.713387e+00 7.788044e+00
-6.339919e+00 1.036585e+01
-9.683902e-01 9.386472e+00
-9.774607e+00 -4.014229e+00
4.411654e+00 4.934514e-01
-1.564808e+00 6.460262e+00
1.043349e+01 -1.057493e+01
-7.741480e+00 -9.877371e+00
9.408851e+00 7.995156e+00
5.656001e+00 3.868324e+00
1.667965e+00 7.843403e+00
-8.150265e+00 -3.776371e+00
1.024906e+00 6.011526e+00
5.158440e+00 -5.687849e+00
-6.912003e+00 -1.067297e+01
-7.847893e+00 9.479924e+00
3.901659e+00 1.099367e+01
6.502694e+00 5.900194e+00
-1.031072e+01 -9.252127e+00
7.337671e+00 7.347313e+00
3.931251e+00 2.153017e+00
8.633197e+00 7.314882e+00
8.160269e-01 -1.070568e+01
1.062704e+01 7.681369e+00
1.256156e+00 9.488725e+00
-1.116669e+01 -7.546978e+00
-7.831256e+00 -8.360657e+00
-5.833647e+00 8.170894e-01
1.094047e+01 -8.855444e+00
-6.588858e+00 -9.593308e+00
9.130249e+00 -8.768453e+00
5.759556e+00 -7.435203e-01
4.581856e+00 -1.719815e+00
8.689567e+00 -7.620048e+00
-1.104591e+01 9.708286e+00
4.500997e+00 5.636303e+00
-5.225344e+00 3.843607e+00
-4.253201e+00 9.309866e+00
1.474806e+00 3.795100e+00
-6.819656e+00 -5.962013e+00
9.401946e+00 3.136637e+00
1.263636e-01 -5.424069e+00
4.423458e+00 -8.167104e+00
6.704021e+00 4.122296e+00
-2.104030e-01 -1.101583e+01
-3.157148e+00 4.927635e+00
1.289716e+00 -9.733106e+00
-9.689181e+00 8.226386e+00
8.928424e-01 2.674547e+00
9.768406e+00 -7.176009e+00
-1.549943e+00 -2.413002e+00
-6.181156e+00 -2.067573e+00
1.987866e+00 4.852617e+00
6.325698e+00 -5.644211e+00
1.050959e+01 3.254873e+00
6.569588e+00 -7.927989e+00
2.268023e+00 -5.104241e+00
1.105609e+01 -5.500961e+00
-8.551310e+00 2.946815e+00
6.177703e+00 -3.714711e+00
-8.853424e+00 -4.385790e-02
-6.915849e+00 6.726697e+00
