5.081592e+00 -1.038220e+01
-8.008586e+00 6.198951e+00
-9.094806e+00 9.099598e+00
-4.341586e+00 -2.103002e+00
-7.268548e+00 -1.643108e-01
-1.033331e+01 -9.552823e+00
7.729154e+00 -3.693513e-01
3.555857e-01 3.808921e+00
8.942105e+00 -5.265788e+00
6.924217e+00 -3.432157e+00
-8.136052e+00 8.395716e+00
-1.057235e+01 5.535765e+00
-8.229064e+00 9.517347e-01
3.095821e+00 1.900391e+00
-3.485741e+00 4.083036e+00
6.775724e+00 2.878723e+00
-9.331787e+00 -5.067322e-01
-9.208983e+00 8.019151e+00
-8.128542e+00 -7.641706e+00
-8.205528e+00 -8.609884e+00
6.958609e+00 9.506587e+00
1.084746e+01 -5.762050e+00
6.539352e+00 -5.290481e+00
2.650018e-01 -2.110353e+00
6.696256e+00 2.584713e-01
-9.245694e+00 5.610387e+00
-3.877735e+00 1.027851e+00
-1.151760e-01 -9.988124e+00
8.346005e+00 1.442641e+00
-6.570393e+00 3.485988e+00
9.048315e-01 -9.584941e+00
3.743245e+00 4.225274e+00
-1.067649e+01 2.312061e+00
-9.763949e+00 3.043037e+00
-8.679197e-01 5.366416e+00
-7.820043e+00 -1.076251e+01
1.095367e+01 -9.929270e+00
-9.179265e+00 -7.908505e+00
1.031015e+01 -3.850063e+00
-4.935955e+00 2.047404e+00
1.008928e+01 -8.330910e+00
5.714851e+00 -2.395989e-01
1.025229e+01 9.557086e+00
-1.076594e+01 3.429378e+00
-8.950119e+00 -3.604741e+00
1.022868e+01 8.283620e+00
-7.863304e+00 -2.222346e+00
-8.495404e+00 -1.230854e+00
7.572935e+00 -1.427319e+00
-1.022413e+01 1.308678e+00
5.223829e+00 -1.263495e+00
-6.880470e-01 3.872451e+00
9.559297e+00 1.935997e+00
-7.174114e+00 4.477823e+00
8.579760e+00 -1.111661e+00
-6.285444e+00 4.578059e-01
1.277272e+00 6.959675e+00
-8.172750e+00 -4.792345e+00
-6.882645e+00 2.447088e+00
-1.432993e+00 1.076734e+01
5.026705e+00 1.090523e+01
7.218717e+00 -1.093684e+01
8.392886e+00 1.047376e+01
-3.118369e+00 -9.774110e+00
-8.707909e+00 2.908679e+00
5.492890e+00 -9.277957e+00
-1.054744e+01 -6.463497e+00
-7.007027e+00 -2.855580e+00
-1.004934e+01 1.106093e+01
8.183764e+00 -4.491344e+00
2.714235e+00 4.116248e+00
7.614689e+00 7.488520e-01
5.953880e-01 7.634140e+00
9.361071e-01 5.618151e+00
-3.928329e+00 6.771973e+00
-1.100426e+01 4.604312e+00
-7.335010e+00 -1.327544e+00
-5.938216e+00 8.524713e+00
7.465111e+00 -7.051404e+00
1.067045e+01 -6.792991e+00
3.105897e+00 -8.908910e+00
-1.013027e+01 -3.857485e+00
1.943085e+00 6.043394e+00
5.258850e+00 -5.010021e+00
6.031031e+00 1.016787e+01
3.402512e+00 9.455971e-01
8.870500e+00 -8.699912e+00
-3.920952e+00 5.209820e+00
5.771793e+00 -5.904189e+00
1.194345e+00 -1.632575e+00
-8.380128e+00 -2.891775e-02
-1.024245e+00 -2.716785e+00
-6.976902e-01 8.231865e-01
7.800882e+00 3.433038e+00
9.423890e+00 4.308197e+00
2.571628e+00 -2.953020e+00
6.904709e+00 4.037170e+00
-3.052785e+00 1.462564e-01
-5.131499e+00 1.128338e+00
-9.197269e+00 -9.045097e+00
-8.049562e+00 1.988355e+00
2.932069e+00 9.684959e+00
-1.008843e+01 -7.355860e+00
9.432449e+00 -7.453303e+00
-3.926137e+00 -7.791777e+00
-7.891071e+00 1.050618e+01
-1.815748e+00 -6.970148e+00
-9.525283e+00 2.021222e+00
-5.324652e+00 -2.751000e+00
-7.046825e+00 -7.950244e+00
-1.074430e+01 -7.478793e-01
-2.503000e+00 1.433082e+00
2.824617e+00 8.098850e-02
1.652176e+00 4.929569e+00
-1.001891e+01 6.432768e+00
-1.022917e+01 7.500693e+00
-5.590191e+00 3.880571e+00
-5.992719e+00 -4.991375e+00
-7.983231e+00 3.748338e+00
-9.545680e+00 -1.027274e+01
-1.116027e+00 6.585559e+00
-1.916540e+00 5.722573e+00
-3.135094e+00 1.049112e+01
-5.200692e+00 1.037372e+01
7.105394e+00 -4.421829e+00
-1.022061e+01 1.227545e-01
-8.025979e+00 -3.257642e+00
-1.013566e+01 8.525695e+00
5.808888e-01 1.641784e+00
-6.209360e+00 1.621446e+00
7.709835e+00 -5.563143e+00
-7.058943e+00 -5.098140e+00
-1.113163e+01 6.518322e+00
1.103464e+01 7.375962e-01
-1.771041e+00 -8.179281e+00
6.305745e+00 6.107932e+00
-2.855069e+00 -4.944851e+00
4.315003e+00 1.663420e+00
7.396720e-01 8.764960e+00
1.006155e-01 9.693508e+00
-1.445261e+00 1.956121e+00
-7.830574e-01 -8.364208e+00
-1.112720e+01 1.003570e+01
-8.022588e+00 7.240105e+00
8.288252e+00 -2.384806e+00
-4.500674e+00 4.141482e+00
-4.291009e+00 -1.086816e+00
-6.152092e+00 -7.051555e+00
2.486185e+00 3.031637e+00
-1.009568e+01 -2.746509e+00
-2.222374e+00 -1.409540e+00
-9.069648e+00 4.048532e+00
-6.214481e+00 4.866919e+00
-5.794352e+00 -8.451227e+00
2.387049e+00 1.002346e+00
3.614479e+00 3.151807e+00
-5.495369e+00 -9.596759e+00
-5.606024e+00 -1.066802e+01
8.404687e+00 5.563794e+00
-2.329747e+00 -2.596679e+00
-2.291711e+00 7.206034e+00
-3.696697e+00 2.167026e+00
6.034143e+00 -4.197558e+00
-9.079770e+00 -2.597686e+00
8.802496e+00 4.237819e-01
-1.466173e+00 2.957734e+00
-1.208799e+00 -1.706523e+00
-9.625729e+00 -1.683103e+00
1.018496e-01 4.989931e+00
-4.693205e+00 6.026314e+00
-1.022490e+00 9.865737e+00
2.597565e+00 -6.093834e+00
5.786239e-01 -6.924814e+00
6.917754e+00 5.187348e+00
1.035832e+01 3.730736e+00
-4.311702e+00 -2.207664e-02
5.909921e+00 3.753837e+00
7.242374e-02 -8.926004e+00
1.885503e+00 -1.075016e+01
-1.770842e+00 7.004882e-01
-3.501814e+00 -1.085455e+01
-2.697088e+00 5.119200e+00
-4.023764e+00 -6.715422e+00
-7.057788e+00 8.798208e+00
3.187312e+00 1.066734e+01
1.114198e+01 7.632496e+00
-1.698986e+00 -3.718863e+00
-5.037388e+00 -3.958339e+00
-1.269218e+00 -9.275287e+00
-6.345469e+00 -7.530627e-01
6.095159e+00 1.305582e+00
-4.808298e+00 -5.293149e+00
1.606303e+00 3.857536e+00
-2.428812e+00 2.634576e+00
-1.926656e+00 -3.545373e-01
-1.010944e+01 -8.395033e+00
-3.215866e+00 -9.711769e-01
-5.412797e-01 8.439708e+00
-2.835242e-01 7.200079e+00
6.082715e+00 -8.197917e+00
3.825664e+00 -4.187683e+00
3.596413e+00 -7.914374e+00
7.944186e+00 9.305662e+00
7.170272e+00 -8.043245e+00
-3.348382e+00 3.078409e+00
1.056825e+01 -2.338402e-01
5.838071e-01 -3.071020e+00
-2.925890e+00 -7.219196e+00
-1.744509e+00 8.770830e+00
6.004233e+00 -2.029811e+00
1.992186e+00 1.964359e+00
-6.417504e+00 -6.130365e+00
-2.007405e+00 -1.020896e+01
2.666428e-02 2.704096e+00
9.380652e-01 -5.144503e+00
4.405023e+00 -2.616203e-02
6.775836e+00 8.310748e+00
-5.068643e+00 4.977624e+00
7.718229e-01 -1.069610e+01
2.877421e+00 5.215070e+00
4.363756e+00 -7.120653e+00
-7.844874e+00 -5.727729e+00
-2.636252e+00 8.142754e+00
-5.945576e+00 7.416846e+00
-2.522154e-02 -1.190015e+00
-6.557544e-01 -3.354807e-01
-2.840899e-01 -3.736526e+00
-5.268994e+00 -6.222722e+00
-7.251172e+00 -4.104660e+00
4.849172e+00 6.752301e+00
9.930606e+00 6.651371e-01
5.195434e+00 8.703980e-01
-4.778967e+00 8.236266e+00
-1.564130e+00 4.476953e+00
2.995031e-01 5.882926e-01
1.036966e+01 4.829558e+00
7.039299e+00 7.289820e+00
2.917334e+00 -7.073985e+00
1.371873e+00 -3.870933e+00
-4.749183e+00 -8.501109e+00
-4.982135e+00 7.047078e+00
-6.662352e+00 -1.022154e+01
-4.272792e+00 1.086841e+01
7.359694e+00 1.045738e+01
-6.236697e+00 -3.849287e+00
1.032720e+00 2.588511e+00
3.853557e+00 7.049738e+00
-7.957025e+00 9.432146e+00
-2.391830e+00 3.798164e+00
7.707697e+00 -9.960768e+00
-7.258566e-01 -7.149379e+00
-3.703082e+00 -5.634443e+00
2.311099e+00 -8.100699e+00
3.953469e+00 5.893059e+00
1.150214e+00 -6.043270e+00
-1.029887e-01 6.133727e+00
1.008214e-01 -5.915222e+00
9.283138e+00 1.094432e+01
4.597629e+00 2.692427e+00
5.429275e+00 -7.032796e+00
-1.070612e+01 -1.767716e+00
8.929752e+00 -1.004358e+01
-5.400155e+00 -9.305540e-02
-2.911124e+00 -8.389585e+00
8.134500e+00 4.571334e+00
-6.183893e-02 -4.767066e+00
7.860275e+00 -8.862106e+00
6.752639e+00 -6.278699e+00
1.025684e+01 -4.934809e+00
3.222820e+00 -5.054505e+00
-4.055813e+00 -4.485191e+00
5.583285e+00 2.193454e+00
-3.220344e+00 -2.001113e+00
4.731017e+00 -3.584849e+00
3.543957e+00 -9.918237e+00
9.316141e+00 6.402511e+00
4.813880e+00 3.835335e+00
1.796958e+00 -6.931029e+00
4.501077e+00 -9.397937e+00
5.012919e+00 7.930165e+00
4.839794e+00 8.979906e+00
4.764870e+00 -2.207905e+00
2.171374e+00 -5.030066e+00
2.086029e+00 1.049402e+01
1.066632e+01 1.787689e+00
-5.805210e+00 9.549218e+00
-1.128093e+00 -6.034388e+00
4.271925e+00 1.001727e+01
6.457808e+00 -9.966960e-01
3.903409e+00 -2.993919e+00
-5.180535e+00 -7.367965e+00
-2.867330e+00 -3.807063e+00
1.117328e+01 8.810158e+00
5.801321e+00 4.726338e+00
-2.273875e+00 -9.248158e+00
3.366925e+00 -2.144561e+00
8.868270e+00 8.607528e+00
1.056417e+01 -1.341164e+00
8.524572e-01 1.042323e+01
-4.578397e+00 3.073026e+00
-6.537966e+00 1.102059e+01
5.940418e+00 -1.099815e+01
9.591307e+00 -5.191537e-01
2.640826e+00 -3.989181e+00
-1.969301e+00 -5.461268e+00
1.028265e+01 5.929465e+00
-1.109100e+01 -3.096243e+00
5.690696e+00 -3.049796e+00
9.452017e+00 5.384546e+00
-3.809723e+00 -3.295100e+00
-8.938503e+00 -5.797281e+00
1.750450e-01 -7.882103e+00
-7.018872e+00 5.643347e+00
-6.970142e+00 6.712391e+00
3.040611e+00 6.315744e+00
-8.803413e+00 1.008851e+01
-8.963038e+00 -6.852930e+00
-8.932776e+00 1.114319e+01
1.774294e+00 9.445959e+00
7.154614e+00 1.858440e+00
1.032008e+01 1.075495e+01
-4.266775e+00 9.666073e+00
9.776511e+00 -1.055685e+01
-9.921967e+00 9.773004e+00
9.974837e+00 -9.373618e+00
6.288922e+00 -9.980161e+00
-3.670917e+00 8.109353e+00
5.201767e+00 5.751291e+00
1.028947e+01 2.734235e+00
-1.279953e+00 7.753401e+00
2.928275e+00 -1.069444e+01
-4.426760e+00 -9.946652e+00
-2.942166e+00 6.318040e+00
4.651763e+00 4.870325e+00
9.330515e+00 -1.785965e+00
6.510843e+00 -7.277254e+00
-2.453569e+00 -1.115924e+01
2.612477e+00 8.428539e+00
-6.991242e+00 7.823020e+00
-9.404629e-01 -1.063002e+01
4.072400e+00 -1.084749e+01
-1.112097e+01 -7.700312e+00
7.107834e+00 -2.390524e+00
1.133202e+00 -8.223156e+00
-7.672812e+00 -9.641366e+00
-9.234211e+00 -4.600049e+00
9.206294e+00 9.666600e+00
4.175064e+00 -1.177202e+00
1.092897e+00 -3.232549e-01
-9.256333e+00 6.781050e-01
2.228066e+00 -1.949329e+00
8.378958e+00 -7.640627e+00
-3.943610e+00 -9.034423e+00
-2.193320e+00 9.952779e+00
8.328089e+00 2.620720e+00
8.089103e+00 6.873207e+00
1.102137e+01 -8.851709e+00
7.488898e+00 6.063140e+00
2.485483e+00 7.237469e+00
-9.082037e+00 6.869262e+00
3.657572e+00 8.669601e+00
-1.103413e+01 -1.102682e+01
6.031213e+00 9.028300e+00
-7.368081e+00 -6.845080e+00
9.370696e+00 -4.318902e+00
-5.290158e+00 -1.534083e+00
9.137609e+00 -2.918874e+00
-2.814007e+00 -6.160004e+00
6.827703e+00 -9.075508e+00
1.408198e+00 7.979499e-01
3.153800e+00 -1.106113e+00
9.890438e+00 -6.136234e+00
7.851371e+00 8.117968e+00
9.273149e+00 3.151168e+00
-6.359518e+00 -1.924538e+00
-1.939064e-01 1.080430e+01
2.099201e+00 -8.886412e-01
1.025078e+01 -2.552749e+00
-8.228871e+00 4.908773e+00
4.247562e+00 -5.300903e+00
4.879907e+00 -7.990375e+00
8.975026e+00 7.399965e+00
2.031617e+00 -9.323272e+00
-3.062705e+00 9.339494e+00
1.740165e+00 7.874544e+00
1.013773e+01 7.164359e+00
-5.796672e+00 6.323671e+00
8.363145e+00 -6.396717e+00
-1.102569e+00 -4.581013e+00
-1.112764e+01 -4.404528e+00
1.547923e+00 -2.655626e+00
8.183722e+00 -3.454512e+00
-7.172335e+00 9.503184e-01
5.923578e+00 7.173472e+00
3.657665e+00 -6.248665e+00
-6.683237e+00 -9.014667e+00
-5.749274e+00 2.602611e+00
-1.015202e+01 -5.438921e+00
-9.979125e+00 4.671667e+00
-7.015770e+00 9.910281e+00
