-8.916389e+00 1.097783e+01
-7.454881e+00 7.001629e+00
-6.444114e+00 8.793306e+00
-6.196276e+00 -7.530541e+00
1.089450e+01 3.177508e+00
-9.528552e+00 -4.698215e+00
8.202813e+00 2.171665e+00
-8.504851e+00 3.733932e+00
5.664677e+00 -3.936983e+00
8.217490e+00 1.170271e+00
3.820974e-01 7.165792e+00
9.192855e+00 1.475235e+00
8.642714e+00 -7.383277e-01
6.680981e+00 3.405818e+00
-6.793149e+00 2.491232e+00
3.568748e+00 6.250258e+00
-1.030126e+01 4.421052e-01
-9.947969e+00 9.244853e+00
-8.305664e+00 -8.564988e+00
-5.286312e+00 -1.068676e+01
-9.826202e+00 -6.911884e+00
-7.276226e+00 -6.852679e+00
9.313058e+00 -5.688853e+00
1.064189e+01 -9.341930e-01
5.332108e+00 2.873993e-01
-1.064682e+01 2.211745e+00
-6.531545e+00 -2.842117e+00
8.662109e+00 -6.777660e+00
6.248872e+00 -7.661443e-01
-1.108055e+01 1.204627e+00
-5.552735e+00 4.810437e+00
5.819499e+00 -1.903693e+00
-8.640685e+00 1.588251e+00
9.643739e+00 4.563408e+00
-8.163858e-01 3.790451e+00
1.067757e+01 7.885903e+00
-9.385846e+00 -5.735231e+00
-2.969474e+00 -9.189626e+00
-7.288474e+00 -8.177202e+00
-7.341184e+00 8.082688e+00
-2.164925e+00 -8.504111e+00
-8.681907e+00 -3.986469e+00
-7.283046e+00 -9.283241e+00
-6.339463e+00 6.920765e+00
1.094390e+01 -8.552535e+00
8.716877e+00 4.107318e+00
1.108807e+01 1.728455e-02
-1.116158e+01 -1.943365e+00
7.653714e+00 -3.679518e+00
-9.351614e+00 2.575336e+00
5.724763e+00 2.646038e+00
-7.617148e+00 -1.032412e+00
5.593021e+00 3.879859e+00
-1.096113e+01 5.861243e+00
4.752918e+00 2.991491e+00
-6.233374e+00 1.390088e+00
-7.274809e+00 9.456630e+00
-4.064564e+00 1.825458e+00
-6.229929e+00 3.707663e+00
-7.026588e+00 5.578278e+00
9.721492e+00 -8.789041e+00
7.478834e+00 1.087542e+01
-1.093915e+01 -7.314656e+00
-4.560968e+00 -9.991942e+00
-9.720691e+00 -5.181648e-01
1.020379e+01 -2.298854e+00
-9.361953e+00 -3.266255e+00
-8.438750e+00 -2.785112e+00
1.061902e+01 -5.297095e+00
8.517299e+00 -1.776689e+00
-5.282369e+00 1.805900e+00
6.753897e+00 2.237972e+00
-2.841126e-01 -2.891306e+00
4.535072e-01 5.721866e+00
-6.444507e+00 1.005371e+01
2.988880e+00 4.794917e+00
-7.501582e+00 -2.304030e+00
-5.896103e+00 5.995416e+00
-6.934637e+00 -1.023359e+01
-5.487281e+00 9.608035e+00
1.166121e+00 -1.066451e+01
-4.067944e+00 -8.929832e+00
-2.243821e+00 8.905137e+00
-9.266051e+00 -8.946614e+00
-9.294285e+00 -7.880227e+00
8.825611e+00 -3.764759e+00
-5.517067e+00 -6.768063e+00
-3.495062e+00 -1.674352e-01
-1.038100e+01 -6.100127e+00
5.846382e+00 -7.664462e+00
-7.492592e+00 -5.839646e+00
-7.517503e-01 -1.931008e+00
-5.797295e+00 3.898178e-01
-1.403915e+00 2.039414e+00
8.095744e+00 4.988838e+00
1.750768e+00 -2.399043e+00
1.019270e+01 5.536242e+00
-8.280160e+00 -5.236106e+00
-3.320250e+00 4.309846e+00
9.878366e+00 -4.601446e+00
-9.959379e+00 1.350701e+00
2.221792e+00 -1.078724e+01
-5.095502e+00 -9.128988e+00
-3.853295e+00 -7.240104e+00
7.537094e-01 -6.747779e+00
1.073124e+01 -6.353836e+00
-2.177073e+00 -6.392798e+00
6.150762e+00 1.202040e+00
-6.160380e+00 -8.519499e+00
-4.461652e+00 -3.094287e+00
-9.838720e+00 -2.000019e+00
-2.799825e+00 -2.243436e+00
2.434048e-02 9.072111e-01
-2.111869e+00 1.295125e+00
7.422496e+00 4.213559e+00
1.062355e+01 4.157983e+00
-4.119798e+00 3.000542e+00
-6.190835e+00 1.111059e+01
1.066726e+01 6.698901e+00
-8.313641e+00 7.847248e+00
-2.859404e+00 3.075047e+00
-4.422186e+00 4.739720e+00
1.213394e+00 -8.699956e+00
-4.972495e+00 -7.893203e+00
2.993896e+00 -5.961641e+00
-3.238736e+00 -8.122077e+00
-2.760305e+00 -5.204995e+00
-1.438536e-01 -7.247987e+00
-8.525179e+00 -4.028000e-01
-9.182730e+00 4.225098e-01
3.762204e+00 -6.752669e+00
-1.218991e+00 -3.622777e+00
-7.368143e+00 3.508031e+00
9.831751e+00 3.460851e+00
-1.531315e+00 1.011792e+01
5.788822e+00 9.354680e+00
-8.012891e-01 2.781251e+00
6.151820e+00 6.016476e+00
-1.599102e+00 5.937577e+00
-1.865886e+00 6.961677e+00
-7.804026e+00 4.798422e+00
2.063838e-01 9.477263e+00
-3.497835e+00 -1.018564e+01
-8.045968e+00 -1.075974e+01
-6.082074e+00 -9.731749e+00
-3.302088e+00 9.354639e+00
-6.505538e+00 -3.832230e+00
-3.323738e+00 -3.189295e+00
-3.304459e+00 -6.219045e+00
-7.568020e+00 -3.314666e+00
-3.469929e-01 -1.788763e-02
-4.283734e+00 -1.134817e+00
-9.532813e+00 4.014963e+00
-1.652028e+00 -5.308948e+00
-3.450551e+00 9.674549e-01
2.014305e+00 4.279079e+00
-2.707672e+00 -7.333403e+00
-5.300898e+00 6.863213e+00
-1.461495e-01 4.763680e+00
-5.449984e+00 -2.411916e+00
-4.752904e+00 5.818855e+00
-4.852205e+00 3.774165e+00
4.415948e+00 -8.056315e+00
-6.654003e+00 -1.511305e+00
-8.906806e+00 -1.727540e+00
-6.415649e+00 -5.062749e-01
-1.233214e+00 4.810045e+00
-4.490325e+00 -6.357917e+00
-7.429058e+00 -4.517571e+00
-4.227296e+00 7.548010e+00
-2.303427e+00 -1.094928e+01
2.065075e+00 -6.577103e+00
1.678646e+00 -7.648185e+00
-1.437338e+00 -2.262370e-01
-9.776350e+00 6.185423e+00
-4.952038e+00 -3.547634e-01
-8.840176e-01 6.936694e+00
5.012166e-01 -8.081295e+00
7.395673e+00 9.759622e+00
-5.610341e+00 -1.315697e+00
-8.864235e-01 -8.042018e+00
-3.479249e+00 5.302219e+00
2.590332e-01 -5.018439e+00
-5.175784e+00 1.059335e+01
-8.273233e+00 -9.718338e+00
2.951372e+00 -9.561782e+00
-1.059496e-01 -8.899094e+00
-1.710492e+00 -7.429197e+00
-1.232584e+00 -8.997058e+00
-7.852670e+00 2.598374e+00
-1.048265e+01 -1.181849e+00
-3.927636e+00 -2.127619e+00
-7.536165e+00 1.638621e+00
-8.092636e+00 6.246581e-01
2.826553e+00 2.262512e+00
9.577969e+00 6.409893e+00
7.417279e-01 -1.229720e-01
1.251096e+00 9.479306e+00
1.352836e+00 6.244124e+00
-1.033302e+01 -8.356223e+00
4.031835e+00 -4.270927e+00
3.804668e+00 -1.012562e+01
8.079544e+00 6.187074e+00
-6.360399e+00 -4.991180e+00
-3.727075e+00 8.433404e+00
5.723698e+00 7.010643e+00
6.789582e-01 -9.725959e+00
-8.390554e-02 -6.005924e+00
5.327591e+00 -8.597605e+00
-2.283091e+00 -3.307939e+00
2.625978e+00 3.349281e+00
-1.086684e+00 -6.560175e+00
-1.820577e-01 8.210215e+00
-4.654626e+00 9.075534e-01
-8.847739e-01 8.946482e+00
-2.104537e-01 1.947825e+00
4.783287e+00 9.129777e+00
-2.097111e+00 4.052909e+00
1.512410e+00 7.470264e+00
-1.657625e+00 -2.537060e+00
3.195782e+00 1.117245e+01
-1.068346e+01 1.024588e+01
6.526435e+00 -1.036383e+01
-3.267858e+00 1.096240e+01
5.582832e+00 -2.906710e+00
-8.011831e-01 -4.649586e+00
5.144762e+00 -4.875094e+00
-5.458961e+00 -3.598955e+00
7.175264e+00 1.058674e+00
3.074198e+00 8.195823e+00
-2.684064e+00 -9.010202e-01
-2.367230e+00 2.489966e-01
-1.382044e+00 7.899367e+00
-2.322051e+00 5.095030e+00
7.971378e-01 1.524633e+00
4.582231e+00 4.168453e+00
6.473541e+00 4.632626e+00
5.039370e+00 -1.015576e+01
6.653813e+00 -8.616933e+00
1.735647e+00 -9.727355e+00
-2.642709e+00 1.021485e+01
2.663093e+00 1.009917e+01
-3.998014e+00 6.530521e+00
5.575462e+00 -1.111245e+01
-6.793018e-01 -9.857625e+00
-6.947766e+00 4.173883e-01
8.240598e+00 9.050325e+00
4.393383e+00 -9.241931e+00
1.025710e+01 1.032724e+00
-1.049653e+01 -2.811389e+00
2.831050e+00 -4.028891e+00
-1.735196e-02 -3.882467e+00
4.429674e+00 1.107340e+01
3.541490e+00 3.795597e+00
9.387943e-01 8.439454e+00
-1.642770e+00 -1.218822e+00
4.609860e+00 -3.309421e+00
9.642110e+00 -9.814353e+00
9.742553e+00 7.543265e+00
7.106287e+00 -9.495684e+00
7.066873e+00 5.519034e+00
4.206925e+00 -5.711518e+00
-4.366537e+00 -4.207953e+00
-4.297303e+00 -1.104912e+01
8.739874e+00 7.005609e+00
5.209855e+00 -5.900780e+00
7.412447e+00 -9.442236e-01
7.232181e+00 -5.572971e+00
4.225903e+00 2.150470e-01
2.240168e+00 -8.595703e+00
-2.025395e+00 -4.311316e+00
7.217462e-01 2.668049e+00
1.007029e+01 -3.248497e-02
4.238089e+00 5.484651e+00
6.399010e+00 1.028319e+01
2.329488e+00 5.784709e+00
5.019665e+00 6.169388e+00
3.805937e+00 1.023038e+01
8.718474e+00 8.112355e+00
5.465319e+00 8.166958e+00
6.736437e+00 8.842333e+00
2.425244e+00 1.299664e+00
6.003780e+00 -9.491928e+00
1.453945e-02 -1.069753e+01
-1.014803e+01 5.002445e+00
-1.945484e+00 -9.926071e+00
3.421390e+00 -8.570873e+00
4.977719e+00 -6.988236e+00
6.680484e+00 -3.087517e+00
3.212755e+00 -4.958298e+00
3.385044e-01 -1.092071e+00
2.892682e+00 -2.080487e+00
1.663308e+00 1.045821e+01
1.158316e+00 4.881271e+00
4.926118e-01 1.051746e+01
-2.954448e+00 1.965974e+00
1.050147e+01 -1.072463e+01
4.851646e+00 1.336778e+00
-5.426403e-01 5.942812e+00
-1.073465e+01 4.120011e+00
9.630133e+00 1.098187e+01
1.078000e+01 -9.554288e+00
3.543204e+00 -2.891206e+00
6.599000e+00 1.668980e-01
2.923717e+00 -8.057099e-01
1.797221e+00 -1.973216e-01
8.856087e+00 -1.058114e+01
7.362862e+00 -6.629946e+00
-1.078889e+00 8.527328e-01
-3.979616e+00 -5.473587e+00
-5.320985e+00 -4.635056e+00
2.194219e+00 -5.236545e+00
-7.942234e+00 6.158318e+00
-8.442704e+00 9.160695e+00
2.671502e+00 6.822084e+00
-1.078572e+01 7.423660e+00
-7.456400e+00 1.071380e+01
-9.634610e+00 7.810265e+00
7.591104e+00 7.597294e+00
5.035949e+00 1.007582e+01
8.696376e+00 1.036027e+01
1.074251e+01 9.351908e+00
-9.541819e+00 -1.005768e+01
1.058218e+01 1.047953e+01
1.004070e+01 -7.578731e+00
8.186073e+00 -5.859994e+00
-5.497822e+00 2.947083e+00
7.902282e+00 -7.497943e+00
6.120091e-01 3.806779e+00
-2.732856e+00 6.020873e+00
3.686238e+00 7.298674e+00
-7.076340e-01 1.073084e+01
-1.755888e+00 2.985145e+00
1.548734e+00 3.278807e+00
4.083175e+00 2.126923e+00
7.952301e+00 -8.541229e+00
-1.238889e+00 -1.069613e+01
-4.687494e+00 8.802015e+00
9.621558e+00 9.879612e+00
1.083628e+00 -5.701683e+00
-1.065077e+01 -1.039848e+01
-5.295500e+00 -5.695042e+00
7.955814e+00 1.022824e-01
4.105197e+00 8.319653e+00
-1.023323e+01 -3.900114e+00
9.952128e+00 -3.353424e+00
8.215207e+00 -4.794527e+00
5.023902e+00 -7.798054e-01
6.564069e-01 -2.472889e+00
6.590882e+00 -4.228553e+00
1.456032e+00 -1.239303e+00
6.853402e+00 -1.798310e+00
1.252278e+00 -4.475616e+00
-3.128926e+00 7.550480e+00
4.794336e+00 7.348263e+00
7.083839e+00 6.667140e+00
-9.987455e+00 -1.113684e+01
5.230712e+00 5.095761e+00
-5.381841e+00 8.097062e+00
9.668461e+00 8.773424e+00
8.992902e+00 -8.025783e+00
6.262558e+00 -6.708819e+00
8.345433e+00 -9.569436e+00
-8.189591e+00 -7.468774e+00
9.558837e+00 -1.445936e+00
8.019987e+00 3.277820e+00
1.046678e+01 2.204125e+00
-3.180315e+00 -4.276776e+00
2.938488e+00 -7.374642e+00
1.394677e+00 6.959939e-01
3.536261e+00 1.059387e+00
6.119775e+00 -5.453845e+00
8.961575e+00 5.480006e+00
1.764427e+00 2.157726e+00
9.218617e+00 2.627308e+00
3.534373e+00 9.218520e+00
4.472958e+00 -2.118743e+00
2.758471e+00 2.959198e-01
-6.712772e+00 4.647987e+00
7.653908e+00 -2.540807e+00
-1.043592e+01 -9.350540e+00
6.491513e+00 7.779426e+00
7.811054e+00 -1.046963e+01
-4.113000e+00 1.015156e+01
6.853689e+00 -7.562104e+00
9.042243e+00 4.597087e-01
-8.744546e+00 6.918173e+00
9.128981e+00 -2.660622e+00
2.527072e+00 -3.100833e+00
-1.067828e+01 -4.836173e+00
3.953037e+00 -1.170454e+00
1.091847e+01 -3.798821e+00
-1.022796e+01 3.110254e+00
1.928221e+00 8.687713e+00
1.440180e+00 -3.393092e+00
-9.570446e+00 1.024825e+01
-8.998636e+00 5.315429e+00
-8.449748e+00 -6.351832e+00
-1.072502e+01 8.475549e+00
-8.356033e+00 1.011854e+01
