7.201482e+00 -1.080117e+01
-8.547776e+00 8.231420e+00
-9.423238e+00 7.552828e+00
-4.174696e+00 1.047396e+00
-5.022184e+00 1.622660e+00
-8.237611e+00 -9.680421e+00
7.104969e+00 -2.420528e-01
4.797913e+00 3.310229e+00
6.497421e+00 -6.277285e+00
6.907569e+00 -2.769348e+00
-5.567694e+00 7.544033e+00
1.043724e+01 5.198414e+00
-8.505391e+00 -4.535916e-01
5.886417e+00 2.503569e+00
-4.719948e+00 3.786263e+00
6.111972e+00 3.771316e+00
-9.878993e+00 -4.102671e+00
1.065407e+01 -1.017187e+01
-9.837778e+00 -7.596030e+00
-1.086247e+01 -7.981086e+00
5.853279e+00 -8.876897e+00
8.106475e+00 -4.593361e+00
2.952813e+00 -5.084298e+00
-2.883294e+00 -2.979928e-01
5.010371e+00 -1.437693e-01
-1.019467e+01 6.819969e+00
-3.989610e+00 -3.364853e-01
-3.104577e-01 1.083705e+01
9.094901e+00 1.087283e+00
-6.355303e+00 3.310896e+00
2.638033e+00 -7.871252e+00
6.849281e+00 1.947188e+00
-8.779165e+00 2.332050e+00
-1.080294e+01 -6.733942e-01
3.057704e-01 2.836359e+00
-4.477992e+00 1.090279e+01
-8.217042e+00 -1.083709e+01
-9.153910e+00 -8.430236e+00
8.634467e+00 -6.719504e+00
-7.776666e+00 3.146418e+00
8.287112e+00 -1.038512e+01
4.812538e+00 -2.231994e+00
-9.297900e+00 -9.610543e+00
9.617957e+00 3.145220e+00
-1.114481e+01 -4.554605e+00
8.804659e+00 7.789517e+00
-7.354625e+00 -3.321101e+00
-7.423023e+00 -4.407303e+00
8.094091e+00 -5.794863e+00
1.100807e+01 2.392305e-01
4.648085e+00 -3.601969e+00
-1.656325e+00 2.724569e+00
9.060703e+00 -1.404546e-02
-7.930704e+00 4.921544e+00
1.016193e+01 -4.592756e-01
-7.878017e+00 -1.278812e+00
1.729359e+00 3.977412e+00
-6.142418e+00 -3.863578e+00
-7.575341e+00 7.635116e+00
-5.966149e-01 5.458011e+00
3.133743e+00 -1.049694e+01
5.342069e+00 -7.895561e+00
7.858073e+00 9.899965e+00
-1.641976e+00 -9.719201e+00
-9.620413e+00 1.445274e+00
4.293581e+00 -6.776736e+00
1.008157e+01 -4.327125e+00
-4.967189e+00 1.820525e-01
-6.766092e+00 1.004828e+01
4.931964e+00 -5.803468e+00
4.275563e+00 8.323948e+00
-1.044402e+01 2.436495e+00
6.624366e-01 5.120940e+00
3.962653e+00 4.003014e+00
5.758639e-01 3.805804e+00
9.466717e+00 4.139496e+00
-9.821988e+00 -5.124271e+00
-3.392011e+00 5.459386e+00
6.237205e+00 -7.374877e+00
9.585308e+00 -6.153684e+00
3.936843e+00 -9.463308e+00
-7.982268e+00 -5.390059e+00
7.123447e+00 3.242751e+00
7.624934e-01 -6.544144e+00
5.899915e+00 9.748429e+00
4.875313e+00 9.368305e-01
1.006277e+01 1.051573e+01
-6.842301e+00 5.375301e+00
3.612299e+00 -7.734565e+00
7.055277e-01 -1.494928e+00
-6.647686e+00 1.799702e-01
-2.028612e+00 7.192208e-01
-6.745664e-01 2.289845e+00
8.077983e+00 1.487048e+00
-1.097706e+01 5.744935e+00
2.868048e+00 -1.055854e+00
5.419852e+00 7.774840e+00
-8.195738e-01 3.184079e-01
-8.830127e+00 3.839111e+00
9.787711e+00 -7.247458e+00
-1.092698e+01 4.655952e+00
3.188929e+00 6.514801e+00
1.050930e+01 -7.906600e+00
9.230104e+00 -5.119187e+00
-2.421919e+00 -6.578449e+00
-5.013004e+00 8.614516e+00
-3.481320e+00 -5.503101e+00
1.045748e+01 4.059217e+00
-5.896291e+00 -6.655362e-01
-6.640021e+00 -6.794416e+00
-1.021511e+01 -1.872342e+00
-6.279193e+00 4.379390e+00
1.687721e+00 -1.194017e+00
5.049882e+00 5.560898e+00
1.061973e+01 8.396632e+00
-1.052837e+01 9.461231e+00
-8.529330e+00 9.598836e-01
-4.483738e+00 -6.548333e+00
7.788163e+00 2.421282e+00
-8.039300e+00 9.575484e+00
7.741016e-01 5.492397e-01
1.887186e+00 5.288816e+00
-3.774032e+00 9.934951e+00
-3.695845e+00 8.756455e+00
4.156763e+00 -5.057324e+00
1.073588e+01 -1.385075e+00
-6.000701e+00 -5.907268e+00
-5.036088e+00 9.726321e+00
-1.688113e+00 3.926647e+00
-1.030358e+01 5.512992e-01
6.910969e+00 -5.123077e+00
-5.538782e+00 -6.942333e+00
-9.389453e+00 9.887192e+00
1.058170e+01 2.782356e+00
-4.186474e-01 -6.276947e+00
5.224451e+00 8.855241e+00
-5.192368e+00 -2.411616e+00
8.108356e+00 4.005594e-01
1.585876e+00 8.242261e+00
-1.356987e+00 6.256124e+00
-3.919977e+00 3.019509e+00
3.356906e-02 -7.339907e+00
-1.028963e+01 -9.871861e+00
-8.428333e+00 7.072096e+00
9.122357e+00 -1.118166e+00
-6.097140e+00 1.899159e+00
-6.968030e+00 1.191911e+00
-4.369997e+00 -8.703568e+00
6.995654e+00 8.644575e-01
-8.863412e+00 -4.495223e+00
-1.617443e+00 -3.445043e-01
1.114735e+01 1.463144e+00
-6.566116e+00 7.916420e+00
-3.534204e+00 -6.933252e+00
3.692676e+00 2.727764e+00
6.372717e+00 5.199740e+00
-5.573504e+00 1.064848e+01
-4.215526e+00 -1.015277e+01
1.005973e+01 7.461914e+00
-3.440761e-01 -3.598821e+00
-3.443866e-01 4.419937e+00
-7.888982e+00 1.859419e+00
1.465538e+00 -3.469700e+00
-7.162085e+00 -2.201150e+00
9.077707e+00 2.149432e+00
3.703775e+00 2.097470e-01
-9.551746e-01 -2.659007e+00
-1.021264e+01 -3.030442e+00
5.065866e+00 6.793374e+00
-5.818976e+00 5.740993e+00
-2.317433e+00 6.754603e+00
1.865586e+00 -8.626499e+00
3.296951e-01 -8.480612e+00
8.204686e+00 6.230885e+00
7.413239e+00 4.281436e+00
-9.299582e+00 -2.492604e+00
5.955339e+00 6.952207e-01
-5.079372e-01 -9.556057e+00
8.902867e-01 -1.115310e+01
-3.118230e+00 7.730098e-01
-1.075566e+00 -1.074054e+01
1.691210e+00 2.935598e+00
-5.655310e+00 -7.984460e+00
-1.670162e+00 7.723949e+00
1.037635e+00 9.241245e+00
1.110692e+01 -1.110401e+01
-4.655029e+00 -5.595243e+00
-6.554145e+00 -4.937534e+00
-2.611077e+00 9.716942e+00
-3.508248e+00 1.988236e+00
-9.738873e+00 -7.000795e-01
-1.420844e+00 -6.466017e+00
5.902160e+00 6.245674e+00
-5.289292e+00 4.824545e+00
-7.777170e+00 3.005563e-01
-9.271791e+00 -1.088397e+01
-1.168179e+00 -1.452655e+00
1.735359e+00 1.011111e+00
1.630906e-01 6.129055e+00
2.829497e+00 -6.667242e+00
2.458078e+00 1.673107e-02
3.238095e+00 -8.700996e+00
6.991748e+00 9.341774e+00
3.646717e+00 -5.950394e+00
-3.562603e+00 4.108946e+00
7.636674e+00 -2.124723e+00
1.481903e+00 -2.223845e+00
-2.561929e+00 -7.601679e+00
3.281546e+00 5.404678e+00
8.762533e+00 -2.235604e+00
-1.756409e-01 -2.094215e+00
-2.119216e+00 -5.547326e+00
-3.070880e+00 -1.023664e+01
-7.237120e-01 3.522878e+00
2.791424e+00 -2.173297e+00
5.237694e+00 -4.574346e+00
6.073722e+00 -1.040399e+01
-7.514173e+00 6.382274e+00
1.667546e+00 1.019064e+01
6.961530e+00 6.331228e+00
2.255772e+00 -4.195669e+00
-6.215775e+00 -8.970808e+00
-3.559168e+00 6.955074e+00
-4.268820e+00 5.994248e+00
-2.467736e+00 2.036822e+00
-5.350375e+00 2.610968e+00
-2.169281e+00 -4.409765e+00
-5.234671e+00 -1.057402e+01
-6.262978e+00 -2.799609e+00
3.889673e+00 9.434777e+00
9.941236e+00 5.408225e-01
6.030324e+00 -2.049689e+00
4.483254e-01 7.306232e+00
-4.261748e+00 4.889076e+00
2.793304e+00 1.060191e+00
-9.937018e+00 5.693162e+00
7.014014e+00 1.061518e+01
1.068823e+00 -7.595069e+00
3.855829e+00 -1.837001e+00
-3.543981e+00 -8.087191e+00
-1.529441e+00 5.095149e+00
-5.163730e+00 -9.402716e+00
-2.121449e+00 8.834653e+00
6.316893e+00 8.534061e+00
-6.121886e+00 -1.737516e+00
1.462103e-01 1.602501e+00
2.979312e+00 8.576694e+00
-6.175721e+00 8.935648e+00
1.270127e+00 1.944231e+00
7.317714e+00 -7.693179e+00
-3.242599e+00 -4.247512e+00
-7.117363e+00 -5.916554e+00
2.423871e+00 -9.553285e+00
3.744010e+00 7.348675e+00
5.198162e-01 -5.527245e+00
1.203011e+00 6.151479e+00
-1.145977e+00 -5.016657e+00
5.951185e+00 1.078416e+01
5.528896e+00 1.636211e+00
5.334459e+00 -6.739270e+00
-8.515411e+00 -3.514884e+00
7.451494e+00 -9.652629e+00
-8.889271e+00 -1.570103e+00
-8.630173e-01 -8.440601e+00
8.384498e+00 4.492706e+00
-4.144382e+00 -1.899584e+00
8.508004e+00 1.074212e+01
6.229285e+00 -4.198092e+00
7.877551e+00 -8.622726e+00
1.525803e+00 -5.007243e+00
-5.151219e+00 -3.503536e+00
5.264363e+00 -1.192361e+00
-2.440692e+00 -1.332183e+00
1.928124e+00 -7.072886e+00
4.284946e+00 -1.046245e+01
8.385131e+00 8.807094e+00
7.688255e+00 5.352329e+00
2.206439e-02 -1.052960e+01
3.712573e+00 1.099726e+01
-7.937901e-02 9.272600e+00
4.894780e+00 9.993042e+00
2.929396e+00 -3.352003e+00
5.511115e-01 -2.912526e+00
-1.141579e+00 9.316119e+00
-9.754172e+00 3.255843e+00
-5.263694e+00 6.554718e+00
-1.983782e+00 -2.297163e+00
2.133057e+00 9.183933e+00
6.151631e+00 -5.008183e-01
3.548087e+00 -4.171862e+00
-5.532884e+00 -4.931738e+00
-4.851593e+00 -8.692750e-01
-1.012727e+01 -8.771241e+00
9.542556e+00 8.633651e+00
-1.390066e+00 -7.576936e+00
4.185836e+00 -7.671066e-01
-1.018666e+01 1.075535e+01
-8.171213e+00 -2.293041e+00
3.946578e-01 8.304838e+00
-7.045790e+00 2.405237e+00
-6.076411e+00 -9.999015e+00
4.875809e+00 1.113900e+01
7.977659e+00 -6.873502e-01
-1.278103e-01 -4.786779e+00
-4.304115e+00 -4.602499e+00
-1.060752e+01 8.242940e+00
-9.923152e+00 -6.303069e+00
8.168611e+00 -3.279463e+00
1.016454e+01 9.422894e+00
-4.030941e+00 -3.057419e+00
-8.005671e+00 -6.501287e+00
-1.575839e+00 -3.567572e+00
-8.398019e+00 5.819677e+00
-6.278307e+00 6.718576e+00
4.218550e+00 4.980774e+00
-6.573408e+00 1.109262e+01
-8.281371e+00 -7.787404e+00
-7.148392e+00 -1.040645e+01
-3.288086e+00 -9.093795e+00
1.009404e+01 1.721771e+00
1.033195e+01 -5.439115e+00
-2.880697e+00 7.960783e+00
8.952220e+00 9.753600e+00
-8.516158e+00 1.052795e+01
9.753013e+00 -1.076159e+01
7.291224e+00 -3.832476e+00
2.641899e+00 3.391389e+00
9.187285e+00 6.790824e+00
-1.077464e+01 3.582486e+00
5.293691e+00 4.343050e+00
1.530605e+00 -1.021371e+01
-6.640406e-01 8.263666e+00
-2.029059e-01 -1.029195e+00
6.652088e+00 7.448550e+00
9.811419e+00 -1.942210e+00
5.822454e+00 -3.223598e+00
-1.876641e+00 -8.566874e+00
1.483651e+00 7.167489e+00
-7.274156e+00 8.773969e+00
-1.666508e+00 1.020043e+01
2.122571e+00 1.115857e+01
-1.099810e+01 -5.588312e+00
6.828466e+00 -1.229035e+00
4.546502e-01 1.019948e+01
-6.990142e+00 -7.867659e+00
-9.010045e+00 -6.870647e+00
1.110629e+01 -9.123731e+00
3.846355e+00 1.429049e+00
2.730492e+00 2.101729e+00
-9.365113e+00 1.997820e-01
-1.314901e+00 1.481789e+00
9.110138e+00 -3.733881e+00
-2.070551e+00 1.112432e+01
-3.208149e+00 1.106717e+01
7.630071e+00 7.096456e+00
9.112344e+00 5.688189e+00
1.051862e+01 -6.573834e+00
7.580571e+00 8.167451e+00
2.709835e+00 4.441481e+00
-9.620855e+00 8.619663e+00
3.075031e+00 1.008232e+01
9.932634e+00 -9.411714e+00
2.479951e+00 7.617802e+00
-1.085766e+01 -6.950387e+00
8.487589e+00 -7.815222e+00
-5.804856e+00 9.166868e-01
1.109531e+01 -2.341801e+00
-4.589799e+00 -7.564176e+00
6.825246e+00 -8.769942e+00
4.626819e+00 2.266542e+00
3.911985e+00 -2.898571e+00
9.411880e+00 -8.419499e+00
-1.116885e+01 1.018450e+01
8.259151e+00 3.481225e+00
-6.997303e+00 -7.885943e-01
-6.448861e-01 7.057164e+00
6.402689e-01 -4.318685e-01
-1.116244e+01 -3.542539e+00
-9.223740e+00 6.443652e+00
7.522398e-01 -4.251260e+00
4.631860e+00 -8.680975e+00
1.045913e+01 6.260834e+00
9.657197e-01 -9.288439e+00
-2.353580e+00 5.757298e+00
4.185093e+00 6.219300e+00
-1.116566e+01 7.200563e+00
-2.569525e+00 4.634207e+00
8.797268e+00 -9.419335e+00
-2.621059e+00 -3.226298e+00
1.000352e+01 -3.161356e+00
-2.690135e+00 3.183032e+00
7.500288e+00 -6.634094e+00
-9.858840e+00 4.314825e+00
5.148681e+00 -9.740489e+00
1.704463e+00 -6.018751e+00
-7.398896e+00 -8.882878e+00
-7.206024e+00 4.005304e+00
5.953104e+00 -5.370939e+00
-9.029502e+00 4.934003e+00
-4.492155e+00 7.585707e+00
