7.855024e+00 -7.354668e+00
-8.941883e+00 6.474550e+00
-3.820367e+00 9.344933e+00
-7.328644e+00 -2.076193e+00
1.095444e+01 3.736305e+00
-9.513137e+00 -5.091110e+00
-1.053444e+01 -3.898584e-01
-7.210297e+00 4.539039e+00
1.060170e+01 -3.636031e+00
8.441767e+00 -3.941171e-02
-3.126140e+00 8.605470e+00
1.019174e+01 5.839270e+00
1.111573e+01 4.074628e-01
1.005266e+01 5.254428e-01
-4.645720e+00 3.561375e+00
4.624665e+00 3.262784e+00
9.869885e+00 1.567644e+00
-8.383980e+00 9.772504e+00
-5.870798e+00 -7.270415e+00
-4.848238e+00 -6.815768e+00
1.098351e+01 -7.723598e+00
1.095138e+01 -6.711238e+00
2.773940e+00 -6.333585e+00
8.625095e+00 -1.175579e+00
6.080144e+00 1.275473e+00
1.102126e+01 6.657076e+00
-5.181406e+00 2.274956e-01
5.063522e+00 -1.035088e+01
5.430430e+00 1.670776e-01
-1.076076e+01 5.407950e+00
-3.326449e+00 4.976839e+00
6.288363e+00 -3.438508e+00
-8.418421e+00 2.643772e+00
9.145940e+00 8.599947e+00
-2.045836e+00 2.862651e+00
-1.027265e+01 9.470449e+00
-1.039609e+01 -7.132856e+00
-6.270834e+00 -9.391648e+00
-8.511310e+00 -6.444347e+00
-5.133013e+00 6.758261e+00
-8.146688e+00 -8.907146e+00
-9.389730e+00 -1.925244e+00
-8.287237e+00 -9.931014e+00
-8.296593e+00 8.556633e+00
-9.229573e+00 -7.210515e+00
9.732278e+00 6.747205e+00
-9.099478e+00 1.252824e+00
-9.167054e+00 -3.030388e+00
9.370989e+00 -3.641216e+00
-9.499922e+00 2.276107e+00
7.404911e+00 1.846654e+00
-3.034533e+00 9.460477e-01
4.345963e+00 5.973092e-02
-1.026936e+01 4.407946e+00
8.840615e+00 1.036151e+00
-6.446518e+00 6.462965e-01
-4.140561e-01 3.859873e+00
-6.107659e+00 -1.680662e+00
-6.334416e+00 3.969560e+00
-4.016134e+00 7.104243e+00
6.721695e+00 -9.977419e+00
7.081098e+00 8.876323e+00
9.842727e+00 -1.067662e+01
-5.006046e+00 -7.946925e+00
-6.740781e+00 2.899245e+00
1.079689e+01 -4.702455e+00
-1.049310e+01 -4.723650e+00
-8.315240e+00 -1.289614e+00
8.858248e+00 -7.404760e+00
7.595433e+00 -3.230052e+00
-2.571726e+00 3.790515e+00
6.772519e+00 4.510074e-01
-2.321770e+00 -1.212313e+00
1.234187e+00 7.228781e+00
-5.441997e+00 8.810665e+00
4.719426e+00 4.569592e+00
-6.420350e+00 -2.676686e+00
-7.336665e+00 8.042438e+00
1.115051e+01 -2.763354e+00
-6.438475e+00 -1.065328e+01
4.349822e+00 -9.542529e+00
-8.029506e+00 -7.617885e+00
9.212188e-01 9.012781e+00
6.168011e+00 -6.107055e+00
8.328073e+00 -6.424638e+00
7.468761e+00 -2.317102e-01
-5.400917e+00 -4.469626e+00
-1.027577e+00 5.020513e+00
5.809620e+00 -7.005342e+00
3.987694e+00 -6.176984e+00
-1.016465e+01 -2.724845e+00
-1.850999e-01 -3.204341e-01
-3.588137e+00 -1.577594e+00
2.711642e+00 2.479932e+00
7.263860e+00 4.572367e+00
2.451630e+00 -4.136030e+00
9.432332e+00 5.194881e+00
-7.183111e+00 -3.707525e-01
-6.303637e+00 5.308635e+00
9.813652e+00 -5.107505e+00
-8.080653e+00 1.608689e+00
4.081661e+00 -1.049960e+01
-9.119768e+00 -8.330386e+00
-9.630212e+00 -6.211208e+00
-4.037258e+00 -8.476115e+00
1.107275e+01 -8.723644e+00
-1.791795e+00 -7.226096e+00
9.115372e+00 3.242230e+00
-7.468535e+00 -3.032968e+00
-7.510723e+00 -6.469349e+00
-8.607048e+00 2.222417e-01
-1.901796e+00 -2.318707e+00
9.784025e-01 -1.011566e-01
-1.965983e+00 1.120312e+00
6.769334e+00 6.870925e+00
9.867231e+00 9.804364e+00
-6.077613e+00 6.326894e+00
-7.339070e+00 -9.544226e+00
-8.777426e+00 4.592863e+00
-7.751245e+00 1.050195e+01
-2.148727e+00 5.969670e+00
-5.165995e+00 5.659325e+00
-1.319198e+00 -9.640668e+00
-1.074090e+01 -9.687956e+00
4.487986e+00 -5.225979e+00
-6.246781e+00 -3.787225e+00
-5.336979e+00 -5.911190e+00
-5.731493e+00 1.093740e+01
-4.803946e+00 2.177125e+00
-5.729460e+00 1.750010e+00
6.574238e+00 -4.557160e+00
-2.655908e+00 -5.522744e+00
-7.007214e+00 1.906233e+00
8.912207e+00 6.096756e+00
-3.986550e+00 1.057932e+01
2.359462e+00 8.997315e+00
2.159413e+00 -1.888190e+00
2.741994e+00 4.924410e+00
-3.523738e-01 5.881613e+00
3.916395e-01 8.101677e+00
-8.248716e+00 5.620754e+00
-2.026386e+00 8.160122e+00
-9.620238e+00 -9.832589e+00
-7.539250e+00 -1.068303e+01
-7.472402e+00 -4.327322e+00
-4.170054e+00 8.218626e+00
-5.400273e+00 -3.064308e+00
-2.769799e-01 -5.853343e+00
-3.354498e+00 -3.786762e-01
-4.567354e+00 -8.339211e-01
3.144163e-01 7.811101e-01
-4.204024e+00 1.478325e-01
-7.243308e+00 5.700305e+00
-3.888058e+00 -7.279137e+00
9.193575e-01 1.948947e+00
1.881235e+00 1.773334e+00
-6.030927e+00 -8.318318e+00
-6.608387e+00 7.369551e+00
3.538342e+00 4.237389e+00
-7.727096e-02 -3.766978e+00
-4.149792e+00 5.814827e+00
-5.305601e+00 4.334954e+00
4.506838e+00 -7.083875e+00
-4.272710e+00 -2.894479e+00
-9.768462e+00 3.829933e-01
-1.894647e-01 1.728532e+00
-8.091768e-01 2.887273e+00
-8.472711e+00 -4.625418e+00
-4.580520e+00 1.141024e+00
-1.273383e+00 1.946506e+00
-2.285359e+00 9.328842e+00
4.365806e+00 -8.358850e+00
-1.150852e+00 -8.089172e+00
2.227521e+00 -1.064553e-01
-9.224301e+00 3.482053e+00
-4.990128e+00 -1.845035e+00
1.847718e+00 6.307492e+00
7.989341e-01 -1.026501e+01
7.162132e+00 1.060388e+01
-2.924728e+00 -2.503929e+00
-2.539626e+00 -9.694165e+00
-1.486244e+00 3.987453e+00
-1.624572e+00 -4.158354e+00
-5.249669e+00 7.750108e+00
9.344995e+00 1.066857e+01
4.005922e+00 1.074858e+01
-2.923910e+00 -7.488427e+00
-6.289345e+00 -6.257395e+00
-1.984754e+00 -8.760710e+00
-1.017116e+01 3.040720e+00
-1.041269e+01 -1.707380e+00
-3.907122e+00 -6.269128e+00
-3.389003e+00 2.946435e+00
-3.865726e+00 1.866661e+00
3.204598e+00 -1.015573e+00
8.646337e+00 9.622644e+00
-2.315092e-02 -2.491851e+00
3.276852e+00 -9.689954e+00
1.411668e+00 5.390059e+00
6.884109e+00 -6.901159e+00
2.438592e+00 -7.660957e+00
3.031853e+00 -1.099243e+01
7.775904e+00 7.750852e+00
-9.460779e+00 -4.000585e+00
-3.185841e+00 6.469751e+00
7.897823e+00 2.816364e+00
1.399441e+00 -8.074675e+00
-1.401488e+00 -6.185917e+00
2.155682e+00 -1.000890e+01
3.312433e-01 -4.966280e+00
1.725236e+00 4.328869e+00
-2.598529e+00 -6.518375e+00
-3.762322e+00 -1.055110e+01
-2.839113e+00 2.061137e+00
3.355435e+00 -8.520007e+00
3.360526e+00 -4.382660e-02
4.562139e+00 6.269934e+00
7.012445e-01 3.600122e+00
-2.632142e-01 9.298990e+00
1.574080e+00 7.664317e-01
1.733999e+00 1.108570e+01
-8.499231e+00 -1.097661e+01
-1.296381e+00 9.702488e+00
-6.488625e+00 8.708592e+00
4.758235e+00 -2.056283e+00
-1.165708e+00 -2.925349e+00
5.130474e+00 -4.196271e+00
-2.787935e+00 -4.446209e+00
1.092606e+01 1.559944e+00
5.604571e-01 4.626567e+00
2.810828e+00 9.801022e-01
1.586345e+00 2.835335e+00
-4.688778e+00 -1.102828e+01
-3.614055e+00 3.983862e+00
-5.932821e-01 -1.620325e+00
6.658963e+00 3.592480e+00
8.262618e+00 5.299369e+00
5.406165e+00 1.100248e+01
4.247790e+00 -2.976697e+00
-2.989662e+00 -8.714214e+00
-4.914898e+00 9.963069e+00
-2.751797e+00 -1.083139e+01
-2.976174e+00 7.551417e+00
6.590815e+00 7.859699e+00
-4.333692e+00 -5.292408e+00
-1.263609e+00 -7.272331e-01
5.811979e+00 9.147041e+00
-2.954872e+00 1.020736e+01
-7.509448e+00 7.340753e-01
1.055003e+01 -5.771807e+00
1.357867e+00 -4.598640e+00
9.128867e-01 -3.470568e+00
8.408970e+00 -9.793079e+00
4.273553e+00 -1.037380e+00
-2.059776e+00 1.075632e+01
-2.113832e+00 -8.762559e-02
2.114888e+00 -5.450875e+00
8.672290e+00 -8.474952e+00
8.145130e+00 1.079416e+01
2.265946e+00 -8.882802e+00
8.186064e+00 4.176117e+00
9.210508e+00 -5.967794e+00
-4.050605e+00 -4.237091e+00
-6.686714e+00 1.055910e+01
1.023016e+01 2.612232e+00
3.930721e+00 -4.194378e+00
1.013559e+01 -2.578345e+00
5.631700e+00 -5.245769e+00
7.794596e+00 8.228880e-01
1.636529e+00 -6.667288e+00
-2.283725e+00 -3.344555e+00
3.566718e+00 3.055599e+00
1.070508e+01 -8.188859e-01
4.969559e+00 1.343911e+00
4.687422e+00 8.908378e+00
3.534485e+00 6.990539e+00
3.542841e+00 8.334060e+00
2.001070e+00 9.912370e+00
7.674219e+00 9.802660e+00
5.264714e+00 5.495268e+00
7.664759e+00 -1.057358e+01
1.589217e+00 -9.936470e-01
3.749822e+00 9.366389e+00
2.127527e-01 1.101594e+01
1.064675e+01 4.857500e+00
-4.272161e+00 -9.689863e+00
7.389677e-01 -7.210453e+00
5.610976e+00 -8.171768e+00
8.744374e+00 -4.477631e+00
3.092272e+00 -5.208690e+00
-7.169008e-01 -4.695094e+00
2.001921e+00 -3.186199e+00
5.482582e+00 7.911831e+00
2.457795e+00 3.575968e+00
-1.784938e+00 -1.055900e+01
-6.023310e+00 -3.640306e-01
1.053944e+01 8.560927e+00
5.156518e+00 2.344027e+00
-1.159020e+00 8.712087e+00
-9.655723e+00 5.706881e+00
1.053067e+01 1.085053e+01
1.043324e+01 -9.819259e+00
3.722458e+00 1.997859e+00
6.748441e+00 -2.562813e+00
3.144526e+00 -3.424135e+00
3.932835e+00 1.028729e+00
-1.086366e+01 -1.081700e+01
7.539248e+00 -1.798335e+00
5.750787e+00 4.341923e+00
-3.320561e+00 -3.389251e+00
-7.763795e+00 -5.361354e+00
-2.486821e-01 -9.084194e+00
-7.313333e+00 9.389525e+00
-8.496424e+00 7.529022e+00
2.281786e+00 7.434271e+00
9.794032e+00 7.833708e+00
-6.911588e+00 -7.335550e+00
-9.298458e+00 9.030145e+00
3.038770e+00 1.023689e+01
3.894281e+00 5.268668e+00
8.804664e+00 -1.067027e+01
-9.501637e+00 1.011914e+01
-9.730959e+00 -1.096527e+01
8.095231e+00 8.721757e+00
7.443453e+00 -8.750653e+00
6.411374e+00 -1.095765e+01
-2.250588e+00 4.879883e+00
4.948841e+00 9.982128e+00
5.719827e+00 3.219834e+00
-4.336302e+00 4.585663e+00
4.433033e+00 7.558388e+00
-5.439641e+00 -1.001164e+01
-1.102584e+00 6.593140e+00
2.191040e-01 2.646724e+00
6.484316e+00 -1.227761e+00
5.433035e+00 -9.327885e+00
3.731099e-01 -8.275377e+00
3.164519e-02 7.040805e+00
-9.557680e+00 7.327094e+00
-7.363554e-01 -1.051051e+01
6.651493e+00 -7.945331e+00
-6.270374e+00 -5.150376e+00
8.739081e+00 -2.347277e+00
1.680866e+00 8.286050e+00
-1.019694e+01 -8.170591e+00
-8.308185e+00 -3.623782e+00
1.097357e+01 9.868121e+00
7.583037e+00 -4.234830e+00
1.092420e+00 -2.496064e+00
-9.286542e+00 -7.522402e-01
5.065613e-01 -1.543726e+00
9.438908e+00 -4.993261e-01
-2.579542e-01 -7.034680e+00
-1.042525e+00 7.652000e+00
6.290687e+00 2.354897e+00
5.704679e+00 6.539750e+00
-7.175796e+00 -8.463851e+00
6.289226e+00 5.299025e+00
6.433399e-01 6.066604e+00
-1.110334e+01 7.752246e+00
6.380898e+00 -8.955303e+00
9.897213e+00 -6.798208e+00
9.451331e+00 -9.442866e+00
-1.047483e+01 1.057191e+01
9.646659e+00 -1.628266e+00
-1.115442e+01 2.605254e+00
-1.036116e+01 1.289954e+00
-1.712932e+00 -5.240047e+00
3.413544e+00 -7.122796e+00
-7.668073e-01 5.574433e-01
3.412681e+00 -2.095231e+00
8.200580e+00 -5.320275e+00
8.785126e+00 7.362709e+00
5.456074e+00 -9.021717e-01
9.976941e+00 3.953778e+00
-1.006575e+00 1.075870e+01
5.849650e+00 -2.053511e+00
8.915114e+00 2.031202e+00
-7.728630e+00 6.649557e+00
5.118999e+00 -6.151236e+00
9.811529e+00 -8.138093e+00
7.958353e+00 6.493261e+00
1.026900e+00 1.025784e+01
-2.059226e+00 7.145793e+00
6.200707e+00 1.009264e+01
7.232963e+00 5.805600e+00
-1.030036e+01 6.610166e+00
7.355527e+00 -5.978296e+00
1.079970e+00 -5.860490e+00
-1.079579e+01 -5.756247e+00
5.262926e+00 -3.067171e+00
-1.044345e+01 -3.665903e+00
-7.585293e+00 3.554295e+00
2.989930e+00 5.940129e+00
1.125180e+00 -9.152337e+00
-5.055813e+00 -8.998633e+00
-5.492825e+00 2.955418e+00
-8.392165e+00 -2.404268e+00
-1.008255e+01 8.263281e+00
-6.011144e+00 9.808644e+00
