-1.094437e+01 -8.304391e+00
-9.892860e+00 8.235958e+00
-1.038672e+01 1.093018e+01
-9.438914e+00 -6.940787e+00
-9.487462e+00 -8.070928e-01
-8.267998e+00 -7.647188e-01
-6.625763e+00 -4.072646e-01
-1.003817e+01 2.005647e+00
5.222696e+00 -4.605384e+00
-1.075612e+01 1.099381e+00
5.008157e+00 5.135831e+00
-1.064134e+01 2.972666e+00
9.987404e+00 2.720245e+00
7.814226e+00 4.576701e+00
-6.589349e+00 7.676790e+00
8.465230e+00 1.445956e+00
-8.432616e+00 5.275879e+00
-5.352456e+00 8.300556e+00
9.703596e+00 -9.029176e+00
-9.118225e+00 -1.083916e+01
-8.092413e+00 -3.614610e+00
-8.925571e+00 -4.158039e+00
8.998440e+00 -5.845577e+00
-7.157627e+00 -2.443087e+00
-8.097864e+00 -2.631722e+00
-9.510572e+00 2.943135e+00
-6.129326e+00 -2.666671e+00
1.007582e+01 -1.871193e+00
5.218534e+00 -3.311777e+00
1.031823e+01 4.533828e+00
-8.973783e+00 3.780552e+00
8.214083e+00 -1.191552e+00
-7.923341e+00 1.157682e+00
1.098034e+01 2.106493e+00
3.441047e+00 3.151973e-01
9.368764e+00 8.302053e+00
-9.328915e+00 -9.438991e+00
-6.423991e+00 8.800462e+00
-1.018597e+01 -1.037125e+01
-9.599022e+00 7.230813e+00
-5.826191e+00 -9.511988e+00
-1.054846e+01 -4.914281e+00
-1.093554e+01 1.000947e+01
-9.345124e+00 1.034727e+01
-8.579168e+00 -6.493038e+00
-5.436447e+00 -7.201413e-01
-8.874884e+00 2.084770e+00
-7.707076e+00 1.499034e-01
1.051085e+01 1.223846e+00
-8.051463e+00 4.069121e+00
9.520032e+00 -9.945396e-01
-5.874546e+00 1.282433e+00
-1.114253e+01 1.106533e-01
9.223510e+00 5.031783e+00
3.963327e+00 1.970240e+00
-3.508677e+00 3.995568e+00
1.038070e+01 1.026144e+01
-1.741241e+00 5.040221e+00
-5.348142e+00 5.073274e+00
-3.211571e+00 7.803167e+00
9.311767e+00 -4.889021e+00
-4.383058e-01 9.824285e+00
-9.163231e+00 -5.551537e+00
-5.617441e+00 -7.966486e+00
-6.808175e+00 8.461521e-01
-7.416349e+00 -1.377116e+00
-6.928875e+00 -4.843132e+00
-6.017344e+00 -3.963628e+00
9.033686e+00 -1.835122e+00
-6.272999e+00 -1.417856e+00
-6.420184e+00 5.361435e+00
7.691698e+00 7.342072e-01
1.354691e+00 -1.499653e+00
8.154307e+00 5.517544e+00
9.987280e+00 9.114623e+00
2.893986e+00 1.592933e+00
-5.871376e+00 3.222240e+00
-3.621227e+00 6.015709e+00
-7.942776e+00 6.447891e+00
-9.832012e+00 -8.484798e+00
-1.227870e+00 9.210823e+00
-8.300231e+00 -9.697223e+00
-2.556170e+00 1.038158e+01
-1.031088e+01 -6.281122e+00
-9.352464e+00 -2.799540e+00
1.051607e+01 -2.836983e+00
-5.346641e+00 -6.035168e+00
-7.518022e+00 2.273992e+00
-9.992881e+00 -3.728377e+00
4.149847e+00 -8.492599e+00
-7.552721e+00 -6.705066e+00
-4.350243e+00 -1.765924e-01
-7.431863e+00 5.386258e+00
-4.730014e+00 5.923042e+00
9.042322e+00 6.130889e+00
5.695319e+00 -1.309675e-02
7.858937e+00 3.280987e+00
1.101380e+01 -3.841092e+00
9.035640e-01 7.308734e+00
1.103549e+01 -5.924631e+00
-8.726807e+00 9.460930e+00
4.500281e-01 1.057052e+01
-5.820107e+00 -1.066060e+01
-5.853707e+00 -5.094647e+00
-4.898313e+00 -9.944505e+00
1.114557e+01 -1.887700e+00
-1.210347e+00 -8.937272e+00
-1.004535e+01 1.058409e-01
-6.791711e+00 -1.006813e+01
-4.138979e+00 -3.563869e+00
-4.858077e+00 8.174407e-01
-4.302434e+00 2.059556e+00
-4.630975e+00 3.142647e+00
-1.830985e+00 1.521852e+00
9.850959e+00 7.030916e+00
1.078409e+01 3.580264e+00
-5.612843e+00 6.918677e+00
-9.994654e+00 9.274306e+00
1.008467e+01 5.514712e+00
-1.021480e+01 5.607240e+00
-2.149369e+00 6.035845e+00
-1.436710e+00 6.888359e+00
-4.851539e+00 -1.113038e+01
-6.128085e+00 -7.084723e+00
-2.619023e-02 -7.832644e+00
-3.389779e+00 -7.246772e+00
-4.068317e+00 -6.339542e+00
-2.617336e+00 -6.492406e+00
-5.295957e+00 2.349179e+00
-3.662867e+00 2.882221e+00
-3.502492e+00 -4.458810e+00
-1.580956e+00 -1.572817e+00
-8.301733e+00 3.056788e+00
-1.010156e+01 3.863308e+00
-1.011254e+00 5.822421e+00
3.029832e+00 7.595581e+00
-4.056492e+00 5.062277e+00
1.091381e+01 6.866049e+00
-2.691909e+00 3.321665e+00
-2.945626e+00 5.122941e+00
-6.705323e+00 6.521229e+00
1.896520e+00 6.879374e+00
-4.428073e+00 1.025235e+01
-8.172228e+00 1.037889e+01
-7.925254e+00 -1.068545e+01
-5.818194e+00 1.063418e+01
-6.589108e+00 -6.070651e+00
-4.289998e+00 -5.270068e+00
-6.564543e+00 -8.683607e+00
-3.349026e+00 -2.832378e+00
-2.473593e+00 -2.081489e+00
-1.388642e+00 -7.908009e+00
-1.087115e+01 4.705425e+00
1.804424e-01 -3.065948e+00
-4.102827e-01 3.634283e+00
-8.140087e-01 -3.362736e-02
-4.965385e+00 -4.492936e+00
-4.664909e+00 7.171302e+00
-2.508213e+00 7.001335e+00
-3.259710e+00 -3.004983e-02
-2.203530e+00 8.347071e+00
-6.531991e+00 9.895056e+00
-2.324283e-02 8.783283e+00
-4.265710e+00 -7.933638e+00
-5.838769e+00 3.273219e-01
-5.119358e+00 -3.323751e+00
-3.828930e+00 -1.051509e+01
-7.008434e+00 -3.713683e+00
-3.086962e+00 -5.531403e+00
-1.721060e+00 -9.938677e+00
-4.631233e-01 1.091613e+01
1.163771e+00 -5.224658e+00
-2.418622e+00 -7.637692e+00
-1.374312e+00 3.998687e+00
-9.388245e+00 4.870137e+00
-4.840248e+00 4.114237e+00
2.502430e-01 5.566013e+00
-7.297450e+00 -7.787317e+00
1.935896e+00 7.882621e+00
-4.227792e+00 -2.337193e+00
-3.971792e+00 -9.481991e+00
-4.311807e+00 8.171338e+00
9.380790e-01 -9.511021e+00
-7.065153e+00 1.100350e+01
-7.454455e+00 -9.132425e+00
-1.341464e+00 -1.085754e+01
-1.319867e-01 -8.963352e+00
-8.574407e+00 -8.528535e+00
-3.437907e+00 -8.497226e+00
-7.134332e+00 3.252935e+00
-6.407516e+00 2.320856e+00
-2.782077e+00 -3.630647e+00
-8.965190e+00 6.236551e+00
-3.170564e+00 1.981815e+00
3.910191e+00 4.508760e+00
-1.047107e+01 6.652575e+00
-7.368290e-01 2.396340e+00
5.082452e+00 8.492363e+00
4.564127e+00 6.133402e+00
-1.057514e+01 -7.343471e+00
3.875826e+00 9.533555e+00
2.777504e+00 1.107820e+01
4.190621e+00 7.207170e+00
-4.853197e+00 -7.150725e+00
1.116263e+00 8.563767e+00
6.481780e+00 9.746887e+00
-1.484239e+00 1.046718e+01
1.990207e+00 -9.444382e+00
6.020008e+00 -5.248981e+00
-3.405742e+00 -1.628776e+00
4.105323e+00 1.000084e+00
9.885081e-01 -3.722074e+00
1.048373e+00 6.136184e+00
-5.227728e+00 -1.829930e+00
-2.946861e-01 4.722046e+00
-2.574399e+00 -9.450523e-01
2.318987e+00 5.785325e+00
-7.647910e-01 7.697135e+00
6.105167e+00 8.752093e+00
-1.641067e+00 2.807902e+00
4.741654e-01 -1.048356e+01
-7.671423e+00 9.495209e+00
4.227186e+00 -9.663745e+00
-3.478671e+00 1.089989e+01
1.933212e+00 -6.296338e+00
-4.482901e-01 -6.888860e+00
2.577725e+00 -8.300430e+00
-1.339728e+00 -4.673064e+00
3.943082e+00 -5.675764e+00
5.188528e+00 9.632305e-01
-6.184561e+00 4.222521e+00
-1.874696e+00 6.713543e-03
-7.575727e-01 9.890539e-01
-2.095340e-01 6.728829e+00
-5.983267e-01 -1.050541e+00
6.905700e+00 2.743010e+00
3.092915e+00 3.812994e+00
2.838361e+00 9.985639e+00
3.798070e+00 1.056517e+01
3.021698e+00 8.853015e+00
3.528926e+00 5.484975e+00
1.708131e+00 -1.046802e+01
-2.939819e+00 9.220734e+00
1.964967e+00 9.236951e+00
-2.411859e+00 -1.093285e+01
-7.764931e-01 -5.759708e+00
5.501633e+00 -1.048938e+01
5.067771e+00 -5.670980e+00
-3.698317e+00 1.157594e+00
-4.353133e+00 -1.259087e+00
8.224715e-01 -6.927143e+00
-5.820680e-01 -3.902982e+00
1.288908e+00 3.099505e+00
7.120509e+00 5.308992e+00
5.955400e-01 4.141847e+00
-2.715285e+00 8.501195e-01
1.846234e+00 -7.309581e+00
4.092721e+00 -1.067378e+01
7.611642e+00 9.459922e+00
1.913118e+00 1.049048e+01
6.692139e+00 6.418141e+00
3.204483e+00 -9.225844e+00
-6.716973e-01 -1.003789e+01
-4.042527e+00 9.153231e+00
7.179234e+00 8.491189e+00
4.149136e+00 -4.546707e+00
8.312883e+00 -4.844087e+00
4.119231e+00 -6.834566e+00
1.283225e+00 -2.553180e+00
-1.994141e+00 -5.696894e+00
-2.490783e+00 -4.688807e+00
1.855620e-01 1.537941e+00
8.650308e+00 -2.521771e-01
2.745382e+00 4.838731e+00
5.758988e+00 5.901569e+00
4.327273e+00 3.095843e+00
6.339362e+00 7.675021e+00
4.988135e+00 9.694019e+00
6.487576e+00 -9.825619e+00
7.225545e+00 1.063128e+01
6.344514e+00 -7.318630e+00
5.654644e+00 -2.354034e+00
5.220613e+00 -8.158031e+00
1.026191e+00 9.624369e+00
5.391514e+00 6.933899e+00
-4.917156e+00 -8.760598e+00
2.693159e+00 -1.025350e+01
3.193485e+00 -7.552787e+00
4.562197e+00 -2.197161e+00
2.540826e+00 -2.797740e+00
-1.652530e+00 -3.392907e+00
3.512673e+00 -2.072608e+00
1.470056e+00 4.968604e+00
2.096940e+00 2.349584e+00
1.834744e+00 3.965227e+00
1.462522e+00 1.332900e+00
7.336164e+00 -1.060443e+01
2.430881e+00 -1.479911e+00
5.695245e+00 2.997907e+00
8.844112e+00 7.214613e+00
6.404803e+00 -1.108036e+01
7.215442e+00 -8.338116e+00
1.065149e+00 -8.191225e+00
3.111792e+00 -3.809680e+00
3.097091e+00 -6.512580e+00
7.627634e+00 -3.722562e+00
5.307553e+00 -9.293316e+00
5.356738e+00 -6.684986e+00
7.211075e+00 -2.307373e+00
-2.288119e+00 -8.771216e+00
9.043147e-03 -4.791463e+00
2.841549e-01 -1.854328e+00
9.476805e+00 1.638272e+00
8.426143e+00 -1.007580e+01
4.883988e+00 3.905850e+00
-1.079171e+01 7.706119e+00
1.092274e+01 -1.116244e+01
8.806690e+00 -1.114022e+01
8.802604e+00 9.426514e+00
4.843886e+00 1.088210e+01
6.225071e+00 -8.500547e+00
6.606057e+00 -6.286144e+00
1.033209e+01 -7.880836e+00
7.476021e+00 -9.289001e+00
1.037758e+01 -5.054360e+00
-1.047166e+01 -2.761266e+00
-7.787081e+00 7.430054e+00
7.711264e+00 -6.182975e+00
3.417845e+00 -8.733470e-01
-2.903086e+00 -9.831797e+00
6.742608e+00 3.749106e+00
2.320207e+00 6.450409e-01
5.159668e+00 2.118040e+00
1.079937e-01 4.581466e-01
5.833168e+00 4.533743e+00
5.716175e+00 1.036120e+01
3.398279e+00 6.458415e+00
9.901820e+00 -1.104060e+01
8.262844e+00 1.033930e+01
6.518505e+00 -3.127576e+00
1.079137e+01 -7.064183e+00
-8.064874e+00 -4.717875e+00
8.262055e+00 -2.491620e+00
8.325866e+00 8.380030e+00
-7.854074e+00 -5.730084e+00
9.119210e+00 6.716105e-01
9.406016e+00 -2.876311e+00
4.019193e+00 -3.074059e+00
-8.746575e-01 -2.704616e+00
6.553817e+00 -1.462760e+00
4.970149e-01 -6.907205e-01
2.739375e+00 -5.478528e+00
2.504186e+00 -3.983823e-01
2.795971e-01 2.702404e+00
1.043009e+01 7.892957e+00
-1.116757e+01 8.813872e+00
8.656803e+00 -8.677894e+00
7.304798e+00 1.627053e+00
9.589844e+00 -1.002856e+01
1.076477e+01 -9.089704e+00
7.639123e+00 -7.316131e+00
7.337153e+00 -5.217446e+00
1.000633e+01 -3.821359e+00
-1.051051e+01 -9.330015e+00
-9.905513e+00 -1.757133e+00
7.254162e+00 -5.210149e-01
-8.665045e+00 -1.788185e+00
2.878278e-01 -5.832468e+00
-1.486867e+00 -6.726335e+00
4.445437e+00 8.949387e-02
5.560944e+00 -1.183076e+00
2.029962e+00 -4.599556e+00
8.704256e+00 3.944247e+00
6.149571e+00 1.866193e+00
7.849720e+00 6.535107e+00
4.040368e+00 8.254461e+00
6.495248e+00 5.481526e-01
8.971529e+00 2.849423e+00
-8.871604e+00 8.159555e+00
6.217834e+00 -4.231302e+00
9.700913e+00 -6.706420e+00
7.816551e+00 7.569305e+00
9.268272e+00 -7.703985e+00
-5.408627e+00 9.555612e+00
8.623775e+00 -6.854184e+00
-8.784361e+00 1.387491e-01
-9.489370e+00 1.099345e+00
8.741708e+00 -3.645995e+00
4.398767e+00 -1.120821e+00
-1.059158e+01 -9.511417e-01
1.065211e+01 -7.746056e-01
1.013989e+01 2.247105e-01
9.684082e+00 3.782917e+00
3.138306e+00 2.717862e+00
1.218149e+00 8.339410e-03
1.084856e+01 -1.009050e+01
1.113076e+01 5.856172e+00
-8.603147e+00 -7.557917e+00
9.339390e+00 1.030413e+01
-7.652287e+00 8.501785e+00
