9.859855e+00 -8.329538e+00
-8.256013e+00 7.833050e+00
-4.706091e+00 1.037875e+01
-7.576888e+00 7.090024e-01
-1.034200e+01 2.797986e+00
-1.111975e+01 -5.375550e+00
9.275760e+00 -3.095393e+00
-6.690296e+00 4.716053e+00
9.912080e+00 -4.127608e+00
9.089899e+00 -1.346307e+00
-3.814984e+00 9.850449e+00
-1.072557e+01 5.678394e+00
1.048577e+01 1.660180e+00
1.012673e+01 -7.898042e-01
-2.278241e+00 5.106854e+00
6.880382e+00 3.489640e+00
9.730106e+00 7.640049e-01
-8.165727e+00 1.115887e+01
-5.862579e+00 -6.384832e+00
-4.825808e+00 -6.487029e+00
1.064101e+01 -7.583073e+00
9.280682e+00 -6.105357e+00
2.418044e+00 -8.334489e+00
4.726784e+00 -3.206081e+00
6.714980e+00 3.799214e-01
-9.265866e+00 7.227914e+00
-4.746094e+00 3.426883e+00
4.878017e+00 -1.095481e+01
5.656881e+00 -1.074963e+00
-9.501536e+00 6.135397e+00
-1.336666e+00 4.434779e+00
2.148551e+00 -3.475036e+00
-9.098265e+00 2.572451e+00
1.073836e+01 6.626577e+00
-2.626214e-01 3.511632e+00
-9.070350e+00 8.975481e+00
1.040744e+01 -6.301188e+00
-7.313684e+00 -7.961821e+00
-9.601012e+00 -5.506833e+00
-4.429529e+00 6.447072e+00
-9.697743e+00 -6.603971e+00
1.034017e+01 -3.094644e+00
-8.425165e+00 -8.394944e+00
-7.610252e+00 1.006057e+01
-1.058439e+01 -8.000886e+00
1.052529e+01 5.127130e+00
-1.021612e+01 5.229876e-01
-8.877208e+00 -1.640350e+00
7.508364e+00 -2.438638e+00
-6.337025e+00 6.095782e-01
7.795003e+00 -1.175863e+00
-3.683209e+00 1.219570e+00
5.646581e+00 1.489101e-02
-9.749114e+00 5.018544e+00
7.674073e+00 -3.984434e-02
-7.100140e+00 1.626565e+00
6.940354e-01 5.084616e+00
-6.727114e+00 -1.528051e+00
-7.134478e+00 3.685252e+00
-3.349449e+00 6.827050e+00
8.028311e+00 -1.030128e+01
8.453305e+00 8.976311e+00
-1.088063e+01 1.025203e+01
-5.426715e+00 -7.358947e+00
-8.476993e+00 3.494604e+00
7.327798e+00 -6.693403e+00
7.875373e+00 -5.666825e+00
-8.116771e+00 -2.173072e-01
8.793648e+00 -8.124255e+00
6.852567e+00 -3.364936e+00
-1.926478e-01 4.537541e+00
6.842068e+00 -1.714008e+00
-1.959403e+00 2.080517e+00
2.613095e+00 6.684722e+00
-4.639924e+00 8.845334e+00
6.805367e+00 6.727085e+00
-7.783690e+00 -2.745878e+00
-7.045677e+00 9.183386e+00
8.858962e+00 -4.065716e+00
-7.202558e+00 -9.000396e+00
5.018509e+00 -9.893293e+00
-8.552174e+00 -6.305497e+00
2.235795e+00 8.788952e+00
5.554899e+00 -7.083097e+00
7.688310e+00 -9.027736e+00
4.961909e+00 -2.094285e+00
-6.504489e+00 -3.738376e+00
4.434735e-01 6.170771e+00
4.679351e+00 -7.746662e+00
1.780275e+00 -5.576411e+00
-1.067706e+01 -3.446989e+00
-8.728024e-01 -5.810009e-01
-4.984102e+00 1.365170e+00
4.811034e+00 2.890651e+00
8.681895e+00 4.478520e+00
8.122186e-01 -3.688198e+00
8.764667e+00 2.865409e+00
-5.975343e+00 -7.271131e-01
-5.160687e+00 4.936765e+00
8.935547e+00 -5.071144e+00
-9.379564e+00 -6.746240e-01
5.996675e+00 1.062602e+01
-9.372226e+00 -7.768544e+00
-1.088401e+01 -6.962683e+00
-5.335243e+00 -8.658659e+00
1.088427e+01 -8.730439e+00
-2.714414e+00 -6.813392e+00
9.288671e+00 1.789856e+00
-6.907093e+00 -2.754319e-01
-8.081456e+00 -5.213873e+00
-1.066864e+01 -5.438011e-01
-3.554596e+00 -1.886874e+00
1.764025e-01 -1.387533e-01
2.041583e-01 1.215092e+00
9.184705e+00 7.118948e+00
1.076389e+01 8.791909e+00
-5.409772e+00 6.444594e+00
-8.310671e+00 -7.354622e+00
-8.817329e+00 4.564160e+00
-6.954539e+00 1.106135e+01
-7.350615e-01 5.513392e+00
-4.227281e+00 5.398272e+00
-2.630094e-01 -9.652602e+00
-1.115502e+01 -9.910639e+00
3.530906e+00 -6.382699e+00
-7.791747e+00 -1.473361e+00
-4.940263e+00 -4.358992e+00
-5.562608e+00 -1.030302e+01
-5.676901e+00 3.881775e+00
-7.577446e+00 2.501592e+00
3.849020e+00 -5.159452e+00
-4.056456e+00 -5.078130e+00
-8.375501e+00 1.593650e+00
1.090499e+01 3.749747e+00
-3.720190e+00 1.091628e+01
3.119739e+00 8.018495e+00
2.725081e-01 -2.570281e+00
4.011639e+00 4.069754e+00
4.289737e-01 7.463738e+00
2.114314e+00 7.563519e+00
-7.464732e+00 5.800406e+00
-1.703800e+00 8.460000e+00
-9.240769e+00 -9.098336e+00
-8.275821e+00 -9.383786e+00
-9.603877e+00 -3.716225e+00
-4.006189e+00 7.671297e+00
-5.496954e+00 -3.207303e+00
-7.079806e-01 -5.678651e+00
-2.689860e+00 1.008696e+00
-6.577566e+00 -2.668081e+00
1.027888e+00 4.742037e-01
-5.375710e+00 2.422091e+00
-6.465214e+00 6.054017e+00
-4.581906e+00 -8.055854e+00
2.236205e+00 2.564131e+00
2.964293e+00 1.823532e+00
-6.722734e+00 -7.024107e+00
-5.664139e+00 8.371437e+00
6.069356e+00 4.334060e+00
-1.595283e+00 -3.271373e+00
-3.048532e+00 5.796063e+00
-4.319063e+00 4.342041e+00
1.840781e+00 -7.405915e+00
-5.620441e+00 -1.813727e+00
1.085327e+01 -1.536725e+00
-1.006666e+00 1.657067e+00
5.476316e-01 2.871293e+00
-8.948981e+00 -4.490716e+00
-3.524680e+00 3.462902e+00
-4.271184e-01 2.542358e+00
-2.591557e+00 9.062906e+00
3.561286e+00 -8.756914e+00
-2.144362e+00 -8.349478e+00
2.251533e+00 9.978456e-01
-9.472745e+00 3.617406e+00
-4.778751e+00 -2.362432e+00
4.409522e+00 5.113252e+00
8.339357e-01 -1.036197e+01
6.024101e+00 -9.537957e+00
-3.922982e+00 -7.166705e-01
-8.755791e-01 -1.073684e+01
8.218379e-01 4.116998e+00
-2.502829e+00 -3.977879e+00
-5.005804e+00 7.500611e+00
1.066934e+01 1.102568e+01
5.132958e+00 8.767834e+00
-3.251244e+00 -8.094781e+00
-6.107985e+00 -4.722983e+00
-1.877262e+00 -1.029174e+01
-9.090692e+00 4.551961e-01
-1.117474e+01 -2.516183e+00
-3.400517e+00 -6.112220e+00
-1.246056e+00 3.263004e+00
-2.188059e+00 3.665379e+00
1.148007e+00 -6.519512e-01
1.044611e+01 9.892210e+00
-1.609277e+00 -1.443636e+00
3.577825e+00 -1.111898e+01
2.695493e+00 5.678467e+00
6.048410e+00 -6.138733e+00
1.302469e+00 -8.251044e+00
4.129538e+00 1.024093e+01
1.061398e+01 7.663170e+00
-1.036025e+01 -4.655528e+00
-2.825592e+00 8.001364e+00
7.424980e+00 1.214521e+00
4.845554e-01 -8.896841e+00
-1.750785e+00 -6.196804e+00
4.168416e+00 9.203628e+00
-1.388440e+00 -4.235741e+00
3.078735e+00 4.742851e+00
-3.792836e+00 -7.214801e+00
-2.595383e+00 -9.475686e+00
-4.213875e+00 2.511485e+00
2.927504e+00 -9.739194e+00
3.338482e+00 -3.578115e-01
5.405246e+00 5.307521e+00
1.645614e+00 3.428641e+00
3.655676e-01 1.011546e+01
3.649493e+00 8.433480e-01
2.612798e+00 1.116540e+01
-8.819139e+00 -1.042462e+01
-8.696395e-01 9.131876e+00
-5.582989e+00 9.547246e+00
3.193777e+00 -1.433143e+00
-2.308890e+00 -2.462484e+00
2.817463e+00 -5.546672e+00
-3.290234e+00 -2.896293e+00
-1.069668e+01 1.631646e+00
1.859964e+00 4.455472e+00
4.181745e+00 1.973633e+00
2.915484e+00 3.719930e+00
-3.354548e+00 -1.023935e+01
-3.179242e+00 4.413274e+00
-2.901478e+00 -9.684859e-01
7.913370e+00 3.575968e+00
9.596214e+00 3.931977e+00
6.096882e+00 -1.071734e+01
2.631164e+00 -2.547317e+00
-3.771926e+00 -9.016593e+00
-4.365067e+00 -1.064338e+01
-2.681221e+00 -1.094822e+01
-3.647261e+00 8.794130e+00
9.547876e+00 8.224945e+00
-5.301519e+00 -5.465053e+00
-3.053671e+00 5.807997e-02
7.437711e+00 8.750346e+00
-2.751165e+00 1.019081e+01
-6.103936e+00 1.558891e+00
6.850298e+00 -5.333869e+00
-3.044985e-01 -4.689028e+00
-8.018821e-01 -2.515636e+00
8.345691e+00 1.106706e+01
2.047079e+00 3.157610e-02
-1.751893e+00 9.747473e+00
-3.172254e+00 2.245225e+00
1.243654e+00 -6.487721e+00
1.000711e+01 -9.315808e+00
8.868276e+00 9.963451e+00
1.931802e+00 -1.039630e+01
8.013251e+00 2.024660e+00
7.749716e+00 -7.811848e+00
-4.392886e+00 -3.342482e+00
-6.556921e+00 -1.029963e+01
1.099112e+01 2.635483e+00
1.724557e+00 -4.425706e+00
7.921837e+00 -4.576903e+00
4.509482e+00 -6.680304e+00
9.120666e+00 -3.059230e-01
2.065978e-01 -7.319675e+00
-3.584779e+00 -3.965247e+00
5.867837e+00 3.296638e+00
9.967012e+00 -2.106304e+00
4.254814e+00 -1.226250e+00
5.134904e+00 7.411810e+00
4.647572e+00 6.341910e+00
3.837197e+00 7.155502e+00
3.050654e+00 9.609158e+00
7.752186e+00 1.016231e+01
5.855813e+00 6.382224e+00
7.270442e+00 1.107973e+01
1.147531e+00 -1.843050e+00
4.196220e+00 8.239592e+00
1.329498e+00 1.107163e+01
-1.045272e+01 4.010335e+00
-4.685343e+00 -9.579849e+00
-8.574399e-01 -6.872827e+00
5.737040e+00 -8.109001e+00
5.556634e+00 -3.875501e+00
7.862105e-01 -5.038589e+00
-1.989132e+00 -5.245310e+00
-4.669931e-01 -3.673624e+00
6.184444e+00 7.572569e+00
3.813179e+00 3.043051e+00
-1.673513e+00 1.091610e+01
-5.251461e+00 -3.340418e-02
-1.054982e+01 6.816338e+00
5.791092e+00 2.288368e+00
1.789877e-01 8.521871e+00
-8.604148e+00 5.607498e+00
-9.804730e+00 1.003318e+01
1.001028e+01 -1.042823e+01
5.939864e+00 1.237127e+00
2.774849e+00 -4.514440e+00
1.412418e+00 -2.811631e+00
4.957304e+00 8.686037e-01
-1.031108e+01 1.112165e+01
4.561781e+00 -4.425737e+00
7.581807e+00 5.800259e+00
-4.833057e+00 -1.140588e+00
-7.328329e+00 -4.360243e+00
-1.274939e+00 -9.047346e+00
-6.488055e+00 1.015652e+01
-7.191871e+00 6.914123e+00
3.667438e+00 6.093615e+00
-1.084177e+01 8.010875e+00
-6.761051e+00 -5.642984e+00
-8.715175e+00 1.000947e+01
5.148236e+00 9.818100e+00
6.466260e+00 5.524186e+00
9.546120e+00 1.080213e+01
-7.672994e+00 -1.035334e+01
-9.874999e+00 -1.012438e+01
9.684285e+00 9.262692e+00
8.950544e+00 -9.248838e+00
6.666585e+00 -8.688011e+00
-5.901670e-01 6.651201e+00
6.394447e+00 8.919177e+00
7.655097e+00 4.751292e+00
-2.361221e+00 6.519939e+00
7.226755e+00 7.657732e+00
-6.153787e+00 -9.253145e+00
-1.436293e+00 7.251561e+00
1.389059e+00 1.695663e+00
6.574293e+00 -6.390549e-01
4.670718e+00 -8.926949e+00
-9.873284e-01 -7.949861e+00
1.449054e+00 6.713442e+00
-6.681657e+00 8.264948e+00
2.188659e-01 -1.111866e+01
6.683775e+00 -7.650782e+00
-8.258312e+00 -3.716215e+00
5.853250e+00 -2.762795e+00
1.357370e+00 9.420621e+00
-1.041730e+01 -9.198590e+00
-1.000777e+01 -2.474351e+00
-1.057153e+01 9.235271e+00
5.742521e+00 -5.034823e+00
2.657635e-01 -1.245161e+00
-1.041024e+01 -1.506066e+00
-1.908996e+00 -2.718477e-01
8.555732e+00 -2.303674e+00
-1.782373e+00 -7.296334e+00
1.250081e+00 8.313634e+00
6.936969e+00 2.153625e+00
8.292430e+00 7.945845e+00
-7.492680e+00 -6.397778e+00
8.070536e+00 6.912883e+00
1.523622e+00 5.712358e+00
-9.711845e+00 8.224593e+00
6.920108e+00 -1.017084e+01
8.602487e+00 -6.883649e+00
9.018460e+00 -1.042717e+01
-9.319395e+00 1.105147e+01
8.066953e+00 -3.383604e+00
-9.539267e+00 1.459455e+00
1.097550e+01 5.755568e-01
-2.947124e+00 -5.071156e+00
3.864089e+00 -1.014938e+01
-1.727589e+00 8.020715e-01
2.033435e+00 -1.296227e+00
6.513628e+00 -4.331166e+00
9.450653e+00 5.177244e+00
4.368836e+00 -3.922214e-02
9.943762e+00 2.852702e+00
-5.628967e-01 1.026895e+01
3.903315e+00 -2.590236e+00
8.619655e+00 8.308429e-01
-6.276484e+00 7.341550e+00
3.017312e+00 -7.485488e+00
9.541513e+00 -7.386126e+00
9.731881e+00 6.152131e+00
2.032640e+00 1.019816e+01
-7.088071e-01 7.916442e+00
6.789004e+00 9.950798e+00
8.705624e+00 6.036780e+00
-8.316219e+00 6.740277e+00
4.914118e+00 -5.705480e+00
2.714609e-01 -6.032221e+00
1.011187e+01 -5.134805e+00
3.279496e+00 -3.488965e+00
1.092286e+01 -4.337421e+00
-7.754459e+00 4.775404e+00
5.048592e+00 4.207595e+00
1.625019e+00 -9.168619e+00
-6.188260e+00 -8.027856e+00
-6.552501e+00 2.751130e+00
-8.943481e+00 -2.781193e+00
-8.072080e+00 8.878984e+00
-5.651962e+00 1.099727e+01
