1.114545e+01 -7.925748e+00
-9.972188e+00 6.437684e+00
-3.204866e+00 1.015509e+01
-6.617804e+00 -1.256291e+00
9.718832e+00 2.679380e+00
-9.208974e+00 -3.059565e+00
-1.024591e+01 -5.587203e-02
-8.468851e+00 7.840056e+00
1.007738e+01 -3.494044e+00
8.215912e+00 1.151681e+00
-2.219410e+00 9.611697e+00
1.002902e+01 4.977787e+00
-1.103315e+01 5.947433e-01
9.175211e+00 5.513115e-01
-6.798247e+00 3.626414e+00
2.981176e+00 2.784208e+00
1.083222e+01 2.997448e+00
-8.926403e+00 1.018093e+01
-6.146746e+00 -6.419350e+00
-4.476132e+00 -7.385699e+00
-9.296436e+00 -8.539024e+00
-1.030216e+01 -6.045907e+00
5.686245e+00 -6.856069e+00
9.731360e+00 -3.750817e-01
6.536001e+00 -1.685222e-01
1.025959e+01 6.045537e+00
-5.467016e+00 -8.471947e-01
5.586083e+00 -9.402254e+00
7.532306e+00 -7.999185e-01
1.086532e+01 4.278966e+00
-3.011589e+00 5.642135e+00
5.602998e+00 -4.718959e+00
-8.689604e+00 2.830790e+00
1.093333e+01 8.280347e+00
-3.927261e+00 1.732848e+00
-1.036450e+01 -1.060456e+01
-1.114784e+01 -6.766684e+00
-5.928885e+00 -1.069456e+01
-9.352790e+00 -4.152306e+00
-4.234324e+00 6.257749e+00
-8.167560e+00 -6.383917e+00
-8.213228e+00 -2.780511e+00
-8.402094e+00 -9.183953e+00
-6.080963e+00 8.431349e+00
-9.864057e+00 -7.298216e+00
9.370497e+00 6.791703e+00
-1.013100e+01 1.310625e+00
-9.364369e+00 -1.628659e+00
8.437885e+00 -3.600789e+00
-9.485979e+00 3.533565e+00
6.043385e+00 3.547922e+00
-4.221444e+00 7.176246e-01
4.624796e+00 4.924180e-01
-9.540687e+00 5.307176e+00
7.651702e+00 2.178779e+00
-7.289940e+00 2.032569e+00
-1.096907e+00 2.978383e+00
-3.591439e+00 -1.467245e+00
-7.964556e+00 6.621910e+00
-3.906201e+00 7.439383e+00
6.602199e+00 -9.293698e+00
5.684955e+00 1.055638e+01
8.815057e+00 -9.957945e+00
-5.648397e+00 -9.163082e+00
-9.159203e+00 1.901781e+00
-1.112936e+01 -3.005009e+00
-9.164104e+00 -6.567212e+00
-8.361371e+00 2.144221e-01
1.003165e+01 -6.728829e+00
8.421050e+00 -1.379358e+00
-4.604827e+00 3.600740e+00
7.663661e+00 2.150266e-01
-1.833287e+00 -2.623122e+00
1.681676e-02 6.268378e+00
-3.407358e+00 8.701723e+00
3.593786e+00 3.759022e+00
-4.642545e+00 -1.507722e+00
-5.359324e+00 6.511985e+00
-1.030898e+01 -3.697055e+00
-7.477414e+00 1.061237e+01
3.620078e+00 -9.195605e+00
-8.172125e+00 -4.970911e+00
5.384289e-01 8.244732e+00
8.772356e+00 -7.430406e+00
8.174795e+00 -6.579626e+00
8.623844e+00 -3.302124e-01
-3.430134e+00 -4.322587e+00
-1.782822e+00 4.113194e+00
7.214442e+00 -8.548102e+00
6.868462e+00 -6.565800e+00
-8.193213e+00 -1.307247e+00
1.491562e-01 -1.725448e+00
-2.698844e+00 -9.755621e-01
1.647791e+00 1.364040e+00
7.168275e+00 6.325868e+00
3.943320e+00 -3.874528e+00
9.263084e+00 5.739749e+00
-7.369004e+00 8.965974e-01
-6.996873e+00 6.025645e+00
9.953304e+00 -5.142058e+00
-8.259995e+00 1.507300e+00
3.442870e+00 -1.025279e+01
-7.635174e+00 -7.279766e+00
-9.211791e+00 -5.317709e+00
-4.992604e+00 -8.358880e+00
1.035091e+01 -8.783792e+00
-1.885963e+00 -7.209400e+00
7.335731e+00 3.270661e+00
-5.263133e+00 -4.224332e+00
-8.213671e+00 -3.807038e+00
-9.052741e+00 -6.194712e-01
-8.390053e-01 -2.302672e+00
6.920522e-01 -7.413790e-01
-2.907272e+00 1.442649e+00
5.101341e+00 6.807658e+00
9.723641e+00 8.803851e+00
-5.955739e+00 5.707463e+00
-7.065369e+00 -1.070012e+01
-9.003520e+00 6.792513e+00
-9.766476e+00 9.577712e+00
-3.345861e+00 3.579684e+00
-4.725227e+00 5.393568e+00
-1.723672e+00 -9.525102e+00
-7.928355e+00 -8.304224e+00
5.895560e+00 -5.735902e+00
-4.179177e+00 -4.903172e+00
-4.467203e+00 -6.287647e+00
-5.334116e+00 1.021937e+01
-6.304037e+00 2.615835e+00
-7.674452e+00 3.029668e+00
6.866609e+00 -5.011996e+00
-3.444972e+00 -5.640261e+00
-7.679698e+00 4.367433e+00
8.000452e+00 5.136626e+00
-4.232876e+00 1.073596e+01
3.436663e+00 8.748119e+00
3.595097e+00 -1.837691e+00
2.440566e+00 4.820045e+00
2.503576e-02 5.276419e+00
3.317748e-01 7.220276e+00
-7.186500e+00 7.422107e+00
-9.652604e-01 9.572404e+00
-7.329047e+00 -9.206713e+00
-8.407471e+00 1.113549e+01
-7.298661e+00 -5.698161e+00
-2.529843e+00 8.001220e+00
-5.211833e+00 -3.100572e+00
5.717558e-01 -4.555484e+00
-4.455333e+00 -3.822069e-01
-7.499882e+00 -4.059412e-01
-6.918636e-01 -1.066147e+00
-5.405027e+00 3.764812e-01
-6.190999e+00 7.233255e+00
-3.514517e+00 -6.848798e+00
-1.326950e+00 1.032184e+00
7.535729e-01 1.951734e+00
-5.559730e+00 -7.362999e+00
-5.245558e+00 7.645493e+00
1.150279e+00 5.288350e+00
-1.503627e+00 -5.053464e+00
-3.200060e+00 6.631519e+00
-6.554162e+00 4.847762e+00
5.014451e+00 -7.644784e+00
-4.304165e+00 -2.665942e+00
-1.032113e+01 -1.209259e+00
-2.039544e+00 2.014073e+00
-9.472573e-01 1.944085e+00
-6.152377e+00 -3.482791e+00
-6.346211e+00 1.173673e+00
-3.135141e+00 2.512469e+00
-1.227343e+00 1.065656e+01
3.899894e+00 -8.126902e+00
-3.672846e-01 -8.609447e+00
8.802845e-01 5.806522e-01
-1.010792e+01 4.512692e+00
-3.350130e+00 -3.831105e-02
1.325399e+00 6.627633e+00
1.495545e+00 -9.454679e+00
7.291443e+00 9.138429e+00
-3.018424e+00 -2.290836e+00
-2.659948e+00 -1.019290e+01
-2.226526e+00 3.208202e+00
-2.756409e-01 -5.354469e+00
-4.501781e+00 8.400285e+00
9.785956e+00 -1.113321e+01
4.047639e+00 1.110245e+01
-3.892980e+00 -8.270914e+00
-6.605685e+00 -7.513899e+00
-2.606046e+00 -8.848847e+00
-1.061433e+01 3.434903e+00
-1.096711e+01 -1.953791e+00
-2.475104e+00 -6.318555e+00
-5.690738e+00 3.601850e+00
-5.176213e+00 1.554685e+00
4.303838e+00 -1.028409e+00
7.554490e+00 7.285293e+00
2.050600e+00 -2.436337e+00
2.446926e+00 -1.066943e+01
5.397544e-01 4.268982e+00
9.919535e+00 -7.874857e+00
2.401627e+00 -5.686140e+00
2.871164e+00 1.058931e+01
6.895364e+00 8.144772e+00
-7.198103e+00 -3.194159e+00
-1.852926e+00 5.154524e+00
6.937071e+00 5.302830e+00
2.862601e+00 -8.198005e+00
-2.450124e-01 -6.411953e+00
1.936304e+00 -8.560742e+00
-4.910682e-01 -4.208783e+00
1.713065e+00 2.555152e+00
-2.916505e+00 -7.809795e+00
-2.527715e+00 1.101165e+01
-5.210290e+00 2.598018e+00
2.594625e+00 -9.360042e+00
1.681041e+00 -5.806779e-01
4.872018e+00 4.733717e+00
-4.707702e-01 3.799517e+00
2.556359e-01 9.347237e+00
-2.378728e-01 -1.078730e-01
1.442209e+00 -1.059396e+01
-9.301154e+00 -1.061491e+01
-1.252385e-01 1.041623e+01
-6.571541e+00 9.464304e+00
6.301790e+00 -3.773720e+00
-1.236259e+00 -3.487679e+00
7.841362e+00 -5.565015e+00
-2.488376e+00 -5.251979e+00
1.013333e+01 1.666020e+00
1.856186e+00 3.890665e+00
2.231360e+00 4.391192e-01
-1.439797e-01 1.137936e+00
-3.593444e+00 -1.048867e+01
-3.843512e+00 4.487728e+00
9.264529e-01 -2.888204e+00
7.045559e+00 4.284078e+00
8.136094e+00 3.977787e+00
4.599840e+00 -1.012871e+01
4.789963e+00 -6.136083e+00
-3.557459e+00 -9.383903e+00
-4.355776e+00 9.563812e+00
-5.474067e-01 -1.083474e+01
-1.582561e+00 8.733314e+00
6.213792e+00 9.261342e+00
-5.086202e+00 -5.470740e+00
-1.787460e+00 -1.434508e+00
5.035362e+00 8.951649e+00
-6.212970e-01 -9.639861e+00
-9.165816e+00 8.590169e-01
1.097565e+01 -5.576047e+00
2.466409e+00 -4.186068e+00
1.487012e+00 -3.816969e+00
7.326786e+00 1.115650e+01
5.457671e+00 -5.876202e-01
-1.754030e+00 -1.072989e+01
-2.321007e+00 2.755202e-01
3.341470e+00 -4.809556e+00
9.289792e+00 -8.966721e+00
8.728349e+00 9.139295e+00
2.773101e+00 -7.014633e+00
8.608457e+00 2.842968e+00
9.157442e+00 -4.424968e+00
-4.289111e+00 -3.699542e+00
-6.359313e+00 1.068594e+01
9.783589e+00 3.799954e+00
4.457696e+00 -4.852524e+00
9.214547e+00 -2.728249e+00
7.668018e+00 -7.589330e+00
7.134915e+00 1.122133e+00
1.676752e+00 -6.388573e+00
-2.275415e+00 -4.239862e+00
2.721729e+00 1.748914e+00
1.081310e+01 -3.840717e-01
4.772892e+00 1.575889e+00
4.442493e+00 7.938667e+00
3.471958e+00 6.028275e+00
3.203200e+00 7.650922e+00
2.465635e+00 8.427171e+00
8.171058e+00 8.198951e+00
4.712787e+00 3.659675e+00
6.934775e+00 1.022477e+01
2.426822e+00 -1.453956e+00
3.776974e+00 1.001161e+01
3.618063e-01 -9.958822e+00
8.988004e+00 4.771913e+00
-4.609110e+00 -9.270411e+00
8.038171e-01 -6.769379e+00
5.881082e+00 -8.327114e+00
8.224333e+00 -2.476439e+00
3.426204e+00 -5.904280e+00
7.632346e-01 -5.624845e+00
2.945118e+00 -3.046136e+00
5.795716e+00 8.054723e+00
9.715687e-01 3.219037e+00
4.640502e-01 -1.103673e+01
-6.348959e+00 -1.607867e-01
1.040782e+01 9.611743e+00
6.022262e+00 1.640333e+00
-8.148771e-01 7.468957e+00
-1.065271e+01 5.548900e+00
9.310892e+00 9.994578e+00
1.065076e+01 1.065690e+01
3.618636e+00 4.699934e-01
6.663062e+00 -2.757054e+00
4.074675e+00 -2.805020e+00
3.210263e+00 -5.189472e-01
1.018187e+01 -9.885624e+00
9.386748e+00 -1.504283e+00
4.084716e+00 2.708356e+00
-3.024227e+00 -3.275219e+00
-7.134164e+00 -4.599067e+00
2.794251e-01 -7.757833e+00
-8.021372e+00 9.662410e+00
-7.701353e+00 8.569818e+00
2.376666e+00 7.004878e+00
1.020829e+01 7.486093e+00
-6.528731e+00 -8.561327e+00
-8.990209e+00 8.820722e+00
2.378305e+00 9.653449e+00
3.628715e+00 4.841594e+00
8.083856e+00 1.015885e+01
-1.017360e+01 8.492338e+00
-9.504979e+00 -9.578949e+00
9.207785e+00 7.779650e+00
7.925122e+00 -9.463372e+00
6.167231e+00 -1.070021e+01
-4.176782e+00 2.697508e+00
4.809890e+00 9.961623e+00
3.774190e+00 1.610166e+00
-5.532884e+00 4.734564e+00
4.017996e+00 6.861406e+00
-4.754200e+00 -1.055462e+01
-2.803060e+00 4.505266e+00
-7.846676e-02 2.567646e+00
6.360796e+00 -1.198416e+00
4.733059e+00 -8.740756e+00
-7.245924e-01 -7.511398e+00
-1.191330e+00 5.955996e+00
-1.047557e+01 7.440207e+00
8.665908e-01 -8.667025e+00
8.391113e+00 -8.470719e+00
-6.269506e+00 -5.295287e+00
1.052390e+01 -1.414268e+00
1.555668e+00 7.952181e+00
-8.855092e+00 -7.613728e+00
-7.398351e+00 -1.929047e+00
1.096056e+01 -1.069766e+01
7.300670e+00 -1.886649e+00
-2.540082e-01 -3.175792e+00
-1.010128e+01 -2.527981e+00
1.156277e+00 -1.850272e+00
1.028879e+01 6.123800e-01
-1.498517e+00 -8.430653e+00
-5.733638e-01 8.465571e+00
5.322525e+00 2.548620e+00
4.703231e+00 5.805815e+00
-8.007641e+00 -1.020487e+01
6.023173e+00 4.704204e+00
-9.777542e-01 4.745034e+00
-1.011484e+01 1.064028e+01
7.166144e+00 -1.016681e+01
8.960188e+00 -5.694546e+00
8.463089e+00 -1.116912e+01
-1.089857e+01 -9.403477e+00
1.012251e+01 -2.340471e+00
-1.102426e+01 1.826599e+00
-1.005492e+01 2.559333e+00
-1.285603e+00 -6.222439e+00
4.085617e+00 -7.067059e+00
-1.288151e+00 -1.498800e-01
5.074802e+00 -1.849780e+00
7.790887e+00 -4.419213e+00
8.366943e+00 6.418006e+00
5.670094e+00 7.102564e-01
9.008912e+00 1.922972e+00
1.086834e+00 1.012060e+01
5.629499e+00 -2.682953e+00
6.400558e+00 2.602407e+00
-9.496584e+00 7.704872e+00
6.643860e+00 -7.595246e+00
-1.024338e+01 -8.292190e+00
6.346550e+00 7.127000e+00
1.906668e+00 1.073987e+01
-2.184841e+00 6.871944e+00
5.142239e+00 -1.100141e+01
5.807957e+00 5.729193e+00
1.098732e+01 6.831556e+00
7.356115e+00 -3.510132e+00
1.757028e+00 -4.901328e+00
1.082483e+01 -4.441973e+00
5.039860e+00 -3.591877e+00
-1.011706e+01 -4.849219e+00
-8.714181e+00 4.399586e+00
2.356589e+00 5.788580e+00
1.897951e+00 -7.506783e+00
-6.484892e+00 -9.731736e+00
-8.381408e+00 5.377636e+00
-6.124392e+00 -2.215058e+00
-1.084079e+01 9.504952e+00
-5.415951e+00 9.120633e+00
