1.741333e+06 -1.214642e+00
6.915518e+06 -1.217738e+06
7.238425e+09 9.355493e+10
1.717612e+12 1.893551e+12
-1.297179e+12 -1.774012e+12
-4.719819e+09 -9.066992e+08
1.345019e+07 -4.816121e+07
-6.064505e+06 -4.978733e+06
-2.002154e+06 -1.322147e+07
-4.414224e+06 2.617936e+00
6.392165e+05 -1.399579e+06
-2.967974e+07 7.900105e+07
4.057637e+09 -5.275120e+10
4.336861e+09 -1.275953e+09
-4.369805e+10 -9.463572e+09
4.341608e+09 2.080232e+09
-1.158092e+06 3.750989e+07
-5.827008e+06 -2.024060e+06
1.677729e+07 3.878753e-01
-2.079016e+08 2.033556e+08
-1.891811e+06 -3.794397e+06
-3.340862e+09 1.249367e+09
1.256721e+09 4.070501e+10
-5.972841e+10 -1.262740e+10
-4.582715e+07 8.965883e+07
-1.192851e+07 1.180899e+06
6.497923e+05 -1.222453e+05
7.597224e+07 -5.932327e+07
-1.904365e+13 -5.172655e+12
6.573733e+00 -3.095438e+06
3.732745e+07 -1.685690e+07
-1.141067e+08 2.233068e+07
-2.812668e+10 -8.455013e+09
-2.754433e+09 -1.574757e+09
-3.513979e+07 -5.002771e+06
7.923066e+10 -4.972516e+10
2.739761e+14 5.221340e+14
6.702859e+05 1.248919e+06
4.370985e+10 9.466110e+09
1.472189e+08 1.185252e+08
8.390241e+10 -9.416533e+09
1.847187e+06 3.788025e+06
-1.017508e+01 -1.783508e+06
-1.653996e+10 -1.149090e+10
1.255546e+07 9.105651e+07
1.850625e+06 -1.755784e+06
-2.432596e+12 3.389609e+12
1.159697e+06 -8.842673e+05
1.141629e+08 -2.243091e+07
-1.762512e+09 -1.750807e+09
5.892718e+08 -1.016627e+08
2.653669e+07 1.588618e+07
3.161178e+00 -1.355394e+06
1.348567e+07 -1.516393e+06
2.973575e+13 1.082346e+13
3.339592e+09 -1.250238e+09
-3.831542e+11 6.673209e+10
4.873103e+08 1.236080e+08
3.508468e+06 9.121917e+06
-3.933480e+07 -1.184235e+08
-1.663738e+13 -2.235046e+13
-7.451525e+11 1.393009e+11
5.635721e+07 -1.129217e+08
1.752704e+08 1.946219e+08
-3.395540e+15 4.852463e+15
-3.133735e+08 1.025713e+08
1.879388e+07 -3.821265e+07
-1.193950e+12 -1.802034e+11
-7.804798e+09 -6.672127e+09
6.032092e+09 -8.471061e+08
4.397653e+06 7.133988e+00
-1.154445e+10 -1.284690e+10
1.904579e+13 5.172655e+12
1.670431e+09 4.158530e+08
9.811733e+04 -4.357611e+00
-8.342249e+10 -2.756412e+10
-2.815331e+11 -4.403894e+12
-2.811469e+09 -5.474889e+09
-3.115312e+06 3.220684e+06
-4.058099e+08 -1.279175e+08
-4.642213e+09 -1.902241e+10
1.663821e+13 2.235130e+13
-4.599141e+09 2.995537e+09
4.589256e+07 -8.973135e+07
-6.082856e+08 4.441619e+08
-2.360343e+08 -1.175654e+07
7.742351e+00 -1.514639e+07
1.297311e+12 1.774011e+12
-1.831760e+06 5.734211e+00
-1.458758e+05 -6.722519e+00
-5.638981e+07 1.126624e+08
1.154370e+10 1.284722e+10
-2.154720e+09 -1.432402e+09
3.731741e+17 -6.076360e+17
2.813378e+10 8.458445e+09
1.094375e+01 -3.027452e+06
8.423077e+08 1.429616e+09
2.239679e+06 -2.936834e+06
-8.220533e+04 -2.129391e+06
-1.519204e+10 9.896080e+09
-1.255257e+09 -4.071612e+10
1.254174e+12 -1.209027e+12
-1.394745e+09 -1.036572e+09
-6.127029e+11 9.257749e+11
6.514277e+04 1.909511e+06
2.051735e+07 1.257949e+08
6.127182e+11 -9.256364e+11
7.791650e+05 -2.250676e+00
2.890519e+14 -1.485867e+14
-7.922968e+10 4.972281e+10
2.117843e+11 1.192507e+12
3.986779e+07 2.582959e-02
-3.257062e+08 3.126240e+08
-6.032274e+09 8.473652e+08
1.282827e+13 -4.607506e+12
-1.669968e+09 -4.166749e+08
-2.684260e+06 8.028173e+05
3.397149e+15 -4.853794e+15
1.800896e+06 3.417713e+06
-5.670830e+10 -1.644849e+10
-3.732253e+17 6.076663e+17
-5.708035e+08 3.516622e+08
1.663912e+13 -5.377330e+12
4.598956e+09 -2.995334e+09
-1.661616e+08 6.212213e+08
5.840667e+11 -5.758570e+11
1.481051e+08 2.773986e+08
2.265930e+10 3.481347e+10
-5.917554e+06 1.022374e+07
5.250272e+08 -5.651940e+08
-3.005068e+06 -1.437448e+07
3.035745e+06 1.434636e+07
-4.876076e+00 -1.492263e+07
-1.824250e+11 3.656572e+11
-8.949003e+07 2.724397e+07
-1.466432e+08 -1.165401e+08
-2.033107e+07 -3.318136e+07
-5.914576e+00 1.340806e+07
2.849480e+09 5.483098e+09
-7.519605e+07 2.026113e+08
2.210078e+15 -1.046479e+16
1.264883e+07 -6.429727e+06
-3.558244e+06 -1.443698e+07
5.691338e+08 -3.514901e+08
-1.150649e+06 -3.693982e+06
-4.755497e+16 -1.769146e+17
-7.514227e+05 5.144964e+00
7.556646e+07 -6.088411e+06
-1.138094e+09 -1.093951e+08
-5.803387e+06 -9.371233e+05
-5.250711e+08 5.651892e+08
-4.992615e+06 -5.711097e+06
-1.100557e+08 1.233703e+08
-3.184130e+11 -6.193255e+10
-7.741647e+10 2.836437e+11
-1.438539e-01 7.923429e+05
-4.687288e+12 -1.480733e+11
1.414574e+08 -5.249283e+07
5.418643e+13 -9.385978e+13
-5.202494e+00 -3.546429e+07
5.216801e+06 -6.466765e+06
-2.222786e+05 -1.881929e+06
4.359341e+08 -1.004325e+08
3.367242e+05 1.887175e+06
1.134988e+06 3.656565e+06
-8.387094e+10 9.414045e+09
-6.813167e+06 -1.923291e+05
-2.117495e+11 -1.192312e+12
1.405225e+10 2.829590e+10
-2.273596e+11 -5.097685e+11
-7.587901e+15 3.120522e+14
3.453725e+06 1.493256e+07
1.100146e+08 -1.233764e+08
1.223133e+06 1.350260e+07
7.741155e+10 -2.836366e+11
-2.742391e+08 -2.591683e+08
1.263735e+14 4.161779e+13
4.065827e+08 1.279589e+08
3.318121e+09 -5.771455e+08
7.523363e+07 -2.026018e+08
1.138041e+09 1.096741e+08
2.752985e+08 -2.329083e+08
1.762363e+09 1.750590e+09
-2.019300e+08 3.525445e+08
5.577159e+08 1.017682e+09
-6.328167e+06 -2.917608e+06
3.969749e+07 5.700639e+06
-5.418981e+13 9.386915e+13
-3.966132e+07 -5.527259e+06
-6.170314e+06 -1.001353e+07
7.588469e+15 -3.121184e+14
-3.786102e+07 8.752011e+05
1.971977e+11 -4.390851e+10
-1.254139e+12 1.209087e+12
-1.957075e+07 7.128507e+07
-1.972536e+11 4.391701e+10
2.742324e+08 2.591702e+08
2.208623e+07 3.405608e+07
-5.143314e+05 -1.460612e+07
-1.207632e+00 2.679569e+06
2.147335e+06 -2.762231e+06
3.969561e+08 1.342182e+08
3.183976e+11 6.192238e+10
-3.128775e+06 4.892081e+06
2.155389e+09 1.432808e+09
2.432082e+12 -3.388974e+12
-4.354811e+08 1.012103e+08
2.357629e+08 1.078112e+07
-1.405218e+10 -2.829804e+10
9.890595e+20 -8.170837e+20
1.511793e+05 4.020546e+06
-3.528116e-01 2.246900e+06
2.073124e+07 -7.398204e+07
6.016359e+13 -4.185759e+13
3.319055e+00 8.861521e+05
6.081272e+08 -4.439248e+08
-2.720412e+06 -2.676845e+05
1.252950e+07 -8.317205e+05
9.005449e+07 -2.653401e+07
-2.752733e+08 1.547151e+08
8.261345e+06 7.000218e+05
-2.739659e+14 -5.221210e+14
-3.316369e+09 5.789507e+08
2.480538e+07 -9.502627e+07
7.806115e+09 6.674354e+09
-5.363096e+07 1.612064e+06
2.718704e+07 -7.576199e+07
-8.263090e+07 9.534870e+07
-2.210133e+15 1.046414e+16
7.430835e+07 3.554907e+07
1.519300e+09 4.525392e+09
1.824199e+11 -3.656478e+11
-6.016659e+13 4.185655e+13
-3.596657e+10 -1.176133e+10
2.565899e+10 6.397709e+08
-2.565739e+10 -6.397052e+08
8.301766e+07 -9.488249e+07
-3.898283e+07 1.408237e+08
4.755734e+16 1.768947e+17
-3.712733e+06 -9.373629e+06
1.107028e+01 -3.145411e+06
-1.444005e+07 3.462592e+08
7.650992e+08 -4.512699e+07
2.100479e+06 -1.290493e+06
-2.104229e+06 1.299819e+06
-4.343166e+09 -2.081006e+09
5.358969e+07 -2.843118e+06
-5.692564e+00 2.012302e+07
-2.522709e+19 -5.312548e+19
2.958494e+07 -2.261562e+07
6.284181e+05 -2.230260e+00
-5.034622e+06 -9.212875e+06
-1.406804e+08 5.256327e+07
6.190952e+06 2.998150e+06
1.613759e+06 4.951661e-01
-4.868974e+08 -1.235109e+08
-1.931155e+06 -6.906877e+06
3.900334e+07 -1.408891e+08
-1.917558e+07 8.074742e+06
1.879487e+06 5.432237e+06
-2.266260e+10 -3.481813e+10
-9.892321e+20 8.172365e+20
1.231715e+05 7.671601e+00
-2.479470e+07 9.508149e+07
-2.973686e+13 -1.082319e+13
4.200242e+08 -4.056018e+10
5.582862e+00 -3.129470e+06
-7.804045e+06 -9.035912e+07
-7.241590e+09 -9.361155e+10
-1.519729e+09 -4.526386e+09
1.392836e+09 1.035996e+09
-1.008727e+08 -3.225192e+08
6.780423e+07 1.138477e+08
-5.582626e+08 -1.018572e+09
-1.663243e+06 7.534461e+00
-1.098941e+01 -2.253946e+06
-2.891024e+14 1.486089e+14
1.959871e+15 2.117193e+16
-6.581380e+06 -5.571927e+00
2.754187e+09 1.575037e+09
-8.450709e+00 2.696401e+06
-7.684632e+08 3.811572e+07
-2.935540e+07 2.259996e+07
6.624022e+06 -9.085105e+00
-1.813187e+08 1.550707e+08
-5.846248e+11 5.758596e+11
-1.859726e+05 -1.508900e+07
-2.100972e+13 7.587395e+14
-1.910856e+11 8.717733e+11
3.967313e+06 -1.060961e+07
4.165246e+07 6.336735e+06
-7.094231e+07 -1.205114e+08
2.271976e+07 -1.692717e+06
9.434755e+00 3.013451e+06
-3.706139e+07 -1.072814e+07
5.024509e+06 9.185632e+06
-4.338447e+09 1.276639e+09
-1.718127e+12 -1.894000e+12
4.622975e+07 -1.186917e+07
1.194173e+12 1.802323e+11
1.911414e+07 -8.175710e+06
3.064588e+08 7.952926e+08
-1.732483e+08 -1.836480e+08
-1.076597e+06 -5.934853e+05
-7.507809e+06 1.559753e+06
2.541264e+08 -3.320572e+07
-5.810431e+00 9.622261e+05
4.693388e+06 4.086345e+06
5.975319e+10 1.263296e+10
3.754185e+06 4.906958e+06
7.453479e+11 -1.393194e+11
-1.710531e+05 -4.131037e+04
-9.572485e+08 4.145020e+07
7.522236e+08 6.651488e+08
-1.074434e+15 9.683810e+14
-1.484667e+08 -2.770522e+08
-1.153776e+06 -1.096011e+06
3.705714e+07 1.080677e+07
4.597807e+09 1.904634e+10
-7.470728e+05 -1.325565e+00
-3.051861e+00 2.272582e+06
-1.664410e+13 5.381018e+12
-2.644502e+07 -1.602991e+07
-4.575811e+08 -1.292448e+08
-1.010032e-01 9.979566e+06
1.519334e+10 -9.897097e+09
-1.264192e+14 -4.162921e+13
7.633347e+06 9.262686e+06
-3.778793e+06 1.049796e+07
-4.198615e+08 4.056003e+10
2.729567e+08 7.006104e+07
4.594253e+06 -8.492095e+05
2.659624e+06 -7.456422e+05
-3.800113e+07 1.672442e+07
-1.959895e+15 -2.117140e+16
-2.430808e+06 -6.867972e+00
3.831628e+11 -6.674073e+10
1.610343e+11 -1.153318e+09
-1.610625e+11 1.153375e+09
8.344112e+10 2.756250e+10
-1.282955e+13 4.607908e+12
4.689334e+12 1.481198e+11
5.671823e+10 1.645109e+10
-1.986038e+07 3.828643e+07
3.597293e+10 1.176022e+10
1.448660e+07 -3.466395e+08
5.176739e+06 -1.030162e+07
-3.048831e+09 -1.846356e+08
5.853951e+05 -9.482984e+00
4.719466e+09 9.070779e+08
-7.497760e+07 -3.569368e+07
5.547362e+06 -2.174817e+07
9.993465e+00 -9.805586e+06
-1.289982e+06 1.298039e+00
2.274363e+11 5.099591e+11
-7.504420e+07 6.056719e+07
-2.216808e+07 2.300677e+06
6.325309e+07 5.233523e+07
-1.114629e+07 4.840360e+07
-3.658482e+10 4.926603e+10
-5.885399e+08 1.003260e+08
1.761222e+06 -4.319550e+00
2.077184e+08 -2.037720e+08
2.101076e+13 -7.587300e+14
-8.433785e+08 -1.428313e+09
-8.170676e+08 1.667498e+09
-7.616367e+07 6.397271e+06
1.074474e+15 -9.683931e+14
-1.180898e+07 2.182200e+06
3.049286e+09 1.839421e+08
2.523024e+19 5.313873e+19
-2.729821e+08 -7.019826e+07
-6.832543e+07 -1.129820e+08
-5.481040e+06 2.180642e+07
-8.167824e+06 -1.009039e+06
7.247900e+05 5.667893e+06
-4.059047e+09 5.276652e+10
2.019835e+08 -3.525643e+08
2.818714e+11 4.407743e+12
3.658710e+10 -4.926361e+10
1.663223e+08 -6.213131e+08
4.558422e+08 1.305113e+08
-3.071824e+08 -7.938307e+08
9.865156e+05 2.246217e+00
7.713282e+06 8.897771e+00
7.165135e+05 1.445432e+07
-7.516164e+08 -6.644780e+08
9.970742e+07 3.233080e+08
-6.383611e+07 -5.260287e+07
1.910757e+11 -8.717210e+11
-4.124175e+07 -6.409886e+06
6.079611e+06 1.101166e+06
1.654166e+10 1.149087e+10
-7.065316e+00 -9.130695e+06
8.154624e+08 -1.667322e+09
9.572537e+08 -4.145482e+07
-5.749674e+06 5.848372e+06
-6.129027e+06 -3.329917e+06
-1.683007e+07 9.638002e+00
7.125476e+06 4.831972e+06
