1.977924e+06 -8.299472e-01
7.853728e+06 -1.383018e+06
8.220576e+09 1.062479e+11
1.950662e+12 2.150504e+12
-1.473190e+12 -2.014715e+12
-5.360493e+09 -1.029785e+09
1.527605e+07 -5.470127e+07
-6.887737e+06 -5.654253e+06
-2.273723e+06 -1.501523e+07
-5.013288e+06 -4.802378e+00
7.259953e+05 -1.589482e+06
-3.370560e+07 8.971941e+07
4.608254e+09 -5.991062e+10
4.925606e+09 -1.449155e+09
-4.962814e+10 -1.074800e+10
4.931262e+09 2.362741e+09
-1.315494e+06 4.260537e+07
-6.617870e+06 -2.298840e+06
1.905391e+07 6.308855e+00
-2.361158e+08 2.309503e+08
-2.148272e+06 -4.308973e+06
-3.794201e+09 1.418923e+09
1.427296e+09 4.622994e+10
-6.783470e+10 -1.434128e+10
-5.204724e+07 1.018271e+08
-1.354696e+07 1.341308e+06
7.380739e+05 -1.389596e+05
8.628620e+07 -6.737714e+07
-2.162748e+13 -5.874573e+12
-1.252763e-02 -3.515733e+06
4.239245e+07 -1.914426e+07
-1.295914e+08 2.536144e+07
-3.194407e+10 -9.602329e+09
-3.128240e+09 -1.788461e+09
-3.990885e+07 -5.681784e+06
8.998342e+10 -5.647405e+10
3.111471e+14 5.929796e+14
7.610804e+05 1.418437e+06
4.964163e+10 1.075052e+10
1.672009e+08 1.346093e+08
9.528793e+10 -1.069385e+10
2.097770e+06 4.302030e+06
-3.098226e-01 -2.025482e+06
-1.878514e+10 -1.305048e+10
1.425921e+07 1.034122e+08
2.101826e+06 -1.994136e+06
-2.763077e+12 3.849942e+12
1.317033e+06 -1.004178e+06
1.296522e+08 -2.547439e+07
-2.001712e+09 -1.988441e+09
6.692678e+08 -1.154669e+08
3.013924e+07 1.804271e+07
-1.112826e+01 -1.539267e+06
1.531576e+07 -1.722080e+06
3.377067e+13 1.229220e+13
3.792700e+09 -1.419876e+09
-4.351362e+11 7.578643e+10
5.534404e+08 1.403830e+08
3.984607e+06 1.036001e+07
-4.467231e+07 -1.344951e+08
-1.889521e+13 -2.538388e+13
-8.462895e+11 1.582059e+11
6.400402e+07 -1.282423e+08
1.991301e+08 2.211174e+08
-3.856454e+15 5.511011e+15
-3.558979e+08 1.164890e+08
2.134371e+07 -4.339750e+07
-1.355944e+12 -2.046552e+11
-8.865130e+09 -7.578578e+09
6.850452e+09 -9.620161e+08
4.994328e+06 -3.210077e+00
-1.311056e+10 -1.458993e+10
2.162986e+13 5.874444e+12
1.897533e+09 4.723935e+08
1.112921e+05 -8.874010e+00
-9.474108e+10 -3.130423e+10
-3.197758e+11 -5.002234e+12
-3.193117e+09 -6.217908e+09
-3.538174e+06 3.657711e+06
-4.610104e+08 -1.453188e+08
-5.272317e+09 -2.160424e+10
1.889625e+13 2.538472e+13
-5.223278e+09 3.402028e+09
5.212159e+07 -1.019100e+08
-6.908550e+08 5.044341e+08
-2.680738e+08 -1.335227e+07
-6.718558e+00 -1.720247e+07
1.473387e+12 2.014802e+12
-2.080548e+06 -1.383318e+00
-1.658107e+05 -6.448640e+00
-6.404357e+07 1.279504e+08
1.311010e+10 1.459089e+10
-2.447319e+09 -1.626877e+09
4.238314e+17 -6.901198e+17
3.195333e+10 9.606390e+09
3.970168e+00 -3.438548e+06
9.566531e+08 1.623683e+09
2.543744e+06 -3.335458e+06
-9.349582e+04 -2.418381e+06
-1.725392e+10 1.123933e+10
-1.425567e+09 -4.624003e+10
1.424326e+12 -1.373056e+12
-1.583935e+09 -1.177168e+09
-6.958244e+11 1.051361e+12
7.392213e+04 2.168440e+06
2.329970e+07 1.428576e+08
6.958703e+11 -1.051223e+12
8.848053e+05 -6.271861e+00
3.282852e+14 -1.687574e+14
-8.998060e+10 5.646915e+10
2.405314e+11 1.354343e+12
4.527324e+07 -6.660712e+00
-3.698909e+08 3.550313e+08
-6.850629e+09 9.623138e+08
1.456922e+13 -5.232634e+12
-1.897042e+09 -4.733258e+08
-3.048329e+06 9.117393e+05
3.857937e+15 -5.511918e+15
2.045251e+06 3.881585e+06
-6.439964e+10 -1.867946e+10
-4.238454e+17 6.901046e+17
-6.509995e+08 4.010572e+08
1.889679e+13 -6.106551e+12
5.222846e+09 -3.401716e+09
-1.887078e+08 7.055051e+08
6.632928e+11 -6.539665e+11
1.681925e+08 3.150267e+08
2.573319e+10 3.953622e+10
-6.721014e+06 1.161205e+07
5.962540e+08 -6.418699e+08
-3.412550e+06 -1.632421e+07
3.447472e+06 1.629233e+07
7.699973e-01 -1.694797e+07
-2.072609e+11 4.154389e+11
-1.016350e+08 3.094099e+07
-1.665441e+08 -1.323557e+08
-2.309035e+07 -3.768453e+07
-8.940860e+00 1.522821e+07
3.236222e+09 6.227259e+09
-8.539979e+07 2.301051e+08
2.510138e+15 -1.188551e+16
1.436503e+07 -7.302206e+06
-4.041274e+06 -1.639693e+07
6.491007e+08 -4.008773e+08
-1.306840e+06 -4.195377e+06
-5.401855e+16 -2.009569e+17
-8.534867e+05 -1.078467e+00
8.582179e+07 -6.914744e+06
-1.292525e+09 -1.242380e+08
-6.590941e+06 -1.064244e+06
-5.963143e+08 6.418786e+08
-5.669831e+06 -6.485752e+06
-1.249849e+08 1.401075e+08
-3.616090e+11 -7.033460e+10
-8.792036e+10 3.221288e+11
5.809606e+00 8.998493e+05
-5.323334e+12 -1.681639e+11
1.606569e+08 -5.961702e+07
6.154090e+13 -1.066009e+14
-1.117625e+01 -4.028087e+07
5.925611e+06 -7.345354e+06
-2.522861e+05 -2.137187e+06
4.951473e+08 -1.140740e+08
3.823270e+05 2.143185e+06
1.288885e+06 4.152569e+06
-9.525121e+10 1.069138e+10
-7.737452e+06 -2.184123e+05
-2.405072e+11 -1.354238e+12
1.595956e+10 3.213679e+10
-2.582136e+11 -5.789524e+11
-8.617532e+15 3.544059e+14
3.922477e+06 1.695894e+07
1.249383e+08 -1.401087e+08
1.388837e+06 1.533380e+07
8.791253e+10 -3.221146e+11
-3.114540e+08 -2.943371e+08
1.435292e+14 4.726804e+13
4.618735e+08 1.453627e+08
3.768594e+09 -6.555060e+08
8.544200e+07 -2.300939e+08
1.292469e+09 1.245589e+08
3.126711e+08 -2.645230e+08
2.001535e+09 1.988148e+09
-2.293522e+08 4.004209e+08
6.333996e+08 1.155786e+09
-7.187125e+06 -3.313625e+06
4.508308e+07 6.473946e+06
-6.154361e+13 1.066103e+14
-4.504423e+07 -6.277531e+06
-7.007895e+06 -1.137266e+07
8.618289e+15 -3.544722e+14
-4.299907e+07 9.940065e+05
2.239658e+11 -4.986854e+10
-1.424338e+12 1.373178e+12
-2.222702e+07 8.095959e+07
-2.240219e+11 4.987707e+10
3.114564e+08 2.943521e+08
2.508412e+07 3.867817e+07
-5.842254e+05 -1.658806e+07
8.987409e+00 3.043319e+06
2.438819e+06 -3.137100e+06
4.508235e+08 1.524300e+08
3.616016e+11 7.032430e+10
-3.553319e+06 5.556139e+06
2.448016e+09 1.627352e+09
2.762624e+12 -3.849476e+12
-4.946396e+08 1.149615e+08
2.677719e+08 1.224509e+07
-1.595913e+10 -3.213858e+10
1.123275e+21 -9.279517e+20
1.716094e+05 4.566152e+06
5.625710e+00 2.551715e+06
2.354411e+07 -8.402030e+07
6.832894e+13 -4.753878e+13
-2.717070e+00 1.006463e+06
6.906787e+08 -5.041888e+08
-3.089854e+06 -3.041594e+05
1.422972e+07 -9.445914e+05
1.022790e+08 -3.013571e+07
-3.126391e+08 1.757185e+08
9.382105e+06 7.949702e+05
-3.111437e+14 -5.929731e+14
-3.766606e+09 6.575580e+08
2.817163e+07 -1.079216e+08
8.866357e+09 7.580915e+09
-6.090806e+07 1.830893e+06
3.087536e+07 -8.603989e+07
-9.384780e+07 1.082919e+08
-2.510138e+15 1.188473e+16
8.439223e+07 4.037313e+07
1.725451e+09 5.139288e+09
2.072489e+11 -4.154203e+11
-6.833044e+13 4.753669e+13
-4.084705e+10 -1.335716e+10
2.914048e+10 7.265780e+08
-2.913888e+10 -7.265167e+08
9.428672e+07 -1.077600e+08
-4.426979e+07 1.599248e+08
5.401914e+16 2.009348e+17
-4.216670e+06 -1.064595e+07
5.242162e+00 -3.572257e+06
-1.640048e+07 3.932770e+08
8.690029e+08 -5.125612e+07
2.385379e+06 -1.465512e+06
-2.389676e+06 1.476102e+06
-4.932703e+09 -2.363472e+09
6.086174e+07 -3.228951e+06
4.753306e+00 2.285387e+07
-2.865118e+19 -6.033629e+19
3.360079e+07 -2.568544e+07
7.137198e+05 4.251009e+00
-5.718035e+06 -1.046353e+07
-1.597753e+08 5.969826e+07
7.031222e+06 3.405265e+06
1.832905e+06 -1.041385e+01
-5.529709e+08 -1.402706e+08
-2.193336e+06 -7.844121e+06
4.429569e+07 -1.600065e+08
-2.177799e+07 9.170611e+06
2.134543e+06 6.169221e+06
-2.573817e+10 -3.954346e+10
-1.123472e+21 9.281351e+20
1.398823e+05 -9.833753e-01
-2.815899e+07 1.079835e+08
-3.377179e+13 -1.229193e+13
4.770165e+08 -4.606328e+10
-4.357389e+00 -3.554091e+06
-8.862755e+06 -1.026175e+08
-8.224098e+09 -1.063103e+11
-1.725942e+09 -5.140553e+09
1.581827e+09 1.176545e+09
-1.145620e+08 -3.662964e+08
7.700499e+07 1.292947e+08
-6.340090e+08 -1.156780e+09
-1.888839e+06 -1.004197e+01
7.315051e+00 -2.559797e+06
-3.283537e+14 1.687852e+14
2.225773e+15 2.404431e+16
-7.474493e+06 1.376642e+00
3.127963e+09 1.788783e+09
-6.497793e-01 3.062326e+06
-8.728465e+08 4.329270e+07
-3.334020e+07 2.566726e+07
7.523112e+06 9.617437e+00
-2.059334e+08 1.761214e+08
-6.639559e+11 6.540012e+11
-2.112156e+05 -1.713637e+07
-2.386099e+13 8.617070e+14
-2.170182e+11 9.900587e+11
4.505486e+06 -1.204911e+07
4.730401e+07 7.196460e+06
-8.057251e+07 -1.368700e+08
2.580374e+07 -1.922550e+06
3.123854e+00 3.422463e+06
-4.209101e+07 -1.218416e+07
5.706544e+06 1.043277e+07
-4.927317e+09 1.449934e+09
-1.951262e+12 -2.151024e+12
5.250458e+07 -1.348023e+07
1.356211e+12 2.046886e+11
2.170814e+07 -9.285139e+06
3.480471e+08 9.032198e+08
-1.968332e+08 -2.086483e+08
-1.222699e+06 -6.740019e+05
-8.526554e+06 1.771314e+06
2.886181e+08 -3.771309e+07
-1.054742e+01 1.092707e+06
5.330309e+06 4.640863e+06
6.786015e+10 1.434694e+10
4.263440e+06 5.572581e+06
8.464757e+11 -1.582223e+11
-1.941094e+05 -4.679050e+04
-1.087122e+09 4.707358e+07
8.542696e+08 7.553812e+08
-1.220198e+15 1.099766e+15
-1.686095e+08 -3.146417e+08
-1.310309e+06 -1.244711e+06
4.208559e+07 1.227288e+07
5.221612e+09 2.163044e+10
-8.483802e+05 -4.256677e-02
8.299969e+00 2.580858e+06
-1.890218e+13 6.111043e+12
-3.003330e+07 -1.820527e+07
-5.196749e+08 -1.467836e+08
3.038498e+00 1.133401e+07
1.725589e+10 -1.124065e+10
-1.435891e+14 -4.728258e+13
8.669537e+06 1.052005e+07
-4.291777e+06 1.192268e+07
-4.768050e+08 4.606369e+10
3.099906e+08 7.956672e+07
5.217903e+06 -9.645833e+05
3.020535e+06 -8.469332e+05
-4.315855e+07 1.899424e+07
-2.225821e+15 -2.404431e+16
-2.760753e+06 2.573344e+00
4.351637e+11 -7.579822e+10
1.828956e+11 -1.309862e+09
-1.829238e+11 1.309910e+09
9.476476e+10 3.130310e+10
-1.457114e+13 5.233439e+12
5.325731e+12 1.682217e+11
6.441603e+10 1.868366e+10
-2.255595e+07 4.348296e+07
4.085572e+10 1.335667e+10
1.645470e+07 -3.937312e+08
5.880039e+06 -1.170128e+07
-3.462626e+09 -2.096944e+08
6.647918e+05 -5.858996e-01
5.360165e+09 1.030210e+09
-8.515303e+07 -4.053788e+07
6.300119e+06 -2.469923e+07
6.708518e+00 -1.113630e+07
-1.464992e+06 1.060167e+01
2.583017e+11 5.791621e+11
-8.523114e+07 6.878893e+07
-2.517755e+07 2.612987e+06
7.184273e+07 5.944221e+07
-1.265921e+07 5.497453e+07
-4.155119e+10 5.595308e+10
-6.684574e+08 1.139482e+08
2.000357e+06 5.950110e+00
2.359065e+08 -2.314239e+08
2.386203e+13 -8.616975e+14
-9.578226e+08 -1.622131e+09
-9.281369e+08 1.894198e+09
-8.649870e+07 7.265228e+06
1.220252e+15 -1.099778e+15
-1.341105e+07 2.478234e+06
3.463016e+09 2.088974e+08
2.865370e+19 6.034888e+19
-3.100179e+08 -7.972279e+07
-7.759610e+07 -1.283117e+08
-6.224649e+06 2.476477e+07
-9.275027e+06 -1.145965e+06
8.231296e+05 6.436968e+06
-4.609728e+09 5.992530e+10
2.294132e+08 -4.004438e+08
3.201493e+11 5.006303e+12
4.155210e+10 -5.594883e+10
1.888957e+08 -7.056292e+08
5.177063e+08 1.482196e+08
-3.488628e+08 -9.015047e+08
1.120487e+06 -4.446149e+00
8.759237e+06 4.192734e+00
8.137247e+05 1.641590e+07
-8.536096e+08 -7.546456e+08
1.132425e+08 3.671975e+08
-7.250242e+07 -5.974478e+07
2.170035e+11 -9.900066e+11
-4.683758e+07 -7.279573e+06
6.904916e+06 1.250646e+06
1.878684e+10 1.304896e+10
4.123647e+00 -1.037354e+07
9.263409e+08 -1.894008e+09
1.087129e+09 -4.708056e+07
-6.530823e+06 6.642878e+06
-6.960978e+06 -3.781852e+06
-1.911425e+07 -9.440995e+00
8.092388e+06 5.486807e+06
