7.888420e+05 -1.164008e+00
3.134983e+06 -5.519958e+05
3.281389e+09 4.241561e+10
7.785815e+11 8.583508e+11
-5.881212e+11 -8.042537e+11
-2.138817e+09 -4.108944e+08
6.095533e+06 -2.182883e+07
-2.748732e+06 -2.256721e+06
-9.076599e+05 -5.993145e+06
-2.000375e+06 -1.065355e+01
2.899181e+05 -6.348095e+05
-1.345616e+07 3.581566e+07
1.839487e+09 -2.391492e+10
1.965277e+09 -5.781819e+08
-1.980657e+10 -4.289264e+09
1.966632e+09 9.423868e+08
-5.245636e+05 1.698645e+07
-2.641699e+06 -9.175217e+05
7.604156e+06 -3.290187e+00
-9.421773e+07 9.216015e+07
-8.574903e+05 -1.719764e+06
-1.514340e+09 5.663324e+08
5.696113e+08 1.844842e+10
-2.707012e+10 -5.723254e+09
-2.076938e+07 4.064414e+07
-5.407638e+06 5.353742e+05
2.943975e+05 -5.547441e+04
3.441739e+07 -2.687967e+07
-8.633282e+12 -2.345057e+12
7.292383e+00 -1.402723e+06
1.692049e+07 -7.640712e+06
-5.172952e+07 1.012317e+07
-1.274907e+10 -3.832224e+09
-1.248356e+09 -7.136995e+08
-1.592699e+07 -2.267436e+06
3.590545e+10 -2.253432e+10
1.241890e+14 2.366945e+14
3.042484e+05 5.656603e+05
1.981327e+10 4.290600e+09
6.671812e+07 5.371467e+07
3.802982e+10 -4.268172e+09
8.373299e+05 1.717124e+06
-7.425059e+00 -8.089682e+05
-7.495948e+09 -5.208015e+09
5.691695e+06 4.127846e+07
8.386667e+05 -7.956372e+05
-1.101077e+12 1.534274e+12
5.254705e+05 -4.004845e+05
5.174673e+07 -1.016763e+07
-7.987459e+08 -7.933503e+08
2.669131e+08 -4.604766e+07
1.202491e+07 7.198803e+06
-6.530063e+00 -6.143524e+05
6.110068e+06 -6.869894e+05
1.347632e+13 4.904926e+12
1.513675e+09 -5.667004e+08
-1.736839e+11 3.025185e+10
2.208757e+08 5.602698e+07
1.589951e+06 4.134028e+06
-1.783197e+07 -5.368723e+07
-7.540863e+12 -1.013092e+13
-3.378078e+11 6.314444e+10
2.555317e+07 -5.120171e+07
7.914090e+07 8.787298e+07
-1.539558e+15 2.200000e+15
-1.420647e+08 4.649744e+07
8.518786e+06 -1.732109e+07
-5.413002e+11 -8.169541e+10
-3.533563e+09 -3.020754e+09
2.734586e+09 -3.840229e+08
1.992682e+06 -1.067193e+01
-5.233373e+09 -5.823704e+09
8.633520e+12 2.344928e+12
7.550955e+08 1.879811e+08
4.435683e+04 -8.178545e+00
-3.781427e+10 -1.249338e+10
-1.274901e+11 -1.994147e+12
-1.274217e+09 -2.481304e+09
-1.412198e+06 1.459870e+06
-1.834098e+08 -5.781371e+07
-2.104131e+09 -8.622004e+09
7.540656e+12 1.013037e+13
-2.084873e+09 1.357808e+09
2.080253e+07 -4.067149e+07
-2.756562e+08 2.012839e+08
-1.069522e+08 -5.326813e+06
-9.780963e+00 -6.865351e+06
5.881383e+11 8.042312e+11
-8.300655e+05 -3.866976e+00
-6.596754e+04 -1.930533e+00
-2.556413e+07 5.107491e+07
5.233361e+09 5.824346e+09
-9.764498e+08 -6.492000e+08
1.691818e+17 -2.754661e+17
1.275243e+10 3.833971e+09
-3.667306e+00 -1.372061e+06
3.816692e+08 6.478576e+08
1.015266e+06 -1.331169e+06
-3.719625e+04 -9.649660e+05
-6.883911e+09 4.484105e+09
-5.690092e+08 -1.845499e+10
5.685139e+11 -5.480255e+11
-6.321236e+08 -4.698178e+08
-2.776803e+11 4.195401e+11
2.946810e+04 8.656981e+05
9.301314e+06 5.702575e+07
2.776880e+11 -4.195286e+11
3.532750e+05 -1.013088e+01
1.309470e+14 -6.730873e+13
-3.590887e+10 2.253534e+10
9.591850e+10 5.401022e+11
1.807615e+07 1.846606e-02
-1.476517e+08 1.417241e+08
-2.734717e+09 3.841905e+08
5.813450e+12 -2.087975e+12
-7.549126e+08 -1.883740e+08
-1.216581e+06 3.638705e+05
1.540066e+15 -2.200484e+15
8.153455e+05 1.547243e+06
-2.570612e+10 -7.456566e+09
-1.692143e+17 2.755116e+17
-2.477427e+08 1.526338e+08
7.542698e+12 -2.437845e+12
2.085159e+09 -1.357781e+09
-7.532410e+07 2.816072e+08
2.648030e+11 -2.610712e+11
6.713114e+07 1.257444e+08
1.026994e+10 1.577794e+10
-2.678557e+06 4.627962e+06
2.379596e+08 -2.561715e+08
-1.362333e+06 -6.517034e+06
1.376569e+06 6.504407e+06
2.780091e+00 -6.761439e+06
-8.235117e+10 1.650713e+11
-4.055283e+07 1.234639e+07
-6.646155e+07 -5.281821e+07
-9.214960e+06 -1.503974e+07
9.696479e+00 6.076056e+06
1.291746e+09 2.485735e+09
-3.408561e+07 9.184251e+07
1.001238e+15 -4.740918e+15
5.734263e+06 -2.914685e+06
-1.612511e+06 -6.542199e+06
2.470039e+08 -1.525395e+08
-5.215175e+05 -1.674581e+06
-2.151716e+16 -8.004524e+16
-3.404961e+05 1.886215e-01
3.424412e+07 -2.758850e+06
-5.159000e+08 -4.958386e+07
-2.629031e+06 -4.244322e+05
-2.379967e+08 2.561835e+08
-2.263057e+06 -2.588713e+06
-4.988989e+07 5.592736e+07
-1.443427e+11 -2.807424e+10
-3.509210e+10 1.285821e+11
-5.417963e+00 3.591114e+05
-2.124926e+12 -6.711973e+10
6.409789e+07 -2.378519e+07
2.455230e+13 -4.253126e+13
5.889412e+00 -1.605955e+07
2.360576e+06 -2.926359e+06
-1.007574e+05 -8.530604e+05
1.973614e+08 -4.546843e+07
1.525919e+05 8.554618e+05
5.145413e+05 1.657518e+06
-3.801513e+10 4.266807e+09
-3.088120e+06 -8.717195e+04
-9.589716e+10 -5.399680e+11
6.368859e+09 1.282543e+10
-1.030677e+11 -2.311068e+11
-3.439956e+15 1.414814e+14
1.565325e+06 6.767649e+06
4.987633e+07 -5.593157e+07
5.544116e+05 6.120856e+06
3.509012e+10 -1.285644e+11
-1.242677e+08 -1.174323e+08
5.722719e+13 1.884698e+13
1.837474e+08 5.782549e+07
1.502773e+09 -2.613779e+08
3.409813e+07 -9.182576e+07
5.158156e+08 4.970832e+07
1.247267e+08 -1.055171e+08
7.986450e+08 7.933074e+08
-9.144000e+07 1.596404e+08
2.527631e+08 4.612330e+08
-2.867278e+06 -1.321789e+06
1.799396e+07 2.583980e+06
-2.455095e+13 4.252774e+13
-1.797969e+07 -2.505581e+06
-2.796246e+06 -4.538297e+06
3.439483e+15 -1.414737e+14
-1.716335e+07 3.964807e+05
8.937536e+10 -1.990307e+10
-5.684498e+11 5.480625e+11
-8.870759e+06 3.231155e+07
-8.941548e+10 1.990812e+10
1.242700e+08 1.174480e+08
1.001003e+07 1.543434e+07
-2.332260e+05 -6.620191e+06
5.957946e+00 1.214242e+06
9.732060e+05 -1.251944e+06
1.799425e+08 6.084188e+07
1.443350e+11 2.807074e+10
-1.418185e+06 2.217443e+06
9.768726e+08 6.493399e+08
1.100866e+12 -1.534020e+12
-1.971623e+08 4.582242e+07
1.068394e+08 4.885450e+06
-6.369354e+09 -1.282615e+10
4.483011e+20 -3.703616e+20
6.858018e+04 1.821872e+06
6.920717e-01 1.018198e+06
9.397139e+06 -3.353228e+07
2.726286e+13 -1.896843e+13
-4.268083e+00 4.015459e+05
2.755630e+08 -2.011750e+08
-1.232628e+06 -1.212114e+05
5.679395e+06 -3.770040e+05
4.080498e+07 -1.202407e+07
-1.247118e+08 7.009367e+07
3.744702e+06 3.171452e+05
-1.241719e+14 -2.366294e+14
-1.501897e+09 2.621958e+08
1.124017e+07 -4.305886e+07
3.533488e+09 3.021288e+09
-2.430315e+07 7.302829e+05
1.232364e+07 -3.434367e+07
-3.743060e+07 4.319037e+07
-1.001210e+15 4.740265e+15
3.367837e+07 1.611197e+07
6.886156e+08 2.051190e+09
8.235552e+10 -1.650758e+11
-2.727036e+13 1.897104e+13
-1.630115e+10 -5.330489e+09
1.162875e+10 2.899420e+08
-1.162843e+10 -2.899303e+08
3.760962e+07 -4.298496e+07
-1.767159e+07 6.383968e+07
2.151835e+16 8.003862e+16
-1.682224e+06 -4.247373e+06
-1.238753e+00 -1.424975e+06
-6.538735e+06 1.567835e+08
3.463807e+08 -2.042909e+07
9.517881e+05 -5.846698e+05
-9.535722e+05 5.889786e+05
-1.967415e+09 -9.426792e+08
2.428507e+07 -1.288367e+06
5.690172e+00 9.121015e+06
-1.143229e+19 -2.407423e+19
1.340587e+07 -1.024809e+07
2.846974e+05 8.888186e+00
-2.281703e+06 -4.175262e+06
-6.375681e+07 2.382290e+07
2.805965e+06 1.358885e+06
7.315484e+05 -2.495409e-01
-2.207039e+08 -5.598407e+07
-8.753381e+05 -3.130882e+06
1.768113e+07 -6.386694e+07
-8.690375e+06 3.659532e+06
8.519062e+05 2.462143e+06
-1.026905e+10 -1.577701e+10
-4.483011e+20 3.703819e+20
5.577329e+04 -9.196058e+00
-1.123581e+07 4.308600e+07
-1.347706e+13 -4.905196e+12
1.903794e+08 -1.838446e+10
-8.991879e+00 -1.418381e+06
-3.537519e+06 -4.095801e+07
-3.282761e+09 -4.243403e+10
-6.888121e+08 -2.051549e+09
6.313000e+08 4.695616e+08
-4.570100e+07 -1.461196e+08
3.072973e+07 5.159661e+07
-2.530357e+08 -4.616655e+08
-7.537483e+05 -1.784954e+00
9.496835e+00 -1.021406e+06
-1.309506e+14 6.731058e+13
8.884233e+14 9.597672e+15
-2.982177e+06 -7.472311e+00
1.248267e+09 7.138482e+08
5.319705e+00 1.221939e+06
-3.478997e+08 1.725586e+07
-1.329994e+07 1.024133e+07
3.001817e+06 1.251471e+00
-8.216398e+07 7.026326e+07
-2.650052e+11 2.610464e+11
-8.421051e+04 -6.839916e+06
-9.521347e+12 3.438712e+14
-8.660718e+10 3.951323e+11
1.798312e+06 -4.808638e+06
1.888001e+07 2.872161e+06
-3.214573e+07 -5.460677e+07
1.029572e+07 -7.670054e+05
6.535207e+00 1.365806e+06
-1.679760e+07 -4.862233e+06
2.276742e+06 4.162465e+06
-1.966199e+09 5.786047e+08
-7.788815e+11 -8.585871e+11
2.095404e+07 -5.380469e+06
5.414041e+11 8.170877e+10
8.663861e+06 -3.705712e+06
1.389065e+08 3.604613e+08
-7.822432e+07 -8.292855e+07
-4.879608e+05 -2.691392e+05
-3.403423e+06 7.071851e+05
1.151553e+08 -1.504688e+07
-1.449462e+00 4.361599e+05
2.127329e+06 1.852176e+06
2.708776e+10 5.726778e+09
1.701721e+06 2.224458e+06
3.378265e+11 -6.314513e+10
-7.739633e+04 -1.866854e+04
-4.338774e+08 1.878703e+07
3.409633e+08 3.014991e+08
-4.869971e+14 4.389287e+14
-6.729231e+07 -1.255749e+08
-5.228674e+05 -4.967406e+05
1.679594e+07 4.897901e+06
2.083956e+09 8.632279e+09
-3.385004e+05 8.358648e+00
-9.707035e+00 1.030203e+06
-7.543734e+12 2.438850e+12
-1.198517e+07 -7.264808e+06
-2.073804e+08 -5.857903e+07
3.859245e-01 4.523147e+06
6.884966e+09 -4.484759e+09
-5.725557e+13 -1.885373e+13
3.459593e+06 4.198413e+06
-1.712728e+06 4.758376e+06
-1.903345e+08 1.838715e+10
1.237497e+08 3.176321e+07
2.081507e+06 -3.844596e+05
1.205499e+06 -3.378360e+05
-1.722530e+07 7.580509e+06
-8.884966e+14 -9.598200e+15
-1.101480e+06 2.811004e+00
1.737073e+11 -3.025457e+10
7.298678e+10 -5.226710e+08
-7.299080e+10 5.226900e+08
3.782312e+10 1.249430e+10
-5.814089e+12 2.088090e+12
2.125862e+12 6.714761e+10
2.571141e+10 7.457263e+09
-9.001977e+06 1.735411e+07
1.630498e+10 5.330558e+09
6.560342e+06 -1.569753e+08
2.343918e+06 -4.663911e+06
-1.381979e+09 -8.370020e+07
2.654824e+05 -5.312123e+00
2.138781e+09 4.110547e+08
-3.398590e+07 -1.617919e+07
2.515021e+06 -9.860800e+06
-4.118979e+00 -4.444738e+06
-5.845791e+05 1.031316e+01
1.031018e+11 2.311703e+11
-3.400611e+07 2.744585e+07
-1.004582e+07 1.042605e+06
2.865231e+07 2.370682e+07
-5.051779e+06 2.193895e+07
-1.658162e+10 2.232927e+10
-2.666094e+08 4.545028e+07
7.977841e+05 3.314526e-01
9.415046e+07 -9.236194e+07
9.522654e+12 -3.438807e+14
-3.822270e+08 -6.473245e+08
-3.694421e+08 7.539672e+08
-3.451729e+07 2.898919e+06
4.870373e+14 -4.389529e+14
-5.351136e+06 9.887400e+05
1.382204e+09 8.337736e+07
1.143481e+19 2.408285e+19
-1.237601e+08 -3.182537e+07
-3.096838e+07 -5.120980e+07
-2.484865e+06 9.885873e+06
-3.701903e+06 -4.571560e+05
3.284116e+05 2.569323e+06
-1.840086e+09 2.392224e+10
9.147084e+07 -1.596742e+08
1.276451e+11 1.996127e+12
1.658253e+10 -2.232868e+10
7.538826e+07 -2.816165e+08
2.066074e+08 5.915441e+07
-1.392357e+08 -3.598177e+08
4.470025e+05 -1.083499e+01
3.496709e+06 -7.567297e+00
3.247356e+05 6.551903e+06
-3.406924e+08 -3.011906e+08
4.517318e+07 1.464806e+08
-2.891620e+07 -2.382777e+07
8.660703e+10 -3.951006e+11
-1.869305e+07 -2.905099e+06
2.754091e+06 4.986912e+05
7.495966e+09 5.207090e+09
-2.742169e+00 -4.122450e+06
3.686781e+08 -7.538293e+08
4.338731e+08 -1.879071e+07
-2.602136e+06 2.646854e+06
-2.778076e+06 -1.509215e+06
-7.629043e+06 2.961794e+00
3.229785e+06 2.190263e+06
