4.210567e+05 5.145582e-01
1.675293e+06 -2.950843e+05
1.754009e+09 2.266973e+10
4.160716e+11 4.587094e+11
-3.143839e+11 -4.298731e+11
-1.142370e+09 -2.194407e+08
3.256894e+06 -1.166231e+07
-1.468486e+06 -1.205612e+06
-4.851381e+05 -3.203259e+06
-1.068716e+06 -1.509525e+00
1.550157e+05 -3.392800e+05
-7.191676e+06 1.914123e+07
9.831071e+08 -1.278185e+10
1.049734e+09 -3.088315e+08
-1.058338e+10 -2.291628e+09
1.049730e+09 5.030388e+08
-2.798977e+05 9.063453e+06
-1.412054e+06 -4.905012e+05
4.063281e+06 7.833241e+00
-5.033723e+07 4.923914e+07
-4.581748e+05 -9.189969e+05
-8.092974e+08 3.026451e+08
3.043233e+08 9.855944e+09
-1.446381e+10 -3.058207e+09
-1.109616e+07 2.171984e+07
-2.890211e+06 2.861092e+05
1.572562e+05 -2.965382e+04
1.837803e+07 -1.435863e+07
-4.614959e+12 -1.253586e+12
9.485098e+00 -7.494602e+05
9.041886e+06 -4.082753e+06
-2.764455e+07 5.410158e+06
-6.812158e+09 -2.047943e+09
-6.669026e+08 -3.813048e+08
-8.510685e+06 -1.211621e+06
1.918211e+10 -1.203901e+10
6.636597e+13 1.264844e+14
1.628810e+05 3.018579e+05
1.058619e+10 2.292411e+09
3.563716e+07 2.869212e+07
2.031925e+10 -2.280530e+09
4.472825e+05 9.174267e+05
2.211379e+00 -4.324153e+05
-4.003820e+09 -2.781887e+09
3.041285e+06 2.205856e+07
4.477978e+05 -4.248890e+05
-5.870935e+11 8.180311e+11
2.805607e+05 -2.137742e+05
2.765280e+07 -5.433428e+06
-4.266600e+08 -4.237896e+08
1.424830e+08 -2.457853e+07
6.424332e+06 3.845933e+06
1.822530e+00 -3.283846e+05
3.263566e+06 -3.669639e+05
7.200961e+12 2.620926e+12
8.089333e+08 -3.028699e+08
-9.282147e+10 1.616787e+10
1.180199e+08 2.993662e+07
8.491858e+05 2.208213e+06
-9.531224e+06 -2.869483e+07
-4.028669e+12 -5.412728e+12
-1.805135e+11 3.374234e+10
1.365967e+07 -2.736689e+07
4.202151e+07 4.665927e+07
-8.227351e+14 1.175814e+15
-7.591419e+07 2.484842e+07
4.551267e+06 -9.254549e+06
-2.893126e+11 -4.366328e+10
-1.884612e+09 -1.610941e+09
1.461664e+09 -2.052585e+08
1.064355e+06 7.219552e+00
-2.797503e+09 -3.113236e+09
4.614484e+12 1.253522e+12
4.017847e+08 1.000267e+08
2.369760e+04 4.298680e+00
-2.021081e+10 -6.677566e+09
-6.802345e+10 -1.064031e+12
-6.809125e+08 -1.325907e+09
-7.546160e+05 7.801908e+05
-9.755469e+07 -3.075318e+07
-1.124342e+09 -4.607007e+09
4.029084e+12 5.412170e+12
-1.114203e+09 7.256633e+08
1.111713e+07 -2.173479e+07
-1.472580e+08 1.075273e+08
-5.712231e+07 -2.845207e+06
-5.896090e+00 -3.669149e+06
3.143844e+11 4.299171e+11
-4.435379e+05 -2.988570e+00
-3.526644e+04 8.429662e+00
-1.366693e+07 2.730453e+07
2.797640e+09 3.113557e+09
-5.216960e+08 -3.468236e+08
9.043220e+16 -1.472405e+17
6.814368e+09 2.048877e+09
3.487804e+00 -7.330706e+05
2.038630e+08 3.460316e+08
5.425527e+05 -7.114008e+05
-1.986819e+04 -5.154856e+05
-3.676105e+09 2.394888e+09
-3.040287e+08 -9.860498e+09
3.038099e+11 -2.928621e+11
-3.377215e+08 -2.510132e+08
-1.483183e+11 2.241018e+11
1.562884e+04 4.624220e+05
4.970468e+06 3.047631e+07
1.483488e+11 -2.241364e+11
1.888096e+05 -4.346876e+00
6.990668e+13 -3.593036e+13
-1.918334e+10 1.203889e+10
5.118340e+10 2.881978e+11
9.661945e+06 -7.043444e+00
-7.892395e+07 7.576101e+07
-1.461880e+09 2.053825e+08
3.105327e+12 -1.115406e+12
-4.016567e+08 -1.002427e+08
-6.498371e+05 1.943517e+05
8.232433e+14 -1.176298e+15
4.348519e+05 8.251965e+05
-1.373751e+10 -3.984929e+09
-9.045081e+16 1.472557e+17
-1.229982e+08 7.578133e+07
4.030269e+12 -1.302496e+12
1.114401e+09 -7.258180e+08
-4.024797e+07 1.504714e+08
1.415365e+11 -1.395419e+11
3.587456e+07 6.720090e+07
5.487170e+09 8.430093e+09
-1.428699e+06 2.468396e+06
1.271622e+08 -1.369048e+08
-7.283976e+05 -3.484386e+06
7.360192e+05 3.477605e+06
6.633088e+00 -3.611850e+06
-4.372923e+10 8.765197e+10
-2.166524e+07 6.595821e+06
-3.550826e+07 -2.821904e+07
-4.923776e+06 -8.036154e+06
-8.951746e+00 3.245369e+06
6.903169e+08 1.328469e+09
-1.821645e+07 4.908226e+07
5.346221e+14 -2.531326e+15
3.064865e+06 -1.557843e+06
-8.612624e+05 -3.494635e+06
1.226608e+08 -7.575479e+07
-2.787817e+05 -8.952501e+05
-1.146759e+16 -4.266208e+16
-1.820443e+05 -9.177996e+00
1.829418e+07 -1.473715e+06
-2.756678e+08 -2.649548e+07
-1.403713e+06 -2.266021e+05
-1.272009e+08 1.369248e+08
-1.209628e+06 -1.383757e+06
-2.667158e+07 2.990021e+07
-7.716697e+10 -1.500834e+10
-1.875915e+10 6.873788e+10
8.965032e+00 1.919897e+05
-1.135846e+12 -3.587965e+10
3.424271e+07 -1.270766e+07
1.311681e+13 -2.272189e+13
5.305560e+00 -8.571116e+06
1.258575e+06 -1.560413e+06
-5.403019e+04 -4.561872e+05
1.052936e+08 -2.425650e+07
8.159514e+04 4.573299e+05
2.750544e+05 8.862380e+05
-2.031923e+10 2.280553e+09
-1.650779e+06 -4.668089e+04
-5.117801e+10 -2.881530e+11
3.403197e+09 6.853261e+09
-5.508871e+10 -1.235269e+11
-1.838749e+15 7.562979e+13
8.363736e+05 3.615604e+06
2.666203e+07 -2.990093e+07
2.965202e+05 3.272293e+06
1.875913e+10 -6.872727e+10
-6.639339e+07 -6.273988e+07
3.054598e+13 1.006007e+13
9.775248e+07 3.076368e+07
8.022888e+08 -1.395390e+08
1.822477e+07 -4.907875e+07
2.756664e+08 2.656693e+07
6.661996e+07 -5.636112e+07
4.267248e+08 4.238846e+08
-4.879504e+07 8.518665e+07
1.350693e+08 2.464773e+08
-1.531646e+06 -7.060445e+05
9.618379e+06 1.381327e+06
-1.311479e+13 2.271838e+13
-9.611288e+06 -1.339322e+06
-1.494231e+06 -2.425311e+06
1.838465e+15 -7.561814e+13
-9.175225e+06 2.119278e+05
4.776751e+10 -1.063891e+10
-3.038560e+11 2.929863e+11
-4.742125e+06 1.727200e+07
-4.779498e+10 1.064062e+10
6.639085e+07 6.274927e+07
5.349274e+06 8.248259e+06
-1.247559e+05 -3.538477e+06
-2.612201e+00 6.491517e+05
5.203058e+05 -6.692559e+05
9.618960e+07 3.252524e+07
7.715517e+10 1.500580e+10
-7.579573e+05 1.185081e+06
5.219093e+08 3.469354e+08
5.870636e+11 -8.180312e+11
-1.051689e+08 2.444367e+07
5.706321e+07 2.608965e+06
-3.403356e+09 -6.853267e+09
2.395601e+20 -1.979058e+20
3.670381e+04 9.734654e+05
-9.050147e+00 5.441283e+05
5.022316e+06 -1.792101e+07
1.456545e+13 -1.013376e+13
1.178523e+00 2.146684e+05
1.472046e+08 -1.074742e+08
-6.585999e+05 -6.482375e+04
3.035760e+06 -2.015996e+05
2.179785e+07 -6.423056e+06
-6.660353e+07 3.743881e+07
2.001532e+06 1.695570e+05
-6.636939e+13 -1.264779e+14
-8.018652e+08 1.399767e+08
6.006165e+06 -2.300823e+07
1.884917e+09 1.611720e+09
-1.298615e+07 3.902870e+05
6.588356e+06 -1.835898e+07
-1.998820e+07 2.306338e+07
-5.346496e+14 2.531457e+15
1.799968e+07 8.611007e+06
3.680523e+08 1.096266e+09
4.373368e+10 -8.766106e+10
-1.457370e+13 1.013845e+13
-8.712034e+09 -2.848979e+09
6.214410e+09 1.549335e+08
-6.213770e+09 -1.549273e+08
2.008137e+07 -2.295363e+07
-9.446161e+06 3.412579e+07
1.146818e+16 4.265767e+16
-8.987037e+05 -2.269002e+06
-7.908468e+00 -7.611493e+05
-3.489278e+06 8.366254e+07
1.847772e+08 -1.089779e+07
5.087903e+05 -3.125941e+05
-5.097441e+05 3.149468e+05
-1.050635e+09 -5.034199e+08
1.297750e+07 -6.885594e+05
9.112937e-01 4.875524e+06
-6.109321e+18 -1.286419e+19
7.162920e+06 -5.475525e+06
1.522288e+05 9.889939e+00
-1.219039e+06 -2.230555e+06
-3.406179e+07 1.272760e+07
1.499125e+06 7.260921e+05
3.910680e+05 1.073082e+01
-1.179488e+08 -2.991917e+07
-4.678971e+05 -1.673564e+06
9.450082e+06 -3.413925e+07
-4.644206e+06 1.955781e+06
4.555023e+05 1.316119e+06
-5.486583e+09 -8.429629e+09
-2.395848e+20 1.979364e+20
2.980662e+04 -9.954887e+00
-6.003704e+06 2.302176e+07
-7.202443e+12 -2.621466e+12
1.017706e+08 -9.827224e+09
-3.482209e+00 -7.580438e+05
-1.891196e+06 -2.189628e+07
-1.754976e+09 -2.268593e+10
-3.681343e+08 -1.096473e+09
3.374053e+08 2.509693e+08
-2.440779e+07 -7.803880e+07
1.642270e+07 2.757450e+07
-1.352373e+08 -2.467295e+08
-4.027700e+05 -8.702498e+00
-1.020786e+01 -5.457271e+05
-6.991389e+13 3.593592e+13
4.749396e+14 5.130773e+15
-1.593349e+06 6.599294e+00
6.669669e+08 3.814285e+08
1.033917e+01 6.528353e+05
-1.855715e+08 9.204126e+06
-7.102339e+06 5.470759e+06
1.603635e+06 7.246481e+00
-4.388663e+07 3.753015e+07
-1.416402e+11 1.395238e+11
-4.501283e+04 -3.655690e+06
-5.087289e+12 1.837259e+14
-4.628134e+10 2.111509e+11
9.610333e+05 -2.569848e+06
1.008977e+07 1.534970e+06
-1.717012e+07 -2.916809e+07
5.499919e+06 -4.096766e+05
-7.287072e+00 7.297751e+05
-8.975750e+06 -2.597856e+06
1.216063e+06 2.223414e+06
-1.050468e+09 3.091037e+08
-4.162858e+11 -4.588748e+11
1.119732e+07 -2.875261e+06
2.894315e+11 4.368343e+10
4.629920e+06 -1.980373e+06
7.423397e+07 1.926372e+08
-4.154597e+07 -4.404557e+07
-2.606484e+05 -1.437834e+05
-1.818901e+06 3.779934e+05
6.151479e+07 -8.037681e+06
-5.603024e+00 2.330376e+05
1.136815e+06 9.898368e+05
1.448156e+10 3.061557e+09
9.095966e+05 1.189142e+06
1.805693e+11 -3.375220e+10
-4.132807e+04 -9.970827e+03
-2.319199e+08 1.004203e+07
1.822541e+08 1.611633e+08
-2.602809e+14 2.345838e+14
-3.596422e+07 -6.711150e+07
-2.794415e+05 -2.655871e+05
8.976406e+06 2.617637e+06
1.113713e+09 4.613064e+09
-1.808755e+05 4.206156e+00
-6.105248e+00 5.506724e+05
-4.031306e+12 1.303300e+12
-6.404127e+06 -3.881987e+06
-1.108116e+08 -3.130100e+07
-5.989670e+00 2.416929e+06
3.677665e+09 -2.395516e+09
-3.056017e+13 -1.006318e+13
1.848609e+06 2.243594e+06
-9.152339e+05 2.542645e+06
-1.017297e+08 9.827817e+09
6.615793e+07 1.698092e+07
1.111748e+06 -2.052209e+05
6.445163e+05 -1.807298e+05
-9.206747e+06 4.051680e+06
-4.750129e+14 -5.131565e+15
-5.886883e+05 3.263877e+00
9.285943e+10 -1.617254e+10
3.899615e+10 -2.792716e+08
-3.899817e+10 2.792530e+08
2.021469e+10 6.677623e+09
-3.105806e+12 1.115463e+12
1.136373e+12 3.589453e+10
1.374334e+10 3.986299e+09
-4.811382e+06 9.274852e+06
8.713508e+09 2.848634e+09
3.500615e+06 -8.375991e+07
1.250328e+06 -2.488019e+06
-7.386141e+08 -4.473885e+07
1.419722e+05 -4.693953e+00
1.142571e+09 2.195926e+08
-1.816272e+07 -8.646685e+06
1.344549e+06 -5.272030e+06
-6.386484e+00 -2.375457e+06
-3.122747e+05 -6.143964e+00
5.511142e+10 1.235650e+11
-1.816692e+07 1.466226e+07
-5.366570e+06 5.569487e+05
1.529694e+07 1.265729e+07
-2.699557e+06 1.172380e+07
-8.860921e+09 1.193204e+10
-1.423512e+08 2.426798e+07
4.258378e+05 -1.125904e+00
5.031203e+07 -4.935740e+07
5.088335e+12 -1.837353e+14
-2.042099e+08 -3.458416e+08
-1.966425e+08 4.013035e+08
-1.843953e+07 1.548604e+06
2.602943e+14 -2.345959e+14
-2.858545e+06 5.282061e+05
7.387464e+08 4.456167e+07
6.109950e+18 1.286817e+19
-6.616850e+07 -1.701506e+07
-1.654923e+07 -2.736673e+07
-1.328566e+06 5.285540e+06
-1.978430e+06 -2.443257e+05
1.755539e+05 1.373433e+06
-9.836357e+08 1.278848e+10
4.881704e+07 -8.521184e+07
6.811503e+10 1.065186e+12
8.860465e+09 -1.193082e+10
4.028411e+07 -1.504832e+08
1.104016e+08 3.161266e+07
-7.441199e+07 -1.922566e+08
2.387668e+05 1.003158e+01
1.868932e+06 -1.075008e+01
1.735686e+05 3.501786e+06
-1.820811e+08 -1.609696e+08
2.412337e+07 7.822350e+07
-1.543749e+07 -1.272091e+07
4.628126e+10 -2.111405e+11
-9.990531e+06 -1.552680e+06
1.470772e+06 2.663395e+05
4.004861e+09 2.781919e+09
5.153765e+00 -2.189308e+06
1.962378e+08 -4.012620e+08
2.318882e+08 -1.004264e+07
-1.387271e+06 1.411120e+06
-1.484603e+06 -8.064356e+05
-4.077286e+06 -8.853360e+00
1.725643e+06 1.170276e+06
