2.126388e+06 -9.636392e+00
8.444193e+06 -1.486937e+06
8.838640e+09 1.142319e+11
2.097362e+12 2.312197e+12
-1.583937e+12 -2.166153e+12
-5.763710e+09 -1.107256e+09
1.642490e+07 -5.881311e+07
-7.405751e+06 -6.079605e+06
-2.444776e+06 -1.614360e+07
-5.390175e+06 -1.050578e+00
7.804476e+05 -1.708882e+06
-3.623971e+07 9.646519e+07
4.954793e+09 -6.441567e+10
5.296161e+09 -1.558178e+09
-5.335938e+10 -1.155586e+10
5.302172e+09 2.540499e+09
-1.414508e+06 4.580975e+07
-7.115098e+06 -2.471513e+06
2.048581e+07 3.781971e+00
-2.538686e+08 2.483174e+08
-2.309757e+06 -4.632807e+06
-4.079392e+09 1.525610e+09
1.534608e+09 4.970561e+10
-7.293651e+10 -1.541983e+10
-5.596176e+07 1.094845e+08
-1.456548e+07 1.442134e+06
7.935426e+05 -1.494298e+05
9.277740e+07 -7.244448e+07
-2.325357e+13 -6.316294e+12
2.893095e-01 -3.780006e+06
4.557864e+07 -2.058374e+07
-1.393283e+08 2.726734e+07
-3.434564e+10 -1.032416e+10
-3.363362e+09 -1.922879e+09
-4.290884e+07 -6.108901e+06
9.674823e+10 -6.071954e+10
3.345284e+14 6.375389e+14
8.181134e+05 1.525002e+06
5.337126e+10 1.155824e+10
1.797646e+08 1.447255e+08
1.024477e+11 -1.149750e+10
2.255422e+06 4.625405e+06
-9.674747e+00 -2.177619e+06
-2.019729e+10 -1.403151e+10
1.533102e+07 1.111842e+08
2.259769e+06 -2.143974e+06
-2.970899e+12 4.139527e+12
1.415915e+06 -1.079412e+06
1.393940e+08 -2.738841e+07
-2.152181e+09 -2.137942e+09
7.195969e+08 -1.241527e+08
3.240499e+07 1.939949e+07
-1.057611e+01 -1.654947e+06
1.646704e+07 -1.851443e+06
3.630877e+13 1.321608e+13
4.077760e+09 -1.526630e+09
-4.678470e+11 8.148241e+10
5.950383e+08 1.509355e+08
4.284135e+06 1.113904e+07
-4.803121e+07 -1.446072e+08
-2.031578e+13 -2.729190e+13
-9.099078e+11 1.700994e+11
6.881554e+07 -1.378840e+08
2.141436e+08 2.377903e+08
-4.146410e+15 5.925356e+15
-3.826573e+08 1.252483e+08
2.294837e+07 -4.666017e+07
-1.457873e+12 -2.200392e+11
-9.532173e+09 -8.148899e+09
7.365396e+09 -1.034318e+09
5.369690e+06 9.312060e-01
-1.409587e+10 -1.568677e+10
2.325594e+13 6.316036e+12
2.040502e+09 5.079794e+08
1.195909e+05 7.266557e+00
-1.018642e+11 -3.365756e+10
-3.438128e+11 -5.378272e+12
-3.432971e+09 -6.684847e+09
-3.803673e+06 3.932195e+06
-4.956881e+08 -1.562509e+08
-5.668391e+09 -2.322747e+10
2.031619e+13 2.729190e+13
-5.615858e+09 3.657709e+09
5.603932e+07 -1.095676e+08
-7.427604e+08 5.423387e+08
-2.882194e+08 -1.435526e+07
7.728899e+00 -1.849470e+07
1.584069e+12 2.166129e+12
-2.236561e+06 -1.943112e+00
-1.780822e+05 -4.218318e+00
-6.885524e+07 1.375621e+08
1.409527e+10 1.568741e+10
-2.631322e+09 -1.749214e+09
4.556923e+17 -7.419979e+17
3.435564e+10 1.032876e+10
-9.765414e+00 -3.697278e+06
1.028614e+09 1.745833e+09
2.735082e+06 -3.586326e+06
-1.005617e+05 -2.600266e+06
-1.855159e+10 1.208464e+10
-1.532774e+09 -4.971671e+10
1.531402e+12 -1.476279e+12
-1.703007e+09 -1.265678e+09
-7.481469e+11 1.130414e+12
7.942062e+04 2.331512e+06
2.505246e+07 1.536052e+08
7.482309e+11 -1.130333e+12
9.514291e+05 1.077615e+01
3.529840e+14 -1.814533e+14
-9.674846e+10 6.071708e+10
2.586358e+11 1.456268e+12
4.867780e+07 -3.497667e+00
-3.977028e+08 3.817323e+08
-7.365870e+09 1.034686e+09
1.566533e+13 -5.626270e+12
-2.040001e+09 -5.089917e+08
-3.277803e+06 9.804094e+05
4.148104e+15 -5.926445e+15
2.199272e+06 4.173894e+06
-6.924393e+10 -2.008460e+10
-4.557249e+17 7.420055e+17
-7.014793e+08 4.321549e+08
2.031815e+13 -6.565801e+12
5.615759e+09 -3.657623e+09
-2.029036e+08 7.585853e+08
7.131878e+11 -7.031368e+11
1.808424e+08 3.387195e+08
2.766867e+10 4.250904e+10
-7.226929e+06 1.248629e+07
6.411005e+08 -6.901403e+08
-3.669067e+06 -1.755116e+07
3.706761e+06 1.751751e+07
-3.361262e+00 -1.822279e+07
-2.228931e+11 4.467817e+11
-1.092782e+08 3.326647e+07
-1.790684e+08 -1.423075e+08
-2.482642e+07 -4.051826e+07
-7.779692e+00 1.637313e+07
3.479473e+09 6.695335e+09
-9.181978e+07 2.474047e+08
2.698885e+15 -1.277919e+16
1.544485e+07 -7.851097e+06
-4.345090e+06 -1.762978e+07
6.994050e+08 -4.319449e+08
-1.404935e+06 -4.510653e+06
-5.808553e+16 -2.160846e+17
-9.176615e+05 -7.757898e+00
9.227599e+07 -7.434787e+06
-1.389707e+09 -1.335800e+08
-7.086728e+06 -1.144303e+06
-6.411498e+08 6.901275e+08
-6.096132e+06 -6.973335e+06
-1.343811e+08 1.506418e+08
-3.887961e+11 -7.562149e+10
-9.452920e+10 3.463416e+11
1.110755e+01 9.674547e+05
-5.723595e+12 -1.808088e+11
1.727397e+08 -6.410053e+07
6.616929e+13 -1.146174e+14
8.536062e+00 -4.331057e+07
6.371446e+06 -7.898013e+06
-2.711194e+05 -2.297725e+06
5.323976e+08 -1.226570e+08
4.110625e+05 2.304309e+06
1.385685e+06 4.464732e+06
-1.024130e+11 1.149515e+10
-8.319068e+06 -2.348872e+05
-2.585983e+11 -1.456119e+12
1.715967e+10 3.455353e+10
-2.776292e+11 -6.224840e+11
-9.265451e+15 3.810517e+14
4.217353e+06 1.823412e+07
1.343319e+08 -1.506421e+08
1.493262e+06 1.648636e+07
9.452040e+10 -3.463274e+11
-3.348664e+08 -3.164622e+08
1.543209e+14 5.082268e+13
4.966627e+08 1.563112e+08
4.052050e+09 -7.048089e+08
9.186496e+07 -2.473897e+08
1.389642e+09 1.339232e+08
3.361830e+08 -2.844142e+08
2.152017e+09 2.137628e+09
-2.466031e+08 4.305437e+08
6.810209e+08 1.242690e+09
-7.727628e+06 -3.562852e+06
4.847214e+07 6.960696e+06
-6.617200e+13 1.146279e+14
-4.843058e+07 -6.749406e+06
-7.534781e+06 -1.222766e+07
9.266113e+15 -3.811179e+14
-4.623224e+07 1.068808e+06
2.408096e+11 -5.361888e+10
-1.531429e+12 1.476418e+12
-2.389830e+07 8.704650e+07
-2.408609e+11 5.362634e+10
3.348749e+08 3.164837e+08
2.697024e+07 4.158647e+07
-6.281176e+05 -1.783509e+07
-5.032268e+00 3.272143e+06
2.622236e+06 -3.373064e+06
4.847176e+08 1.638902e+08
3.887887e+11 7.561188e+10
-3.820481e+06 5.973744e+06
2.632050e+09 1.749686e+09
2.970506e+12 -4.139189e+12
-5.318609e+08 1.236125e+08
2.879094e+08 1.316599e+07
-1.715888e+10 -3.455568e+10
1.207753e+21 -9.977307e+20
1.844657e+05 4.909551e+06
-1.311221e+00 2.743498e+06
2.531423e+07 -9.033774e+07
7.346642e+13 -5.111399e+13
-8.273583e+00 1.082143e+06
7.426365e+08 -5.421154e+08
-3.322319e+06 -3.270728e+05
1.529970e+07 -1.015666e+06
1.099725e+08 -3.240227e+07
-3.361593e+08 1.889369e+08
1.008782e+07 8.548830e+05
-3.345420e+14 -6.375649e+14
-4.049994e+09 7.070207e+08
3.028917e+07 -1.160322e+08
9.533014e+09 8.150973e+09
-6.548438e+07 1.968452e+06
3.319597e+07 -9.250715e+07
-1.009074e+08 1.164380e+08
-2.698940e+15 1.277867e+16
9.073495e+07 4.340784e+07
1.855150e+09 5.525625e+09
2.228720e+11 -4.467448e+11
-7.346867e+13 5.111138e+13
-4.391803e+10 -1.436132e+10
3.133149e+10 7.812003e+08
-3.132957e+10 -7.811368e+08
1.013786e+08 -1.158666e+08
-4.759888e+07 1.719508e+08
5.808672e+16 2.160647e+17
-4.533787e+06 -1.144678e+07
-4.400014e+00 -3.840944e+06
-1.763447e+07 4.228710e+08
9.343986e+08 -5.511394e+07
2.564741e+06 -1.575785e+06
-2.569387e+06 1.587106e+06
-5.303824e+09 -2.541289e+09
6.544001e+07 -3.471911e+06
-3.099909e+00 2.457261e+07
-3.080578e+19 -6.487410e+19
3.612803e+07 -2.761741e+07
7.674894e+05 -6.510859e-01
-6.148174e+06 -1.125060e+07
-1.717913e+08 6.418830e+07
7.560027e+06 3.661396e+06
1.970730e+06 8.451402e+00
-5.945574e+08 -1.508217e+08
-2.358260e+06 -8.434104e+06
4.762690e+07 -1.720377e+08
-2.341597e+07 9.860469e+06
2.295123e+06 6.633181e+06
-2.767393e+10 -4.251757e+10
-1.207963e+21 9.979345e+20
1.503477e+05 2.214636e+00
-3.027662e+07 1.161035e+08
-3.631099e+13 -1.321622e+13
5.128789e+08 -4.952642e+10
8.108578e+00 -3.821411e+06
-9.529208e+06 -1.103319e+08
-8.842307e+09 -1.143012e+11
-1.855695e+09 -5.527052e+09
1.700760e+09 1.265023e+09
-1.231797e+08 -3.938456e+08
8.279518e+07 1.390180e+08
-6.816838e+08 -1.243767e+09
-2.031008e+06 1.440959e-01
-2.255667e+00 -2.752497e+06
-3.530525e+14 1.814848e+14
2.393140e+15 2.585229e+16
-8.036726e+06 4.384610e+00
3.363195e+09 1.923302e+09
-6.306510e+00 3.292622e+06
-9.385295e+08 4.655074e+07
-3.584795e+07 2.759766e+07
8.089007e+06 -5.877025e+00
-2.214230e+08 1.893701e+08
-7.138849e+11 7.031816e+11
-2.271245e+05 -1.842490e+07
-2.565541e+13 9.265085e+14
-2.333339e+11 1.064503e+12
4.844276e+06 -1.295502e+07
5.086112e+07 7.737683e+06
-8.663270e+07 -1.471658e+08
2.774452e+07 -2.067247e+06
-3.896931e+00 3.679891e+06
-4.525611e+07 -1.310064e+07
6.135902e+06 1.121734e+07
-5.297937e+09 1.559001e+09
-2.098005e+12 -2.312788e+12
5.645276e+07 -1.449389e+07
1.458126e+12 2.200793e+11
2.334063e+07 -9.983215e+06
3.742102e+08 9.711166e+08
-2.116682e+08 -2.243773e+08
-1.314566e+06 -7.246333e+05
-9.167661e+06 1.904509e+06
3.103239e+08 -4.054935e+07
8.425930e-01 1.174749e+06
5.730945e+06 4.989705e+06
7.296117e+10 1.542541e+10
4.583955e+06 5.991508e+06
9.101219e+11 -1.701192e+11
-2.086559e+05 -5.023321e+04
-1.168859e+09 5.061311e+07
9.185091e+08 8.121838e+08
-1.311959e+15 1.182468e+15
-1.812865e+08 -3.382993e+08
-1.408802e+06 -1.338375e+06
4.525103e+07 1.319610e+07
5.614364e+09 2.325717e+10
-9.122608e+05 -4.469201e+00
-1.041498e+01 2.774942e+06
-2.032354e+13 6.570629e+12
-3.229211e+07 -1.957431e+07
-5.587587e+08 -1.578230e+08
-5.418144e+00 1.218617e+07
1.855370e+10 -1.208605e+10
-1.543918e+14 -5.083982e+13
9.321312e+06 1.131115e+07
-4.614464e+06 1.281902e+07
-5.126478e+08 4.952635e+10
3.332906e+08 8.554903e+07
5.610460e+06 -1.037226e+06
3.247733e+06 -9.106499e+05
-4.640424e+07 2.042249e+07
-2.393164e+15 -2.585123e+16
-2.968315e+06 7.082079e+00
4.678744e+11 -8.149492e+10
1.966453e+11 -1.408306e+09
-1.966734e+11 1.408386e+09
1.018888e+11 3.365643e+10
-1.566677e+13 5.626902e+12
5.726051e+12 1.808665e+11
6.925897e+10 2.008816e+10
-2.425164e+07 4.675188e+07
4.392810e+10 1.436106e+10
1.769303e+07 -4.233582e+08
6.322645e+06 -1.258215e+07
-3.722983e+09 -2.254614e+08
7.148784e+05 -1.077805e+00
5.763287e+09 1.107691e+09
-9.155598e+07 -4.358620e+07
6.773941e+06 -2.655674e+07
6.687031e+00 -1.197401e+07
-1.575208e+06 3.049701e+00
2.777229e+11 6.227063e+11
-9.164105e+07 7.396229e+07
-2.707117e+07 2.809488e+06
7.724756e+07 6.391415e+07
-1.361120e+07 5.910876e+07
-4.467586e+10 6.016074e+10
-7.187435e+08 1.225192e+08
2.150822e+06 -5.717002e+00
2.536438e+08 -2.488264e+08
2.565645e+13 -9.264991e+14
-1.029850e+09 -1.744113e+09
-9.980529e+08 2.036888e+09
-9.300190e+07 7.811394e+06
1.311972e+15 -1.182443e+15
-1.441928e+07 2.664490e+06
3.723303e+09 2.246012e+08
3.080799e+19 6.488669e+19
-3.333193e+08 -8.571554e+07
-8.343023e+07 -1.379601e+08
-6.692564e+06 2.662603e+07
-9.972253e+06 -1.232069e+06
8.849565e+05 6.920874e+06
-4.956325e+09 6.443103e+10
2.466757e+08 -4.305762e+08
3.442391e+11 5.383001e+12
4.467678e+10 -6.015587e+10
2.030978e+08 -7.586821e+08
5.566284e+08 1.593629e+08
-3.750924e+08 -9.692836e+08
1.204608e+06 -6.104761e+00
9.417646e+06 -6.366030e+00
8.748510e+05 1.764971e+07
-9.177604e+08 -8.113584e+08
1.217556e+08 3.948107e+08
-7.795586e+07 -6.423857e+07
2.333192e+11 -1.064451e+12
-5.035942e+07 -7.826851e+06
7.424234e+06 1.344673e+06
2.019961e+10 1.403038e+10
-3.896361e+00 -1.115572e+07
9.961239e+08 -2.036656e+09
1.168856e+09 -5.061950e+07
-7.022276e+06 7.142785e+06
-7.484342e+06 -4.066167e+06
-2.055143e+07 -5.444801e+00
8.700902e+06 5.899596e+06
