4.050496e+05 -2.006555e+00
1.611545e+06 -2.838362e+05
1.687311e+09 2.180868e+10
4.002879e+11 4.412865e+11
-3.024309e+11 -4.135505e+11
-1.098988e+09 -2.110955e+08
3.133112e+06 -1.121923e+07
-1.412720e+06 -1.159922e+06
-4.666415e+05 -3.081575e+06
-1.028045e+06 -8.264088e+00
1.491377e+05 -3.264768e+05
-6.918623e+06 1.841346e+07
9.457719e+08 -1.229649e+10
1.009818e+09 -2.970874e+08
-1.018121e+10 -2.204528e+09
1.009752e+09 4.838848e+08
-2.692056e+05 8.717975e+06
-1.358403e+06 -4.718598e+05
3.908873e+06 -7.272510e+00
-4.842168e+07 4.736550e+07
-4.406936e+05 -8.839931e+05
-7.785166e+08 2.911337e+08
2.927584e+08 9.480813e+09
-1.391342e+10 -2.941849e+09
-1.067614e+07 2.089576e+07
-2.780442e+06 2.752457e+05
1.513098e+05 -2.855329e+04
1.767867e+07 -1.381270e+07
-4.439743e+12 -1.205932e+12
3.790519e+00 -7.208749e+05
8.698704e+06 -3.927577e+06
-2.659456e+07 5.204378e+06
-6.552918e+09 -1.970036e+09
-6.415220e+08 -3.667948e+08
-8.186921e+06 -1.165511e+06
1.845208e+10 -1.158086e+10
6.384168e+13 1.216737e+14
1.567087e+05 2.903462e+05
1.018402e+10 2.205313e+09
3.428237e+07 2.760141e+07
1.954731e+10 -2.193896e+09
4.302751e+05 8.825672e+05
-9.767168e+00 -4.159902e+05
-3.851611e+09 -2.676148e+09
2.925755e+06 2.122080e+07
4.307293e+05 -4.086474e+05
-5.646869e+11 7.868092e+11
2.698518e+05 -2.056546e+05
2.660646e+07 -5.227911e+06
-4.105053e+08 -4.077217e+08
1.370656e+08 -2.364515e+07
6.180446e+06 3.699946e+06
-1.100759e+01 -3.159029e+05
3.139266e+06 -3.529550e+05
6.927023e+12 2.521211e+12
7.781711e+08 -2.913529e+08
-8.929201e+10 1.555310e+10
1.135363e+08 2.879937e+07
8.168590e+05 2.124209e+06
-9.169300e+06 -2.760535e+07
-3.875739e+12 -5.207043e+12
-1.736565e+11 3.246232e+10
1.314193e+07 -2.632795e+07
4.040129e+07 4.486024e+07
-7.914824e+14 1.131221e+15
-7.303074e+07 2.390469e+07
4.378316e+06 -8.902944e+06
-2.783443e+11 -4.200785e+10
-1.812813e+09 -1.549562e+09
1.406245e+09 -1.974760e+08
1.023930e+06 -9.110881e+00
-2.691445e+09 -2.995208e+09
4.439031e+12 1.205867e+12
3.863607e+08 9.618704e+07
2.277725e+04 -8.605758e+00
-1.944223e+10 -6.423644e+09
-6.543198e+10 -1.023507e+12
-6.550648e+08 -1.275580e+09
-7.259830e+05 7.505900e+05
-9.381546e+07 -2.957457e+07
-1.081660e+09 -4.432133e+09
3.876154e+12 5.206486e+12
-1.071883e+09 6.981382e+08
1.069426e+07 -2.090919e+07
-1.416517e+08 1.034338e+08
-5.494668e+07 -2.736853e+06
-5.125191e-01 -3.529558e+06
3.024314e+11 4.135724e+11
-4.266355e+05 -3.974059e+00
-3.390154e+04 3.064308e+00
-1.314737e+07 2.626652e+07
2.691295e+09 2.995209e+09
-5.018633e+08 -3.336574e+08
8.699860e+16 -1.416497e+17
6.555474e+09 1.971039e+09
-7.020527e+00 -7.052294e+05
1.961090e+08 3.328716e+08
5.219687e+05 -6.844041e+05
-1.913422e+04 -4.959634e+05
-3.536297e+09 2.303816e+09
-2.924785e+08 -9.485875e+09
2.922704e+11 -2.817379e+11
-3.248874e+08 -2.414747e+08
-1.426795e+11 2.155824e+11
1.505873e+04 4.448317e+05
4.781442e+06 2.931734e+07
1.427025e+11 -2.156055e+11
1.816386e+05 -3.196277e+00
6.724209e+13 -3.456068e+13
-1.845330e+10 1.158074e+10
4.923081e+10 2.772183e+11
9.294694e+06 -8.667092e+00
-7.592308e+07 7.288085e+07
-1.406310e+09 1.975770e+08
2.987109e+12 -1.072945e+12
-3.862360e+08 -9.639551e+07
-6.250578e+05 1.869140e+05
7.919482e+14 -1.131584e+15
4.182277e+05 7.936577e+05
-1.321504e+10 -3.833381e+09
-8.701255e+16 1.416572e+17
-1.175531e+08 7.242688e+07
3.876950e+12 -1.253063e+12
1.072025e+09 -6.982179e+08
-3.871050e+07 1.447234e+08
1.361334e+11 -1.342149e+11
3.450449e+07 6.463446e+07
5.277516e+09 8.107979e+09
-1.373850e+06 2.373672e+06
1.223051e+08 -1.316760e+08
-7.005667e+05 -3.351418e+06
7.079065e+05 3.344921e+06
1.028723e+01 -3.473767e+06
-4.203593e+10 8.425787e+10
-2.083718e+07 6.343714e+06
-3.415140e+07 -2.714072e+07
-4.735648e+06 -7.729138e+06
1.469313e+00 3.121293e+06
6.639562e+08 1.277806e+09
-1.752083e+07 4.720807e+07
5.141678e+14 -2.434479e+15
2.947882e+06 -1.498333e+06
-8.283478e+05 -3.361012e+06
1.172102e+08 -7.238850e+07
-2.681250e+05 -8.610643e+05
-1.102698e+16 -4.102319e+16
-1.751074e+05 -9.261737e+00
1.759507e+07 -1.417398e+06
-2.651378e+08 -2.548339e+07
-1.349994e+06 -2.179210e+05
-1.223435e+08 1.316961e+08
-1.163433e+06 -1.330919e+06
-2.565360e+07 2.875895e+07
-7.422161e+10 -1.443549e+10
-1.804306e+10 6.611751e+10
7.503040e+00 1.846504e+05
-1.092535e+12 -3.450975e+10
3.293368e+07 -1.222192e+07
1.261539e+13 -2.185328e+13
1.103332e+01 -8.242744e+06
1.210204e+06 -1.500467e+06
-5.193939e+04 -4.387452e+05
1.012568e+08 -2.332646e+07
7.844457e+04 4.398367e+05
2.645437e+05 8.524299e+05
-1.954415e+10 2.193566e+09
-1.587712e+06 -4.484325e+04
-4.922014e+10 -2.771289e+11
3.273356e+09 6.591791e+09
-5.298812e+10 -1.188172e+11
-1.768650e+15 7.274654e+13
8.043383e+05 3.477355e+06
2.564398e+07 -2.875952e+07
2.851233e+05 3.147305e+06
1.804304e+10 -6.610690e+10
-6.385922e+07 -6.034503e+07
2.937914e+13 9.675838e+12
9.399257e+07 2.958041e+07
7.716584e+08 -1.342113e+08
1.753074e+07 -4.720981e+07
2.651517e+08 2.555363e+07
6.407582e+07 -5.420582e+07
4.104197e+08 4.076879e+08
-4.692552e+07 8.192270e+07
1.299101e+08 2.370623e+08
-1.473035e+06 -6.790147e+05
9.251178e+06 1.328538e+06
-1.261471e+13 2.185094e+13
-9.245295e+06 -1.288318e+06
-1.437288e+06 -2.332933e+06
1.768461e+15 -7.273879e+13
-8.825994e+06 2.038924e+05
4.594789e+10 -1.023322e+10
-2.922697e+11 2.818168e+11
-4.561332e+06 1.661348e+07
-4.597288e+10 1.023548e+10
6.386023e+07 6.035445e+07
5.145185e+06 7.933585e+06
-1.199484e+05 -3.403487e+06
5.045708e+00 6.243413e+05
5.004145e+05 -6.436778e+05
9.252250e+07 3.128531e+07
7.421377e+10 1.443373e+10
-7.290358e+05 1.139849e+06
5.019868e+08 3.336941e+08
5.645660e+11 -7.867246e+11
-1.011467e+08 2.350884e+07
5.488715e+07 2.509459e+06
-3.273691e+09 -6.592150e+09
2.304340e+20 -1.903666e+20
3.532200e+04 9.363531e+05
1.883962e+00 5.233922e+05
4.831583e+06 -1.724034e+07
1.401179e+13 -9.748574e+12
-5.792011e+00 2.064836e+05
1.415924e+08 -1.033777e+08
-6.334312e+05 -6.231730e+04
2.919992e+06 -1.938856e+05
2.096571e+07 -6.177815e+06
-6.405958e+07 3.601105e+07
1.925310e+06 1.631312e+05
-6.384168e+13 -1.216607e+14
-7.712510e+08 1.346390e+08
5.777617e+06 -2.213262e+07
1.812922e+09 1.550167e+09
-1.249203e+07 3.754679e+05
6.337960e+06 -1.766111e+07
-1.922558e+07 2.218339e+07
-5.142505e+14 2.434871e+15
1.731409e+07 8.283031e+06
3.540349e+08 1.054513e+09
4.204495e+10 -8.427611e+10
-1.401854e+13 9.752227e+12
-8.380181e+09 -2.740469e+09
5.977683e+09 1.490309e+08
-5.977043e+09 -1.490250e+08
1.931597e+07 -2.207777e+07
-9.086515e+06 3.282662e+07
1.102876e+16 4.102319e+16
-8.643817e+05 -2.182508e+06
9.213149e+00 -7.320465e+05
-3.355733e+06 8.046119e+07
1.777019e+08 -1.048103e+07
4.894213e+05 -3.006977e+05
-4.903397e+05 3.029872e+05
-1.010549e+09 -4.842133e+08
1.248310e+07 -6.623358e+05
2.271972e+00 4.689919e+06
-5.876561e+18 -1.237397e+19
6.889897e+06 -5.266836e+06
1.464418e+05 -3.557650e+00
-1.172508e+06 -2.145418e+06
-3.276354e+07 1.224256e+07
1.441961e+06 6.983890e+05
3.761638e+05 -4.451479e+00
-1.134569e+08 -2.877970e+07
-4.500927e+05 -1.609859e+06
9.090275e+06 -3.283797e+07
-4.467084e+06 1.881208e+06
4.381337e+05 1.265937e+06
-5.277212e+09 -8.107950e+09
-2.304463e+20 1.903869e+20
2.865733e+04 -5.593665e+00
-5.774626e+06 2.214336e+07
-6.927765e+12 -2.521481e+12
9.789117e+07 -9.452599e+09
1.103068e+01 -7.291077e+05
-1.819090e+06 -2.106175e+07
-1.688092e+09 -2.182138e+10
-3.540962e+08 -1.054663e+09
3.245396e+08 2.413996e+08
-2.347570e+07 -7.505864e+07
1.579635e+07 2.652283e+07
-1.300808e+08 -2.373209e+08
-3.873948e+05 4.019622e+00
1.126377e+00 -5.248945e+05
-6.724209e+13 3.456254e+13
4.568399e+14 4.935252e+15
-1.532537e+06 -2.214050e+00
6.415243e+08 3.668790e+08
6.920140e+00 6.278692e+05
-1.784662e+08 8.851679e+06
-6.831063e+06 5.261938e+06
1.542409e+06 -1.141908e-01
-4.221125e+07 3.609736e+07
-1.362407e+11 1.342053e+11
-4.326217e+04 -3.516311e+06
-4.893206e+12 1.767170e+14
-4.451613e+10 2.030979e+11
9.243743e+05 -2.471860e+06
9.705048e+06 1.476448e+06
-1.651468e+07 -2.805468e+07
5.290003e+06 -3.940233e+05
6.839846e+00 7.019863e+05
-8.633895e+06 -2.498900e+06
1.169800e+06 2.138811e+06
-1.010442e+09 2.973247e+08
-4.004379e+11 -4.414282e+11
1.077150e+07 -2.765636e+06
2.784037e+11 4.201902e+10
4.453363e+06 -1.904843e+06
7.140337e+07 1.852914e+08
-3.994073e+07 -4.234384e+07
-2.507155e+05 -1.383144e+05
-1.749545e+06 3.635768e+05
5.916674e+07 -7.730875e+06
-9.832416e+00 2.241590e+05
1.093468e+06 9.520784e+05
1.392968e+10 2.944876e+09
8.749273e+05 1.143827e+06
1.736844e+11 -3.246526e+10
-3.975669e+04 -9.578415e+03
-2.230779e+08 9.659125e+06
1.753060e+08 1.550196e+08
-2.503561e+14 2.256389e+14
-3.459286e+07 -6.455233e+07
-2.688110e+05 -2.554886e+05
8.634082e+06 2.517821e+06
1.071240e+09 4.437355e+09
-1.739760e+05 6.851107e+00
5.107617e-01 5.297280e+05
-3.877779e+12 1.253666e+12
-6.160198e+06 -3.734129e+06
-1.065907e+08 -3.010878e+07
-1.768721e+00 2.324886e+06
3.537673e+09 -2.304325e+09
-2.939491e+13 -9.679472e+12
1.778210e+06 2.158048e+06
-8.803415e+05 2.445689e+06
-9.785184e+07 9.453188e+09
6.363709e+07 1.633480e+07
1.069271e+06 -1.973634e+05
6.199446e+05 -1.738353e+05
-8.855751e+06 3.897203e+06
-4.569376e+14 -4.936308e+15
-5.663086e+05 5.477710e+00
8.932998e+10 -1.555861e+10
3.751437e+10 -2.686466e+08
-3.751438e+10 2.686275e+08
1.944612e+10 6.423738e+09
-2.987429e+12 1.073003e+12
1.093120e+12 3.452831e+10
1.322016e+10 3.834754e+09
-4.628479e+06 8.922178e+06
8.382099e+09 2.740278e+09
3.367065e+06 -8.056371e+07
1.202642e+06 -2.393070e+06
-7.105260e+08 -4.303558e+07
1.365384e+05 7.078142e+00
1.099022e+09 2.112224e+08
-1.747102e+07 -8.317418e+06
1.293394e+06 -5.071472e+06
-1.057495e+01 -2.285013e+06
-3.004075e+05 -5.295488e+00
5.301367e+10 1.188616e+11
-1.747459e+07 1.410349e+07
-5.162359e+06 5.358021e+05
1.471317e+07 1.217429e+07
-2.596758e+06 1.127663e+07
-8.522958e+09 1.147694e+10
-1.369123e+08 2.334077e+07
4.095214e+05 -1.025915e+00
4.839327e+07 -4.747517e+07
4.894252e+12 -1.767264e+14
-1.964183e+08 -3.326462e+08
-1.890793e+08 3.859096e+08
-1.773681e+07 1.489607e+06
2.503829e+14 -2.256630e+14
-2.749615e+06 5.081016e+05
7.106196e+08 4.286730e+07
5.877504e+18 1.237861e+19
-6.365435e+07 -1.636857e+07
-1.591813e+07 -2.632312e+07
-1.277917e+06 5.084129e+06
-1.903084e+06 -2.350054e+05
1.688045e+05 1.321167e+06
-9.461986e+08 1.230114e+10
4.694992e+07 -8.195272e+07
6.550949e+10 1.024442e+12
8.522503e+09 -1.147634e+10
3.874755e+07 -1.447433e+08
1.061906e+08 3.040702e+07
-7.157455e+07 -1.849291e+08
2.296753e+05 -4.602664e+00
1.797781e+06 -1.591863e+00
1.669730e+05 3.368245e+06
-1.751385e+08 -1.548320e+08
2.320205e+07 7.523599e+07
-1.484747e+07 -1.223474e+07
4.451605e+10 -2.030875e+11
-9.609577e+06 -1.493462e+06
1.414583e+06 2.561341e+05
3.852034e+09 2.675754e+09
6.553417e+00 -2.104683e+06
1.886890e+08 -3.858288e+08
2.230461e+08 -9.659693e+06
-1.334077e+06 1.357017e+06
-1.427969e+06 -7.756626e+05
-3.921812e+06 3.968126e+00
1.659910e+06 1.125619e+06
