9.787133e+05 8.489434e+00
3.888725e+06 -6.846852e+05
4.070034e+09 5.260708e+10
9.657366e+11 1.064687e+12
-7.294217e+11 -9.974710e+11
-2.653051e+09 -5.096572e+08
7.560762e+06 -2.707436e+07
-3.409222e+06 -2.798683e+06
-1.125600e+06 -7.433064e+06
-2.481259e+06 9.988899e+00
3.595293e+05 -7.871669e+05
-1.668872e+07 4.442264e+07
2.281539e+09 -2.966100e+10
2.437787e+09 -7.172174e+08
-2.456830e+10 -5.320537e+09
2.439927e+09 1.169146e+09
-6.509249e+05 2.107700e+07
-3.276564e+06 -1.138088e+06
9.432391e+06 -8.949045e+00
-1.168747e+08 1.143217e+08
-1.063614e+06 -2.132959e+06
-1.878253e+09 7.024441e+08
7.065412e+08 2.288451e+10
-3.357735e+10 -7.099077e+09
-2.576168e+07 5.040808e+07
-6.706804e+06 6.640215e+05
3.652401e+05 -6.875344e+04
4.269383e+07 -3.334220e+07
-1.070762e+13 -2.908462e+12
9.767220e+00 -1.739937e+06
2.098719e+07 -9.476976e+06
-6.415977e+07 1.255530e+07
-1.581295e+10 -4.753408e+09
-1.548493e+09 -8.852867e+08
-1.975545e+07 -2.812507e+06
4.453730e+10 -2.795153e+10
1.540330e+14 2.935637e+14
3.772295e+05 7.018675e+05
2.457613e+10 5.321972e+09
8.276067e+07 6.663161e+07
4.717170e+10 -5.294041e+09
1.038569e+06 2.129890e+06
-9.429398e+00 -1.003223e+06
-9.297697e+09 -6.459835e+09
7.059270e+06 5.119714e+07
1.040342e+06 -9.869978e+05
-1.366373e+12 1.903945e+12
6.518111e+05 -4.968975e+05
6.418382e+07 -1.261153e+07
-9.908002e+08 -9.841563e+08
3.311496e+08 -5.712910e+07
1.491645e+07 8.929679e+06
-5.303236e+00 -7.620014e+05
7.579558e+06 -8.522080e+05
1.671649e+13 6.084369e+12
1.877493e+09 -7.029091e+08
-2.154261e+11 3.752177e+10
2.739743e+08 6.949506e+07
1.972285e+06 5.127803e+06
-2.211710e+07 -6.659081e+07
-9.354231e+12 -1.256625e+13
-4.189961e+11 7.832398e+10
3.169307e+07 -6.350262e+07
9.829799e+07 1.091493e+08
-1.909552e+15 2.728641e+15
-1.762085e+08 5.767102e+07
1.056660e+07 -2.148362e+07
-6.713570e+11 -1.013247e+11
-4.384634e+09 -3.748480e+09
3.391651e+09 -4.762931e+08
2.471823e+06 -2.464050e+00
-6.490811e+09 -7.222899e+09
1.070785e+13 2.908268e+12
9.374488e+08 2.333714e+08
5.497224e+04 3.756012e+00
-4.690097e+10 -1.549577e+10
-1.581799e+11 -2.474271e+12
-1.580496e+09 -3.077645e+09
-1.751475e+06 1.810554e+06
-2.277121e+08 -7.177805e+07
-2.609605e+09 -1.069392e+10
9.352778e+12 1.256485e+13
-2.585719e+09 1.684002e+09
2.579929e+07 -5.044349e+07
-3.419149e+08 2.496688e+08
-1.326679e+08 -6.607514e+06
1.163832e+00 -8.515245e+06
7.294229e+11 9.974263e+11
-1.029520e+06 2.641666e+00
-8.186423e+04 6.349503e+00
-3.170339e+07 6.334572e+07
6.490795e+09 7.223701e+09
-1.211244e+09 -8.052652e+08
2.098314e+17 -3.416622e+17
1.581740e+10 4.755575e+09
-8.678149e-01 -1.701946e+06
4.734775e+08 8.036744e+08
1.259344e+06 -1.651113e+06
-4.615226e+04 -1.197070e+06
-8.539626e+09 5.562527e+09
-7.057799e+08 -2.289108e+10
7.051579e+11 -6.797525e+11
-7.840984e+08 -5.827680e+08
-3.444358e+11 5.204107e+11
3.661807e+04 1.073729e+06
1.153623e+07 7.072947e+07
3.444434e+11 -5.203415e+11
4.381359e+05 5.010198e-01
1.624533e+14 -8.350389e+13
-4.454082e+10 2.795250e+10
1.190061e+11 6.701159e+11
2.241893e+07 -9.193464e+00
-1.831384e+08 1.757794e+08
-3.391777e+09 4.764833e+08
7.211103e+12 -2.589973e+12
-9.372267e+08 -2.338582e+08
-1.508979e+06 4.512765e+05
1.910060e+15 -2.729064e+15
1.011692e+06 1.919878e+06
-3.188167e+10 -9.247856e+09
-2.098593e+17 3.416925e+17
-3.121117e+08 1.922833e+08
9.354721e+12 -3.023461e+12
2.585877e+09 -1.684014e+09
-9.342158e+07 3.492589e+08
3.283951e+11 -3.237814e+11
8.325977e+07 1.559604e+08
1.273832e+10 1.957037e+10
-3.323987e+06 5.742921e+06
2.951518e+08 -3.177320e+08
-1.689430e+06 -8.082081e+06
1.706968e+06 8.066369e+06
2.555310e+00 -8.386960e+06
-1.022851e+11 2.050275e+11
-5.029946e+07 1.531357e+07
-8.243267e+07 -6.551225e+07
-1.142936e+07 -1.865328e+07
-8.502269e+00 7.536345e+06
1.602071e+09 3.082760e+09
-4.227466e+07 1.139033e+08
1.242003e+15 -5.881019e+15
7.111317e+06 -3.614791e+06
-2.000078e+06 -8.114801e+06
3.111698e+08 -1.921680e+08
-6.467971e+05 -2.076828e+06
-2.670406e+16 -9.934313e+16
-4.223349e+05 -6.277558e+00
4.247635e+07 -3.422191e+06
-6.399187e+08 -6.150385e+07
-3.261661e+06 -5.266691e+05
-2.952113e+08 3.177648e+08
-2.807141e+06 -3.211105e+06
-6.188194e+07 6.936862e+07
-1.790321e+11 -3.482181e+10
-4.352686e+10 1.594749e+11
-1.110426e+01 4.454660e+05
-2.635481e+12 -8.324840e+10
7.951155e+07 -2.950470e+07
3.045655e+13 -5.275786e+13
-3.332448e+00 -1.992568e+07
2.929750e+06 -3.631835e+06
-1.249840e+05 -1.057978e+06
2.448942e+08 -5.641907e+07
1.892078e+05 1.060983e+06
6.381495e+05 2.055833e+06
-4.715282e+10 5.292333e+09
-3.830112e+06 -1.080178e+05
-1.189794e+11 -6.699221e+11
7.899614e+09 1.590696e+10
-1.278269e+11 -2.866256e+11
-4.266196e+15 1.754578e+14
1.941312e+06 8.393915e+06
6.185306e+07 -6.936437e+07
6.874657e+05 7.591933e+06
4.352488e+10 -1.594678e+11
-1.541539e+08 -1.456722e+08
7.100536e+13 2.338401e+13
2.281498e+08 7.179939e+07
1.864418e+09 -3.242809e+08
4.229274e+07 -1.138952e+08
6.397783e+08 6.165434e+07
1.547242e+08 -1.308982e+08
9.906811e+08 9.840654e+08
-1.134579e+08 1.980769e+08
3.135256e+08 5.721193e+08
-3.556983e+06 -1.639758e+06
2.231907e+07 3.204669e+06
-3.045588e+13 5.275786e+13
-2.229904e+07 -3.107531e+06
-3.468345e+06 -5.629170e+06
4.266196e+15 -1.754735e+14
-2.128647e+07 4.916512e+05
1.108592e+11 -2.468598e+10
-7.050467e+11 6.797759e+11
-1.100277e+07 4.007787e+07
-1.109020e+11 2.469216e+10
1.541516e+08 1.456910e+08
1.241659e+07 1.914513e+07
-2.892890e+05 -8.211586e+06
-4.097003e+00 1.506333e+06
1.207277e+06 -1.553112e+06
2.231949e+08 7.546643e+07
1.790244e+11 3.481667e+10
-1.759163e+06 2.750575e+06
1.211694e+09 8.054831e+08
1.366162e+12 -1.903733e+12
-2.446565e+08 5.685727e+07
1.325259e+08 6.060246e+06
-7.900102e+09 -1.590874e+10
5.560261e+20 -4.593555e+20
8.502907e+04 2.259777e+06
-5.858179e-01 1.262838e+06
1.165422e+07 -4.159033e+07
3.381749e+13 -2.352800e+13
-4.873950e+00 4.981191e+05
3.418165e+08 -2.495367e+08
-1.529051e+06 -1.504127e+05
7.044004e+06 -4.676315e+05
5.061744e+07 -1.491502e+07
-1.547033e+08 8.695474e+07
4.644314e+06 3.934386e+05
-1.540125e+14 -2.934986e+14
-1.863393e+09 3.252954e+08
1.394267e+07 -5.341249e+07
4.384759e+09 3.749102e+09
-3.014668e+07 9.060340e+05
1.528546e+07 -4.259777e+07
-4.643689e+07 5.358402e+07
-1.242140e+15 5.881019e+15
4.177587e+07 1.998623e+07
8.541919e+08 2.544394e+09
1.023031e+11 -2.050548e+11
-3.382800e+13 2.353270e+13
-2.022060e+10 -6.612229e+09
1.442501e+10 3.596557e+08
-1.442373e+10 -3.596253e+08
4.665602e+07 -5.332496e+07
-2.191818e+07 7.917852e+07
2.670703e+16 9.933650e+16
-2.086781e+06 -5.268816e+06
-3.003166e+00 -1.767745e+06
-8.113301e+06 1.945386e+08
4.298035e+08 -2.535082e+07
1.180664e+06 -7.252662e+05
-1.182712e+06 7.305915e+05
-2.440918e+09 -1.169550e+09
3.012544e+07 -1.598280e+06
7.355079e+00 1.131384e+07
-1.418169e+19 -2.986474e+19
1.663080e+07 -1.271332e+07
3.531801e+05 1.057168e+01
-2.830440e+06 -5.179444e+06
-7.908498e+07 2.954913e+07
3.480324e+06 1.685567e+06
9.073626e+05 2.546906e+00
-2.737508e+08 -6.944074e+07
-1.085665e+06 -3.883289e+06
2.193033e+07 -7.921194e+07
-1.077936e+07 4.539060e+06
1.056524e+06 3.053884e+06
-1.273826e+10 -1.957030e+10
-5.560631e+20 4.594064e+20
6.915173e+04 6.125753e+00
-1.393697e+07 5.344404e+07
-1.671612e+13 -6.084100e+12
2.361315e+08 -2.280262e+10
1.839927e-01 -1.759330e+06
-4.387436e+06 -5.080086e+07
-4.071476e+09 -5.263010e+10
-8.543512e+08 -2.544632e+09
7.830308e+08 5.824352e+08
-5.669229e+07 -1.812619e+08
3.811659e+07 6.399946e+07
-3.138487e+08 -5.725999e+08
-9.349911e+05 -1.364244e+00
1.480578e+00 -1.267033e+06
-1.624606e+14 8.350945e+13
1.101907e+15 1.190382e+16
-3.699364e+06 -1.073664e+01
1.548324e+09 8.854576e+08
7.232273e+00 1.515754e+06
-4.317056e+08 2.141230e+07
-1.649880e+07 1.270363e+07
3.723445e+06 -3.736752e+00
-1.019152e+08 8.715658e+07
-3.286843e+11 3.237636e+11
-1.043719e+05 -8.483515e+06
-1.181001e+13 4.265214e+14
-1.074252e+11 4.900954e+11
2.230382e+06 -5.964198e+06
2.341628e+07 3.562323e+06
-3.987407e+07 -6.773630e+07
1.277091e+07 -9.515056e+05
-4.723029e+00 1.694073e+06
-2.083481e+07 -6.030828e+06
2.824153e+06 5.163333e+06
-2.438886e+09 7.177085e+08
-9.660367e+11 -1.064900e+12
2.599025e+07 -6.673446e+06
6.714608e+11 1.013403e+11
1.074542e+07 -4.596297e+06
1.722855e+08 4.470845e+08
-9.715368e+07 -1.029911e+08
-6.051893e+05 -3.338022e+05
-4.221089e+06 8.769977e+05
1.428373e+08 -1.866408e+07
-8.077299e+00 5.409809e+05
2.638383e+06 2.297277e+06
3.359567e+10 7.102534e+09
2.110659e+06 2.758956e+06
4.190149e+11 -7.831921e+10
-9.603599e+04 -2.309883e+04
-5.381435e+08 2.330218e+07
4.228965e+08 3.739554e+08
-6.040451e+14 5.444208e+14
-8.346712e+07 -1.557563e+08
-6.484750e+05 -6.160521e+05
2.083294e+07 6.075010e+06
2.584812e+09 1.070707e+10
-4.197744e+05 -1.842087e+00
-3.765525e+00 1.277584e+06
-9.356587e+12 3.024936e+12
-1.486522e+07 -9.010600e+06
-2.572219e+08 -7.265537e+07
6.421683e+00 5.610072e+06
8.540237e+09 -5.563129e+09
-7.103532e+13 -2.339180e+13
4.291191e+06 5.207433e+06
-2.124344e+06 5.902148e+06
-2.360735e+08 2.280585e+10
1.534829e+08 3.939494e+07
2.582145e+06 -4.769867e+05
1.495101e+06 -4.190178e+05
-2.136468e+07 9.402275e+06
-1.101956e+15 -1.190408e+16
-1.366264e+06 -9.210784e+00
2.154446e+11 -3.752435e+10
9.051115e+10 -6.483173e+08
-9.053928e+10 6.483553e+08
4.691281e+10 1.549661e+10
-7.212062e+12 2.590146e+12
2.636651e+12 8.328003e+10
3.188916e+10 9.249344e+09
-1.116553e+07 2.152500e+07
2.022404e+10 6.611623e+09
8.139629e+06 -1.947637e+08
2.908334e+06 -5.787229e+06
-1.714095e+09 -1.038127e+08
3.292289e+05 -2.891190e-01
2.653012e+09 5.098906e+08
-4.215349e+07 -2.006752e+07
3.119109e+06 -1.222964e+07
6.787531e+00 -5.512923e+06
-7.250777e+05 -4.018868e-01
1.278723e+11 2.867082e+11
-4.218146e+07 3.404406e+07
-1.246095e+07 1.293172e+06
3.554571e+07 2.941035e+07
-6.265872e+06 2.721118e+07
-2.056648e+10 2.769525e+10
-3.307384e+08 5.638223e+07
9.895957e+05 -4.619551e+00
1.167738e+08 -1.145575e+08
1.181132e+13 -4.265214e+14
-4.740955e+08 -8.029094e+08
-4.586180e+08 9.359650e+08
-4.281342e+07 3.595765e+06
6.040585e+14 -5.444208e+14
-6.637485e+06 1.226446e+06
1.714328e+09 1.034146e+08
1.418295e+19 2.987203e+19
-1.534915e+08 -3.947069e+07
-3.841218e+07 -6.351858e+07
-3.081897e+06 1.226106e+07
-4.591621e+06 -5.670265e+05
4.073315e+05 3.186666e+06
-2.282199e+09 2.966900e+10
1.134882e+08 -1.981017e+08
1.583666e+11 2.476580e+12
2.056785e+10 -2.769589e+10
9.350955e+07 -3.493173e+08
2.562816e+08 7.337440e+07
-1.727025e+08 -4.463014e+08
5.544984e+05 -1.077317e+01
4.336910e+06 -6.945508e+00
4.028194e+05 8.126737e+06
-4.225887e+08 -3.735913e+08
5.604127e+07 1.817219e+08
-3.587532e+07 -2.956231e+07
1.074250e+11 -4.900747e+11
-2.318650e+07 -3.603589e+06
3.416841e+06 6.187057e+05
9.298752e+09 6.459434e+09
1.301101e+00 -5.120306e+06
4.576946e+08 -9.358405e+08
5.381649e+08 -2.330686e+07
-3.229351e+06 3.284817e+06
-3.445910e+06 -1.872026e+06
-9.462463e+06 -1.016209e+01
4.006027e+06 2.716663e+06
