1.614304e+04 -8.257325e+00
6.554722e+04 -1.153226e+04
6.949608e+07 8.983887e+08
1.638330e+10 1.806035e+10
-1.250289e+10 -1.709672e+10
-4.361806e+07 -8.379138e+06
1.266209e+05 -4.532392e+05
-5.677153e+04 -4.661277e+04
-1.908392e+04 -1.264171e+05
-4.120484e+04 -1.026921e+01
6.181007e+03 -1.349854e+04
-2.852839e+05 7.593027e+05
3.910576e+07 -5.083804e+08
4.045764e+07 -1.190325e+07
-4.157930e+08 -9.005060e+07
3.922000e+07 1.879063e+07
-1.019121e+04 3.297827e+05
-5.610925e+04 -1.947032e+04
1.593932e+05 -1.027497e+01
-1.959559e+06 1.916734e+06
-1.808392e+04 -3.629601e+04
-3.203038e+07 1.196313e+07
1.194100e+07 3.868062e+08
-5.719984e+08 -1.209238e+08
-4.366621e+05 8.542919e+05
-1.145520e+05 1.136348e+04
6.087824e+03 -1.165350e+03
7.078803e+05 -5.525986e+05
-1.840000e+11 -4.997579e+10
7.996445e-01 -2.898518e+04
3.552993e+05 -1.604108e+05
-1.098335e+06 2.146189e+05
-2.673085e+08 -8.043760e+07
-2.589583e+07 -1.480453e+07
-3.329465e+05 -4.730482e+04
7.418767e+08 -4.655902e+08
2.602855e+12 4.960430e+12
7.183765e+03 1.112050e+04
4.152515e+08 8.993087e+07
1.374954e+06 1.106974e+06
7.970384e+08 -8.945097e+07
1.764166e+04 3.619152e+04
-5.976837e+00 -1.750151e+04
-1.542707e+08 -1.071720e+08
1.202179e+05 8.717399e+05
1.717729e+04 -1.630099e+04
-2.040269e+10 2.842971e+10
1.079558e+04 -8.228290e+03
1.097604e+06 -2.156330e+05
-1.652835e+07 -1.641714e+07
5.299726e+06 -9.143252e+05
2.497873e+05 1.495309e+05
-9.623350e-01 -1.310315e+04
1.244102e+05 -1.396636e+04
2.813512e+11 1.024137e+11
3.196933e+07 -1.196888e+07
-3.677516e+09 6.405588e+08
4.617232e+06 1.172684e+06
3.241645e+04 8.431082e+04
-3.770899e+05 -1.135197e+06
-1.568722e+11 -2.107009e+11
-7.070763e+09 1.321696e+09
5.458346e+05 -1.093854e+06
1.104954e+06 1.226908e+06
-3.277728e+13 4.683167e+13
-3.008458e+06 9.846416e+05
1.787933e+05 -3.635007e+05
-1.153381e+10 -1.740781e+09
-6.644125e+07 -5.679893e+07
5.842746e+07 -8.204840e+06
4.103333e+04 5.914167e+00
-1.121016e+08 -1.247537e+08
1.840000e+11 4.997578e+10
1.224109e+07 3.047362e+06
9.736087e+02 -1.100116e+01
-7.987393e+08 -2.638866e+08
-2.456095e+09 -3.840661e+10
-2.658416e+07 -5.176070e+07
-2.978476e+04 3.079164e+04
-2.891925e+06 -9.131593e+05
-4.389879e+07 -1.798574e+08
1.566647e+11 2.107009e+11
-4.404058e+07 2.868297e+07
4.377802e+05 -8.559028e+05
-5.674633e+06 4.137805e+06
-2.175631e+06 -1.085356e+05
7.941357e+00 -1.441498e+05
1.251909e+10 1.711883e+10
-1.728966e+04 1.112609e+01
-1.314842e+03 4.038890e+00
-5.463137e+05 1.091406e+06
1.121013e+08 1.247537e+08
-2.020892e+07 -1.343419e+07
3.605750e+15 -5.871136e+15
2.676635e+08 8.047426e+07
4.467133e+00 -2.853708e+04
7.859066e+06 1.333841e+07
2.152304e+04 -2.823054e+04
-7.864544e+02 -2.011946e+04
-1.411336e+08 9.193544e+07
-1.195709e+07 -3.878209e+08
1.202418e+10 -1.159149e+10
-1.321671e+07 -9.835830e+06
-5.753330e+09 8.692560e+09
6.035721e+02 1.807739e+04
1.966445e+05 1.207579e+06
5.753330e+09 -8.692560e+09
7.543408e+03 9.255183e+00
2.599686e+12 -1.336314e+12
-7.438618e+08 4.668255e+08
1.864073e+09 1.049602e+10
3.856137e+05 -7.662028e+00
-3.151100e+06 3.024339e+06
-5.850226e+07 8.217406e+06
1.193372e+11 -4.286266e+10
-1.225930e+07 -3.058461e+06
-2.492145e+04 7.435851e+03
3.281963e+13 -4.689218e+13
1.538066e+04 2.920343e+04
-5.422606e+08 -1.572890e+08
-3.605750e+15 5.871136e+15
-4.758571e+00 4.839524e+00
1.578830e+11 -5.104275e+10
4.403929e+07 -2.868313e+07
-1.566466e+06 5.856452e+06
5.599712e+09 -5.520795e+09
1.405140e+06 2.632130e+06
2.124795e+08 3.264550e+08
-5.056702e+04 8.738252e+04
5.001118e+06 -5.383734e+06
-2.925155e+04 -1.399342e+05
2.953831e+04 1.396574e+05
9.366187e+00 -1.378966e+05
-1.129630e+09 2.264259e+09
-8.324995e+05 2.534512e+05
-1.373300e+06 -1.091375e+06
-1.919141e+05 -3.131930e+05
7.340863e+00 1.238870e+05
2.703571e+07 5.203114e+07
-7.162438e+05 1.929747e+06
1.998561e+13 -9.462779e+13
1.213870e+05 -6.170041e+04
-3.309682e+04 -1.343231e+05
-9.488158e+00 9.911164e+00
-1.116098e+04 -3.580462e+04
-3.830050e+14 -1.424646e+15
-7.118312e+03 3.619427e+00
7.028778e+05 -5.662725e+04
-1.079967e+07 -1.037990e+06
-5.275826e+04 -8.522525e+03
-5.001375e+06 5.383701e+06
-4.783900e+04 -5.468833e+04
-1.057766e+06 1.185866e+06
-3.060480e+09 -5.952381e+08
-7.421435e+08 2.719386e+09
4.783640e+00 7.680119e+03
-4.506445e+10 -1.423444e+09
1.317850e+06 -4.890105e+05
5.041290e+11 -8.732885e+11
4.660319e+00 -3.121751e+05
4.302768e+04 -5.332450e+04
-2.144682e+03 -1.806127e+04
3.732138e+06 -8.598328e+05
3.266199e+03 1.814345e+04
1.101791e+04 3.544249e+04
-8.001755e+08 8.980406e+07
-6.535119e+04 -1.887590e+03
-1.866711e+09 -1.051089e+10
1.331701e+08 2.681742e+08
-2.185632e+09 -4.900398e+09
-7.303154e+13 3.003869e+12
3.220109e+04 1.391336e+05
1.059162e+06 -1.187515e+06
1.176719e+04 1.294836e+05
7.431077e+08 -2.722922e+09
-2.561516e+06 -2.420680e+06
1.125843e+12 3.707297e+11
2.916493e+06 9.178773e+05
2.969910e+07 -5.165731e+06
7.175431e+05 -1.932143e+06
1.081269e+07 1.042013e+06
2.535590e+06 -2.145131e+06
1.659086e+07 1.648043e+07
-1.773760e+06 3.096785e+06
5.312099e+06 9.694151e+06
-5.912164e+04 -2.726835e+04
3.849664e+05 5.529846e+04
-5.048048e+11 8.744591e+11
-3.847879e+05 -5.362521e+04
-5.863802e+04 -9.512529e+04
7.303154e+13 -3.003870e+12
-3.667401e+05 8.483263e+03
1.895848e+09 -4.221183e+08
-1.203978e+10 1.160670e+10
-1.878685e+05 6.842922e+05
-1.895865e+09 4.221210e+08
2.561373e+06 2.420634e+06
2.087194e+05 3.218766e+05
-4.895660e+03 -1.392849e+05
-6.407321e+00 2.555129e+04
2.048817e+04 -2.634990e+04
3.815519e+06 1.290077e+06
3.064454e+09 5.960013e+08
-2.985828e+04 4.672772e+04
2.027202e+07 1.347359e+07
2.046343e+10 -2.851433e+10
-3.734098e+06 8.678919e+05
2.181965e+06 9.980679e+04
-1.331695e+08 -2.681744e+08
9.385083e+18 -7.753222e+18
1.444159e+03 3.763553e+04
6.571067e+00 2.111073e+04
1.990271e+05 -7.102246e+05
5.686639e+11 -3.956215e+11
1.756026e+00 8.519115e+03
5.687971e+06 -4.151951e+06
-2.550944e+04 -2.531375e+03
1.205867e+05 -8.028273e+03
8.388806e+05 -2.472200e+05
-2.535357e+06 1.424861e+06
7.884282e+04 6.700018e+03
-2.613103e+12 -4.979959e+12
-2.968337e+07 5.182439e+06
2.332340e+05 -8.934149e+05
6.663653e+07 5.697247e+07
-5.035483e+05 1.515190e+04
2.619627e+05 -7.300137e+05
-7.482136e+05 8.633779e+05
-2.001318e+13 9.475831e+13
7.050672e+05 3.373262e+05
1.443418e+07 4.299528e+07
1.131909e+09 -2.268831e+09
-5.686639e+11 3.956215e+11
-3.412703e+08 -1.115895e+08
2.424855e+08 6.046101e+06
-2.424855e+08 -6.045850e+06
7.519616e+05 -8.592826e+05
-3.742014e+05 1.351826e+06
3.835988e+14 1.426855e+15
-3.438938e+04 -8.683524e+04
4.879198e+00 -2.886246e+04
-1.257541e+05 3.015556e+06
6.540511e+06 -3.858369e+05
1.994702e+04 -1.225781e+04
-1.997950e+04 1.233087e+04
-3.927351e+07 -1.881722e+07
5.024072e+05 -2.661962e+04
-2.135920e+00 1.916224e+05
-2.368490e+17 -4.988277e+17
2.751963e+05 -2.103638e+05
5.898105e+03 6.792780e+00
-4.679810e+04 -8.568798e+04
-1.310533e+06 4.896436e+05
5.773443e+04 2.795127e+04
1.526641e+04 5.148294e+00
-4.625441e+06 -1.173345e+06
-1.852463e+04 -6.627890e+04
3.739103e+05 -1.350425e+06
-1.813994e+05 7.649360e+04
1.807255e+04 5.222174e+04
-2.130437e+08 -3.273221e+08
-9.385083e+18 7.753222e+18
1.011786e+03 3.781329e+00
-2.330948e+05 8.937962e+05
-2.824633e+11 -1.028185e+11
4.031233e+06 -3.892871e+08
2.800599e+00 -2.985378e+04
-7.500849e+04 -8.682916e+05
-6.977304e+07 -9.018836e+08
-1.443590e+07 -4.299452e+07
1.323022e+07 9.840914e+06
-9.232879e+05 -2.951992e+06
6.424203e+05 1.078637e+06
-5.316554e+06 -9.700603e+06
-1.578360e+04 3.463633e+00
-9.649662e+00 -2.118737e+04
-2.603292e+12 1.338168e+12
1.895459e+13 2.047560e+14
-6.156627e+04 -1.580797e+00
2.595763e+07 1.484404e+07
1.641101e+00 2.520304e+04
-6.568309e+06 3.257134e+05
-2.734236e+05 2.104849e+05
6.195341e+04 -5.209623e+00
-1.677613e+06 1.434711e+06
-5.618100e+09 5.533868e+09
-1.789252e+03 -1.446501e+05
-1.974883e+11 7.131864e+12
-1.812852e+09 8.270413e+09
3.770299e+04 -1.007681e+05
3.967194e+05 6.035918e+04
-6.563569e+05 -1.114926e+06
2.119079e+05 -1.579632e+04
2.590952e+00 2.864287e+04
-3.520353e+05 -1.019132e+05
4.681095e+04 8.556489e+04
-4.056697e+07 1.192229e+07
-1.644755e+10 -1.813118e+10
4.385514e+05 -1.125975e+05
1.154868e+10 1.743025e+09
1.810874e+05 -7.743545e+04
2.907011e+06 7.544077e+06
-1.098308e+06 -1.164325e+06
-9.918016e+03 -5.496166e+03
-7.140580e+04 1.481188e+04
2.351192e+06 -3.072393e+05
-4.134075e+00 9.075456e+03
4.437454e+04 3.860946e+04
5.742276e+08 1.214041e+08
3.602008e+04 4.702850e+04
7.089349e+09 -1.325148e+09
-1.490124e+03 -4.006716e+02
-9.116450e+06 3.942727e+05
7.182533e+06 6.351029e+06
-1.020604e+13 9.198419e+12
-1.410196e+06 -2.631679e+06
-1.100990e+04 -1.045996e+04
3.515226e+05 1.024944e+05
4.361992e+07 1.806949e+08
-7.070671e+03 -1.064872e+01
-5.642364e+00 2.180425e+04
-1.580904e+11 5.117688e+10
-2.498944e+05 -1.514765e+05
-4.323648e+06 -1.219610e+06
-6.259097e+00 9.453362e+04
1.415070e+08 -9.217793e+07
-1.125843e+12 -3.707297e+11
7.248952e+04 8.796930e+04
-3.587565e+04 9.970200e+04
-4.029614e+06 3.892905e+08
2.646719e+06 6.793306e+05
4.231534e+04 -7.573232e+03
2.567611e+04 -7.181049e+03
-3.623525e+05 1.594564e+05
-1.895459e+13 -2.047560e+14
-2.288827e+04 -5.767119e+00
3.691835e+09 -6.430416e+08
1.513907e+09 -1.084074e+07
-1.513907e+09 1.084115e+07
8.008084e+08 2.645351e+08
-1.194972e+11 4.292012e+10
4.512291e+10 1.425294e+09
5.436817e+08 1.576966e+08
-1.893783e+05 3.650957e+05
3.412753e+08 1.115818e+08
1.261833e+05 -3.018939e+06
4.439945e+04 -8.833314e+04
-2.907631e+07 -1.760819e+06
5.612608e+03 -2.076817e+00
4.378431e+07 8.415403e+06
-7.113215e+05 -3.386356e+05
5.379015e+04 -2.108788e+05
-1.350544e+00 -9.300851e+04
-1.194045e+04 -6.191298e+00
2.185634e+09 4.900397e+09
-7.007796e+05 5.655769e+05
-2.067343e+05 2.145402e+04
5.687864e+05 4.706089e+05
-1.052890e+05 4.574030e+05
-3.457164e+08 4.655387e+08
-5.314116e+06 9.059007e+05
1.517478e+04 -1.059651e+01
1.962760e+06 -1.925422e+06
1.974883e+11 -7.131864e+12
-7.886174e+06 -1.335570e+07
-6.083201e+06 1.241509e+07
-7.093966e+05 5.957098e+04
1.021944e+13 -9.210490e+12
-1.093856e+05 2.020301e+04
2.907704e+07 1.754051e+06
2.371636e+17 4.994902e+17
-2.646889e+06 -6.806550e+05
-6.472953e+05 -1.070368e+06
-5.316791e+04 2.114440e+05
-7.788966e+04 -9.645217e+03
6.991607e+03 5.471870e+04
-3.920781e+07 5.096975e+08
1.773874e+06 -3.096354e+06
2.470165e+09 3.862655e+10
3.457164e+08 -4.655390e+08
1.571808e+06 -5.871551e+06
4.307643e+06 1.233278e+06
-2.913992e+06 -7.525506e+06
9.090286e+03 -7.964462e+00
7.385247e+04 4.531352e+00
6.807971e+03 1.376714e+05
-7.176791e+06 -6.344674e+06
9.126175e+05 2.959301e+06
-5.741088e+05 -4.730859e+05
1.810467e+09 -8.259564e+09
-3.927696e+05 -6.103452e+04
5.533123e+04 9.980821e+03
1.544773e+08 1.073109e+08
-9.798281e+00 -5.773178e+04
6.061404e+06 -1.241316e+07
9.116580e+06 -3.948090e+05
-4.745537e+04 4.825510e+04
-5.792261e+04 -3.147095e+04
-1.602906e+05 2.831534e+00
6.709701e+04 4.550948e+04
