1.308408e+06 -3.455237e-01
5.196522e+06 -9.150053e+05
5.439288e+09 7.030183e+10
1.290619e+12 1.422873e+12
-9.747565e+11 -1.333058e+12
-3.546074e+09 -6.812202e+08
1.010600e+07 -3.618456e+07
-4.556569e+06 -3.740588e+06
-1.504265e+06 -9.934325e+06
-3.316393e+06 -9.093093e+00
4.803017e+05 -1.051829e+06
-2.230290e+07 5.936562e+07
3.049134e+09 -3.963920e+10
3.258406e+09 -9.586715e+08
-3.283620e+10 -7.111045e+09
3.261812e+09 1.562919e+09
-8.702097e+05 2.817890e+07
-4.378591e+06 -1.520983e+06
1.260704e+07 -4.778950e+00
-1.562192e+08 1.528033e+08
-1.421614e+06 -2.851077e+06
-2.510363e+09 9.388404e+08
9.443429e+08 3.058662e+10
-4.487953e+10 -9.488425e+09
-3.443300e+07 6.737103e+07
-8.963186e+06 8.873485e+05
4.881923e+05 -9.183548e+04
5.707674e+07 -4.457020e+07
-1.431046e+13 -3.886826e+12
-2.296131e+01 -2.325596e+06
2.804764e+07 -1.266595e+07
-8.574359e+07 1.677947e+07
-2.113526e+10 -6.353410e+09
-2.069740e+09 -1.183301e+09
-2.640516e+07 -3.759251e+06
5.953388e+10 -3.736315e+10
2.058783e+14 3.923687e+14
5.039159e+05 9.383876e+05
3.284792e+10 7.113509e+09
1.106291e+08 8.906774e+07
6.304971e+10 -7.075899e+09
1.388092e+06 2.846522e+06
-6.514620e+00 -1.340412e+06
-1.242766e+10 -8.634080e+09
9.434461e+06 6.842115e+07
1.390347e+06 -1.319066e+06
-1.827134e+12 2.545940e+12
8.712332e+05 -6.641161e+05
8.578493e+07 -1.685565e+07
-1.324313e+09 -1.315490e+09
4.427090e+08 -7.637380e+07
1.993802e+07 1.193591e+07
2.571869e+00 -1.018369e+06
1.013143e+07 -1.139086e+06
2.234240e+13 8.132103e+12
2.509304e+09 -9.394356e+08
-2.879161e+11 5.014661e+10
3.661677e+08 9.288081e+07
2.636036e+06 6.853915e+06
-2.955812e+07 -8.899225e+07
-1.250267e+13 -1.679615e+13
-5.600119e+11 1.046850e+11
4.235496e+07 -8.486665e+07
1.315696e+08 1.460954e+08
-2.551969e+15 3.646880e+15
-2.355059e+08 7.707964e+07
1.412283e+07 -2.871357e+07
-8.972261e+11 -1.354193e+11
-5.862708e+09 -5.012298e+09
4.532979e+09 -6.365675e+08
3.304157e+06 -8.190912e+00
-8.674993e+09 -9.653753e+09
1.431164e+13 3.886955e+12
1.254172e+09 3.122227e+08
7.352614e+04 8.977124e+00
-6.268335e+10 -2.071131e+10
-2.114931e+11 -3.308329e+12
-2.112530e+09 -4.113747e+09
-2.340912e+06 2.419919e+06
-3.046935e+08 -9.604477e+07
-3.488160e+09 -1.429368e+10
1.250226e+13 1.679531e+13
-3.456093e+09 2.251013e+09
3.448524e+07 -6.742596e+07
-4.570371e+08 3.337375e+08
-1.773429e+08 -8.832914e+06
2.259694e+00 -1.138171e+07
9.748876e+11 1.333079e+12
-1.376165e+06 1.098679e+01
-1.095034e+05 -7.246655e+00
-4.237324e+07 8.466380e+07
8.675116e+09 9.654876e+09
-1.619077e+09 -1.076325e+09
2.804250e+17 -4.566077e+17
2.114015e+10 6.355884e+09
-7.322318e+00 -2.274744e+06
6.328864e+08 1.074223e+09
1.682981e+06 -2.206850e+06
-6.172851e+04 -1.599987e+06
-1.141477e+10 7.435542e+09
-9.432935e+08 -3.059572e+10
9.424361e+11 -9.085072e+11
-1.048050e+09 -7.789154e+08
-4.603734e+11 6.956010e+11
4.893658e+04 1.434936e+06
1.541752e+07 9.452641e+07
4.603734e+11 -6.954971e+11
5.854244e+05 -2.305325e+00
2.171549e+14 -1.116258e+14
-5.952969e+10 3.735968e+10
1.590988e+11 8.958509e+11
2.995875e+07 -6.897382e+00
-2.447516e+08 2.349220e+08
-4.532872e+09 6.367650e+08
9.638799e+12 -3.461935e+12
-1.253924e+09 -3.128581e+08
-2.016859e+06 6.031315e+05
2.552816e+15 -3.647485e+15
1.352782e+06 2.567314e+06
-4.261306e+10 -1.236062e+10
-2.804808e+17 4.566607e+17
-4.239248e+08 2.611786e+08
1.250325e+13 -4.040829e+12
3.456055e+09 -2.250880e+09
-1.248674e+08 4.668224e+08
4.389184e+11 -4.327471e+11
1.112888e+08 2.084545e+08
1.702662e+10 2.615938e+10
-4.444886e+06 7.679374e+06
3.945132e+08 -4.247022e+08
-2.257997e+06 -1.080203e+07
2.281261e+06 1.078086e+07
-1.252732e+00 -1.121186e+07
-1.369203e+11 2.744510e+11
-6.723869e+07 2.046994e+07
-1.101839e+08 -8.756511e+07
-1.527617e+07 -2.493144e+07
-8.012573e+00 1.007363e+07
2.141115e+09 4.120169e+09
-5.649925e+07 1.522380e+08
1.660377e+15 -7.861808e+15
9.504274e+06 -4.831181e+06
-2.673386e+06 -1.084667e+07
4.226428e+08 -2.610224e+08
-8.644358e+05 -2.775539e+06
-3.571447e+16 -1.328654e+17
-5.644483e+05 -4.562383e+00
5.677638e+07 -4.574270e+06
-8.552447e+08 -8.219956e+07
-4.359916e+06 -7.038755e+05
-3.945380e+08 4.246916e+08
-3.751585e+06 -4.291401e+06
-8.270083e+07 9.271040e+07
-2.392692e+11 -4.653897e+10
-5.817382e+10 2.131341e+11
-7.723766e+00 5.953408e+05
-3.522275e+12 -1.112613e+11
1.062830e+08 -3.943860e+07
4.071146e+13 -7.052214e+13
7.361920e+00 -2.664109e+07
3.918057e+06 -4.856826e+06
-1.669413e+05 -1.414027e+06
3.274632e+08 -7.544012e+07
2.528613e+05 1.418011e+06
8.527625e+05 2.747504e+06
-6.302454e+10 7.073975e+09
-5.119478e+06 -1.443849e+05
-1.590800e+11 -8.957314e+11
1.055916e+10 2.126198e+10
-1.708479e+11 -3.830827e+11
-5.702041e+15 2.345080e+14
2.595026e+06 1.122025e+07
8.267062e+07 -9.271096e+07
9.189598e+05 1.014717e+07
5.817278e+10 -2.131447e+11
-2.060641e+08 -1.947317e+08
9.493820e+13 3.126591e+13
3.052787e+08 9.607417e+07
2.492797e+09 -4.335781e+08
5.652941e+07 -1.522348e+08
8.551378e+08 8.240956e+07
2.068398e+08 -1.749915e+08
1.324234e+09 1.315354e+09
-1.516962e+08 2.648415e+08
4.190795e+08 7.647206e+08
-4.754550e+06 -2.191945e+06
2.983028e+07 4.283380e+06
-4.071484e+13 7.052800e+13
-2.980510e+07 -4.153590e+06
-4.636389e+06 -7.524556e+06
5.702515e+15 -2.345470e+14
-2.845171e+07 6.573588e+05
1.481762e+11 -3.299421e+10
-9.423868e+11 9.085636e+11
-1.470587e+07 5.356666e+07
-1.482291e+11 3.300154e+10
2.060530e+08 1.947437e+08
1.659622e+07 2.559034e+07
-3.864647e+05 -1.097598e+07
-5.034554e+00 2.013501e+06
1.613550e+06 -2.075781e+06
2.983023e+08 1.008615e+08
2.392656e+11 4.653288e+10
-2.351090e+06 3.676047e+06
1.619580e+09 1.076580e+09
1.826832e+12 -2.545644e+12
-3.271380e+08 7.602633e+07
1.771469e+08 8.100562e+06
-1.055876e+10 -2.126305e+10
7.431851e+20 -6.139513e+20
1.134569e+05 3.020538e+06
-2.455155e+00 1.687949e+06
1.557729e+07 -5.559126e+07
4.520578e+13 -3.145087e+13
-2.045910e+00 6.658385e+05
4.569334e+08 -3.335608e+08
-2.043925e+06 -2.010189e+05
9.414895e+06 -6.249429e+05
6.766383e+07 -1.993692e+07
-2.068210e+08 1.162449e+08
6.207981e+06 5.259953e+05
-2.058647e+14 -3.923231e+14
-2.491481e+09 4.349541e+08
1.863863e+07 -7.140169e+07
5.863720e+09 5.013657e+09
-4.029839e+07 1.211184e+06
2.043027e+07 -5.693268e+07
-6.208209e+07 7.163724e+07
-1.660625e+15 7.862330e+15
5.583888e+07 2.671390e+07
1.141682e+09 3.400688e+09
1.369359e+11 -2.744783e+11
-4.521403e+13 3.145400e+13
-2.702762e+10 -8.838008e+09
1.928079e+10 4.807294e+08
-1.927919e+10 -4.806780e+08
6.237158e+07 -7.128361e+07
-2.929195e+07 1.058164e+08
3.571804e+16 1.328543e+17
-2.789275e+06 -7.042779e+06
-5.168700e+00 -2.362906e+06
-1.084727e+07 2.600992e+08
5.746977e+08 -3.389728e+07
1.578088e+06 -9.694676e+05
-1.580939e+06 9.764988e+05
-3.263062e+09 -1.563493e+09
4.026654e+07 -2.136091e+06
-5.053983e+00 1.512167e+07
-1.895641e+19 -3.991880e+19
2.222969e+07 -1.699363e+07
4.720909e+05 4.287814e+00
-3.783113e+06 -6.922820e+06
-1.057116e+08 3.949742e+07
4.652117e+06 2.252974e+06
1.212779e+06 8.141041e+00
-3.659076e+08 -9.281716e+07
-1.451187e+06 -5.190538e+06
2.931244e+07 -1.058736e+08
-1.440883e+07 6.067330e+06
1.412282e+06 4.081988e+06
-1.702824e+10 -2.616146e+10
-7.433084e+20 6.140939e+20
9.257635e+04 3.799331e+00
-1.863028e+07 7.144213e+07
-2.234426e+13 -8.132508e+12
3.156150e+08 -3.047815e+10
-3.588494e+00 -2.351563e+06
-5.864135e+06 -6.789850e+07
-5.441843e+09 -7.034459e+10
-1.141970e+09 -3.401250e+09
1.046628e+09 7.785046e+08
-7.578934e+07 -2.423207e+08
5.094857e+07 8.554639e+07
-4.194971e+08 -7.653796e+08
-1.249770e+06 7.211687e+00
-2.638237e+00 -1.693605e+06
-2.172018e+14 1.116480e+14
1.472767e+15 1.591028e+16
-4.945291e+06 -2.338581e+00
2.069606e+09 1.183595e+09
2.756880e+00 2.026144e+06
-5.772823e+08 2.863332e+07
-2.205704e+07 1.698175e+07
4.977348e+06 -4.734719e+00
-1.362428e+08 1.165138e+08
-4.393194e+11 4.327398e+11
-1.397042e+05 -1.133890e+07
-1.578623e+13 5.701140e+14
-1.435822e+11 6.550472e+11
2.981020e+06 -7.971901e+06
3.129836e+07 4.761420e+06
-5.330158e+07 -9.054540e+07
1.707057e+07 -1.271809e+06
-4.612701e+00 2.264357e+06
-2.784811e+07 -8.061099e+06
3.775029e+06 6.901714e+06
-3.259798e+09 9.592579e+08
-1.291090e+12 -1.423227e+12
3.473775e+07 -8.918873e+06
8.973596e+11 1.354348e+11
1.436191e+07 -6.143237e+06
2.302728e+08 5.975797e+08
-1.300407e+08 -1.378480e+08
-8.088646e+05 -4.459439e+05
-5.641619e+06 1.172055e+06
1.909418e+08 -2.494944e+07
-4.564853e+00 7.230811e+05
3.526676e+06 3.070656e+06
4.490147e+10 9.492982e+09
2.820908e+06 3.687180e+06
5.600493e+11 -1.046832e+11
-1.283612e+05 -3.088138e+04
-7.192906e+08 3.114601e+07
5.652341e+08 4.998149e+08
-8.073490e+14 7.276529e+14
-1.115586e+08 -2.081793e+08
-8.668282e+05 -8.234308e+05
2.784421e+07 8.119946e+06
3.454746e+09 1.431075e+10
-5.612081e+05 2.578788e+00
-4.753868e+00 1.707607e+06
-1.250657e+13 4.043376e+12
-1.987073e+07 -1.204489e+07
-3.438259e+08 -9.711555e+07
-6.435012e+00 7.498180e+06
1.141527e+10 -7.436057e+09
-9.496973e+13 -3.127318e+13
5.735531e+06 6.960060e+06
-2.839295e+06 7.888372e+06
-3.155147e+08 3.048044e+10
2.051248e+08 5.264923e+07
3.451681e+06 -6.376882e+05
1.998251e+06 -5.601046e+05
-2.855507e+07 1.256676e+07
-1.472743e+15 -1.590949e+16
-1.826314e+06 6.462744e+00
2.879153e+11 -5.015142e+10
1.209921e+11 -8.665989e+08
-1.210222e+11 8.666449e+08
6.270226e+10 2.071173e+10
-9.640078e+12 3.462223e+12
3.523795e+12 1.113040e+11
4.261998e+10 1.236185e+10
-1.492314e+07 2.876898e+07
2.703026e+10 8.836806e+09
1.088273e+07 -2.604100e+08
3.888784e+06 -7.738580e+06
-2.290984e+09 -1.387484e+08
4.400316e+05 1.008527e+01
3.546235e+09 6.815809e+08
-5.634089e+07 -2.682132e+07
4.168675e+06 -1.634395e+07
-3.756635e+00 -7.368394e+06
-9.692488e+05 5.157902e+00
1.709047e+11 3.832034e+11
-5.638516e+07 4.550769e+07
-1.665599e+07 1.728663e+06
4.752225e+07 3.931889e+07
-8.375355e+06 3.637086e+07
-2.748947e+10 3.701770e+10
-4.421517e+08 7.537485e+07
1.323046e+06 -1.537804e+00
1.560781e+08 -1.531141e+08
1.578701e+13 -5.700856e+14
-6.336905e+08 -1.073193e+09
-6.135354e+08 1.252133e+09
-5.722628e+07 4.806486e+06
8.073624e+14 -7.276408e+14
-8.872464e+06 1.639404e+06
2.291307e+09 1.382202e+08
1.895767e+19 3.992742e+19
-2.051362e+08 -5.275087e+07
-5.133991e+07 -8.489546e+07
-4.118573e+06 1.638643e+07
-6.137101e+06 -7.579510e+05
5.443810e+05 4.258977e+06
-3.050166e+09 3.965249e+10
1.517376e+08 -2.648541e+08
2.117503e+11 3.311244e+12
2.749221e+10 -3.701834e+10
1.249849e+08 -4.668873e+08
3.425480e+08 9.807226e+07
-2.308329e+08 -5.965143e+08
7.412743e+05 -8.613228e+00
5.796120e+06 -3.372705e+00
5.382678e+05 1.086126e+07
-5.648132e+08 -4.993172e+08
7.491512e+07 2.429234e+08
-4.796059e+07 -3.952025e+07
1.435820e+11 -6.550269e+11
-3.099044e+07 -4.816558e+06
4.567742e+06 8.271556e+05
1.242934e+10 8.634022e+09
-3.381730e+00 -6.853688e+06
6.123377e+08 -1.252043e+09
7.193154e+08 -3.115116e+07
-4.318733e+06 4.392891e+06
-4.606062e+06 -2.502227e+06
-1.264714e+07 -9.768604e+00
5.354409e+06 3.630939e+06
