3.634501e+05 -9.302166e+00
1.446697e+06 -2.548073e+05
1.514834e+09 1.957904e+10
3.593618e+11 3.961710e+11
-2.715214e+11 -3.712842e+11
-9.864989e+08 -1.894861e+08
2.812835e+06 -1.007103e+07
-1.268219e+06 -1.041291e+06
-4.189735e+05 -2.766707e+06
-9.229240e+05 5.171687e+00
1.339472e+05 -2.931574e+05
-6.211964e+06 1.653256e+07
8.491459e+08 -1.104034e+10
9.065102e+08 -2.666928e+08
-9.140362e+09 -1.979106e+09
9.062847e+08 4.343128e+08
-2.416138e+05 7.823991e+06
-1.219688e+06 -4.236947e+05
3.509390e+06 4.882140e+00
-4.347095e+07 4.252302e+07
-3.956500e+05 -7.936611e+05
-6.989614e+08 2.613817e+08
2.628275e+08 8.511259e+09
-1.249161e+10 -2.641272e+09
-9.585127e+06 1.876117e+07
-2.496545e+06 2.471672e+05
1.358411e+05 -2.566160e+04
1.586876e+07 -1.239979e+07
-3.986272e+12 -1.082766e+12
-5.632386e+00 -6.471898e+05
7.809887e+06 -3.526514e+06
-2.387866e+07 4.672965e+06
-5.883243e+09 -1.768784e+09
-5.759582e+08 -3.292926e+08
-7.350210e+06 -1.046417e+06
1.656529e+10 -1.039736e+10
5.732088e+13 1.092401e+14
1.408145e+05 2.605885e+05
9.143162e+09 1.980013e+09
3.077983e+07 2.478013e+07
1.754949e+10 -1.969682e+09
3.863166e+05 7.924062e+05
1.528882e+00 -3.735387e+05
-3.457685e+09 -2.402487e+09
2.626836e+06 1.905278e+07
3.866928e+05 -3.668655e+05
-5.066972e+11 7.060045e+11
2.422743e+05 -1.846342e+05
2.388875e+07 -4.694052e+06
-3.685251e+08 -3.660239e+08
1.230261e+08 -2.122167e+07
5.548531e+06 3.321686e+06
1.297670e-01 -2.836402e+05
2.817949e+06 -3.168446e+05
6.218641e+12 2.263355e+12
6.986223e+08 -2.615708e+08
-8.016508e+10 1.396335e+10
1.019263e+08 2.585455e+07
7.332666e+05 1.906801e+06
-8.232240e+06 -2.478431e+07
-3.479201e+12 -4.674438e+12
-1.559006e+11 2.914332e+10
1.179945e+07 -2.363774e+07
3.621165e+07 4.020820e+07
-7.105555e+14 1.015594e+15
-6.556436e+07 2.146102e+07
3.930563e+06 -7.992582e+06
-2.499041e+11 -3.771542e+10
-1.626738e+09 -1.390491e+09
1.262620e+09 -1.772965e+08
9.191436e+05 4.977867e+00
-2.416444e+09 -2.689170e+09
3.985322e+12 1.082637e+12
3.464755e+08 8.625790e+07
2.045513e+04 -6.301479e+00
-1.745474e+10 -5.767020e+09
-5.871596e+10 -9.184870e+11
-5.880783e+08 -1.145154e+09
-6.518006e+05 6.738995e+05
-8.412495e+07 -2.652006e+07
-9.710441e+08 -3.978930e+09
3.479824e+12 4.674160e+12
-9.623548e+08 6.268044e+08
9.601413e+06 -1.877244e+07
-1.271619e+08 9.285398e+07
-4.932370e+07 -2.456827e+06
-2.695553e+00 -3.168644e+06
2.715219e+11 3.713061e+11
-3.829852e+05 7.305456e+00
-3.042983e+04 3.441423e+00
-1.180381e+07 2.358228e+07
2.416294e+09 2.689170e+09
-4.505080e+08 -2.995181e+08
7.810752e+16 -1.271726e+17
5.885088e+09 1.769484e+09
-7.507384e+00 -6.330786e+05
1.760305e+08 2.987945e+08
4.686098e+05 -6.144402e+05
-1.717577e+04 -4.452276e+05
-3.174275e+09 2.067992e+09
-2.625702e+08 -8.515815e+09
2.624054e+11 -2.529476e+11
-2.916717e+08 -2.167883e+08
-1.280861e+11 1.935335e+11
1.354771e+04 3.993906e+05
4.292913e+06 2.632196e+07
1.281090e+11 -1.935566e+11
1.631269e+05 -7.060783e+00
6.035166e+13 -3.102066e+13
-1.656550e+10 1.039601e+10
4.418156e+10 2.487875e+11
8.345067e+06 -5.270963e+00
-6.816715e+07 6.543690e+07
-1.262686e+09 1.774032e+08
2.681408e+12 -9.631458e+11
-3.463594e+08 -8.644700e+07
-5.610958e+05 1.677961e+05
7.110213e+14 -1.015957e+15
3.752965e+05 7.121586e+05
-1.186398e+10 -3.441492e+09
-7.812147e+16 1.271877e+17
-1.034798e+08 6.375257e+07
3.480479e+12 -1.124886e+12
9.624428e+08 -6.268462e+08
-3.475077e+07 1.299195e+08
1.222179e+11 -1.204955e+11
3.097593e+07 5.802469e+07
4.737558e+09 7.278384e+09
-1.232776e+06 2.129954e+06
1.098023e+08 -1.182096e+08
-6.289820e+05 -3.008997e+06
6.355961e+05 3.003198e+06
-8.990795e+00 -3.118139e+06
-3.767487e+10 7.551646e+10
-1.870460e+07 5.694476e+06
-3.065691e+07 -2.436359e+07
-4.251187e+06 -6.938463e+06
7.424423e+00 2.801774e+06
5.960649e+08 1.147147e+09
-1.572929e+07 4.238120e+07
4.614885e+14 -2.185054e+15
2.646597e+06 -1.345182e+06
-7.435773e+05 -3.016986e+06
1.031723e+08 -6.371878e+07
-2.407365e+05 -7.730773e+05
-9.892217e+15 -3.680226e+16
-1.572190e+05 -9.477702e+00
1.579450e+07 -1.272332e+06
-2.380323e+08 -2.287681e+07
-1.211675e+06 -1.955983e+05
-1.098336e+08 1.182299e+08
-1.044496e+06 -1.194870e+06
-2.303187e+07 2.581970e+07
-6.663590e+10 -1.296013e+10
-1.619880e+10 5.935971e+10
-1.018497e+01 1.657836e+05
-9.808971e+11 -3.098529e+10
2.956413e+07 -1.097161e+07
1.132466e+13 -1.961738e+13
6.791808e+00 -7.397614e+06
1.085828e+06 -1.346294e+06
-4.666975e+04 -3.939390e+05
9.086026e+07 -2.093130e+07
7.044553e+04 3.948987e+05
2.375311e+05 7.653440e+05
-1.754633e+10 1.969350e+09
-1.425509e+06 -4.030797e+04
-4.417355e+10 -2.487130e+11
2.938678e+09 5.917827e+09
-4.757365e+10 -1.066710e+11
-1.587868e+15 6.531080e+13
7.220181e+05 3.121483e+06
2.302220e+07 -2.582002e+07
2.559565e+05 2.825778e+06
1.619878e+10 -5.934910e+10
-5.732384e+07 -5.416898e+07
2.636743e+13 8.684110e+12
8.428796e+07 2.652466e+07
6.925575e+08 -1.204529e+08
1.573835e+07 -4.238325e+07
2.380349e+08 2.294039e+07
5.751457e+07 -4.865494e+07
3.684262e+08 3.659739e+08
-4.211079e+07 7.351664e+07
1.166229e+08 2.128142e+08
-1.322255e+06 -6.095153e+05
8.305637e+06 1.192756e+06
-1.132263e+13 1.961270e+13
-8.299684e+06 -1.156570e+06
-1.290193e+06 -2.094226e+06
1.587585e+15 -6.529915e+13
-7.923576e+06 1.830504e+05
4.124884e+10 -9.186958e+09
-2.623891e+11 2.529960e+11
-4.094809e+06 1.491429e+07
-4.127133e+10 9.188659e+09
5.732172e+07 5.417521e+07
4.618669e+06 7.121726e+06
-1.076719e+05 -3.055301e+06
4.738110e+00 5.604290e+05
4.492172e+05 -5.778072e+05
8.306043e+07 2.808601e+07
6.662806e+10 1.295840e+10
-6.545290e+05 1.023337e+06
4.506347e+08 2.995456e+08
5.065458e+11 -7.058776e+11
-9.075979e+07 2.109344e+07
4.926467e+07 2.252358e+06
-2.938664e+09 -5.917479e+09
2.068541e+20 -1.708867e+20
3.175169e+04 8.405209e+05
5.961629e+00 4.698579e+05
4.337376e+06 -1.547676e+07
1.257737e+13 -8.750647e+12
8.972965e+00 1.853937e+05
1.270919e+08 -9.279299e+07
-5.685816e+05 -5.594295e+04
2.621369e+06 -1.740745e+05
1.881861e+07 -5.545089e+06
-5.749896e+07 3.232205e+07
1.728324e+06 1.464258e+05
-5.731063e+13 -1.092141e+14
-6.921504e+08 1.208287e+08
5.186175e+06 -1.986709e+07
1.626651e+09 1.390910e+09
-1.121424e+07 3.370687e+05
5.690058e+06 -1.585544e+07
-1.725513e+07 1.990966e+07
-4.615436e+14 2.185315e+15
1.554363e+07 7.436078e+06
3.178169e+08 9.466294e+08
3.768162e+10 -7.553013e+10
-1.258413e+13 8.754301e+12
-7.522745e+09 -2.460102e+09
5.366031e+09 1.337801e+08
-5.365391e+09 -1.337747e+08
1.733560e+07 -1.981474e+07
-8.157324e+06 2.946987e+07
9.893999e+15 3.680005e+16
-7.758559e+05 -1.959004e+06
8.248178e+00 -6.570457e+05
-3.011242e+06 7.220078e+07
1.594457e+08 -9.404190e+06
4.393311e+05 -2.699597e+05
-4.402030e+05 2.720282e+05
-9.069751e+08 -4.345877e+08
1.120563e+07 -5.945798e+05
-3.766254e-01 4.210297e+06
-5.275159e+18 -1.110736e+19
6.184522e+06 -4.727606e+06
1.314673e+05 8.667814e+00
-1.052480e+06 -1.925776e+06
-2.940913e+07 1.098928e+07
1.294355e+06 6.269034e+05
3.376674e+05 -1.019867e+01
-1.018508e+08 -2.583708e+07
-4.041142e+05 -1.445346e+06
8.161096e+06 -2.948025e+07
-4.010296e+06 1.688886e+06
3.934211e+05 1.136690e+06
-4.737539e+09 -7.278792e+09
-2.068788e+20 1.709173e+20
2.572714e+04 1.112150e+01
-5.183571e+06 1.987688e+07
-6.219012e+12 -2.263490e+12
8.788113e+07 -8.485953e+09
-6.488795e-01 -6.545369e+05
-1.633128e+06 -1.890850e+07
-1.515509e+09 -1.959059e+10
-3.178739e+08 -9.467821e+08
2.913425e+08 2.167069e+08
-2.107064e+07 -6.736898e+07
1.418018e+07 2.380922e+07
-1.167756e+08 -2.130441e+08
-3.477352e+05 -1.537857e+00
-5.236021e+00 -4.711533e+05
-6.034805e+13 3.101880e+13
4.101374e+14 4.430750e+15
-1.375681e+06 -6.094872e+00
5.758748e+08 3.293370e+08
2.111472e+00 5.636223e+05
-1.601325e+08 7.942433e+06
-6.131206e+06 4.723233e+06
1.384544e+06 -2.630620e+00
-3.788841e+07 3.240043e+07
-1.223084e+11 1.204818e+11
-3.886035e+04 -3.156729e+06
-4.392413e+12 1.586319e+14
-3.996137e+10 1.823186e+11
8.298187e+05 -2.218977e+06
8.712302e+06 1.325401e+06
-1.482338e+07 -2.518175e+07
4.748369e+06 -3.536462e+05
6.808273e+00 6.301414e+05
-7.750572e+06 -2.243375e+06
1.050047e+06 1.919861e+06
-9.070231e+08 2.668903e+08
-3.594904e+11 -3.962891e+11
9.669658e+06 -2.482771e+06
2.499487e+11 3.772435e+10
3.997794e+06 -1.710012e+06
6.409957e+07 1.663370e+08
-3.579872e+07 -3.795287e+07
-2.250858e+05 -1.242027e+05
-1.570641e+06 3.264353e+05
5.310814e+07 -6.939223e+06
8.163447e+00 2.012493e+05
9.816179e+05 8.547084e+05
1.250565e+10 2.643807e+09
7.854477e+05 1.026878e+06
1.559192e+11 -2.914458e+10
-3.570206e+04 -8.623574e+03
-2.002630e+08 8.671183e+06
1.573778e+08 1.391669e+08
-2.247473e+14 2.025584e+14
-3.105439e+07 -5.794895e+07
-2.413217e+05 -2.293738e+05
7.750822e+06 2.260245e+06
9.616453e+08 3.983362e+09
-1.561843e+05 2.081707e+00
-1.104074e+01 4.755899e+05
-3.481101e+12 1.125422e+12
-5.529918e+06 -3.352073e+06
-9.568464e+07 -2.702831e+07
-9.718192e+00 2.087043e+06
3.175476e+09 -2.068389e+09
-2.638004e+13 -8.686706e+12
1.596293e+06 1.937293e+06
-7.902865e+05 2.195489e+06
-8.784583e+07 8.486534e+09
5.713255e+07 1.466528e+07
9.597833e+05 -1.771462e+05
5.565998e+05 -1.561029e+05
-7.950135e+06 3.498642e+06
-4.102351e+14 -4.431806e+15
-5.083837e+05 -6.465170e+00
8.019830e+10 -1.396806e+10
3.367539e+10 -2.411565e+08
-3.367540e+10 2.411365e+08
1.745762e+10 5.766866e+09
-2.681568e+12 9.631458e+11
9.813649e+11 3.099831e+10
1.186838e+10 3.442666e+09
-4.155140e+06 8.009655e+06
7.524650e+09 2.459931e+09
3.021474e+06 -7.229414e+07
1.079150e+06 -2.147297e+06
-6.378543e+08 -3.863469e+07
1.226142e+05 -1.073186e+01
9.865007e+08 1.895957e+08
-1.568384e+07 -7.466607e+06
1.161221e+06 -4.553216e+06
-6.076686e-01 -2.051325e+06
-2.696875e+05 -2.377997e+00
4.759352e+10 1.067092e+11
-1.568667e+07 1.266049e+07
-4.633894e+06 4.809744e+05
1.320480e+07 1.092627e+07
-2.331092e+06 1.012286e+07
-7.650914e+09 1.030265e+10
-1.228783e+08 2.094841e+07
3.675357e+05 5.357888e+00
4.344238e+07 -4.261845e+07
4.393459e+12 -1.586414e+14
-1.763138e+08 -2.985980e+08
-1.695641e+08 3.460813e+08
-1.592107e+07 1.337114e+06
2.247741e+14 -2.025825e+14
-2.468107e+06 4.560979e+05
6.379461e+08 3.848336e+07
5.276103e+18 1.111200e+19
-5.714944e+07 -1.469584e+07
-1.428968e+07 -2.363039e+07
-1.147320e+06 4.564580e+06
-1.708590e+06 -2.109816e+05
1.515935e+05 1.186101e+06
-8.494691e+08 1.104367e+10
4.213220e+07 -7.354325e+07
5.878642e+10 9.193119e+11
7.650458e+09 -1.030205e+10
3.478280e+07 -1.299328e+08
9.532487e+07 2.729621e+07
-6.425320e+07 -1.660064e+08
2.061655e+05 1.359800e+00
1.614037e+06 5.230825e+00
1.499088e+05 3.023705e+06
-1.572246e+08 -1.389951e+08
2.082479e+07 6.752735e+07
-1.332507e+07 -1.098024e+07
3.996130e+10 -1.823081e+11
-8.626579e+06 -1.340696e+06
1.269635e+06 2.298941e+05
3.457694e+09 2.401818e+09
-1.041534e+01 -1.886382e+06
1.692109e+08 -3.460068e+08
2.002308e+08 -8.671628e+06
-1.196879e+06 1.217473e+06
-1.281896e+06 -6.963169e+05
-3.520699e+06 -8.350498e+00
1.490072e+06 1.010450e+06
