9.597671e+05 -9.060171e+00
3.813181e+06 -6.713855e+05
3.990971e+09 5.158385e+10
9.469547e+11 1.043983e+12
-7.152366e+11 -9.780741e+11
-2.601428e+09 -4.997516e+08
7.413692e+06 -2.654965e+07
-3.343179e+06 -2.744488e+06
-1.103867e+06 -7.288885e+06
-2.433081e+06 -8.344990e+00
3.525664e+05 -7.718975e+05
-1.636423e+07 4.355799e+07
2.237121e+09 -2.908357e+10
2.390353e+09 -7.032454e+08
-2.408984e+10 -5.216914e+09
2.392364e+09 1.146359e+09
-6.382311e+05 2.066604e+07
-3.212788e+06 -1.115936e+06
9.248722e+06 -8.559704e+00
-1.145989e+08 1.120957e+08
-1.042921e+06 -2.091471e+06
-1.841683e+09 6.887675e+08
6.927824e+08 2.243882e+10
-3.292343e+10 -6.960834e+09
-2.525985e+07 4.942743e+07
-6.576189e+06 6.510748e+05
3.580846e+05 -6.743931e+04
4.186277e+07 -3.269342e+07
-1.049940e+13 -2.851909e+12
1.284534e+00 -1.706071e+06
2.057931e+07 -9.292810e+06
-6.291348e+07 1.231143e+07
-1.550600e+10 -4.660847e+09
-1.518338e+09 -8.680474e+08
-1.937079e+07 -2.757729e+06
4.367095e+10 -2.740783e+10
1.510373e+14 2.878612e+14
3.698765e+05 6.881918e+05
2.409767e+10 5.218351e+09
8.114883e+07 6.533395e+07
4.625333e+10 -5.190973e+09
1.018294e+06 2.088355e+06
-1.380216e+00 -9.837312e+05
-9.116821e+09 -6.334181e+09
6.922164e+06 5.020161e+07
1.020089e+06 -9.677582e+05
-1.339746e+12 1.866842e+12
6.391160e+05 -4.872131e+05
6.293526e+07 -1.236626e+07
-9.715244e+08 -9.650102e+08
3.246958e+08 -5.601562e+07
1.462591e+07 8.755766e+06
9.685632e+00 -7.471730e+05
7.432076e+06 -8.356362e+05
1.639103e+13 5.965899e+12
1.840945e+09 -6.892415e+08
-2.112327e+11 3.679220e+10
2.686462e+08 6.814365e+07
1.933945e+06 5.028188e+06
-2.168708e+07 -6.529467e+07
-9.172044e+12 -1.232182e+13
-4.108476e+11 7.680081e+10
3.107700e+07 -6.226804e+07
9.637529e+07 1.070119e+08
-1.872370e+15 2.675516e+15
-1.727781e+08 5.654827e+07
1.036087e+07 -2.106537e+07
-6.582903e+11 -9.935254e+10
-4.299196e+09 -3.675358e+09
3.325629e+09 -4.670217e+08
2.423645e+06 9.695662e+00
-6.364462e+09 -7.082291e+09
1.049940e+13 2.851650e+12
9.191237e+08 2.288095e+08
5.393015e+04 -9.755499e+00
-4.598887e+10 -1.519444e+10
-1.551032e+11 -2.426159e+12
-1.549773e+09 -3.017826e+09
-1.717464e+06 1.775393e+06
-2.232677e+08 -7.037717e+07
-2.558930e+09 -1.048630e+10
9.171213e+12 1.232043e+13
-2.535428e+09 1.651248e+09
2.529750e+07 -4.946239e+07
-3.352617e+08 2.448110e+08
-1.300860e+08 -6.478927e+06
1.168281e+00 -8.349613e+06
7.152378e+11 9.780294e+11
-1.009488e+06 9.731255e+00
-8.024680e+04 6.873797e+00
-3.108606e+07 6.211525e+07
6.364735e+09 7.083253e+09
-1.187676e+09 -7.895979e+08
2.057511e+17 -3.350184e+17
1.550975e+10 4.662971e+09
-6.825007e+00 -1.668774e+06
4.642525e+08 7.880178e+08
1.234806e+06 -1.618969e+06
-4.525246e+04 -1.173738e+06
-8.373297e+09 5.454179e+09
-6.920386e+08 -2.244539e+10
6.914294e+11 -6.665180e+11
-7.688296e+08 -5.714200e+08
-3.377274e+11 5.102752e+11
3.586848e+04 1.052763e+06
1.131158e+07 6.935246e+07
3.377350e+11 -5.102175e+11
4.296034e+05 -8.510465e+00
1.592912e+14 -8.187844e+13
-4.367447e+10 2.740880e+10
1.166888e+11 6.570535e+11
2.198263e+07 1.078430e+01
-1.795771e+08 1.723614e+08
-3.325831e+09 4.672202e+08
7.070809e+12 -2.539584e+12
-9.189264e+08 -2.292926e+08
-1.479625e+06 4.425029e+05
1.872921e+15 -2.676001e+15
9.919673e+05 1.882454e+06
-3.126164e+10 -9.068009e+09
-2.057790e+17 3.350487e+17
-3.056498e+08 1.883024e+08
9.172772e+12 -2.964638e+12
2.535587e+09 -1.651260e+09
-9.160433e+07 3.424650e+08
3.220089e+11 -3.174852e+11
8.164040e+07 1.529235e+08
1.249023e+10 1.918922e+10
-3.259071e+06 5.630821e+06
2.894044e+08 -3.115521e+08
-1.656551e+06 -7.924746e+06
1.673733e+06 7.909343e+06
1.093165e+00 -8.223546e+06
-1.002815e+11 2.010113e+11
-4.932077e+07 1.501562e+07
-8.082894e+07 -6.423774e+07
-1.120673e+07 -1.829041e+07
-6.401193e+00 7.389653e+06
1.570878e+09 3.022797e+09
-4.145241e+07 1.116880e+08
1.217827e+15 -5.766552e+15
6.973051e+06 -3.544507e+06
-1.961197e+06 -7.956942e+06
3.047275e+08 -1.881893e+08
-6.341913e+05 -2.036358e+06
-2.618270e+16 -9.740384e+16
-4.140817e+05 8.530338e+00
4.164905e+07 -3.355507e+06
-6.274586e+08 -6.030623e+07
-3.198077e+06 -5.163786e+05
-2.894637e+08 3.115778e+08
-2.752461e+06 -3.148563e+06
-6.067736e+07 6.801816e+07
-1.755469e+11 -3.414397e+10
-4.267953e+10 1.563736e+11
-4.766161e-01 4.368178e+05
-2.584221e+12 -8.162926e+10
7.796438e+07 -2.893058e+07
2.986390e+13 -5.173122e+13
7.656423e+00 -1.953762e+07
2.872609e+06 -3.560990e+06
-1.225210e+05 -1.037393e+06
2.401230e+08 -5.531988e+07
1.855369e+05 1.040360e+06
6.257361e+05 2.015824e+06
-4.623550e+10 5.189381e+09
-3.755624e+06 -1.059251e+05
-1.166622e+11 -6.568746e+11
7.745943e+09 1.559750e+10
-1.253379e+11 -2.810451e+11
-4.183137e+15 1.720493e+14
1.903597e+06 8.230804e+06
6.065126e+07 -6.801695e+07
6.741385e+05 7.444310e+06
4.267754e+10 -1.563629e+11
-1.511513e+08 -1.428346e+08
6.962092e+13 2.292813e+13
2.236888e+08 7.039543e+07
1.828076e+09 -3.179596e+08
4.146923e+07 -1.116776e+08
6.273338e+08 6.045511e+07
1.517132e+08 -1.283508e+08
9.713874e+08 9.649001e+08
-1.112458e+08 1.942148e+08
3.074208e+08 5.609787e+08
-3.487708e+06 -1.607827e+06
2.188464e+07 3.142356e+06
-2.986322e+13 5.173122e+13
-2.186532e+07 -3.046997e+06
-3.400764e+06 -5.519521e+06
4.183137e+15 -1.720571e+14
-2.087208e+07 4.820907e+05
1.087002e+11 -2.420583e+10
-6.913338e+11 6.665413e+11
-1.078855e+07 3.929761e+07
-1.087430e+11 2.421146e+10
1.511491e+08 1.428534e+08
1.217482e+07 1.877233e+07
-2.836722e+05 -8.051695e+06
6.123442e+00 1.476970e+06
1.183720e+06 -1.522839e+06
2.188498e+08 7.399727e+07
1.755392e+11 3.413960e+10
-1.724960e+06 2.697095e+06
1.188142e+09 7.898116e+08
1.339535e+12 -1.866631e+12
-2.398951e+08 5.575063e+07
1.299499e+08 5.942273e+06
-7.746431e+09 -1.559928e+10
5.452227e+20 -4.504306e+20
8.330012e+04 2.215726e+06
-3.038415e-01 1.238188e+06
1.142745e+07 -4.078135e+07
3.315955e+13 -2.307027e+13
-7.972031e+00 4.883560e+05
3.351653e+08 -2.446817e+08
-1.499249e+06 -1.474321e+05
6.906974e+06 -4.584877e+05
4.963256e+07 -1.462475e+07
-1.516924e+08 8.526064e+07
4.554039e+06 3.857296e+05
-1.510168e+14 -2.877895e+14
-1.827111e+09 3.189608e+08
1.367137e+07 -5.237330e+07
4.299321e+09 3.676054e+09
-2.956022e+07 8.883539e+05
1.498826e+07 -4.176950e+07
-4.553413e+07 5.254108e+07
-1.217965e+15 5.766552e+15
4.096331e+07 1.959703e+07
8.375603e+08 2.494854e+09
1.002995e+11 -2.010386e+11
-3.316931e+13 2.307444e+13
-1.982686e+10 -6.483483e+09
1.414413e+10 3.526524e+08
-1.414285e+10 -3.526223e+08
4.574975e+07 -5.228813e+07
-2.149247e+07 7.764061e+07
2.618685e+16 9.740163e+16
-2.046255e+06 -5.166448e+06
-2.135445e+00 -1.733415e+06
-7.955479e+06 1.907541e+08
4.214392e+08 -2.485748e+07
1.157709e+06 -7.111673e+05
-1.159693e+06 7.163465e+05
-2.393357e+09 -1.146762e+09
2.953875e+07 -1.567122e+06
-5.111680e+00 1.109355e+07
-1.390552e+19 -2.928311e+19
1.630682e+07 -1.246567e+07
3.462693e+05 -3.672289e+00
-2.775311e+06 -5.078548e+06
-7.754635e+07 2.897426e+07
3.412608e+06 1.652766e+06
8.896607e+05 -6.945453e+00
-2.684212e+08 -6.808870e+07
-1.064496e+06 -3.807660e+06
2.150340e+07 -7.767002e+07
-1.056944e+07 4.450655e+06
1.035926e+06 2.994383e+06
-1.249018e+10 -1.918915e+10
-5.452351e+20 4.504612e+20
6.777172e+04 -6.571102e+00
-1.366552e+07 5.240322e+07
-1.639066e+13 -5.965629e+12
2.315348e+08 -2.235873e+10
-8.360335e+00 -1.725075e+06
-4.302149e+06 -4.981205e+07
-3.992316e+09 -5.160571e+10
-8.377177e+08 -2.495092e+09
7.677865e+08 5.710962e+08
-5.558916e+07 -1.777349e+08
3.737528e+07 6.275477e+07
-3.077458e+08 -5.614646e+08
-9.167981e+05 5.816811e+00
-2.607231e+00 -1.242381e+06
-1.592984e+14 8.188400e+13
1.080485e+15 1.167241e+16
-3.627417e+06 -1.000230e+01
1.518212e+09 8.682378e+08
-1.000134e+01 1.486263e+06
-4.232962e+08 2.099522e+07
-1.617774e+07 1.245649e+07
3.650991e+06 2.851042e+00
-9.993464e+07 8.546085e+07
-3.222865e+11 3.174689e+11
-1.023305e+05 -8.318348e+06
-1.158031e+13 4.182261e+14
-1.053360e+11 4.805751e+11
2.187048e+06 -5.848336e+06
2.296199e+07 3.493118e+06
-3.909918e+07 -6.641850e+07
1.252243e+07 -9.329388e+05
8.466049e+00 1.661132e+06
-2.042965e+07 -5.913663e+06
2.769203e+06 5.062860e+06
-2.391449e+09 7.037487e+08
-9.472548e+11 -1.044196e+12
2.548483e+07 -6.543701e+06
6.584090e+11 9.937037e+10
1.053674e+07 -4.507078e+06
1.689392e+08 4.384004e+08
-9.525602e+07 -1.009794e+08
-5.934468e+05 -3.273368e+05
-4.139123e+06 8.599810e+05
1.400615e+08 -1.830138e+07
-3.481146e+00 5.304503e+05
2.587057e+06 2.252593e+06
3.294249e+10 6.964439e+09
2.069558e+06 2.705240e+06
4.108570e+11 -7.679433e+10
-9.417409e+04 -2.263800e+04
-5.276667e+08 2.284849e+07
4.146638e+08 3.666758e+08
-5.922854e+14 5.338221e+14
-8.184223e+07 -1.527240e+08
-6.358396e+05 -6.040480e+05
2.042733e+07 5.956717e+06
2.534485e+09 1.049859e+10
-4.116147e+05 5.043035e+00
7.045561e+00 1.252711e+06
-9.174431e+12 2.966046e+12
-1.457580e+07 -8.835168e+06
-2.522138e+08 -7.124081e+07
-2.047060e+00 5.500864e+06
8.373914e+09 -5.454786e+09
-6.965088e+13 -2.293592e+13
4.207642e+06 5.106048e+06
-2.082978e+06 5.787243e+06
-2.314786e+08 2.236196e+10
1.504959e+08 3.862822e+07
2.531801e+06 -4.676805e+05
1.466024e+06 -4.108843e+05
-2.094929e+07 9.219473e+06
-1.080534e+15 -1.167241e+16
-1.339652e+06 -2.868776e-01
2.112513e+11 -3.679396e+10
8.874827e+10 -6.356937e+08
-8.877640e+10 6.357313e+08
4.599968e+10 1.519497e+10
-7.071609e+12 2.539699e+12
2.585332e+12 8.165903e+10
3.126842e+10 9.069296e+09
-1.094817e+07 2.110597e+07
1.983029e+10 6.482886e+09
7.980910e+06 -1.909663e+08
2.851691e+06 -5.674497e+06
-1.680762e+09 -1.017941e+08
3.228422e+05 2.088430e+01
2.601400e+09 4.999708e+08
-4.133376e+07 -1.967729e+07
3.058506e+06 -1.199194e+07
4.482735e+00 -5.405757e+06
-7.110093e+05 1.356682e+01
1.253862e+11 2.811341e+11
-4.136096e+07 3.338184e+07
-1.221888e+07 1.268097e+06
3.485468e+07 2.883793e+07
-6.144016e+06 2.668259e+07
-2.016694e+10 2.715724e+10
-3.243087e+08 5.528615e+07
9.703595e+05 8.082196e+00
1.145081e+08 -1.123323e+08
1.158188e+13 -4.182450e+14
-4.648845e+08 -7.873100e+08
-4.496769e+08 9.177173e+08
-4.198152e+07 3.525877e+06
5.923256e+14 -5.338463e+14
-6.508487e+06 1.202575e+06
1.681032e+09 1.014061e+08
1.390741e+19 2.929172e+19
-1.505146e+08 -3.870517e+07
-3.766605e+07 -6.228487e+07
-3.022051e+06 1.202301e+07
-4.502556e+06 -5.560547e+05
3.994408e+05 3.124795e+06
-2.237881e+09 2.909288e+10
1.112809e+08 -1.942489e+08
1.552864e+11 2.428414e+12
2.016831e+10 -2.715788e+10
9.169513e+07 -3.425317e+08
2.513033e+08 7.194909e+07
-1.693481e+08 -4.376372e+08
5.437115e+05 -9.724930e+00
4.252637e+06 6.144437e+00
3.949668e+05 7.968849e+06
-4.143812e+08 -3.663355e+08
5.495208e+07 1.781901e+08
-3.517783e+07 -2.898756e+07
1.053382e+11 -4.805545e+11
-2.273611e+07 -3.533586e+06
3.350420e+06 6.066715e+05
9.118082e+09 6.333928e+09
7.934849e+00 -5.020245e+06
4.487705e+08 -9.175956e+08
5.277118e+08 -2.285412e+07
-3.166448e+06 3.220839e+06
-3.378940e+06 -1.835628e+06
-9.278667e+06 -1.815655e-01
3.928169e+06 2.663853e+06
