7.451080e+04 1.192718e+00
2.978081e+05 -5.247769e+04
3.124616e+08 4.041582e+09
7.405680e+10 8.166113e+10
-5.607701e+10 -7.668090e+10
-2.022561e+08 -3.884254e+07
5.782045e+05 -2.070264e+06
-2.605198e+05 -2.138526e+05
-8.630249e+04 -5.705071e+05
-1.894067e+05 7.727822e+00
2.766862e+04 -6.052613e+04
-1.282037e+06 3.412287e+06
1.753434e+08 -2.280148e+09
1.861158e+08 -5.475806e+07
-1.883330e+09 -4.077651e+08
1.851031e+08 8.871047e+07
-4.917699e+04 1.590753e+06
-2.519109e+05 -8.748487e+04
7.231146e+05 -8.108296e+00
-8.945055e+06 8.746949e+06
-8.162569e+04 -1.637855e+05
-1.442824e+08 5.391188e+07
5.414195e+07 1.753826e+09
-2.577717e+09 -5.451018e+08
-1.976403e+06 3.867871e+06
-5.152320e+05 5.099729e+04
2.788364e+04 -5.277054e+03
3.260723e+06 -2.546227e+06
-8.238454e+11 -2.237625e+11
5.208926e+00 -1.330329e+05
1.609648e+06 -7.267629e+05
-4.931069e+06 9.648962e+05
-1.212711e+09 -3.644466e+08
-1.184200e+08 -6.770022e+07
-1.513113e+06 -2.152927e+05
3.403150e+09 -2.135763e+09
1.180507e+13 2.250421e+13
2.964196e+04 5.309922e+04
1.883345e+09 4.079935e+08
6.322282e+06 5.089954e+06
3.615960e+09 -4.058162e+08
7.971163e+04 1.634306e+05
-1.987181e-01 -7.744505e+04
-7.100990e+08 -4.933064e+08
5.418445e+05 3.929689e+06
7.934410e+04 -7.528653e+04
-1.022260e+11 1.424447e+11
4.973880e+04 -3.791950e+04
4.934349e+06 -9.693619e+05
-7.576228e+07 -7.525256e+07
2.510944e+07 -4.332063e+06
1.141447e+06 6.832845e+05
-5.672355e+00 -5.860180e+04
5.775482e+05 -6.489124e+04
1.280352e+12 4.659214e+11
1.441535e+08 -5.396922e+07
-1.654405e+10 2.881683e+09
2.099034e+07 5.325642e+06
1.503479e+05 3.909562e+05
-1.698630e+06 -5.113628e+06
-7.156775e+11 -9.618105e+11
-3.211111e+10 6.002343e+09
2.439142e+06 -4.887810e+06
7.013486e+06 7.787545e+06
-1.469049e+14 2.098954e+14
-1.353411e+07 4.429576e+06
8.099958e+05 -1.646814e+06
-5.164170e+10 -7.791960e+09
-3.288938e+08 -2.810797e+08
2.609309e+08 -3.663136e+07
1.885677e+05 8.463319e+00
-4.996363e+08 -5.560264e+08
8.233705e+11 2.236336e+11
6.846857e+07 1.704999e+07
4.248396e+03 -1.081068e+01
-3.601607e+09 -1.189895e+09
-1.192885e+10 -1.865346e+11
-1.210667e+08 -2.357229e+08
-1.344261e+05 1.389930e+05
-1.656012e+07 -5.221508e+06
-1.999191e+08 -8.190868e+08
7.156775e+11 9.615319e+11
-1.985266e+08 1.292973e+08
1.979224e+06 -3.869733e+06
-2.611212e+07 1.906043e+07
-1.010672e+07 -5.035362e+05
7.953187e+00 -6.529426e+05
5.609328e+10 7.670298e+10
-7.880267e+04 -2.528412e+00
-6.186670e+03 -8.806303e-01
-2.440352e+06 4.875462e+06
4.999229e+08 5.563469e+08
-9.260623e+07 -6.156145e+07
1.613980e+16 -2.628754e+16
1.213080e+09 3.647182e+08
-5.166842e+00 -1.302505e+05
3.615381e+07 6.134236e+07
9.667221e+04 -1.267796e+05
-3.501608e+03 -9.152322e+04
-6.509195e+08 4.242605e+08
-5.408846e+07 -1.754839e+09
5.413226e+10 -5.218430e+10
-6.004900e+07 -4.464236e+07
-2.632168e+10 3.978029e+10
2.743196e+03 8.220230e+04
8.857543e+05 5.432527e+06
2.633696e+10 -3.979184e+10
3.370752e+04 6.089486e+00
1.231335e+13 -6.329422e+12
-3.405168e+09 2.136982e+09
8.982162e+09 5.057577e+10
1.724357e+06 1.075349e+01
-1.408662e+07 1.352389e+07
-2.610795e+08 3.667206e+07
5.502949e+11 -1.976509e+11
-6.847475e+07 -1.708322e+07
-1.151132e+05 3.440933e+04
1.469049e+14 -2.098954e+14
7.594688e+04 1.440955e+05
-2.446889e+09 -7.097487e+08
-1.613980e+16 2.627996e+16
-5.334629e+06 3.286357e+06
7.168011e+11 -2.317381e+11
1.985210e+08 -1.292982e+08
-7.146527e+06 2.671823e+07
2.520963e+10 -2.485435e+10
6.377589e+06 1.194664e+07
9.733934e+08 1.495529e+09
-2.493768e+05 4.308613e+05
2.262286e+07 -2.435362e+07
-1.300382e+05 -6.222436e+05
1.313472e+05 6.210158e+05
8.042564e+00 -6.388429e+05
-7.272992e+09 1.457817e+10
-3.836619e+06 1.168363e+06
-6.297755e+06 -5.004917e+06
-8.746210e+05 -1.426930e+06
-9.613180e+00 5.739352e+05
1.227087e+08 2.362255e+08
-3.241882e+06 8.734389e+06
9.424940e+13 -4.462516e+14
5.461630e+05 -2.776473e+05
-1.526229e+05 -6.193312e+05
5.318399e+06 -3.284635e+06
-4.980184e+04 -1.598415e+05
-1.982719e+15 -7.375029e+15
-3.234925e+04 -1.098335e+01
3.240252e+06 -2.610462e+05
-4.901708e+07 -4.711184e+06
-2.476691e+05 -3.997071e+04
-2.263049e+07 2.436051e+07
-2.154597e+05 -2.464225e+05
-4.752352e+06 5.327898e+06
-1.375033e+10 -2.674325e+09
-3.341093e+09 1.224254e+10
-1.180983e+00 3.424841e+04
-2.024101e+11 -6.393498e+09
6.066983e+06 -2.251227e+06
2.323318e+12 -4.024619e+12
2.443398e+00 -1.503354e+06
2.183349e+05 -2.706285e+05
-9.570700e+03 -8.120264e+04
1.838310e+07 -4.235121e+06
1.451197e+04 8.142467e+04
4.906273e+04 1.580931e+05
-3.614910e+09 4.057029e+08
-2.938665e+05 -8.264130e+03
-8.976859e+09 -5.054599e+10
6.046972e+08 1.217722e+09
-9.814085e+09 -2.200412e+10
-3.276013e+14 1.347850e+13
1.480791e+05 6.403602e+05
4.750949e+06 -5.328284e+06
5.279102e+04 5.827882e+05
3.342054e+09 -1.224608e+10
-1.177117e+07 -1.112074e+07
5.370617e+12 1.769014e+12
1.659945e+07 5.222388e+06
1.411275e+08 -2.454701e+07
3.242374e+06 -8.731198e+06
4.902596e+07 4.724544e+06
1.178170e+07 -9.964503e+06
7.574647e+07 7.524227e+07
-8.556185e+06 1.493823e+07
2.402958e+07 4.383931e+07
-2.714213e+05 -1.251348e+05
1.716443e+06 2.464798e+05
-2.323318e+12 4.024619e+12
-1.715634e+06 -2.390193e+05
-2.656312e+05 -4.310558e+05
3.276013e+14 -1.347461e+13
-1.637311e+06 3.781866e+04
8.515335e+09 -1.895973e+09
-5.413212e+10 5.218494e+10
-8.443886e+05 3.075705e+06
-8.512950e+09 1.895438e+09
1.176730e+07 1.112070e+07
9.500406e+05 1.464947e+06
-2.216206e+04 -6.294723e+05
-8.386464e+00 1.154594e+05
9.255308e+04 -1.190398e+05
1.714259e+07 5.796210e+06
1.375035e+10 2.674286e+09
-1.347852e+05 2.108056e+05
9.264886e+07 6.157811e+07
1.021957e+11 -1.424447e+11
-1.836611e+07 4.268725e+06
1.009820e+07 4.614563e+05
-6.048697e+08 -1.218076e+09
4.258435e+19 -3.517986e+19
6.539919e+03 1.726797e+05
1.529480e+00 9.650679e+04
8.949123e+05 -3.193320e+06
2.587496e+12 -1.800130e+12
4.505575e+00 3.824634e+04
2.609638e+07 -1.905465e+07
-1.168500e+05 -1.147134e+04
5.408455e+05 -3.590197e+04
3.860731e+06 -1.137650e+06
-1.177027e+07 6.618730e+06
3.561263e+05 3.013506e+04
-1.181191e+13 -2.251072e+13
-1.410943e+08 2.463377e+07
1.066169e+06 -4.084318e+06
3.289934e+08 2.812806e+08
-2.304257e+06 6.928077e+04
1.174537e+06 -3.273265e+06
-3.523562e+06 4.065880e+06
-9.424940e+13 4.462516e+14
3.200057e+06 1.530937e+06
6.544623e+07 1.949457e+08
7.277537e+09 -1.458730e+10
-2.588996e+12 1.800652e+12
-1.548497e+09 -5.064786e+08
1.103981e+09 2.752651e+07
-1.103981e+09 -2.752541e+07
3.541274e+06 -4.046698e+06
-1.682941e+06 6.079701e+06
1.982719e+15 7.375029e+15
-1.590440e+05 -4.016035e+05
-8.143110e-01 -1.343817e+05
-6.107489e+05 1.464576e+07
3.224429e+07 -1.901917e+06
9.047938e+04 -5.559606e+04
-9.064042e+04 5.598039e+04
-1.851544e+08 -8.871358e+07
2.301734e+06 -1.220745e+05
-8.568325e+00 8.671792e+05
-1.083907e+18 -2.282153e+18
1.268742e+06 -9.698684e+05
2.704734e+04 -7.584589e+00
-2.158681e+05 -3.950612e+05
-6.035148e+06 2.254891e+06
2.657460e+05 1.287097e+05
6.951164e+04 1.013178e+00
-2.097837e+07 -5.321694e+06
-8.340913e+04 -2.982656e+05
1.683341e+06 -6.081450e+06
-8.254162e+05 3.476821e+05
8.120399e+04 2.346511e+05
-9.739546e+08 -1.496391e+09
-4.259668e+19 3.519005e+19
5.153618e+03 3.315490e+00
-1.065902e+06 4.087278e+06
-1.281093e+12 -4.661913e+11
1.813007e+07 -1.750275e+09
9.473985e+00 -1.349145e+05
-3.370191e+05 -3.902172e+06
-3.129405e+08 -4.045059e+09
-6.545406e+07 -1.949423e+08
5.998734e+07 4.461983e+07
-4.310661e+06 -1.378259e+07
2.918655e+06 4.900615e+06
-2.405652e+07 -4.389376e+07
-7.151460e+04 8.575064e+00
3.612004e+00 -9.676703e+04
-1.230975e+13 6.327569e+12
8.470945e+13 9.150692e+14
-2.823890e+05 5.674557e+00
1.184231e+08 6.772092e+07
2.573214e-01 1.157428e+05
-3.239087e+07 1.606451e+06
-1.259176e+06 9.692813e+05
2.843467e+05 9.772328e+00
-7.766250e+06 6.641751e+06
-2.524137e+10 2.486293e+10
-8.011457e+03 -6.511342e+05
-9.028412e+11 3.261362e+13
-8.230493e+09 3.754833e+10
1.709224e+05 -4.570390e+05
1.795453e+06 2.731214e+05
-3.039349e+06 -5.161347e+06
9.747209e+05 -7.258108e+04
-9.913224e+00 1.297715e+05
-1.596087e+06 -4.620105e+05
2.154575e+05 3.939277e+05
-1.862293e+08 5.478832e+07
-7.414248e+10 -8.173198e+10
1.991062e+06 -5.111531e+05
5.164167e+10 7.794195e+09
8.230278e+05 -3.519962e+05
1.319807e+07 3.425078e+07
-6.934420e+06 -7.351255e+06
-4.607494e+04 -2.544654e+04
-3.236183e+05 6.720818e+04
1.089094e+07 -1.423132e+06
2.708217e+00 4.141171e+04
2.020735e+05 1.758767e+05
2.581418e+09 5.457674e+08
1.621340e+05 2.118832e+05
3.212971e+10 -6.005717e+09
-7.272277e+03 -1.813621e+03
-4.127454e+07 1.786324e+06
3.245264e+07 2.869568e+07
-4.630222e+13 4.173088e+13
-6.397823e+06 -1.193934e+07
-4.983684e+04 -4.732714e+04
1.596552e+06 4.656328e+05
1.980954e+08 8.206068e+08
-3.217455e+04 1.172819e+00
1.030055e+01 9.814254e+04
-7.172160e+11 2.318722e+11
-1.138300e+06 -6.900043e+05
-1.969593e+07 -5.561595e+06
9.039053e+00 4.297903e+05
6.520306e+08 -4.247342e+08
-5.375348e+12 -1.770053e+12
3.289405e+05 3.991418e+05
-1.628455e+05 4.524210e+05
-1.813334e+07 1.751807e+09
1.181503e+07 3.032611e+06
1.967072e+05 -3.611444e+04
1.150064e+05 -3.221985e+04
-1.638903e+06 7.212715e+05
-8.478273e+13 -9.158608e+14
-1.045477e+05 -9.422898e+00
1.656311e+10 -2.884953e+09
6.925020e+09 -4.958851e+07
-6.925021e+09 4.959033e+07
3.603638e+09 1.190408e+09
-5.506148e+11 1.977658e+11
2.026440e+11 6.400901e+09
2.449042e+09 7.103523e+08
-8.565803e+05 1.651337e+06
1.549865e+09 5.067366e+08
6.133222e+05 -1.467508e+07
2.185086e+05 -4.348005e+05
-1.315085e+08 -7.963977e+06
2.526140e+04 2.642474e+00
2.023848e+08 3.889868e+07
-3.230432e+06 -1.537937e+06
2.401359e+05 -9.414604e+05
-5.435553e+00 -4.225301e+05
-5.537507e+04 -8.525929e+00
9.825430e+09 2.202954e+10
-3.221379e+06 2.599926e+06
-9.513845e+05 9.875076e+04
2.694124e+06 2.229109e+06
-4.798172e+05 2.083115e+06
-1.574424e+09 2.120105e+09
-2.508796e+07 4.278040e+06
7.466287e+04 1.107887e+01
8.941232e+06 -8.771119e+06
9.033648e+11 -3.261362e+13
-3.621330e+07 -6.132940e+07
-3.356986e+07 6.853302e+07
-3.266790e+06 2.742728e+05
4.630222e+13 -4.173088e+13
-5.060527e+05 9.349828e+04
1.315118e+08 7.933351e+06
1.084850e+18 2.284803e+18
-1.181573e+07 -3.038391e+06
-2.942610e+06 -4.865818e+06
-2.372378e+05 9.437486e+05
-3.522756e+05 -4.357432e+04
3.136215e+04 2.451325e+05
-1.755499e+08 2.281472e+09
8.561986e+06 -1.494527e+07
1.194294e+10 1.868095e+11
1.574880e+09 -2.120107e+09
7.158112e+06 -2.673949e+07
1.961735e+07 5.618093e+06
-1.323358e+07 -3.419153e+07
4.231229e+04 4.840913e+00
3.330450e+05 -2.734678e+00
3.091817e+04 6.233653e+05
-3.242682e+07 -2.866705e+07
4.263455e+06 1.382481e+07
-2.719974e+06 -2.241340e+06
8.230479e+09 -3.754841e+10
-1.778360e+06 -2.763960e+05
2.596734e+05 4.697981e+04
7.103070e+08 4.934299e+08
-8.266019e-01 -3.654530e+05
3.351614e+07 -6.854316e+07
4.127520e+07 -1.787528e+06
-2.408603e+05 2.449896e+05
-2.638386e+05 -1.433326e+05
-7.256895e+05 -5.487169e+00
3.064874e+05 2.078428e+05
