2.082654e+06 -3.974838e+00
8.270977e+06 -1.456435e+06
8.657408e+09 1.118891e+11
2.054359e+12 2.264792e+12
-1.551459e+12 -2.121741e+12
-5.645511e+09 -1.084550e+09
1.608817e+07 -5.760597e+07
-7.253813e+06 -5.954888e+06
-2.394639e+06 -1.581258e+07
-5.279637e+06 2.865926e+00
7.644542e+05 -1.673830e+06
-3.549677e+07 9.448776e+07
4.853209e+09 -6.309507e+10
5.187553e+09 -1.526224e+09
-5.226513e+10 -1.131887e+10
5.193396e+09 2.488384e+09
-1.385477e+06 4.486987e+07
-6.969243e+06 -2.420853e+06
2.006580e+07 6.913561e+00
-2.486638e+08 2.432264e+08
-2.262378e+06 -4.537817e+06
-3.995755e+09 1.494331e+09
1.503141e+09 4.868631e+10
-7.144097e+10 -1.510367e+10
-5.481411e+07 1.072392e+08
-1.426681e+07 1.412576e+06
7.772802e+05 -1.463662e+05
9.087460e+07 -7.095906e+07
-2.277683e+13 -6.186809e+12
7.358311e+00 -3.702516e+06
4.464368e+07 -2.016159e+07
-1.364715e+08 2.670832e+07
-3.364123e+10 -1.011247e+10
-3.294399e+09 -1.883453e+09
-4.202918e+07 -5.983673e+06
9.476463e+10 -5.947466e+10
3.276694e+14 6.244673e+14
8.013802e+05 1.493741e+06
5.227700e+10 1.132126e+10
1.760785e+08 1.417579e+08
1.003473e+11 -1.126178e+10
2.209208e+06 4.530618e+06
6.696441e+00 -2.132989e+06
-1.978316e+10 -1.374381e+10
1.501674e+07 1.089049e+08
2.213449e+06 -2.100025e+06
-2.909934e+12 4.054576e+12
1.386899e+06 -1.057290e+06
1.365353e+08 -2.682682e+07
-2.108047e+09 -2.094105e+09
7.048370e+08 -1.216062e+08
3.174063e+07 1.900180e+07
6.424331e+00 -1.621046e+06
1.612941e+07 -1.813499e+06
3.556443e+13 1.294514e+13
3.994173e+09 -1.495336e+09
-4.582568e+11 7.981197e+10
5.828390e+08 1.478413e+08
4.196300e+06 1.091060e+07
-4.704659e+07 -1.416429e+08
-1.989911e+13 -2.673226e+13
-8.912506e+11 1.666119e+11
6.740492e+07 -1.350572e+08
2.097413e+08 2.329021e+08
-4.061376e+15 5.803860e+15
-3.748120e+08 1.226806e+08
2.247792e+07 -4.570363e+07
-1.427990e+12 -2.155289e+11
-9.336551e+09 -7.981667e+09
7.214402e+09 -1.013114e+09
5.259609e+06 -9.037913e-01
-1.380691e+10 -1.536520e+10
2.277921e+13 6.186551e+12
1.998592e+09 4.975463e+08
1.171509e+05 -2.773806e+00
-9.977584e+10 -3.296761e+10
-3.367522e+11 -5.267864e+12
-3.362547e+09 -6.547729e+09
-3.725660e+06 3.851546e+06
-4.855004e+08 -1.530396e+08
-5.552099e+09 -2.275101e+10
1.989953e+13 2.673226e+13
-5.500710e+09 3.582716e+09
5.489038e+07 -1.073212e+08
-7.275271e+08 5.312160e+08
-2.823079e+08 -1.406085e+07
3.022181e+00 -1.811546e+07
1.551590e+12 2.121718e+12
-2.190695e+06 7.088987e+00
-1.744343e+05 1.088614e+01
-6.744349e+07 1.347417e+08
1.380631e+10 1.536584e+10
-2.577360e+09 -1.713341e+09
4.463499e+17 -7.267860e+17
3.365123e+10 1.011697e+10
-4.543476e+00 -3.621465e+06
1.007516e+09 1.710026e+09
2.679014e+06 -3.512811e+06
-9.850381e+04 -2.546955e+06
-1.817119e+10 1.183684e+10
-1.501347e+09 -4.869741e+10
1.500005e+12 -1.446011e+12
-1.668087e+09 -1.239725e+09
-7.328047e+11 1.107234e+12
7.780857e+04 2.283715e+06
2.453884e+07 1.504561e+08
7.328887e+11 -1.107153e+12
9.319441e+05 7.790418e+00
3.457438e+14 -1.777317e+14
-9.476483e+10 5.947221e+10
2.533303e+11 1.426394e+12
4.767997e+07 -1.918331e+00
-3.895489e+08 3.739063e+08
-7.214877e+09 1.013477e+09
1.534411e+13 -5.510897e+12
-1.998100e+09 -4.985382e+08
-3.210594e+06 9.603211e+05
4.063070e+15 -5.804949e+15
2.154162e+06 4.088258e+06
-6.782429e+10 -1.967282e+10
-4.463825e+17 7.267935e+17
-6.866839e+08 4.230403e+08
1.990155e+13 -6.431118e+12
5.500615e+09 -3.582629e+09
-1.987429e+08 7.430299e+08
6.985659e+11 -6.887210e+11
1.771348e+08 3.317743e+08
2.710131e+10 4.163734e+10
-7.078617e+06 1.223007e+07
6.279561e+08 -6.759904e+08
-3.593872e+06 -1.719138e+07
3.630804e+06 1.715844e+07
1.827338e-02 -1.784911e+07
-2.183107e+11 4.375966e+11
-1.070374e+08 3.258428e+07
-1.753965e+08 -1.393894e+08
-2.431737e+07 -3.968747e+07
1.107971e+01 1.603742e+07
3.408135e+09 6.558043e+09
-8.993730e+07 2.423328e+08
2.643532e+15 -1.251710e+16
1.512828e+07 -7.690172e+06
-4.256017e+06 -1.726829e+07
6.846545e+08 -4.228352e+08
-1.376156e+06 -4.418200e+06
-5.689317e+16 -2.116494e+17
-8.988887e+05 -5.312655e-01
9.038405e+07 -7.282382e+06
-1.361211e+09 -1.308412e+08
-6.941412e+06 -1.120870e+06
-6.280049e+08 6.759777e+08
-5.971181e+06 -6.830404e+06
-1.316264e+08 1.475534e+08
-3.808253e+11 -7.407124e+10
-9.259133e+10 3.392408e+11
6.247041e+00 9.476537e+05
-5.606228e+12 -1.771016e+11
1.691973e+08 -6.278606e+07
6.481234e+13 -1.122667e+14
-8.449743e+00 -4.242205e+07
6.240665e+06 -7.735906e+06
-2.655822e+05 -2.250645e+06
5.214733e+08 -1.201403e+08
4.026575e+05 2.257090e+06
1.357263e+06 4.373178e+06
-1.003127e+11 1.125943e+10
-8.148519e+06 -2.300957e+05
-2.532928e+11 -1.426245e+12
1.680782e+10 3.384499e+10
-2.719369e+11 -6.097213e+11
-9.075493e+15 3.732385e+14
4.130902e+06 1.786024e+07
1.315771e+08 -1.475535e+08
1.462662e+06 1.614836e+07
9.258253e+10 -3.392266e+11
-3.279993e+08 -3.099727e+08
1.511547e+14 4.978007e+13
4.864602e+08 1.531004e+08
3.968934e+09 -6.903522e+08
8.998164e+07 -2.423182e+08
1.361148e+09 1.311774e+08
3.292887e+08 -2.785816e+08
2.107892e+09 2.093797e+09
-2.415439e+08 4.217110e+08
6.670593e+08 1.217211e+09
-7.569195e+06 -3.489825e+06
4.747860e+07 6.818021e+06
-6.481504e+13 1.122773e+14
-4.743752e+07 -6.611066e+06
-7.380325e+06 -1.197699e+07
9.076156e+15 -3.733048e+14
-4.528454e+07 1.046943e+06
2.358721e+11 -5.251951e+10
-1.500032e+12 1.446150e+12
-2.340837e+07 8.526201e+07
-2.359233e+11 5.252696e+10
3.280080e+08 3.099942e+08
2.641731e+07 4.073387e+07
-6.152717e+05 -1.746947e+07
-7.787852e+00 3.205092e+06
2.568516e+06 -3.303933e+06
4.747805e+08 1.605303e+08
3.808179e+11 7.406166e+10
-3.742169e+06 5.851294e+06
2.578063e+09 1.713805e+09
2.909541e+12 -4.054238e+12
-5.209467e+08 1.210759e+08
2.820046e+08 1.289598e+07
-1.680704e+10 -3.384713e+10
1.182989e+21 -9.772728e+20
1.807161e+05 4.808907e+06
-3.671530e+00 2.687276e+06
2.479521e+07 -8.848562e+07
7.195999e+13 -5.006596e+13
-5.397779e+00 1.059994e+06
7.274079e+08 -5.309994e+08
-3.254237e+06 -3.204019e+05
1.498611e+07 -9.948841e+05
1.077176e+08 -3.173782e+07
-3.292657e+08 1.850627e+08
9.880987e+06 8.373858e+05
-3.276831e+14 -6.244934e+14
-3.966922e+09 6.925171e+08
2.966810e+07 -1.136530e+08
9.337391e+09 7.983721e+09
-6.414172e+07 1.928125e+06
3.251553e+07 -9.061082e+07
-9.883798e+07 1.140501e+08
-2.643587e+15 1.251658e+16
8.887460e+07 4.251787e+07
1.817113e+09 5.412325e+09
2.182896e+11 -4.375597e+11
-7.196224e+13 5.006335e+13
-4.301754e+10 -1.406688e+10
3.068913e+10 7.651837e+08
-3.068721e+10 -7.651209e+08
9.929876e+07 -1.134899e+08
-4.662303e+07 1.684256e+08
5.689435e+16 2.116296e+17
-4.440840e+06 -1.121208e+07
-2.513096e+00 -3.762201e+06
-1.727271e+07 4.141958e+08
9.152258e+08 -5.398308e+07
2.512183e+06 -1.543504e+06
-2.516733e+06 1.554593e+06
-5.195050e+09 -2.489172e+09
6.409840e+07 -3.400753e+06
7.965290e+00 2.406891e+07
-3.017419e+19 -6.354389e+19
3.538724e+07 -2.705113e+07
7.517864e+05 -4.652471e+00
-6.022142e+06 -1.101995e+07
-1.682684e+08 6.287211e+07
7.405034e+06 3.586345e+06
1.930348e+06 5.690227e+00
-5.823686e+08 -1.477297e+08
-2.309948e+06 -8.261240e+06
4.665056e+07 -1.685114e+08
-2.293599e+07 9.658386e+06
2.248117e+06 6.497255e+06
-2.710657e+10 -4.164587e+10
-1.183199e+21 9.774766e+20
1.472939e+05 1.216015e-01
-2.965591e+07 1.137232e+08
-3.556665e+13 -1.294527e+13
5.023663e+08 -4.851124e+10
4.917856e+00 -3.743120e+06
-9.333932e+06 -1.080706e+08
-8.661060e+09 -1.119584e+11
-1.817654e+09 -5.413754e+09
1.665896e+09 1.239091e+09
-1.206540e+08 -3.857699e+08
8.109792e+07 1.361682e+08
-6.677106e+08 -1.218272e+09
-1.989404e+06 9.089954e+00
1.541129e+00 -2.696104e+06
-3.458123e+14 1.777632e+14
2.344092e+15 2.532246e+16
-7.871995e+06 4.612665e+00
3.294249e+09 1.883875e+09
-6.397972e+00 3.225149e+06
-9.192753e+08 4.559585e+07
-3.511295e+07 2.703191e+07
7.923215e+06 1.065986e+01
-2.168831e+08 1.854876e+08
-6.992530e+11 6.887692e+11
-2.225016e+05 -1.804727e+07
-2.512947e+13 9.075155e+14
-2.285504e+11 1.042681e+12
4.744996e+06 -1.268949e+07
4.981858e+07 7.579098e+06
-8.485652e+07 -1.441486e+08
2.717574e+07 -2.024889e+06
-3.275174e+00 3.604486e+06
-4.432849e+07 -1.283212e+07
6.010136e+06 1.098740e+07
-5.189326e+09 1.527039e+09
-2.055002e+12 -2.265383e+12
5.529559e+07 -1.419683e+07
1.428242e+12 2.155690e+11
2.286219e+07 -9.778601e+06
3.665396e+08 9.512105e+08
-2.073182e+08 -2.197658e+08
-1.287649e+06 -7.098131e+05
-8.979775e+06 1.865503e+06
3.039611e+08 -3.971795e+07
-2.712225e+00 1.150690e+06
5.613479e+06 4.887446e+06
7.146565e+10 1.510922e+10
4.490006e+06 5.868711e+06
8.914647e+11 -1.666317e+11
-2.043977e+05 -4.923042e+04
-1.144899e+09 4.957556e+07
8.996808e+08 7.955353e+08
-1.285064e+15 1.158228e+15
-1.775704e+08 -3.313644e+08
-1.379956e+06 -1.310972e+06
4.432345e+07 1.292561e+07
5.499267e+09 2.278039e+10
-8.935994e+05 3.433119e+00
2.340305e+00 2.718109e+06
-1.990694e+13 6.435946e+12
-3.163020e+07 -1.917310e+07
-5.473051e+08 -1.545879e+08
-9.556582e+00 1.193641e+07
1.817332e+10 -1.183826e+10
-1.512256e+14 -4.979720e+13
9.130284e+06 1.107933e+07
-4.519910e+06 1.255628e+07
-5.021394e+08 4.851116e+10
3.264595e+08 8.379569e+07
5.495475e+06 -1.015994e+06
3.181207e+06 -8.920272e+05
-4.545315e+07 2.000394e+07
-2.344117e+15 -2.532140e+16
-2.907505e+06 6.047353e+00
4.582842e+11 -7.982451e+10
1.926135e+11 -1.379436e+09
-1.926417e+11 1.379515e+09
9.980049e+10 3.296658e+10
-1.534555e+13 5.511529e+12
5.608684e+12 1.771593e+11
6.783932e+10 1.967639e+10
-2.375453e+07 4.579353e+07
4.302760e+10 1.406663e+10
1.733009e+07 -4.146735e+08
6.192953e+06 -1.232404e+07
-3.646662e+09 -2.208395e+08
7.002551e+05 1.736616e+00
5.645116e+09 1.084978e+09
-8.967907e+07 -4.269267e+07
6.635131e+06 -2.601246e+07
1.079273e+01 -1.172859e+07
-1.542945e+06 -8.668697e+00
2.720306e+11 6.099437e+11
-8.976235e+07 7.244602e+07
-2.651617e+07 2.751907e+06
7.566345e+07 6.260347e+07
-1.333219e+07 5.789705e+07
-4.376003e+10 5.892749e+10
-7.040049e+08 1.200068e+08
2.106728e+06 2.671394e+00
2.484443e+08 -2.437258e+08
2.513051e+13 -9.075060e+14
-1.008736e+09 -1.708355e+09
-9.775578e+08 1.995060e+09
-9.109500e+07 7.651245e+06
1.285078e+15 -1.158204e+15
-1.412364e+07 2.609875e+06
3.646981e+09 2.199972e+08
3.017639e+19 6.355648e+19
-3.264878e+08 -8.395884e+07
-8.172005e+07 -1.351322e+08
-6.555433e+06 2.608041e+07
-9.767863e+06 -1.206839e+06
8.668484e+05 6.779049e+06
-4.854738e+09 6.311042e+10
2.416162e+08 -4.217445e+08
3.371785e+11 5.272593e+12
4.376095e+10 -5.892263e+10
1.989340e+08 -7.431280e+08
5.452171e+08 1.560959e+08
-3.674035e+08 -9.494004e+08
1.179905e+06 4.466332e+00
9.224576e+06 -6.685526e+00
8.569535e+05 1.728790e+07
-8.989471e+08 -7.947264e+08
1.192590e+08 3.867150e+08
-7.635704e+07 -6.292111e+07
2.285357e+11 -1.042629e+12
-4.932709e+07 -7.666438e+06
7.272032e+06 1.317139e+06
1.978547e+10 1.374268e+10
1.018663e+01 -1.092646e+07
9.756679e+08 -1.994834e+09
1.144896e+09 -4.958182e+07
-6.878190e+06 6.996234e+06
-7.330934e+06 -3.982837e+06
-2.013018e+07 -1.354136e+00
8.522537e+06 5.778644e+06
