1.972392e+06 2.670155e+00
7.831817e+06 -1.379137e+06
8.197651e+09 1.059515e+11
1.945222e+12 2.144508e+12
-1.469082e+12 -2.009097e+12
-5.345541e+09 -1.026913e+09
1.523343e+07 -5.454855e+07
-6.868517e+06 -5.638477e+06
-2.267358e+06 -1.497334e+07
-4.999283e+06 -8.939455e+00
7.239499e+05 -1.585026e+06
-3.361160e+07 8.946926e+07
4.595404e+09 -5.974357e+10
4.911868e+09 -1.445113e+09
-4.948972e+10 -1.071802e+10
4.917502e+09 2.356148e+09
-1.311822e+06 4.248648e+07
-6.599397e+06 -2.292432e+06
1.900076e+07 -9.775997e+00
-2.354574e+08 2.303063e+08
-2.142279e+06 -4.296958e+06
-3.783622e+09 1.414966e+09
1.423315e+09 4.610101e+10
-6.764552e+10 -1.430129e+10
-5.190207e+07 1.015431e+08
-1.350918e+07 1.337569e+06
7.360168e+05 -1.385720e+05
8.604550e+07 -6.718924e+07
-2.156718e+13 -5.858194e+12
1.661165e+00 -3.505909e+06
4.227418e+07 -1.909086e+07
-1.292301e+08 2.529072e+07
-3.185497e+10 -9.575552e+09
-3.119516e+09 -1.783473e+09
-3.979757e+07 -5.665943e+06
8.973251e+10 -5.631658e+10
3.102795e+14 5.913262e+14
7.589638e+05 1.414483e+06
4.950321e+10 1.072054e+10
1.667346e+08 1.342339e+08
9.502225e+10 -1.066403e+10
2.091924e+06 4.290040e+06
-3.584148e+00 -2.019837e+06
-1.873275e+10 -1.301409e+10
1.421945e+07 1.031239e+08
2.095967e+06 -1.988577e+06
-2.755365e+12 3.839196e+12
1.313363e+06 -1.001380e+06
1.292905e+08 -2.540336e+07
-1.996129e+09 -1.982896e+09
6.674007e+08 -1.151448e+08
3.005520e+07 1.799241e+07
-6.884277e+00 -1.534979e+06
1.527305e+07 -1.717281e+06
3.367652e+13 1.225793e+13
3.782127e+09 -1.415917e+09
-4.339231e+11 7.557513e+10
5.518973e+08 1.399916e+08
3.973497e+06 1.033112e+07
-4.454776e+07 -1.341202e+08
-1.884251e+13 -2.531309e+13
-8.439295e+11 1.577647e+11
6.382559e+07 -1.278847e+08
1.985733e+08 2.204990e+08
-3.845698e+15 5.495642e+15
-3.549055e+08 1.161642e+08
2.128420e+07 -4.327651e+07
-1.352164e+12 -2.040847e+11
-8.840385e+09 -7.557424e+09
6.831352e+09 -9.593340e+08
4.980403e+06 -2.952219e+00
-1.307401e+10 -1.454925e+10
2.156955e+13 5.858065e+12
1.892231e+09 4.710738e+08
1.109611e+05 -4.776602e+00
-9.447691e+10 -3.121695e+10
-3.188827e+11 -4.988268e+12
-3.184209e+09 -6.200563e+09
-3.528306e+06 3.647509e+06
-4.597218e+08 -1.449126e+08
-5.257607e+09 -2.154398e+10
1.884355e+13 2.531393e+13
-5.208713e+09 3.392542e+09
5.197626e+07 -1.016258e+08
-6.889281e+08 5.030271e+08
-2.673261e+08 -1.331503e+07
1.092650e+01 -1.715450e+07
1.469278e+12 2.009185e+12
-2.074746e+06 8.868270e+00
-1.653493e+05 3.992004e+00
-6.386499e+07 1.275936e+08
1.307355e+10 1.455022e+10
-2.440494e+09 -1.622339e+09
4.226497e+17 -6.881956e+17
3.186423e+10 9.579601e+09
-1.828050e+00 -3.428958e+06
9.539844e+08 1.619154e+09
2.536651e+06 -3.326159e+06
-9.323552e+04 -2.411637e+06
-1.720580e+10 1.120798e+10
-1.421592e+09 -4.611109e+10
1.420354e+12 -1.369227e+12
-1.579518e+09 -1.173885e+09
-6.938837e+11 1.048429e+12
7.371822e+04 2.162394e+06
2.323473e+07 1.424593e+08
6.939296e+11 -1.048290e+12
8.823405e+05 6.045270e+00
3.273694e+14 -1.682866e+14
-8.972969e+10 5.631168e+10
2.398603e+11 1.350564e+12
4.514702e+07 7.996037e-01
-3.688594e+08 3.540414e+08
-6.831529e+09 9.596310e+08
1.452859e+13 -5.218040e+12
-1.891742e+09 -4.720034e+08
-3.039828e+06 9.091759e+05
3.847180e+15 -5.496550e+15
2.039522e+06 3.870730e+06
-6.422006e+10 -1.862737e+10
-4.226636e+17 6.881804e+17
-6.491279e+08 3.999042e+08
1.884409e+13 -6.089514e+12
5.208281e+09 -3.392230e+09
-1.881815e+08 7.035374e+08
6.614432e+11 -6.521430e+11
1.677235e+08 3.141482e+08
2.566142e+10 3.942595e+10
-6.702254e+06 1.157964e+07
5.945913e+08 -6.400800e+08
-3.403039e+06 -1.627870e+07
3.437863e+06 1.624691e+07
-3.524089e+00 -1.690070e+07
-2.066812e+11 4.142770e+11
-1.013515e+08 3.085470e+07
-1.660796e+08 -1.319866e+08
-2.302596e+07 -3.757944e+07
5.716390e+00 1.518574e+07
3.227198e+09 6.209893e+09
-8.516167e+07 2.294636e+08
2.503136e+15 -1.185236e+16
1.432499e+07 -7.281850e+06
-4.030006e+06 -1.635120e+07
6.472348e+08 -3.997250e+08
-1.303200e+06 -4.183682e+06
-5.386772e+16 -2.003958e+17
-8.511120e+05 -8.560732e+00
8.558248e+07 -6.895465e+06
-1.288920e+09 -1.238916e+08
-6.572560e+06 -1.061280e+06
-5.946515e+08 6.400888e+08
-5.654025e+06 -6.467672e+06
-1.246364e+08 1.397169e+08
-3.606008e+11 -7.013850e+10
-8.767523e+10 3.212306e+11
2.054485e+00 8.973223e+05
-5.308487e+12 -1.676950e+11
1.602088e+08 -5.945073e+07
6.136926e+13 -1.063036e+14
-5.418434e+00 -4.016848e+07
5.909068e+06 -7.324849e+06
-2.515856e+05 -2.131232e+06
4.937654e+08 -1.137557e+08
3.812638e+05 2.137212e+06
1.285290e+06 4.140988e+06
-9.498553e+10 1.066156e+10
-7.715878e+06 -2.178062e+05
-2.398360e+11 -1.350459e+12
1.591505e+10 3.204716e+10
-2.574936e+11 -5.773380e+11
-8.593504e+15 3.534176e+14
3.911542e+06 1.691165e+07
1.245898e+08 -1.397180e+08
1.384966e+06 1.529105e+07
8.766740e+10 -3.212164e+11
-3.105854e+08 -2.935162e+08
1.431287e+14 4.713615e+13
4.605830e+08 1.449565e+08
3.758081e+09 -6.536773e+08
8.520377e+07 -2.294523e+08
1.288865e+09 1.242116e+08
3.117990e+08 -2.637852e+08
1.995954e+09 1.982603e+09
-2.287122e+08 3.993036e+08
6.316335e+08 1.152563e+09
-7.167084e+06 -3.304388e+06
4.495741e+07 6.455898e+06
-6.137196e+13 1.063129e+14
-4.491859e+07 -6.260010e+06
-6.988335e+06 -1.134110e+07
8.594356e+15 -3.534878e+14
-4.287966e+07 9.912516e+05
2.233437e+11 -4.973002e+10
-1.420382e+12 1.369350e+12
-2.216504e+07 8.073386e+07
-2.233973e+11 4.973800e+10
3.105878e+08 2.935312e+08
2.501418e+07 3.857033e+07
-5.826005e+05 -1.654181e+07
-9.601591e+00 3.034838e+06
2.432024e+06 -3.128355e+06
4.495665e+08 1.520050e+08
3.605933e+11 7.012820e+10
-3.543413e+06 5.540650e+06
2.441187e+09 1.622814e+09
2.754912e+12 -3.838731e+12
-4.932590e+08 1.146406e+08
2.670250e+08 1.221093e+07
-1.591462e+10 -3.204895e+10
1.120142e+21 -9.253639e+20
1.711351e+05 4.553421e+06
-8.147169e+00 2.544604e+06
2.347846e+07 -8.378601e+07
6.813838e+13 -4.740621e+13
6.354895e+00 1.003661e+06
6.887524e+08 -5.027827e+08
-3.081242e+06 -3.033156e+05
1.419006e+07 -9.419626e+05
1.019938e+08 -3.005166e+07
-3.117671e+08 1.752284e+08
9.355920e+06 7.927346e+05
-3.102760e+14 -5.913197e+14
-3.756097e+09 6.557233e+08
2.809305e+07 -1.076206e+08
8.841612e+09 7.559759e+09
-6.073822e+07 1.825792e+06
3.078929e+07 -8.580001e+07
-9.358604e+07 1.079899e+08
-2.503136e+15 1.185158e+16
8.415691e+07 4.026055e+07
1.720639e+09 5.124956e+09
2.066693e+11 -4.142584e+11
-6.813988e+13 4.740412e+13
-4.073314e+10 -1.331992e+10
2.905923e+10 7.245520e+08
-2.905763e+10 -7.244908e+08
9.402362e+07 -1.074594e+08
-4.414633e+07 1.594788e+08
5.386832e+16 2.003737e+17
-4.204890e+06 -1.061624e+07
-9.107048e+00 -3.562274e+06
-1.635469e+07 3.921796e+08
8.665776e+08 -5.111305e+07
2.378709e+06 -1.461406e+06
-2.382993e+06 1.471967e+06
-4.918943e+09 -2.356880e+09
6.069203e+07 -3.219950e+06
-7.410413e+00 2.279016e+07
-2.857129e+19 -6.016803e+19
3.350709e+07 -2.561381e+07
7.117335e+05 6.038832e+00
-5.702092e+06 -1.043435e+07
-1.593297e+08 5.953177e+07
7.011617e+06 3.395772e+06
1.827797e+06 -5.774287e+00
-5.514291e+08 -1.398795e+08
-2.187202e+06 -7.822255e+06
4.417217e+07 -1.595604e+08
-2.171728e+07 9.145049e+06
2.128597e+06 6.152027e+06
-2.566640e+10 -3.943319e+10
-1.120340e+21 9.255473e+20
1.394960e+05 -3.230303e+00
-2.808047e+07 1.076824e+08
-3.367763e+13 -1.225766e+13
4.756868e+08 -4.593487e+10
1.018324e+01 -3.544188e+06
-8.838054e+06 -1.023315e+08
-8.201171e+09 -1.060139e+11
-1.721130e+09 -5.126221e+09
1.577417e+09 1.173265e+09
-1.142425e+08 -3.652748e+08
7.679030e+07 1.289342e+08
-6.322415e+08 -1.153555e+09
-1.883577e+06 6.902458e+00
-3.073215e+00 -2.552641e+06
-3.274379e+14 1.683144e+14
2.219568e+15 2.397729e+16
-7.453656e+06 1.360084e-01
3.119241e+09 1.783796e+09
-1.099537e+01 3.053791e+06
-8.704110e+08 4.317189e+07
-3.324721e+07 2.559568e+07
7.502118e+06 -9.381945e+00
-2.053591e+08 1.756302e+08
-6.621051e+11 6.521782e+11
-2.106308e+05 -1.708860e+07
-2.379446e+13 8.593044e+14
-2.164131e+11 9.872983e+11
4.492927e+06 -1.201552e+07
4.717213e+07 7.176377e+06
-8.034781e+07 -1.364883e+08
2.573177e+07 -1.917170e+06
-2.718662e-01 3.412902e+06
-4.197365e+07 -1.215017e+07
5.690613e+06 1.040366e+07
-4.913578e+09 1.445891e+09
-1.945823e+12 -2.145028e+12
5.235818e+07 -1.344263e+07
1.352431e+12 2.041181e+11
2.164760e+07 -9.259257e+06
3.470768e+08 9.007018e+08
-1.962830e+08 -2.080649e+08
-1.219294e+06 -6.721272e+05
-8.502788e+06 1.766380e+06
2.878132e+08 -3.760792e+07
1.069545e+01 1.089664e+06
5.315450e+06 4.627928e+06
6.767098e+10 1.430695e+10
4.251556e+06 5.557048e+06
8.441157e+11 -1.577812e+11
-1.935484e+05 -4.664129e+04
-1.084091e+09 4.694231e+07
8.518879e+08 7.532753e+08
-1.216796e+15 1.096700e+15
-1.681394e+08 -3.137645e+08
-1.306660e+06 -1.241245e+06
4.196825e+07 1.223867e+07
5.207053e+09 2.157013e+10
-8.460197e+05 -8.441583e+00
-4.719001e+00 2.573669e+06
-1.884948e+13 6.094006e+12
-2.994958e+07 -1.815452e+07
-5.182261e+08 -1.463743e+08
8.270156e+00 1.130227e+07
1.720758e+10 -1.120918e+10
-1.431870e+14 -4.715017e+13
8.645256e+06 1.049058e+07
-4.279748e+06 1.188929e+07
-4.754705e+08 4.593477e+10
3.091231e+08 7.934403e+07
5.203278e+06 -9.618647e+05
3.012064e+06 -8.445459e+05
-4.303775e+07 1.894107e+07
-2.219593e+15 -2.397703e+16
-2.753030e+06 -8.281830e+00
4.339458e+11 -7.558609e+10
1.823836e+11 -1.306196e+09
-1.824118e+11 1.306243e+09
9.449956e+10 3.121549e+10
-1.453034e+13 5.218787e+12
5.310826e+12 1.677509e+11
6.423575e+10 1.863137e+10
-2.249280e+07 4.336123e+07
4.074137e+10 1.331928e+10
1.640861e+07 -3.926283e+08
5.863569e+06 -1.166851e+07
-3.452934e+09 -2.091075e+08
6.629348e+05 1.087390e+01
5.345158e+09 1.027326e+09
-8.491468e+07 -4.042441e+07
6.282491e+06 -2.463011e+07
1.070428e+01 -1.110514e+07
-1.460895e+06 1.073481e+00
2.575788e+11 5.775413e+11
-8.499256e+07 6.859638e+07
-2.510707e+07 2.605674e+06
7.164156e+07 5.927576e+07
-1.262378e+07 5.482065e+07
-4.143489e+10 5.579647e+10
-6.665857e+08 1.136292e+08
1.994758e+06 9.877269e+00
2.352462e+08 -2.307762e+08
2.379524e+13 -8.592855e+14
-9.551413e+08 -1.617590e+09
-9.255342e+08 1.888886e+09
-8.625654e+07 7.244868e+06
1.216836e+15 -1.096700e+15
-1.337351e+07 2.471299e+06
3.453324e+09 2.083128e+08
2.857349e+19 6.017995e+19
-3.091504e+08 -7.949968e+07
-7.737890e+07 -1.279525e+08
-6.207212e+06 2.469546e+07
-9.249049e+06 -1.142739e+06
8.208077e+05 6.418935e+06
-4.596827e+09 5.975760e+10
2.287707e+08 -3.993222e+08
3.192526e+11 4.992282e+12
4.143580e+10 -5.579221e+10
1.883669e+08 -7.036540e+08
5.162571e+08 1.478047e+08
-3.478864e+08 -8.989896e+08
1.117363e+06 2.597823e+00
8.734696e+06 -8.032687e-01
8.114296e+05 1.636993e+07
-8.512204e+08 -7.525334e+08
1.129254e+08 3.661693e+08
-7.229936e+07 -5.957745e+07
2.163961e+11 -9.872353e+11
-4.670648e+07 -7.259202e+06
6.885565e+06 1.247128e+06
1.873424e+10 1.301243e+10
9.041233e+00 -1.034441e+07
9.237432e+08 -1.888697e+09
1.084086e+09 -4.694877e+07
-6.512503e+06 6.624245e+06
-6.941474e+06 -3.771247e+06
-1.906073e+07 1.038796e+01
8.069715e+06 5.471447e+06
