5.908257e+05 -7.424441e+00
2.349264e+06 -4.137673e+05
2.459259e+09 3.178663e+10
5.834168e+11 6.432083e+11
-4.407391e+11 -6.026761e+11
-1.602273e+09 -3.078117e+08
4.566937e+06 -1.635608e+07
-2.059551e+06 -1.690838e+06
-6.801693e+05 -4.491130e+06
-1.498802e+06 -1.051430e+01
2.172371e+05 -4.756670e+05
-1.008317e+07 2.683832e+07
1.378465e+09 -1.792156e+10
1.472376e+09 -4.331630e+08
-1.484158e+10 -3.213850e+09
1.473024e+09 7.058687e+08
-3.928252e+05 1.272088e+07
-1.979595e+06 -6.875931e+05
5.697739e+06 7.271074e+00
-7.059394e+07 6.905036e+07
-6.424270e+05 -1.288595e+06
-1.134682e+09 4.243481e+08
4.267578e+08 1.382147e+10
-2.028211e+10 -4.288229e+09
-1.556038e+07 3.045399e+07
-4.052114e+06 4.010956e+05
2.204794e+05 -4.150229e+04
2.577883e+07 -2.013678e+07
-6.469204e+12 -1.757278e+12
-6.242357e+00 -1.050844e+06
1.267831e+07 -5.724813e+06
-3.876296e+07 7.585823e+06
-9.552596e+09 -2.871400e+09
-9.352365e+08 -5.347298e+08
-1.193389e+07 -1.698961e+06
2.690118e+10 -1.688338e+10
9.305719e+13 1.773516e+14
2.280727e+05 4.235683e+05
1.484497e+10 3.214734e+09
4.998345e+07 4.024199e+07
2.849360e+10 -3.197930e+09
6.273014e+05 1.286513e+06
8.481326e-01 -6.061779e+05
-5.615618e+09 -3.901749e+09
4.264554e+06 3.092949e+07
6.281594e+05 -5.959808e+05
-8.243355e+11 1.148611e+12
3.935862e+05 -2.999070e+05
3.877153e+07 -7.617984e+06
-5.983395e+08 -5.943140e+08
1.999054e+08 -3.448558e+07
9.009033e+06 5.393170e+06
7.219727e+00 -4.602940e+05
4.577122e+06 -5.146435e+05
1.009714e+13 3.675017e+12
1.134205e+09 -4.246474e+08
-1.301411e+11 2.266746e+10
1.654927e+08 4.197941e+07
1.191147e+06 3.097002e+06
-1.336238e+07 -4.023001e+07
-5.649889e+12 -7.590527e+12
-2.531166e+11 4.731361e+10
1.914906e+07 -3.836858e+07
5.915505e+07 6.568139e+07
-1.153557e+15 1.648487e+15
-1.064519e+08 3.484050e+07
6.382643e+06 -1.297795e+07
-4.056180e+11 -6.121709e+10
-2.645666e+09 -2.261630e+09
2.049097e+09 -2.877611e+08
1.492796e+06 8.970597e+00
-3.921684e+09 -4.364135e+09
6.469204e+12 1.757149e+12
5.648110e+08 1.406110e+08
3.316665e+04 3.655976e+00
-2.833444e+10 -9.361787e+09
-9.547475e+10 -1.493404e+12
-9.547856e+08 -1.859220e+09
-1.058162e+06 1.093870e+06
-1.371793e+08 -4.324148e+07
-1.576535e+09 -6.459918e+09
5.649682e+12 7.589691e+12
-1.562120e+09 1.017348e+09
1.558704e+07 -3.047313e+07
-2.064993e+08 1.507885e+08
-8.011770e+07 -3.990407e+06
-7.389028e+00 -5.144302e+06
4.407236e+11 6.026758e+11
-6.219544e+05 3.527123e+00
-4.943614e+04 6.923348e+00
-1.915927e+07 3.827743e+07
3.922107e+09 4.365097e+09
-7.316320e+08 -4.864176e+08
1.267875e+17 -2.064367e+17
9.555550e+09 2.873026e+09
-1.975274e+00 -1.028077e+06
2.859420e+08 4.853538e+08
7.606848e+05 -9.974803e+05
-2.787726e+04 -7.229687e+05
-5.156587e+09 3.359284e+09
-4.263539e+08 -1.382805e+10
4.260062e+11 -4.106612e+11
-4.736275e+08 -3.520208e+08
-2.080291e+11 3.143174e+11
2.199230e+04 6.485085e+05
6.969179e+06 4.272927e+07
2.080444e+11 -3.143059e+11
2.646372e+05 1.793086e+00
9.807776e+13 -5.041297e+13
-2.690350e+10 1.688383e+10
7.183220e+10 4.044797e+11
1.354610e+07 -4.727691e+00
-1.106504e+08 1.062074e+08
-2.049459e+09 2.879158e+08
4.355328e+12 -1.564315e+12
-5.647315e+08 -1.409323e+08
-9.114757e+05 2.725911e+05
1.154150e+15 -1.649092e+15
6.104627e+05 1.158575e+06
-1.926262e+10 -5.587554e+09
-1.268107e+17 2.064594e+17
-1.805812e+08 1.112594e+08
5.651629e+12 -1.826539e+12
1.562479e+09 -1.017691e+09
-5.643509e+07 2.109807e+08
1.984148e+11 -1.956185e+11
5.029709e+07 9.421753e+07
7.693905e+09 1.182054e+10
-2.005349e+06 3.464725e+06
1.782864e+08 -1.919401e+08
-1.020908e+06 -4.884013e+06
1.031623e+06 4.874427e+06
-3.436258e+00 -5.065091e+06
-6.155000e+10 1.233769e+11
-3.038087e+07 9.249597e+06
-4.979169e+07 -3.957038e+07
-6.904090e+06 -1.126797e+07
-6.020599e+00 4.551600e+06
9.678504e+08 1.862455e+09
-2.553924e+07 6.881419e+07
7.499429e+14 -3.550826e+15
4.296445e+06 -2.183795e+06
-1.207864e+06 -4.900513e+06
1.800245e+08 -1.111778e+08
-3.907246e+05 -1.254679e+06
-1.610343e+16 -5.990803e+16
-2.551271e+05 -8.417037e-01
2.565391e+07 -2.066765e+06
-3.865169e+08 -3.714831e+07
-1.969068e+06 -3.178970e+05
-1.783208e+08 1.919527e+08
-1.695773e+06 -1.939812e+06
-3.738490e+07 4.190945e+07
-1.081648e+11 -2.103792e+10
-2.629639e+10 9.635256e+10
-1.060204e+01 2.691932e+05
-1.592219e+12 -5.029502e+10
4.801917e+07 -1.781894e+07
1.839395e+13 -3.186215e+13
5.786379e+00 -1.202664e+07
1.767308e+06 -2.190904e+06
-7.565592e+04 -6.393937e+05
1.477832e+08 -3.404655e+07
1.144021e+05 6.411667e+05
3.856675e+05 1.242287e+06
-2.848625e+10 3.197258e+09
-2.314255e+06 -6.547602e+04
-7.181884e+10 -4.043753e+11
4.771870e+09 9.609809e+09
-7.722851e+10 -1.731728e+11
-2.577673e+15 1.060226e+14
1.172822e+06 5.070329e+06
3.737260e+07 -4.191262e+07
4.155523e+05 4.587038e+06
2.629540e+10 -9.633841e+10
-9.310250e+07 -8.798054e+07
4.286245e+13 1.411577e+13
1.374448e+08 4.325205e+07
1.125522e+09 -1.957607e+08
2.554996e+07 -6.880425e+07
3.864750e+08 3.724533e+07
9.343128e+07 -7.904078e+07
5.983464e+08 5.943420e+08
-6.847224e+07 1.195455e+08
1.893793e+08 3.455885e+08
-2.148007e+06 -9.902049e+05
1.348383e+07 1.936269e+06
-1.839192e+13 3.185981e+13
-1.347279e+07 -1.877521e+06
-2.095102e+06 -3.400440e+06
2.577294e+15 -1.060070e+14
-1.286133e+07 2.971718e+05
6.697189e+10 -1.491485e+10
-4.259738e+11 4.107115e+11
-6.647496e+06 2.421371e+07
-6.700444e+10 1.491768e+10
9.310245e+07 8.799310e+07
7.500564e+06 1.156540e+07
-1.748822e+05 -4.960832e+06
3.240514e+00 9.100315e+05
7.293841e+05 -9.382385e+05
1.348444e+08 4.559516e+07
1.081609e+11 2.103530e+10
-1.062715e+06 1.661511e+06
7.318613e+08 4.864957e+08
8.241843e+11 -1.148442e+12
-1.476190e+08 3.430877e+07
8.003254e+07 3.659378e+06
-4.772022e+09 -9.609464e+09
3.358774e+20 -2.774757e+20
5.137698e+04 1.364936e+06
-2.084709e+00 7.628744e+05
7.041319e+06 -2.512571e+07
2.042539e+13 -1.421106e+13
-1.234608e+00 3.009377e+05
2.064353e+08 -1.507152e+08
-9.235247e+05 -9.088504e+04
4.255754e+06 -2.826088e+05
3.057045e+07 -9.008183e+06
-9.342281e+07 5.251124e+07
2.805970e+06 2.376921e+05
-9.304011e+13 -1.773061e+14
-1.124887e+09 1.963733e+08
8.421504e+06 -3.226097e+07
2.645781e+09 2.262239e+09
-1.820903e+07 5.472220e+05
9.235581e+06 -2.573555e+07
-2.803689e+07 3.235087e+07
-7.499429e+14 3.550696e+15
2.523446e+07 1.207253e+07
5.159930e+08 1.536940e+09
6.155669e+10 -1.233814e+11
-2.043289e+13 1.421419e+13
-1.221398e+10 -3.994055e+09
8.713162e+09 2.172451e+08
-8.712842e+09 -2.172364e+08
2.817069e+07 -3.219877e+07
-1.324223e+07 4.783891e+07
1.610640e+16 5.990803e+16
-1.260285e+06 -3.181982e+06
6.511821e+00 -1.067416e+06
-4.896361e+06 1.174040e+08
2.593487e+08 -1.529561e+07
7.131414e+05 -4.380894e+05
-7.144680e+05 4.413447e+05
-1.473651e+09 -7.061010e+08
1.819495e+07 -9.653114e+05
9.003793e+00 6.834466e+06
-8.565568e+18 -1.803729e+19
1.004388e+07 -7.677829e+06
2.134018e+05 1.106963e+01
-1.709513e+06 -3.128006e+06
-4.776366e+07 1.784757e+07
2.102185e+06 1.018119e+06
5.482397e+05 5.124276e+00
-1.653687e+08 -4.194849e+07
-6.560096e+05 -2.346258e+06
1.324915e+07 -4.785988e+07
-6.511607e+06 2.742185e+06
6.385090e+05 1.845041e+06
-7.693874e+09 -1.182049e+10
-3.359144e+20 2.775165e+20
4.182149e+04 2.439725e+00
-8.418422e+06 3.228105e+07
-1.009825e+13 -3.675287e+12
1.426589e+08 -1.377621e+10
-9.143889e+00 -1.062727e+06
-2.650918e+06 -3.069284e+07
-2.460018e+09 -3.179927e+10
-5.161307e+08 -1.537251e+09
4.730410e+08 3.518581e+08
-3.423427e+07 -1.094570e+08
2.302599e+07 3.866168e+07
-1.896064e+08 -3.459318e+08
-5.648046e+05 -1.617396e+00
-2.219386e+00 -7.652812e+05
-9.808497e+13 5.041667e+13
6.657801e+14 7.192317e+15
-2.234442e+06 1.086782e+01
9.352301e+08 5.348364e+08
-5.785930e+00 9.155236e+05
-2.604790e+08 1.291973e+07
-9.962322e+06 7.672204e+06
2.248852e+06 4.828680e+00
-6.155118e+07 5.263506e+07
-1.985718e+11 1.956018e+11
-6.311178e+04 -5.125162e+06
-7.133677e+12 2.576268e+14
-6.489345e+10 2.960612e+11
1.347436e+06 -3.603134e+06
1.414638e+07 2.152123e+06
-2.408123e+07 -4.090780e+07
7.713168e+06 -5.746434e+05
4.992963e+00 1.023329e+06
-1.258524e+07 -3.642801e+06
1.705526e+06 3.118173e+06
-1.473013e+09 4.334680e+08
-5.836097e+11 -6.433265e+11
1.569993e+07 -4.031310e+06
4.057071e+11 6.123272e+10
6.491409e+06 -2.776542e+06
1.040796e+08 2.700808e+08
-5.847161e+07 -6.198857e+07
-3.655357e+05 -2.016044e+05
-2.550110e+06 5.298792e+05
8.626896e+07 -1.127230e+07
3.950631e+00 3.267529e+05
1.593772e+06 1.387663e+06
2.029831e+10 4.291344e+09
1.275029e+06 1.666838e+06
2.531353e+11 -4.731456e+10
-5.786563e+04 -1.387060e+04
-3.251006e+08 1.407647e+07
2.554763e+08 2.259087e+08
-3.648862e+14 3.288736e+14
-5.042158e+07 -9.409134e+07
-3.917322e+05 -3.722171e+05
1.258516e+07 3.670144e+06
1.561549e+09 6.468214e+09
-2.536201e+05 9.757495e+00
4.592146e+00 7.718948e+05
-5.652251e+12 1.827343e+12
-8.979684e+06 -5.443223e+06
-1.553827e+08 -4.389034e+07
-1.013009e+01 3.388969e+06
5.157899e+09 -3.359744e+09
-4.288137e+13 -1.412044e+13
2.592113e+06 3.145781e+06
-1.283271e+06 3.565187e+06
-1.426226e+08 1.377836e+10
9.273744e+07 2.380317e+07
1.559338e+06 -2.879343e+05
9.034288e+05 -2.531895e+05
-1.290739e+07 5.680251e+06
-6.658290e+14 -7.192845e+15
-8.253543e+05 7.244869e+00
1.301694e+11 -2.267200e+10
5.468336e+10 -3.916043e+08
-5.468739e+10 3.916041e+08
2.834134e+10 9.362139e+09
-4.355808e+12 1.564372e+12
1.593037e+12 5.031732e+10
1.926641e+10 5.588282e+09
-6.745404e+06 1.300328e+07
1.221730e+10 3.994070e+09
4.912710e+06 -1.175476e+08
1.755000e+06 -3.492155e+06
-1.035534e+09 -6.271998e+07
1.989903e+05 -3.649691e-01
1.602365e+09 3.079545e+08
-2.546487e+07 -1.212302e+07
1.884737e+06 -7.389914e+06
-7.155629e-01 -3.330487e+06
-4.379114e+05 -1.020824e+01
7.726258e+10 1.732300e+11
-2.547691e+07 2.056204e+07
-7.526103e+06 7.810868e+05
2.146062e+07 1.775709e+07
-3.785191e+06 1.643850e+07
-1.242435e+10 1.673114e+10
-1.997056e+08 3.404516e+07
5.974707e+05 6.208712e+00
7.054550e+07 -6.920598e+07
7.134984e+12 -2.576457e+14
-2.863627e+08 -4.849725e+08
-2.763875e+08 5.640537e+08
-2.585917e+07 2.171756e+06
3.649397e+14 -3.289099e+14
-4.008941e+06 7.407755e+05
1.035712e+09 6.247573e+07
8.567455e+18 1.804392e+19
-9.274614e+07 -2.385029e+07
-2.320441e+07 -3.837150e+07
-1.862291e+06 7.408862e+06
-2.773936e+06 -3.425836e+05
2.461232e+05 1.925374e+06
-1.378901e+09 1.792688e+10
6.850363e+07 -1.195754e+08
9.558749e+10 1.494834e+12
1.242435e+10 -1.672931e+10
5.648317e+07 -2.110033e+08
1.548021e+08 4.432439e+07
-1.043292e+08 -2.695711e+08
3.348238e+05 -6.768758e+00
2.620075e+06 2.819751e+00
2.432693e+05 4.909137e+06
-2.552733e+08 -2.256754e+08
3.383756e+07 1.097233e+08
-2.165761e+07 -1.784647e+07
6.489095e+10 -2.960293e+11
-1.400621e+07 -2.176652e+06
2.062850e+06 3.734675e+05
5.615839e+09 3.901020e+09
7.870029e+00 -3.081302e+06
2.758209e+08 -5.639661e+08
3.251064e+08 -1.407970e+07
-1.947874e+06 1.981427e+06
-2.081494e+06 -1.130777e+06
-5.716466e+06 -8.108689e+00
2.419787e+06 1.640944e+06
