1.707838e+06 -7.282770e-01
6.782332e+06 -1.194283e+06
7.098710e+09 9.174765e+10
1.684439e+12 1.857006e+12
-1.272157e+12 -1.739752e+12
-4.628639e+09 -8.891833e+08
1.319040e+07 -4.723187e+07
-5.947471e+06 -4.882626e+06
-1.963480e+06 -1.296609e+07
-4.328931e+06 -1.131380e+00
6.268342e+05 -1.372534e+06
-2.910697e+07 7.747662e+07
3.979274e+09 -5.173247e+10
4.253079e+09 -1.251303e+09
-4.285393e+10 -9.280756e+09
4.257696e+09 2.040030e+09
-1.135748e+06 3.678532e+07
-5.714471e+06 -1.984980e+06
1.645330e+07 8.816959e+00
-2.038866e+08 1.994283e+08
-1.855287e+06 -3.721167e+06
-3.276384e+09 1.225270e+09
1.232463e+09 3.991972e+10
-5.857622e+10 -1.238383e+10
-4.494302e+07 8.793013e+07
-1.169841e+07 1.158127e+06
6.372634e+05 -1.199105e+05
7.450628e+07 -5.817740e+07
-1.867636e+13 -5.072768e+12
-3.819377e+00 -3.035639e+06
3.660716e+07 -1.653171e+07
-1.119058e+08 2.190003e+07
-2.758400e+10 -8.291713e+09
-2.701234e+09 -1.544343e+09
-3.446116e+07 -4.906123e+06
7.770047e+10 -4.876484e+10
2.686884e+14 5.120569e+14
6.573412e+05 1.224797e+06
4.286627e+10 9.283416e+09
1.443772e+08 1.162374e+08
8.228428e+10 -9.234813e+09
1.811627e+06 3.714975e+06
7.649140e+00 -1.749170e+06
-1.622049e+10 -1.126896e+10
1.231298e+07 8.929821e+07
1.814849e+06 -1.721858e+06
-2.385597e+12 3.324119e+12
1.137239e+06 -8.671457e+05
1.119604e+08 -2.199822e+07
-1.728510e+09 -1.717034e+09
5.779005e+08 -9.969827e+07
2.602412e+07 1.557935e+07
-7.755488e+00 -1.329153e+06
1.322514e+07 -1.487056e+06
2.916156e+13 1.061445e+13
3.275112e+09 -1.226098e+09
-3.757562e+11 6.544432e+10
4.778995e+08 1.212210e+08
3.440710e+06 8.945828e+06
-3.857525e+07 -1.161369e+08
-1.631637e+13 -2.191902e+13
-7.307787e+11 1.366124e+11
5.526899e+07 -1.107425e+08
1.718766e+08 1.908535e+08
-3.330028e+15 4.758860e+15
-3.073293e+08 1.005918e+08
1.843115e+07 -3.747523e+07
-1.170927e+12 -1.767263e+11
-7.653990e+09 -6.543205e+09
5.915688e+09 -8.307597e+08
4.312789e+06 -9.781670e+00
-1.132154e+10 -1.259884e+10
1.867802e+13 5.072768e+12
1.638101e+09 4.078047e+08
9.621395e+04 7.021400e-01
-8.181253e+10 -2.703188e+10
-2.760935e+11 -4.318778e+12
-2.757143e+09 -5.369114e+09
-3.055087e+06 3.158403e+06
-3.979560e+08 -1.254402e+08
-4.552562e+09 -1.865511e+10
1.631678e+13 2.191958e+13
-4.510314e+09 2.937685e+09
4.500618e+07 -8.799838e+07
-5.965419e+08 4.355871e+08
-2.314800e+08 -1.152935e+07
2.468364e-02 -1.485380e+07
1.272256e+12 1.739751e+12
-1.796311e+06 6.060269e+00
-1.429723e+05 -9.822039e+00
-5.530144e+07 1.104894e+08
1.132108e+10 1.259932e+10
-2.113174e+09 -1.404784e+09
3.659720e+17 -5.959089e+17
2.759109e+10 8.295176e+09
-8.371198e+00 -2.968961e+06
8.260431e+08 1.402012e+09
2.196433e+06 -2.880079e+06
-8.057314e+04 -2.088248e+06
-1.489860e+10 9.704929e+09
-1.231030e+09 -3.993032e+10
1.229969e+12 -1.185693e+12
-1.367825e+09 -1.016564e+09
-6.008754e+11 9.079049e+11
6.387765e+04 1.872688e+06
2.012137e+07 1.233672e+08
6.008907e+11 -9.077780e+11
7.641534e+05 -5.710547e+00
2.834740e+14 -1.457194e+14
-7.770145e+10 4.876374e+10
2.076968e+11 1.169491e+12
3.909902e+07 1.710282e+00
-3.194243e+08 3.065909e+08
-5.915796e+09 8.310043e+08
1.258048e+13 -4.518563e+12
-1.637645e+09 -4.086109e+08
-2.632347e+06 7.872638e+05
3.331594e+15 -4.760131e+15
1.765985e+06 3.351540e+06
-5.561318e+10 -1.613105e+10
-3.660231e+17 5.959392e+17
-5.594048e+08 3.446401e+08
1.631817e+13 -5.273635e+12
4.510304e+09 -2.937594e+09
-1.629583e+08 6.092450e+08
5.728017e+11 -5.647508e+11
1.452468e+08 2.720513e+08
2.222219e+10 3.414190e+10
-5.803129e+06 1.002625e+07
5.148939e+08 -5.542855e+08
-2.947032e+06 -1.409730e+07
2.977226e+06 1.406973e+07
4.008169e+00 -1.463472e+07
-1.788900e+11 3.585717e+11
-8.776138e+07 2.671804e+07
-1.438125e+08 -1.142905e+08
-1.993863e+07 -3.254089e+07
1.542077e+00 1.314926e+07
2.794485e+09 5.377326e+09
-7.374480e+07 1.987013e+08
2.167405e+15 -1.026274e+16
1.240475e+07 -6.305748e+06
-3.489621e+06 -1.415849e+07
5.577698e+08 -3.444718e+08
-1.128492e+06 -3.622823e+06
-4.663694e+16 -1.734954e+17
-7.369151e+05 4.970022e+00
7.410786e+07 -5.970852e+06
-1.116125e+09 -1.072835e+08
-5.691316e+06 -9.189919e+05
-5.149440e+08 5.542879e+08
-4.896306e+06 -5.600958e+06
-1.079333e+08 1.209909e+08
-3.122682e+11 -6.073745e+10
-7.592254e+10 2.781695e+11
-4.879567e+00 7.770332e+05
-4.596866e+12 -1.452135e+11
1.387246e+08 -5.147874e+07
5.313965e+13 -9.204765e+13
2.949971e+00 -3.477928e+07
5.116023e+06 -6.341875e+06
-2.179876e+05 -1.845543e+06
4.275068e+08 -9.849097e+07
3.302181e+05 1.850774e+06
1.113055e+06 3.585962e+06
-8.225176e+10 9.232324e+09
-6.681620e+06 -1.885682e+05
-2.076594e+11 -1.169267e+12
1.378083e+10 2.774932e+10
-2.229685e+11 -4.999295e+11
-7.441460e+15 3.060366e+14
3.387209e+06 1.464451e+07
1.078922e+08 -1.209937e+08
1.199460e+06 1.324179e+07
7.591665e+10 -2.781589e+11
-2.689417e+08 -2.541621e+08
1.239326e+14 4.081402e+13
3.987123e+08 1.254820e+08
3.254004e+09 -5.659933e+08
7.378074e+07 -1.986895e+08
1.116061e+09 1.075558e+08
2.699802e+08 -2.284089e+08
1.728325e+09 1.716778e+09
-1.980272e+08 3.457307e+08
5.469456e+08 9.980272e+08
-6.205905e+06 -2.861207e+06
3.893097e+07 5.590604e+06
-5.314371e+13 9.205584e+13
-3.889620e+07 -5.420657e+06
-6.051274e+06 -9.820363e+06
7.442122e+15 -3.060951e+14
-3.713036e+07 8.582556e+05
1.933913e+11 -4.306099e+10
-1.229934e+12 1.185753e+12
-1.919299e+07 6.990931e+07
-1.934471e+11 4.306948e+10
2.689386e+08 2.541673e+08
2.165993e+07 3.339875e+07
-5.043613e+05 -1.432421e+07
9.630110e+00 2.627812e+06
2.105899e+06 -2.708914e+06
3.892954e+08 1.316280e+08
3.122528e+11 6.072806e+10
-3.068441e+06 4.797743e+06
2.113824e+09 1.405146e+09
2.385082e+12 -3.323527e+12
-4.270781e+08 9.925735e+07
2.312167e+08 1.057326e+07
-1.378093e+10 -2.775181e+10
9.699810e+20 -8.013225e+20
1.482682e+05 3.942913e+06
1.043331e+01 2.203490e+06
2.033133e+07 -7.255511e+07
5.900300e+13 -4.105017e+13
2.494555e+00 8.690212e+05
5.963948e+08 -4.353607e+08
-2.667938e+06 -2.625227e+05
1.228770e+07 -8.156543e+05
8.831613e+07 -2.602176e+07
-2.699589e+08 1.517284e+08
8.101978e+06 6.864882e+05
-2.686782e+14 -5.120439e+14
-3.252286e+09 5.677695e+08
2.432655e+07 -9.319202e+07
7.655306e+09 6.545416e+09
-5.259584e+07 1.580908e+06
2.666280e+07 -7.430098e+07
-8.103658e+07 9.350901e+07
-2.167488e+15 1.026222e+16
7.287508e+07 3.486340e+07
1.489996e+09 4.438104e+09
1.788919e+11 -3.585760e+11
-5.900675e+13 4.104965e+13
-3.527327e+10 -1.153463e+10
2.516443e+10 6.274394e+08
-2.516283e+10 -6.273741e+08
8.141635e+07 -9.305145e+07
-3.823098e+07 1.381078e+08
4.663873e+16 1.734777e+17
-3.641102e+06 -9.192788e+06
-8.890143e+00 -3.084701e+06
-1.416112e+07 3.395670e+08
7.503089e+08 -4.425460e+07
2.059912e+06 -1.265546e+06
-2.063589e+06 1.274738e+06
-4.259256e+09 -2.040802e+09
5.255473e+07 -2.788203e+06
1.295414e+00 1.973446e+07
-2.473987e+19 -5.209934e+19
2.901346e+07 -2.217876e+07
6.163124e+05 4.439965e+00
-4.937440e+06 -9.035043e+06
-1.379646e+08 5.154788e+07
6.071442e+06 2.940209e+06
1.582541e+06 6.516559e+00
-4.774947e+08 -1.211257e+08
-1.893819e+06 -6.773438e+06
3.825006e+07 -1.381688e+08
-1.880521e+07 7.918763e+06
1.843159e+06 5.327315e+06
-2.222493e+10 -3.414568e+10
-9.701290e+20 8.014550e+20
1.207487e+05 -9.251410e-01
-2.431584e+07 9.324527e+07
-2.916267e+13 -1.061418e+13
4.119146e+08 -3.977705e+10
-1.094302e+01 -3.069030e+06
-7.653385e+06 -8.861467e+07
-7.101863e+09 -9.180428e+10
-1.490402e+09 -4.438986e+09
1.365959e+09 1.016004e+09
-9.892425e+07 -3.162935e+08
6.649576e+07 1.116507e+08
-5.474904e+08 -9.989042e+08
-1.631127e+06 4.435479e+00
-3.697170e+00 -2.210422e+06
-2.835208e+14 1.457380e+14
1.922035e+15 2.076321e+16
-6.454282e+06 1.563871e+00
2.701035e+09 1.544642e+09
3.327269e+00 2.644341e+06
-7.536198e+08 3.737903e+07
-2.878873e+07 2.216379e+07
6.496293e+06 -9.244980e-01
-1.778211e+08 1.520776e+08
-5.733449e+11 5.647488e+11
-1.824087e+05 -1.479789e+07
-2.060400e+13 7.440880e+14
-1.873980e+11 8.549390e+11
3.890727e+06 -1.040477e+07
4.084823e+07 6.214378e+06
-6.957212e+07 -1.181838e+08
2.228097e+07 -1.660020e+06
4.836464e+00 2.955238e+06
-3.634576e+07 -1.052096e+07
4.927446e+06 9.008184e+06
-4.254663e+09 1.251982e+09
-1.684953e+12 -1.857431e+12
4.533703e+07 -1.163996e+07
1.171120e+12 1.767530e+11
1.874502e+07 -8.017823e+06
3.005416e+08 7.799367e+08
-1.698927e+08 -1.800907e+08
-1.055810e+06 -5.820528e+05
-7.362964e+06 1.529682e+06
2.492212e+08 -3.256478e+07
4.455712e+00 9.436779e+05
4.602832e+06 4.007512e+06
5.859952e+10 1.238905e+10
3.681667e+06 4.812209e+06
7.309555e+11 -1.366292e+11
-1.677235e+05 -4.046973e+04
-9.387651e+08 4.064976e+07
7.376991e+08 6.523058e+08
-1.053687e+15 9.496824e+14
-1.456000e+08 -2.717025e+08
-1.131523e+06 -1.074872e+06
3.634159e+07 1.059811e+07
4.509019e+09 1.867854e+10
-7.326547e+05 6.084422e+00
3.173399e+00 2.228747e+06
-1.632273e+13 5.277121e+12
-2.593442e+07 -1.572039e+07
-4.487456e+08 -1.267492e+08
8.245293e+00 9.786954e+06
1.489990e+10 -9.705954e+09
-1.239767e+14 -4.082492e+13
7.485897e+06 9.083792e+06
-3.705786e+06 1.029521e+07
-4.117551e+08 3.977690e+10
2.676870e+08 6.870840e+07
4.505463e+06 -8.327188e+05
2.608194e+06 -7.311869e+05
-3.726734e+07 1.640148e+07
-1.922059e+15 -2.076268e+16
-2.383831e+06 -6.251928e+00
3.757695e+11 -6.545299e+10
1.579242e+11 -1.131047e+09
-1.579523e+11 1.131103e+09
8.183014e+10 2.703034e+10
-1.258192e+13 4.518965e+12
4.598855e+12 1.452619e+11
5.562380e+10 1.613365e+10
-1.947709e+07 3.754756e+07
3.527872e+10 1.153324e+10
1.420678e+07 -3.399443e+08
5.076757e+06 -1.010264e+07
-2.989994e+09 -1.810725e+08
5.741217e+05 -6.734240e+00
4.628367e+09 8.895684e+08
-7.353063e+07 -3.500484e+07
5.440351e+06 -2.132855e+07
-6.262212e+00 -9.616364e+06
-1.265104e+06 -5.508706e+00
2.230480e+11 5.001201e+11
-7.359583e+07 5.939822e+07
-2.174048e+07 2.256243e+06
6.203180e+07 5.132474e+07
-1.093134e+07 4.746946e+07
-3.587880e+10 4.831530e+10
-5.771777e+08 9.838906e+07
1.727185e+06 5.367208e-02
2.037100e+08 -1.998399e+08
2.060557e+13 -7.440974e+14
-8.271120e+08 -1.400764e+09
-8.012778e+08 1.635273e+09
-7.469456e+07 6.273787e+06
1.053741e+15 -9.497066e+14
-1.158121e+07 2.140124e+06
2.990486e+09 1.803974e+08
2.474396e+19 5.211458e+19
-2.677224e+08 -6.884483e+07
-6.700694e+07 -1.108018e+08
-5.375234e+06 2.138571e+07
-8.010189e+06 -9.895563e+05
7.108168e+05 5.558607e+06
-3.980733e+09 5.174910e+10
1.980830e+08 -3.457558e+08
2.764282e+11 4.322627e+12
3.588153e+10 -4.831349e+10
1.631144e+08 -6.093299e+08
4.470507e+08 1.279944e+08
-3.012548e+08 -7.785223e+08
9.674614e+05 1.749003e+00
7.564351e+06 -5.646897e+00
7.025819e+05 1.417526e+07
-7.371127e+08 -6.516560e+08
9.778262e+07 3.170668e+08
-6.260424e+07 -5.158708e+07
1.873881e+11 -8.548975e+11
-4.044577e+07 -6.286110e+06
5.962142e+06 1.079805e+06
1.622239e+10 1.126909e+10
-6.676160e+00 -8.953842e+06
7.996924e+08 -1.635081e+09
9.387818e+08 -4.065479e+07
-5.638528e+06 5.735349e+06
-6.010718e+06 -3.265632e+06
-1.650551e+07 -8.702562e+00
6.988038e+06 4.738766e+06
