3.294993e+05 4.205618e+00
1.311050e+06 -2.309574e+05
1.372774e+09 1.774493e+10
3.256529e+11 3.590115e+11
-2.460951e+11 -3.365157e+11
-8.939650e+08 -1.716989e+08
2.548713e+06 -9.126683e+06
-1.149217e+06 -9.435925e+05
-3.796976e+05 -2.507020e+06
-8.361997e+05 -8.860937e+00
1.214105e+05 -2.656412e+05
-5.629185e+06 1.498152e+07
7.695685e+08 -1.000516e+10
8.213761e+08 -2.416452e+08
-8.282619e+09 -1.793340e+09
8.210734e+08 3.934613e+08
-2.188206e+05 7.086765e+06
-1.105263e+06 -3.839367e+05
3.179934e+06 -2.772861e+00
-3.938852e+07 3.852985e+07
-3.586263e+05 -7.193410e+05
-6.334429e+08 2.368791e+08
2.381777e+08 7.712774e+09
-1.132006e+10 -2.393598e+09
-8.685530e+06 1.699997e+07
-2.262430e+06 2.239753e+05
1.230712e+05 -2.321546e+04
1.437911e+07 -1.123695e+07
-3.613286e+12 -9.814599e+11
-9.147205e-01 -5.865706e+05
7.077938e+06 -3.196046e+06
-2.164220e+07 4.235048e+06
-5.331788e+09 -1.602954e+09
-5.218999e+08 -2.983877e+08
-6.660671e+06 -9.481261e+05
1.501041e+10 -9.421538e+09
5.194438e+13 9.899377e+13
1.276308e+05 2.360171e+05
8.285957e+09 1.794369e+09
2.789218e+07 2.245537e+07
1.590416e+10 -1.784910e+09
3.500240e+05 7.180836e+05
-4.399159e+00 -3.385774e+05
-3.133263e+09 -2.177110e+09
2.380639e+06 1.726726e+07
3.503853e+05 -3.324149e+05
-4.589391e+11 6.394570e+11
2.194403e+05 -1.672595e+05
2.164928e+07 -4.253752e+06
-3.339298e+08 -3.316613e+08
1.114563e+08 -1.922680e+07
5.028048e+06 3.009861e+06
-2.446109e+00 -2.569776e+05
2.553207e+06 -2.870575e+05
5.635180e+12 2.050972e+12
6.331434e+08 -2.370407e+08
-7.264767e+10 1.265395e+10
9.236362e+07 2.342902e+07
6.643484e+05 1.727643e+06
-7.460384e+06 -2.246073e+07
-3.152799e+12 -4.235757e+12
-1.412852e+11 2.641135e+10
1.069439e+07 -2.142614e+07
3.276742e+07 3.638143e+07
-6.440693e+14 9.204783e+14
-5.942637e+07 1.944952e+07
3.561956e+06 -7.242712e+06
-2.264794e+11 -3.417995e+10
-1.473398e+09 -1.259487e+09
1.144411e+09 -1.606967e+08
8.328426e+05 1.114616e+00
-2.190370e+09 -2.437580e+09
3.612336e+12 9.813309e+11
3.136865e+08 7.809535e+07
1.859209e+04 -3.143460e+00
-1.582086e+10 -5.227221e+09
-5.319898e+10 -8.321065e+11
-5.329811e+08 -1.037877e+09
-5.907662e+05 6.107396e+05
-7.614929e+07 -2.400607e+07
-8.800032e+08 -3.605690e+09
3.153422e+12 4.235757e+12
-8.721520e+08 5.680192e+08
8.700705e+06 -1.701147e+07
-1.152285e+08 8.414071e+07
-4.469272e+07 -2.226100e+06
1.289926e+00 -2.871543e+06
2.460793e+11 3.365155e+11
-3.470553e+05 -8.830598e+00
-2.759634e+04 1.680557e+00
-1.069789e+07 2.137279e+07
2.189933e+09 2.437260e+09
-4.082090e+08 -2.713992e+08
7.078435e+16 -1.152561e+17
5.332922e+09 1.603473e+09
1.043884e+01 -5.736067e+05
1.595139e+08 2.707446e+08
4.246885e+05 -5.568509e+05
-1.556371e+04 -4.034431e+05
-2.876284e+09 1.873879e+09
-2.379675e+08 -7.717839e+09
2.378255e+11 -2.292522e+11
-2.643340e+08 -1.964704e+08
-1.160752e+11 1.753865e+11
1.228488e+04 3.619263e+05
3.890517e+06 2.385502e+07
1.160904e+11 -1.753981e+11
1.478183e+05 1.993523e-01
5.468355e+13 -2.810708e+13
-1.501257e+10 9.421444e+09
4.002802e+10 2.253854e+11
7.563424e+06 1.091047e+01
-6.178375e+07 5.930636e+07
-1.144403e+09 1.607783e+08
2.429776e+12 -8.727090e+11
-3.135148e+08 -7.825285e+07
-5.083686e+05 1.520272e+05
6.444081e+14 -9.207204e+14
3.399138e+05 6.450316e+05
-1.075118e+10 -3.118711e+09
-7.079831e+16 1.152636e+17
-9.188212e+07 5.660791e+07
3.153925e+12 -1.019379e+12
8.721851e+08 -5.680607e+08
-3.149139e+07 1.177340e+08
1.107636e+11 -1.092026e+11
2.807146e+07 5.258402e+07
4.292821e+09 6.595086e+09
-1.116668e+06 1.929216e+06
9.949886e+07 -1.071180e+08
-5.699723e+05 -2.726913e+06
5.759664e+05 2.721893e+06
-9.014288e+00 -2.825180e+06
-3.408288e+10 6.831657e+10
-1.694802e+07 5.160047e+06
-2.778046e+07 -2.207762e+07
-3.852667e+06 -6.288068e+06
1.476272e+00 2.538765e+06
5.401815e+08 1.039597e+09
-1.425554e+07 3.840802e+07
4.180990e+14 -1.979613e+15
2.398399e+06 -1.218994e+06
-6.737112e+05 -2.733987e+06
9.161725e+07 -5.657786e+07
-2.181395e+05 -7.005632e+05
-8.957566e+15 -3.332568e+16
-1.423919e+05 5.251538e+00
1.431136e+07 -1.152777e+06
-2.157091e+08 -2.073118e+07
-1.097750e+06 -1.771752e+05
-9.953618e+07 1.071454e+08
-9.465688e+05 -1.082881e+06
-2.087244e+07 2.339871e+07
-6.038792e+10 -1.174495e+10
-1.467977e+10 5.379364e+10
9.857928e+00 1.502176e+05
-8.888978e+11 -2.807933e+10
2.678722e+07 -9.941138e+06
1.026166e+13 -1.777599e+13
-9.754820e+00 -6.701468e+06
9.833767e+05 -1.219090e+06
-4.223996e+04 -3.569448e+05
8.230246e+07 -1.895845e+07
6.381657e+04 3.578183e+05
2.152215e+05 6.936692e+05
-1.590100e+10 1.784694e+09
-1.291861e+06 -3.650976e+04
-4.002001e+10 -2.253257e+11
2.663227e+09 5.363130e+09
-4.311734e+10 -9.667321e+10
-1.439062e+15 5.919022e+13
6.542053e+05 2.828360e+06
2.086413e+07 -2.340198e+07
2.320229e+05 2.560977e+06
1.468072e+10 -5.378656e+10
-5.194437e+07 -4.908527e+07
2.388868e+13 7.867362e+12
7.629561e+07 2.400935e+07
6.274471e+08 -1.091279e+08
1.426203e+07 -3.840780e+07
2.157142e+08 2.078797e+07
5.211380e+07 -4.408585e+07
3.338601e+08 3.316380e+08
-3.814764e+07 6.659738e+07
1.056858e+08 1.928549e+08
-1.197998e+06 -5.522273e+05
7.526794e+06 1.080874e+06
-1.025896e+13 1.777247e+13
-7.521683e+06 -1.048133e+06
-1.169152e+06 -1.897794e+06
1.438873e+15 -5.918246e+13
-7.181649e+06 1.659329e+05
3.738584e+10 -8.325202e+09
-2.377779e+11 2.292701e+11
-3.710953e+06 1.351538e+07
-3.740092e+10 8.327445e+09
5.194589e+07 4.909475e+07
4.185776e+06 6.454231e+06
-9.754820e+04 -2.769001e+06
6.087253e+00 5.078699e+05
4.070938e+05 -5.236196e+05
7.528091e+07 2.545391e+07
6.038403e+10 1.174401e+10
-5.931148e+05 9.272630e+05
4.083432e+08 2.714369e+08
4.587876e+11 -6.392878e+11
-8.220450e+07 1.910498e+07
4.463607e+07 2.040662e+06
-2.662863e+09 -5.362076e+09
1.874427e+20 -1.548505e+20
2.874546e+04 7.615627e+05
4.123777e+00 4.257985e+05
3.930748e+06 -1.402681e+07
1.139803e+13 -7.930176e+12
1.558470e+00 1.680317e+05
1.151700e+08 -8.408501e+07
-5.152260e+05 -5.067245e+04
2.375643e+06 -1.577271e+05
1.705214e+07 -5.024516e+06
-5.210215e+07 2.928903e+07
1.566382e+06 1.326967e+05
-5.194096e+13 -9.898075e+13
-6.271159e+08 1.094743e+08
4.699939e+06 -1.800445e+07
1.473504e+09 1.259890e+09
-1.016173e+07 3.053906e+05
5.156624e+06 -1.436891e+07
-1.563397e+07 1.803900e+07
-4.181817e+14 1.979874e+15
1.408529e+07 6.738398e+06
2.880014e+08 8.578741e+08
3.409192e+10 -6.833482e+10
-1.140404e+13 7.933308e+12
-6.817333e+09 -2.229444e+09
4.862826e+09 1.212412e+08
-4.862505e+09 -1.212284e+08
1.570634e+07 -1.795291e+07
-7.392835e+06 2.670825e+07
8.959942e+15 3.332568e+16
-7.030443e+05 -1.775145e+06
-2.088754e+00 -5.953386e+05
-2.727826e+06 6.540496e+07
1.444264e+08 -8.518308e+06
3.981588e+05 -2.446493e+05
-3.989332e+05 2.465360e+05
-8.217108e+08 -3.937348e+08
1.015392e+07 -5.387568e+05
-2.861076e+00 3.815417e+06
-4.780072e+18 -1.006599e+19
5.603775e+06 -4.283695e+06
1.191359e+05 1.094327e+01
-9.536435e+05 -1.744958e+06
-2.664947e+07 9.957543e+06
1.172839e+06 5.680510e+05
3.059909e+05 -9.020942e+00
-9.230251e+07 -2.341491e+07
-3.662680e+05 -1.310039e+06
7.396748e+06 -2.671785e+07
-3.634278e+06 1.530436e+06
3.565984e+05 1.030211e+06
-4.293086e+09 -6.595930e+09
-1.874797e+20 1.548912e+20
2.333488e+04 9.003052e+00
-4.697661e+06 1.801347e+07
-5.636292e+12 -2.051511e+12
7.965116e+07 -7.691201e+09
-9.783730e+00 -5.932898e+05
-1.480058e+06 -1.713592e+07
-1.373436e+09 -1.775416e+10
-2.880549e+08 -8.579719e+08
2.640140e+08 1.963793e+08
-1.909071e+07 -6.103865e+07
1.285054e+07 2.157671e+07
-1.058293e+08 -1.930843e+08
-3.150978e+05 1.016934e+01
-2.751712e+00 -4.269101e+05
-5.467634e+13 2.810338e+13
3.716908e+14 4.015433e+15
-1.246509e+06 -6.740157e+00
5.218307e+08 2.984316e+08
6.315924e+00 5.106882e+05
-1.450397e+08 7.193877e+06
-5.555045e+06 4.279714e+06
1.254519e+06 1.115611e+01
-3.432970e+07 2.935700e+07
-1.108391e+11 1.091844e+11
-3.521432e+04 -2.860690e+06
-3.980149e+12 1.437439e+14
-3.621417e+10 1.652235e+11
7.519744e+05 -2.010790e+06
7.895045e+06 1.201047e+06
-1.343105e+07 -2.281666e+07
4.302782e+06 -3.204424e+05
-3.216855e+00 5.710491e+05
-7.023878e+06 -2.033004e+06
9.515041e+05 1.739686e+06
-8.219406e+08 2.418519e+08
-3.258029e+11 -3.591296e+11
8.762555e+06 -2.249865e+06
2.265239e+11 3.418889e+10
3.622953e+06 -1.549680e+06
5.808686e+07 1.507332e+08
-3.239108e+07 -3.434037e+07
-2.039198e+05 -1.125186e+05
-1.423458e+06 2.958791e+05
4.812055e+07 -6.287474e+06
1.412607e+00 1.823793e+05
8.895770e+05 7.745065e+05
1.133336e+10 2.395960e+09
7.117599e+05 9.305992e+05
1.412945e+11 -2.641092e+10
-3.234185e+04 -7.815166e+03
-1.814813e+08 7.857866e+06
1.426190e+08 1.261167e+08
-2.036655e+14 1.835579e+14
-2.814139e+07 -5.251634e+07
-2.186800e+05 -2.078269e+05
7.023655e+06 2.048334e+06
8.714821e+08 3.609862e+09
-1.415340e+05 2.137387e-01
8.289470e+00 4.309959e+05
-3.154547e+12 1.019849e+12
-5.011008e+06 -3.037508e+06
-8.670650e+07 -2.449236e+07
1.010213e+01 1.891367e+06
2.877497e+09 -1.874285e+09
-2.389972e+13 -7.869958e+12
1.446509e+06 1.755513e+06
-7.161025e+05 1.989470e+06
-7.960862e+07 7.690763e+09
5.177785e+07 1.329085e+07
8.696061e+05 -1.604582e+05
5.044084e+05 -1.414605e+05
-7.204567e+06 3.170511e+06
-3.717885e+14 -4.016489e+15
-4.606500e+05 8.870650e+00
7.268090e+10 -1.265869e+10
3.051506e+10 -2.185261e+08
-3.051507e+10 2.185196e+08
1.582169e+10 5.226459e+09
-2.429936e+12 8.727665e+11
8.893656e+11 2.809233e+10
1.075557e+10 3.119890e+09
-3.765433e+06 7.258424e+06
6.818780e+09 2.229143e+09
2.736954e+06 -6.548642e+07
9.774662e+05 -1.944948e+06
-5.780293e+08 -3.501176e+07
1.111291e+05 -1.465637e+00
8.938710e+08 1.717921e+08
-1.421257e+07 -6.766156e+06
1.052459e+06 -4.126531e+06
-5.407128e+00 -1.858858e+06
-2.443310e+05 -8.490153e+00
4.313154e+10 9.670498e+10
-1.421395e+07 1.147187e+07
-4.198783e+06 4.357720e+05
1.196301e+07 9.898826e+06
-2.112368e+06 9.172997e+06
-6.933028e+09 9.335955e+09
-1.113252e+08 1.897893e+07
3.329051e+05 1.888766e+00
3.936664e+07 -3.862028e+07
3.981196e+12 -1.437534e+14
-1.597739e+08 -2.705867e+08
-1.535090e+08 3.133147e+08
-1.442727e+07 1.211592e+06
2.036923e+14 -1.835821e+14
-2.236273e+06 4.131980e+05
5.781576e+08 3.487669e+07
4.781331e+18 1.006996e+19
-5.179784e+07 -1.331969e+07
-1.295083e+07 -2.141651e+07
-1.039942e+06 4.137144e+06
-1.548477e+06 -1.912871e+05
1.374710e+05 1.075094e+06
-7.699405e+08 1.000980e+10
3.817119e+07 -6.662919e+07
5.325888e+10 8.328764e+11
6.933484e+09 -9.336576e+09
3.152315e+07 -1.177560e+08
8.639143e+07 2.473698e+07
-5.822998e+07 -1.504604e+08
1.868485e+05 -6.661966e+00
1.462770e+06 -1.109939e+01
1.358661e+05 2.740248e+06
-1.424869e+08 -1.259661e+08
1.886901e+07 6.118547e+07
-1.207343e+07 -9.948859e+06
3.621411e+10 -1.652130e+11
-7.817886e+06 -1.215035e+06
1.150383e+06 2.083472e+05
3.133064e+09 2.176450e+09
-7.751739e-01 -1.706764e+06
1.531761e+08 -3.132243e+08
1.814487e+08 -7.858209e+06
-1.084007e+06 1.102648e+06
-1.161622e+06 -6.310393e+05
-3.190471e+06 -6.702982e+00
1.350235e+06 9.156178e+05
