3.843152e+05 -4.720434e+00
1.529336e+06 -2.693597e+05
1.601298e+09 2.069678e+10
3.798784e+11 4.187877e+11
-2.870166e+11 -3.924726e+11
-1.042890e+09 -2.003191e+08
2.973298e+06 -1.064632e+07
-1.340610e+06 -1.100708e+06
-4.428462e+05 -2.924449e+06
-9.755834e+05 5.265006e+00
1.415472e+05 -3.098408e+05
-6.566022e+06 1.747497e+07
8.975601e+08 -1.166973e+10
9.582721e+08 -2.819219e+08
-9.661874e+09 -2.092053e+09
9.581265e+08 4.591507e+08
-2.554274e+05 8.271908e+06
-1.289180e+06 -4.478165e+05
3.709539e+06 -5.118104e+00
-4.595149e+07 4.494932e+07
-4.182078e+05 -8.389105e+05
-7.388223e+08 2.762888e+08
2.778243e+08 8.997051e+09
-1.320438e+10 -2.791954e+09
-1.013206e+07 1.983126e+07
-2.638865e+06 2.612544e+05
1.435916e+05 -2.709931e+04
1.677560e+07 -1.310771e+07
-4.213482e+12 -1.144478e+12
-3.311034e+00 -6.840983e+05
8.255460e+06 -3.727687e+06
-2.524017e+07 4.939368e+06
-6.218957e+09 -1.869673e+09
-6.088260e+08 -3.480829e+08
-7.769430e+06 -1.106078e+06
1.751066e+10 -1.099066e+10
6.058982e+13 1.154699e+14
1.487670e+05 2.754649e+05
9.664679e+09 2.092958e+09
3.253660e+07 2.619445e+07
1.855049e+10 -2.082024e+09
4.083196e+05 8.375588e+05
1.060835e+01 -3.947865e+05
-3.655061e+09 -2.539604e+09
2.776597e+06 2.013905e+07
4.087460e+05 -3.877891e+05
-5.357528e+11 7.464915e+11
2.560808e+05 -1.951553e+05
2.525117e+07 -4.961681e+06
-3.895592e+08 -3.869165e+08
1.300605e+08 -2.243658e+07
5.865139e+06 3.511201e+06
-1.057831e+01 -2.998138e+05
2.979028e+06 -3.349471e+05
6.573759e+12 2.392620e+12
7.385007e+08 -2.765008e+08
-8.474049e+10 1.476031e+10
1.077464e+08 2.733080e+07
7.751721e+05 2.015790e+06
-8.701996e+06 -2.619852e+07
-3.677989e+12 -4.941438e+12
-1.648017e+11 3.080716e+10
1.247244e+07 -2.498636e+07
3.831195e+07 4.254031e+07
-7.511248e+14 1.073559e+15
-6.930731e+07 2.268605e+07
4.155014e+06 -8.448943e+06
-2.641614e+11 -3.986725e+10
-1.720068e+09 -1.470276e+09
1.334658e+09 -1.874127e+08
9.716625e+05 9.639500e+00
-2.554304e+09 -2.842589e+09
4.212770e+12 1.144413e+12
3.664702e+08 9.123546e+07
2.161923e+04 -6.789674e+00
-1.845108e+10 -6.096191e+09
-6.208452e+10 -9.711621e+11
-6.216768e+08 -1.210572e+09
-6.890196e+05 7.123764e+05
-8.898544e+07 -2.805212e+07
-1.026526e+09 -4.206243e+09
3.678611e+12 4.941159e+12
-1.017291e+09 6.625833e+08
1.014957e+07 -1.984418e+07
-1.344296e+08 9.816054e+07
-5.214403e+07 -2.597291e+06
-5.862014e+00 -3.349574e+06
2.870171e+11 3.924946e+11
-4.048675e+05 1.036821e+01
-3.217023e+04 -8.998613e+00
-1.247735e+07 2.492791e+07
2.554154e+09 2.842590e+09
-4.762528e+08 -3.166324e+08
8.256469e+16 -1.344301e+17
6.221158e+09 1.870525e+09
-9.564599e-01 -6.692484e+05
1.860960e+08 3.158776e+08
4.953590e+05 -6.495137e+05
-1.815756e+04 -4.706619e+05
-3.355760e+09 2.186213e+09
-2.775635e+08 -9.002114e+09
2.773692e+11 -2.673729e+11
-3.083143e+08 -2.291573e+08
-1.353981e+11 2.045811e+11
1.429364e+04 4.221476e+05
4.537678e+06 2.782277e+07
1.354210e+11 -2.046042e+11
1.723910e+05 -2.408422e+00
6.380589e+13 -3.279438e+13
-1.751187e+10 1.098993e+10
4.671279e+10 2.630401e+11
8.821123e+06 -2.772799e+00
-7.205731e+07 6.917058e+07
-1.334724e+09 1.875218e+08
2.834659e+12 -1.018189e+12
-3.663498e+08 -9.143427e+07
-5.931604e+05 1.773800e+05
7.515906e+14 -1.073922e+15
3.968182e+05 7.530148e+05
-1.254128e+10 -3.637949e+09
-8.257865e+16 1.344452e+17
-1.105386e+08 6.810107e+07
3.679233e+12 -1.189142e+12
1.017377e+09 -6.626255e+08
-3.673582e+07 1.373408e+08
1.291939e+11 -1.273731e+11
3.274481e+07 6.133821e+07
5.008244e+09 7.694267e+09
-1.303535e+06 2.252196e+06
1.160733e+08 -1.249604e+08
-6.648568e+05 -3.180644e+06
6.718347e+05 3.174507e+06
-8.465070e+00 -3.296418e+06
-3.986111e+10 7.989860e+10
-1.977368e+07 6.019944e+06
-3.240873e+07 -2.575579e+07
-4.494051e+06 -7.334824e+06
5.843202e+00 2.961941e+06
6.300993e+08 1.212647e+09
-1.662741e+07 4.480095e+07
4.878971e+14 -2.310093e+15
2.797634e+06 -1.421957e+06
-7.860735e+05 -3.189449e+06
1.102096e+08 -6.806499e+07
-2.544666e+05 -8.171859e+05
-1.046108e+16 -3.891824e+16
-1.661754e+05 5.537683e+00
1.669713e+07 -1.345043e+06
-2.516134e+08 -2.418350e+07
-1.281004e+06 -2.067776e+05
-1.161049e+08 1.249806e+08
-1.104109e+06 -1.263061e+06
-2.434615e+07 2.729316e+07
-7.043868e+10 -1.369974e+10
-1.712335e+10 6.274745e+10
-5.705712e+00 1.752305e+05
-1.036892e+12 -3.275398e+10
3.125420e+07 -1.159873e+07
1.197205e+13 -2.073885e+13
-7.353728e+00 -7.821518e+06
1.148222e+06 -1.423633e+06
-4.931146e+04 -4.164007e+05
9.607215e+07 -2.213202e+07
7.445551e+04 4.174265e+05
2.510910e+05 8.090238e+05
-1.854838e+10 2.081810e+09
-1.506877e+06 -4.259395e+04
-4.670477e+10 -2.629656e+11
3.106543e+09 6.255868e+09
-5.028939e+10 -1.127600e+11
-1.678496e+15 6.903840e+13
7.632635e+05 3.299862e+06
2.433650e+07 -2.729359e+07
2.705557e+05 2.987035e+06
1.712332e+10 -6.273684e+10
-6.060005e+07 -5.726508e+07
2.787801e+13 9.181531e+12
8.915550e+07 2.805651e+07
7.322114e+08 -1.273501e+08
1.663686e+07 -4.480283e+07
2.516288e+08 2.425041e+07
6.080375e+07 -5.143762e+07
3.894778e+08 3.868855e+08
-4.452445e+07 7.773065e+07
1.232839e+08 2.249699e+08
-1.397842e+06 -6.443559e+05
8.779644e+06 1.260825e+06
-1.197002e+13 2.073416e+13
-8.773468e+06 -1.222571e+06
-1.363883e+06 -2.213818e+06
1.678212e+15 -6.902675e+13
-8.375718e+06 1.934820e+05
4.360451e+10 -9.711458e+09
-2.773685e+11 2.674365e+11
-4.328547e+06 1.576565e+07
-4.362702e+10 9.713162e+09
6.059781e+07 5.727130e+07
4.882489e+06 7.528516e+06
-1.138230e+05 -3.229758e+06
-1.089591e+01 5.924408e+05
4.748693e+05 -6.108113e+05
8.780136e+07 2.968902e+07
7.042687e+10 1.369722e+10
-6.918297e+05 1.081673e+06
4.763645e+08 3.166645e+08
5.356318e+11 -7.464069e+11
-9.596685e+07 2.230367e+07
5.208179e+07 2.381178e+06
-3.106528e+09 -6.255520e+09
2.186687e+20 -1.806470e+20
3.354058e+04 8.885373e+05
-7.589268e+00 4.966811e+05
4.584997e+06 -1.636040e+07
1.329608e+13 -9.250654e+12
-2.354459e+00 1.959607e+05
1.343573e+08 -9.809638e+07
-6.010630e+05 -5.912559e+04
2.770982e+06 -1.839896e+05
1.989438e+07 -5.862091e+06
-6.078438e+07 3.417038e+07
1.827001e+06 1.547735e+05
-6.058299e+13 -1.154504e+14
-7.317834e+08 1.277483e+08
5.482481e+06 -2.100221e+07
1.719982e+09 1.470705e+09
-1.185481e+07 3.563085e+05
6.014687e+06 -1.676016e+07
-1.824241e+07 2.104890e+07
-4.879522e+14 2.310354e+15
1.643119e+07 7.860674e+06
3.359638e+08 1.000684e+09
3.986785e+10 -7.991227e+10
-1.330283e+13 9.254308e+12
-7.952360e+09 -2.600579e+09
5.672497e+09 1.414214e+08
-5.671857e+09 -1.414158e+08
1.832785e+07 -2.094863e+07
-8.622891e+06 3.115174e+07
1.046287e+16 3.891604e+16
-8.202002e+05 -2.070978e+06
-5.770023e+00 -6.946133e+05
-3.183837e+06 7.633962e+07
1.685929e+08 -9.943716e+06
4.644062e+05 -2.853609e+05
-4.653238e+05 2.875401e+05
-9.588703e+08 -4.594524e+08
1.184570e+07 -6.285287e+05
-6.791591e+00 4.450610e+06
-5.576489e+18 -1.174199e+19
6.537947e+06 -4.997774e+06
1.389590e+05 -8.287198e+00
-1.112608e+06 -2.035816e+06
-3.108983e+07 1.161722e+07
1.368302e+06 6.627098e+05
3.569558e+05 -6.921435e+00
-1.076660e+08 -2.731068e+07
-4.271172e+05 -1.527710e+06
8.626392e+06 -3.116261e+07
-4.239026e+06 1.785176e+06
4.158013e+05 1.201449e+06
-5.007940e+09 -7.694239e+09
-2.186811e+20 1.806674e+20
2.718409e+04 -5.229498e+00
-5.479705e+06 2.101248e+07
-6.574129e+12 -2.392755e+12
9.289661e+07 -8.970287e+09
4.548200e+00 -6.918891e+05
-1.726292e+06 -1.998737e+07
-1.601981e+09 -2.070832e+10
-3.360229e+08 -1.000836e+09
3.079758e+08 2.290790e+08
-2.227566e+07 -7.122183e+07
1.498993e+07 2.516884e+07
-1.234421e+08 -2.252079e+08
-3.675841e+05 -5.583136e+00
-9.720032e+00 -4.980577e+05
-6.380228e+13 3.279438e+13
4.335375e+14 4.683529e+15
-1.454273e+06 2.281802e+00
6.087682e+08 3.481473e+08
7.678463e+00 5.958130e+05
-1.693185e+08 8.398007e+06
-6.481866e+06 4.993149e+06
1.463642e+06 3.354973e+00
-4.005435e+07 3.425276e+07
-1.292892e+11 1.273579e+11
-4.106587e+04 -3.336896e+06
-4.643333e+12 1.676934e+14
-4.224351e+10 1.927300e+11
8.771842e+05 -2.345661e+06
9.209691e+06 1.401060e+06
-1.567077e+07 -2.662121e+07
5.019730e+06 -3.738546e+05
-2.040654e+00 6.661166e+05
-8.193135e+06 -2.371483e+06
1.110049e+06 2.029565e+06
-9.588406e+08 2.821394e+08
-3.800070e+11 -4.189059e+11
1.022173e+07 -2.624499e+06
2.642059e+11 3.987618e+10
4.226055e+06 -1.807631e+06
6.775911e+07 1.758340e+08
-3.787406e+07 -4.015294e+07
-2.379275e+05 -1.312733e+05
-1.660280e+06 3.450449e+05
5.614378e+07 -7.335877e+06
1.079483e+01 2.127281e+05
1.037660e+06 9.034952e+05
1.321915e+10 2.794657e+09
8.302699e+05 1.085464e+06
1.648204e+11 -3.080839e+10
-3.773362e+04 -9.101993e+03
-2.116943e+08 9.166188e+06
1.663607e+08 1.471098e+08
-2.375785e+14 2.141228e+14
-3.282732e+07 -6.125754e+07
-2.550839e+05 -2.424473e+05
8.193365e+06 2.389291e+06
1.016557e+09 4.210833e+09
-1.650876e+05 6.997498e+00
1.006743e+01 5.027044e+05
-3.679855e+12 1.189678e+12
-5.845706e+06 -3.543489e+06
-1.011491e+08 -2.857176e+07
6.755029e+00 2.206202e+06
3.356954e+09 -2.186604e+09
-2.789063e+13 -9.184128e+12
1.687431e+06 2.047890e+06
-8.353970e+05 2.320839e+06
-9.285930e+07 8.970872e+09
6.039161e+07 1.550178e+07
1.014642e+06 -1.872759e+05
5.883385e+05 -1.649876e+05
-8.403890e+06 3.698328e+06
-4.336352e+14 -4.684584e+15
-5.373955e+05 9.061814e+00
8.477369e+10 -1.476500e+10
3.559890e+10 -2.549303e+08
-3.559890e+10 2.549108e+08
1.845395e+10 6.095989e+09
-2.834818e+12 1.018189e+12
1.037359e+12 3.276700e+10
1.254569e+10 3.639120e+09
-4.392304e+06 8.466871e+06
7.954271e+09 2.600398e+09
3.194631e+06 -7.643757e+07
1.141025e+06 -2.270441e+06
-6.742662e+08 -4.083974e+07
1.295909e+05 -3.188228e+00
1.042879e+09 2.004317e+08
-1.657930e+07 -7.892903e+06
1.227446e+06 -4.812886e+06
3.847754e+00 -2.168413e+06
-2.850796e+05 2.990037e+00
5.030926e+10 1.127981e+11
-1.658202e+07 1.338311e+07
-4.898679e+06 5.084456e+05
1.396056e+07 1.155158e+07
-2.464203e+06 1.070095e+07
-8.087848e+09 1.089103e+10
-1.299100e+08 2.214709e+07
3.885725e+05 1.050948e+01
4.592300e+07 -4.505189e+07
4.644379e+12 -1.677028e+14
-1.863871e+08 -3.156577e+08
-1.793421e+08 3.660371e+08
-1.683084e+07 1.413520e+06
2.376053e+14 -2.141469e+14
-2.609155e+06 4.821541e+05
6.743589e+08 4.067992e+07
5.577433e+18 1.174663e+19
-6.040870e+07 -1.553397e+07
-1.510562e+07 -2.497958e+07
-1.212766e+06 4.824909e+06
-1.805978e+06 -2.230186e+05
1.602013e+05 1.253764e+06
-8.979350e+08 1.167372e+10
4.454607e+07 -7.775677e+07
6.215499e+10 9.719870e+11
8.087392e+09 -1.089042e+10
3.676931e+07 -1.373535e+08
1.007691e+08 2.885486e+07
-6.792152e+07 -1.754925e+08
2.179512e+05 -5.198048e+00
1.706149e+06 -1.107545e+01
1.584475e+05 3.196324e+06
-1.662003e+08 -1.469301e+08
2.201590e+07 7.138972e+07
-1.408785e+07 -1.160879e+07
4.224344e+10 -1.927195e+11
-9.119095e+06 -1.417227e+06
1.342250e+06 2.430303e+05
3.655276e+09 2.539073e+09
6.273230e+00 -1.995761e+06
1.789703e+08 -3.659595e+08
2.116623e+08 -9.166694e+06
-1.265622e+06 1.287391e+06
-1.355085e+06 -7.360727e+05
-3.721675e+06 2.125429e+00
1.575169e+06 1.068155e+06
