1.770169e+06 1.114906e+01
7.029902e+06 -1.237895e+06
7.358192e+09 9.510086e+10
1.745989e+12 1.924880e+12
-1.318594e+12 -1.803339e+12
-4.797872e+09 -9.216934e+08
1.367272e+07 -4.895833e+07
-6.164915e+06 -5.061153e+06
-2.035288e+06 -1.344023e+07
-4.487274e+06 -5.939160e-01
6.498082e+05 -1.422766e+06
-3.017074e+07 8.030787e+07
4.124770e+09 -5.362393e+10
4.408636e+09 -1.297054e+09
-4.442064e+10 -9.620069e+09
4.413493e+09 2.114673e+09
-1.177277e+06 3.813052e+07
-5.923398e+06 -2.057539e+06
1.705465e+07 -6.668934e+00
-2.113386e+08 2.067175e+08
-1.923098e+06 -3.857124e+06
-3.396092e+09 1.270038e+09
1.277516e+09 4.137862e+10
-6.071674e+10 -1.283634e+10
-4.658557e+07 9.114268e+07
-1.212589e+07 1.200456e+06
6.605618e+05 -1.242922e+05
7.722877e+07 -6.030492e+07
-1.935847e+13 -5.258162e+12
2.759593e+00 -3.146670e+06
3.794485e+07 -1.713565e+07
-1.159946e+08 2.270014e+07
-2.859149e+10 -8.594698e+09
-2.799974e+09 -1.600793e+09
-3.572068e+07 -5.085466e+06
8.054055e+10 -5.054785e+10
2.785055e+14 5.307725e+14
6.813582e+05 1.269585e+06
4.443300e+10 9.622722e+09
1.496531e+08 1.204864e+08
8.529043e+10 -9.572191e+09
1.877727e+06 3.850688e+06
6.667236e+00 -1.813025e+06
-1.681365e+10 -1.168103e+10
1.276318e+07 9.256282e+07
1.881258e+06 -1.784873e+06
-2.472885e+12 3.445749e+12
1.178895e+06 -8.989094e+05
1.160521e+08 -2.280204e+07
-1.791678e+09 -1.779777e+09
5.990260e+08 -1.033456e+08
2.697573e+07 1.614899e+07
3.173480e+00 -1.377797e+06
1.370880e+07 -1.541468e+06
3.022765e+13 1.100252e+13
3.394831e+09 -1.270919e+09
-3.894920e+11 6.783601e+10
4.953723e+08 1.256528e+08
3.566514e+06 9.272885e+06
-3.998498e+07 -1.203825e+08
-1.691273e+13 -2.272030e+13
-7.574822e+11 1.416056e+11
5.728945e+07 -1.147898e+08
1.781797e+08 1.978523e+08
-3.451735e+15 4.932755e+15
-3.185582e+08 1.042682e+08
1.910480e+07 -3.884481e+07
-1.213699e+12 -1.831841e+11
-7.934076e+09 -6.782643e+09
6.131877e+09 -8.611187e+08
4.470323e+06 4.203228e+00
-1.173541e+10 -1.305942e+10
1.936084e+13 5.258226e+12
1.698107e+09 4.227426e+08
9.972860e+04 -5.500157e+00
-8.480260e+10 -2.802008e+10
-2.861992e+11 -4.476858e+12
-2.858009e+09 -5.565436e+09
-3.166805e+06 3.274004e+06
-4.125426e+08 -1.300381e+08
-4.719007e+09 -1.933704e+10
1.691335e+13 2.272086e+13
-4.675180e+09 3.045060e+09
4.665190e+07 -9.121595e+07
-6.183526e+08 4.515013e+08
-2.399381e+08 -1.195077e+07
4.013093e+00 -1.539680e+07
1.318774e+12 1.803361e+12
-1.862093e+06 -3.631129e+00
-1.483089e+05 -2.420786e+00
-5.732208e+07 1.145263e+08
1.173466e+10 1.305974e+10
-2.190381e+09 -1.456109e+09
3.793481e+17 -6.176889e+17
2.859930e+10 8.598405e+09
3.881633e-01 -3.077576e+06
8.562502e+08 1.453280e+09
2.276754e+06 -2.985439e+06
-8.358764e+04 -2.164644e+06
-1.544343e+10 1.005984e+10
-1.276026e+09 -4.138973e+10
1.274923e+12 -1.229029e+12
-1.417822e+09 -1.053723e+09
-6.228420e+11 9.410937e+11
6.623047e+04 1.941119e+06
2.085680e+07 1.278760e+08
6.228572e+11 -9.409552e+11
7.920641e+05 -8.673927e+00
2.938366e+14 -1.510461e+14
-8.054057e+10 5.054549e+10
2.152905e+11 1.212249e+12
4.052723e+07 9.204777e+00
-3.310948e+08 3.177959e+08
-6.132059e+09 8.613813e+08
1.304055e+13 -4.683751e+12
-1.697659e+09 -4.235832e+08
-2.728698e+06 8.161152e+05
3.453345e+15 -4.934025e+15
1.830662e+06 3.474241e+06
-5.764577e+10 -1.672042e+10
-3.793946e+17 6.177192e+17
-5.805812e+08 3.576856e+08
1.691443e+13 -5.466337e+12
4.675050e+09 -3.044895e+09
-1.689113e+08 6.315012e+08
5.937297e+11 -5.853838e+11
1.505535e+08 2.819850e+08
2.303425e+10 3.538911e+10
-6.015515e+06 1.039298e+07
5.337072e+08 -5.745380e+08
-3.054783e+06 -1.461228e+07
3.085987e+06 1.458367e+07
5.585343e+00 -1.516962e+07
-1.854533e+11 3.717272e+11
-9.097092e+07 2.769446e+07
-1.490680e+08 -1.184671e+08
-2.066724e+07 -3.373000e+07
-3.201587e+00 1.362978e+07
2.896588e+09 5.573759e+09
-7.643916e+07 2.059605e+08
2.246631e+15 -1.063786e+16
1.285789e+07 -6.536018e+06
-3.617087e+06 -1.467574e+07
5.788744e+08 -3.575058e+08
-1.169721e+06 -3.755079e+06
-4.834236e+16 -1.798434e+17
-7.638866e+05 5.294817e+00
7.681586e+07 -6.189076e+06
-1.156912e+09 -1.112037e+08
-5.899370e+06 -9.526193e+05
-5.337515e+08 5.745332e+08
-5.075127e+06 -5.805482e+06
-1.118748e+08 1.254098e+08
-3.236765e+11 -6.295704e+10
-7.869713e+10 2.883363e+11
8.558195e+00 8.054508e+05
-4.764791e+12 -1.505214e+11
1.437985e+08 -5.336152e+07
5.508319e+13 -9.541321e+13
3.539404e+00 -3.605148e+07
5.303228e+06 -6.573894e+06
-2.259379e+05 -1.913042e+06
4.431534e+08 -1.020957e+08
3.422787e+05 1.918403e+06
1.153757e+06 3.717069e+06
-8.525896e+10 9.569823e+09
-6.925876e+06 -1.954956e+05
-2.152557e+11 -1.212055e+12
1.428477e+10 2.876415e+10
-2.311214e+11 -5.182027e+11
-7.713436e+15 3.172156e+14
3.510880e+06 1.517949e+07
1.118337e+08 -1.254160e+08
1.243340e+06 1.372582e+07
7.869124e+10 -2.883257e+11
-2.787739e+08 -2.634537e+08
1.284643e+14 4.230628e+13
4.133201e+08 1.300792e+08
3.373007e+09 -5.866922e+08
7.647832e+07 -2.059535e+08
1.156871e+09 1.114888e+08
2.798547e+08 -2.367629e+08
1.791524e+09 1.779534e+09
-2.052734e+08 3.583817e+08
5.669426e+08 1.034520e+09
-6.432913e+06 -2.965935e+06
4.035414e+07 5.794971e+06
-5.508657e+13 9.542257e+13
-4.031760e+07 -5.618704e+06
-6.272388e+06 -1.017921e+07
7.714004e+15 -3.172779e+14
-3.848734e+07 8.896731e+05
2.004608e+11 -4.463504e+10
-1.274888e+12 1.229074e+12
-1.989454e+07 7.246438e+07
-2.005166e+11 4.464354e+10
2.787704e+08 2.634589e+08
2.245173e+07 3.461962e+07
-5.228878e+05 -1.484758e+07
5.145683e+00 2.723948e+06
2.182904e+06 -2.807961e+06
4.035232e+08 1.364387e+08
3.236651e+11 6.294685e+10
-3.180572e+06 4.973047e+06
2.191067e+09 1.456520e+09
2.472371e+12 -3.445072e+12
-4.426829e+08 1.028855e+08
2.396622e+08 1.095942e+07
-1.428453e+10 -2.876594e+10
1.005412e+21 -8.305932e+20
1.536554e+05 4.087007e+06
8.745949e+00 2.284027e+06
2.107398e+07 -7.520511e+07
6.115837e+13 -4.254967e+13
-9.127038e+00 9.008117e+05
6.181912e+08 -4.512709e+08
-2.765427e+06 -2.721154e+05
1.273658e+07 -8.454444e+05
9.154465e+07 -2.697314e+07
-2.798290e+08 1.572754e+08
8.397949e+06 7.116073e+05
-2.784987e+14 -5.307595e+14
-3.371227e+09 5.885283e+08
2.521584e+07 -9.659864e+07
7.935394e+09 6.784884e+09
-5.451760e+07 1.638694e+06
2.763637e+07 -7.701424e+07
-8.399743e+07 9.692559e+07
-2.246686e+15 1.063721e+16
7.553690e+07 3.613681e+07
1.544418e+09 4.600155e+09
1.854437e+11 -3.717087e+11
-6.116137e+13 4.254863e+13
-3.656121e+10 -1.195577e+10
2.608318e+10 6.503556e+08
-2.608190e+10 -6.502894e+08
8.439210e+07 -9.645311e+07
-3.962773e+07 1.431534e+08
4.834533e+16 1.798257e+17
-3.774180e+06 -9.528757e+06
-6.223387e+00 -3.197471e+06
-1.467915e+07 3.519923e+08
7.777697e+08 -4.587433e+07
2.135212e+06 -1.311826e+06
-2.139026e+06 1.321305e+06
-4.415050e+09 -2.115448e+09
5.447630e+07 -2.890188e+06
7.852274e+00 2.045592e+07
-2.564449e+19 -5.400456e+19
3.007452e+07 -2.298988e+07
6.388402e+05 -1.534683e+00
-5.117978e+06 -9.365366e+06
-1.430068e+08 5.343244e+07
6.293325e+06 3.047733e+06
1.640448e+06 5.571559e+00
-4.949525e+08 -1.255543e+08
-1.963127e+06 -7.021159e+06
3.964858e+07 -1.432195e+08
-1.949282e+07 8.208335e+06
1.910551e+06 5.522064e+06
-2.303754e+10 -3.539419e+10
-1.005597e+21 8.307563e+20
1.251897e+05 -2.069865e+00
-2.520490e+07 9.665450e+07
-3.022876e+13 -1.100225e+13
4.269715e+08 -4.123107e+10
4.005522e+00 -3.181232e+06
-7.933117e+06 -9.185356e+07
-7.361368e+09 -9.515981e+10
-1.544868e+09 -4.601260e+09
1.415876e+09 1.053120e+09
-1.025406e+08 -3.278521e+08
6.892505e+07 1.157296e+08
-5.674899e+08 -1.035408e+09
-1.690717e+06 6.797529e-02
5.211477e+00 -2.291208e+06
-2.938835e+14 1.510665e+14
1.992260e+15 2.152181e+16
-6.690185e+06 1.961175e+00
2.799750e+09 1.601092e+09
-6.341279e+00 2.740991e+06
-7.811875e+08 3.874679e+07
-2.984112e+07 2.297386e+07
6.733631e+06 -2.964709e+00
-1.843190e+08 1.576366e+08
-5.942944e+11 5.853842e+11
-1.890499e+05 -1.533858e+07
-2.135729e+13 7.712912e+14
-1.942468e+11 8.861949e+11
4.032945e+06 -1.078511e+07
4.234145e+07 6.441559e+06
-7.211612e+07 -1.225053e+08
2.309566e+07 -1.720732e+06
2.965989e+00 3.063283e+06
-3.767441e+07 -1.090559e+07
5.107622e+06 9.337592e+06
-4.410223e+09 1.297745e+09
-1.746524e+12 -1.925329e+12
4.699446e+07 -1.206549e+07
1.213922e+12 1.832130e+11
1.943007e+07 -8.310805e+06
3.115241e+08 8.084377e+08
-1.761209e+08 -1.866932e+08
-1.094393e+06 -6.032943e+05
-7.631881e+06 1.585489e+06
2.583281e+08 -3.375472e+07
-1.001082e+01 9.780919e+05
4.771016e+06 4.153968e+06
6.074077e+10 1.284175e+10
3.816225e+06 4.988049e+06
7.576684e+11 -1.416224e+11
-1.738426e+05 -4.195020e+04
-9.730710e+08 4.213535e+07
7.646570e+08 6.761428e+08
-1.092194e+15 9.843877e+14
-1.509207e+08 -2.816317e+08
-1.172824e+06 -1.114106e+06
3.766968e+07 1.098538e+07
4.673812e+09 1.936119e+10
-7.593737e+05 1.002205e+00
-9.688411e+00 2.310141e+06
-1.691941e+13 5.470024e+12
-2.688245e+07 -1.629506e+07
-4.651503e+08 -1.313828e+08
8.012501e+00 1.014462e+07
1.544472e+10 -1.006085e+10
-1.285116e+14 -4.231823e+13
7.759611e+06 9.415905e+06
-3.841301e+06 1.067159e+07
-4.268060e+08 4.123092e+10
2.774711e+08 7.121975e+07
4.670241e+06 -8.632409e+05
2.703588e+06 -7.579715e+05
-3.862969e+07 1.700105e+07
-1.992309e+15 -2.152154e+16
-2.471017e+06 5.163210e+00
3.895005e+11 -6.784464e+10
1.636987e+11 -1.172397e+09
-1.637268e+11 1.172454e+09
8.482121e+10 2.801839e+10
-1.304183e+13 4.684153e+12
4.766897e+12 1.505698e+11
5.765642e+10 1.672322e+10
-2.018894e+07 3.891980e+07
3.656803e+10 1.195479e+10
1.472650e+07 -3.523789e+08
5.262447e+06 -1.047220e+07
-3.099268e+09 -1.876900e+08
5.950590e+05 9.625792e+00
4.797560e+09 9.220876e+08
-7.621797e+07 -3.628418e+07
5.639117e+06 -2.210786e+07
-1.053709e+01 -9.967774e+06
-1.311303e+06 2.828445e+00
2.311981e+11 5.183933e+11
-7.628576e+07 6.156925e+07
-2.253488e+07 2.338775e+06
6.430000e+07 5.320141e+07
-1.133067e+07 4.920437e+07
-3.719005e+10 5.008103e+10
-5.982800e+08 1.019864e+08
1.790362e+06 -8.270658e+00
2.111545e+08 -2.071428e+08
2.135833e+13 -7.712817e+14
-8.573318e+08 -1.451943e+09
-8.306017e+08 1.695119e+09
-7.742293e+07 6.502947e+06
1.092221e+15 -9.843998e+14
-1.200404e+07 2.218266e+06
3.099687e+09 1.869824e+08
2.564732e+19 5.401715e+19
-2.774934e+08 -7.135829e+07
-6.945390e+07 -1.148480e+08
-5.571595e+06 2.216671e+07
-8.301675e+06 -1.025734e+06
7.367478e+05 5.761548e+06
-4.126181e+09 5.363925e+10
2.053272e+08 -3.584008e+08
2.865374e+11 4.480707e+12
3.719234e+10 -5.007861e+10
1.690740e+08 -6.315922e+08
4.633834e+08 1.326687e+08
-3.122598e+08 -8.069508e+08
1.002829e+06 4.436138e+00
7.840873e+06 -1.070167e+01
7.283412e+05 1.469345e+07
-7.640493e+08 -6.754694e+08
1.013573e+08 3.286581e+08
-6.489274e+07 -5.347355e+07
1.942369e+11 -8.861426e+11
-4.192402e+07 -6.515941e+06
6.180239e+06 1.119407e+06
1.681534e+10 1.168100e+10
-1.331811e+00 -9.282089e+06
8.289707e+08 -1.694939e+09
9.730765e+08 -4.214006e+07
-5.844822e+06 5.945243e+06
-6.230430e+06 -3.385009e+06
-1.710851e+07 3.645385e-01
7.243395e+06 4.911971e+06
