2.152872e+06 6.355927e+00
8.549088e+06 -1.505409e+06
8.948389e+09 1.156506e+11
2.123404e+12 2.340905e+12
-1.603605e+12 -2.193047e+12
-5.835288e+09 -1.121006e+09
1.662882e+07 -5.954413e+07
-7.497762e+06 -6.155130e+06
-2.475138e+06 -1.634406e+07
-5.457114e+06 3.437325e+00
7.901328e+05 -1.730109e+06
-3.668962e+07 9.766268e+07
5.016310e+09 -6.521540e+10
5.361932e+09 -1.577528e+09
-5.402203e+10 -1.169938e+10
5.368044e+09 2.572059e+09
-1.432089e+06 4.637892e+07
-7.203425e+06 -2.502192e+06
2.074015e+07 -1.112106e+01
-2.570205e+08 2.514004e+08
-2.338448e+06 -4.690331e+06
-4.130041e+09 1.544551e+09
1.553663e+09 5.032288e+10
-7.384217e+10 -1.561129e+10
-5.665674e+07 1.108442e+08
-1.474634e+07 1.460033e+06
8.033907e+05 -1.512850e+05
9.392969e+07 -7.334401e+07
-2.354227e+13 -6.394708e+12
5.518851e-01 -3.826931e+06
4.614483e+07 -2.083939e+07
-1.410583e+08 2.760586e+07
-3.477221e+10 -1.045235e+10
-3.405125e+09 -1.946755e+09
-4.344155e+07 -6.184737e+06
9.794946e+10 -6.147341e+10
3.386820e+14 6.454547e+14
8.282467e+05 1.543933e+06
5.403392e+10 1.170175e+10
1.819969e+08 1.465226e+08
1.037196e+11 -1.164025e+10
2.283408e+06 4.682806e+06
3.665747e-01 -2.204645e+06
-2.044809e+10 -1.420573e+10
1.552134e+07 1.125645e+08
2.287819e+06 -2.170589e+06
-3.007818e+12 4.190971e+12
1.433486e+06 -1.092809e+06
1.411252e+08 -2.772850e+07
-2.178908e+09 -2.164489e+09
7.285352e+08 -1.256948e+08
3.280731e+07 1.964032e+07
-4.835648e+00 -1.675476e+06
1.667149e+07 -1.874420e+06
3.675952e+13 1.338016e+13
4.128378e+09 -1.545581e+09
-4.736546e+11 8.249400e+10
6.024259e+08 1.528093e+08
4.337326e+06 1.127738e+07
-4.862748e+07 -1.464023e+08
-2.056810e+13 -2.763080e+13
-9.212061e+11 1.722113e+11
6.966978e+07 -1.395958e+08
2.168096e+08 2.407504e+08
-4.197906e+15 5.998932e+15
-3.874083e+08 1.268033e+08
2.323327e+07 -4.723944e+07
-1.475970e+12 -2.227705e+11
-9.650637e+09 -8.250171e+09
7.456835e+09 -1.047159e+09
5.436353e+06 -2.768225e+00
-1.427086e+10 -1.588151e+10
2.354465e+13 6.394450e+12
2.065881e+09 5.142975e+08
1.210685e+05 -7.288702e-01
-1.031289e+11 -3.407538e+10
-3.480886e+11 -5.445133e+12
-3.475618e+09 -6.767882e+09
-3.850915e+06 3.981034e+06
-5.018576e+08 -1.581956e+08
-5.738814e+09 -2.351600e+10
2.056852e+13 2.763080e+13
-5.685589e+09 3.703124e+09
5.673510e+07 -1.109280e+08
-7.519853e+08 5.490744e+08
-2.917993e+08 -1.453356e+07
-3.852810e+00 -1.872435e+07
1.603737e+12 2.193024e+12
-2.264337e+06 4.792083e+00
-1.802913e+05 2.492133e+00
-6.971017e+07 1.392702e+08
1.427025e+10 1.588215e+10
-2.664001e+09 -1.770937e+09
4.613498e+17 -7.512099e+17
3.478222e+10 1.045701e+10
3.731448e+00 -3.743189e+06
1.041390e+09 1.767517e+09
2.769035e+06 -3.630845e+06
-1.018079e+05 -2.632550e+06
-1.878195e+10 1.223470e+10
-1.551805e+09 -5.033397e+10
1.550416e+12 -1.494608e+12
-1.724154e+09 -1.281394e+09
-7.574378e+11 1.144451e+12
8.039685e+04 2.360456e+06
2.536350e+07 1.555122e+08
7.575218e+11 -1.144370e+12
9.632288e+05 9.911649e+00
3.573685e+14 -1.837071e+14
-9.794970e+10 6.147094e+10
2.618487e+11 1.474359e+12
4.928206e+07 -1.069012e+01
-4.026406e+08 3.864715e+08
-7.457308e+09 1.047530e+09
1.585985e+13 -5.696137e+12
-2.065375e+09 -5.153221e+08
-3.318503e+06 9.925744e+05
4.199599e+15 -6.000021e+15
2.226590e+06 4.225753e+06
-7.010362e+10 -2.033396e+10
-4.613824e+17 7.512175e+17
-7.104391e+08 4.376746e+08
2.057043e+13 -6.647363e+12
5.685488e+09 -3.703038e+09
-2.054232e+08 7.680052e+08
7.220424e+11 -7.118667e+11
1.830877e+08 3.429254e+08
2.801226e+10 4.303693e+10
-7.316743e+06 1.264145e+07
6.490604e+08 -6.987091e+08
-3.714603e+06 -1.776903e+07
3.752759e+06 1.773496e+07
2.936941e-01 -1.844908e+07
-2.256681e+11 4.523440e+11
-1.106352e+08 3.367959e+07
-1.812920e+08 -1.440746e+08
-2.513469e+07 -4.102136e+07
5.766504e-01 1.657644e+07
3.522673e+09 6.778475e+09
-9.295976e+07 2.504761e+08
2.732406e+15 -1.293790e+16
1.563657e+07 -7.948550e+06
-4.399031e+06 -1.784869e+07
7.083375e+08 -4.374616e+08
-1.422363e+06 -4.566641e+06
-5.880760e+16 -2.187705e+17
-9.290299e+05 7.286643e+00
9.342171e+07 -7.527081e+06
-1.406964e+09 -1.352386e+08
-7.174728e+06 -1.158493e+06
-6.491101e+08 6.986962e+08
-6.171800e+06 -7.059891e+06
-1.360494e+08 1.525121e+08
-3.936230e+11 -7.656028e+10
-9.570274e+10 3.506417e+11
-1.000235e+01 9.794457e+05
-5.794669e+12 -1.830538e+11
1.748849e+08 -6.489654e+07
6.699104e+13 -1.160408e+14
4.212121e+00 -4.384863e+07
6.450644e+06 -7.996181e+06
-2.744725e+05 -2.326236e+06
5.390131e+08 -1.241811e+08
4.161525e+05 2.332904e+06
1.402896e+06 4.520175e+06
-1.036850e+11 1.163790e+10
-8.422349e+06 -2.377888e+05
-2.618112e+11 -1.474210e+12
1.737274e+10 3.498261e+10
-2.810763e+11 -6.302127e+11
-9.380485e+15 3.857831e+14
4.269707e+06 1.846054e+07
1.360001e+08 -1.525126e+08
1.511793e+06 1.669105e+07
9.569393e+10 -3.506275e+11
-3.390249e+08 -3.203921e+08
1.562383e+14 5.145406e+13
5.028411e+08 1.582556e+08
4.102383e+09 -7.135636e+08
9.300546e+07 -2.504609e+08
1.406897e+09 1.355860e+08
3.403580e+08 -2.879463e+08
2.178738e+09 2.164171e+09
-2.496668e+08 4.358926e+08
6.894758e+08 1.258120e+09
-7.823571e+06 -3.607076e+06
4.907380e+07 7.047096e+06
-6.699374e+13 1.160514e+14
-4.903196e+07 -6.833181e+06
-7.628316e+06 -1.237946e+07
9.381147e+15 -3.858494e+14
-4.680615e+07 1.082049e+06
2.437997e+11 -5.428463e+10
-1.550443e+12 1.494747e+12
-2.419498e+07 8.812714e+07
-2.438510e+11 5.429209e+10
3.390332e+08 3.204136e+08
2.730508e+07 4.210278e+07
-6.358967e+05 -1.805650e+07
1.106844e+01 3.312747e+06
2.654769e+06 -3.414928e+06
4.907353e+08 1.659249e+08
3.936156e+11 7.655066e+10
-3.867905e+06 6.047897e+06
2.664743e+09 1.771416e+09
3.007426e+12 -4.190633e+12
-5.384703e+08 1.251487e+08
2.914852e+08 1.332950e+07
-1.737195e+10 -3.498476e+10
1.222749e+21 -1.010120e+21
1.867364e+05 4.970499e+06
-1.752684e+00 2.777545e+06
2.562853e+07 -9.145935e+07
7.437868e+13 -5.174865e+13
8.158514e+00 1.095556e+06
7.518585e+08 -5.488471e+08
-3.363548e+06 -3.311125e+05
1.548961e+07 -1.028252e+06
1.113379e+08 -3.280464e+07
-3.403339e+08 1.912830e+08
1.021307e+07 8.654789e+05
-3.386957e+14 -6.454808e+14
-4.100301e+09 7.158038e+08
3.066527e+07 -1.174730e+08
9.651479e+09 8.252257e+09
-6.629746e+07 1.992874e+06
3.360802e+07 -9.365552e+07
-1.021605e+08 1.178841e+08
-2.732461e+15 1.293738e+16
9.186154e+07 4.394678e+07
1.878184e+09 5.594236e+09
2.256470e+11 -4.523071e+11
-7.438093e+13 5.174604e+13
-4.446335e+10 -1.453963e+10
3.172049e+10 7.908995e+08
-3.171857e+10 -7.908357e+08
1.026380e+08 -1.173058e+08
-4.818983e+07 1.740857e+08
5.880878e+16 2.187506e+17
-4.590074e+06 -1.158891e+07
-1.070970e+01 -3.888629e+06
-1.785355e+07 4.281244e+08
9.460092e+08 -5.579877e+07
2.596569e+06 -1.595334e+06
-2.601273e+06 1.606796e+06
-5.369695e+09 -2.572850e+09
6.625246e+07 -3.515003e+06
9.530996e+00 2.487764e+07
-3.118827e+19 -6.567964e+19
3.657663e+07 -2.796034e+07
7.769988e+05 3.642877e+00
-6.224496e+06 -1.139027e+07
-1.739246e+08 6.498535e+07
7.653888e+06 3.706846e+06
1.995185e+06 7.896348e+00
-6.019387e+08 -1.526941e+08
-2.387517e+06 -8.538786e+06
4.821815e+07 -1.741732e+08
-2.370663e+07 9.982846e+06
2.323588e+06 6.715494e+06
-2.801751e+10 -4.304546e+10
-1.222959e+21 1.010323e+21
1.521970e+05 -5.515592e+00
-3.065251e+07 1.175449e+08
-3.676175e+13 -1.338030e+13
5.192451e+08 -5.014119e+10
-2.520371e+00 -3.868823e+06
-9.647462e+06 -1.117013e+08
-8.952066e+09 -1.157200e+11
-1.878732e+09 -5.595663e+09
1.721873e+09 1.280727e+09
-1.247093e+08 -3.987361e+08
8.382300e+07 1.407438e+08
-6.901457e+08 -1.259207e+09
-2.056202e+06 1.022771e+01
1.067885e+01 -2.786647e+06
-3.574370e+14 1.837386e+14
2.422842e+15 2.617314e+16
-8.136484e+06 4.513765e+00
3.404947e+09 1.947178e+09
-6.429295e+00 3.333482e+06
-9.501894e+08 4.712901e+07
-3.629305e+07 2.794027e+07
8.189406e+06 6.202027e+00
-2.241723e+08 1.917213e+08
-7.227456e+11 7.119095e+11
-2.299240e+05 -1.865359e+07
-2.597391e+13 9.380103e+14
-2.362306e+11 1.077719e+12
4.904398e+06 -1.311583e+07
5.149246e+07 7.833718e+06
-8.770830e+07 -1.489929e+08
2.808896e+07 -2.092898e+06
-4.718885e+00 3.725555e+06
-4.581786e+07 -1.326324e+07
6.212063e+06 1.135659e+07
-5.363709e+09 1.578357e+09
-2.124047e+12 -2.341496e+12
5.715351e+07 -1.467379e+07
1.476223e+12 2.228107e+11
2.363036e+07 -1.010712e+07
3.788552e+08 9.831713e+08
-2.143025e+08 -2.271699e+08
-1.330866e+06 -7.336081e+05
-9.281441e+06 1.928131e+06
3.141770e+08 -4.105283e+07
5.489730e+00 1.189320e+06
5.802080e+06 5.051630e+06
7.386683e+10 1.561688e+10
4.640848e+06 6.065871e+06
9.214202e+11 -1.722311e+11
-2.112346e+05 -5.084047e+04
-1.183369e+09 5.124142e+07
9.299111e+08 8.222659e+08
-1.328246e+15 1.197146e+15
-1.835369e+08 -3.424989e+08
-1.426271e+06 -1.354969e+06
4.581276e+07 1.335990e+07
5.684064e+09 2.354590e+10
-9.235618e+05 -8.452892e+00
9.655652e+00 2.809359e+06
-2.057582e+13 6.652190e+12
-3.269294e+07 -1.981728e+07
-5.656948e+08 -1.597821e+08
-8.969871e+00 1.233742e+07
1.878405e+10 -1.223610e+10
-1.563092e+14 -5.147120e+13
9.436993e+06 1.145153e+07
-4.671723e+06 1.297813e+07
-5.190114e+08 5.014113e+10
3.374274e+08 8.661082e+07
5.680092e+06 -1.050084e+06
3.288019e+06 -9.219274e+05
-4.698020e+07 2.067596e+07
-2.422866e+15 -2.617209e+16
-3.005140e+06 3.076194e+00
4.736820e+11 -8.250649e+10
1.990868e+11 -1.425789e+09
-1.991149e+11 1.425870e+09
1.031535e+11 3.407419e+10
-1.586129e+13 5.696769e+12
5.797125e+12 1.831116e+11
7.011868e+10 2.033753e+10
-2.455267e+07 4.733222e+07
4.447342e+10 1.453935e+10
1.791282e+07 -4.286176e+08
6.401184e+06 -1.273846e+07
-3.769201e+09 -2.282602e+08
7.237340e+05 -1.445859e+00
5.834848e+09 1.121445e+09
-9.269260e+07 -4.412730e+07
6.858001e+06 -2.688634e+07
-1.055386e+00 -1.212263e+07
-1.594745e+06 -5.354928e+00
2.811700e+11 6.304351e+11
-9.277875e+07 7.488052e+07
-2.740727e+07 2.844357e+06
7.820686e+07 6.470787e+07
-1.378016e+07 5.984254e+07
-4.523047e+10 6.090757e+10
-7.276689e+08 1.240407e+08
2.177524e+06 -8.747842e+00
2.567925e+08 -2.519152e+08
2.597495e+13 -9.380009e+14
-1.042636e+09 -1.765767e+09
-1.010464e+09 2.062219e+09
-9.415668e+07 7.908377e+06
1.328259e+15 -1.197122e+15
-1.459832e+07 2.697564e+06
3.769522e+09 2.273893e+08
3.119047e+19 6.569223e+19
-3.374563e+08 -8.677935e+07
-8.446588e+07 -1.396727e+08
-6.775607e+06 2.695644e+07
-1.009603e+07 -1.247348e+06
8.959224e+05 7.006759e+06
-5.017843e+09 6.523076e+10
2.497397e+08 -4.359244e+08
3.485149e+11 5.449863e+12
4.523138e+10 -6.090270e+10
2.056193e+08 -7.681013e+08
5.635388e+08 1.613413e+08
-3.797487e+08 -9.813243e+08
1.219567e+06 -1.637841e+00
9.534565e+06 2.112483e+00
8.856893e+05 1.786882e+07
-9.291534e+08 -8.214304e+08
1.232675e+08 3.997133e+08
-7.892407e+07 -6.503640e+07
2.362159e+11 -1.077667e+12
-5.098458e+07 -7.923993e+06
7.516404e+06 1.361347e+06
2.045041e+10 1.420459e+10
-2.179771e+00 -1.129456e+07
1.008512e+09 -2.061982e+09
1.183367e+09 -5.124789e+07
-7.109531e+06 7.231532e+06
-7.577243e+06 -4.116629e+06
-2.080653e+07 2.857434e+00
8.808917e+06 5.972842e+06
