2.099729e+06 -1.072873e+01
8.338607e+06 -1.468344e+06
8.728168e+09 1.128038e+11
2.071149e+12 2.283301e+12
-1.564139e+12 -2.139081e+12
-5.691661e+09 -1.093415e+09
1.621964e+07 -5.807729e+07
-7.313135e+06 -6.003582e+06
-2.414214e+06 -1.594182e+07
-5.322795e+06 -1.042263e+01
7.706986e+05 -1.687516e+06
-3.578684e+07 9.525983e+07
4.892871e+09 -6.361068e+10
5.229958e+09 -1.538700e+09
-5.269236e+10 -1.141140e+10
5.235866e+09 2.508732e+09
-1.396812e+06 4.523684e+07
-7.026191e+06 -2.440633e+06
2.022979e+07 -1.034468e+01
-2.506959e+08 2.452142e+08
-2.280877e+06 -4.574905e+06
-4.028410e+09 1.506543e+09
1.515427e+09 4.908429e+10
-7.202488e+10 -1.522711e+10
-5.526220e+07 1.081158e+08
-1.438342e+07 1.424116e+06
7.836296e+05 -1.475623e+05
9.161752e+07 -7.153902e+07
-2.296297e+13 -6.237365e+12
9.587139e+00 -3.732771e+06
4.500872e+07 -2.032641e+07
-1.375869e+08 2.692658e+07
-3.391626e+10 -1.019512e+10
-3.321325e+09 -1.898847e+09
-4.237263e+07 -6.032567e+06
9.553910e+10 -5.996071e+10
3.303474e+14 6.295710e+14
8.079135e+05 1.505946e+06
5.270424e+10 1.141379e+10
1.775177e+08 1.429166e+08
1.011674e+11 -1.135381e+10
2.227252e+06 4.567626e+06
1.081670e+01 -2.150414e+06
-1.994485e+10 -1.385614e+10
1.513944e+07 1.097948e+08
2.231534e+06 -2.117184e+06
-2.933737e+12 4.087744e+12
1.398228e+06 -1.065927e+06
1.376515e+08 -2.704609e+07
-2.125279e+09 -2.111221e+09
7.105998e+08 -1.226004e+08
3.200002e+07 1.915707e+07
4.241028e+00 -1.634282e+06
1.626123e+07 -1.828314e+06
3.585505e+13 1.305093e+13
4.026809e+09 -1.507554e+09
-4.620011e+11 8.046417e+10
5.876021e+08 1.490494e+08
4.230594e+06 1.099979e+07
-4.743103e+07 -1.428003e+08
-2.006180e+13 -2.695076e+13
-8.985351e+11 1.679736e+11
6.795568e+07 -1.361609e+08
2.114602e+08 2.348106e+08
-4.094577e+15 5.851297e+15
-3.778751e+08 1.236832e+08
2.266160e+07 -4.607710e+07
-1.439657e+12 -2.172899e+11
-9.412929e+09 -8.046961e+09
7.273356e+09 -1.021393e+09
5.302589e+06 -1.523634e+00
-1.391973e+10 -1.549075e+10
2.296534e+13 6.237107e+12
2.014955e+09 5.016198e+08
1.181036e+05 -2.790459e-01
-1.005912e+11 -3.323699e+10
-3.395089e+11 -5.310971e+12
-3.390043e+09 -6.601265e+09
-3.756119e+06 3.883034e+06
-4.894780e+08 -1.542934e+08
-5.597504e+09 -2.293704e+10
2.006221e+13 2.695076e+13
-5.545669e+09 3.611996e+09
5.533897e+07 -1.081983e+08
-7.334747e+08 5.355587e+08
-2.846160e+08 -1.417580e+07
8.509772e-01 -1.826353e+07
1.564271e+12 2.139058e+12
-2.208603e+06 8.195001e+00
-1.758586e+05 -3.028991e+00
-6.799469e+07 1.358429e+08
1.391913e+10 1.549139e+10
-2.598429e+09 -1.727347e+09
4.499976e+17 -7.327253e+17
3.392626e+10 1.019966e+10
-3.197038e+00 -3.651065e+06
1.015754e+09 1.724006e+09
2.700905e+06 -3.541514e+06
-9.930728e+04 -2.567770e+06
-1.831971e+10 1.193359e+10
-1.513617e+09 -4.909538e+10
1.512263e+12 -1.457829e+12
-1.681721e+09 -1.249858e+09
-7.387949e+11 1.116284e+12
7.843797e+04 2.302377e+06
2.473938e+07 1.516856e+08
7.388789e+11 -1.116203e+12
9.395518e+05 7.602151e-01
3.485707e+14 -1.791847e+14
-9.553932e+10 5.995825e+10
2.554017e+11 1.438058e+12
4.806956e+07 8.155400e+00
-3.927325e+08 3.769619e+08
-7.273831e+09 1.021758e+09
1.546953e+13 -5.555943e+12
-2.014460e+09 -5.026196e+08
-3.236835e+06 9.681643e+05
4.096271e+15 -5.852386e+15
2.171775e+06 4.121693e+06
-6.837857e+10 -1.983359e+10
-4.500301e+17 7.327329e+17
-6.924606e+08 4.265990e+08
2.006421e+13 -6.483704e+12
5.545572e+09 -3.611910e+09
-2.003674e+08 7.491033e+08
7.042748e+11 -6.943495e+11
1.785824e+08 3.344859e+08
2.732283e+10 4.197769e+10
-7.136523e+06 1.233011e+07
6.330882e+08 -6.815150e+08
-3.623231e+06 -1.733185e+07
3.660460e+06 1.729864e+07
-4.686509e+00 -1.799501e+07
-2.200999e+11 4.411828e+11
-1.079123e+08 3.285063e+07
-1.768302e+08 -1.405287e+08
-2.451613e+07 -4.001184e+07
1.756376e+00 1.616850e+07
3.435988e+09 6.611647e+09
-9.067229e+07 2.443130e+08
2.665144e+15 -1.261943e+16
1.525188e+07 -7.753004e+06
-4.290794e+06 -1.740943e+07
6.904137e+08 -4.263920e+08
-1.387392e+06 -4.454297e+06
-5.735871e+16 -2.133811e+17
-9.062183e+05 -7.896224e+00
9.112274e+07 -7.341887e+06
-1.372337e+09 -1.319105e+08
-6.998148e+06 -1.130019e+06
-6.331372e+08 6.815023e+08
-6.019967e+06 -6.886210e+06
-1.327019e+08 1.487592e+08
-3.839374e+11 -7.467652e+10
-9.334795e+10 3.420132e+11
1.463292e+00 9.553848e+05
-5.652053e+12 -1.785490e+11
1.705804e+08 -6.329928e+07
6.534214e+13 -1.131845e+14
4.061865e+00 -4.276896e+07
6.291727e+06 -7.799199e+06
-2.677441e+05 -2.269027e+06
5.257386e+08 -1.211229e+08
4.059391e+05 2.275526e+06
1.368360e+06 4.408924e+06
-1.011328e+11 1.135146e+10
-8.215108e+06 -2.319665e+05
-2.553642e+11 -1.437909e+12
1.694519e+10 3.412163e+10
-2.741594e+11 -6.147043e+11
-9.149660e+15 3.762890e+14
4.164656e+06 1.800622e+07
1.326527e+08 -1.487594e+08
1.474609e+06 1.628033e+07
9.333915e+10 -3.419990e+11
-3.306805e+08 -3.125065e+08
1.523909e+14 5.018715e+13
4.904436e+08 1.543540e+08
4.001385e+09 -6.959966e+08
9.071696e+07 -2.442983e+08
1.372273e+09 1.322495e+08
3.319805e+08 -2.808589e+08
2.125120e+09 2.110910e+09
-2.435192e+08 4.251596e+08
6.725105e+08 1.227159e+09
-7.631053e+06 -3.518338e+06
4.786652e+07 6.873727e+06
-6.534485e+13 1.131950e+14
-4.782525e+07 -6.665079e+06
-7.440630e+06 -1.207486e+07
9.150322e+15 -3.763553e+14
-4.565456e+07 1.055480e+06
2.377999e+11 -5.294874e+10
-1.512291e+12 1.457968e+12
-2.359966e+07 8.595874e+07
-2.378511e+11 5.295620e+10
3.306891e+08 3.125280e+08
2.663319e+07 4.106676e+07
-6.202872e+05 -1.761222e+07
-2.703080e+00 3.231271e+06
2.589490e+06 -3.330925e+06
4.786604e+08 1.618421e+08
3.839300e+11 7.466692e+10
-3.772745e+06 5.899103e+06
2.599141e+09 1.727814e+09
2.933344e+12 -4.087406e+12
-5.252081e+08 1.220663e+08
2.843101e+08 1.300140e+07
-1.694441e+10 -3.412378e+10
1.192658e+21 -9.852603e+20
1.821801e+05 4.848202e+06
4.571344e-01 2.709227e+06
2.499785e+07 -8.920876e+07
7.254815e+13 -5.047515e+13
-8.925935e+00 1.068642e+06
7.333537e+08 -5.353395e+08
-3.280819e+06 -3.230064e+05
1.510855e+07 -1.002998e+06
1.085980e+08 -3.199725e+07
-3.319572e+08 1.865753e+08
9.961741e+06 8.442174e+05
-3.303611e+14 -6.295970e+14
-3.999357e+09 6.981798e+08
2.991059e+07 -1.145819e+08
9.413770e+09 8.049022e+09
-6.466595e+07 1.943870e+06
3.278120e+07 -9.135122e+07
-9.964595e+07 1.149824e+08
-2.665199e+15 1.261891e+16
8.960095e+07 4.286535e+07
1.831964e+09 5.456561e+09
2.200787e+11 -4.411459e+11
-7.255041e+13 5.047254e+13
-4.336913e+10 -1.418184e+10
3.093993e+10 7.714372e+08
-3.093801e+10 -7.713741e+08
1.001108e+08 -1.144178e+08
-4.700404e+07 1.698020e+08
5.735990e+16 2.133612e+17
-4.477130e+06 -1.130372e+07
-7.169621e+00 -3.792946e+06
-1.741395e+07 4.175829e+08
9.227116e+08 -5.442461e+07
2.532703e+06 -1.556108e+06
-2.537291e+06 1.567288e+06
-5.237519e+09 -2.509520e+09
6.462221e+07 -3.428536e+06
-7.134438e+00 2.426557e+07
-3.042079e+19 -6.406326e+19
3.567647e+07 -2.727222e+07
7.579175e+05 -6.297287e+00
-6.071350e+06 -1.111000e+07
-1.696439e+08 6.338600e+07
7.465549e+06 3.615648e+06
1.946115e+06 7.391900e+00
-5.871276e+08 -1.489369e+08
-2.328811e+06 -8.328733e+06
4.703176e+07 -1.698882e+08
-2.312339e+07 9.737287e+06
2.266470e+06 6.550326e+06
-2.732809e+10 -4.198622e+10
-1.192867e+21 9.854641e+20
1.484862e+05 -2.802825e+00
-2.989826e+07 1.146526e+08
-3.585727e+13 -1.305106e+13
5.064708e+08 -4.890760e+10
-1.052361e+00 -3.773688e+06
-9.410175e+06 -1.089535e+08
-8.731825e+09 -1.128731e+11
-1.832507e+09 -5.457990e+09
1.679508e+09 1.249216e+09
-1.216401e+08 -3.889230e+08
8.176059e+07 1.372809e+08
-6.731663e+08 -1.228226e+09
-2.005647e+06 -5.004129e+00
-6.890023e+00 -2.718122e+06
-3.486392e+14 1.792162e+14
2.363242e+15 2.552932e+16
-7.936312e+06 8.710824e-01
3.321168e+09 1.899269e+09
3.526326e+00 3.251493e+06
-9.267929e+08 4.596867e+07
-3.539992e+07 2.725280e+07
7.987947e+06 7.855769e+00
-2.186557e+08 1.870035e+08
-7.049658e+11 6.943963e+11
-2.243066e+05 -1.819471e+07
-2.533482e+13 9.149311e+14
-2.304181e+11 1.051201e+12
4.783759e+06 -1.279317e+07
5.022563e+07 7.641016e+06
-8.555001e+07 -1.453266e+08
2.739781e+07 -2.041427e+06
1.002320e+01 3.633927e+06
-4.469067e+07 -1.293696e+07
6.059240e+06 1.107718e+07
-5.231732e+09 1.539518e+09
-2.071792e+12 -2.283892e+12
5.574740e+07 -1.431281e+07
1.439910e+12 2.173300e+11
2.304899e+07 -9.858490e+06
3.695345e+08 9.589826e+08
-2.090166e+08 -2.215663e+08
-1.298158e+06 -7.155995e+05
-9.053133e+06 1.880733e+06
3.064454e+08 -4.004256e+07
-5.600434e+00 1.160083e+06
5.659342e+06 4.927371e+06
7.204956e+10 1.523267e+10
4.526687e+06 5.916656e+06
8.987492e+11 -1.679934e+11
-2.060603e+05 -4.962195e+04
-1.154254e+09 4.998066e+07
9.070321e+08 8.020355e+08
-1.295565e+15 1.167692e+15
-1.790213e+08 -3.340720e+08
-1.391219e+06 -1.321671e+06
4.468561e+07 1.303122e+07
5.544205e+09 2.296654e+10
-9.008855e+05 -1.060987e+01
-2.372587e+00 2.740299e+06
-2.006960e+13 6.488531e+12
-3.188863e+07 -1.932975e+07
-5.517770e+08 -1.558510e+08
-7.139000e+00 1.203393e+07
1.832183e+10 -1.193501e+10
-1.524618e+14 -5.020428e+13
9.204869e+06 1.116984e+07
-4.556828e+06 1.265887e+07
-5.062422e+08 4.890753e+10
3.291266e+08 8.448026e+07
5.540370e+06 -1.024284e+06
3.207181e+06 -8.992982e+05
-4.582450e+07 2.016736e+07
-2.363267e+15 -2.552827e+16
-2.931247e+06 -4.773533e+00
4.620286e+11 -8.047670e+10
1.941877e+11 -1.390708e+09
-1.942158e+11 1.390787e+09
1.006159e+11 3.323592e+10
-1.547096e+13 5.556575e+12
5.654509e+12 1.786067e+11
6.839360e+10 1.983716e+10
-2.394862e+07 4.616771e+07
4.337919e+10 1.418159e+10
1.747179e+07 -4.180643e+08
6.243589e+06 -1.242482e+07
-3.676461e+09 -2.226441e+08
7.059646e+05 4.735732e+00
5.691255e+09 1.093846e+09
-9.041189e+07 -4.304154e+07
6.689328e+06 -2.622497e+07
-9.661371e-01 -1.182441e+07
-1.555542e+06 6.507892e+00
2.742531e+11 6.149267e+11
-9.049586e+07 7.303803e+07
-2.673287e+07 2.774389e+06
7.628195e+07 6.311521e+07
-1.344113e+07 5.837015e+07
-4.411761e+10 5.940900e+10
-7.097594e+08 1.209877e+08
2.123944e+06 8.661226e+00
2.504744e+08 -2.457173e+08
2.533586e+13 -9.149216e+14
-1.016979e+09 -1.722316e+09
-9.855599e+08 2.011392e+09
-9.183953e+07 7.713773e+06
1.295578e+15 -1.167668e+15
-1.423907e+07 2.631199e+06
3.676780e+09 2.217948e+08
3.042299e+19 6.407584e+19
-3.291550e+08 -8.464473e+07
-8.238777e+07 -1.362363e+08
-6.608974e+06 2.629344e+07
-9.847665e+06 -1.216690e+06
8.739185e+05 6.834423e+06
-4.894402e+09 6.362604e+10
2.435916e+08 -4.251927e+08
3.399352e+11 5.315701e+12
4.411852e+10 -5.940413e+10
2.005597e+08 -7.492009e+08
5.496725e+08 1.573715e+08
-3.704056e+08 -9.571635e+08
1.189550e+06 8.734910e-01
9.299958e+06 -7.986165e+00
8.639414e+05 1.742916e+07
-9.062925e+08 -8.012202e+08
1.202338e+08 3.898759e+08
-7.698128e+07 -6.343550e+07
2.304034e+11 -1.051149e+12
-4.973015e+07 -7.729069e+06
7.331457e+06 1.327889e+06
1.994717e+10 1.385501e+10
6.291644e+00 -1.101598e+07
9.836547e+08 -2.011163e+09
1.154251e+09 -4.998697e+07
-6.934446e+06 7.053453e+06
-7.390831e+06 -4.015372e+06
-2.029465e+07 -8.652816e+00
8.592177e+06 5.825868e+06
