1.147570e+06 -1.360254e+00
4.557836e+06 -8.024897e+05
4.770862e+09 6.166213e+10
1.132011e+12 1.248029e+12
-8.549843e+11 -1.169234e+12
-3.110129e+09 -5.974742e+08
8.863895e+06 -3.173923e+07
-3.996957e+06 -3.281114e+06
-1.319555e+06 -8.713660e+06
-2.908801e+06 3.035697e+00
4.213539e+05 -9.226888e+05
-1.956282e+07 5.207244e+07
2.674519e+09 -3.476980e+10
2.857941e+09 -8.408487e+08
-2.880143e+10 -6.237330e+09
2.860729e+09 1.370782e+09
-7.632098e+05 2.471193e+07
-3.840809e+06 -1.334111e+06
1.105725e+07 -4.803861e+00
-1.370122e+08 1.340189e+08
-1.246804e+06 -2.500545e+06
-2.201806e+09 8.234461e+08
8.282549e+08 2.682719e+10
-3.936288e+10 -8.322171e+09
-3.020021e+07 5.908972e+07
-7.861716e+06 7.782567e+05
4.280683e+05 -8.053326e+04
5.005487e+07 -3.908858e+07
-1.255141e+13 -3.409187e+12
-6.889605e+00 -2.039552e+06
2.460128e+07 -1.110874e+07
-7.520415e+07 1.471647e+07
-1.853655e+10 -5.572016e+09
-1.815213e+09 -1.037789e+09
-2.315848e+07 -3.297000e+06
5.221390e+10 -3.276925e+10
1.805773e+14 3.441510e+14
4.421663e+05 8.230047e+05
2.881093e+10 6.239102e+09
9.702442e+07 7.811497e+07
5.529899e+10 -6.205807e+09
1.217393e+06 2.496621e+06
-1.002865e+01 -1.175763e+06
-1.089960e+10 -7.572533e+09
8.274691e+06 6.001120e+07
1.219439e+06 -1.156861e+06
-1.602158e+12 2.232494e+12
7.640903e+05 -5.824900e+05
7.523994e+07 -1.478350e+07
-1.161491e+09 -1.153742e+09
3.882487e+08 -6.697781e+07
1.748663e+07 1.046803e+07
1.357344e+00 -8.932350e+05
8.885783e+06 -9.990597e+05
1.959598e+13 7.132524e+12
2.200850e+09 -8.239698e+08
-2.525260e+11 4.398144e+10
3.211493e+08 8.146066e+07
2.311880e+06 6.011177e+06
-2.592565e+07 -7.805656e+07
-1.096549e+13 -1.473095e+13
-4.911625e+11 9.181535e+10
3.714942e+07 -7.443519e+07
1.153240e+08 1.280569e+08
-2.238383e+15 3.198531e+15
-2.065585e+08 6.760421e+07
1.238664e+07 -2.518360e+07
-7.869480e+11 -1.187752e+11
-5.141109e+09 -4.395422e+09
3.975775e+09 -5.583205e+08
2.897809e+06 -1.017501e+01
-7.608661e+09 -8.466912e+09
1.255236e+13 3.409122e+12
1.099578e+09 2.737375e+08
6.452564e+04 5.375447e+00
-5.497884e+10 -1.816556e+10
-1.854694e+11 -2.901170e+12
-1.852791e+09 -3.607816e+09
-2.053067e+06 2.122426e+06
-2.671084e+08 -8.419768e+07
-3.059249e+09 -1.253592e+10
1.096445e+13 1.472983e+13
-3.031171e+09 1.974193e+09
3.024471e+07 -5.913498e+07
-4.008149e+08 2.926808e+08
-1.555249e+08 -7.746082e+06
5.331413e+00 -9.981754e+06
8.550181e+11 1.169168e+12
-1.206841e+06 -1.406186e+00
-9.597271e+04 1.762995e+00
-3.716273e+07 7.425407e+07
7.608643e+09 8.468035e+09
-1.419971e+09 -9.439481e+08
2.459493e+17 -4.004720e+17
1.854104e+10 5.574450e+09
-9.210130e+00 -1.994930e+06
5.550521e+08 9.420870e+08
1.476035e+06 -1.935458e+06
-5.406640e+04 -1.403234e+06
-1.001102e+10 6.521124e+09
-8.273381e+08 -2.683426e+10
8.265881e+11 -7.968280e+11
-9.191870e+08 -6.831682e+08
-4.037799e+11 6.100838e+11
4.301248e+04 1.258673e+06
1.352298e+07 8.290872e+07
4.037722e+11 -6.099799e+11
5.134530e+05 4.360261e+00
1.904333e+14 -9.789197e+13
-5.220961e+10 3.276582e+10
1.395201e+11 7.856241e+11
2.627700e+07 1.037834e+01
-2.146698e+08 2.060424e+08
-3.975747e+09 5.585200e+08
8.453585e+12 -3.036239e+12
-1.099279e+09 -2.742821e+08
-1.768776e+06 5.289562e+05
2.239018e+15 -3.199075e+15
1.186202e+06 2.251209e+06
-3.737356e+10 -1.084084e+10
-2.460005e+17 4.005251e+17
-3.693409e+08 2.275435e+08
1.096612e+13 -3.544218e+12
3.031316e+09 -1.974207e+09
-1.095175e+08 4.094351e+08
3.849747e+11 -3.795636e+11
9.760666e+07 1.828283e+08
1.493347e+10 2.294301e+10
-3.897632e+06 6.733785e+06
3.460009e+08 -3.724714e+08
-1.980301e+06 -9.473914e+06
2.000773e+06 9.455278e+06
-6.463399e+00 -9.832615e+06
-1.200101e+11 2.405512e+11
-5.896712e+07 1.795205e+07
-9.663376e+07 -7.679659e+07
-1.339788e+07 -2.186556e+07
-1.002005e+01 8.834650e+06
1.877899e+09 3.613737e+09
-4.955521e+07 1.335215e+08
1.456110e+15 -6.894777e+15
8.336050e+06 -4.237423e+06
-2.344750e+06 -9.513163e+06
3.682323e+08 -2.274050e+08
-7.581747e+05 -2.434346e+06
-3.131437e+16 -1.164963e+17
-4.950063e+05 2.053649e+00
4.979361e+07 -4.011669e+06
-7.501006e+08 -7.209239e+07
-3.823436e+06 -6.172814e+05
-3.460300e+08 3.724755e+08
-3.290352e+06 -3.763702e+06
-7.253348e+07 8.131170e+07
-2.098513e+11 -4.081743e+10
-5.102164e+10 1.869304e+11
6.664580e+00 5.221711e+05
-3.089282e+12 -9.758254e+10
9.321039e+07 -3.458788e+07
3.570396e+13 -6.184779e+13
2.964998e+00 -2.336214e+07
3.435573e+06 -4.258626e+06
-1.464186e+05 -1.240199e+06
2.871498e+08 -6.615270e+07
2.217552e+05 1.243627e+06
7.479573e+05 2.409784e+06
-5.527486e+10 6.204108e+09
-4.489958e+06 -1.266832e+05
-1.395013e+11 -7.854898e+11
9.260753e+09 1.864728e+10
-1.498420e+11 -3.359791e+11
-5.000958e+15 2.056755e+14
2.275821e+06 9.840215e+06
7.250601e+07 -8.131143e+07
8.059106e+05 8.899586e+06
5.102061e+10 -1.869375e+11
-1.807160e+08 -1.707772e+08
8.325403e+13 2.741790e+13
2.676237e+08 8.422378e+07
2.186038e+09 -3.802218e+08
4.957945e+07 -1.335196e+08
7.500051e+08 7.227811e+07
1.814018e+08 -1.534677e+08
1.161402e+09 1.153628e+09
-1.330293e+08 2.322510e+08
3.675576e+08 6.706849e+08
-4.169996e+06 -1.922377e+06
2.616277e+07 3.756694e+06
-3.570598e+13 6.185130e+13
-2.613939e+07 -3.642879e+06
-4.066187e+06 -6.599169e+06
5.001242e+15 -2.057028e+14
-2.495336e+07 5.764487e+05
1.299603e+11 -2.893837e+10
-8.265234e+11 7.968680e+11
-1.289756e+07 4.697949e+07
-1.300032e+11 2.894458e+10
1.807127e+08 1.707959e+08
1.455572e+07 2.244356e+07
-3.389869e+05 -9.626271e+06
9.069973e+00 1.765866e+06
1.415142e+06 -1.820569e+06
2.616319e+08 8.846264e+07
2.098516e+11 4.081297e+10
-2.062077e+06 3.224132e+06
1.420490e+09 9.442570e+08
1.601977e+12 -2.232325e+12
-2.868729e+08 6.666791e+07
1.553628e+08 7.104406e+06
-9.260883e+09 -1.864906e+10
6.518131e+20 -5.384669e+20
9.959958e+04 2.649115e+06
-8.683153e+00 1.480380e+06
1.366133e+07 -4.875355e+07
3.964442e+13 -2.758181e+13
-5.996263e+00 5.838921e+05
4.007135e+08 -2.925230e+08
-1.792383e+06 -1.762384e+05
8.257192e+06 -5.480288e+05
5.934043e+07 -1.748446e+07
-1.813715e+08 1.019422e+08
5.444279e+06 4.611854e+05
-1.805466e+14 -3.440794e+14
-2.184842e+09 3.814176e+08
1.634601e+07 -6.261921e+07
5.141824e+09 4.396373e+09
-3.534297e+07 1.062260e+06
1.791857e+07 -4.993380e+07
-5.444343e+07 6.282292e+07
-1.456303e+15 6.895038e+15
4.897280e+07 2.342918e+07
1.001299e+09 2.982585e+09
1.200257e+11 -2.405785e+11
-3.965418e+13 2.758599e+13
-2.370416e+10 -7.751293e+09
1.691000e+10 4.216163e+08
-1.690872e+10 -4.215754e+08
5.469654e+07 -6.251314e+07
-2.569079e+07 9.280726e+07
3.131793e+16 1.164875e+17
-2.446255e+06 -6.176603e+06
-1.047969e+00 -2.072358e+06
-9.512389e+06 2.280858e+08
5.039454e+08 -2.972405e+07
1.384020e+06 -8.502204e+05
-1.386588e+06 8.565430e+05
-2.861714e+09 -1.371167e+09
3.531561e+07 -1.873398e+06
8.072218e-01 1.326256e+07
-1.662535e+19 -3.501002e+19
1.949590e+07 -1.490385e+07
4.140314e+05 4.145041e+00
-3.318001e+06 -6.071681e+06
-9.271321e+07 3.464094e+07
4.080164e+06 1.976010e+06
1.063757e+06 -5.744064e+00
-3.209218e+08 -8.140692e+07
-1.272746e+06 -4.552409e+06
2.570893e+07 -9.285888e+07
-1.263729e+07 5.321383e+06
1.238639e+06 3.580120e+06
-1.493425e+10 -2.294424e+10
-6.519118e+20 5.385892e+20
8.121757e+04 2.690195e+00
-1.633965e+07 6.265708e+07
-1.959710e+13 -7.132659e+12
2.768209e+08 -2.673189e+10
7.054927e+00 -2.062537e+06
-5.143388e+06 -5.955353e+07
-4.772997e+09 -6.169794e+10
-1.001590e+09 -2.983154e+09
9.179721e+08 6.828074e+08
-6.646843e+07 -2.125192e+08
4.468596e+07 7.502978e+07
-3.679325e+08 -6.712816e+08
-1.096109e+06 -7.499527e+00
-1.099243e+00 -1.485436e+06
-1.904838e+14 9.791236e+13
1.291746e+15 1.395454e+16
-4.337117e+06 1.342737e+00
1.815146e+09 1.038061e+09
-1.055098e+00 1.776998e+06
-5.062103e+08 2.510845e+07
-1.934386e+07 1.489331e+07
4.365262e+06 6.373900e+00
-1.194849e+08 1.021823e+08
-3.853098e+11 3.795401e+11
-1.224613e+05 -9.944779e+06
-1.384487e+13 5.000061e+14
-1.259301e+11 5.745057e+11
2.614471e+06 -6.991753e+06
2.745049e+07 4.176014e+06
-4.674704e+07 -7.941131e+07
1.497159e+07 -1.115455e+06
2.492396e+00 1.985967e+06
-2.442437e+07 -7.069956e+06
3.310811e+06 6.053057e+06
-2.859105e+09 8.413245e+08
-1.132440e+12 -1.248337e+12
3.046858e+07 -7.823192e+06
7.871113e+11 1.187930e+11
1.259653e+07 -5.388120e+06
2.019667e+08 5.241116e+08
-1.139860e+08 -1.208329e+08
-7.094822e+05 -3.911941e+05
-4.948279e+06 1.028042e+06
1.674647e+08 -2.188170e+07
-7.503094e+00 6.342393e+05
3.093147e+06 2.693184e+06
3.938263e+10 8.326180e+09
2.474286e+06 3.234190e+06
4.912185e+11 -9.181558e+10
-1.126271e+05 -2.711428e+04
-6.308828e+08 2.731713e+07
4.957531e+08 4.383776e+08
-7.081012e+14 6.382037e+14
-9.784694e+07 -1.825913e+08
-7.602965e+05 -7.222295e+05
2.442243e+07 7.121837e+06
3.030068e+09 1.255129e+10
-4.921417e+05 -5.987842e+00
-4.075547e+00 1.497606e+06
-1.096903e+13 3.546229e+12
-1.742729e+07 -1.056369e+07
-3.015478e+08 -8.517385e+07
5.738300e-01 6.576346e+06
1.001176e+10 -6.521805e+09
-8.328557e+13 -2.742569e+13
5.030460e+06 6.104287e+06
-2.490214e+06 6.918495e+06
-2.767308e+08 2.673364e+10
1.799127e+08 4.617879e+07
3.027158e+06 -5.592019e+05
1.752579e+06 -4.912036e+05
-2.504513e+07 1.102204e+07
-1.291746e+15 -1.395428e+16
-1.601725e+06 -4.650102e+00
2.525540e+11 -4.398804e+10
1.061120e+11 -7.600317e+08
-1.061401e+11 7.600738e+08
5.499370e+10 1.816566e+10
-8.454704e+12 3.036469e+12
3.090686e+12 9.762344e+10
3.738112e+10 1.084231e+10
-1.308860e+07 2.523289e+07
2.370810e+10 7.750754e+09
9.543974e+06 -2.283698e+08
3.410339e+06 -6.786185e+06
-2.009420e+09 -1.216973e+08
3.860155e+05 -9.123766e-01
3.110275e+09 5.977888e+08
-4.941647e+07 -2.352532e+07
3.656527e+06 -1.433595e+07
6.045113e+00 -6.462932e+06
-8.501577e+05 -5.897500e+00
1.498988e+11 3.361062e+11
-4.945320e+07 3.991299e+07
-1.460816e+07 1.516189e+06
4.167723e+07 3.448283e+07
-7.345900e+06 3.190062e+07
-2.411121e+10 3.246856e+10
-3.877846e+08 6.610690e+07
1.160351e+06 -4.793180e+00
1.368986e+08 -1.342995e+08
1.384697e+13 -5.000250e+14
-5.558068e+08 -9.412924e+08
-5.379344e+08 1.097840e+09
-5.019222e+07 4.215657e+06
7.081414e+14 -6.382157e+14
-7.781572e+06 1.437846e+06
2.009659e+09 1.212301e+08
1.662693e+19 3.501930e+19
-1.799263e+08 -4.626827e+07
-4.502980e+07 -7.446127e+07
-3.612550e+06 1.437238e+07
-5.382603e+06 -6.647888e+05
4.775354e+05 3.735660e+06
-2.675289e+09 3.477979e+10
1.330690e+08 -2.322807e+08
1.856914e+11 2.903809e+12
2.411212e+10 -3.246797e+10
1.096195e+08 -4.094967e+08
3.004321e+08 8.601456e+07
-2.024512e+08 -5.232001e+08
6.501629e+05 -1.077707e+01
5.083844e+06 -2.947850e+00
4.721591e+05 9.526363e+06
-4.953780e+08 -4.379411e+08
6.570076e+07 2.130443e+08
-4.206133e+07 -3.465976e+07
1.259323e+11 -5.745070e+11
-2.718132e+07 -4.224589e+06
4.006067e+06 7.254504e+05
1.090127e+10 7.572517e+09
-7.643794e+00 -6.007594e+06
5.368600e+08 -1.097712e+09
6.308940e+08 -2.732171e+07
-3.786842e+06 3.851862e+06
-4.039727e+06 -2.194587e+06
-1.109246e+07 7.420459e+00
4.696062e+06 3.184509e+06
