2.149344e+06 -4.968987e+00
8.535114e+06 -1.502948e+06
8.933768e+09 1.154616e+11
2.119935e+12 2.337081e+12
-1.600985e+12 -2.189464e+12
-5.825752e+09 -1.119174e+09
1.660166e+07 -5.944674e+07
-7.485504e+06 -6.145069e+06
-2.471093e+06 -1.631736e+07
-5.448196e+06 -4.337615e-01
7.888425e+05 -1.727281e+06
-3.662968e+07 9.750314e+07
5.008114e+09 -6.510886e+10
5.353170e+09 -1.574950e+09
-5.393375e+10 -1.168026e+10
5.359268e+09 2.567855e+09
-1.429746e+06 4.630309e+07
-7.191658e+06 -2.498104e+06
2.070627e+07 -6.414094e+00
-2.566006e+08 2.509897e+08
-2.334625e+06 -4.682668e+06
-4.123293e+09 1.542028e+09
1.551125e+09 5.024064e+10
-7.372151e+10 -1.558579e+10
-5.656416e+07 1.106631e+08
-1.472225e+07 1.457649e+06
8.020787e+05 -1.510378e+05
9.377618e+07 -7.322417e+07
-2.350381e+13 -6.384262e+12
4.084315e+00 -3.820680e+06
4.606940e+07 -2.080533e+07
-1.408278e+08 2.756076e+07
-3.471538e+10 -1.043527e+10
-3.399562e+09 -1.943574e+09
-4.337058e+07 -6.174633e+06
9.778943e+10 -6.137298e+10
3.381286e+14 6.444002e+14
8.268967e+05 1.541411e+06
5.394564e+10 1.168263e+10
1.816995e+08 1.462832e+08
1.035501e+11 -1.162123e+10
2.279680e+06 4.675159e+06
3.736344e+00 -2.201045e+06
-2.041468e+10 -1.418252e+10
1.549598e+07 1.123806e+08
2.284082e+06 -2.167043e+06
-3.002899e+12 4.184118e+12
1.431145e+06 -1.091024e+06
1.408946e+08 -2.768319e+07
-2.175347e+09 -2.160952e+09
7.273444e+08 -1.254893e+08
3.275371e+07 1.960824e+07
8.963450e+00 -1.672741e+06
1.664426e+07 -1.871359e+06
3.669947e+13 1.335830e+13
4.121635e+09 -1.543056e+09
-4.728809e+11 8.235923e+10
6.014417e+08 1.525597e+08
4.330240e+06 1.125895e+07
-4.854804e+07 -1.461631e+08
-2.053449e+13 -2.758565e+13
-9.197009e+11 1.719300e+11
6.955598e+07 -1.393678e+08
2.164544e+08 2.403561e+08
-4.191045e+15 5.989130e+15
-3.867754e+08 1.265961e+08
2.319531e+07 -4.716226e+07
-1.473559e+12 -2.224067e+11
-9.634855e+09 -8.236679e+09
7.444653e+09 -1.045448e+09
5.427472e+06 -9.998634e+00
-1.424755e+10 -1.585556e+10
2.350618e+13 6.384003e+12
2.062500e+09 5.134558e+08
1.208717e+05 -7.975390e+00
-1.029604e+11 -3.401972e+10
-3.475189e+11 -5.436226e+12
-3.469936e+09 -6.756820e+09
-3.844621e+06 3.974527e+06
-5.010357e+08 -1.579365e+08
-5.729432e+09 -2.347756e+10
2.053490e+13 2.758565e+13
-5.676299e+09 3.697074e+09
5.664241e+07 -1.107467e+08
-7.507563e+08 5.481770e+08
-2.913224e+08 -1.450980e+07
2.471215e+00 -1.869376e+07
1.601117e+12 2.189441e+12
-2.260637e+06 -1.139450e-01
-1.799970e+05 3.477090e-01
-6.959627e+07 1.390426e+08
1.424694e+10 1.585621e+10
-2.659647e+09 -1.768043e+09
4.605961e+17 -7.499826e+17
3.472539e+10 1.043993e+10
1.970124e+00 -3.737072e+06
1.039688e+09 1.764628e+09
2.764512e+06 -3.624914e+06
-1.016418e+05 -2.628249e+06
-1.875126e+10 1.221470e+10
-1.549270e+09 -5.025174e+10
1.547883e+12 -1.492166e+12
-1.721337e+09 -1.279300e+09
-7.562000e+11 1.142581e+12
8.026679e+04 2.356600e+06
2.532206e+07 1.552581e+08
7.562841e+11 -1.142500e+12
9.616568e+05 -9.171000e+00
3.567844e+14 -1.834068e+14
-9.778967e+10 6.137051e+10
2.614207e+11 1.471949e+12
4.920156e+07 -9.805473e+00
-4.019828e+08 3.858401e+08
-7.445126e+09 1.045819e+09
1.583394e+13 -5.686829e+12
-2.061995e+09 -5.144787e+08
-3.313080e+06 9.909537e+05
4.192739e+15 -5.990219e+15
2.222951e+06 4.218844e+06
-6.998909e+10 -2.030074e+10
-4.606287e+17 7.499902e+17
-7.092455e+08 4.369392e+08
2.053682e+13 -6.636497e+12
5.676199e+09 -3.696988e+09
-2.050875e+08 7.667502e+08
7.208628e+11 -7.107037e+11
1.827886e+08 3.423651e+08
2.796648e+10 4.296660e+10
-7.304777e+06 1.262078e+07
6.479999e+08 -6.975676e+08
-3.708536e+06 -1.774000e+07
3.746631e+06 1.770599e+07
-8.431378e+00 -1.841894e+07
-2.252984e+11 4.516030e+11
-1.104544e+08 3.362455e+07
-1.809958e+08 -1.438392e+08
-2.509362e+07 -4.095434e+07
-4.630575e-01 1.654935e+07
3.516918e+09 6.767399e+09
-9.280789e+07 2.500669e+08
2.727940e+15 -1.291676e+16
1.561103e+07 -7.935567e+06
-4.391845e+06 -1.781953e+07
7.071474e+08 -4.367267e+08
-1.420041e+06 -4.559182e+06
-5.871140e+16 -2.184126e+17
-9.275153e+05 7.268335e+00
9.326908e+07 -7.514785e+06
-1.404665e+09 -1.350177e+08
-7.163004e+06 -1.156602e+06
-6.480496e+08 6.975547e+08
-6.161719e+06 -7.048360e+06
-1.358271e+08 1.522629e+08
-3.929799e+11 -7.643521e+10
-9.554639e+10 3.500688e+11
4.505212e+00 9.778482e+05
-5.785200e+12 -1.827547e+11
1.745991e+08 -6.479049e+07
6.688156e+13 -1.158512e+14
1.052545e+01 -4.377695e+07
6.440093e+06 -7.983103e+06
-2.740258e+05 -2.322438e+06
5.381318e+08 -1.239781e+08
4.154744e+05 2.329094e+06
1.400603e+06 4.512789e+06
-1.035155e+11 1.161888e+10
-8.408590e+06 -2.374022e+05
-2.613832e+11 -1.471799e+12
1.734435e+10 3.492545e+10
-2.806171e+11 -6.291831e+11
-9.365160e+15 3.851528e+14
4.262732e+06 1.843038e+07
1.357779e+08 -1.522634e+08
1.509324e+06 1.666378e+07
9.553759e+10 -3.500547e+11
-3.384709e+08 -3.198686e+08
1.559828e+14 5.136995e+13
5.020180e+08 1.579966e+08
4.095677e+09 -7.123973e+08
9.285352e+07 -2.500517e+08
1.404598e+09 1.353645e+08
3.398018e+08 -2.874758e+08
2.175178e+09 2.160635e+09
-2.492586e+08 4.351800e+08
6.883494e+08 1.256064e+09
-7.810789e+06 -3.601184e+06
4.899365e+07 7.035585e+06
-6.688426e+13 1.158617e+14
-4.895184e+07 -6.822020e+06
-7.615855e+06 -1.235924e+07
9.365822e+15 -3.852191e+14
-4.672969e+07 1.080285e+06
2.434014e+11 -5.419593e+10
-1.547910e+12 1.492305e+12
-2.415546e+07 8.798317e+07
-2.434527e+11 5.420340e+10
3.384792e+08 3.198900e+08
2.726047e+07 4.203400e+07
-6.348604e+05 -1.802700e+07
4.142382e+00 3.307338e+06
2.650435e+06 -3.409351e+06
4.899336e+08 1.656538e+08
3.929725e+11 7.642559e+10
-3.861587e+06 6.038018e+06
2.660387e+09 1.768521e+09
3.002507e+12 -4.183779e+12
-5.375898e+08 1.249440e+08
2.910088e+08 1.330771e+07
-1.734357e+10 -3.492760e+10
1.220751e+21 -1.008469e+21
1.864339e+05 4.962379e+06
-8.424141e+00 2.773009e+06
2.558666e+07 -9.130992e+07
7.425715e+13 -5.166410e+13
-7.711836e+00 1.093769e+06
7.506299e+08 -5.479503e+08
-3.358055e+06 -3.305744e+05
1.546431e+07 -1.026575e+06
1.111560e+08 -3.275104e+07
-3.397778e+08 1.909704e+08
1.019638e+07 8.640673e+05
-3.381423e+14 -6.444262e+14
-4.093599e+09 7.146337e+08
3.061516e+07 -1.172811e+08
9.635696e+09 8.238764e+09
-6.618914e+07 1.989620e+06
3.355312e+07 -9.350253e+07
-1.019936e+08 1.176914e+08
-2.727995e+15 1.291624e+16
9.171145e+07 4.387498e+07
1.875115e+09 5.585096e+09
2.252773e+11 -4.515661e+11
-7.425940e+13 5.166149e+13
-4.439070e+10 -1.451588e+10
3.166867e+10 7.896074e+08
-3.166675e+10 -7.895436e+08
1.024702e+08 -1.171141e+08
-4.811110e+07 1.738013e+08
5.871259e+16 2.183928e+17
-4.582575e+06 -1.156998e+07
1.090576e+00 -3.882277e+06
-1.782436e+07 4.274246e+08
9.444624e+08 -5.570753e+07
2.592329e+06 -1.592729e+06
-2.597025e+06 1.604173e+06
-5.360920e+09 -2.568645e+09
6.614422e+07 -3.509262e+06
-8.679918e-01 2.483701e+07
-3.113731e+19 -6.557233e+19
3.651687e+07 -2.791465e+07
7.757319e+05 -1.379250e+00
-6.214328e+06 -1.137166e+07
-1.736404e+08 6.487916e+07
7.641383e+06 3.700791e+06
1.991927e+06 8.742621e+00
-6.009554e+08 -1.524446e+08
-2.383619e+06 -8.524840e+06
4.813938e+07 -1.738887e+08
-2.366790e+07 9.966542e+06
2.319796e+06 6.704528e+06
-2.797174e+10 -4.297513e+10
-1.220961e+21 1.008673e+21
1.519506e+05 4.671838e+00
-3.060243e+07 1.173529e+08
-3.670169e+13 -1.335844e+13
5.183970e+08 -5.005929e+10
4.816824e+00 -3.862506e+06
-9.631708e+06 -1.115189e+08
-8.937444e+09 -1.155309e+11
-1.875663e+09 -5.586522e+09
1.719060e+09 1.278635e+09
-1.245055e+08 -3.980846e+08
8.368607e+07 1.405139e+08
-6.890184e+08 -1.257150e+09
-2.052845e+06 3.956160e+00
5.461807e+00 -2.782097e+06
-3.568529e+14 1.834383e+14
2.418885e+15 2.613040e+16
-8.123194e+06 8.652408e+00
3.399385e+09 1.943997e+09
-5.456724e+00 3.328038e+06
-9.486361e+08 4.705197e+07
-3.623375e+07 2.789463e+07
8.176031e+06 3.415933e+00
-2.238060e+08 1.914081e+08
-7.215651e+11 7.107467e+11
-2.295510e+05 -1.862313e+07
-2.593148e+13 9.364780e+14
-2.358447e+11 1.075958e+12
4.896388e+06 -1.309440e+07
5.140836e+07 7.820924e+06
-8.756501e+07 -1.487495e+08
2.804307e+07 -2.089480e+06
8.961492e+00 3.719472e+06
-4.574303e+07 -1.324158e+07
6.201917e+06 1.133804e+07
-5.354947e+09 1.575778e+09
-2.120578e+12 -2.337671e+12
5.706015e+07 -1.464983e+07
1.473812e+12 2.224468e+11
2.359176e+07 -1.009062e+07
3.782364e+08 9.815653e+08
-2.139515e+08 -2.267978e+08
-1.328694e+06 -7.324125e+05
-9.266282e+06 1.924984e+06
3.136637e+08 -4.098575e+07
2.663975e+00 1.187379e+06
5.792603e+06 5.043380e+06
7.374617e+10 1.559137e+10
4.633268e+06 6.055965e+06
9.199150e+11 -1.719497e+11
-2.108910e+05 -5.075957e+04
-1.181436e+09 5.115771e+07
9.283921e+08 8.209227e+08
-1.326076e+15 1.195191e+15
-1.832371e+08 -3.419394e+08
-1.423944e+06 -1.352758e+06
4.573792e+07 1.333807e+07
5.674778e+09 2.350744e+10
-9.220562e+05 1.013555e+01
8.747085e+00 2.804774e+06
-2.054221e+13 6.641324e+12
-3.263954e+07 -1.978491e+07
-5.647707e+08 -1.595211e+08
7.244045e+00 1.231727e+07
1.875336e+10 -1.221611e+10
-1.560538e+14 -5.138708e+13
9.421582e+06 1.143283e+07
-4.664095e+06 1.295693e+07
-5.181636e+08 5.005923e+10
3.368762e+08 8.646936e+07
5.670815e+06 -1.048371e+06
3.282652e+06 -9.204250e+05
-4.690347e+07 2.064219e+07
-2.418909e+15 -2.612934e+16
-3.000234e+06 -1.065977e+01
4.729083e+11 -8.237172e+10
1.987615e+11 -1.423460e+09
-1.987897e+11 1.423541e+09
1.029850e+11 3.401853e+10
-1.583537e+13 5.687461e+12
5.787656e+12 1.828125e+11
7.000415e+10 2.030430e+10
-2.451257e+07 4.725491e+07
4.440077e+10 1.451560e+10
1.788354e+07 -4.279169e+08
6.390721e+06 -1.271764e+07
-3.763043e+09 -2.278874e+08
7.225542e+05 8.202085e+00
5.825315e+09 1.119612e+09
-9.254118e+07 -4.405522e+07
6.846802e+06 -2.684243e+07
-5.356641e+00 -1.210283e+07
-1.592142e+06 6.929439e-01
2.807108e+11 6.294055e+11
-9.262718e+07 7.475819e+07
-2.736249e+07 2.839712e+06
7.807906e+07 6.460213e+07
-1.375765e+07 5.974479e+07
-4.515658e+10 6.080807e+10
-7.264798e+08 1.238380e+08
2.173967e+06 -2.570005e+00
2.563730e+08 -2.515037e+08
2.593252e+13 -9.364686e+14
-1.040932e+09 -1.762882e+09
-1.008811e+09 2.058844e+09
-9.400284e+07 7.895456e+06
1.326089e+15 -1.195167e+15
-1.457446e+07 2.693157e+06
3.763365e+09 2.270179e+08
3.113951e+19 6.558491e+19
-3.369051e+08 -8.663763e+07
-8.432791e+07 -1.394445e+08
-6.764544e+06 2.691242e+07
-1.007954e+07 -1.245312e+06
8.944615e+05 6.995317e+06
-5.009647e+09 6.512422e+10
2.493315e+08 -4.352119e+08
3.479452e+11 5.440955e+12
4.515750e+10 -6.080321e+10
2.052833e+08 -7.668465e+08
5.626181e+08 1.610777e+08
-3.791284e+08 -9.797202e+08
1.217574e+06 6.520089e+00
9.518989e+06 6.830556e+00
8.842454e+05 1.783963e+07
-9.276355e+08 -8.200886e+08
1.230661e+08 3.990601e+08
-7.879508e+07 -6.493011e+07
2.358300e+11 -1.075906e+12
-5.090129e+07 -7.911051e+06
7.504125e+06 1.359125e+06
2.041700e+10 1.418138e+10
4.101145e+00 -1.127606e+07
1.006861e+09 -2.058608e+09
1.181433e+09 -5.116417e+07
-7.097907e+06 7.219709e+06
-7.564866e+06 -4.109906e+06
-2.077254e+07 1.098252e+01
8.794527e+06 5.963084e+06
