2.054342e+06 9.768548e+00
8.158146e+06 -1.436566e+06
8.539355e+09 1.103653e+11
2.026346e+12 2.233889e+12
-1.530318e+12 -2.092834e+12
-5.568517e+09 -1.069759e+09
1.586857e+07 -5.682023e+07
-7.154698e+06 -5.873519e+06
-2.361935e+06 -1.559728e+07
-5.207743e+06 7.107806e+00
7.540217e+05 -1.651014e+06
-3.501241e+07 9.319966e+07
4.787038e+09 -6.223483e+10
5.116752e+09 -1.505393e+09
-5.155288e+10 -1.116474e+10
5.122649e+09 2.454462e+09
-1.366558e+06 4.425758e+07
-6.874189e+06 -2.387809e+06
1.979219e+07 1.024775e+00
-2.452734e+08 2.399102e+08
-2.231562e+06 -4.475941e+06
-3.941233e+09 1.473941e+09
1.482644e+09 4.802285e+10
-7.046678e+10 -1.489772e+10
-5.406711e+07 1.057788e+08
-1.407243e+07 1.393359e+06
7.666950e+05 -1.443498e+05
8.963508e+07 -6.999142e+07
-2.246629e+13 -6.102463e+12
-8.333444e+00 -3.652117e+06
4.403607e+07 -1.988702e+07
-1.346149e+08 2.634473e+07
-3.318309e+10 -9.974788e+09
-3.249579e+09 -1.857830e+09
-4.145704e+07 -5.902203e+06
9.347449e+10 -5.866499e+10
3.232083e+14 6.159656e+14
7.904746e+05 1.473386e+06
5.156584e+10 1.116724e+10
1.736829e+08 1.398292e+08
9.898129e+10 -1.110835e+10
2.179037e+06 4.468760e+06
-9.988975e+00 -2.103895e+06
-1.951359e+10 -1.355654e+10
1.481220e+07 1.074214e+08
2.183300e+06 -2.071441e+06
-2.870312e+12 3.999324e+12
1.368071e+06 -1.042946e+06
1.346761e+08 -2.646161e+07
-2.079342e+09 -2.065593e+09
6.952299e+08 -1.199487e+08
3.130822e+07 1.874272e+07
-8.871244e+00 -1.598942e+06
1.590946e+07 -1.788761e+06
3.507957e+13 1.276865e+13
3.939726e+09 -1.474951e+09
-4.520098e+11 7.872385e+10
5.748924e+08 1.458256e+08
4.139062e+06 1.076179e+07
-4.640521e+07 -1.397121e+08
-1.962791e+13 -2.636799e+13
-8.791068e+11 1.643419e+11
6.648673e+07 -1.332173e+08
2.068759e+08 2.297204e+08
-4.006027e+15 5.724779e+15
-3.697054e+08 1.210094e+08
2.217198e+07 -4.508153e+07
-1.408553e+12 -2.125954e+11
-9.209319e+09 -7.872899e+09
7.116196e+09 -9.993234e+08
5.188057e+06 6.232305e+00
-1.361897e+10 -1.515604e+10
2.246914e+13 6.102333e+12
1.971313e+09 4.907555e+08
1.156311e+05 3.680297e+00
-9.841653e+10 -3.251852e+10
-3.321565e+11 -5.195999e+12
-3.316709e+09 -6.458479e+09
-3.674927e+06 3.799159e+06
-4.788794e+08 -1.509511e+08
-5.476464e+09 -2.244113e+10
1.962832e+13 2.636827e+13
-5.425704e+09 3.533865e+09
5.414196e+07 -1.058591e+08
-7.176118e+08 5.239763e+08
-2.784601e+08 -1.386926e+07
8.179157e+00 -1.786867e+07
1.530450e+12 2.092810e+12
-2.160886e+06 -3.368266e+00
-1.721064e+05 7.388031e+00
-6.652460e+07 1.329058e+08
1.361837e+10 1.515669e+10
-2.542264e+09 -1.689992e+09
4.402690e+17 -7.168846e+17
3.319237e+10 9.979019e+09
2.834480e-01 -3.572081e+06
9.937736e+08 1.686702e+09
2.642493e+06 -3.464923e+06
-9.716333e+04 -2.512228e+06
-1.792340e+10 1.167543e+10
-1.480876e+09 -4.803344e+10
1.479553e+12 -1.426295e+12
-1.645341e+09 -1.222819e+09
-7.228108e+11 1.092134e+12
7.675848e+04 2.252535e+06
2.420400e+07 1.484032e+08
7.228872e+11 -1.092042e+12
9.192196e+05 -6.026716e+00
3.410312e+14 -1.753092e+14
-9.347270e+10 5.866131e+10
2.498743e+11 1.406935e+12
4.702997e+07 1.227027e+00
-3.842334e+08 3.688047e+08
-7.116446e+09 9.996513e+08
1.513471e+13 -5.435686e+12
-1.970785e+09 -4.917236e+08
-3.166736e+06 9.471810e+05
4.007636e+15 -5.725807e+15
2.124755e+06 4.032453e+06
-6.689955e+10 -1.940458e+10
-4.402969e+17 7.168846e+17
-6.770462e+08 4.171031e+08
1.963018e+13 -6.343386e+12
5.425553e+09 -3.533741e+09
-1.960305e+08 7.328896e+08
6.890340e+11 -6.793234e+11
1.747178e+08 3.272467e+08
2.673145e+10 4.106908e+10
-6.981911e+06 1.206304e+07
6.193875e+08 -6.667661e+08
-3.544853e+06 -1.695702e+07
3.581243e+06 1.692435e+07
-4.504654e+00 -1.760549e+07
-2.153257e+11 4.316089e+11
-1.055777e+08 3.214022e+07
-1.730047e+08 -1.374885e+08
-2.398573e+07 -3.914626e+07
-3.940357e+00 1.581869e+07
3.361666e+09 6.468613e+09
-8.871198e+07 2.390315e+08
2.607502e+15 -1.234664e+16
1.492222e+07 -7.585449e+06
-4.198061e+06 -1.703318e+07
6.750609e+08 -4.169102e+08
-1.357439e+06 -4.358023e+06
-5.611706e+16 -2.087626e+17
-8.866472e+05 -8.132531e+00
8.915257e+07 -7.183159e+06
-1.342663e+09 -1.290584e+08
-6.846803e+06 -1.105596e+06
-6.194423e+08 6.667606e+08
-5.889767e+06 -6.737278e+06
-1.298319e+08 1.455415e+08
-3.756333e+11 -7.306142e+10
-9.132901e+10 3.346154e+11
7.348361e+00 9.347653e+05
-5.529835e+12 -1.746885e+11
1.668915e+08 -6.193049e+07
6.392910e+13 -1.107367e+14
-6.376639e+00 -4.184330e+07
6.155497e+06 -7.630414e+06
-2.620005e+05 -2.220023e+06
5.143628e+08 -1.185021e+08
3.971643e+05 2.226355e+06
1.338836e+06 4.313563e+06
-9.894457e+10 1.110588e+10
-8.037424e+06 -2.269745e+05
-2.498368e+11 -1.406785e+12
1.657862e+10 3.338345e+10
-2.682290e+11 -6.014078e+11
-8.951756e+15 3.681490e+14
4.074543e+06 1.761664e+07
1.297826e+08 -1.455415e+08
1.442707e+06 1.592817e+07
9.132021e+10 -3.346012e+11
-3.235296e+08 -3.057487e+08
1.490953e+14 4.910144e+13
4.798194e+08 1.510105e+08
3.914834e+09 -6.809423e+08
8.875576e+07 -2.390171e+08
1.342602e+09 1.293887e+08
3.247978e+08 -2.747823e+08
2.079149e+09 2.065245e+09
-2.382484e+08 4.159574e+08
6.579647e+08 1.200615e+09
-7.465948e+06 -3.442166e+06
4.683133e+07 6.725039e+06
-6.393180e+13 1.107461e+14
-4.679057e+07 -6.520863e+06
-7.279623e+06 -1.181362e+07
8.952418e+15 -3.682153e+14
-4.466712e+07 1.032556e+06
2.326533e+11 -5.180338e+10
-1.479580e+12 1.426434e+12
-2.308915e+07 8.409952e+07
-2.327070e+11 5.181083e+10
3.235350e+08 3.057669e+08
2.605711e+07 4.017845e+07
-6.069039e+05 -1.723131e+07
9.169857e+00 3.161371e+06
2.533522e+06 -3.258879e+06
4.683075e+08 1.583417e+08
3.756258e+11 7.305185e+10
-3.691134e+06 5.771508e+06
2.542896e+09 1.690431e+09
2.869829e+12 -3.998901e+12
-5.138373e+08 1.194235e+08
2.781583e+08 1.272009e+07
-1.657784e+10 -3.338559e+10
1.166858e+21 -9.639466e+20
1.782737e+05 4.743348e+06
-1.033149e+01 2.650631e+06
2.445707e+07 -8.727911e+07
7.097945e+13 -4.938327e+13
3.112438e+00 1.045522e+06
7.174881e+08 -5.237584e+08
-3.209844e+06 -3.159894e+05
1.478177e+07 -9.813018e+05
1.062487e+08 -3.130531e+07
-3.247752e+08 1.825390e+08
9.746192e+06 8.259435e+05
-3.232152e+14 -6.159786e+14
-3.912809e+09 6.830695e+08
2.926385e+07 -1.121043e+08
9.210061e+09 7.874857e+09
-6.326779e+07 1.901876e+06
3.207264e+07 -8.937651e+07
-9.748890e+07 1.124934e+08
-2.607530e+15 1.234586e+16
8.766370e+07 4.193861e+07
1.792356e+09 5.338578e+09
2.153069e+11 -4.315720e+11
-7.098020e+13 4.938014e+13
-4.243097e+10 -1.387508e+10
3.027070e+10 7.547506e+08
-3.026878e+10 -7.546882e+08
9.794402e+07 -1.119418e+08
-4.598687e+07 1.661274e+08
5.611706e+16 2.087383e+17
-4.380272e+06 -1.105901e+07
-3.922212e+00 -3.710847e+06
-1.703685e+07 4.085406e+08
9.027271e+08 -5.324583e+07
2.477876e+06 -1.522393e+06
-2.482341e+06 1.533331e+06
-5.124141e+09 -2.455197e+09
6.322372e+07 -3.354321e+06
3.029456e+00 2.374048e+07
-2.976277e+19 -6.267740e+19
3.490462e+07 -2.668219e+07
7.414905e+05 -2.136484e+00
-5.939979e+06 -1.086950e+07
-1.659719e+08 6.201406e+07
7.303950e+06 3.537375e+06
1.903978e+06 -6.933757e+00
-5.744228e+08 -1.457140e+08
-2.278409e+06 -8.148507e+06
4.601404e+07 -1.662126e+08
-2.262301e+07 9.526560e+06
2.217385e+06 6.408557e+06
-2.673699e+10 -4.107805e+10
-1.167068e+21 9.641504e+20
1.452584e+05 -6.175990e+00
-2.925117e+07 1.121715e+08
-3.508142e+13 -1.276865e+13
4.955131e+08 -4.784945e+10
7.109111e-01 -3.691993e+06
-9.206544e+06 -1.065963e+08
-8.542906e+09 -1.104312e+11
-1.792855e+09 -5.339896e+09
1.643168e+09 1.222185e+09
-1.190074e+08 -3.805054e+08
7.999139e+07 1.343104e+08
-6.586015e+08 -1.201651e+09
-1.962193e+06 -7.906691e+00
-1.551667e+00 -2.659230e+06
-3.410961e+14 1.753370e+14
2.312119e+15 2.497706e+16
-7.764518e+06 1.476272e+00
3.249339e+09 1.858192e+09
4.767333e+00 3.181153e+06
-9.067332e+08 4.497331e+07
-3.463379e+07 2.666305e+07
7.815093e+06 2.364511e+00
-2.139236e+08 1.829565e+08
-6.897146e+11 6.793738e+11
-2.194433e+05 -1.780125e+07
-2.478688e+13 8.951435e+14
-2.254345e+11 1.028466e+12
4.680281e+06 -1.251650e+07
4.913945e+07 7.475753e+06
-8.369949e+07 -1.421832e+08
2.680519e+07 -1.997253e+06
2.831363e+00 3.555323e+06
-4.372417e+07 -1.265714e+07
5.928146e+06 1.083757e+07
-5.118577e+09 1.506218e+09
-2.026989e+12 -2.234503e+12
5.454183e+07 -1.400349e+07
1.408776e+12 2.126310e+11
2.255077e+07 -9.645419e+06
3.615508e+08 9.382637e+08
-2.044891e+08 -2.167643e+08
-1.270151e+06 -7.001593e+05
-8.857387e+06 1.840072e+06
2.998196e+08 -3.917682e+07
-1.101710e+01 1.135074e+06
5.537066e+06 4.820930e+06
7.049222e+10 1.490342e+10
4.428900e+06 5.788805e+06
8.793208e+11 -1.643618e+11
-2.016708e+05 -4.860008e+04
-1.129291e+09 4.889971e+07
8.874162e+08 7.846905e+08
-1.267545e+15 1.142439e+15
-1.751497e+08 -3.268470e+08
-1.361166e+06 -1.293122e+06
4.371923e+07 1.274942e+07
5.424293e+09 2.247005e+10
-8.814658e+05 2.790032e+00
-7.480051e+00 2.681089e+06
-1.963558e+13 6.348214e+12
-3.119904e+07 -1.891175e+07
-5.398443e+08 -1.524806e+08
-4.488626e+00 1.177372e+07
1.792554e+10 -1.167686e+10
-1.491631e+14 -4.911805e+13
9.005850e+06 1.092830e+07
-4.458297e+06 1.238511e+07
-4.952942e+08 4.784988e+10
3.220097e+08 8.265353e+07
5.420508e+06 -1.002118e+06
3.137829e+06 -8.798425e+05
-4.483310e+07 1.973128e+07
-2.312167e+15 -2.497627e+16
-2.867849e+06 -9.426650e+00
4.520324e+11 -7.873558e+10
1.899853e+11 -1.360615e+09
-1.900134e+11 1.360694e+09
9.843912e+10 3.251687e+10
-1.513615e+13 5.436318e+12
5.532174e+12 1.747426e+11
6.691386e+10 1.940796e+10
-2.343041e+07 4.516873e+07
4.244057e+10 1.387470e+10
1.709340e+07 -4.090118e+08
6.108295e+06 -1.215569e+07
-3.596909e+09 -2.178265e+08
6.906105e+05 3.916525e+00
5.568082e+09 1.070172e+09
-8.845546e+07 -4.211012e+07
6.544553e+06 -2.565756e+07
4.471484e+00 -1.156854e+07
-1.521846e+06 6.520551e+00
2.683199e+11 6.016238e+11
-8.853761e+07 7.145755e+07
-2.615435e+07 2.714348e+06
7.463074e+07 6.174900e+07
-1.315029e+07 5.710713e+07
-4.316301e+10 5.812355e+10
-6.943969e+08 1.183689e+08
2.078005e+06 2.033132e+00
2.450574e+08 -2.404034e+08
2.478792e+13 -8.951340e+14
-9.949928e+08 -1.685081e+09
-9.642176e+08 1.967835e+09
-8.985383e+07 7.547004e+06
1.267572e+15 -1.142427e+15
-1.393120e+07 2.574305e+06
3.597302e+09 2.170004e+08
2.976528e+19 6.268999e+19
-3.220412e+08 -8.281542e+07
-8.060690e+07 -1.332902e+08
-6.466129e+06 2.572503e+07
-9.634747e+06 -1.190426e+06
8.550753e+05 6.686688e+06
-4.788566e+09 6.225018e+10
2.383204e+08 -4.159916e+08
3.325792e+11 5.200673e+12
4.316438e+10 -5.811991e+10
1.962238e+08 -7.330039e+08
5.377896e+08 1.539695e+08
-3.623989e+08 -9.364784e+08
1.163882e+06 -5.406485e+00
9.099026e+06 -5.089327e+00
8.453130e+05 1.705278e+07
-8.867204e+08 -7.839173e+08
1.176365e+08 3.814496e+08
-7.531718e+07 -6.206421e+07
2.254246e+11 -1.028424e+12
-4.865513e+07 -7.561982e+06
7.172920e+06 1.299217e+06
1.951591e+10 1.355543e+10
-7.049783e+00 -1.077726e+07
9.623531e+08 -1.967634e+09
1.129311e+09 -4.890694e+07
-6.784499e+06 6.900845e+06
-7.231104e+06 -3.928598e+06
-1.985598e+07 6.364115e+00
8.406439e+06 5.699895e+06
