1.097149e+06 -3.427130e+00
4.358096e+06 -7.672630e+05
4.561561e+09 5.895763e+10
1.082347e+12 1.193282e+12
-8.174918e+11 -1.117966e+12
-2.973682e+09 -5.712625e+08
8.474963e+06 -3.034635e+07
-3.821584e+06 -3.137120e+06
-1.261703e+06 -8.331532e+06
-2.781220e+06 -9.013224e+00
4.029441e+05 -8.822471e+05
-1.870521e+07 4.978971e+07
2.557252e+09 -3.324531e+10
2.732566e+09 -8.039614e+08
-2.753825e+10 -5.963756e+09
2.735160e+09 1.310621e+09
-7.296601e+05 2.362647e+07
-3.672341e+06 -1.275560e+06
1.057215e+07 -6.576974e+00
-1.310012e+08 1.281394e+08
-1.192112e+06 -2.390890e+06
-2.105256e+09 7.873387e+08
7.919304e+08 2.565053e+10
-3.763571e+10 -7.957195e+09
-2.887598e+07 5.649887e+07
-7.517111e+06 7.441947e+05
4.093176e+05 -7.701909e+04
4.785734e+07 -3.737310e+07
-1.200084e+13 -3.259711e+12
1.693887e+00 -1.950122e+06
2.352296e+07 -1.062187e+07
-7.190778e+07 1.407145e+07
-1.772340e+10 -5.327646e+09
-1.735602e+09 -9.922758e+08
-2.214255e+07 -3.152332e+06
4.992307e+10 -3.133156e+10
1.726561e+14 3.290549e+14
4.227520e+05 7.868349e+05
2.754720e+10 5.965415e+09
9.276728e+07 7.468766e+07
5.287335e+10 -5.933580e+09
1.163955e+06 2.387108e+06
2.597527e+00 -1.124176e+06
-1.042132e+10 -7.240271e+09
7.911690e+06 5.737885e+07
1.165923e+06 -1.106060e+06
-1.531750e+12 2.134386e+12
7.305133e+05 -5.568742e+05
7.193986e+07 -1.413517e+07
-1.110543e+09 -1.103115e+09
3.712101e+08 -6.403947e+07
1.671933e+07 1.000867e+07
1.369547e+00 -8.540395e+05
8.495821e+06 -9.551950e+05
1.873636e+13 6.819616e+12
2.104317e+09 -7.878292e+08
-2.414504e+11 4.205227e+10
3.070606e+08 7.788711e+07
2.210441e+06 5.747330e+06
-2.478853e+07 -7.463320e+07
-1.048429e+13 -1.408463e+13
-4.696157e+11 8.778774e+10
3.552028e+07 -7.117057e+07
1.102398e+08 1.224116e+08
-2.140221e+15 3.058278e+15
-1.975019e+08 6.464005e+07
1.184349e+07 -2.407931e+07
-7.524508e+11 -1.135663e+11
-4.915384e+09 -4.202289e+09
3.801395e+09 -5.338327e+08
2.770611e+06 3.095457e+00
-7.275090e+09 -8.095694e+09
1.200179e+13 3.259646e+12
1.051177e+09 2.616885e+08
6.166302e+04 -2.289035e+00
-5.256703e+10 -1.736875e+10
-1.773328e+11 -2.773936e+12
-1.771635e+09 -3.449803e+09
-1.963233e+06 2.029491e+06
-2.553631e+08 -8.049388e+07
-2.925178e+09 -1.198662e+10
1.048346e+13 1.408379e+13
-2.898246e+09 1.887584e+09
2.891834e+07 -5.654174e+07
-3.832451e+08 2.798465e+08
-1.487067e+08 -7.406358e+06
-8.017147e+00 -9.544351e+06
8.175417e+11 1.117922e+12
-1.153849e+06 8.788599e+00
-9.171870e+04 -3.220949e+00
-3.553365e+07 7.099806e+07
7.274929e+09 8.096656e+09
-1.357651e+09 -9.025379e+08
2.351647e+17 -3.829117e+17
1.772788e+10 5.329969e+09
-3.493818e+00 -1.907391e+06
5.306974e+08 9.007701e+08
1.411295e+06 -1.850504e+06
-5.166847e+04 -1.341742e+06
-9.571891e+09 6.235075e+09
-7.910443e+08 -2.565709e+10
7.903436e+11 -7.618877e+11
-8.788761e+08 -6.531954e+08
-3.860691e+11 5.833250e+11
4.106131e+04 1.203431e+06
1.293001e+07 7.927498e+07
3.860691e+11 -5.832327e+11
4.909248e+05 5.970725e+00
1.820826e+14 -9.359761e+13
-4.992073e+10 3.132939e+10
1.333981e+11 7.511532e+11
2.512616e+07 -5.817006e+00
-2.052612e+08 1.970123e+08
-3.801519e+09 5.340474e+08
8.082936e+12 -2.903112e+12
-1.050930e+09 -2.622200e+08
-1.691304e+06 5.057666e+05
2.140856e+15 -3.058822e+15
1.134128e+06 2.152351e+06
-3.573476e+10 -1.036549e+10
-2.352158e+17 3.829723e+17
-3.522613e+08 2.170217e+08
1.048521e+13 -3.388809e+12
2.898338e+09 -1.887597e+09
-1.047124e+08 3.914705e+08
3.680882e+11 -3.629151e+11
9.332473e+07 1.748073e+08
1.427823e+10 2.193630e+10
-3.726423e+06 6.438157e+06
3.308208e+08 -3.561299e+08
-1.893460e+06 -9.058413e+06
1.913029e+06 9.040575e+06
3.631064e+00 -9.401016e+06
-1.147179e+11 2.299481e+11
-5.638033e+07 1.716486e+07
-9.239682e+07 -7.342944e+07
-1.281047e+07 -2.090691e+07
-6.664210e+00 8.447442e+06
1.795584e+09 3.455251e+09
-4.738209e+07 1.276666e+08
1.392239e+15 -6.592359e+15
7.970599e+06 -4.051632e+06
-2.241903e+06 -9.095821e+06
3.512046e+08 -2.168888e+08
-7.248860e+05 -2.327598e+06
-2.993793e+16 -1.113764e+17
-4.732235e+05 -5.661871e+00
4.760949e+07 -3.835668e+06
-7.172191e+08 -6.893201e+07
-3.655691e+06 -5.902209e+05
-3.308623e+08 3.561482e+08
-3.146044e+06 -3.598638e+06
-6.935194e+07 7.774486e+07
-2.006500e+11 -3.902708e+10
-4.878363e+10 1.787298e+11
6.376602e+00 4.992014e+05
-2.953797e+12 -9.330297e+10
8.912101e+07 -3.307039e+07
3.413751e+13 -5.913427e+13
-2.767915e+00 -2.233636e+07
3.284512e+06 -4.071449e+06
-1.400043e+05 -1.185805e+06
2.745390e+08 -6.324738e+07
2.120302e+05 1.189096e+06
7.151756e+05 2.304119e+06
-5.285028e+10 5.931879e+09
-4.292905e+06 -1.210849e+05
-1.333767e+11 -7.510040e+11
8.854584e+09 1.782935e+10
-1.432709e+11 -3.212462e+11
-4.781674e+15 1.966561e+14
2.176001e+06 9.408583e+06
6.932588e+07 -7.774438e+07
7.705486e+05 8.509146e+06
4.878357e+10 -1.787404e+11
-1.727887e+08 -1.632858e+08
7.959898e+13 2.621433e+13
2.558461e+08 8.051565e+07
2.090049e+09 -3.635259e+08
4.740533e+07 -1.276625e+08
7.170988e+08 6.910696e+07
1.734397e+08 -1.467317e+08
1.110443e+09 1.103030e+09
-1.271891e+08 2.220547e+08
3.514335e+08 6.412598e+08
-3.986958e+06 -1.837972e+06
2.501528e+07 3.591855e+06
-3.413886e+13 5.913779e+13
-2.499349e+07 -3.483138e+06
-3.887796e+06 -6.309734e+06
4.781958e+15 -1.966873e+14
-2.385925e+07 5.511187e+05
1.242629e+11 -2.766982e+10
-7.902790e+11 7.619273e+11
-1.233222e+07 4.492038e+07
-1.243058e+11 2.767602e+10
1.727892e+08 1.633077e+08
1.391768e+07 2.145972e+07
-3.241706e+05 -9.204387e+06
2.627559e+00 1.688497e+06
1.353177e+06 -1.740822e+06
2.501656e+08 8.458572e+07
2.006542e+11 3.902419e+10
-1.971736e+06 3.082945e+06
1.358222e+09 9.028715e+08
1.531660e+12 -2.134344e+12
-2.742846e+08 6.374218e+07
1.485523e+08 6.793002e+06
-8.855067e+09 -1.783183e+10
6.232386e+20 -5.148710e+20
9.527115e+04 2.532934e+06
6.832582e+00 1.415478e+06
1.306247e+07 -4.661641e+07
3.790617e+13 -2.637251e+13
-8.546482e+00 5.583349e+05
3.831415e+08 -2.796963e+08
-1.713846e+06 -1.685633e+05
7.895364e+06 -5.240707e+05
5.673863e+07 -1.671779e+07
-1.734136e+08 9.746989e+07
5.205473e+06 4.409422e+05
-1.726287e+14 -3.289832e+14
-2.088904e+09 3.646676e+08
1.562869e+07 -5.987257e+07
4.915903e+09 4.203216e+09
-3.379227e+07 1.015597e+06
1.713268e+07 -4.774469e+07
-5.205352e+07 6.006515e+07
-1.392377e+15 6.592359e+15
4.682426e+07 2.240133e+07
9.573714e+08 2.851737e+09
1.147336e+11 -2.299708e+11
-3.791442e+13 2.637564e+13
-2.266420e+10 -7.411246e+09
1.616815e+10 4.031191e+08
-1.616687e+10 -4.030788e+08
5.229667e+07 -5.977074e+07
-2.456475e+07 8.873950e+07
2.994149e+16 1.113676e+17
-2.338892e+06 -5.905460e+06
8.447414e+00 -1.981369e+06
-9.094663e+06 2.180712e+08
4.818126e+08 -2.841849e+07
1.323236e+06 -8.128661e+05
-1.325667e+06 8.188659e+05
-2.736038e+09 -1.310952e+09
3.376545e+07 -1.791094e+06
-1.063978e+01 1.268050e+07
-1.589562e+19 -3.347379e+19
1.864033e+07 -1.424951e+07
3.957991e+05 -7.872242e+00
-3.172319e+06 -5.805107e+06
-8.864291e+07 3.312018e+07
3.901043e+06 1.889230e+06
1.017033e+06 -4.390861e+00
-3.068391e+08 -7.783442e+07
-1.216883e+06 -4.352619e+06
2.458081e+07 -8.878460e+07
-1.208267e+07 5.087833e+06
1.184263e+06 3.423030e+06
-1.427873e+10 -2.193709e+10
-6.233002e+20 5.149525e+20
7.759981e+04 -4.627802e+00
-1.562241e+07 5.990691e+07
-1.873710e+13 -6.819751e+12
2.646748e+08 -2.555897e+10
-7.678275e+00 -1.972014e+06
-4.917748e+06 -5.694079e+07
-4.563588e+09 -5.899112e+10
-9.576380e+08 -2.852252e+09
8.776911e+08 6.528456e+08
-6.355017e+07 -2.031887e+08
4.272493e+07 7.173713e+07
-3.517881e+08 -6.418244e+08
-1.048019e+06 4.488103e-01
-9.006426e+00 -1.420214e+06
-1.821187e+14 9.361243e+13
1.235077e+15 1.334238e+16
-4.146723e+06 3.744299e+00
1.735487e+09 9.925074e+08
-2.586154e+00 1.698974e+06
-4.839643e+08 2.400511e+07
-1.849455e+07 1.423951e+07
4.173576e+06 9.815085e-01
-1.142394e+08 9.769632e+07
-3.684045e+11 3.628882e+11
-1.169883e+05 -9.508542e+06
-1.323748e+13 4.780713e+14
-1.204082e+11 5.493141e+11
2.499819e+06 -6.685026e+06
2.624641e+07 3.992801e+06
-4.469571e+07 -7.592678e+07
1.431462e+07 -1.066448e+06
8.051192e-01 1.898734e+06
-2.335252e+07 -6.759626e+06
3.165415e+06 5.787296e+06
-2.733618e+09 8.043956e+08
-1.082754e+12 -1.193565e+12
2.913153e+07 -7.479900e+06
7.525843e+11 1.135819e+11
1.204398e+07 -5.151669e+06
1.931044e+08 5.011124e+08
-1.089601e+08 -1.155072e+08
-6.783163e+05 -3.740635e+05
-4.731271e+06 9.829499e+05
1.601132e+08 -2.092151e+07
8.345093e+00 6.063516e+05
2.957363e+06 2.574992e+06
3.765474e+10 7.960866e+09
2.365695e+06 3.092268e+06
4.696624e+11 -8.778629e+10
-1.076402e+05 -2.588861e+04
-6.031994e+08 2.611828e+07
4.739992e+08 4.191421e+08
-6.770277e+14 6.101980e+14
-9.355331e+07 -1.745787e+08
-7.268343e+05 -6.904574e+05
2.335060e+07 6.809212e+06
2.897087e+09 1.200066e+10
-4.704689e+05 9.556548e+00
3.101274e-01 1.431932e+06
-1.048770e+13 3.390619e+12
-1.666243e+07 -1.010002e+07
-2.883201e+08 -8.143759e+07
4.549226e+00 6.288128e+06
9.572840e+09 -6.235769e+09
-7.963052e+13 -2.622212e+13
4.809874e+06 5.836637e+06
-2.381019e+06 6.615303e+06
-2.646001e+08 2.556173e+10
1.720270e+08 4.415470e+07
2.894275e+06 -5.346141e+05
1.675683e+06 -4.696071e+05
-2.394617e+07 1.053837e+07
-1.235077e+15 -1.334212e+16
-1.531400e+06 1.815827e+00
2.414737e+11 -4.205808e+10
1.014538e+11 -7.266755e+08
-1.014820e+11 7.267164e+08
5.258087e+10 1.736862e+10
-8.083735e+12 2.903227e+12
2.955142e+12 9.334017e+10
3.574089e+10 1.036655e+10
-1.251423e+07 2.412562e+07
2.266768e+10 7.410583e+09
9.124593e+06 -2.183356e+08
3.260450e+06 -6.487899e+06
-1.921240e+09 -1.163572e+08
3.690529e+05 -9.330971e+00
2.973744e+09 5.715472e+08
-4.724788e+07 -2.249289e+07
3.496060e+06 -1.370736e+07
-4.179803e+00 -6.179288e+06
-8.127929e+05 -9.280839e+00
1.433220e+11 3.213605e+11
-4.728250e+07 3.816104e+07
-1.396684e+07 1.449572e+06
3.984690e+07 3.296845e+07
-7.023499e+06 3.050059e+07
-2.305308e+10 3.104369e+10
-3.707559e+08 6.320404e+07
1.109384e+06 -1.070194e+00
1.308912e+08 -1.284063e+08
1.323931e+13 -4.780808e+14
-5.314122e+08 -8.999787e+08
-5.142548e+08 1.049513e+09
-4.798901e+07 4.030580e+06
6.770679e+14 -6.102101e+14
-7.439926e+06 1.374700e+06
1.921478e+09 1.159107e+08
1.589719e+19 3.348240e+19
-1.720332e+08 -4.423860e+07
-4.305386e+07 -7.119394e+07
-3.454067e+06 1.374195e+07
-5.146410e+06 -6.355715e+05
4.565466e+05 3.571709e+06
-2.557919e+09 3.325398e+10
1.272232e+08 -2.220767e+08
1.775337e+11 2.776245e+12
2.305399e+10 -3.104310e+10
1.048086e+08 -3.915257e+08
2.872477e+08 8.223989e+07
-1.935675e+08 -5.002473e+08
6.216135e+05 -5.349812e+00
4.861019e+06 -6.690658e+00
4.515075e+05 9.108869e+06
-4.736508e+08 -4.187331e+08
6.281745e+07 2.036948e+08
-4.021480e+07 -3.313818e+07
1.204080e+11 -5.493045e+11
-2.598850e+07 -4.039140e+06
3.830104e+06 6.935624e+05
1.042299e+10 7.240268e+09
1.144131e+00 -5.742780e+06
5.132255e+08 -1.049392e+09
6.032101e+08 -2.612382e+07
-3.620489e+06 3.682642e+06
-3.862492e+06 -2.098348e+06
-1.060612e+07 4.234199e+00
4.490160e+06 3.044884e+06
