2.120682e+06 8.763691e+00
8.421592e+06 -1.482957e+06
8.814993e+09 1.139262e+11
2.091751e+12 2.306012e+12
-1.579699e+12 -2.160358e+12
-5.748288e+09 -1.104293e+09
1.638097e+07 -5.865561e+07
-7.385927e+06 -6.063332e+06
-2.438234e+06 -1.610041e+07
-5.375752e+06 -1.007180e+01
7.783608e+05 -1.704309e+06
-3.614277e+07 9.620718e+07
4.941538e+09 -6.424336e+10
5.281990e+09 -1.554008e+09
-5.321660e+10 -1.152494e+10
5.287979e+09 2.533699e+09
-1.410720e+06 4.568712e+07
-7.096067e+06 -2.464903e+06
2.043101e+07 3.388797e+00
-2.531895e+08 2.476532e+08
-2.303575e+06 -4.620413e+06
-4.068479e+09 1.521529e+09
1.530502e+09 4.957262e+10
-7.274137e+10 -1.537858e+10
-5.581201e+07 1.091915e+08
-1.452651e+07 1.438277e+06
7.914207e+05 -1.490300e+05
9.252913e+07 -7.225066e+07
-2.319137e+13 -6.299399e+12
-1.083727e+01 -3.769895e+06
4.545665e+07 -2.052866e+07
-1.389556e+08 2.719440e+07
-3.425373e+10 -1.029654e+10
-3.354364e+09 -1.917735e+09
-4.279407e+07 -6.092562e+06
9.648942e+10 -6.055711e+10
3.336334e+14 6.358333e+14
8.159301e+05 1.520923e+06
5.322848e+10 1.152732e+10
1.792837e+08 1.443383e+08
1.021736e+11 -1.146674e+10
2.249392e+06 4.613037e+06
-4.776988e+00 -2.171795e+06
-2.014326e+10 -1.399397e+10
1.529001e+07 1.108868e+08
2.253725e+06 -2.138240e+06
-2.962944e+12 4.128443e+12
1.412129e+06 -1.076526e+06
1.390210e+08 -2.731514e+07
-2.146423e+09 -2.132222e+09
7.176711e+08 -1.238204e+08
3.231831e+07 1.934760e+07
-8.135208e+00 -1.650523e+06
1.642298e+07 -1.846492e+06
3.621165e+13 1.318073e+13
4.066854e+09 -1.522547e+09
-4.665957e+11 8.126446e+10
5.934466e+08 1.505318e+08
4.272675e+06 1.110924e+07
-4.790274e+07 -1.442204e+08
-2.026141e+13 -2.721888e+13
-9.074734e+11 1.696443e+11
6.863149e+07 -1.375152e+08
2.135692e+08 2.371525e+08
-4.135315e+15 5.909504e+15
-3.816337e+08 1.249133e+08
2.288699e+07 -4.653536e+07
-1.453974e+12 -2.194507e+11
-9.506648e+09 -8.127079e+09
7.345695e+09 -1.031551e+09
5.355327e+06 -4.965206e+00
-1.405817e+10 -1.564481e+10
2.319374e+13 6.299141e+12
2.035033e+09 5.066181e+08
1.192726e+05 -4.177065e+00
-1.015917e+11 -3.356753e+10
-3.428916e+11 -5.363866e+12
-3.423782e+09 -6.666956e+09
-3.793494e+06 3.921672e+06
-4.943588e+08 -1.558319e+08
-5.653217e+09 -2.316530e+10
2.026183e+13 2.721888e+13
-5.600834e+09 3.647924e+09
5.588941e+07 -1.092745e+08
-7.407728e+08 5.408874e+08
-2.874481e+08 -1.431685e+07
6.914331e+00 -1.844521e+07
1.579831e+12 2.160335e+12
-2.230577e+06 2.821105e+00
-1.776063e+05 -8.238576e+00
-6.867104e+07 1.371941e+08
1.405756e+10 1.564545e+10
-2.624282e+09 -1.744533e+09
4.544733e+17 -7.400131e+17
3.426373e+10 1.030113e+10
4.501606e+00 -3.687386e+06
1.025861e+09 1.741161e+09
2.727766e+06 -3.576734e+06
-1.002932e+05 -2.593310e+06
-1.850196e+10 1.205231e+10
-1.528673e+09 -4.958371e+10
1.527305e+12 -1.472330e+12
-1.698451e+09 -1.262291e+09
-7.461451e+11 1.127389e+12
7.921028e+04 2.325275e+06
2.498544e+07 1.531943e+08
7.462291e+11 -1.127308e+12
9.488868e+05 -1.014783e+01
3.520393e+14 -1.809677e+14
-9.648964e+10 6.055465e+10
2.579435e+11 1.452370e+12
4.854760e+07 8.423260e+00
-3.966389e+08 3.807111e+08
-7.346169e+09 1.031919e+09
1.562342e+13 -5.611216e+12
-2.034534e+09 -5.076277e+08
-3.269033e+06 9.777883e+05
4.137009e+15 -5.910593e+15
2.193386e+06 4.162720e+06
-6.905869e+10 -2.003087e+10
-4.545059e+17 7.400206e+17
-6.995488e+08 4.309657e+08
2.026379e+13 -6.548228e+12
5.600736e+09 -3.647838e+09
-2.023607e+08 7.565556e+08
7.112799e+11 -7.012559e+11
1.803587e+08 3.378133e+08
2.759465e+10 4.239531e+10
-7.207577e+06 1.245286e+07
6.393854e+08 -6.882940e+08
-3.659255e+06 -1.750421e+07
3.696850e+06 1.747066e+07
-5.325639e+00 -1.817403e+07
-2.222952e+11 4.455832e+11
-1.089858e+08 3.317746e+07
-1.785893e+08 -1.419267e+08
-2.476000e+07 -4.040986e+07
2.409289e+00 1.632933e+07
3.470165e+09 6.677421e+09
-9.157415e+07 2.467429e+08
2.691662e+15 -1.274499e+16
1.540355e+07 -7.830100e+06
-4.333468e+06 -1.758262e+07
6.974803e+08 -4.307563e+08
-1.401180e+06 -4.498590e+06
-5.792995e+16 -2.155059e+17
-9.152121e+05 -3.339476e-01
9.202914e+07 -7.414902e+06
-1.385989e+09 -1.332227e+08
-7.067767e+06 -1.141245e+06
-6.394347e+08 6.882812e+08
-6.079829e+06 -6.954686e+06
-1.340217e+08 1.502388e+08
-3.877561e+11 -7.541921e+10
-9.427635e+10 3.454151e+11
-1.041051e+00 9.648711e+05
-5.708281e+12 -1.803251e+11
1.722775e+08 -6.392902e+07
6.599224e+13 -1.143107e+14
5.495738e+00 -4.319463e+07
6.354382e+06 -7.876861e+06
-2.703969e+05 -2.291582e+06
5.309722e+08 -1.223287e+08
4.099659e+05 2.298148e+06
1.381976e+06 4.452787e+06
-1.021390e+11 1.146439e+10
-8.296815e+06 -2.342620e+05
-2.579060e+11 -1.452221e+12
1.711376e+10 3.446108e+10
-2.768865e+11 -6.208187e+11
-9.240665e+15 3.800322e+14
4.206073e+06 1.818534e+07
1.339724e+08 -1.502391e+08
1.489269e+06 1.644226e+07
9.426755e+10 -3.454009e+11
-3.339704e+08 -3.156155e+08
1.539078e+14 5.068664e+13
4.953315e+08 1.558923e+08
4.041205e+09 -7.029226e+08
9.161923e+07 -2.467280e+08
1.385924e+09 1.335649e+08
3.352834e+08 -2.836532e+08
2.146260e+09 2.131909e+09
-2.459430e+08 4.293912e+08
6.791993e+08 1.239366e+09
-7.706956e+06 -3.553324e+06
4.834250e+07 6.942080e+06
-6.599494e+13 1.143212e+14
-4.830101e+07 -6.731356e+06
-7.514628e+06 -1.219495e+07
9.241328e+15 -3.800985e+14
-4.610859e+07 1.065956e+06
2.401654e+11 -5.347543e+10
-1.527333e+12 1.472468e+12
-2.383437e+07 8.681366e+07
-2.402167e+11 5.348289e+10
3.339789e+08 3.156370e+08
2.689809e+07 4.147522e+07
-6.264415e+05 -1.778738e+07
-5.191367e+00 3.263394e+06
2.615227e+06 -3.364044e+06
4.834211e+08 1.634518e+08
3.877487e+11 7.540961e+10
-3.810263e+06 5.957767e+06
2.625006e+09 1.745005e+09
2.962552e+12 -4.128104e+12
-5.304369e+08 1.232816e+08
2.871389e+08 1.313076e+07
-1.711297e+10 -3.446323e+10
1.204522e+21 -9.950614e+20
1.839765e+05 4.896419e+06
8.603472e+00 2.736163e+06
2.524651e+07 -9.009608e+07
7.326986e+13 -5.097724e+13
-5.782552e+00 1.079253e+06
7.406495e+08 -5.406650e+08
-3.313436e+06 -3.262024e+05
1.525879e+07 -1.012955e+06
1.096782e+08 -3.231557e+07
-3.352599e+08 1.884314e+08
1.006083e+07 8.526000e+05
-3.336471e+14 -6.358594e+14
-4.039155e+09 7.051283e+08
3.020813e+07 -1.157218e+08
9.507489e+09 8.129150e+09
-6.530919e+07 1.963191e+06
3.310718e+07 -9.225972e+07
-1.006374e+08 1.161264e+08
-2.691718e+15 1.274447e+16
9.049222e+07 4.329171e+07
1.850187e+09 5.510841e+09
2.222741e+11 -4.455463e+11
-7.327211e+13 5.097463e+13
-4.380054e+10 -1.432290e+10
3.124768e+10 7.791105e+08
-3.124576e+10 -7.790471e+08
1.011072e+08 -1.155565e+08
-4.747155e+07 1.714909e+08
5.793114e+16 2.154860e+17
-4.521659e+06 -1.141616e+07
-5.467836e+00 -3.830670e+06
-1.758727e+07 4.217391e+08
9.318970e+08 -5.496639e+07
2.557883e+06 -1.571573e+06
-2.562516e+06 1.582864e+06
-5.289631e+09 -2.534489e+09
6.526496e+07 -3.462626e+06
-6.667252e+00 2.450689e+07
-3.072338e+19 -6.470054e+19
3.603137e+07 -2.754352e+07
7.654405e+05 -2.155005e-01
-6.131730e+06 -1.122050e+07
-1.713316e+08 6.401656e+07
7.539804e+06 3.651604e+06
1.965461e+06 -1.088427e+01
-5.929671e+08 -1.504182e+08
-2.351956e+06 -8.411549e+06
4.749951e+07 -1.715776e+08
-2.335334e+07 9.834101e+06
2.288990e+06 6.615445e+06
-2.759990e+10 -4.240384e+10
-1.204731e+21 9.952652e+20
1.499492e+05 9.580698e+00
-3.019563e+07 1.157929e+08
-3.621387e+13 -1.318087e+13
5.115073e+08 -4.939396e+10
2.859323e+00 -3.811196e+06
-9.503728e+06 -1.100369e+08
-8.818658e+09 -1.139955e+11
-1.850731e+09 -5.512269e+09
1.696211e+09 1.261639e+09
-1.228502e+08 -3.927919e+08
8.257372e+07 1.386462e+08
-6.798606e+08 -1.240441e+09
-2.025579e+06 -3.367635e-01
-4.343774e+00 -2.745139e+06
-3.521078e+14 1.809992e+14
2.386740e+15 2.578316e+16
-8.015233e+06 -2.403965e-01
3.354199e+09 1.918157e+09
-6.942048e+00 3.283818e+06
-9.360173e+08 4.642615e+07
-3.575205e+07 2.752384e+07
8.067375e+06 9.354395e-01
-2.208306e+08 1.888635e+08
-7.119757e+11 7.013011e+11
-2.265213e+05 -1.837563e+07
-2.558679e+13 9.240304e+14
-2.327097e+11 1.061656e+12
4.831322e+06 -1.292038e+07
5.072509e+07 7.716991e+06
-8.640094e+07 -1.467721e+08
2.767030e+07 -2.061720e+06
5.805523e+00 3.670053e+06
-4.513508e+07 -1.306560e+07
6.119492e+06 1.118734e+07
-5.283765e+09 1.554831e+09
-2.092394e+12 -2.306603e+12
5.630177e+07 -1.445513e+07
1.454226e+12 2.194908e+11
2.327820e+07 -9.956517e+06
3.732093e+08 9.685193e+08
-2.111006e+08 -2.237756e+08
-1.311053e+06 -7.226996e+05
-9.143146e+06 1.899420e+06
3.094937e+08 -4.044087e+07
-2.071108e+00 1.171610e+06
5.715618e+06 4.976362e+06
7.276604e+10 1.538415e+10
4.571696e+06 5.975486e+06
9.076875e+11 -1.696641e+11
-2.081003e+05 -5.010237e+04
-1.165733e+09 5.047773e+07
9.160524e+08 8.100116e+08
-1.308450e+15 1.179305e+15
-1.808016e+08 -3.373944e+08
-1.405039e+06 -1.334799e+06
4.513000e+07 1.316080e+07
5.599346e+09 2.319496e+10
-9.098259e+05 -6.319003e-01
4.679076e+00 2.767527e+06
-2.026918e+13 6.553056e+12
-3.220574e+07 -1.952196e+07
-5.572643e+08 -1.574009e+08
-1.039017e+01 1.215358e+07
1.850407e+10 -1.205372e+10
-1.539787e+14 -5.070378e+13
9.296387e+06 1.128090e+07
-4.602126e+06 1.278474e+07
-5.112766e+08 4.939389e+10
3.323993e+08 8.532026e+07
5.595457e+06 -1.034456e+06
3.239053e+06 -9.082201e+05
-4.628015e+07 2.036788e+07
-2.386765e+15 -2.578210e+16
-2.960380e+06 7.503860e+00
4.666231e+11 -8.127697e+10
1.961192e+11 -1.404539e+09
-1.961473e+11 1.404619e+09
1.016164e+11 3.356642e+10
-1.562485e+13 5.611848e+12
5.710737e+12 1.803828e+11
6.907374e+10 2.003444e+10
-2.418677e+07 4.662683e+07
4.381060e+10 1.432264e+10
1.764567e+07 -4.222251e+08
6.305723e+06 -1.254848e+07
-3.713025e+09 -2.248583e+08
7.129704e+05 9.556620e+00
5.747868e+09 1.104727e+09
-9.131109e+07 -4.346962e+07
6.755829e+06 -2.648572e+07
6.738682e-03 -1.194199e+07
-1.570998e+06 3.168804e+00
2.769802e+11 6.210411e+11
-9.139592e+07 7.376445e+07
-2.699876e+07 2.801975e+06
7.704087e+07 6.374314e+07
-1.357480e+07 5.895066e+07
-4.455637e+10 5.999983e+10
-7.168204e+08 1.221914e+08
2.145068e+06 8.139123e+00
2.529654e+08 -2.481609e+08
2.558783e+13 -9.240209e+14
-1.027095e+09 -1.739447e+09
-9.953787e+08 2.031431e+09
-9.275310e+07 7.790498e+06
1.308463e+15 -1.179281e+15
-1.438071e+07 2.657364e+06
3.713345e+09 2.240005e+08
3.072558e+19 6.471312e+19
-3.324279e+08 -8.548633e+07
-8.320709e+07 -1.375912e+08
-6.674671e+06 2.655484e+07
-9.945585e+06 -1.228777e+06
8.825938e+05 6.902369e+06
-4.943070e+09 6.425872e+10
2.460156e+08 -4.294238e+08
3.433178e+11 5.368596e+12
4.455728e+10 -5.999496e+10
2.025545e+08 -7.566526e+08
5.551395e+08 1.589366e+08
-3.740892e+08 -9.666892e+08
1.201384e+06 1.095374e+01
9.392455e+06 -5.360952e+00
8.725158e+05 1.760250e+07
-9.153057e+08 -8.091883e+08
1.214298e+08 3.937544e+08
-7.774725e+07 -6.406667e+07
2.326950e+11 -1.061604e+12
-5.022473e+07 -7.805920e+06
7.404375e+06 1.341080e+06
2.014558e+10 1.399284e+10
-5.332764e+00 -1.112581e+07
9.934549e+08 -2.031199e+09
1.165730e+09 -5.048410e+07
-7.003476e+06 7.123663e+06
-7.464326e+06 -4.055294e+06
-2.049646e+07 1.045634e+01
8.677630e+06 5.883814e+06
