2.060310e+06 -8.620825e+00
8.181782e+06 -1.440728e+06
8.564085e+09 1.106850e+11
2.032214e+12 2.240357e+12
-1.534750e+12 -2.098894e+12
-5.584646e+09 -1.072857e+09
1.591451e+07 -5.698494e+07
-7.175430e+06 -5.890537e+06
-2.368776e+06 -1.564245e+07
-5.222826e+06 -1.008577e+01
7.562041e+05 -1.655797e+06
-3.511379e+07 9.346948e+07
4.800899e+09 -6.241503e+10
5.131572e+09 -1.509753e+09
-5.170220e+10 -1.119708e+10
5.137491e+09 2.461573e+09
-1.370520e+06 4.438583e+07
-6.894092e+06 -2.394722e+06
1.984951e+07 2.411106e-01
-2.459836e+08 2.406049e+08
-2.238027e+06 -4.488903e+06
-3.952645e+09 1.478209e+09
1.486938e+09 4.816194e+10
-7.067086e+10 -1.494086e+10
-5.422372e+07 1.060852e+08
-1.411319e+07 1.397392e+06
7.689141e+05 -1.447678e+05
8.989472e+07 -7.019411e+07
-2.253134e+13 -6.120131e+12
1.081321e+01 -3.662691e+06
4.416365e+07 -1.994463e+07
-1.350048e+08 2.642101e+07
-3.327921e+10 -1.000367e+10
-3.258989e+09 -1.863210e+09
-4.157708e+07 -5.919290e+06
9.374516e+10 -5.883486e+10
3.241443e+14 6.177492e+14
7.927579e+05 1.477652e+06
5.171516e+10 1.119958e+10
1.741858e+08 1.402341e+08
9.926789e+10 -1.114052e+10
2.185343e+06 4.481694e+06
6.396160e+00 -2.109985e+06
-1.957010e+10 -1.359580e+10
1.485508e+07 1.077324e+08
2.189621e+06 -2.077438e+06
-2.878631e+12 4.010916e+12
1.372031e+06 -1.045965e+06
1.350662e+08 -2.653824e+07
-2.085364e+09 -2.071575e+09
6.972439e+08 -1.202962e+08
3.139888e+07 1.879699e+07
2.572820e+00 -1.603567e+06
1.595553e+07 -1.793938e+06
3.518114e+13 1.280562e+13
3.951131e+09 -1.479222e+09
-4.533184e+11 7.895179e+10
5.765571e+08 1.462479e+08
4.151047e+06 1.079297e+07
-4.653957e+07 -1.401165e+08
-1.968476e+13 -2.644436e+13
-8.816526e+11 1.648178e+11
6.667921e+07 -1.336030e+08
2.074766e+08 2.303874e+08
-4.017631e+15 5.741357e+15
-3.707760e+08 1.213597e+08
2.223617e+07 -4.521206e+07
-1.412631e+12 -2.132108e+11
-9.236012e+09 -7.895719e+09
7.136800e+09 -1.002217e+09
5.203078e+06 1.017978e+01
-1.365840e+10 -1.519992e+10
2.253419e+13 6.120002e+12
1.977032e+09 4.921791e+08
1.159640e+05 4.894446e+00
-9.870150e+10 -3.261266e+10
-3.331199e+11 -5.211065e+12
-3.326318e+09 -6.477189e+09
-3.685572e+06 3.810164e+06
-4.802696e+08 -1.513893e+08
-5.492332e+09 -2.250614e+10
1.968518e+13 2.644463e+13
-5.441416e+09 3.544098e+09
5.429874e+07 -1.061656e+08
-7.196905e+08 5.254940e+08
-2.792668e+08 -1.390943e+07
-8.038188e+00 -1.792041e+07
1.534882e+12 2.098871e+12
-2.167145e+06 -1.108177e+01
-1.726042e+05 1.073896e+01
-6.671724e+07 1.332907e+08
1.365780e+10 1.520057e+10
-2.549627e+09 -1.694887e+09
4.415438e+17 -7.189603e+17
3.328849e+10 1.000792e+10
-1.054041e+01 -3.582426e+06
9.966524e+08 1.691588e+09
2.650143e+06 -3.474955e+06
-9.744413e+04 -2.519503e+06
-1.797531e+10 1.170925e+10
-1.485165e+09 -4.817253e+10
1.483837e+12 -1.430426e+12
-1.650106e+09 -1.226360e+09
-7.249044e+11 1.095297e+12
7.697845e+04 2.259057e+06
2.427408e+07 1.488329e+08
7.249807e+11 -1.095205e+12
9.218784e+05 8.857235e+00
3.420192e+14 -1.758171e+14
-9.374338e+10 5.883118e+10
2.505982e+11 1.411011e+12
4.716613e+07 4.975864e+00
-3.853460e+08 3.698725e+08
-7.137050e+09 1.002545e+09
1.517854e+13 -5.451429e+12
-1.976503e+09 -4.931500e+08
-3.175907e+06 9.499221e+05
4.019240e+15 -5.742386e+15
2.130910e+06 4.044138e+06
-6.709327e+10 -1.946077e+10
-4.415717e+17 7.189603e+17
-6.790651e+08 4.183469e+08
1.968703e+13 -6.361765e+12
5.441265e+09 -3.543974e+09
-1.965982e+08 7.350121e+08
6.910292e+11 -6.812905e+11
1.752237e+08 3.281944e+08
2.680887e+10 4.118803e+10
-7.002149e+06 1.209800e+07
6.211811e+08 -6.686970e+08
-3.555114e+06 -1.700611e+07
3.591608e+06 1.697334e+07
-6.034842e+00 -1.765648e+07
-2.159510e+11 4.328622e+11
-1.058834e+08 3.223331e+07
-1.735057e+08 -1.378867e+08
-2.405520e+07 -3.925962e+07
-7.426937e+00 1.586450e+07
3.371401e+09 6.487347e+09
-8.896885e+07 2.397236e+08
2.615056e+15 -1.238241e+16
1.496542e+07 -7.607408e+06
-4.210216e+06 -1.708251e+07
6.770737e+08 -4.181532e+08
-1.361366e+06 -4.370638e+06
-5.627976e+16 -2.093678e+17
-8.892088e+05 6.805554e+00
8.941073e+07 -7.203956e+06
-1.346551e+09 -1.294322e+08
-6.866632e+06 -1.108793e+06
-6.212360e+08 6.686914e+08
-5.906817e+06 -6.756781e+06
-1.302078e+08 1.459630e+08
-3.767209e+11 -7.327296e+10
-9.159344e+10 3.355843e+11
-1.453829e+00 9.374673e+05
-5.545850e+12 -1.751944e+11
1.673749e+08 -6.210985e+07
6.411426e+13 -1.110575e+14
-1.319449e+00 -4.196454e+07
6.173343e+06 -7.652534e+06
-2.627561e+05 -2.226447e+06
5.158534e+08 -1.188456e+08
3.983112e+05 2.232799e+06
1.342714e+06 4.326056e+06
-9.923117e+10 1.113805e+10
-8.060696e+06 -2.276284e+05
-2.505607e+11 -1.410862e+12
1.662664e+10 3.348013e+10
-2.690057e+11 -6.031493e+11
-8.977676e+15 3.692152e+14
4.086340e+06 1.766766e+07
1.301585e+08 -1.459630e+08
1.446882e+06 1.597429e+07
9.158464e+10 -3.355701e+11
-3.244666e+08 -3.066342e+08
1.495274e+14 4.924371e+13
4.812116e+08 1.514486e+08
3.926175e+09 -6.829150e+08
8.901275e+07 -2.397092e+08
1.346490e+09 1.297634e+08
3.257386e+08 -2.755781e+08
2.085170e+09 2.071226e+09
-2.389388e+08 4.171626e+08
6.598698e+08 1.204091e+09
-7.487567e+06 -3.452131e+06
4.696690e+07 6.744508e+06
-6.411696e+13 1.110668e+14
-4.692608e+07 -6.539740e+06
-7.300699e+06 -1.184782e+07
8.978339e+15 -3.692814e+14
-4.479644e+07 1.035539e+06
2.333271e+11 -5.195340e+10
-1.483864e+12 1.430564e+12
-2.315600e+07 8.434302e+07
-2.333807e+11 5.196085e+10
3.244720e+08 3.066524e+08
2.613256e+07 4.029479e+07
-6.086568e+05 -1.728120e+07
4.044784e+00 3.170520e+06
2.540853e+06 -3.268312e+06
4.696635e+08 1.588001e+08
3.767135e+11 7.326339e+10
-3.701820e+06 5.788217e+06
2.550263e+09 1.695328e+09
2.878148e+12 -4.010493e+12
-5.153266e+08 1.197696e+08
2.789640e+08 1.275694e+07
-1.662585e+10 -3.348228e+10
1.170237e+21 -9.667382e+20
1.787853e+05 4.757082e+06
1.241602e-01 2.658303e+06
2.452790e+07 -8.753184e+07
7.118501e+13 -4.952628e+13
-6.875308e-01 1.048544e+06
7.195661e+08 -5.252752e+08
-3.219134e+06 -3.168997e+05
1.482456e+07 -9.841377e+05
1.065564e+08 -3.139598e+07
-3.257159e+08 1.830677e+08
9.774415e+06 8.283311e+05
-3.241511e+14 -6.177623e+14
-3.924145e+09 6.850485e+08
2.934860e+07 -1.124290e+08
9.236754e+09 7.897679e+09
-6.345100e+07 1.907379e+06
3.216549e+07 -8.963527e+07
-9.777127e+07 1.128192e+08
-2.615083e+15 1.238162e+16
8.791755e+07 4.206005e+07
1.797546e+09 5.354039e+09
2.159322e+11 -4.328253e+11
-7.118576e+13 4.952315e+13
-4.255385e+10 -1.391526e+10
3.035835e+10 7.569361e+08
-3.035643e+10 -7.568736e+08
9.822782e+07 -1.122661e+08
-4.612002e+07 1.666085e+08
5.627976e+16 2.093435e+17
-4.392955e+06 -1.109104e+07
-4.157909e-01 -3.721592e+06
-1.708622e+07 4.097243e+08
9.053433e+08 -5.340014e+07
2.485048e+06 -1.526798e+06
-2.489526e+06 1.537767e+06
-5.138983e+09 -2.462308e+09
6.340679e+07 -3.364031e+06
4.882574e+00 2.380921e+07
-2.984895e+19 -6.285892e+19
3.500571e+07 -2.675946e+07
7.436333e+05 -5.437136e-01
-5.957177e+06 -1.090098e+07
-1.664526e+08 6.219366e+07
7.325099e+06 3.547616e+06
1.909489e+06 -7.536933e+00
-5.760860e+08 -1.461359e+08
-2.285001e+06 -8.172095e+06
4.614727e+07 -1.666938e+08
-2.268850e+07 9.554135e+06
2.223799e+06 6.427104e+06
-2.681441e+10 -4.119700e+10
-1.170447e+21 9.669420e+20
1.456751e+05 5.579484e+00
-2.933586e+07 1.124963e+08
-3.518299e+13 -1.280562e+13
4.969476e+08 -4.798798e+10
2.103977e+00 -3.702676e+06
-9.233190e+06 -1.069049e+08
-8.567638e+09 -1.107508e+11
-1.798046e+09 -5.355356e+09
1.647926e+09 1.225724e+09
-1.193520e+08 -3.816073e+08
8.022299e+07 1.346992e+08
-6.605082e+08 -1.205130e+09
-1.967870e+06 -3.648579e+00
-7.334598e-01 -2.666925e+06
-3.420841e+14 1.758449e+14
2.318811e+15 2.504936e+16
-7.786997e+06 -2.500604e-03
3.258747e+09 1.863572e+09
2.018136e+00 3.190360e+06
-9.093605e+08 4.510361e+07
-3.473408e+07 2.674025e+07
7.837716e+06 1.555638e+00
-2.145431e+08 1.834863e+08
-6.917112e+11 6.813404e+11
-2.200741e+05 -1.785278e+07
-2.485865e+13 8.977352e+14
-2.260872e+11 1.031443e+12
4.693828e+06 -1.255273e+07
4.928171e+07 7.497392e+06
-8.394186e+07 -1.425949e+08
2.688280e+07 -2.003033e+06
7.022668e+00 3.565612e+06
-4.385075e+07 -1.269378e+07
5.945307e+06 1.086895e+07
-5.133397e+09 1.510580e+09
-2.032857e+12 -2.240972e+12
5.469973e+07 -1.404403e+07
1.412854e+12 2.132465e+11
2.261605e+07 -9.673340e+06
3.625974e+08 9.409799e+08
-2.050826e+08 -2.173935e+08
-1.273824e+06 -7.021816e+05
-8.883025e+06 1.845395e+06
3.006878e+08 -3.929027e+07
-5.409566e+00 1.138357e+06
5.553095e+06 4.834884e+06
7.069629e+10 1.494656e+10
4.441719e+06 5.805561e+06
8.818667e+11 -1.648377e+11
-2.022518e+05 -4.873691e+04
-1.132561e+09 4.904129e+07
8.899854e+08 7.869622e+08
-1.271215e+15 1.145746e+15
-1.756568e+08 -3.277933e+08
-1.365102e+06 -1.296861e+06
4.384580e+07 1.278633e+07
5.439999e+09 2.253511e+10
-8.840122e+05 -8.221403e+00
2.338394e+00 2.688844e+06
-1.969242e+13 6.366592e+12
-3.128936e+07 -1.896650e+07
-5.414072e+08 -1.529220e+08
8.392272e+00 1.180780e+07
1.797744e+10 -1.171067e+10
-1.495952e+14 -4.926032e+13
9.031916e+06 1.095994e+07
-4.471199e+06 1.242097e+07
-4.967282e+08 4.798840e+10
3.229419e+08 8.289278e+07
5.436198e+06 -1.005016e+06
3.146906e+06 -8.823837e+05
-4.496288e+07 1.978839e+07
-2.318860e+15 -2.504857e+16
-2.876147e+06 2.763475e+00
4.533411e+11 -7.896352e+10
1.905354e+11 -1.364555e+09
-1.905636e+11 1.364633e+09
9.872408e+10 3.261100e+10
-1.517998e+13 5.452061e+12
5.548189e+12 1.752484e+11
6.710757e+10 1.946414e+10
-2.349824e+07 4.529950e+07
4.256345e+10 1.391488e+10
1.714292e+07 -4.101969e+08
6.125992e+06 -1.219091e+07
-3.607324e+09 -2.184571e+08
6.926059e+05 7.474558e+00
5.584207e+09 1.073271e+09
-8.871157e+07 -4.223205e+07
6.563494e+06 -2.573183e+07
7.041347e-01 -1.160202e+07
-1.526249e+06 2.640763e+00
2.690966e+11 6.033653e+11
-8.879397e+07 7.166446e+07
-2.623008e+07 2.722206e+06
7.484690e+07 6.192785e+07
-1.318836e+07 5.727247e+07
-4.328798e+10 5.829183e+10
-6.964080e+08 1.187117e+08
2.084022e+06 -6.483397e+00
2.457669e+08 -2.410994e+08
2.485969e+13 -8.977257e+14
-9.978739e+08 -1.689960e+09
-9.670143e+08 1.973542e+09
-9.011403e+07 7.568857e+06
1.271242e+15 -1.145734e+15
-1.397155e+07 2.581757e+06
3.607717e+09 2.176286e+08
2.985147e+19 6.287150e+19
-3.229733e+08 -8.305513e+07
-8.084026e+07 -1.336760e+08
-6.484841e+06 2.579948e+07
-9.662636e+06 -1.193869e+06
8.575462e+05 6.706041e+06
-4.802428e+09 6.243038e+10
2.390108e+08 -4.171967e+08
3.335427e+11 5.215739e+12
4.328935e+10 -5.828819e+10
1.967920e+08 -7.351263e+08
5.393467e+08 1.544153e+08
-3.634480e+08 -9.391915e+08
1.167253e+06 5.088619e+00
9.125371e+06 5.978708e+00
8.477552e+05 1.710215e+07
-8.892875e+08 -7.861868e+08
1.179771e+08 3.825543e+08
-7.553534e+07 -6.224398e+07
2.260773e+11 -1.031402e+12
-4.879600e+07 -7.583871e+06
7.193688e+06 1.302974e+06
1.957242e+10 1.359468e+10
-1.109593e+00 -1.080854e+07
9.651546e+08 -1.973361e+09
1.132593e+09 -4.904908e+07
-6.804254e+06 6.920938e+06
-7.252136e+06 -3.940033e+06
-1.991370e+07 7.340630e+00
8.430889e+06 5.716482e+06
