2.160060e+06 -4.529909e+00
8.577555e+06 -1.510422e+06
8.978174e+09 1.160357e+11
2.130471e+12 2.348696e+12
-1.608943e+12 -2.200346e+12
-5.854713e+09 -1.124738e+09
1.668416e+07 -5.974252e+07
-7.522732e+06 -6.175627e+06
-2.483378e+06 -1.639846e+07
-5.475280e+06 -1.927901e+00
7.927612e+05 -1.735870e+06
-3.681171e+07 9.798765e+07
5.033004e+09 -6.543243e+10
5.379781e+09 -1.582780e+09
-5.420186e+10 -1.173832e+10
5.385921e+09 2.580624e+09
-1.436860e+06 4.653338e+07
-7.227395e+06 -2.510517e+06
2.080918e+07 -9.943074e+00
-2.578758e+08 2.522371e+08
-2.346234e+06 -4.705942e+06
-4.143786e+09 1.549692e+09
1.558835e+09 5.049039e+10
-7.408795e+10 -1.566325e+10
-5.684535e+07 1.112132e+08
-1.479543e+07 1.464891e+06
8.060633e+05 -1.517885e+05
9.424241e+07 -7.358813e+07
-2.362062e+13 -6.415988e+12
-2.502939e+00 -3.839666e+06
4.629848e+07 -2.090877e+07
-1.415278e+08 2.769774e+07
-3.488797e+10 -1.048714e+10
-3.416459e+09 -1.953234e+09
-4.358612e+07 -6.205317e+06
9.827545e+10 -6.167800e+10
3.398092e+14 6.476030e+14
8.309967e+05 1.549070e+06
5.421375e+10 1.174070e+10
1.826027e+08 1.470103e+08
1.040648e+11 -1.167898e+10
2.291003e+06 4.698383e+06
4.268482e+00 -2.211980e+06
-2.051615e+10 -1.425302e+10
1.557299e+07 1.129391e+08
2.295431e+06 -2.177812e+06
-3.017837e+12 4.204932e+12
1.438255e+06 -1.096445e+06
1.415950e+08 -2.782079e+07
-2.186161e+09 -2.171693e+09
7.309608e+08 -1.261133e+08
3.291650e+07 1.970568e+07
-3.130684e+00 -1.681047e+06
1.672698e+07 -1.880656e+06
3.688185e+13 1.342469e+13
4.142115e+09 -1.550723e+09
-4.752307e+11 8.276852e+10
6.044308e+08 1.533179e+08
4.351762e+06 1.131493e+07
-4.878930e+07 -1.468894e+08
-2.063658e+13 -2.772277e+13
-9.242723e+11 1.727845e+11
6.990161e+07 -1.400604e+08
2.175331e+08 2.415538e+08
-4.211880e+15 6.018899e+15
-3.886976e+08 1.272252e+08
2.331059e+07 -4.739664e+07
-1.480882e+12 -2.235118e+11
-9.682786e+09 -8.277654e+09
7.481649e+09 -1.050643e+09
5.454444e+06 -4.622131e-01
-1.431835e+10 -1.593435e+10
2.362299e+13 6.415730e+12
2.072769e+09 5.160121e+08
1.214695e+05 -2.530908e+00
-1.034721e+11 -3.418877e+10
-3.492489e+11 -5.463278e+12
-3.487191e+09 -6.790417e+09
-3.863736e+06 3.994288e+06
-5.035319e+08 -1.587233e+08
-5.757926e+09 -2.359430e+10
2.063699e+13 2.772278e+13
-5.704513e+09 3.715449e+09
5.692392e+07 -1.112972e+08
-7.544888e+08 5.509023e+08
-2.927708e+08 -1.458194e+07
-2.656135e+00 -1.878668e+07
1.609075e+12 2.200323e+12
-2.271875e+06 -9.231183e+00
-1.808909e+05 -4.734023e+00
-6.994218e+07 1.397337e+08
1.431774e+10 1.593500e+10
-2.672869e+09 -1.776832e+09
4.628852e+17 -7.537099e+17
3.489798e+10 1.049182e+10
8.975678e+00 -3.755648e+06
1.044858e+09 1.773401e+09
2.778249e+06 -3.642927e+06
-1.021461e+05 -2.641311e+06
-1.884446e+10 1.227542e+10
-1.556970e+09 -5.050149e+10
1.555575e+12 -1.499583e+12
-1.729893e+09 -1.285659e+09
-7.599592e+11 1.148261e+12
8.066177e+04 2.368311e+06
2.544791e+07 1.560297e+08
7.600432e+11 -1.148180e+12
9.664310e+05 -1.084477e+01
3.585584e+14 -1.843187e+14
-9.827570e+10 6.167553e+10
2.627206e+11 1.479269e+12
4.944605e+07 6.555797e+00
-4.039806e+08 3.877576e+08
-7.482123e+09 1.051015e+09
1.591264e+13 -5.715098e+12
-2.072261e+09 -5.170400e+08
-3.329548e+06 9.958757e+05
4.213574e+15 -6.019988e+15
2.234004e+06 4.239827e+06
-7.033693e+10 -2.040164e+10
-4.629178e+17 7.537174e+17
-7.128706e+08 4.391725e+08
2.063889e+13 -6.669497e+12
5.704411e+09 -3.715363e+09
-2.061070e+08 7.705616e+08
7.244454e+11 -7.142358e+11
1.836970e+08 3.440668e+08
2.810550e+10 4.318019e+10
-7.341117e+06 1.268356e+07
6.512205e+08 -7.010346e+08
-3.726961e+06 -1.782816e+07
3.765242e+06 1.779397e+07
4.816216e+00 -1.851049e+07
-2.264212e+11 4.538535e+11
-1.110035e+08 3.379170e+07
-1.818955e+08 -1.445542e+08
-2.521835e+07 -4.115790e+07
6.007267e+00 1.663161e+07
3.534397e+09 6.801038e+09
-9.326913e+07 2.513096e+08
2.741502e+15 -1.298098e+16
1.568859e+07 -7.974997e+06
-4.413669e+06 -1.790810e+07
7.107616e+08 -4.389588e+08
-1.427092e+06 -4.581835e+06
-5.900355e+16 -2.194993e+17
-9.321151e+05 7.323937e+00
9.373264e+07 -7.552128e+06
-1.411647e+09 -1.356888e+08
-7.198609e+06 -1.162344e+06
-6.512703e+08 7.010217e+08
-6.192334e+06 -7.083380e+06
-1.365021e+08 1.530196e+08
-3.949329e+11 -7.681505e+10
-9.602121e+10 3.518087e+11
-4.771514e+00 9.826999e+05
-5.813957e+12 -1.836631e+11
1.754671e+08 -6.511256e+07
6.721404e+13 -1.164271e+14
3.774232e+00 -4.399465e+07
6.472136e+06 -8.022822e+06
-2.753825e+05 -2.333974e+06
5.408085e+08 -1.245947e+08
4.175338e+05 2.340664e+06
1.407567e+06 4.535222e+06
-1.040301e+11 1.167664e+10
-8.450378e+06 -2.385762e+05
-2.626831e+11 -1.479119e+12
1.743056e+10 3.509906e+10
-2.820118e+11 -6.323102e+11
-9.411703e+15 3.870672e+14
4.283914e+06 1.852199e+07
1.364529e+08 -1.530202e+08
1.516822e+06 1.674660e+07
9.601240e+10 -3.517945e+11
-3.401535e+08 -3.214586e+08
1.567586e+14 5.162541e+13
5.045178e+08 1.587833e+08
4.116042e+09 -7.159395e+08
9.331497e+07 -2.512944e+08
1.411579e+09 1.360373e+08
3.414910e+08 -2.889049e+08
2.185990e+09 2.171375e+09
-2.504982e+08 4.373442e+08
6.917703e+08 1.262307e+09
-7.849609e+06 -3.619077e+06
4.923708e+07 7.070544e+06
-6.721675e+13 1.164377e+14
-4.919516e+07 -6.855916e+06
-7.653700e+06 -1.242066e+07
9.412366e+15 -3.871335e+14
-4.696190e+07 1.085643e+06
2.446112e+11 -5.446530e+10
-1.555603e+12 1.499722e+12
-2.427550e+07 8.842041e+07
-2.446625e+11 5.447277e+10
3.401618e+08 3.214801e+08
2.739595e+07 4.224290e+07
-6.380079e+05 -1.811659e+07
1.109814e+01 3.323767e+06
2.663597e+06 -3.426290e+06
4.923684e+08 1.664771e+08
3.949255e+11 7.680542e+10
-3.880775e+06 6.068021e+06
2.673615e+09 1.777313e+09
3.017445e+12 -4.204594e+12
-5.402640e+08 1.255656e+08
2.924556e+08 1.337387e+07
-1.742978e+10 -3.510120e+10
1.226819e+21 -1.013482e+21
1.873526e+05 4.987039e+06
-5.852788e-01 2.786785e+06
2.571383e+07 -9.176373e+07
7.462625e+13 -5.192089e+13
5.703725e+00 1.099196e+06
7.543612e+08 -5.506739e+08
-3.374737e+06 -3.322089e+05
1.554114e+07 -1.031667e+06
1.117085e+08 -3.291384e+07
-3.414668e+08 1.919197e+08
1.024706e+07 8.683545e+05
-3.398229e+14 -6.476290e+14
-4.113953e+09 7.181873e+08
3.076734e+07 -1.178640e+08
9.683628e+09 8.279744e+09
-6.651812e+07 1.999501e+06
3.371984e+07 -9.396717e+07
-1.025006e+08 1.182765e+08
-2.741558e+15 1.298045e+16
9.216728e+07 4.409304e+07
1.884435e+09 5.612856e+09
2.264001e+11 -4.538166e+11
-7.462850e+13 5.191828e+13
-4.461133e+10 -1.458802e+10
3.182606e+10 7.935317e+08
-3.182414e+10 -7.934678e+08
1.029798e+08 -1.176964e+08
-4.835020e+07 1.746650e+08
5.900474e+16 2.194795e+17
-4.605349e+06 -1.162749e+07
-1.073027e+01 -3.901570e+06
-1.791300e+07 4.295501e+08
9.491601e+08 -5.598462e+07
2.605207e+06 -1.600639e+06
-2.609926e+06 1.612139e+06
-5.387571e+09 -2.581415e+09
6.647294e+07 -3.526697e+06
-4.069161e+00 2.496042e+07
-3.129206e+19 -6.589825e+19
3.669838e+07 -2.805340e+07
7.795794e+05 -7.659370e+00
-6.245208e+06 -1.142818e+07
-1.745035e+08 6.520165e+07
7.679360e+06 3.719180e+06
2.001821e+06 -3.765620e+00
-6.039419e+08 -1.532022e+08
-2.395457e+06 -8.567195e+06
4.837861e+07 -1.747527e+08
-2.378551e+07 1.001606e+07
2.331314e+06 6.737833e+06
-2.811075e+10 -4.318871e+10
-1.227029e+21 1.013685e+21
1.526989e+05 6.030994e+00
-3.075452e+07 1.179361e+08
-3.688407e+13 -1.342482e+13
5.209728e+08 -5.030803e+10
3.237825e+00 -3.881689e+06
-9.679554e+06 -1.120730e+08
-8.981853e+09 -1.161050e+11
-1.884984e+09 -5.614283e+09
1.727602e+09 1.284989e+09
-1.251244e+08 -4.000633e+08
8.410193e+07 1.412122e+08
-6.924421e+08 -1.263397e+09
-2.063039e+06 2.298765e+00
-1.882702e+00 -2.795914e+06
-3.586269e+14 1.843502e+14
2.430902e+15 2.626022e+16
-8.163556e+06 4.364928e+00
3.416278e+09 1.953657e+09
-1.006680e+01 3.344571e+06
-9.533537e+08 4.728594e+07
-3.641384e+07 2.803325e+07
8.216653e+06 3.595670e+00
-2.249184e+08 1.923594e+08
-7.251502e+11 7.142781e+11
-2.306837e+05 -1.871565e+07
-2.606034e+13 9.411317e+14
-2.370168e+11 1.081305e+12
4.920713e+06 -1.315946e+07
5.166380e+07 7.859780e+06
-8.800020e+07 -1.494887e+08
2.818243e+07 -2.099859e+06
-2.772080e+00 3.737947e+06
-4.597031e+07 -1.330737e+07
6.232732e+06 1.139438e+07
-5.381559e+09 1.583610e+09
-2.131114e+12 -2.349287e+12
5.734368e+07 -1.472261e+07
1.481134e+12 2.235519e+11
2.370899e+07 -1.014075e+07
3.801158e+08 9.864427e+08
-2.150173e+08 -2.279277e+08
-1.335289e+06 -7.360437e+05
-9.312318e+06 1.934541e+06
3.152227e+08 -4.118946e+07
1.307817e+00 1.193274e+06
5.821384e+06 5.068436e+06
7.411260e+10 1.566885e+10
4.656288e+06 6.086052e+06
9.244864e+11 -1.728042e+11
-2.119344e+05 -5.100527e+04
-1.187307e+09 5.141193e+07
9.330054e+08 8.250019e+08
-1.332666e+15 1.201130e+15
-1.841476e+08 -3.436386e+08
-1.431012e+06 -1.359472e+06
4.596520e+07 1.340435e+07
5.702979e+09 2.362426e+10
-9.266286e+05 6.684856e+00
1.568357e+00 2.818699e+06
-2.064428e+13 6.674324e+12
-3.280172e+07 -1.988322e+07
-5.675771e+08 -1.603138e+08
-3.902245e+00 1.237847e+07
1.884656e+10 -1.227682e+10
-1.568296e+14 -5.164254e+13
9.468387e+06 1.148963e+07
-4.687262e+06 1.302131e+07
-5.207384e+08 5.030797e+10
3.385500e+08 8.689897e+07
5.698989e+06 -1.053573e+06
3.298952e+06 -9.249879e+05
-4.713650e+07 2.074474e+07
-2.430927e+15 -2.625916e+16
-3.015133e+06 -7.867282e+00
4.752580e+11 -8.278100e+10
1.997494e+11 -1.430534e+09
-1.997775e+11 1.430615e+09
1.034967e+11 3.418756e+10
-1.591408e+13 5.715730e+12
5.816413e+12 1.837208e+11
7.035199e+10 2.040520e+10
-2.463437e+07 4.748972e+07
4.462141e+10 1.458774e+10
1.797246e+07 -4.300448e+08
6.422498e+06 -1.278088e+07
-3.781743e+09 -2.290198e+08
7.261372e+05 8.715162e+00
5.854269e+09 1.125177e+09
-9.300106e+07 -4.427415e+07
6.880813e+06 -2.697579e+07
-8.857038e+00 -1.216297e+07
-1.600047e+06 3.029667e+00
2.821055e+11 6.325326e+11
-9.308750e+07 7.512970e+07
-2.749848e+07 2.853820e+06
7.846720e+07 6.492327e+07
-1.382601e+07 6.004168e+07
-4.538098e+10 6.111024e+10
-7.300911e+08 1.244536e+08
2.184770e+06 -7.253377e+00
2.576470e+08 -2.527534e+08
2.606138e+13 -9.411222e+14
-1.046106e+09 -1.771643e+09
-1.013832e+09 2.069093e+09
-9.447007e+07 7.934696e+06
1.332679e+15 -1.201106e+15
-1.464690e+07 2.706539e+06
3.782065e+09 2.281459e+08
3.129427e+19 6.591084e+19
-3.385790e+08 -8.706805e+07
-8.474694e+07 -1.401374e+08
-6.798144e+06 2.704610e+07
-1.012962e+07 -1.251494e+06
8.988983e+05 7.030067e+06
-5.034538e+09 6.544779e+10
2.505712e+08 -4.373759e+08
3.496752e+11 5.468007e+12
4.538189e+10 -6.110538e+10
2.063036e+08 -7.706575e+08
5.654141e+08 1.618782e+08
-3.810123e+08 -9.845920e+08
1.223627e+06 -4.176900e+00
9.566295e+06 9.893233e+00
8.886306e+05 1.792828e+07
-9.322452e+08 -8.241637e+08
1.236778e+08 4.010437e+08
-7.918682e+07 -6.525291e+07
2.370021e+11 -1.081253e+12
-5.115423e+07 -7.950355e+06
7.541417e+06 1.365872e+06
2.051847e+10 1.425187e+10
9.870972e+00 -1.133224e+07
1.011873e+09 -2.068855e+09
1.187304e+09 -5.141842e+07
-7.133211e+06 7.255617e+06
-7.602454e+06 -4.130324e+06
-2.087576e+07 -4.428848e-01
8.838230e+06 5.992719e+06
