2.095068e+06 7.714189e+00
8.320147e+06 -1.465093e+06
8.708854e+09 1.125541e+11
2.066566e+12 2.278249e+12
-1.560678e+12 -2.134348e+12
-5.679064e+09 -1.090995e+09
1.618376e+07 -5.794864e+07
-7.296943e+06 -5.990291e+06
-2.408871e+06 -1.590654e+07
-5.311014e+06 9.861030e+00
7.689941e+05 -1.683780e+06
-3.570766e+07 9.504909e+07
4.882045e+09 -6.346994e+10
5.218383e+09 -1.535294e+09
-5.257575e+10 -1.138615e+10
5.224274e+09 2.503178e+09
-1.393718e+06 4.513667e+07
-7.010646e+06 -2.435234e+06
2.018503e+07 6.915478e+00
-2.501412e+08 2.446716e+08
-2.275827e+06 -4.564781e+06
-4.019497e+09 1.503210e+09
1.512074e+09 4.897566e+10
-7.186550e+10 -1.519341e+10
-5.513989e+07 1.078765e+08
-1.435159e+07 1.420966e+06
7.818965e+05 -1.472358e+05
9.141473e+07 -7.138072e+07
-2.291216e+13 -6.223565e+12
8.180164e+00 -3.724513e+06
4.490908e+07 -2.028142e+07
-1.372825e+08 2.686700e+07
-3.384119e+10 -1.017256e+10
-3.313975e+09 -1.894645e+09
-4.227888e+07 -6.019221e+06
9.532770e+10 -5.982804e+10
3.296164e+14 6.281779e+14
8.061302e+05 1.502615e+06
5.258762e+10 1.138853e+10
1.771249e+08 1.426003e+08
1.009436e+11 -1.132869e+10
2.222327e+06 4.557525e+06
-1.095737e+01 -2.145658e+06
-1.990071e+10 -1.382547e+10
1.510595e+07 1.095519e+08
2.226598e+06 -2.112501e+06
-2.927239e+12 4.078691e+12
1.395135e+06 -1.063569e+06
1.373468e+08 -2.698624e+07
-2.120575e+09 -2.106549e+09
7.090268e+08 -1.223290e+08
3.192922e+07 1.911469e+07
-4.860253e+00 -1.630670e+06
1.622525e+07 -1.824270e+06
3.577572e+13 1.302205e+13
4.017901e+09 -1.504219e+09
-4.609791e+11 8.028615e+10
5.863020e+08 1.487196e+08
4.221233e+06 1.097545e+07
-4.732609e+07 -1.424844e+08
-2.001739e+13 -2.689112e+13
-8.965467e+11 1.676019e+11
6.780534e+07 -1.358596e+08
2.109910e+08 2.342897e+08
-4.085514e+15 5.838349e+15
-3.770390e+08 1.234095e+08
2.261146e+07 -4.597516e+07
-1.436473e+12 -2.168092e+11
-9.392081e+09 -8.029138e+09
7.257264e+09 -1.019133e+09
5.290857e+06 7.144898e+00
-1.388894e+10 -1.545648e+10
2.291454e+13 6.223307e+12
2.010489e+09 5.005079e+08
1.178436e+05 -7.919205e+00
-1.003687e+11 -3.316346e+10
-3.387565e+11 -5.299205e+12
-3.382538e+09 -6.586652e+09
-3.747805e+06 3.874439e+06
-4.883923e+08 -1.539512e+08
-5.585110e+09 -2.288626e+10
2.001781e+13 2.689112e+13
-5.533397e+09 3.604004e+09
5.521652e+07 -1.079589e+08
-7.318513e+08 5.343733e+08
-2.839859e+08 -1.414442e+07
-1.009202e+00 -1.822311e+07
1.560810e+12 2.134325e+12
-2.203715e+06 1.162083e+00
-1.754698e+05 -9.726557e+00
-6.784423e+07 1.355423e+08
1.388833e+10 1.545712e+10
-2.592678e+09 -1.723524e+09
4.490019e+17 -7.311041e+17
3.385118e+10 1.017709e+10
2.481950e+00 -3.642985e+06
1.013505e+09 1.720190e+09
2.694930e+06 -3.533679e+06
-9.908797e+04 -2.562088e+06
-1.827917e+10 1.190718e+10
-1.510268e+09 -4.898675e+10
1.508917e+12 -1.454603e+12
-1.678000e+09 -1.247092e+09
-7.371598e+11 1.113814e+12
7.826617e+04 2.297283e+06
2.468464e+07 1.513500e+08
7.372438e+11 -1.113733e+12
9.374752e+05 3.974715e-01
3.477991e+14 -1.787881e+14
-9.532791e+10 5.982558e+10
2.548363e+11 1.434874e+12
4.796322e+07 -6.687338e+00
-3.918635e+08 3.761278e+08
-7.257739e+09 1.019498e+09
1.543529e+13 -5.543647e+12
-2.009994e+09 -5.015055e+08
-3.229672e+06 9.660234e+05
4.087208e+15 -5.839438e+15
2.166967e+06 4.112567e+06
-6.822728e+10 -1.978971e+10
-4.490345e+17 7.311117e+17
-6.908838e+08 4.256277e+08
2.001981e+13 -6.469350e+12
5.533300e+09 -3.603917e+09
-1.999239e+08 7.474455e+08
7.027165e+11 -6.928131e+11
1.781873e+08 3.337458e+08
2.726236e+10 4.188479e+10
-7.120717e+06 1.230280e+07
6.316873e+08 -6.800070e+08
-3.615217e+06 -1.729351e+07
3.652365e+06 1.726037e+07
1.731534e+00 -1.795519e+07
-2.196115e+11 4.402039e+11
-1.076735e+08 3.277793e+07
-1.764388e+08 -1.402177e+08
-2.446187e+07 -3.992330e+07
-5.966394e+00 1.613272e+07
3.428385e+09 6.597016e+09
-9.047167e+07 2.437725e+08
2.659244e+15 -1.259150e+16
1.521814e+07 -7.735853e+06
-4.281301e+06 -1.737091e+07
6.888417e+08 -4.254211e+08
-1.384325e+06 -4.444444e+06
-5.723164e+16 -2.129084e+17
-9.042176e+05 -4.668490e-01
9.092111e+07 -7.325644e+06
-1.369300e+09 -1.316186e+08
-6.982662e+06 -1.127522e+06
-6.317363e+08 6.799943e+08
-6.006650e+06 -6.870977e+06
-1.324083e+08 1.484301e+08
-3.830880e+11 -7.451130e+10
-9.314142e+10 3.412565e+11
-5.045769e+00 9.532745e+05
-5.639545e+12 -1.781539e+11
1.702028e+08 -6.315919e+07
6.519753e+13 -1.129340e+14
9.089004e+00 -4.267427e+07
6.277789e+06 -7.781922e+06
-2.671540e+05 -2.264009e+06
5.245744e+08 -1.208547e+08
4.050434e+05 2.270494e+06
1.365331e+06 4.399167e+06
-1.009089e+11 1.132634e+10
-8.196932e+06 -2.314558e+05
-2.547988e+11 -1.434725e+12
1.690770e+10 3.404612e+10
-2.735527e+11 -6.133442e+11
-9.129415e+15 3.754564e+14
4.155442e+06 1.796637e+07
1.323591e+08 -1.484302e+08
1.471348e+06 1.624431e+07
9.313262e+10 -3.412423e+11
-3.299486e+08 -3.118149e+08
1.520534e+14 5.007603e+13
4.893563e+08 1.540119e+08
3.992527e+09 -6.944559e+08
9.051624e+07 -2.437578e+08
1.369237e+09 1.319568e+08
3.312458e+08 -2.802373e+08
2.120418e+09 2.106239e+09
-2.429800e+08 4.242183e+08
6.710225e+08 1.224444e+09
-7.614169e+06 -3.510555e+06
4.776063e+07 6.858521e+06
-6.520023e+13 1.129445e+14
-4.771941e+07 -6.650336e+06
-7.424169e+06 -1.204815e+07
9.130078e+15 -3.755226e+14
-4.555356e+07 1.053150e+06
2.372737e+11 -5.283158e+10
-1.508945e+12 1.454742e+12
-2.354745e+07 8.576857e+07
-2.373249e+11 5.283903e+10
3.299573e+08 3.118363e+08
2.657427e+07 4.097589e+07
-6.189182e+05 -1.757326e+07
-1.638186e+00 3.224125e+06
2.583765e+06 -3.323557e+06
4.776013e+08 1.614841e+08
3.830806e+11 7.450171e+10
-3.764399e+06 5.886053e+06
2.593388e+09 1.723990e+09
2.926847e+12 -4.078352e+12
-5.240449e+08 1.217959e+08
2.836808e+08 1.297262e+07
-1.690691e+10 -3.404827e+10
1.190019e+21 -9.830801e+20
1.817805e+05 4.837476e+06
2.410475e+00 2.703236e+06
2.494254e+07 -8.901137e+07
7.238761e+13 -5.036346e+13
1.069002e+01 1.066282e+06
7.317307e+08 -5.341548e+08
-3.273563e+06 -3.222955e+05
1.507513e+07 -1.000783e+06
1.083577e+08 -3.192643e+07
-3.312226e+08 1.861625e+08
9.939699e+06 8.423526e+05
-3.296301e+14 -6.282039e+14
-3.990503e+09 6.966341e+08
2.984440e+07 -1.143283e+08
9.392921e+09 8.031198e+09
-6.452285e+07 1.939573e+06
3.270868e+07 -9.114912e+07
-9.942541e+07 1.147280e+08
-2.659300e+15 1.259098e+16
8.940269e+07 4.277050e+07
1.827911e+09 5.444487e+09
2.195904e+11 -4.401670e+11
-7.238986e+13 5.036085e+13
-4.327316e+10 -1.415046e+10
3.087147e+10 7.697302e+08
-3.086955e+10 -7.696672e+08
9.988915e+07 -1.141646e+08
-4.690004e+07 1.694263e+08
5.723282e+16 2.128885e+17
-4.467224e+06 -1.127870e+07
1.516952e+00 -3.784554e+06
-1.737540e+07 4.166584e+08
9.206683e+08 -5.430409e+07
2.527102e+06 -1.552667e+06
-2.531679e+06 1.563822e+06
-5.225927e+09 -2.503966e+09
6.447923e+07 -3.420952e+06
4.802001e+00 2.421189e+07
-3.035348e+19 -6.392149e+19
3.559752e+07 -2.721187e+07
7.562439e+05 2.251723e+00
-6.057918e+06 -1.108542e+07
-1.692684e+08 6.324573e+07
7.449031e+06 3.607649e+06
1.941811e+06 -2.256438e+00
-5.858286e+08 -1.486074e+08
-2.323662e+06 -8.310310e+06
4.692771e+07 -1.695124e+08
-2.307224e+07 9.715750e+06
2.261460e+06 6.535840e+06
-2.726762e+10 -4.189332e+10
-1.190228e+21 9.832838e+20
1.481607e+05 -8.393342e+00
-2.983211e+07 1.143989e+08
-3.577794e+13 -1.302219e+13
5.053505e+08 -4.879941e+10
6.343073e-01 -3.765344e+06
-9.389364e+06 -1.087125e+08
-8.712509e+09 -1.126234e+11
-1.828452e+09 -5.445916e+09
1.675793e+09 1.246452e+09
-1.213710e+08 -3.880623e+08
8.157971e+07 1.369772e+08
-6.716771e+08 -1.225509e+09
-2.001214e+06 9.624022e+00
8.302954e+00 -2.712112e+06
-3.478676e+14 1.788196e+14
2.358015e+15 2.547286e+16
-7.918756e+06 -5.808363e+00
3.313821e+09 1.895067e+09
-1.064816e+01 3.244302e+06
-9.247409e+08 4.586691e+07
-3.532159e+07 2.719251e+07
7.970278e+06 -6.038764e+00
-2.181718e+08 1.865897e+08
-7.034065e+11 6.928603e+11
-2.238139e+05 -1.815446e+07
-2.527877e+13 9.129069e+14
-2.299083e+11 1.048875e+12
4.773178e+06 -1.276487e+07
5.011452e+07 7.624115e+06
-8.536072e+07 -1.450051e+08
2.733719e+07 -2.036913e+06
8.218646e+00 3.625891e+06
-4.459181e+07 -1.290834e+07
6.045837e+06 1.105267e+07
-5.220156e+09 1.536112e+09
-2.067209e+12 -2.278840e+12
5.562407e+07 -1.428115e+07
1.436725e+12 2.168493e+11
2.299800e+07 -9.836684e+06
3.687170e+08 9.568611e+08
-2.085530e+08 -2.210749e+08
-1.295290e+06 -7.140200e+05
-9.033109e+06 1.876576e+06
3.057672e+08 -3.995396e+07
2.261205e+00 1.157519e+06
5.646824e+06 4.916473e+06
7.189017e+10 1.519898e+10
4.516675e+06 5.903569e+06
8.967608e+11 -1.676217e+11
-2.056065e+05 -4.951508e+04
-1.151700e+09 4.987008e+07
9.050255e+08 8.002612e+08
-1.292699e+15 1.165109e+15
-1.786253e+08 -3.333329e+08
-1.388145e+06 -1.318751e+06
4.458676e+07 1.300239e+07
5.531939e+09 2.291573e+10
-8.988967e+05 9.252248e+00
5.680737e-01 2.734242e+06
-2.002520e+13 6.474178e+12
-3.181809e+07 -1.928699e+07
-5.505564e+08 -1.555062e+08
-2.836199e+00 1.200731e+07
1.828129e+10 -1.190860e+10
-1.521244e+14 -5.009316e+13
9.184510e+06 1.114513e+07
-4.546751e+06 1.263087e+07
-5.051223e+08 4.879934e+10
3.283986e+08 8.429340e+07
5.528115e+06 -1.022021e+06
3.200092e+06 -8.973135e+05
-4.572313e+07 2.012275e+07
-2.358039e+15 -2.547180e+16
-2.924767e+06 1.374510e+00
4.610065e+11 -8.029868e+10
1.937580e+11 -1.387631e+09
-1.937861e+11 1.387710e+09
1.003933e+11 3.316240e+10
-1.543673e+13 5.544279e+12
5.642000e+12 1.782117e+11
6.824231e+10 1.979328e+10
-2.389564e+07 4.606557e+07
4.328322e+10 1.415021e+10
1.743311e+07 -4.171388e+08
6.229768e+06 -1.239731e+07
-3.668327e+09 -2.221515e+08
7.044061e+05 5.057947e+00
5.678661e+09 1.091425e+09
-9.021186e+07 -4.294631e+07
6.674534e+06 -2.616696e+07
-4.715637e+00 -1.179826e+07
-1.552103e+06 -8.415740e+00
2.736465e+11 6.135666e+11
-9.029564e+07 7.287644e+07
-2.667372e+07 2.768252e+06
7.611312e+07 6.297553e+07
-1.341139e+07 5.824102e+07
-4.402001e+10 5.927757e+10
-7.081886e+08 1.207200e+08
2.119245e+06 -8.456254e-01
2.499203e+08 -2.451737e+08
2.527981e+13 -9.128975e+14
-1.014729e+09 -1.718505e+09
-9.833756e+08 2.006934e+09
-9.163630e+07 7.696705e+06
1.292712e+15 -1.165085e+15
-1.420756e+07 2.625379e+06
3.668646e+09 2.213041e+08
3.035568e+19 6.393408e+19
-3.284270e+08 -8.445751e+07
-8.220551e+07 -1.359350e+08
-6.594360e+06 2.623529e+07
-9.825882e+06 -1.214001e+06
8.719887e+05 6.819308e+06
-4.883575e+09 6.348529e+10
2.430524e+08 -4.242515e+08
3.391827e+11 5.303934e+12
4.402092e+10 -5.927270e+10
2.001159e+08 -7.475433e+08
5.484564e+08 1.570233e+08
-3.695861e+08 -9.550445e+08
1.186917e+06 -6.017682e+00
9.279382e+06 -3.409995e+00
8.620340e+05 1.739060e+07
-9.042875e+08 -7.994477e+08
1.199677e+08 3.890131e+08
-7.681089e+07 -6.329509e+07
2.298936e+11 -1.048823e+12
-4.962013e+07 -7.711974e+06
7.315237e+06 1.324955e+06
1.990303e+10 1.382435e+10
5.097089e-01 -1.099154e+07
9.814746e+08 -2.006706e+09
1.151697e+09 -4.987638e+07
-6.919091e+06 7.037835e+06
-7.374481e+06 -4.006491e+06
-2.024975e+07 -9.563193e-01
8.573168e+06 5.812978e+06
