1.997370e+06 -9.344599e+00
7.931469e+06 -1.396690e+06
8.302166e+09 1.073014e+11
1.970044e+12 2.171823e+12
-1.487828e+12 -2.034731e+12
-5.413764e+09 -1.040019e+09
1.542746e+07 -5.524350e+07
-6.956260e+06 -5.710508e+06
-2.296364e+06 -1.516428e+07
-5.063074e+06 1.454139e+00
7.331652e+05 -1.605263e+06
-3.404047e+07 9.060965e+07
4.653936e+09 -6.050515e+10
4.974501e+09 -1.463540e+09
-5.012077e+10 -1.085446e+10
4.980178e+09 2.386203e+09
-1.328586e+06 4.302754e+07
-6.683366e+06 -2.321574e+06
1.924255e+07 3.565839e+00
-2.384590e+08 2.332422e+08
-2.169578e+06 -4.351643e+06
-3.831771e+09 1.432989e+09
1.441446e+09 4.668832e+10
-6.850724e+10 -1.448346e+10
-5.256391e+07 1.028379e+08
-1.368140e+07 1.354637e+06
7.453728e+05 -1.403164e+05
8.714281e+07 -6.804661e+07
-2.184235e+13 -5.932932e+12
-2.499126e+01 -3.550641e+06
4.281336e+07 -1.933431e+07
-1.308775e+08 2.561308e+07
-3.226154e+10 -9.697842e+09
-3.159356e+09 -1.806250e+09
-4.030533e+07 -5.738246e+06
9.087743e+10 -5.703512e+10
3.142350e+14 5.988580e+14
7.685607e+05 1.432451e+06
5.013372e+10 1.085709e+10
1.688604e+08 1.359468e+08
9.623454e+10 -1.080009e+10
2.118598e+06 4.344681e+06
-6.967427e+00 -2.045597e+06
-1.897158e+10 -1.318001e+10
1.440072e+07 1.044383e+08
2.122679e+06 -2.013922e+06
-2.790523e+12 3.888186e+12
1.330074e+06 -1.014082e+06
1.309376e+08 -2.572720e+07
-2.021603e+09 -2.008199e+09
6.759126e+08 -1.166146e+08
3.043869e+07 1.822197e+07
-8.625999e+00 -1.554552e+06
1.546776e+07 -1.739121e+06
3.410578e+13 1.241418e+13
3.830372e+09 -1.433995e+09
-4.394632e+11 7.653846e+10
5.589325e+08 1.417760e+08
4.024128e+06 1.046286e+07
-4.511610e+07 -1.358311e+08
-1.908259e+13 -2.563555e+13
-8.546889e+11 1.597776e+11
6.463981e+07 -1.295163e+08
2.011143e+08 2.233204e+08
-3.894822e+15 5.565829e+15
-3.594377e+08 1.176476e+08
2.155602e+07 -4.382914e+07
-1.369428e+12 -2.066902e+11
-8.953296e+09 -7.653949e+09
6.918505e+09 -9.715727e+08
5.043964e+06 8.195958e+00
-1.324079e+10 -1.473502e+10
2.184496e+13 5.932867e+12
1.916442e+09 4.770905e+08
1.123682e+05 3.129409e+00
-9.568230e+10 -3.161519e+10
-3.229474e+11 -5.051885e+12
-3.224787e+09 -6.279570e+09
-3.573217e+06 3.693939e+06
-4.655868e+08 -1.467612e+08
-5.324671e+09 -2.181875e+10
1.908383e+13 2.563695e+13
-5.275117e+09 3.435790e+09
5.263883e+07 -1.029213e+08
-6.977054e+08 5.094359e+08
-2.707322e+08 -1.348461e+07
8.549434e+00 -1.737316e+07
1.488008e+12 2.034797e+12
-2.101152e+06 -7.409462e+00
-1.674083e+05 -4.696363e+00
-6.467910e+07 1.292202e+08
1.324019e+10 1.473567e+10
-2.471613e+09 -1.643026e+09
4.280374e+17 -6.969682e+17
3.227046e+10 9.701841e+09
6.494134e+00 -3.472754e+06
9.661722e+08 1.639839e+09
2.569041e+06 -3.368628e+06
-9.442432e+04 -2.442434e+06
-1.742536e+10 1.135101e+10
-1.439731e+09 -4.669942e+10
1.438477e+12 -1.386697e+12
-1.599656e+09 -1.188865e+09
-7.027391e+11 1.061808e+12
7.464868e+04 2.189981e+06
2.353147e+07 1.442785e+08
7.027926e+11 -1.061681e+12
8.936415e+05 -3.900221e+00
3.315519e+14 -1.704366e+14
-9.087561e+10 5.703083e+10
2.429253e+11 1.367807e+12
4.572296e+07 -8.152020e+00
-3.735658e+08 3.585584e+08
-6.918681e+09 9.718726e+08
1.471399e+13 -5.284632e+12
-1.915926e+09 -4.780371e+08
-3.078642e+06 9.208254e+05
3.896304e+15 -5.566737e+15
2.065604e+06 3.920245e+06
-6.504017e+10 -1.886525e+10
-4.280606e+17 6.969682e+17
-6.576751e+08 4.051697e+08
1.908475e+13 -6.167252e+12
5.274741e+09 -3.435516e+09
-1.905830e+08 7.125158e+08
6.698828e+11 -6.604565e+11
1.698635e+08 3.181569e+08
2.598890e+10 3.992866e+10
-6.787858e+06 1.172753e+07
6.021781e+08 -6.482402e+08
-3.446381e+06 -1.648616e+07
3.481705e+06 1.645414e+07
5.840925e+00 -1.711616e+07
-2.093239e+11 4.195786e+11
-1.026426e+08 3.124807e+07
-1.681990e+08 -1.336694e+08
-2.331948e+07 -3.805850e+07
4.038470e+00 1.537949e+07
3.268338e+09 6.289068e+09
-8.624822e+07 2.323910e+08
2.535058e+15 -1.200350e+16
1.450751e+07 -7.374609e+06
-4.081330e+06 -1.655965e+07
6.557413e+08 -4.049785e+08
-1.319752e+06 -4.236955e+06
-5.455535e+16 -2.029536e+17
-8.619475e+05 6.477368e+00
8.667449e+07 -6.983433e+06
-1.305354e+09 -1.254711e+08
-6.656385e+06 -1.074794e+06
-6.022255e+08 6.482418e+08
-5.726061e+06 -6.550099e+06
-1.262264e+08 1.414995e+08
-3.651975e+11 -7.103252e+10
-8.879279e+10 3.253256e+11
-8.981865e+00 9.087959e+05
-5.376230e+12 -1.698348e+11
1.622535e+08 -6.020949e+07
6.215248e+13 -1.076591e+14
-2.551978e+00 -4.068134e+07
5.984576e+06 -7.418416e+06
-2.547816e+05 -2.158429e+06
5.000654e+08 -1.152083e+08
3.861152e+05 2.164466e+06
1.301607e+06 4.193650e+06
-9.619573e+10 1.079738e+10
-7.814148e+06 -2.205918e+05
-2.428931e+11 -1.367687e+12
1.611796e+10 3.245578e+10
-2.607763e+11 -5.846981e+11
-8.703051e+15 3.579234e+14
3.961376e+06 1.712724e+07
1.261785e+08 -1.414991e+08
1.402591e+06 1.548593e+07
8.878496e+10 -3.253114e+11
-3.145456e+08 -2.972587e+08
1.449546e+14 4.773742e+13
4.664667e+08 1.468082e+08
3.806054e+09 -6.620216e+08
8.629085e+07 -2.323796e+08
1.305311e+09 1.257951e+08
3.157749e+08 -2.671487e+08
2.021400e+09 2.007880e+09
-2.316298e+08 4.044018e+08
6.396921e+08 1.167269e+09
-7.258575e+06 -3.346605e+06
4.553093e+07 6.538293e+06
-6.215518e+13 1.076685e+14
-4.549133e+07 -6.339834e+06
-7.077530e+06 -1.148566e+07
8.703903e+15 -3.579936e+14
-4.342624e+07 1.003817e+06
2.261912e+11 -5.036402e+10
-1.438488e+12 1.386820e+12
-2.244787e+07 8.176392e+07
-2.262448e+11 5.037201e+10
3.145478e+08 2.972736e+08
2.533335e+07 3.906248e+07
-5.900086e+05 -1.675289e+07
1.344350e+00 3.073639e+06
2.463102e+06 -3.168314e+06
4.553071e+08 1.539460e+08
3.651980e+11 7.102375e+10
-3.588636e+06 5.611349e+06
2.472294e+09 1.643488e+09
2.790070e+12 -3.887721e+12
-4.995531e+08 1.161035e+08
2.704302e+08 1.236667e+07
-1.611771e+10 -3.245827e+10
1.134448e+21 -9.371822e+20
1.733459e+05 4.611607e+06
6.996112e-01 2.577127e+06
2.377808e+07 -8.485509e+07
6.900788e+13 -4.801165e+13
-1.012674e+01 1.016501e+06
6.975498e+08 -5.092044e+08
-3.120617e+06 -3.072140e+05
1.437126e+07 -9.540354e+05
1.032964e+08 -3.043562e+07
-3.157496e+08 1.774666e+08
9.475389e+06 8.029233e+05
-3.142350e+14 -5.988645e+14
-3.804046e+09 6.640948e+08
2.845161e+07 -1.089927e+08
8.954426e+09 7.656212e+09
-6.151257e+07 1.849115e+06
3.118207e+07 -8.689460e+07
-9.478054e+07 1.093682e+08
-2.535086e+15 1.200285e+16
8.522981e+07 4.077426e+07
1.742575e+09 5.190352e+09
2.093119e+11 -4.195554e+11
-6.900863e+13 4.800852e+13
-4.125245e+10 -1.348972e+10
2.943000e+10 7.337886e+08
-2.942839e+10 -7.337351e+08
9.522410e+07 -1.088324e+08
-4.471016e+07 1.615154e+08
5.455713e+16 2.029359e+17
-4.258606e+06 -1.075177e+07
6.540942e+00 -3.607746e+06
-1.656352e+07 3.971868e+08
8.776440e+08 -5.176579e+07
2.409067e+06 -1.480100e+06
-2.413455e+06 1.490795e+06
-4.981781e+09 -2.386988e+09
6.146642e+07 -3.261089e+06
7.772889e+00 2.308093e+07
-2.893584e+19 -6.093581e+19
3.393469e+07 -2.594071e+07
7.208418e+05 6.981035e-01
-5.774904e+06 -1.056748e+07
-1.613613e+08 6.029146e+07
7.101077e+06 3.439128e+06
1.851105e+06 4.729452e+00
-5.584705e+08 -1.416658e+08
-2.215179e+06 -7.922161e+06
4.473571e+07 -1.615957e+08
-2.199434e+07 9.261857e+06
2.155774e+06 6.230572e+06
-2.599388e+10 -3.993633e+10
-1.134633e+21 9.373554e+20
1.412362e+05 8.422113e+00
-2.843845e+07 1.090550e+08
-3.410689e+13 -1.241391e+13
4.817493e+08 -4.652031e+10
-4.168138e+00 -3.589360e+06
-8.950690e+06 -1.036356e+08
-8.305696e+09 -1.073650e+11
-1.743068e+09 -5.191560e+09
1.597522e+09 1.188233e+09
-1.157005e+08 -3.699361e+08
7.777003e+07 1.305792e+08
-6.403068e+08 -1.168258e+09
-1.907657e+06 -9.558763e-01
-6.467359e+00 -2.585258e+06
-3.316132e+14 1.704626e+14
2.247878e+15 2.428311e+16
-7.548737e+06 1.307265e+00
3.159036e+09 1.806553e+09
-6.220999e+00 3.092736e+06
-8.815148e+08 4.372260e+07
-3.367110e+07 2.592194e+07
7.597834e+06 2.130902e+00
-2.079795e+08 1.778712e+08
-6.705504e+11 6.604969e+11
-2.132991e+05 -1.730657e+07
-2.409803e+13 8.702671e+14
-2.191741e+11 9.998941e+11
4.550231e+06 -1.216880e+07
4.777390e+07 7.267956e+06
-8.137304e+07 -1.382313e+08
2.606042e+07 -1.941707e+06
-7.134414e-03 3.456448e+06
-4.250909e+07 -1.230533e+07
5.763311e+06 1.053654e+07
-4.976322e+09 1.464355e+09
-1.970665e+12 -2.172413e+12
5.302671e+07 -1.361427e+07
1.369635e+12 2.067236e+11
2.192401e+07 -9.377335e+06
3.515041e+08 9.121914e+08
-1.987915e+08 -2.107243e+08
-1.234808e+06 -6.806589e+05
-8.611212e+06 1.788894e+06
2.914858e+08 -3.808780e+07
8.137039e+00 1.103528e+06
5.383228e+06 4.686951e+06
6.853344e+10 1.448929e+10
4.305805e+06 5.627903e+06
8.548844e+11 -1.597941e+11
-1.960286e+05 -4.722009e+04
-1.097921e+09 4.754120e+07
8.627555e+08 7.628847e+08
-1.232320e+15 1.110691e+15
-1.702843e+08 -3.177673e+08
-1.323310e+06 -1.257120e+06
4.250418e+07 1.239499e+07
5.273544e+09 2.184557e+10
-8.568672e+05 6.146902e+00
1.089669e+01 2.606495e+06
-1.908994e+13 6.171811e+12
-3.033197e+07 -1.838634e+07
-5.248427e+08 -1.482432e+08
-4.897882e+00 1.144643e+07
1.742733e+10 -1.135232e+10
-1.450161e+14 -4.775248e+13
8.755538e+06 1.062457e+07
-4.334412e+06 1.204101e+07
-4.815412e+08 4.652123e+10
3.130694e+08 8.035699e+07
5.269771e+06 -9.741974e+05
3.050562e+06 -8.553264e+05
-4.358723e+07 1.918290e+07
-2.247927e+15 -2.428258e+16
-2.788121e+06 1.290341e+00
4.394812e+11 -7.655024e+10
1.847107e+11 -1.322845e+09
-1.847388e+11 1.322908e+09
9.570493e+10 3.161367e+10
-1.471559e+13 5.285322e+12
5.378511e+12 1.698888e+11
6.505445e+10 1.886884e+10
-2.277952e+07 4.391395e+07
4.126113e+10 1.348908e+10
1.661792e+07 -3.976367e+08
5.938362e+06 -1.181751e+07
-3.496948e+09 -2.117729e+08
6.713679e+05 1.017371e+01
5.413365e+09 1.040435e+09
-8.599804e+07 -4.094021e+07
6.362769e+06 -2.494460e+07
6.996163e+00 -1.124700e+07
-1.479584e+06 1.053210e+01
2.608643e+11 5.849078e+11
-8.607693e+07 6.947155e+07
-2.542741e+07 2.638909e+06
7.255589e+07 6.003228e+07
-1.278482e+07 5.552004e+07
-4.196350e+10 5.650829e+10
-6.750927e+08 1.150794e+08
2.020208e+06 -1.746140e+00
2.382473e+08 -2.337228e+08
2.409907e+13 -8.702576e+14
-9.673386e+08 -1.638246e+09
-9.373740e+08 1.913050e+09
-8.735719e+07 7.337327e+06
1.232360e+15 -1.110691e+15
-1.354413e+07 2.502800e+06
3.497376e+09 2.109702e+08
2.893804e+19 6.094774e+19
-3.130935e+08 -8.051455e+07
-7.836692e+07 -1.295862e+08
-6.286476e+06 2.501068e+07
-9.367168e+06 -1.157359e+06
8.313133e+05 6.500888e+06
-4.655512e+09 6.052050e+10
2.316936e+08 -4.044242e+08
3.233315e+11 5.056064e+12
4.196486e+10 -5.650465e+10
1.907723e+08 -7.126395e+08
5.228493e+08 1.496921e+08
-3.523282e+08 -9.104561e+08
1.131552e+06 -8.311277e-01
8.846157e+06 -1.054085e+01
8.218358e+05 1.657902e+07
-8.620887e+08 -7.621416e+08
1.143677e+08 3.708462e+08
-7.322307e+07 -6.033860e+07
2.191594e+11 -9.998420e+11
-4.730293e+07 -7.351938e+06
6.973580e+06 1.263101e+06
1.897349e+10 1.317862e+10
4.647271e+00 -1.047694e+07
9.355605e+08 -1.912857e+09
1.097928e+09 -4.754831e+07
-6.595807e+06 6.708950e+06
-7.030163e+06 -3.819453e+06
-1.930415e+07 9.628380e+00
8.172822e+06 5.541365e+06
