7.671711e+05 7.264970e+00
3.049152e+06 -5.368813e+05
3.191586e+09 4.125588e+10
7.572725e+11 8.348841e+11
-5.720275e+11 -7.822469e+11
-2.080248e+09 -3.996430e+08
5.928675e+06 -2.123129e+07
-2.673542e+06 -2.195006e+06
-8.828633e+05 -5.829117e+06
-1.945601e+06 5.184621e+00
2.819930e+05 -6.174404e+05
-1.308802e+07 3.483581e+07
1.789151e+09 -2.326054e+10
1.911460e+09 -5.623481e+08
-1.926435e+10 -4.171832e+09
1.912732e+09 9.165626e+08
-5.101558e+05 1.652071e+07
-2.569425e+06 -8.924188e+05
7.396038e+06 -8.197190e+00
-9.163867e+07 8.963749e+07
-8.340136e+05 -1.672695e+06
-1.472896e+09 5.508333e+08
5.540190e+08 1.794334e+10
-2.632906e+10 -5.566589e+09
-2.020070e+07 3.953154e+07
-5.259643e+06 5.207276e+05
2.863392e+05 -5.395636e+04
3.347452e+07 -2.614362e+07
-8.397050e+12 -2.280895e+12
-5.518743e+00 -1.364326e+06
1.645721e+07 -7.431528e+06
-5.031393e+07 9.846165e+06
-1.240003e+10 -3.727328e+09
-1.214183e+09 -6.941630e+08
-1.549108e+07 -2.205361e+06
3.492254e+10 -2.191746e+10
1.207902e+14 2.302173e+14
2.959345e+05 5.501475e+05
1.927105e+10 4.173170e+09
6.488969e+07 5.224263e+07
3.698802e+10 -4.151252e+09
8.143623e+05 1.670064e+06
-7.411549e+00 -7.867865e+05
-7.290528e+09 -5.065310e+09
5.535762e+06 4.014785e+07
8.156468e+05 -7.737929e+05
-1.070838e+12 1.492137e+12
5.110558e+05 -3.894890e+05
5.032874e+07 -9.889048e+06
-7.768546e+08 -7.716063e+08
2.595919e+08 -4.478453e+07
1.169535e+07 7.001519e+06
3.773240e+00 -5.975150e+05
5.942578e+06 -6.681466e+05
1.310711e+13 4.770533e+12
1.472214e+09 -5.511782e+08
-1.689270e+11 2.942328e+10
2.148247e+08 5.449215e+07
1.546361e+06 4.020694e+06
-1.734358e+07 -5.221693e+07
-7.334190e+12 -9.853332e+12
-3.285535e+11 6.141460e+10
2.485346e+07 -4.979957e+07
7.695727e+07 8.544835e+07
-1.497380e+15 2.139736e+15
-1.381732e+08 4.522380e+07
8.285410e+06 -1.684661e+07
-5.264774e+11 -7.945822e+10
-3.436531e+09 -2.937804e+09
2.659691e+09 -3.735055e+08
1.938080e+06 -5.435157e+00
-5.090045e+09 -5.664199e+09
8.397050e+12 2.280701e+12
7.343076e+08 1.828061e+08
4.314656e+04 -8.838036e+00
-3.677841e+10 -1.215115e+10
-1.239879e+11 -1.939383e+12
-1.239285e+09 -2.413292e+09
-1.373503e+06 1.419907e+06
-1.783565e+08 -5.622085e+07
-2.046449e+09 -8.385674e+09
7.333983e+12 9.852775e+12
-2.027758e+09 1.320610e+09
2.023261e+07 -3.955724e+07
-2.681002e+08 1.957669e+08
-1.040200e+08 -5.180755e+06
-4.855031e+00 -6.677223e+06
5.720285e+11 7.822023e+11
-8.072928e+05 -5.043895e+00
-6.413575e+04 8.902259e+00
-2.486385e+07 4.967588e+07
5.090033e+09 5.664841e+09
-9.496838e+08 -6.314068e+08
1.645478e+17 -2.679207e+17
1.240303e+10 3.728922e+09
1.239104e+00 -1.334456e+06
3.712045e+08 6.300968e+08
9.874560e+05 -1.294704e+06
-3.617552e+04 -9.385229e+05
-6.695228e+09 4.361196e+09
-5.534212e+08 -1.794941e+10
5.529403e+11 -5.330124e+11
-6.148027e+08 -4.569447e+08
-2.700703e+11 4.080424e+11
2.866849e+04 8.419904e+05
9.046551e+06 5.546375e+07
2.700780e+11 -4.080308e+11
3.436101e+05 -7.433092e-01
1.273558e+14 -6.546272e+13
-3.492495e+10 2.191786e+10
9.328687e+10 5.252843e+11
1.758122e+07 -3.652477e+00
-1.436072e+08 1.378423e+08
-2.659822e+09 3.736706e+08
5.654120e+12 -2.030748e+12
-7.341291e+08 -1.831889e+08
-1.183222e+06 3.538840e+05
1.497888e+15 -2.140220e+15
7.929477e+05 1.504744e+06
-2.500196e+10 -7.252316e+09
-1.645804e+17 2.679662e+17
-2.404039e+08 1.481128e+08
7.336060e+12 -2.371040e+12
2.028045e+09 -1.320582e+09
-7.326032e+07 2.738915e+08
2.575503e+11 -2.539207e+11
6.529209e+07 1.222995e+08
9.988515e+09 1.534556e+10
-2.604992e+06 4.500849e+06
2.314398e+08 -2.491529e+08
-1.325035e+06 -6.338578e+06
1.338893e+06 6.326303e+06
2.140149e+00 -6.576066e+06
-8.007822e+10 1.605154e+11
-3.944134e+07 1.200801e+07
-6.464023e+07 -5.137077e+07
-8.962440e+06 -1.462763e+07
-9.946573e+00 5.909514e+06
1.256362e+09 2.417636e+09
-3.315184e+07 8.932676e+07
9.737818e+14 -4.610919e+15
5.577235e+06 -2.834864e+06
-1.568329e+06 -6.362894e+06
2.396875e+08 -1.480209e+08
-5.072204e+05 -1.628700e+06
-2.092573e+16 -7.784532e+16
-3.311845e+05 7.606210e-02
3.330569e+07 -2.683254e+06
-5.017654e+08 -4.822534e+07
-2.556952e+06 -4.127871e+05
-2.314766e+08 2.491650e+08
-2.201057e+06 -2.517795e+06
-4.852345e+07 5.439700e+07
-1.403931e+11 -2.730606e+10
-3.413185e+10 1.250635e+11
-1.063508e+01 3.492997e+05
-2.066769e+12 -6.528273e+10
6.234254e+07 -2.313318e+07
2.387990e+13 -4.136648e+13
-6.681011e+00 -1.561927e+07
2.295772e+06 -2.846032e+06
-9.801364e+04 -8.297311e+05
1.919483e+08 -4.422264e+07
1.484271e+05 8.320640e+05
5.004576e+05 1.612242e+06
-3.697438e+10 4.149885e+09
-3.003502e+06 -8.482005e+04
-9.326554e+10 -5.251501e+11
6.194337e+09 1.247398e+10
-1.002443e+11 -2.247763e+11
-3.345734e+15 1.376099e+14
1.522509e+06 6.582194e+06
4.850990e+07 -5.439955e+07
5.392710e+05 5.953371e+06
3.412891e+10 -1.250423e+11
-1.208615e+08 -1.142166e+08
5.565827e+13 1.832983e+13
1.786868e+08 5.623287e+07
1.461546e+09 -2.542071e+08
3.316397e+07 -8.931020e+07
5.016825e+08 4.834632e+07
1.213070e+08 -1.026240e+08
7.767583e+08 7.715664e+08
-8.893055e+07 1.552592e+08
2.458378e+08 4.486078e+08
-2.788771e+06 -1.285603e+06
1.750165e+07 2.513283e+06
-2.387787e+13 4.136180e+13
-1.748709e+07 -2.436940e+06
-2.719610e+06 -4.414086e+06
3.345261e+15 -1.375982e+14
-1.669325e+07 3.856129e+05
8.692625e+10 -1.935776e+10
-5.528919e+11 5.330642e+11
-8.627993e+06 3.142730e+07
-8.696881e+10 1.936336e+10
1.208708e+08 1.142356e+08
9.736346e+06 1.501231e+07
-2.268894e+05 -6.439224e+06
-7.276882e+00 1.181073e+06
9.466354e+05 -1.217746e+06
1.750234e+08 5.917868e+07
1.403893e+11 2.730335e+10
-1.379380e+06 2.156745e+06
9.501211e+08 6.315598e+08
1.070656e+12 -1.491925e+12
-1.917541e+08 4.456545e+07
1.039135e+08 4.751655e+06
-6.195008e+09 -1.247505e+10
4.360302e+20 -3.602243e+20
6.672220e+04 1.772001e+06
3.609334e+00 9.903392e+05
9.139955e+06 -3.261452e+07
2.651639e+13 -1.844912e+13
1.778285e+00 3.905708e+05
2.680170e+08 -1.956668e+08
-1.198893e+06 -1.179058e+05
5.524004e+06 -3.667387e+05
3.968878e+07 -1.169516e+07
-1.212994e+08 6.817588e+07
3.642317e+06 3.084837e+05
-1.207766e+14 -2.301587e+14
-1.460774e+09 2.550162e+08
1.093275e+07 -4.188110e+07
3.436651e+09 2.938411e+09
-2.363781e+07 7.102777e+05
1.198681e+07 -3.340398e+07
-3.640516e+07 4.200711e+07
-9.737818e+14 4.610397e+15
3.275651e+07 1.567095e+07
6.697868e+08 1.995104e+09
8.008714e+10 -1.605244e+11
-2.652389e+13 1.845173e+13
-1.585494e+10 -5.184587e+09
1.131044e+10 2.820055e+08
-1.131012e+10 -2.819941e+08
3.658010e+07 -4.180849e+07
-1.718855e+07 6.209463e+07
2.092811e+16 7.784312e+16
-1.636236e+06 -4.131213e+06
5.463651e+00 -1.386018e+06
-6.359677e+06 1.524892e+08
3.368898e+08 -1.986931e+07
9.257931e+05 -5.687123e+05
-9.275297e+05 5.729063e+05
-1.913569e+09 -9.168801e+08
2.362096e+07 -1.253164e+06
-5.112869e+00 8.871695e+06
-1.111964e+19 -2.341575e+19
1.303917e+07 -9.967771e+06
2.769241e+05 -2.771579e+00
-2.219229e+06 -4.060950e+06
-6.201119e+07 2.317071e+07
2.729140e+06 1.321673e+06
7.115159e+05 -5.403924e+00
-2.146641e+08 -5.445191e+07
-8.513762e+05 -3.045202e+06
1.719731e+07 -6.211958e+07
-8.452539e+06 3.559396e+06
8.285917e+05 2.394768e+06
-9.987908e+09 -1.534507e+10
-4.360302e+20 3.602447e+20
5.423770e+04 -7.081764e+00
-1.092821e+07 4.190652e+07
-1.310822e+13 -4.770938e+12
1.851702e+08 -1.788142e+10
-2.299042e+00 -1.379519e+06
-3.440712e+06 -3.983743e+07
-3.192950e+09 -4.127313e+10
-6.699621e+08 -1.995408e+09
6.140243e+08 4.567116e+08
-4.444942e+07 -1.421179e+08
2.988868e+07 5.018448e+07
-2.461117e+08 -4.490320e+08
-7.331328e+05 5.520915e+00
1.044281e+01 -9.934629e+05
-1.273630e+14 6.546643e+13
8.641194e+14 9.335131e+15
-2.900550e+06 4.834392e+00
1.214103e+09 6.943114e+08
-8.444918e+00 1.188505e+06
-3.383589e+08 1.678269e+07
-1.293573e+07 9.960990e+06
2.919665e+06 -2.747903e+00
-7.991438e+07 6.833939e+07
-2.577549e+11 2.539048e+11
-8.194447e+04 -6.652768e+06
-9.260998e+12 3.344598e+14
-8.423689e+10 3.843188e+11
1.749095e+06 -4.677039e+06
1.836339e+07 2.793580e+06
-3.126559e+07 -5.311172e+07
1.001388e+07 -7.460165e+05
-5.094276e+00 1.328419e+06
-1.633793e+07 -4.729178e+06
2.214423e+06 4.048524e+06
-1.912381e+09 5.627666e+08
-7.575725e+11 -8.350968e+11
2.038062e+07 -5.233244e+06
5.265962e+11 7.947833e+10
8.426761e+06 -3.604300e+06
1.351056e+08 3.505975e+08
-7.606881e+07 -8.064348e+07
-4.746008e+05 -2.617508e+05
-3.310277e+06 6.878121e+05
1.120023e+08 -1.463486e+07
-6.796665e+00 4.241930e+05
2.069078e+06 1.801460e+06
2.634670e+10 5.570102e+09
1.655123e+06 2.163565e+06
3.285816e+11 -6.141706e+10
-7.526395e+04 -1.817164e+04
-4.220045e+08 1.827291e+07
3.316336e+08 2.932495e+08
-4.736703e+14 4.269177e+14
-6.545091e+07 -1.221385e+08
-5.085737e+05 -4.831621e+05
1.633631e+07 4.763871e+06
2.026924e+09 8.396023e+09
-3.292309e+05 1.339037e+00
-7.005696e+00 1.002019e+06
-7.337304e+12 2.372112e+12
-1.165716e+07 -7.065977e+06
-2.017049e+08 -5.697598e+07
9.838532e+00 4.399386e+06
6.696480e+09 -4.361978e+09
-5.568665e+13 -1.833710e+13
3.364914e+06 4.083499e+06
-1.665831e+06 4.628140e+06
-1.851274e+08 1.788411e+10
1.203648e+08 3.089438e+07
2.024530e+06 -3.739386e+05
1.172535e+06 -3.286082e+05
-1.675402e+07 7.373111e+06
-8.641927e+14 -9.335659e+15
-1.071348e+06 -1.060811e+01
1.689552e+11 -2.942685e+10
7.098898e+10 -5.083652e+08
-7.099301e+10 5.083837e+08
3.678831e+10 1.215247e+10
-5.654919e+12 2.030920e+12
2.067705e+12 6.531061e+10
2.500794e+10 7.253222e+09
-8.755652e+06 1.687923e+07
1.585876e+10 5.184666e+09
6.380475e+06 -1.526718e+08
2.279653e+06 -4.536011e+06
-1.344161e+09 -8.140999e+07
2.582362e+05 -4.440910e+00
2.080226e+09 3.998002e+08
-3.305583e+07 -1.573643e+07
2.446238e+06 -9.591101e+06
-4.311689e+00 -4.323128e+06
-5.685925e+05 1.633444e+00
1.002812e+11 2.248462e+11
-3.307515e+07 2.669449e+07
-9.770789e+06 1.014051e+06
2.786734e+07 2.305733e+07
-4.913505e+06 2.133850e+07
-1.612781e+10 2.171818e+10
-2.593061e+08 4.420528e+07
7.759124e+05 2.940178e+00
9.157400e+07 -8.983450e+07
9.262043e+12 -3.344693e+14
-3.717647e+08 -6.296059e+08
-3.592864e+08 7.332407e+08
-3.357237e+07 2.819540e+06
4.737105e+14 -4.269418e+14
-5.204640e+06 9.616774e+05
1.344385e+09 8.109598e+07
1.112184e+19 2.342370e+19
-1.203750e+08 -3.095490e+07
-3.012095e+07 -4.980852e+07
-2.416914e+06 9.615513e+06
-3.600624e+06 -4.446541e+05
3.194387e+05 2.499024e+06
-1.789749e+09 2.326786e+10
8.896373e+07 -1.552980e+08
1.241465e+11 1.941417e+12
1.612872e+10 -2.171758e+10
7.332503e+07 -2.739092e+08
2.009529e+08 5.753556e+07
-1.354257e+08 -3.499652e+08
4.347616e+05 3.935420e+00
3.401017e+06 -4.262381e+00
3.158224e+05 6.372572e+06
-3.313700e+08 -2.929491e+08
4.393604e+07 1.424690e+08
-2.812393e+07 -2.317490e+07
8.423675e+10 -3.842871e+11
-1.818147e+07 -2.825567e+06
2.678628e+06 4.850029e+05
7.290753e+09 5.064534e+09
7.677164e+00 -4.008824e+06
3.585519e+08 -7.331060e+08
4.220000e+08 -1.827650e+07
-2.530716e+06 2.574236e+06
-2.702060e+06 -1.467923e+06
-7.420304e+06 -9.109126e+00
3.141401e+06 2.130329e+06
