2.091671e+06 7.574969e+00
8.306690e+06 -1.462724e+06
8.694774e+09 1.123721e+11
2.063225e+12 2.274566e+12
-1.558155e+12 -2.130897e+12
-5.669881e+09 -1.089231e+09
1.615760e+07 -5.785485e+07
-7.285139e+06 -5.980601e+06
-2.404976e+06 -1.588083e+07
-5.302427e+06 -7.117457e+00
7.677516e+05 -1.681057e+06
-3.564995e+07 9.489546e+07
4.874153e+09 -6.336734e+10
5.209945e+09 -1.532812e+09
-5.249073e+10 -1.136773e+10
5.215823e+09 2.499129e+09
-1.391463e+06 4.506365e+07
-6.999315e+06 -2.431298e+06
2.015240e+07 -1.463141e-01
-2.497369e+08 2.442761e+08
-2.272147e+06 -4.557402e+06
-4.012999e+09 1.500780e+09
1.509629e+09 4.889647e+10
-7.174931e+10 -1.516885e+10
-5.505073e+07 1.077021e+08
-1.432839e+07 1.418670e+06
7.806331e+05 -1.469978e+05
9.126691e+07 -7.126531e+07
-2.287512e+13 -6.213506e+12
-6.638050e+00 -3.718493e+06
4.483644e+07 -2.024863e+07
-1.370605e+08 2.682357e+07
-3.378647e+10 -1.015612e+10
-3.308617e+09 -1.891582e+09
-4.221054e+07 -6.009492e+06
9.517360e+10 -5.973132e+10
3.290835e+14 6.271623e+14
8.048302e+05 1.500186e+06
5.250261e+10 1.137012e+10
1.768385e+08 1.423697e+08
1.007804e+11 -1.131038e+10
2.218736e+06 4.550161e+06
3.053847e+00 -2.142191e+06
-1.986854e+10 -1.380312e+10
1.508153e+07 1.093749e+08
2.222999e+06 -2.109086e+06
-2.922503e+12 4.072091e+12
1.392881e+06 -1.061851e+06
1.371247e+08 -2.694261e+07
-2.117146e+09 -2.103143e+09
7.078801e+08 -1.221312e+08
3.187761e+07 1.908379e+07
-6.479352e+00 -1.628036e+06
1.619902e+07 -1.821322e+06
3.571789e+13 1.300100e+13
4.011407e+09 -1.501788e+09
-4.602340e+11 8.015637e+10
5.853542e+08 1.484792e+08
4.214409e+06 1.095770e+07
-4.724960e+07 -1.422541e+08
-1.998502e+13 -2.684764e+13
-8.950973e+11 1.673309e+11
6.769575e+07 -1.356400e+08
2.106490e+08 2.339099e+08
-4.078908e+15 5.828910e+15
-3.764295e+08 1.232100e+08
2.257491e+07 -4.590084e+07
-1.434151e+12 -2.164588e+11
-9.376883e+09 -8.016146e+09
7.245533e+09 -1.017486e+09
5.282305e+06 1.012036e+01
-1.386649e+10 -1.543150e+10
2.287750e+13 6.213247e+12
2.007233e+09 4.996974e+08
1.176540e+05 -9.100121e+00
-1.002064e+11 -3.310986e+10
-3.382079e+11 -5.290627e+12
-3.377067e+09 -6.575999e+09
-3.741745e+06 3.868174e+06
-4.876008e+08 -1.537017e+08
-5.576076e+09 -2.284925e+10
1.998543e+13 2.684764e+13
-5.524451e+09 3.598177e+09
5.512726e+07 -1.077844e+08
-7.306678e+08 5.335092e+08
-2.835267e+08 -1.412155e+07
-3.201134e+00 -1.819365e+07
1.558287e+12 2.130874e+12
-2.200152e+06 -5.218586e+00
-1.751864e+05 -1.025304e+00
-6.773455e+07 1.353232e+08
1.386588e+10 1.543214e+10
-2.588486e+09 -1.720737e+09
4.482761e+17 -7.299223e+17
3.379646e+10 1.016064e+10
2.442206e+00 -3.637096e+06
1.011866e+09 1.717409e+09
2.690574e+06 -3.527968e+06
-9.892809e+04 -2.557946e+06
-1.824962e+10 1.188793e+10
-1.507827e+09 -4.890756e+10
1.506478e+12 -1.452252e+12
-1.675287e+09 -1.245075e+09
-7.359679e+11 1.112013e+12
7.814093e+04 2.293570e+06
2.464474e+07 1.511053e+08
7.360519e+11 -1.111932e+12
9.359614e+05 -1.052485e+01
3.472366e+14 -1.784990e+14
-9.517381e+10 5.972887e+10
2.544241e+11 1.432554e+12
4.788570e+07 -9.148145e+00
-3.912300e+08 3.755199e+08
-7.246008e+09 1.017850e+09
1.541034e+13 -5.534684e+12
-2.006739e+09 -5.006934e+08
-3.224451e+06 9.644628e+05
4.080602e+15 -5.829999e+15
2.163463e+06 4.105914e+06
-6.811699e+10 -1.975772e+10
-4.483087e+17 7.299299e+17
-6.897343e+08 4.249195e+08
1.998744e+13 -6.458887e+12
5.524355e+09 -3.598091e+09
-1.996007e+08 7.462371e+08
7.015806e+11 -6.916932e+11
1.778992e+08 3.332062e+08
2.721829e+10 4.181706e+10
-7.109195e+06 1.228290e+07
6.306662e+08 -6.789077e+08
-3.609375e+06 -1.726556e+07
3.646464e+06 1.723247e+07
2.439520e+00 -1.792616e+07
-2.192555e+11 4.394903e+11
-1.074994e+08 3.272493e+07
-1.761536e+08 -1.399910e+08
-2.442233e+07 -3.985876e+07
-3.654901e+00 1.610664e+07
3.422843e+09 6.586350e+09
-9.032542e+07 2.433785e+08
2.654944e+15 -1.257114e+16
1.519355e+07 -7.723351e+06
-4.274381e+06 -1.734282e+07
6.876957e+08 -4.247134e+08
-1.382090e+06 -4.437262e+06
-5.713900e+16 -2.125639e+17
-9.027592e+05 -4.844788e-01
9.077412e+07 -7.313804e+06
-1.367086e+09 -1.314059e+08
-6.971372e+06 -1.125701e+06
-6.307151e+08 6.788950e+08
-5.996943e+06 -6.859873e+06
-1.321943e+08 1.481901e+08
-3.824687e+11 -7.439086e+10
-9.299087e+10 3.407048e+11
-1.013603e+00 9.517362e+05
-5.630426e+12 -1.778659e+11
1.699276e+08 -6.305707e+07
6.509211e+13 -1.127514e+14
5.230428e+00 -4.260524e+07
6.267629e+06 -7.769328e+06
-2.667239e+05 -2.260352e+06
5.237257e+08 -1.206592e+08
4.043904e+05 2.266825e+06
1.363122e+06 4.392054e+06
-1.007457e+11 1.130803e+10
-8.183682e+06 -2.310836e+05
-2.543866e+11 -1.432404e+12
1.688036e+10 3.399107e+10
-2.731105e+11 -6.123527e+11
-9.114658e+15 3.748494e+14
4.148726e+06 1.793732e+07
1.321450e+08 -1.481903e+08
1.468971e+06 1.621805e+07
9.298207e+10 -3.406906e+11
-3.294151e+08 -3.113107e+08
1.518075e+14 4.999503e+13
4.885637e+08 1.537624e+08
3.986070e+09 -6.933328e+08
9.036993e+07 -2.433638e+08
1.367023e+09 1.317435e+08
3.307102e+08 -2.797842e+08
2.116990e+09 2.102834e+09
-2.425870e+08 4.235321e+08
6.699378e+08 1.222465e+09
-7.601860e+06 -3.504882e+06
4.768344e+07 6.847437e+06
-6.509481e+13 1.127619e+14
-4.764226e+07 -6.639589e+06
-7.412170e+06 -1.202867e+07
9.115320e+15 -3.749156e+14
-4.547993e+07 1.051451e+06
2.368901e+11 -5.274617e+10
-1.506505e+12 1.452390e+12
-2.350938e+07 8.562993e+07
-2.369413e+11 5.275362e+10
3.294238e+08 3.113322e+08
2.653131e+07 4.090965e+07
-6.179202e+05 -1.754485e+07
-2.599432e-02 3.218916e+06
2.579591e+06 -3.318186e+06
4.768293e+08 1.612230e+08
3.824613e+11 7.438127e+10
-3.758315e+06 5.876540e+06
2.589194e+09 1.721203e+09
2.922111e+12 -4.071753e+12
-5.231970e+08 1.215989e+08
2.832220e+08 1.295165e+07
-1.687958e+10 -3.399322e+10
1.188095e+21 -9.814907e+20
1.814892e+05 4.829657e+06
5.924189e+00 2.698868e+06
2.490222e+07 -8.886748e+07
7.227057e+13 -5.028204e+13
5.345542e+00 1.064561e+06
7.305477e+08 -5.332912e+08
-3.268274e+06 -3.217772e+05
1.505076e+07 -9.991689e+05
1.081825e+08 -3.187481e+07
-3.306870e+08 1.858615e+08
9.923630e+06 8.409933e+05
-3.290972e+14 -6.271884e+14
-3.984050e+09 6.955074e+08
2.979615e+07 -1.141435e+08
9.377724e+09 8.018204e+09
-6.441854e+07 1.936440e+06
3.265582e+07 -9.100180e+07
-9.926464e+07 1.145424e+08
-2.654999e+15 1.257062e+16
8.925816e+07 4.270136e+07
1.824956e+09 5.435684e+09
2.192344e+11 -4.394534e+11
-7.227283e+13 5.027943e+13
-4.320320e+10 -1.412759e+10
3.082157e+10 7.684859e+08
-3.081965e+10 -7.684230e+08
9.972757e+07 -1.139799e+08
-4.682423e+07 1.691524e+08
5.714019e+16 2.125440e+17
-4.460003e+06 -1.126047e+07
-7.824154e+00 -3.778436e+06
-1.734729e+07 4.159844e+08
9.191787e+08 -5.421623e+07
2.523019e+06 -1.550159e+06
-2.527589e+06 1.561296e+06
-5.217476e+09 -2.499917e+09
6.437500e+07 -3.415424e+06
4.726241e+00 2.417276e+07
-3.030441e+19 -6.381815e+19
3.553997e+07 -2.716788e+07
7.550240e+05 -1.756226e+00
-6.048127e+06 -1.106750e+07
-1.689948e+08 6.314348e+07
7.436990e+06 3.601819e+06
1.938674e+06 1.098109e+01
-5.848817e+08 -1.483672e+08
-2.319908e+06 -8.296881e+06
4.685185e+07 -1.692385e+08
-2.303495e+07 9.700050e+06
2.257809e+06 6.525280e+06
-2.722354e+10 -4.182560e+10
-1.188304e+21 9.816945e+20
1.479235e+05 -1.100582e+01
-2.978389e+07 1.142140e+08
-3.572012e+13 -1.300114e+13
5.045338e+08 -4.872054e+10
6.043407e+00 -3.759262e+06
-9.374193e+06 -1.085368e+08
-8.698428e+09 -1.124414e+11
-1.825497e+09 -5.437114e+09
1.673084e+09 1.244437e+09
-1.211747e+08 -3.874349e+08
8.144785e+07 1.367558e+08
-6.705915e+08 -1.223528e+09
-1.997981e+06 5.241096e+00
2.450964e+00 -2.707731e+06
-3.473051e+14 1.785305e+14
2.354205e+15 2.543169e+16
-7.905959e+06 6.458731e+00
3.308464e+09 1.892004e+09
1.099273e+01 3.239061e+06
-9.232451e+08 4.579272e+07
-3.526449e+07 2.714855e+07
7.957397e+06 5.357278e+00
-2.178191e+08 1.862881e+08
-7.022697e+11 6.917406e+11
-2.234547e+05 -1.812513e+07
-2.523791e+13 9.114314e+14
-2.295367e+11 1.047180e+12
4.765465e+06 -1.274424e+07
5.003353e+07 7.611795e+06
-8.522273e+07 -1.447707e+08
2.729300e+07 -2.033622e+06
6.485223e+00 3.620033e+06
-4.451974e+07 -1.288748e+07
6.036066e+06 1.103481e+07
-5.211719e+09 1.533628e+09
-2.063868e+12 -2.275157e+12
5.553417e+07 -1.425807e+07
1.434403e+12 2.164989e+11
2.296083e+07 -9.820788e+06
3.681211e+08 9.553147e+08
-2.082151e+08 -2.207166e+08
-1.293198e+06 -7.128687e+05
-9.018512e+06 1.873545e+06
3.052729e+08 -3.988937e+07
-1.039797e+01 1.155650e+06
5.637698e+06 4.908529e+06
7.177399e+10 1.517441e+10
4.509376e+06 5.894029e+06
8.953114e+11 -1.673508e+11
-2.052756e+05 -4.943717e+04
-1.149839e+09 4.978948e+07
9.035628e+08 7.989678e+08
-1.290609e+15 1.163226e+15
-1.783366e+08 -3.327942e+08
-1.385904e+06 -1.316622e+06
4.451469e+07 1.298138e+07
5.522997e+09 2.287869e+10
-8.974469e+05 -9.287397e+00
-1.024492e+01 2.729827e+06
-1.999284e+13 6.463714e+12
-3.176667e+07 -1.925582e+07
-5.496666e+08 -1.552549e+08
6.151815e+00 1.198790e+07
1.825174e+10 -1.188935e+10
-1.518784e+14 -5.001216e+13
9.169669e+06 1.112713e+07
-4.539405e+06 1.261045e+07
-5.043059e+08 4.872047e+10
3.278679e+08 8.415719e+07
5.519182e+06 -1.020371e+06
3.194923e+06 -8.958668e+05
-4.564925e+07 2.009024e+07
-2.354229e+15 -2.543064e+16
-2.920043e+06 -6.055503e+00
4.602615e+11 -8.016891e+10
1.934448e+11 -1.385388e+09
-1.934729e+11 1.385467e+09
1.002311e+11 3.310881e+10
-1.541177e+13 5.535316e+12
5.632882e+12 1.779236e+11
6.813202e+10 1.976129e+10
-2.385702e+07 4.599112e+07
4.321326e+10 1.412734e+10
1.740491e+07 -4.164641e+08
6.219692e+06 -1.237726e+07
-3.662398e+09 -2.217924e+08
7.032701e+05 -5.585606e-01
5.669480e+09 1.089661e+09
-9.006604e+07 -4.287690e+07
6.663750e+06 -2.612468e+07
-3.060372e+00 -1.177919e+07
-1.549597e+06 -4.248210e+00
2.732042e+11 6.125750e+11
-9.014969e+07 7.275864e+07
-2.663060e+07 2.763779e+06
7.599005e+07 6.287370e+07
-1.338972e+07 5.814688e+07
-4.394886e+10 5.918176e+10
-7.070436e+08 1.205248e+08
2.115819e+06 -3.178331e+00
2.495163e+08 -2.447774e+08
2.523895e+13 -9.114219e+14
-1.013089e+09 -1.715727e+09
-9.817834e+08 2.003684e+09
-9.148816e+07 7.684264e+06
1.290623e+15 -1.163202e+15
-1.418459e+07 2.621136e+06
3.662716e+09 2.209464e+08
3.030661e+19 6.383074e+19
-3.278963e+08 -8.432103e+07
-8.207265e+07 -1.357153e+08
-6.583706e+06 2.619291e+07
-9.810003e+06 -1.212041e+06
8.705819e+05 6.808290e+06
-4.875683e+09 6.338270e+10
2.426593e+08 -4.235654e+08
3.386342e+11 5.295356e+12
4.394977e+10 -5.917689e+10
1.997924e+08 -7.463349e+08
5.475699e+08 1.567695e+08
-3.689888e+08 -9.534998e+08
1.184998e+06 -6.443631e+00
9.264383e+06 -3.835705e+00
8.606435e+05 1.736249e+07
-9.028259e+08 -7.981555e+08
1.197737e+08 3.883842e+08
-7.668668e+07 -6.319274e+07
2.295220e+11 -1.047128e+12
-4.953993e+07 -7.699511e+06
7.303412e+06 1.322816e+06
1.987086e+10 1.380200e+10
9.042518e+00 -1.097373e+07
9.798854e+08 -2.003457e+09
1.149836e+09 -4.979577e+07
-6.907897e+06 7.026449e+06
-7.362563e+06 -4.000018e+06
-2.021703e+07 -2.242073e+00
8.559311e+06 5.803581e+06
