2.065035e+06 -2.835212e+00
8.200737e+06 -1.444047e+06
8.583941e+09 1.109405e+11
2.036947e+12 2.245575e+12
-1.538325e+12 -2.103782e+12
-5.597655e+09 -1.075356e+09
1.595160e+07 -5.711720e+07
-7.192175e+06 -5.904286e+06
-2.374269e+06 -1.567853e+07
-5.234859e+06 1.244533e+00
7.579564e+05 -1.659638e+06
-3.519558e+07 9.368714e+07
4.812080e+09 -6.256038e+10
5.143526e+09 -1.513270e+09
-5.182209e+10 -1.122292e+10
5.149355e+09 2.467283e+09
-1.373678e+06 4.448929e+07
-6.910144e+06 -2.400297e+06
1.989573e+07 2.791756e+00
-2.465565e+08 2.411652e+08
-2.243196e+06 -4.499287e+06
-3.961850e+09 1.481651e+09
1.490401e+09 4.827362e+10
-7.083545e+10 -1.497566e+10
-5.434943e+07 1.063301e+08
-1.414589e+07 1.400608e+06
7.706735e+05 -1.451035e+05
9.010320e+07 -7.035686e+07
-2.258357e+13 -6.134318e+12
-6.130458e+00 -3.671181e+06
4.426609e+07 -1.999088e+07
-1.353177e+08 2.648256e+07
-3.335674e+10 -1.002697e+10
-3.266545e+09 -1.867529e+09
-4.167348e+07 -5.933033e+06
9.396348e+10 -5.897187e+10
3.248992e+14 6.191879e+14
7.946443e+05 1.481137e+06
5.183505e+10 1.122555e+10
1.745897e+08 1.405593e+08
9.949801e+10 -1.116634e+10
2.190429e+06 4.492148e+06
-5.909688e+00 -2.114875e+06
-1.961548e+10 -1.362732e+10
1.488949e+07 1.079821e+08
2.194673e+06 -2.082231e+06
-2.885311e+12 4.020224e+12
1.375187e+06 -1.048366e+06
1.353794e+08 -2.659975e+07
-2.090200e+09 -2.076378e+09
6.988684e+08 -1.205765e+08
3.147200e+07 1.884078e+07
4.866543e+00 -1.607321e+06
1.599271e+07 -1.798137e+06
3.526306e+13 1.283544e+13
3.960331e+09 -1.482666e+09
-4.543739e+11 7.913564e+10
5.778998e+08 1.465884e+08
4.160737e+06 1.081811e+07
-4.664794e+07 -1.404428e+08
-1.973062e+13 -2.650595e+13
-8.837060e+11 1.652016e+11
6.683449e+07 -1.339142e+08
2.079611e+08 2.309254e+08
-4.026989e+15 5.754729e+15
-3.716395e+08 1.216423e+08
2.228797e+07 -4.531736e+07
-1.415920e+12 -2.137072e+11
-9.257542e+09 -7.914125e+09
7.153418e+09 -1.004550e+09
5.215193e+06 -1.489017e+00
-1.369021e+10 -1.523532e+10
2.258666e+13 6.134253e+12
1.981644e+09 4.933274e+08
1.162326e+05 9.772414e-01
-9.893134e+10 -3.268860e+10
-3.338970e+11 -5.223216e+12
-3.334069e+09 -6.492281e+09
-3.694158e+06 3.819040e+06
-4.813908e+08 -1.517427e+08
-5.505131e+09 -2.255858e+10
1.973104e+13 2.650623e+13
-5.454089e+09 3.552352e+09
5.442521e+07 -1.064128e+08
-7.213670e+08 5.267182e+08
-2.799174e+08 -1.394183e+07
7.666715e+00 -1.796194e+07
1.538441e+12 2.103736e+12
-2.172148e+06 -5.523491e+00
-1.729815e+05 2.828220e+01
-6.687189e+07 1.335997e+08
1.368946e+10 1.523580e+10
-2.555539e+09 -1.698835e+09
4.425720e+17 -7.206345e+17
3.336602e+10 1.003123e+10
-3.030548e+00 -3.590792e+06
9.989744e+08 1.695529e+09
2.656336e+06 -3.483068e+06
-9.769298e+04 -2.525393e+06
-1.801718e+10 1.173652e+10
-1.488623e+09 -4.828471e+10
1.487293e+12 -1.433757e+12
-1.653949e+09 -1.229217e+09
-7.265929e+11 1.097848e+12
7.717824e+04 2.264340e+06
2.433063e+07 1.491795e+08
7.266693e+11 -1.097756e+12
9.240230e+05 -3.620323e+00
3.428160e+14 -1.762267e+14
-9.396170e+10 5.896819e+10
2.511822e+11 1.414299e+12
4.727599e+07 4.735227e+00
-3.862434e+08 3.707339e+08
-7.153668e+09 1.004880e+09
1.521389e+13 -5.464127e+12
-1.981115e+09 -4.943006e+08
-3.183349e+06 9.521777e+05
4.028599e+15 -5.755697e+15
2.135875e+06 4.053543e+06
-6.724880e+10 -1.950589e+10
-4.425953e+17 7.206270e+17
-6.806861e+08 4.193455e+08
1.973267e+13 -6.376521e+12
5.453938e+09 -3.552228e+09
-1.970562e+08 7.367242e+08
6.926385e+11 -6.828771e+11
1.756318e+08 3.289588e+08
2.687131e+10 4.128397e+10
-7.018472e+06 1.212620e+07
6.226277e+08 -6.702543e+08
-3.563390e+06 -1.704571e+07
3.599990e+06 1.701286e+07
2.279128e+00 -1.769761e+07
-2.164554e+11 4.338731e+11
-1.061300e+08 3.230839e+07
-1.739098e+08 -1.382079e+08
-2.411122e+07 -3.935106e+07
4.205568e+00 1.590145e+07
3.379252e+09 6.502457e+09
-8.917606e+07 2.402818e+08
2.621148e+15 -1.241125e+16
1.500028e+07 -7.625120e+06
-4.220019e+06 -1.712232e+07
6.786971e+08 -4.191559e+08
-1.364555e+06 -4.380836e+06
-5.641099e+16 -2.098559e+17
-8.912973e+05 -8.076591e+00
8.961898e+07 -7.220752e+06
-1.349688e+09 -1.297336e+08
-6.882648e+06 -1.111395e+06
-6.226828e+08 6.702487e+08
-5.920591e+06 -6.772534e+06
-1.305110e+08 1.463029e+08
-3.775982e+11 -7.344358e+10
-9.180672e+10 3.363658e+11
-5.420165e+00 9.396591e+05
-5.558709e+12 -1.756006e+11
1.677630e+08 -6.225389e+07
6.426293e+13 -1.113150e+14
5.842185e+00 -4.206233e+07
6.187737e+06 -7.670295e+06
-2.633627e+05 -2.231605e+06
5.170503e+08 -1.191213e+08
3.992321e+05 2.237972e+06
1.345792e+06 4.336064e+06
-9.946129e+10 1.116387e+10
-8.079382e+06 -2.281533e+05
-2.511420e+11 -1.414135e+12
1.666519e+10 3.355776e+10
-2.696294e+11 -6.045476e+11
-8.998488e+15 3.700712e+14
4.095834e+06 1.770865e+07
1.304603e+08 -1.463014e+08
1.450235e+06 1.601132e+07
9.179696e+10 -3.363481e+11
-3.252190e+08 -3.073452e+08
1.498727e+14 4.935794e+13
4.823294e+08 1.518004e+08
3.935282e+09 -6.844989e+08
8.921909e+07 -2.402648e+08
1.349612e+09 1.300643e+08
3.264939e+08 -2.762172e+08
2.090005e+09 2.076028e+09
-2.394931e+08 4.181304e+08
6.613995e+08 1.206883e+09
-7.504925e+06 -3.460155e+06
4.707578e+07 6.760139e+06
-6.426563e+13 1.113244e+14
-4.703490e+07 -6.554920e+06
-7.317644e+06 -1.187531e+07
8.999151e+15 -3.701375e+14
-4.490029e+07 1.037990e+06
2.338705e+11 -5.207385e+10
-1.487304e+12 1.433880e+12
-2.320970e+07 8.453856e+07
-2.339217e+11 5.208130e+10
3.252243e+08 3.073635e+08
2.619314e+07 4.038820e+07
-6.100419e+05 -1.732123e+07
-1.084254e+01 3.177866e+06
2.546716e+06 -3.275864e+06
4.707522e+08 1.591682e+08
3.775868e+11 7.343323e+10
-3.710378e+06 5.801610e+06
2.556178e+09 1.699259e+09
2.884827e+12 -4.019801e+12
-5.165223e+08 1.200475e+08
2.796109e+08 1.278650e+07
-1.666440e+10 -3.355991e+10
1.172950e+21 -9.689796e+20
1.791738e+05 4.768086e+06
3.071667e+01 2.664462e+06
2.458476e+07 -8.773476e+07
7.135006e+13 -4.964111e+13
-9.777617e+00 1.050949e+06
7.212345e+08 -5.264931e+08
-3.226571e+06 -3.176305e+05
1.485892e+07 -9.863923e+05
1.068035e+08 -3.146875e+07
-3.264711e+08 1.834921e+08
9.797076e+06 8.302257e+05
-3.249026e+14 -6.191944e+14
-3.933246e+09 6.866376e+08
2.941629e+07 -1.126884e+08
9.258090e+09 7.915920e+09
-6.359739e+07 1.911733e+06
3.223966e+07 -8.984302e+07
-9.799905e+07 1.130821e+08
-2.621175e+15 1.241047e+16
8.812232e+07 4.215803e+07
1.801732e+09 5.366508e+09
2.164366e+11 -4.338362e+11
-7.135156e+13 4.963850e+13
-4.265295e+10 -1.394766e+10
3.042905e+10 7.586989e+08
-3.042713e+10 -7.586364e+08
9.845672e+07 -1.125277e+08
-4.622745e+07 1.669965e+08
5.641099e+16 2.098316e+17
-4.403116e+06 -1.111689e+07
-3.953068e+00 -3.730258e+06
-1.712603e+07 4.106791e+08
9.074535e+08 -5.352463e+07
2.490854e+06 -1.530373e+06
-2.495343e+06 1.541368e+06
-5.150955e+09 -2.468044e+09
6.355447e+07 -3.371885e+06
-6.190440e+00 2.386467e+07
-2.991847e+19 -6.300532e+19
3.508726e+07 -2.682181e+07
7.453839e+05 -7.909516e+00
-5.971070e+06 -1.092638e+07
-1.668403e+08 6.233851e+07
7.342158e+06 3.555876e+06
1.913933e+06 9.114311e+00
-5.774275e+08 -1.464762e+08
-2.290318e+06 -8.191120e+06
4.625472e+07 -1.670819e+08
-2.274133e+07 9.576376e+06
2.228973e+06 6.442064e+06
-2.687685e+10 -4.129294e+10
-1.173172e+21 9.691936e+20
1.460112e+05 -3.645035e-02
-2.940420e+07 1.127583e+08
-3.526491e+13 -1.283544e+13
4.981047e+08 -4.809971e+10
-1.832135e+00 -3.711315e+06
-9.254704e+06 -1.071538e+08
-8.587586e+09 -1.110087e+11
-1.802233e+09 -5.367826e+09
1.651763e+09 1.228578e+09
-1.196300e+08 -3.824962e+08
8.040982e+07 1.350129e+08
-6.620461e+08 -1.207936e+09
-1.972494e+06 -8.619774e+00
-9.213651e+00 -2.673176e+06
-3.428809e+14 1.762545e+14
2.324209e+15 2.510767e+16
-7.805172e+06 3.479404e+01
3.266335e+09 1.867912e+09
1.049141e+01 3.197809e+06
-9.114796e+08 4.520871e+07
-3.481498e+07 2.680254e+07
7.855985e+06 -1.272536e+01
-2.150427e+08 1.839137e+08
-6.933216e+11 6.829267e+11
-2.206053e+05 -1.789416e+07
-2.491627e+13 8.998161e+14
-2.266113e+11 1.033834e+12
4.704683e+06 -1.258180e+07
4.939591e+07 7.514745e+06
-8.413644e+07 -1.429254e+08
2.694510e+07 -2.007651e+06
-6.586582e+00 3.573851e+06
-4.395238e+07 -1.272320e+07
5.959086e+06 1.089414e+07
-5.145297e+09 1.514082e+09
-2.037569e+12 -2.246166e+12
5.482651e+07 -1.407657e+07
1.416128e+12 2.137406e+11
2.266847e+07 -9.695758e+06
3.634378e+08 9.431609e+08
-2.055592e+08 -2.178987e+08
-1.276773e+06 -7.038053e+05
-8.903610e+06 1.849668e+06
3.013849e+08 -3.938136e+07
-7.439480e-01 1.140971e+06
5.565942e+06 4.846065e+06
7.086014e+10 1.498120e+10
4.451990e+06 5.819015e+06
8.839108e+11 -1.652198e+11
-2.026960e+05 -4.884678e+04
-1.135198e+09 4.915550e+07
8.920576e+08 7.887946e+08
-1.274175e+15 1.148414e+15
-1.760658e+08 -3.285566e+08
-1.368300e+06 -1.299900e+06
4.394791e+07 1.281612e+07
5.452666e+09 2.258734e+10
-8.860661e+05 3.135974e+00
2.749685e+00 2.695099e+06
-1.973827e+13 6.381415e+12
-3.136221e+07 -1.901065e+07
-5.426678e+08 -1.532781e+08
-8.067527e+00 1.183529e+07
1.801931e+10 -1.173794e+10
-1.499437e+14 -4.937507e+13
9.052941e+06 1.098545e+07
-4.481605e+06 1.244988e+07
-4.978847e+08 4.810013e+10
3.236937e+08 8.308578e+07
5.448875e+06 -1.007352e+06
3.154228e+06 -8.844333e+05
-4.506756e+07 1.983446e+07
-2.324258e+15 -2.510688e+16
-2.882840e+06 7.699156e+00
4.543965e+11 -7.914736e+10
1.909792e+11 -1.367732e+09
-1.910073e+11 1.367811e+09
9.895392e+10 3.268693e+10
-1.521533e+13 5.464759e+12
5.561106e+12 1.756565e+11
6.726382e+10 1.950946e+10
-2.355297e+07 4.540500e+07
4.266255e+10 1.394728e+10
1.718289e+07 -4.111528e+08
6.140289e+06 -1.221932e+07
-3.615723e+09 -2.189658e+08
6.942377e+05 7.977717e+00
5.597213e+09 1.075771e+09
-8.891814e+07 -4.233039e+07
6.578794e+06 -2.579176e+07
-7.230993e+00 -1.162906e+07
-1.529822e+06 7.917102e+00
2.697231e+11 6.047700e+11
-8.900076e+07 7.183136e+07
-2.629119e+07 2.728565e+06
7.502127e+07 6.207213e+07
-1.321909e+07 5.740585e+07
-4.338878e+10 5.842756e+10
-6.980302e+08 1.189883e+08
2.088898e+06 1.545517e+01
2.463392e+08 -2.416607e+08
2.491757e+13 -8.998161e+14
-1.000187e+09 -1.693877e+09
-9.692598e+08 1.978125e+09
-9.032296e+07 7.586404e+06
1.274188e+15 -1.148390e+15
-1.400394e+07 2.587741e+06
3.616079e+09 2.181330e+08
2.992067e+19 6.301724e+19
-3.237218e+08 -8.324759e+07
-8.102763e+07 -1.339873e+08
-6.499934e+06 2.585953e+07
-9.685132e+06 -1.196646e+06
8.595392e+05 6.721650e+06
-4.813608e+09 6.257573e+10
2.395677e+08 -4.181687e+08
3.343198e+11 5.227890e+12
4.339015e+10 -5.842331e+10
1.972481e+08 -7.368305e+08
5.405970e+08 1.547732e+08
-3.642904e+08 -9.413700e+08
1.169972e+06 1.965267e+00
9.146643e+06 -4.598542e+00
8.497474e+05 1.714179e+07
-8.913487e+08 -7.880090e+08
1.182507e+08 3.834413e+08
-7.571051e+07 -6.238833e+07
2.266014e+11 -1.033804e+12
-4.890961e+07 -7.601548e+06
7.210462e+06 1.306027e+06
1.961800e+10 1.362635e+10
1.102633e+01 -1.083378e+07
9.673958e+08 -1.977922e+09
1.135206e+09 -4.916221e+07
-6.819924e+06 6.936972e+06
-7.268921e+06 -3.949140e+06
-1.995983e+07 -9.766703e+00
8.450409e+06 5.729733e+06
