3.934845e+05 -8.070607e+00
1.565739e+06 -2.757701e+05
1.639386e+09 2.118914e+10
3.889160e+11 4.287504e+11
-2.938422e+11 -4.018062e+11
-1.067731e+09 -2.050910e+08
3.044065e+06 -1.090001e+07
-1.372541e+06 -1.126941e+06
-4.533831e+05 -2.994039e+06
-9.988141e+05 1.657701e-01
1.449083e+05 -3.172074e+05
-6.722158e+06 1.789054e+07
9.189089e+08 -1.194727e+10
9.810971e+08 -2.886374e+08
-9.891841e+09 -2.141858e+09
9.809868e+08 4.701032e+08
-2.615286e+05 8.469432e+06
-1.319832e+06 -4.584632e+05
3.797806e+06 -5.508978e+00
-4.704532e+07 4.601924e+07
-4.281648e+05 -8.588736e+05
-7.563994e+08 2.828623e+08
2.844373e+08 9.211267e+09
-1.351793e+10 -2.858242e+09
-1.037266e+07 2.030200e+07
-2.701462e+06 2.674292e+05
1.470093e+05 -2.774315e+04
1.717549e+07 -1.341989e+07
-4.313673e+12 -1.171690e+12
-4.507121e+00 -7.003834e+05
8.451462e+06 -3.815942e+06
-2.583910e+07 5.056550e+06
-6.366644e+09 -1.914056e+09
-6.232850e+08 -3.563688e+08
-7.954300e+06 -1.132396e+06
1.792754e+10 -1.125166e+10
6.202788e+13 1.182171e+14
1.522837e+05 2.820795e+05
9.894647e+09 2.142644e+09
3.330760e+07 2.681665e+07
1.899190e+10 -2.131562e+09
4.180542e+05 8.575015e+05
-1.206332e+00 -4.041882e+05
-3.742096e+09 -2.600067e+09
2.842646e+06 2.061806e+07
4.184805e+05 -3.970254e+05
-5.485652e+11 7.643447e+11
2.621787e+05 -1.998045e+05
2.585050e+07 -5.079402e+06
-3.988344e+08 -3.961293e+08
1.331625e+08 -2.297175e+07
6.004761e+06 3.594779e+06
6.817690e-01 -3.069382e+05
3.049983e+06 -3.429212e+05
6.730188e+12 2.449562e+12
7.560672e+08 -2.830775e+08
-8.675596e+10 1.511137e+10
1.103102e+08 2.798111e+07
7.936316e+05 2.063799e+06
-8.908924e+06 -2.682148e+07
-3.765555e+12 -5.059051e+12
-1.687227e+11 3.154009e+10
1.276890e+07 -2.558044e+07
3.923714e+07 4.356761e+07
-7.689956e+14 1.099092e+15
-7.095609e+07 2.322569e+07
4.253907e+06 -8.649993e+06
-2.704418e+11 -4.081513e+10
-1.761082e+09 -1.505338e+09
1.366316e+09 -1.918689e+08
9.948194e+05 4.457244e+00
-2.615032e+09 -2.910171e+09
4.312961e+12 1.171626e+12
3.752780e+08 9.342808e+07
2.213201e+04 2.425041e+00
-1.888997e+10 -6.241191e+09
-6.356485e+10 -9.943105e+11
-6.364418e+08 -1.239321e+09
-7.053533e+05 7.292630e+05
-9.112139e+07 -2.872537e+07
-1.050907e+09 -4.306138e+09
3.765970e+12 5.058494e+12
-1.041433e+09 6.783066e+08
1.039043e+07 -2.031514e+07
-1.376234e+08 1.004925e+08
-5.338343e+07 -2.658997e+06
-7.113492e+00 -3.429273e+06
2.938427e+11 4.018281e+11
-4.145066e+05 3.548012e+00
-3.293687e+04 -6.449157e+00
-1.277404e+07 2.552066e+07
2.614882e+09 2.910171e+09
-4.875935e+08 -3.241713e+08
8.452808e+16 -1.376270e+17
6.369197e+09 1.915034e+09
8.324663e+00 -6.851812e+05
1.905299e+08 3.234027e+08
5.071421e+05 -6.649636e+05
-1.859004e+04 -4.818657e+05
-3.435704e+09 2.238289e+09
-2.841681e+08 -9.216330e+09
2.839677e+11 -2.737339e+11
-3.156531e+08 -2.346116e+08
-1.386224e+11 2.094526e+11
1.463243e+04 4.321924e+05
4.645619e+06 2.848458e+07
1.386453e+11 -2.094757e+11
1.764860e+05 -9.843260e+00
6.532748e+13 -3.357652e+13
-1.792875e+10 1.125155e+10
4.782780e+10 2.693184e+11
9.030826e+06 7.897456e+00
-7.376685e+07 7.081135e+07
-1.366381e+09 1.919685e+08
2.902166e+12 -1.042436e+12
-3.751557e+08 -9.363117e+07
-6.072850e+05 1.816018e+05
7.694614e+14 -1.099455e+15
4.062986e+05 7.710120e+05
-1.283963e+10 -3.724489e+09
-8.454203e+16 1.376346e+17
-1.136406e+08 7.001659e+07
3.766784e+12 -1.217447e+12
1.041576e+09 -6.783862e+08
-3.761023e+07 1.406099e+08
1.322668e+11 -1.304028e+11
3.352403e+07 6.279784e+07
5.127481e+09 7.877464e+09
-1.334630e+06 2.305916e+06
1.188292e+08 -1.279342e+08
-6.806820e+05 -3.256277e+06
6.878202e+05 3.249968e+06
-8.373534e+00 -3.374951e+06
-4.082414e+10 8.182894e+10
-2.024461e+07 6.163313e+06
-3.318040e+07 -2.636905e+07
-4.601033e+06 -7.509443e+06
-4.423139e+00 3.032516e+06
6.450915e+08 1.241500e+09
-1.702303e+07 4.586685e+07
4.995301e+14 -2.365173e+15
2.864166e+06 -1.455777e+06
-8.047931e+05 -3.265419e+06
1.133096e+08 -6.997949e+07
-2.605147e+05 -8.366158e+05
-1.071167e+16 -3.985034e+16
-1.701430e+05 -9.321746e+00
1.709476e+07 -1.377095e+06
-2.576022e+08 -2.475912e+07
-1.311566e+06 -2.117245e+05
-1.188674e+08 1.279544e+08
-1.130391e+06 -1.293122e+06
-2.492512e+07 2.794224e+07
-7.211380e+10 -1.402554e+10
-1.753061e+10 6.423976e+10
-4.572871e+00 1.794142e+05
-1.061499e+12 -3.352940e+10
3.199691e+07 -1.187432e+07
1.225655e+13 -2.123168e+13
-5.540782e+00 -8.007783e+06
1.175620e+06 -1.457599e+06
-5.047514e+04 -4.262951e+05
9.836799e+07 -2.266093e+07
7.622192e+04 4.273500e+05
2.570277e+05 8.282191e+05
-1.898874e+10 2.131232e+09
-1.542612e+06 -4.357618e+04
-4.781713e+10 -2.692290e+11
3.180312e+09 6.404422e+09
-5.148284e+10 -1.154422e+11
-1.718417e+15 7.068041e+13
7.814768e+05 3.378483e+06
2.491549e+07 -2.794275e+07
2.770313e+05 3.057923e+06
1.753059e+10 -6.422914e+10
-6.204328e+07 -5.862893e+07
2.854185e+13 9.400127e+12
9.129459e+07 2.873133e+07
7.496790e+08 -1.303884e+08
1.703271e+07 -4.586869e+07
2.576169e+08 2.482751e+07
6.225269e+07 -5.266344e+07
3.987511e+08 3.960970e+08
-4.558767e+07 7.958696e+07
1.262181e+08 2.303246e+08
-1.431138e+06 -6.597032e+05
8.988445e+06 1.290809e+06
-1.225520e+13 2.122817e+13
-8.982687e+06 -1.251735e+06
-1.396443e+06 -2.266646e+06
1.718228e+15 -7.067265e+13
-8.575381e+06 1.981104e+05
4.464219e+10 -9.942500e+09
-2.839669e+11 2.738127e+11
-4.431775e+06 1.614159e+07
-4.466717e+10 9.944754e+09
6.204438e+07 5.863838e+07
4.998967e+06 7.708122e+06
-1.165514e+05 -3.306801e+06
-1.507007e+00 6.066102e+05
4.862084e+05 -6.253967e+05
8.989471e+07 3.039681e+07
7.210597e+10 1.402379e+10
-7.083268e+05 1.107468e+06
4.877104e+08 3.242054e+08
5.484442e+11 -7.642601e+11
-9.826055e+07 2.283804e+07
5.332567e+07 2.438057e+06
-3.180647e+09 -6.404780e+09
2.238854e+20 -1.849566e+20
3.433046e+04 9.097386e+05
-5.076472e+00 5.085247e+05
4.694332e+06 -1.675056e+07
1.361342e+13 -9.471430e+12
1.816988e+00 2.006265e+05
1.375654e+08 -1.004381e+08
-6.154274e+05 -6.055323e+04
2.837065e+06 -1.883899e+05
2.036943e+07 -6.002107e+06
-6.223662e+07 3.498655e+07
1.870616e+06 1.585042e+05
-6.202788e+13 -1.182040e+14
-7.492832e+08 1.308036e+08
5.613358e+06 -2.150344e+07
1.761191e+09 1.505938e+09
-1.213698e+07 3.648037e+05
6.158025e+06 -1.715964e+07
-1.867834e+07 2.155193e+07
-4.996128e+14 2.365564e+15
1.682213e+07 8.047687e+06
3.439764e+08 1.024551e+09
4.083317e+10 -8.184718e+10
-1.362017e+13 9.475083e+12
-8.142054e+09 -2.662605e+09
5.807815e+09 1.447955e+08
-5.807175e+09 -1.447897e+08
1.876598e+07 -2.144929e+07
-8.828460e+06 3.189439e+07
1.071345e+16 3.985034e+16
-8.398025e+05 -2.120443e+06
1.928208e+00 -7.112235e+05
-3.260067e+06 7.816712e+07
1.726318e+08 -1.018199e+07
4.755227e+05 -2.921611e+05
-4.764158e+05 2.943893e+05
-9.817844e+08 -4.704313e+08
1.212832e+07 -6.435187e+05
-5.726139e+00 4.556719e+06
-5.709540e+18 -1.202221e+19
6.694000e+06 -5.117087e+06
1.422893e+05 -3.869686e+00
-1.139180e+06 -2.084426e+06
-3.183196e+07 1.189450e+07
1.400974e+06 6.785423e+05
3.654850e+05 -5.404366e+00
-1.102337e+08 -2.796205e+07
-4.373169e+05 -1.564147e+06
8.832088e+06 -3.190547e+07
-4.340159e+06 1.827768e+06
4.257034e+05 1.229993e+06
-5.127177e+09 -7.877435e+09
-2.238977e+20 1.849770e+20
2.784977e+04 -2.015771e+00
-5.610485e+06 2.151392e+07
-6.730930e+12 -2.449832e+12
9.511119e+07 -9.184142e+09
2.781610e+00 -7.084041e+05
-1.767450e+06 -2.046375e+07
-1.640162e+09 -2.120185e+10
-3.440366e+08 -1.024703e+09
3.153201e+08 2.345419e+08
-2.280778e+07 -7.292309e+07
1.534752e+07 2.576922e+07
-1.263857e+08 -2.305788e+08
-3.763930e+05 -6.599054e+00
-9.762621e+00 -5.099819e+05
-6.532748e+13 3.357837e+13
4.438697e+14 4.795142e+15
-1.488975e+06 5.140204e+00
6.232921e+08 3.564529e+08
-1.101041e+01 6.100266e+05
-1.733746e+08 8.599163e+06
-6.636699e+06 5.112329e+06
1.498567e+06 -3.035087e+00
-4.101071e+07 3.507065e+07
-1.323715e+11 1.303940e+11
-4.203970e+04 -3.416448e+06
-4.754126e+12 1.716944e+14
-4.325118e+10 1.973271e+11
8.981206e+05 -2.401620e+06
9.429333e+06 1.434489e+06
-1.604496e+07 -2.725679e+07
5.139570e+06 -3.827999e+05
-4.220618e+00 6.820236e+05
-8.388569e+06 -2.428048e+06
1.136542e+06 2.078004e+06
-9.817204e+08 2.888725e+08
-3.890660e+11 -4.288922e+11
1.046550e+07 -2.687079e+06
2.705012e+11 4.082631e+10
4.326843e+06 -1.850735e+06
6.937496e+07 1.800274e+08
-3.879041e+07 -4.112438e+07
-2.435977e+05 -1.343953e+05
-1.699860e+06 3.532619e+05
5.748415e+07 -7.511017e+06
-4.607122e-01 2.177965e+05
1.062405e+06 9.250368e+05
1.353420e+10 2.861263e+09
8.500833e+05 1.111354e+06
1.687507e+11 -3.154304e+10
-3.863064e+04 -9.313237e+03
-2.167418e+08 9.384754e+06
1.703270e+08 1.506170e+08
-2.432441e+14 2.192290e+14
-3.361017e+07 -6.271845e+07
-2.611829e+05 -2.482422e+05
8.388790e+06 2.446293e+06
1.040803e+09 4.311272e+09
-1.690411e+05 5.666890e+00
4.986242e+00 5.146990e+05
-3.767614e+12 1.218050e+12
-5.985163e+06 -3.628031e+06
-1.035619e+08 -2.925328e+07
4.442328e-01 2.258838e+06
3.437084e+09 -2.238801e+09
-2.855762e+13 -9.403762e+12
1.727694e+06 2.096746e+06
-8.553376e+05 2.376209e+06
-9.507298e+07 9.184729e+09
6.183066e+07 1.587114e+07
1.038864e+06 -1.917486e+05
6.023525e+05 -1.689106e+05
-8.604244e+06 3.786521e+06
-4.439674e+14 -4.796198e+15
-5.502279e+05 -4.762453e+00
8.679393e+10 -1.511689e+10
3.644821e+10 -2.610120e+08
-3.644822e+10 2.609927e+08
1.889388e+10 6.241312e+09
-2.902485e+12 1.042493e+12
1.062083e+12 3.354796e+10
1.284475e+10 3.725863e+09
-4.497023e+06 8.668752e+06
8.143968e+09 2.662420e+09
3.271087e+06 -7.826709e+07
1.168346e+06 -2.324814e+06
-6.903437e+08 -4.181336e+07
1.326714e+05 5.160939e+00
1.067772e+09 2.052163e+08
-1.697469e+07 -8.081131e+06
1.256687e+06 -4.927542e+06
1.010977e+01 -2.220113e+06
-2.918760e+05 4.590012e+00
5.150839e+10 1.154867e+11
-1.697778e+07 1.370253e+07
-5.015594e+06 5.205754e+05
1.429427e+07 1.182769e+07
-2.522978e+06 1.095621e+07
-8.280774e+09 1.115082e+10
-1.330148e+08 2.267637e+07
3.978612e+05 -8.106058e+00
4.701831e+07 -4.612636e+07
4.755172e+12 -1.717039e+14
-1.908349e+08 -3.231904e+08
-1.836595e+08 3.748485e+08
-1.723255e+07 1.447257e+06
2.432708e+14 -2.192531e+14
-2.671435e+06 4.936591e+05
6.904368e+08 4.164979e+07
5.710483e+18 1.202685e+19
-6.184781e+07 -1.590403e+07
-1.546588e+07 -2.557530e+07
-1.241654e+06 4.939846e+06
-1.849035e+06 -2.283335e+05
1.640159e+05 1.283663e+06
-9.193349e+08 1.195191e+10
4.561196e+07 -7.961725e+07
6.364236e+10 9.952454e+11
8.280319e+09 -1.115021e+10
3.764647e+07 -1.406301e+08
1.031730e+08 2.954309e+07
-6.954127e+07 -1.796711e+08
2.231428e+05 -5.192503e+00
1.746725e+06 6.419373e+00
1.622401e+05 3.272565e+06
-1.701635e+08 -1.504338e+08
2.254184e+07 7.309515e+07
-1.442467e+07 -1.188634e+07
4.325111e+10 -1.973166e+11
-9.336585e+06 -1.451042e+06
1.374334e+06 2.488529e+05
3.742518e+09 2.599677e+09
-2.673378e+00 -2.044056e+06
1.832796e+08 -3.747695e+08
2.167098e+08 -9.385288e+06
-1.295974e+06 1.318263e+06
-1.387402e+06 -7.536267e+05
-3.810415e+06 9.481918e+00
1.612743e+06 1.093635e+06
