2.076773e+06 6.964545e+00
8.247686e+06 -1.452333e+06
8.633040e+09 1.115740e+11
2.048576e+12 2.258418e+12
-1.547091e+12 -2.115769e+12
-5.629618e+09 -1.081497e+09
1.604289e+07 -5.744366e+07
-7.233383e+06 -5.938118e+06
-2.387897e+06 -1.576807e+07
-5.264773e+06 -1.103944e+01
7.623036e+05 -1.669117e+06
-3.539687e+07 9.422187e+07
4.839550e+09 -6.291749e+10
5.172949e+09 -1.521927e+09
-5.211799e+10 -1.128701e+10
5.178770e+09 2.481376e+09
-1.381573e+06 4.474350e+07
-6.949631e+06 -2.414041e+06
2.000933e+07 -1.486136e-01
-2.479639e+08 2.425419e+08
-2.256008e+06 -4.525044e+06
-3.984509e+09 1.490125e+09
1.498910e+09 4.854926e+10
-7.123987e+10 -1.506115e+10
-5.465980e+07 1.069373e+08
-1.422665e+07 1.408601e+06
7.750935e+05 -1.459543e+05
9.061874e+07 -7.075932e+07
-2.271273e+13 -6.169398e+12
5.792134e+00 -3.692097e+06
4.451796e+07 -2.010483e+07
-1.360874e+08 2.663315e+07
-3.354652e+10 -1.008401e+10
-3.285126e+09 -1.878152e+09
-4.191090e+07 -5.966835e+06
9.449791e+10 -5.930727e+10
3.267471e+14 6.227097e+14
7.991302e+05 1.489537e+06
5.212987e+10 1.128939e+10
1.755829e+08 1.413588e+08
1.000649e+11 -1.123009e+10
2.202994e+06 4.517873e+06
-2.594396e+00 -2.126988e+06
-1.972747e+10 -1.370512e+10
1.497448e+07 1.085984e+08
2.207221e+06 -2.094116e+06
-2.901736e+12 4.043154e+12
1.382997e+06 -1.054315e+06
1.361509e+08 -2.675131e+07
-2.102113e+09 -2.088211e+09
7.028524e+08 -1.212638e+08
3.165130e+07 1.894833e+07
7.062149e+00 -1.616488e+06
1.608401e+07 -1.808397e+06
3.546434e+13 1.290871e+13
3.982934e+09 -1.491128e+09
-4.569672e+11 7.958736e+10
5.811987e+08 1.474252e+08
4.184489e+06 1.087988e+07
-4.691420e+07 -1.412444e+08
-1.984309e+13 -2.665701e+13
-8.887419e+11 1.661430e+11
6.721524e+07 -1.346771e+08
2.091494e+08 2.322448e+08
-4.049942e+15 5.787523e+15
-3.737571e+08 1.223354e+08
2.241466e+07 -4.557501e+07
-1.423971e+12 -2.149224e+11
-9.310247e+09 -7.959181e+09
7.194099e+09 -1.010263e+09
5.244807e+06 9.406206e+00
-1.376806e+10 -1.532196e+10
2.271510e+13 6.169140e+12
1.992957e+09 4.961434e+08
1.168229e+05 -7.397779e+00
-9.949504e+10 -3.287483e+10
-3.358028e+11 -5.253018e+12
-3.353078e+09 -6.529292e+09
-3.715171e+06 3.840702e+06
-4.841305e+08 -1.526078e+08
-5.536463e+09 -2.268695e+10
1.984350e+13 2.665701e+13
-5.485227e+09 3.572632e+09
5.473589e+07 -1.070191e+08
-7.254788e+08 5.297204e+08
-2.815130e+08 -1.402126e+07
6.108662e+00 -1.806447e+07
1.547223e+12 2.115746e+12
-2.184528e+06 6.365834e+00
-1.739438e+05 -7.595018e+00
-6.725366e+07 1.343624e+08
1.376745e+10 1.532260e+10
-2.570105e+09 -1.708518e+09
4.450937e+17 -7.247405e+17
3.355651e+10 1.008850e+10
7.428104e+00 -3.611271e+06
1.004680e+09 1.705211e+09
2.671476e+06 -3.502926e+06
-9.822711e+04 -2.539787e+06
-1.812004e+10 1.180353e+10
-1.497122e+09 -4.856035e+10
1.495783e+12 -1.441942e+12
-1.663392e+09 -1.236235e+09
-7.307417e+11 1.104117e+12
7.759181e+04 2.277289e+06
2.446978e+07 1.500326e+08
7.308258e+11 -1.104036e+12
9.293241e+05 -1.653317e+00
3.447703e+14 -1.772312e+14
-9.449811e+10 5.930482e+10
2.526169e+11 1.422377e+12
4.754580e+07 -7.897474e+00
-3.884525e+08 3.728541e+08
-7.194574e+09 1.010626e+09
1.530092e+13 -5.495383e+12
-1.992466e+09 -4.971326e+08
-3.201557e+06 9.576200e+05
4.051636e+15 -5.788613e+15
2.148096e+06 4.076743e+06
-6.763340e+10 -1.961745e+10
-4.451263e+17 7.247481e+17
-6.846945e+08 4.218148e+08
1.984554e+13 -6.413009e+12
5.485132e+09 -3.572545e+09
-1.981834e+08 7.409383e+08
6.965998e+11 -6.867826e+11
1.766363e+08 3.308404e+08
2.702502e+10 4.152013e+10
-7.058675e+06 1.219562e+07
6.261887e+08 -6.740877e+08
-3.583761e+06 -1.714300e+07
3.620590e+06 1.711016e+07
3.836067e-01 -1.779887e+07
-2.176945e+11 4.363615e+11
-1.067361e+08 3.249255e+07
-1.749028e+08 -1.389970e+08
-2.424892e+07 -3.957576e+07
-5.560258e+00 1.599228e+07
3.398543e+09 6.539583e+09
-8.968418e+07 2.416508e+08
2.636089e+15 -1.248186e+16
1.508571e+07 -7.668534e+06
-4.244040e+06 -1.721969e+07
6.826712e+08 -4.216102e+08
-1.372287e+06 -4.405769e+06
-5.673284e+16 -2.110531e+17
-8.963645e+05 -5.617786e-01
9.012966e+07 -7.261889e+06
-1.357379e+09 -1.304729e+08
-6.921872e+06 -1.117720e+06
-6.262374e+08 6.740751e+08
-5.954380e+06 -6.811186e+06
-1.312559e+08 1.471381e+08
-3.797536e+11 -7.386279e+10
-9.233076e+10 3.382860e+11
8.065633e+00 9.449912e+05
-5.590447e+12 -1.766031e+11
1.687209e+08 -6.260932e+07
6.462988e+13 -1.119507e+14
2.072475e+00 -4.230258e+07
6.223080e+06 -7.714109e+06
-2.648377e+05 -2.244314e+06
5.200044e+08 -1.198019e+08
4.015273e+05 2.250741e+06
1.353441e+06 4.360868e+06
-1.000303e+11 1.122773e+10
-8.125587e+06 -2.294514e+05
-2.525794e+11 -1.422228e+12
1.676051e+10 3.374972e+10
-2.711715e+11 -6.080052e+11
-9.049951e+15 3.721879e+14
4.119277e+06 1.780996e+07
1.312067e+08 -1.471382e+08
1.458547e+06 1.610291e+07
9.232196e+10 -3.382718e+11
-3.270759e+08 -3.091001e+08
1.507289e+14 4.963988e+13
4.850883e+08 1.526687e+08
3.957758e+09 -6.884083e+08
8.972840e+07 -2.416362e+08
1.357317e+09 1.308082e+08
3.283617e+08 -2.777974e+08
2.101959e+09 2.087903e+09
-2.408637e+08 4.205233e+08
6.651820e+08 1.213786e+09
-7.547892e+06 -3.480006e+06
4.734501e+07 6.798837e+06
-6.463258e+13 1.119612e+14
-4.730399e+07 -6.592465e+06
-7.359556e+06 -1.194329e+07
9.050613e+15 -3.722542e+14
-4.515711e+07 1.044003e+06
2.352081e+11 -5.237168e+10
-1.495810e+12 1.442080e+12
-2.334250e+07 8.502207e+07
-2.352594e+11 5.237914e+10
3.270847e+08 3.091216e+08
2.634296e+07 4.061923e+07
-6.135444e+05 -1.742031e+07
1.048295e+01 3.196076e+06
2.561292e+06 -3.294638e+06
4.734444e+08 1.600785e+08
3.797462e+11 7.385321e+10
-3.731638e+06 5.834829e+06
2.570804e+09 1.708980e+09
2.901344e+12 -4.042815e+12
-5.194792e+08 1.207348e+08
2.812106e+08 1.285967e+07
-1.675972e+10 -3.375186e+10
1.179659e+21 -9.745220e+20
1.802120e+05 4.795374e+06
7.570055e+00 2.679716e+06
2.472542e+07 -8.823658e+07
7.175743e+13 -4.992504e+13
-9.487683e+00 1.057016e+06
7.253602e+08 -5.295047e+08
-3.245083e+06 -3.195049e+05
1.494394e+07 -9.920896e+05
1.074144e+08 -3.164848e+07
-3.283388e+08 1.845418e+08
9.853176e+06 8.350331e+05
-3.267608e+14 -6.227357e+14
-3.955752e+09 6.905669e+08
2.958459e+07 -1.133330e+08
9.311087e+09 7.961231e+09
-6.396118e+07 1.922703e+06
3.242404e+07 -9.035584e+07
-9.855973e+07 1.137290e+08
-2.636144e+15 1.248134e+16
8.862445e+07 4.239820e+07
1.811999e+09 5.397090e+09
2.176734e+11 -4.363246e+11
-7.175968e+13 4.992243e+13
-4.289646e+10 -1.402729e+10
3.060276e+10 7.630301e+08
-3.060083e+10 -7.629673e+08
9.901911e+07 -1.131703e+08
-4.649182e+07 1.679516e+08
5.673403e+16 2.110332e+17
-4.428342e+06 -1.118052e+07
9.700469e+00 -3.751613e+06
-1.722406e+07 4.130294e+08
9.126478e+08 -5.383102e+07
2.505116e+06 -1.539163e+06
-2.509653e+06 1.550221e+06
-5.180424e+09 -2.482164e+09
6.391800e+07 -3.391185e+06
-9.366356e+00 2.400118e+07
-3.008926e+19 -6.336503e+19
3.528763e+07 -2.697498e+07
7.496750e+05 -5.569123e+00
-6.005196e+06 -1.098894e+07
-1.677948e+08 6.269513e+07
7.384193e+06 3.576253e+06
1.924918e+06 7.100681e+00
-5.807297e+08 -1.473139e+08
-2.303452e+06 -8.237997e+06
4.651928e+07 -1.680373e+08
-2.287145e+07 9.631213e+06
2.241797e+06 6.478978e+06
-2.703028e+10 -4.152866e+10
-1.179869e+21 9.747257e+20
1.468832e+05 -5.260027e+00
-2.957245e+07 1.134032e+08
-3.546657e+13 -1.290884e+13
5.009528e+08 -4.837474e+10
2.239393e+00 -3.732593e+06
-9.307675e+06 -1.077665e+08
-8.636689e+09 -1.116434e+11
-1.812539e+09 -5.398520e+09
1.661208e+09 1.235604e+09
-1.203144e+08 -3.846840e+08
8.086970e+07 1.357850e+08
-6.658317e+08 -1.214843e+09
-1.983809e+06 -8.816193e+00
7.753182e+00 -2.688521e+06
-3.448388e+14 1.772627e+14
2.337497e+15 2.525121e+16
-7.849845e+06 -3.396716e+00
3.284979e+09 1.878573e+09
2.676540e+00 3.216077e+06
-9.166863e+08 4.546745e+07
-3.501412e+07 2.695584e+07
7.900923e+06 -1.437189e+00
-2.162727e+08 1.849655e+08
-6.972856e+11 6.868312e+11
-2.218800e+05 -1.799649e+07
-2.505875e+13 9.049616e+14
-2.279072e+11 1.039746e+12
4.731647e+06 -1.265379e+07
4.967840e+07 7.557775e+06
-8.461770e+07 -1.437429e+08
2.709926e+07 -2.019194e+06
-2.835225e+00 3.594347e+06
-4.420376e+07 -1.279601e+07
5.993225e+06 1.095648e+07
-5.174721e+09 1.522741e+09
-2.049219e+12 -2.259009e+12
5.514000e+07 -1.415688e+07
1.424224e+12 2.149626e+11
2.279785e+07 -9.751089e+06
3.655082e+08 9.485339e+08
-2.067333e+08 -2.191458e+08
-1.284030e+06 -7.078204e+05
-8.954511e+06 1.860258e+06
3.031055e+08 -3.960616e+07
-7.421817e+00 1.147454e+06
5.597685e+06 4.873696e+06
7.126456e+10 1.506671e+10
4.477373e+06 5.852199e+06
8.889560e+11 -1.661628e+11
-2.038251e+05 -4.909559e+04
-1.141677e+09 4.943605e+07
8.971491e+08 7.932967e+08
-1.281448e+15 1.154969e+15
-1.770707e+08 -3.304319e+08
-1.376078e+06 -1.307288e+06
4.419872e+07 1.288924e+07
5.483791e+09 2.271628e+10
-8.910901e+05 -2.853944e+00
8.260265e-01 2.710468e+06
-1.985093e+13 6.417836e+12
-3.154120e+07 -1.911915e+07
-5.457650e+08 -1.541529e+08
2.559492e+00 1.190283e+07
1.812217e+10 -1.180495e+10
-1.507999e+14 -4.965701e+13
9.104598e+06 1.104816e+07
-4.507197e+06 1.252095e+07
-5.007264e+08 4.837466e+10
3.255410e+08 8.355994e+07
5.480014e+06 -1.013139e+06
3.172262e+06 -8.895232e+05
-4.532527e+07 1.994766e+07
-2.337522e+15 -2.525016e+16
-2.899328e+06 -9.392363e+00
4.569947e+11 -7.959990e+10
1.920714e+11 -1.375554e+09
-1.920996e+11 1.375633e+09
9.951969e+10 3.287382e+10
-1.530236e+13 5.496016e+12
5.592903e+12 1.766608e+11
6.764843e+10 1.962102e+10
-2.368769e+07 4.566467e+07
4.290652e+10 1.402704e+10
1.728128e+07 -4.135057e+08
6.175514e+06 -1.228933e+07
-3.636400e+09 -2.202180e+08
6.982888e+05 -4.544157e+00
5.629227e+09 1.081924e+09
-8.942670e+07 -4.257253e+07
6.616466e+06 -2.593928e+07
1.107753e+01 -1.169559e+07
-1.538607e+06 8.864649e+00
2.712652e+11 6.082276e+11
-8.950973e+07 7.224214e+07
-2.644155e+07 2.744165e+06
7.545045e+07 6.242723e+07
-1.329468e+07 5.773413e+07
-4.363689e+10 5.876167e+10
-7.020231e+08 1.196689e+08
2.100799e+06 5.514229e+00
2.477452e+08 -2.430400e+08
2.505980e+13 -9.049522e+14
-1.005897e+09 -1.703547e+09
-9.748020e+08 1.989436e+09
-9.083859e+07 7.629711e+06
1.281461e+15 -1.154945e+15
-1.408388e+07 2.602532e+06
3.636718e+09 2.193781e+08
3.009146e+19 6.337762e+19
-3.255692e+08 -8.372264e+07
-8.149009e+07 -1.347520e+08
-6.536994e+06 2.600705e+07
-9.740380e+06 -1.203446e+06
8.644136e+05 6.759979e+06
-4.841079e+09 6.293285e+10
2.409359e+08 -4.205570e+08
3.362291e+11 5.257747e+12
4.363780e+10 -5.875680e+10
1.983741e+08 -7.410366e+08
5.436828e+08 1.556566e+08
-3.663697e+08 -9.467269e+08
1.176583e+06 1.060932e+01
9.198616e+06 1.177929e+00
8.545470e+05 1.723925e+07
-8.964174e+08 -7.924901e+08
1.189233e+08 3.856265e+08
-7.614206e+07 -6.274396e+07
2.278925e+11 -1.039694e+12
-4.918828e+07 -7.644869e+06
7.251567e+06 1.313437e+06
1.972979e+10 1.370400e+10
-1.705862e+00 -1.089564e+07
9.729173e+08 -1.989211e+09
1.141674e+09 -4.944229e+07
-6.858816e+06 6.976529e+06
-7.310307e+06 -3.971632e+06
-2.007353e+07 -2.719453e+00
8.498553e+06 5.762381e+06
