2.339097e+05 -5.306797e+00
9.316890e+05 -1.641874e+05
9.758335e+08 1.261361e+10
2.314650e+11 2.552058e+11
-1.749434e+11 -2.392435e+11
-6.350230e+08 -1.219555e+08
1.811141e+06 -6.483357e+06
-8.163902e+05 -6.703037e+05
-2.697928e+05 -1.781745e+06
-5.939504e+05 -2.864411e+00
8.631405e+04 -1.888630e+05
-4.001946e+06 1.065043e+07
5.471768e+08 -7.114037e+09
5.835525e+08 -1.716739e+08
-5.886496e+09 -1.274753e+09
5.830450e+08 2.793679e+08
-1.553015e+05 5.028655e+06
-7.857376e+05 -2.729124e+05
2.259938e+06 -7.495157e+00
-2.798876e+07 2.737937e+07
-2.548816e+05 -5.113394e+05
-4.502576e+08 1.683560e+08
1.692740e+08 5.480770e+09
-8.045218e+09 -1.701121e+09
-6.173080e+06 1.208210e+07
-1.608232e+06 1.591912e+05
8.743028e+04 -1.648316e+04
1.021150e+07 -7.983483e+06
-2.569116e+12 -6.977909e+11
6.943582e+00 -4.168443e+05
5.031088e+06 -2.271873e+06
-1.538803e+07 3.011542e+06
-3.789677e+09 -1.139304e+09
-3.708525e+08 -2.120345e+08
-4.733510e+06 -6.738243e+05
1.066485e+10 -6.693712e+09
3.691819e+13 7.035738e+13
9.095033e+04 1.675480e+05
5.889269e+09 1.275319e+09
1.981684e+07 1.595412e+07
1.130393e+10 -1.268513e+09
2.488260e+05 5.103828e+05
8.704240e+00 -2.408057e+05
-2.225994e+09 -1.546544e+09
1.691977e+06 1.227280e+07
2.488885e+05 -2.361786e+05
-3.253804e+11 4.533524e+11
1.559187e+05 -1.188398e+05
1.538812e+07 -3.023778e+06
-2.372654e+08 -2.356472e+08
7.912859e+07 -1.365190e+07
3.572939e+06 2.138823e+06
6.949426e+00 -1.826886e+05
1.813513e+06 -2.038891e+05
4.004900e+12 1.457539e+12
4.500272e+08 -1.684844e+08
-5.163806e+10 8.994445e+09
6.563817e+07 1.665034e+07
4.719688e+05 1.227229e+06
-5.302863e+06 -1.596543e+07
-2.240409e+12 -3.010013e+12
-1.004030e+11 1.876948e+10
7.603362e+06 -1.523346e+07
2.312538e+07 2.567521e+07
-4.578656e+14 6.543123e+14
-4.224317e+07 1.382570e+07
2.531567e+06 -5.147667e+06
-1.610269e+11 -2.430130e+10
-1.044939e+09 -8.932091e+08
8.136985e+08 -1.142555e+08
5.917606e+05 1.103755e+01
-1.557478e+09 -1.733259e+09
2.568403e+12 6.977264e+11
2.218942e+08 5.524428e+07
1.324793e+04 5.448923e-01
-1.124683e+10 -3.716058e+09
-3.774861e+10 -5.903951e+11
-3.787718e+08 -7.374876e+08
-4.198621e+05 4.340365e+05
-5.383569e+07 -1.697268e+07
-6.253554e+08 -2.562375e+09
2.240824e+12 3.010013e+12
-6.199510e+08 4.037646e+08
6.183663e+06 -1.209019e+07
-8.185637e+07 5.977373e+07
-3.174213e+07 -1.581278e+06
4.856290e+00 -2.040952e+06
1.749437e+11 2.392434e+11
-2.466430e+05 -1.230703e+00
-1.960649e+04 -1.015887e+01
-7.605779e+06 1.519523e+07
1.557043e+09 1.732939e+09
-2.900192e+08 -1.928306e+08
5.032231e+16 -8.193832e+16
3.790437e+09 1.139718e+09
-1.017529e+01 -4.076781e+05
1.133261e+08 1.923547e+08
3.019435e+05 -3.958716e+05
-1.103413e+04 -2.866567e+05
-2.043122e+09 1.331275e+09
-1.691361e+08 -5.486346e+09
1.690734e+11 -1.629742e+11
-1.878685e+08 -1.396400e+08
-8.247968e+10 1.246280e+11
8.778059e+03 2.572651e+05
2.765826e+06 1.695933e+07
8.249496e+10 -1.246280e+11
1.050520e+05 -1.101715e+01
3.882583e+13 -1.995760e+13
-1.066893e+10 6.695506e+09
2.841027e+10 1.599694e+11
5.378415e+06 -8.281400e+00
-4.392884e+07 4.216572e+07
-8.136927e+08 1.143256e+08
1.726230e+12 -6.200721e+11
-2.217631e+08 -5.536248e+07
-3.612773e+05 1.080291e+05
4.581620e+14 -6.546148e+14
2.411338e+05 4.575782e+05
-7.642552e+09 -2.217016e+09
-5.034092e+16 8.195348e+16
-5.948398e+07 3.664927e+07
2.241689e+12 -7.244583e+11
6.199912e+08 -4.038049e+08
-2.237842e+07 8.366412e+07
7.873821e+10 -7.762855e+10
1.995082e+07 3.737228e+07
3.050437e+09 4.686713e+09
-7.919775e+05 1.368261e+06
7.072276e+07 -7.612622e+07
-4.052330e+05 -1.938869e+06
4.095347e+05 1.935403e+06
3.066421e+00 -2.006502e+06
-2.404400e+10 4.819440e+10
-1.203891e+07 3.665499e+06
-1.973819e+07 -1.568629e+07
-2.737723e+06 -4.468013e+06
4.162181e+00 1.803282e+06
3.839002e+08 7.388286e+08
-1.013151e+07 2.729683e+07
2.968346e+14 -1.405451e+15
1.704815e+06 -8.664048e+05
-4.785746e+05 -1.941993e+06
5.930291e+07 -3.662525e+07
-1.550849e+05 -4.980241e+05
-6.346007e+15 -2.360716e+16
-1.011669e+05 -2.699273e+00
1.016560e+07 -8.187535e+05
-1.532812e+08 -1.473238e+07
-7.794504e+05 -1.258189e+05
-7.073911e+07 7.614687e+07
-6.727897e+05 -7.697345e+05
-1.483601e+07 1.663277e+07
-4.293008e+10 -8.349546e+09
-1.043440e+10 3.823408e+10
-2.580780e-01 1.068165e+05
-6.317791e+11 -1.995776e+10
1.902842e+07 -7.061431e+06
7.288921e+12 -1.262639e+13
1.466258e-01 -4.755403e+06
6.970006e+05 -8.641179e+05
-3.004252e+04 -2.537590e+05
5.837560e+07 -1.344617e+07
4.538512e+04 2.543750e+05
1.531670e+05 4.933931e+05
-1.130287e+10 1.268526e+09
-9.184023e+05 -2.597053e+04
-2.839700e+10 -1.598949e+11
1.892592e+09 3.811249e+09
-3.065555e+10 -6.873268e+10
-1.023104e+15 4.208140e+13
4.647660e+05 2.009366e+06
1.483178e+07 -1.663546e+07
1.648964e+05 1.820418e+06
1.043535e+10 -3.823407e+10
-3.690377e+07 -3.487162e+07
1.695545e+13 5.584311e+12
5.394959e+07 1.697851e+07
4.454033e+08 -7.746407e+07
1.013706e+07 -2.729737e+07
1.533214e+08 1.477529e+07
3.701717e+07 -3.131394e+07
2.372378e+08 2.356588e+08
-2.707202e+07 4.726484e+07
7.512733e+07 1.370883e+08
-8.513528e+05 -3.924707e+05
5.352736e+06 7.687115e+05
-7.288245e+12 1.262639e+13
-5.348138e+06 -7.453875e+05
-8.309328e+05 -1.348895e+06
1.022915e+15 -4.207363e+13
-5.106424e+06 1.180095e+05
2.657876e+10 -5.918963e+09
-1.690417e+11 1.629762e+11
-2.637549e+06 9.606870e+06
-2.658637e+10 5.919549e+09
3.690246e+07 3.487794e+07
2.974366e+06 4.586322e+06
-6.931679e+04 -1.967932e+06
1.084108e+01 3.609679e+05
2.894143e+05 -3.721838e+05
5.351125e+07 1.809317e+07
4.292220e+10 8.347879e+09
-4.215534e+05 6.589846e+05
2.901259e+08 1.928471e+08
3.252592e+11 -4.532678e+11
-5.830526e+07 1.355160e+07
3.170611e+07 1.449544e+06
-1.892408e+09 -3.810546e+09
1.332040e+20 -1.100428e+20
2.046406e+04 5.410838e+05
6.860551e+00 3.025408e+05
2.794442e+06 -9.971096e+06
8.100084e+12 -5.635780e+12
9.737686e+00 1.194868e+05
8.183097e+07 -5.973809e+07
-3.660990e+05 -3.601682e+04
1.688710e+06 -1.121192e+05
1.211334e+07 -3.569194e+06
-3.700348e+07 2.080361e+07
1.113308e+06 9.435999e+04
-3.692160e+13 -7.035738e+13
-4.452095e+08 7.772235e+07
3.339985e+06 -1.279452e+07
1.045141e+09 8.936510e+08
-7.221677e+06 2.171070e+05
3.666676e+06 -1.021647e+07
-1.110253e+07 1.281013e+07
-2.969724e+14 1.406104e+15
1.001252e+07 4.790021e+06
2.047303e+08 6.097767e+08
2.405763e+10 -4.822181e+10
-8.105336e+12 5.637868e+12
-4.845051e+09 -1.584542e+09
3.455898e+09 8.616106e+07
-3.455578e+09 -8.614965e+07
1.115108e+07 -1.274747e+07
-5.255503e+06 1.898709e+07
6.348382e+15 2.361158e+16
-4.995366e+05 -1.261229e+06
2.521947e+00 -4.229117e+05
-1.935475e+06 4.639998e+07
1.024238e+08 -6.040836e+06
2.829730e+05 -1.738464e+05
-2.834888e+05 1.751798e+05
-5.833610e+08 -2.795335e+08
7.214026e+06 -3.827434e+05
7.042471e+00 2.711595e+06
-3.396409e+18 -7.151851e+18
3.980807e+06 -3.043033e+06
8.461523e+04 5.115143e+00
-6.774076e+05 -1.239538e+06
-1.893178e+07 7.074041e+06
8.332668e+05 4.035512e+05
2.174570e+05 -7.987583e+00
-6.559389e+07 -1.663956e+07
-2.603149e+05 -9.311649e+05
5.257262e+06 -1.899085e+07
-2.582451e+06 1.087535e+06
2.535086e+05 7.323887e+05
-3.050142e+09 -4.686262e+09
-1.332287e+20 1.100632e+20
1.650907e+04 -3.333794e+00
-3.338139e+06 1.279890e+07
-4.005641e+12 -1.457944e+12
5.662070e+07 -5.467209e+09
-4.891868e+00 -4.217069e+05
-1.052193e+06 -1.218187e+07
-9.763708e+08 -1.262170e+10
-2.047169e+08 -6.097096e+08
1.876190e+08 1.395551e+08
-1.355612e+07 -4.334686e+07
9.133131e+06 1.533356e+07
-7.521769e+07 -1.372299e+08
-2.239546e+05 -3.368317e+00
7.572966e-01 -3.033017e+05
-3.881501e+13 1.995019e+13
2.642407e+14 2.854710e+15
-8.855588e+05 1.015146e+01
3.707545e+08 2.120378e+08
2.641139e+00 3.628063e+05
-1.028492e+08 5.101381e+06
-3.944771e+06 3.040208e+06
8.912469e+05 1.100343e+01
-2.438392e+07 2.085132e+07
-7.878456e+10 7.761052e+10
-2.501982e+04 -2.033321e+06
-2.827960e+12 1.021351e+14
-2.573488e+10 1.174160e+11
5.344562e+05 -1.429054e+06
5.611084e+06 8.535855e+05
-9.539909e+06 -1.620528e+07
3.056382e+06 -2.275825e+05
6.399793e-01 4.058336e+05
-4.991646e+06 -1.444862e+06
6.760246e+05 1.235896e+06
-5.839479e+08 1.718145e+08
-2.315721e+11 -2.552531e+11
6.226849e+06 -1.598831e+06
1.610416e+11 2.430576e+10
2.574481e+06 -1.101257e+06
4.127890e+07 1.071143e+08
-2.285920e+07 -2.423555e+07
-1.448497e+05 -7.995457e+04
-1.011782e+06 2.103148e+05
3.418128e+07 -4.466465e+06
9.172278e+00 1.296824e+05
6.321961e+05 5.504394e+05
8.057062e+09 1.703279e+09
5.058758e+05 6.615381e+05
1.004216e+11 -1.877091e+10
-2.297064e+04 -5.574110e+03
-1.289903e+08 5.584786e+06
1.013804e+08 8.964389e+07
-1.447464e+14 1.304558e+14
-2.000025e+07 -3.732367e+07
-1.554683e+05 -1.476835e+05
4.991472e+06 1.455638e+06
6.193346e+08 2.565583e+09
-1.006162e+05 8.887637e-01
-3.136880e+00 3.063724e+05
-2.241896e+12 7.247935e+11
-3.560908e+06 -2.158507e+06
-6.161460e+07 -1.740336e+07
-5.291294e+00 1.343970e+06
2.043989e+09 -1.331459e+09
-1.696333e+13 -5.585869e+12
1.027951e+06 1.247553e+06
-5.089168e+05 1.413835e+06
-5.658743e+07 5.466751e+09
3.681265e+07 9.449725e+06
6.176250e+05 -1.139110e+05
3.585912e+05 -1.005644e+05
-5.120400e+06 2.253513e+06
-2.643140e+14 -2.855501e+15
-3.273345e+05 5.712460e+00
5.166658e+10 -8.998424e+09
2.168059e+10 -1.552643e+08
-2.168260e+10 1.552700e+08
1.124668e+10 3.715173e+09
-1.726230e+12 6.200147e+11
6.321883e+11 1.996889e+10
7.644773e+09 2.217595e+09
-2.676048e+06 5.158863e+06
4.845571e+09 1.584138e+09
1.941775e+06 -4.646027e+07
6.932769e+05 -1.379617e+06
-4.108692e+08 -2.488415e+07
7.899655e+04 -2.781836e+00
6.349314e+08 1.220235e+08
-1.009974e+07 -4.808199e+06
7.482722e+05 -2.933846e+06
1.718615e+00 -1.321038e+06
-1.736301e+05 -1.027787e+00
3.065840e+10 6.873903e+10
-1.009727e+07 8.149360e+06
-2.982649e+06 3.095771e+05
8.491829e+06 7.026790e+06
-1.501142e+06 6.518465e+06
-4.926231e+09 6.633619e+09
-7.902934e+07 1.347344e+07
2.362181e+05 4.323254e+00
2.797330e+07 -2.744369e+07
2.828745e+12 -1.021351e+14
-1.135084e+08 -1.922332e+08
-1.085994e+08 2.216596e+08
-1.024877e+07 8.606451e+05
1.447597e+14 -1.304679e+14
-1.588427e+06 2.934796e+05
4.109172e+08 2.478810e+07
3.397352e+18 7.155164e+18
-3.682838e+07 -9.470313e+06
-9.203373e+06 -1.521987e+07
-7.394116e+05 2.941537e+06
-1.100666e+06 -1.359826e+05
9.776515e+04 7.645578e+05
-5.474930e+08 7.116693e+09
2.708694e+07 -4.728126e+07
3.779441e+10 5.910549e+11
4.928055e+09 -6.635467e+09
2.240341e+07 -8.368873e+07
6.139804e+07 1.757980e+07
-4.138553e+07 -1.069313e+08
1.327549e+05 5.395284e-01
1.039811e+06 2.699645e+00
9.662167e+04 1.947965e+06
-1.012812e+08 -8.953806e+07
1.340086e+07 4.345404e+07
-8.571639e+06 -7.063298e+06
2.573722e+10 -1.174162e+11
-5.556813e+06 -8.636709e+05
8.170020e+05 1.480188e+05
2.226000e+09 1.546339e+09
3.277207e+00 -1.204627e+06
1.083724e+08 -2.216252e+08
1.289687e+08 -5.585453e+06
-7.684239e+05 7.815727e+05
-8.255457e+05 -4.484414e+05
-2.267572e+06 -8.988564e+00
9.594602e+05 6.506217e+05
