2.837850e+05 4.636559e-01
1.129467e+06 -1.989815e+05
1.182788e+09 1.528894e+10
2.805720e+11 3.093396e+11
-2.120478e+11 -2.899808e+11
-7.700566e+08 -1.478958e+08
2.195713e+06 -7.861853e+06
-9.900369e+05 -8.128510e+05
-3.271383e+05 -2.160006e+06
-7.203219e+05 -5.467930e+00
1.046525e+05 -2.289129e+05
-4.850334e+06 1.290854e+07
6.630775e+08 -8.621421e+09
7.075756e+08 -2.081634e+08
-7.136054e+09 -1.545022e+09
7.070971e+08 3.388543e+08
-1.883793e+05 6.101440e+06
-9.521994e+05 -3.307149e+05
2.739343e+06 -8.664330e+00
-3.392965e+07 3.319038e+07
-3.088687e+05 -6.196476e+05
-5.457239e+08 2.040740e+08
2.051910e+08 6.644234e+09
-9.752276e+09 -2.062003e+09
-7.483018e+06 1.464501e+07
-1.949141e+06 1.929298e+05
1.059704e+05 -1.998002e+04
1.238342e+07 -9.678992e+06
-3.113518e+12 -8.456548e+11
2.855073e-01 -5.053989e+05
6.098303e+06 -2.753733e+06
-1.864886e+07 3.649325e+06
-4.593708e+09 -1.381144e+09
-4.496390e+08 -2.570764e+08
-5.738511e+06 -8.169334e+05
1.293098e+10 -8.115901e+09
4.475408e+13 8.529075e+13
1.100892e+05 2.032459e+05
7.138838e+09 1.545938e+09
2.402802e+07 1.934444e+07
1.370237e+10 -1.537805e+09
3.016223e+05 6.186928e+05
7.640402e+00 -2.917920e+05
-2.699119e+09 -1.875223e+09
2.051020e+06 1.487673e+07
3.018053e+05 -2.863874e+05
-3.950289e+11 5.504026e+11
1.890674e+05 -1.441131e+05
1.865253e+07 -3.665054e+06
-2.876636e+08 -2.857064e+08
9.598339e+07 -1.655729e+07
4.331594e+06 2.592959e+06
6.667374e+00 -2.214004e+05
2.199059e+06 -2.472177e+05
4.854514e+12 1.766804e+12
5.454773e+08 -2.042197e+08
-6.258942e+10 1.090198e+10
7.956892e+07 2.018376e+07
5.722486e+05 1.488074e+06
-6.427215e+06 -1.935036e+07
-2.715798e+12 -3.648804e+12
-1.217082e+11 2.275194e+10
9.214220e+06 -1.846001e+07
2.814808e+07 3.125226e+07
-5.548423e+14 7.929921e+14
-5.119814e+07 1.675655e+07
3.068562e+06 -6.239480e+06
-1.951372e+11 -2.944952e+10
-1.268229e+09 -1.084094e+09
9.860482e+08 -1.384582e+08
7.174112e+05 -3.437986e+00
-1.887307e+09 -2.100313e+09
3.112331e+12 8.455258e+11
2.697314e+08 6.715303e+07
1.603302e+04 -7.905498e+00
-1.363057e+10 -4.503251e+09
-4.579729e+10 -7.163094e+11
-4.590855e+08 -8.939988e+08
-5.089078e+05 5.260920e+05
-6.545924e+07 -2.063647e+07
-7.580364e+08 -3.105981e+09
2.716213e+12 3.648526e+12
-7.513272e+08 4.893279e+08
7.495088e+06 -1.465431e+07
-9.924419e+07 7.246960e+07
-3.848974e+07 -1.917336e+06
-5.940477e+00 -2.473823e+06
2.120158e+11 2.899364e+11
-2.989732e+05 -5.526921e+00
-2.379273e+04 -3.836272e+00
-9.217229e+06 1.841465e+07
1.886871e+09 2.099993e+09
-3.516133e+08 -2.337763e+08
6.098602e+16 -9.930173e+16
4.594129e+09 1.381352e+09
9.902304e+00 -4.941536e+05
1.373971e+08 2.332081e+08
3.659351e+05 -4.797478e+05
-1.340541e+04 -3.475302e+05
-2.477321e+09 1.614115e+09
-2.050073e+08 -6.649301e+09
2.048958e+11 -1.975075e+11
-2.277099e+08 -1.692508e+08
-9.998417e+10 1.510751e+11
1.061651e+04 3.118199e+05
3.351854e+06 2.055226e+07
9.999945e+10 -1.510866e+11
1.273600e+05 -1.907603e+00
4.709002e+13 -2.420564e+13
-1.293312e+10 8.116441e+09
3.446619e+10 1.940684e+11
6.517416e+06 1.067302e+01
-5.323597e+07 5.109848e+07
-9.860412e+08 1.385342e+08
2.092880e+12 -7.517628e+11
-2.695900e+08 -6.729443e+07
-4.379357e+05 1.309909e+05
5.552657e+14 -7.933552e+14
2.926467e+05 5.553036e+05
-9.262971e+09 -2.687038e+09
-6.100463e+16 9.931689e+16
-7.637199e+07 4.705300e+07
2.717205e+12 -8.781902e+11
7.514210e+08 -4.894062e+08
-2.712761e+07 1.014195e+08
9.542812e+10 -9.408325e+10
2.418285e+07 4.529982e+07
3.698048e+09 5.681706e+09
-9.609992e+05 1.660466e+06
8.571299e+07 -9.227743e+07
-4.910853e+05 -2.349352e+06
4.962195e+05 2.345099e+06
6.424899e+00 -2.433055e+06
-2.927453e+10 5.867861e+10
-1.459669e+07 4.444198e+06
-2.392756e+07 -1.901565e+07
-3.318518e+06 -5.416322e+06
9.762216e+00 2.186499e+06
4.653271e+08 8.955374e+08
-1.228025e+07 3.308609e+07
3.600167e+14 -1.704605e+15
2.066190e+06 -1.050112e+06
-5.802906e+05 -2.354653e+06
7.613958e+07 -4.702349e+07
-1.879195e+05 -6.035296e+05
-7.706417e+15 -2.867184e+16
-1.226488e+05 -9.893697e+00
1.232609e+07 -9.928128e+05
-1.858220e+08 -1.785862e+07
-9.453191e+05 -1.525993e+05
-8.574972e+07 9.230498e+07
-8.154974e+05 -9.329741e+05
-1.798182e+07 2.015956e+07
-5.202816e+10 -1.011905e+10
-1.264732e+10 4.634273e+10
-1.043971e+00 1.294502e+05
-7.658035e+11 -2.419116e+10
2.307188e+07 -8.562524e+06
8.838476e+12 -1.531064e+13
5.236443e+00 -5.769609e+06
8.462355e+05 -1.049094e+06
-3.645497e+04 -3.075888e+05
7.084503e+07 -1.631891e+07
5.502366e+04 3.083171e+05
1.854711e+05 5.977370e+05
-1.369921e+10 1.537586e+09
-1.113118e+06 -3.150678e+04
-3.445555e+10 -1.939939e+11
2.294205e+09 4.620006e+09
-3.715008e+10 -8.329405e+10
-1.239833e+15 5.099573e+13
5.634689e+05 2.436016e+06
1.797347e+07 -2.016103e+07
1.998917e+05 2.206290e+06
1.264731e+10 -4.633565e+10
-4.473872e+07 -4.227578e+07
2.056634e+13 6.773346e+12
6.559006e+07 2.064021e+07
5.402333e+08 -9.395836e+07
1.228583e+07 -3.308621e+07
1.858304e+08 1.790813e+07
4.488309e+07 -3.796860e+07
2.875816e+08 2.856675e+08
-3.284161e+07 5.733359e+07
9.104277e+07 1.661326e+08
-1.031934e+06 -4.756949e+05
6.485286e+06 9.313295e+05
-8.835773e+12 1.530713e+13
-6.480128e+06 -9.030415e+05
-1.007059e+06 -1.634745e+06
1.239550e+15 -5.098408e+13
-6.187177e+06 1.429452e+05
3.220729e+10 -7.172178e+09
-2.048483e+11 1.975250e+11
-3.196831e+06 1.164287e+07
-3.221987e+10 7.173866e+09
4.474048e+07 4.228527e+07
3.605520e+06 5.559530e+06
-8.402425e+04 -2.385309e+06
7.794895e+00 4.374686e+05
3.506796e+05 -4.510355e+05
6.485383e+07 2.192833e+07
5.202030e+10 1.011735e+10
-5.109192e+05 7.987534e+05
3.516946e+08 2.337860e+08
3.948167e+11 -5.501488e+11
-7.075217e+07 1.644322e+07
3.844015e+07 1.757295e+06
-2.293669e+09 -4.618598e+09
1.614580e+20 -1.333840e+20
2.478867e+04 6.559344e+05
-9.767094e+00 3.667819e+05
3.386094e+06 -1.208333e+07
9.817329e+12 -6.830474e+12
9.642847e+00 1.447685e+05
9.919057e+07 -7.242085e+07
-4.438211e+05 -4.365028e+04
2.046544e+06 -1.358754e+05
1.468604e+07 -4.327264e+06
-4.486862e+07 2.522380e+07
1.349310e+06 1.143232e+05
-4.474725e+13 -8.527122e+13
-5.399895e+08 9.427007e+07
4.048583e+06 -1.550910e+07
1.268334e+09 1.084475e+09
-8.753564e+06 2.631177e+05
4.443006e+06 -1.238006e+07
-1.346361e+07 1.553460e+07
-3.601270e+14 1.704997e+15
1.213414e+07 5.804996e+06
2.481086e+08 7.390447e+08
2.928587e+10 -5.870144e+10
-9.824081e+12 6.833605e+12
-5.872450e+09 -1.920484e+09
4.188793e+09 1.044349e+08
-4.188473e+09 -1.044228e+08
1.352400e+07 -1.545908e+07
-6.368879e+06 2.300919e+07
7.708792e+15 2.867184e+16
-6.055833e+05 -1.529010e+06
-9.139937e+00 -5.127749e+05
-2.348225e+06 5.630212e+07
1.243083e+08 -7.331689e+06
3.430094e+05 -2.107765e+05
-3.436832e+05 2.123973e+05
-7.075738e+08 -3.390480e+08
8.746144e+06 -4.640682e+05
5.575967e+00 3.286857e+06
-4.117650e+18 -8.670858e+18
4.826829e+06 -3.689777e+06
1.026364e+05 -9.792055e+00
-8.214612e+05 -1.503055e+06
-2.295473e+07 8.577123e+06
1.010304e+06 4.892995e+05
2.636602e+05 1.980599e+00
-7.951277e+07 -2.017048e+07
-3.155737e+05 -1.128653e+06
6.372269e+06 -2.301771e+07
-3.130639e+06 1.318390e+06
3.072753e+05 8.875836e+05
-3.697750e+09 -5.681252e+09
-1.614950e+20 1.334247e+20
2.008577e+04 5.682109e+00
-4.046659e+06 1.551583e+07
-4.855255e+12 -1.767209e+12
6.862022e+07 -6.625970e+09
-3.521571e+00 -5.111161e+05
-1.275132e+06 -1.476306e+07
-1.183253e+09 -1.529585e+10
-2.481383e+08 -7.390881e+08
2.274312e+08 1.691682e+08
-1.644040e+07 -5.256881e+07
1.107044e+07 1.858784e+07
-9.117418e+07 -1.663443e+08
-2.714634e+05 1.031354e+01
-1.083893e+01 -3.677206e+05
-4.708280e+13 2.419822e+13
3.202252e+14 3.459479e+15
-1.073611e+06 4.712888e+00
4.494858e+08 2.570607e+08
6.075103e-01 4.398666e+05
-1.248362e+08 6.191877e+06
-4.783788e+06 3.686023e+06
1.080509e+06 -5.066120e+00
-2.956593e+07 2.528301e+07
-9.548583e+10 9.406140e+10
-3.031884e+04 -2.464391e+06
-3.428282e+12 1.238145e+14
-3.119488e+10 1.423250e+11
6.477775e+05 -1.732143e+06
6.801078e+06 1.034701e+06
-1.156729e+07 -1.965072e+07
3.705936e+06 -2.759742e+05
-5.415208e+00 4.919637e+05
-6.050978e+06 -1.751381e+06
8.196003e+05 1.498520e+06
-7.079745e+08 2.083136e+08
-2.806792e+11 -3.093869e+11
7.548318e+06 -1.938107e+06
1.951668e+11 2.945622e+10
3.120876e+06 -1.334957e+06
5.003815e+07 1.298457e+08
-2.782664e+07 -2.950157e+07
-1.756537e+05 -9.692297e+04
-1.226263e+06 2.548826e+05
4.144401e+07 -5.415039e+06
-7.595841e+00 1.571108e+05
7.662977e+05 6.671836e+05
9.764104e+09 2.064185e+09
6.131345e+05 8.017030e+05
1.217175e+11 -2.275156e+10
-2.785134e+04 -6.740582e+03
-1.563395e+08 6.769144e+06
1.228624e+08 1.086472e+08
-1.754448e+14 1.581235e+14
-2.424202e+07 -4.523948e+07
-1.883670e+05 -1.790287e+05
6.050293e+06 1.764446e+06
7.507104e+08 3.109805e+09
-1.219618e+05 -5.369538e+00
5.582400e+00 3.713163e+05
-2.717620e+12 8.785924e+11
-4.316823e+06 -2.616734e+06
-7.469393e+07 -2.109775e+07
2.207335e+00 1.629269e+06
2.478360e+09 -1.614409e+09
-2.057896e+13 -6.776461e+12
1.246158e+06 1.512361e+06
-6.169348e+05 1.713887e+06
-6.858734e+07 6.626028e+09
4.461335e+07 1.145197e+07
7.489522e+05 -1.381792e+05
4.346033e+05 -1.219197e+05
-6.206589e+06 2.731326e+06
-3.203229e+14 -3.460534e+15
-3.968422e+05 4.410764e+00
6.261791e+10 -1.090592e+10
2.628456e+10 -1.882324e+08
-2.628456e+10 1.882248e+08
1.363038e+10 4.502594e+09
-2.092880e+12 7.517053e+11
7.662127e+11 2.420231e+10
9.265920e+09 2.687814e+09
-3.243797e+06 6.252812e+06
5.873882e+09 1.920203e+09
2.356095e+06 -5.637343e+07
8.413572e+05 -1.674086e+06
-4.979460e+08 -3.016203e+07
9.576249e+04 -3.935591e+00
7.698743e+08 1.479598e+08
-1.224310e+07 -5.828572e+06
9.067835e+05 -3.555397e+06
1.039068e+00 -1.601315e+06
-2.104556e+05 1.081709e+01
3.715861e+10 8.331310e+10
-1.224262e+07 9.880841e+06
-3.616420e+06 3.753302e+05
1.030077e+07 8.523500e+06
-1.819585e+06 7.901526e+06
-5.972046e+09 8.041904e+09
-9.585988e+07 1.634256e+07
2.866150e+05 -5.823652e+00
3.391079e+07 -3.326822e+07
3.429329e+12 -1.238239e+14
-1.376190e+08 -2.330660e+08
-1.320034e+08 2.694244e+08
-1.242635e+07 1.043547e+06
1.754716e+14 -1.581476e+14
-1.926054e+06 3.558906e+05
4.980723e+08 3.004565e+07
4.118594e+18 8.674170e+18
-4.462951e+07 -1.147636e+07
-1.115631e+07 -1.844915e+07
-8.960280e+05 3.564610e+06
-1.333987e+06 -1.647908e+05
1.184477e+05 9.263702e+05
-6.633964e+08 8.624082e+09
3.286215e+07 -5.736206e+07
4.585014e+10 7.170242e+11
5.972958e+09 -8.042525e+09
2.715407e+07 -1.014350e+08
7.441757e+07 2.130892e+07
-5.016198e+07 -1.295969e+08
1.609274e+05 -1.098163e+01
1.260181e+06 6.371502e+00
1.170863e+05 2.360796e+06
-1.227460e+08 -1.085141e+08
1.624933e+07 5.269067e+07
-1.039579e+07 -8.566440e+06
3.119482e+10 -1.423145e+11
-6.734636e+06 -1.046691e+06
9.906547e+05 1.794333e+05
2.698507e+09 1.874576e+09
9.692590e+00 -1.466155e+06
1.317115e+08 -2.693408e+08
1.563065e+08 -6.769329e+06
-9.327723e+05 9.488279e+05
-1.000628e+06 -5.435566e+05
-2.748405e+06 -3.858289e+00
1.163053e+06 7.886803e+05
