1.694400e+06 -3.142298e+00
6.729107e+06 -1.184910e+06
7.043023e+09 9.102778e+10
1.671225e+12 1.842439e+12
-1.262178e+12 -1.726105e+12
-4.592320e+09 -8.822064e+08
1.308693e+07 -4.686095e+07
-5.900784e+06 -4.844305e+06
-1.948075e+06 -1.286438e+07
-4.294966e+06 -6.074912e+00
6.219199e+05 -1.361764e+06
-2.887869e+07 7.686902e+07
3.948060e+09 -5.132668e+10
4.219707e+09 -1.241485e+09
-4.251770e+10 -9.207937e+09
4.224273e+09 2.024016e+09
-1.126828e+06 3.649653e+07
-5.669654e+06 -1.969414e+06
1.632424e+07 3.805936e-01
-2.022873e+08 1.978640e+08
-1.840729e+06 -3.691979e+06
-3.250685e+09 1.215659e+09
1.222794e+09 3.960652e+10
-5.811668e+10 -1.228668e+10
-4.459039e+07 8.724020e+07
-1.160664e+07 1.149045e+06
6.322665e+05 -1.189692e+05
7.392161e+07 -5.772097e+07
-1.852987e+13 -5.032981e+12
-9.965718e+00 -3.011829e+06
3.631987e+07 -1.640199e+07
-1.110280e+08 2.172826e+07
-2.736755e+10 -8.226667e+09
-2.680043e+09 -1.532228e+09
-3.419086e+07 -4.867644e+06
7.709097e+10 -4.838233e+10
2.665809e+14 5.080404e+14
6.521996e+05 1.215191e+06
4.253004e+10 9.210598e+09
1.432445e+08 1.153256e+08
8.163891e+10 -9.162384e+09
1.797427e+06 3.685850e+06
-2.153351e+00 -1.735456e+06
-1.609324e+10 -1.118056e+10
1.221641e+07 8.859785e+07
1.800617e+06 -1.708354e+06
-2.366864e+12 3.298016e+12
1.128323e+06 -8.603481e+05
1.110820e+08 -2.182566e+07
-1.714949e+09 -1.703564e+09
5.733652e+08 -9.891581e+07
2.581998e+07 1.545715e+07
1.321238e+00 -1.318737e+06
1.312139e+07 -1.475397e+06
2.893284e+13 1.053120e+13
3.249429e+09 -1.216482e+09
-3.728094e+11 6.493104e+10
4.741510e+08 1.202702e+08
3.413721e+06 8.875635e+06
-3.827270e+07 -1.152261e+08
-1.618834e+13 -2.174706e+13
-7.250459e+11 1.355408e+11
5.483555e+07 -1.098739e+08
1.705239e+08 1.893515e+08
-3.303899e+15 4.721528e+15
-3.049187e+08 9.980281e+07
1.828659e+07 -3.718131e+07
-1.161745e+12 -1.753404e+11
-7.593881e+09 -6.491819e+09
5.869292e+09 -8.242444e+08
4.278964e+06 -8.800846e-01
-1.123275e+10 -1.250003e+10
1.853154e+13 5.032981e+12
1.625224e+09 4.045989e+08
9.546421e+04 6.781789e+00
-8.117083e+10 -2.681987e+10
-2.739240e+11 -4.284852e+12
-2.735504e+09 -5.326982e+09
-3.031116e+06 3.133600e+06
-3.948256e+08 -1.244535e+08
-4.516829e+09 -1.850870e+10
1.618875e+13 2.174762e+13
-4.474933e+09 2.914642e+09
4.465312e+07 -8.730810e+07
-5.918611e+08 4.321750e+08
-2.296665e+08 -1.143906e+07
9.716587e+00 -1.473749e+07
1.262293e+12 1.726127e+12
-1.782263e+06 4.904634e+00
-1.418756e+05 4.095241e+00
-5.486838e+07 1.096241e+08
1.123244e+10 1.250067e+10
-2.096620e+09 -1.393779e+09
3.631013e+17 -5.912347e+17
2.737464e+10 8.230101e+09
4.658679e+00 -2.945666e+06
8.195604e+08 1.391010e+09
2.179205e+06 -2.857490e+06
-7.994082e+04 -2.071867e+06
-1.478171e+10 9.628789e+09
-1.221374e+09 -3.961712e+10
1.220321e+12 -1.176393e+12
-1.357095e+09 -1.008590e+09
-5.961612e+11 9.007824e+11
6.338231e+04 1.858001e+06
1.996355e+07 1.223996e+08
5.961764e+11 -9.006554e+11
7.581662e+05 4.841895e+00
2.812493e+14 -1.445759e+14
-7.709194e+10 4.838123e+10
2.060666e+11 1.160312e+12
3.879241e+07 -8.556424e-01
-3.169188e+08 3.041862e+08
-5.869400e+09 8.244874e+08
1.248178e+13 -4.483112e+12
-1.624770e+09 -4.053988e+08
-2.611696e+06 7.810913e+05
3.305466e+15 -4.722799e+15
1.752124e+06 3.325227e+06
-5.517696e+10 -1.600452e+10
-3.631525e+17 5.912650e+17
-5.548586e+08 3.418395e+08
1.619016e+13 -5.232251e+12
4.474923e+09 -2.914551e+09
-1.616798e+08 6.044653e+08
5.683089e+11 -5.603212e+11
1.441075e+08 2.699172e+08
2.204786e+10 3.387405e+10
-5.757557e+06 9.947518e+06
5.108551e+08 -5.499376e+08
-2.923927e+06 -1.398675e+07
2.953887e+06 1.395939e+07
-7.885551e-01 -1.451990e+07
-1.774820e+11 3.557494e+11
-8.707283e+07 2.650842e+07
-1.426842e+08 -1.133938e+08
-1.978221e+07 -3.228562e+07
-7.662896e+00 1.304610e+07
2.772565e+09 5.335141e+09
-7.316637e+07 1.971428e+08
2.150397e+15 -1.018221e+16
1.230748e+07 -6.256300e+06
-3.462251e+06 -1.404741e+07
5.532374e+08 -3.416726e+08
-1.119649e+06 -3.594415e+06
-4.627057e+16 -1.721326e+17
-7.311468e+05 -2.553266e+00
7.352652e+07 -5.924022e+06
-1.107369e+09 -1.064420e+08
-5.646664e+06 -9.117918e+05
-5.109050e+08 5.499401e+08
-4.857912e+06 -5.557040e+06
-1.070869e+08 1.200419e+08
-3.098190e+11 -6.026110e+10
-7.532708e+10 2.759877e+11
-9.721998e-01 7.709490e+05
-4.560803e+12 -1.440743e+11
1.376361e+08 -5.107485e+07
5.272270e+13 -9.132537e+13
-1.990878e+00 -3.450626e+07
5.075838e+06 -6.292064e+06
-2.162862e+05 -1.831076e+06
4.241501e+08 -9.771765e+07
3.276354e+05 1.836265e+06
1.104322e+06 3.557830e+06
-8.160639e+10 9.159894e+09
-6.629216e+06 -1.870959e+05
-2.060292e+11 -1.160088e+12
1.367271e+10 2.753160e+10
-2.212195e+11 -4.960079e+11
-7.383091e+15 3.036359e+14
3.360645e+06 1.452963e+07
1.070457e+08 -1.200447e+08
1.190058e+06 1.313793e+07
7.532120e+10 -2.759770e+11
-2.668316e+08 -2.521681e+08
1.229597e+14 4.049365e+13
3.955774e+08 1.244954e+08
3.228464e+09 -5.615511e+08
7.320205e+07 -1.971312e+08
1.107306e+09 1.067121e+08
2.678618e+08 -2.266167e+08
1.714766e+09 1.703309e+09
-1.964727e+08 3.430167e+08
5.426556e+08 9.901983e+08
-6.157223e+06 -2.838767e+06
3.862569e+07 5.546764e+06
-5.272676e+13 9.133357e+13
-3.859106e+07 -5.378150e+06
-6.003814e+06 -9.743340e+06
7.383754e+15 -3.036944e+14
-3.683915e+07 8.515371e+05
1.918741e+11 -4.272319e+10
-1.220287e+12 1.176452e+12
-1.904245e+07 6.936099e+07
-1.919299e+11 4.273167e+10
2.668287e+08 2.521733e+08
2.149003e+07 3.313678e+07
-5.004141e+05 -1.421187e+07
-4.728730e-02 2.607209e+06
2.089392e+06 -2.687672e+06
3.862420e+08 1.305956e+08
3.098036e+11 6.025172e+10
-3.044378e+06 4.760117e+06
2.097235e+09 1.394120e+09
2.366350e+12 -3.297424e+12
-4.237245e+08 9.847790e+07
2.294023e+08 1.049029e+07
-1.367282e+10 -2.753410e+10
9.623718e+20 -7.950364e+20
1.471161e+05 3.911988e+06
6.556624e+00 2.186215e+06
2.017185e+07 -7.198601e+07
5.854012e+13 -4.072814e+13
8.503800e-01 8.622155e+05
5.917155e+08 -4.319451e+08
-2.647019e+06 -2.604730e+05
1.219134e+07 -8.092685e+05
8.762328e+07 -2.581759e+07
-2.678407e+08 1.505380e+08
8.038425e+06 6.811118e+05
-2.665706e+14 -5.080274e+14
-3.226761e+09 5.633130e+08
2.413571e+07 -9.246094e+07
7.595197e+09 6.494025e+09
-5.218328e+07 1.568516e+06
2.645372e+07 -7.371830e+07
-8.040072e+07 9.277528e+07
-2.150480e+15 1.018169e+16
7.230345e+07 3.458994e+07
1.478308e+09 4.403290e+09
1.774838e+11 -3.557537e+11
-5.854387e+13 4.072762e+13
-3.499657e+10 -1.144416e+10
2.496705e+10 6.225179e+08
-2.496545e+10 -6.224529e+08
8.077729e+07 -9.232117e+07
-3.793113e+07 1.370245e+08
4.627235e+16 1.721149e+17
-3.612543e+06 -9.120670e+06
3.616090e+00 -3.060506e+06
-1.404996e+07 3.369014e+08
7.444177e+08 -4.390712e+07
2.043763e+06 -1.255627e+06
-2.047410e+06 1.264747e+06
-4.225833e+09 -2.024788e+09
5.214249e+07 -2.766339e+06
1.855800e+00 1.957969e+07
-2.454580e+19 -5.169061e+19
2.878584e+07 -2.200476e+07
6.114873e+05 -1.040862e+01
-4.898714e+06 -8.964172e+06
-1.368821e+08 5.114345e+07
6.023817e+06 2.917148e+06
1.570132e+06 -6.124588e-01
-4.737495e+08 -1.201756e+08
-1.878974e+06 -6.720322e+06
3.795006e+07 -1.370853e+08
-1.865773e+07 7.856669e+06
1.828716e+06 5.285549e+06
-2.205059e+10 -3.387783e+10
-9.625198e+20 7.951689e+20
1.198103e+05 -2.208383e-01
-2.412511e+07 9.251389e+07
-2.893395e+13 -1.053093e+13
4.086843e+08 -3.946512e+10
8.443938e+00 -3.044974e+06
-7.593382e+06 -8.791983e+07
-7.046171e+09 -9.108441e+10
-1.478713e+09 -4.404173e+09
1.355246e+09 1.008036e+09
-9.814815e+07 -3.138121e+08
6.597424e+07 1.107750e+08
-5.431968e+08 -9.910701e+08
-1.618344e+06 -3.439269e+00
1.968337e+00 -2.193094e+06
-2.812961e+14 1.445944e+14
1.906964e+15 2.060040e+16
-6.403665e+06 -1.069338e+01
2.679850e+09 1.532527e+09
-5.253127e+00 2.623608e+06
-7.477035e+08 3.708562e+07
-2.856289e+07 2.198995e+07
6.445350e+06 -5.876547e+00
-1.764261e+08 1.508846e+08
-5.688490e+11 5.603203e+11
-1.809883e+05 -1.468186e+07
-2.044240e+13 7.382519e+14
-1.859281e+11 8.482336e+11
3.860221e+06 -1.032318e+07
4.052788e+07 6.165650e+06
-6.902636e+07 -1.172568e+08
2.210620e+07 -1.647004e+06
6.007462e+00 2.932068e+06
-3.606072e+07 -1.043843e+07
4.888780e+06 8.937507e+06
-4.221290e+09 1.242161e+09
-1.671739e+12 -1.842865e+12
4.498144e+07 -1.154866e+07
1.161938e+12 1.753671e+11
1.859799e+07 -7.954929e+06
2.981846e+08 7.738201e+08
-1.685560e+08 -1.786760e+08
-1.047575e+06 -5.775287e+05
-7.305348e+06 1.517739e+06
2.472693e+08 -3.230975e+07
3.362536e-01 9.363194e+05
4.566819e+06 3.976164e+06
5.814074e+10 1.229205e+10
3.652868e+06 4.774560e+06
7.252320e+11 -1.355594e+11
-1.664151e+05 -4.016160e+04
-9.314027e+08 4.033095e+07
7.319137e+08 6.471902e+08
-1.045423e+15 9.422344e+14
-1.444582e+08 -2.695716e+08
-1.122660e+06 -1.066452e+06
3.605657e+07 1.051500e+07
4.473653e+09 1.853204e+10
-7.269206e+05 7.866699e+00
7.994726e+00 2.211284e+06
-1.619472e+13 5.235737e+12
-2.573104e+07 -1.559711e+07
-4.452262e+08 -1.257551e+08
9.679670e+00 9.710210e+06
1.478302e+10 -9.629818e+09
-1.230039e+14 -4.050456e+13
7.427200e+06 9.012562e+06
-3.676732e+06 1.021448e+07
-4.085261e+08 3.946496e+10
2.655880e+08 6.816965e+07
4.470131e+06 -8.261947e+05
2.587752e+06 -7.254647e+05
-3.697510e+07 1.627287e+07
-1.906989e+15 -2.059988e+16
-2.365146e+06 -2.527575e+00
3.728228e+11 -6.493972e+10
1.566853e+11 -1.122176e+09
-1.567135e+11 1.122231e+09
8.118845e+10 2.681837e+10
-1.248321e+13 4.483515e+12
4.562791e+12 1.441227e+11
5.518758e+10 1.600712e+10
-1.932434e+07 3.725309e+07
3.500202e+10 1.144278e+10
1.409526e+07 -3.372757e+08
5.036906e+06 -1.002333e+07
-2.966543e+09 -1.796523e+08
5.696284e+05 -6.014216e+00
4.592056e+09 8.825895e+08
-7.295391e+07 -3.473029e+07
5.397699e+06 -2.116131e+07
1.103490e+01 -9.540954e+06
-1.255175e+06 9.281071e+00
2.212961e+11 4.961922e+11
-7.301763e+07 5.893156e+07
-2.156967e+07 2.238521e+06
6.154426e+07 5.092135e+07
-1.084547e+07 4.709653e+07
-3.559693e+10 4.793574e+10
-5.726416e+08 9.761580e+07
1.713614e+06 4.572989e+00
2.021098e+08 -1.982701e+08
2.044370e+13 -7.382519e+14
-8.206138e+08 -1.389759e+09
-7.949701e+08 1.622399e+09
-7.410767e+07 6.224498e+06
1.045463e+15 -9.422464e+14
-1.149022e+07 2.123316e+06
2.966997e+09 1.789804e+08
2.454957e+19 5.170518e+19
-2.656199e+08 -6.830417e+07
-6.648059e+07 -1.099315e+08
-5.333030e+06 2.121778e+07
-7.947284e+06 -9.817912e+05
7.052437e+05 5.514958e+06
-3.949468e+09 5.134265e+10
1.965258e+08 -3.430377e+08
2.742552e+11 4.288647e+12
3.559967e+10 -4.793394e+10
1.618329e+08 -6.045429e+08
4.435387e+08 1.269889e+08
-2.988884e+08 -7.724029e+08
9.598585e+05 -8.538672e+00
7.504930e+06 9.867159e+00
6.970736e+05 1.406390e+07
-7.313226e+08 -6.465372e+08
9.701425e+07 3.145833e+08
-6.211217e+07 -5.118161e+07
1.859159e+11 -8.481812e+11
-4.012805e+07 -6.236740e+06
5.915299e+06 1.071331e+06
1.609493e+10 1.118054e+10
7.346288e+00 -8.883282e+06
7.933967e+08 -1.622210e+09
9.314074e+08 -4.033543e+07
-5.594183e+06 5.690246e+06
-5.963504e+06 -3.239986e+06
-1.637586e+07 -8.957340e-01
6.933253e+06 4.701541e+06
