1.413706e+06 9.573841e+00
5.615673e+06 -9.888533e+05
5.877926e+09 7.597102e+10
1.394722e+12 1.537633e+12
-1.053365e+12 -1.440570e+12
-3.832270e+09 -7.361991e+08
1.092160e+07 -3.910246e+07
-4.923993e+06 -4.042167e+06
-1.625661e+06 -1.073569e+07
-3.584008e+06 -4.763894e+00
5.190332e+05 -1.136548e+06
-2.410142e+07 6.415362e+07
3.295000e+09 -4.283614e+10
3.521381e+09 -1.036043e+09
-3.548464e+10 -7.684631e+09
3.525085e+09 1.689081e+09
-9.404227e+05 3.045475e+07
-4.731887e+06 -1.643710e+06
1.362409e+07 6.613881e+00
-1.688217e+08 1.651302e+08
-1.536237e+06 -3.081076e+06
-2.712875e+09 1.014560e+09
1.020502e+09 3.305315e+10
-4.849996e+10 -1.025380e+10
-3.721245e+07 7.280545e+07
-9.686273e+06 9.589704e+05
5.276053e+05 -9.920404e+04
6.168305e+07 -4.816689e+07
-1.546408e+13 -4.200223e+12
5.229877e+00 -2.513250e+06
3.030963e+07 -1.368755e+07
-9.265798e+07 1.813289e+07
-2.283979e+10 -6.865870e+09
-2.236655e+09 -1.278726e+09
-2.853434e+07 -4.062370e+06
6.433484e+10 -4.037616e+10
2.224724e+14 4.239865e+14
5.443907e+05 1.013980e+06
3.549474e+10 7.686730e+09
1.195470e+08 9.624585e+07
6.813109e+10 -7.646296e+09
1.499944e+06 3.076004e+06
4.195688e+00 -1.448408e+06
-1.343001e+10 -9.330411e+09
1.019521e+07 7.393782e+07
1.502544e+06 -1.425482e+06
-1.974719e+12 2.751590e+12
9.415281e+05 -7.178046e+05
9.270113e+07 -1.821467e+07
-1.431153e+09 -1.421613e+09
4.784474e+08 -8.253839e+07
2.154702e+07 1.289909e+07
-5.437610e+00 -1.100541e+06
1.094923e+07 -1.231026e+06
2.414505e+13 8.788279e+12
2.711735e+09 -1.015208e+09
-3.111418e+11 5.418962e+10
3.956939e+08 1.003716e+08
2.848737e+06 7.406842e+06
-3.194074e+07 -9.616673e+07
-1.351093e+13 -1.815038e+13
-6.051495e+11 1.131258e+11
4.576988e+07 -9.170837e+07
1.422268e+08 1.579289e+08
-2.757653e+15 3.940819e+15
-2.544982e+08 8.329436e+07
1.526157e+07 -3.102979e+07
-9.695840e+11 -1.463379e+11
-6.336272e+09 -5.417053e+09
4.898508e+09 -6.879192e+08
3.570887e+06 -9.782494e+00
-9.374800e+09 -1.043238e+10
1.546598e+13 4.200287e+12
1.355670e+09 3.374898e+08
7.952478e+04 7.503632e+00
-6.773995e+10 -2.238225e+10
-2.285645e+11 -3.575444e+12
-2.282907e+09 -4.445616e+09
-2.529687e+06 2.615183e+06
-3.293511e+08 -1.038171e+08
-3.769564e+09 -1.544709e+10
1.351093e+13 1.815038e+13
-3.734788e+09 2.432522e+09
3.726553e+07 -7.286186e+07
-4.939219e+08 3.606637e+08
-1.916537e+08 -9.545757e+06
2.972875e-01 -1.229941e+07
1.053480e+12 1.440592e+12
-1.487220e+06 -1.838140e+00
-1.183549e+05 -9.995982e+00
-4.579091e+07 9.149174e+07
9.374634e+09 1.043335e+10
-1.749709e+09 -1.163165e+09
3.030365e+17 -4.934330e+17
2.284576e+10 6.868683e+09
1.369912e+00 -2.458340e+06
6.839599e+08 1.160887e+09
1.818783e+06 -2.384899e+06
-6.675597e+04 -1.729066e+06
-1.233565e+10 8.035405e+09
-1.019340e+09 -3.306275e+10
1.018428e+12 -9.817642e+11
-1.132567e+09 -8.417172e+08
-4.974988e+11 7.517159e+11
5.292771e+04 1.550617e+06
1.666071e+07 1.021499e+08
4.975141e+11 -7.516005e+11
6.326835e+05 -8.483431e+00
2.346821e+14 -1.206371e+14
-6.433268e+10 4.037390e+10
1.719425e+11 9.681849e+11
3.237492e+07 1.016930e+01
-2.644908e+08 2.538672e+08
-4.898398e+09 6.881080e+08
1.041625e+13 -3.741117e+12
-1.355316e+09 -3.381642e+08
-2.179649e+06 6.518510e+05
2.758670e+15 -3.941605e+15
1.462075e+06 2.774670e+06
-4.604832e+10 -1.335685e+10
-3.030830e+17 4.934633e+17
-4.597271e+08 2.832344e+08
1.351154e+13 -4.366738e+12
3.734684e+09 -2.432278e+09
-1.349293e+08 5.044402e+08
4.742934e+11 -4.676236e+11
1.202607e+08 2.252573e+08
1.839926e+10 2.826831e+10
-4.803619e+06 8.299609e+06
4.263268e+08 -4.589496e+08
-2.440149e+06 -1.167294e+07
2.465303e+06 1.165033e+07
2.769182e+00 -1.211690e+07
-1.480135e+11 2.966819e+11
-7.266237e+07 2.212124e+07
-1.190730e+08 -9.462945e+07
-1.650865e+07 -2.694234e+07
1.376518e+00 1.088648e+07
2.313810e+09 4.452389e+09
-6.105748e+07 1.645188e+08
1.794405e+15 -8.496401e+15
1.027099e+07 -5.221032e+06
-2.889128e+06 -1.172190e+07
4.583585e+08 -2.830757e+08
-9.343274e+05 -2.999576e+06
-3.860156e+16 -1.436043e+17
-6.101491e+05 3.440638e+00
6.135672e+07 -4.943439e+06
-9.241867e+08 -8.882872e+07
-4.711829e+06 -7.608126e+05
-4.263596e+08 4.589388e+08
-4.054207e+06 -4.637518e+06
-8.936991e+07 1.001840e+08
-2.585649e+11 -5.029183e+10
-6.286506e+10 2.303239e+11
4.262938e+00 6.434443e+05
-3.806280e+12 -1.202358e+11
1.148570e+08 -4.262094e+07
4.399640e+13 -7.620905e+13
-4.847889e+00 -2.879221e+07
4.234767e+06 -5.249516e+06
-1.804798e+05 -1.528134e+06
3.539036e+08 -8.153161e+07
2.734055e+05 1.532544e+06
9.216671e+05 2.969204e+06
-6.810487e+10 7.644495e+09
-5.532486e+06 -1.562030e+05
-1.719211e+11 -9.680356e+11
1.141075e+10 2.297653e+10
-1.846222e+11 -4.139660e+11
-6.161894e+15 2.534145e+14
2.804513e+06 1.212522e+07
8.933555e+07 -1.001867e+08
9.932305e+05 1.096506e+07
6.286015e+10 -2.303203e+11
-2.226779e+08 -2.104419e+08
1.026031e+14 3.378988e+13
3.299773e+08 1.038472e+08
2.694006e+09 -4.685754e+08
6.108975e+07 -1.645121e+08
9.241006e+08 8.905554e+07
2.235262e+08 -1.891113e+08
1.431030e+09 1.421462e+09
-1.639436e+08 2.862241e+08
4.528782e+08 8.263749e+08
-5.138322e+06 -2.368945e+06
3.223569e+07 4.628921e+06
-4.399911e+13 7.621491e+13
-3.220776e+07 -4.488594e+06
-5.010402e+06 -8.131410e+06
6.162178e+15 -2.534574e+14
-3.074570e+07 7.104918e+05
1.601242e+11 -3.565339e+10
-1.018347e+12 9.818064e+11
-1.589124e+07 5.788406e+07
-1.601723e+11 3.566074e+10
2.226626e+08 2.104407e+08
1.793404e+07 2.765368e+07
-4.177060e+05 -1.186087e+07
6.108684e+00 2.175875e+06
1.743751e+06 -2.243063e+06
3.223484e+08 1.089920e+08
2.585573e+11 5.028491e+10
-2.540653e+06 3.972399e+06
1.750138e+09 1.163390e+09
1.974326e+12 -2.751167e+12
-3.535430e+08 8.216477e+07
1.914356e+08 8.754005e+06
-1.141017e+10 -2.297760e+10
8.031090e+20 -6.634558e+20
1.226643e+05 3.264240e+06
2.198470e+00 1.824226e+06
1.683332e+07 -6.007320e+07
4.885108e+13 -3.398796e+13
-8.662494e+00 7.195241e+05
4.937915e+08 -3.604653e+08
-2.208895e+06 -2.173211e+05
1.017429e+07 -6.754545e+05
7.312149e+07 -2.154417e+07
-2.234990e+08 1.256199e+08
6.708673e+06 5.685366e+05
-2.224621e+14 -4.239540e+14
-2.692501e+09 4.700432e+08
2.014194e+07 -7.716035e+07
6.337092e+09 5.418462e+09
-4.354883e+07 1.308920e+06
2.207754e+07 -6.152338e+07
-6.709180e+07 7.741799e+07
-1.794598e+15 8.496532e+15
6.034163e+07 2.886795e+07
1.233742e+09 3.674854e+09
1.480245e+11 -2.967046e+11
-4.886008e+13 3.399005e+13
-2.920753e+10 -9.550803e+09
2.083616e+10 5.195187e+08
-2.083488e+10 -5.194658e+08
6.740664e+07 -7.703728e+07
-3.165452e+07 1.143489e+08
3.860512e+16 1.435933e+17
-3.014597e+06 -7.611243e+06
6.453927e+00 -2.553836e+06
-1.172349e+07 2.811090e+08
6.211118e+08 -3.663568e+07
1.705527e+06 -1.047787e+06
-1.708513e+06 1.055348e+06
-3.526385e+09 -1.689685e+09
4.351527e+07 -2.308575e+06
6.767004e+00 1.634099e+07
-2.048508e+19 -4.313767e+19
2.402208e+07 -1.836347e+07
5.103128e+05 -1.573131e+00
-4.088221e+06 -7.481055e+06
-1.142345e+08 4.268179e+07
5.027263e+06 2.434697e+06
1.310544e+06 -1.082078e+00
-3.953902e+08 -1.002962e+08
-1.568158e+06 -5.608645e+06
3.167415e+07 -1.144084e+08
-1.557070e+07 6.556693e+06
1.526162e+06 4.411083e+06
-1.840144e+10 -2.827168e+10
-8.032570e+20 6.636188e+20
9.999146e+04 -7.947827e+00
-2.013266e+07 7.720314e+07
-2.414616e+13 -8.788144e+12
3.410642e+08 -3.293571e+10
-7.402309e-01 -2.541265e+06
-6.337115e+06 -7.337407e+07
-5.880520e+09 -7.601724e+10
-1.234080e+09 -3.675580e+09
1.131045e+09 8.412696e+08
-8.190398e+07 -2.618747e+08
5.505842e+07 9.244685e+07
-4.533309e+08 -8.271128e+08
-1.350599e+06 -5.887850e+00
4.695937e+00 -1.830211e+06
-2.347289e+14 1.206575e+14
1.591502e+15 1.719291e+16
-5.344165e+06 5.294152e+00
2.236511e+09 1.279021e+09
-8.068416e+00 2.189539e+06
-6.238837e+08 3.094463e+07
-2.383608e+07 1.835121e+07
5.378773e+06 -1.059463e+01
-1.472286e+08 1.259109e+08
-4.747331e+11 4.676154e+11
-1.510718e+05 -1.225306e+07
-1.705917e+13 6.160833e+14
-1.551597e+11 7.078648e+11
3.221421e+06 -8.614888e+06
3.382180e+07 5.145458e+06
-5.760148e+07 -9.784950e+07
1.844758e+07 -1.374438e+06
1.098672e+01 2.446996e+06
-3.009386e+07 -8.711111e+06
4.079641e+06 7.458407e+06
-3.522672e+09 1.036570e+09
-1.395129e+12 -1.537964e+12
3.753861e+07 -9.637960e+06
9.697175e+11 1.463557e+11
1.552050e+07 -6.638826e+06
2.488457e+08 6.457787e+08
-1.405735e+08 -1.490138e+08
-8.742617e+05 -4.820519e+05
-6.096867e+06 1.266744e+06
2.063515e+08 -2.696311e+07
2.394383e+00 7.815285e+05
3.811357e+06 3.318442e+06
4.852335e+10 1.025873e+10
3.048591e+06 3.984728e+06
6.052334e+11 -1.131291e+11
-1.388729e+05 -3.351068e+04
-7.773065e+08 3.365794e+07
6.108141e+08 5.401183e+08
-8.724561e+14 7.863320e+14
-1.205567e+08 -2.249711e+08
-9.368971e+05 -8.899821e+05
3.009038e+07 8.775121e+06
3.733375e+09 1.546521e+10
-6.066486e+05 7.739157e+00
-4.809759e+00 1.845536e+06
-1.351549e+13 4.369553e+12
-2.147396e+07 -1.301658e+07
-3.715647e+08 -1.049490e+08
-1.077973e+01 8.103300e+06
1.233649e+10 -8.036139e+09
-1.026378e+14 -3.379819e+13
6.198359e+06 7.521696e+06
-3.068528e+06 8.524727e+06
-3.409539e+08 3.293752e+10
2.216619e+08 5.689496e+07
3.730488e+06 -6.893995e+05
2.159654e+06 -6.054643e+05
-3.085822e+07 1.358066e+07
-1.591526e+15 -1.719238e+16
-1.973830e+06 8.022113e+00
3.111409e+11 -5.419685e+10
1.307562e+11 -9.365176e+08
-1.307863e+11 9.365517e+08
6.775879e+10 2.238208e+10
-1.041769e+13 3.741634e+12
3.807976e+12 1.202804e+11
4.605741e+10 1.335889e+10
-1.612692e+07 3.108958e+07
2.921066e+10 9.549405e+09
1.176126e+07 -2.814301e+08
4.202815e+06 -8.363410e+06
-2.475705e+09 -1.499325e+08
4.755292e+05 -4.754031e+00
3.832128e+09 7.365300e+08
-6.088371e+07 -2.898404e+07
4.504820e+06 -1.766170e+07
5.275522e+00 -7.962982e+06
-1.047584e+06 1.667018e+00
1.846903e+11 4.141121e+11
-6.093509e+07 4.917991e+07
-1.800023e+07 1.868195e+06
5.135798e+07 4.249330e+07
-9.051209e+06 3.930489e+07
-2.970698e+10 4.000378e+10
-4.778386e+08 8.145718e+07
1.429879e+06 1.011794e+01
1.686704e+08 -1.654668e+08
1.706073e+13 -6.160833e+14
-6.848139e+08 -1.159792e+09
-6.631707e+08 1.353433e+09
-6.184460e+07 5.194516e+06
8.724962e+14 -7.863441e+14
-9.588702e+06 1.771917e+06
2.476146e+09 1.493704e+08
2.048728e+19 4.314893e+19
-2.216810e+08 -5.700538e+07
-5.548184e+07 -9.174426e+07
-4.450834e+06 1.770800e+07
-6.632343e+06 -8.192644e+05
5.884724e+05 4.602601e+06
-3.296139e+09 4.284945e+10
1.639860e+08 -2.862341e+08
2.288428e+11 3.578578e+12
2.970926e+10 -4.000381e+10
1.350626e+08 -5.045332e+08
3.701668e+08 1.059794e+08
-2.494426e+08 -6.445981e+08
8.009699e+05 -5.952997e+00
6.263308e+06 1.075256e+01
5.818268e+05 1.173755e+07
-6.103663e+08 -5.395887e+08
8.096028e+07 2.625257e+08
-5.183194e+07 -4.271040e+07
1.551618e+11 -7.078555e+11
-3.348975e+07 -5.205066e+06
4.936419e+06 8.940340e+05
1.343190e+10 9.330469e+09
-8.821655e+00 -7.408911e+06
6.618583e+08 -1.353286e+09
7.773324e+08 -3.366388e+07
-4.667790e+06 4.748010e+06
-4.977789e+06 -2.704214e+06
-1.366749e+07 -3.236957e+00
5.786512e+06 3.923952e+06
