2.160365e+06 -8.244195e+00
8.578763e+06 -1.510634e+06
8.979437e+09 1.160520e+11
2.130771e+12 2.349026e+12
-1.609169e+12 -2.200656e+12
-5.855537e+09 -1.124896e+09
1.668651e+07 -5.975093e+07
-7.523792e+06 -6.176496e+06
-2.483727e+06 -1.640077e+07
-5.476051e+06 -1.015115e+01
7.928727e+05 -1.736114e+06
-3.681689e+07 9.800144e+07
5.033712e+09 -6.544164e+10
5.380538e+09 -1.583003e+09
-5.420949e+10 -1.173998e+10
5.386679e+09 2.580987e+09
-1.437062e+06 4.653994e+07
-7.228412e+06 -2.510870e+06
2.081210e+07 7.317849e+00
-2.579121e+08 2.522725e+08
-2.346564e+06 -4.706604e+06
-4.144369e+09 1.549910e+09
1.559054e+09 5.049750e+10
-7.409838e+10 -1.566546e+10
-5.685335e+07 1.112289e+08
-1.479751e+07 1.465097e+06
8.061767e+05 -1.518098e+05
9.425567e+07 -7.359849e+07
-2.362394e+13 -6.416891e+12
-8.053308e+00 -3.840206e+06
4.630500e+07 -2.091171e+07
-1.415477e+08 2.770163e+07
-3.489288e+10 -1.048862e+10
-3.416940e+09 -1.953509e+09
-4.359225e+07 -6.206190e+06
9.828928e+10 -6.168668e+10
3.398570e+14 6.476941e+14
8.311133e+05 1.549288e+06
5.422138e+10 1.174235e+10
1.826284e+08 1.470310e+08
1.040794e+11 -1.168063e+10
2.291326e+06 4.699044e+06
6.737845e+00 -2.212291e+06
-2.051903e+10 -1.425502e+10
1.557518e+07 1.129550e+08
2.295754e+06 -2.178118e+06
-3.018262e+12 4.205524e+12
1.438457e+06 -1.096599e+06
1.416149e+08 -2.782471e+07
-2.186469e+09 -2.171999e+09
7.310638e+08 -1.261310e+08
3.292113e+07 1.970845e+07
5.614882e+00 -1.681284e+06
1.672934e+07 -1.880920e+06
3.688704e+13 1.342658e+13
4.142698e+09 -1.550942e+09
-4.752975e+11 8.278017e+10
6.045159e+08 1.533394e+08
4.352374e+06 1.131652e+07
-4.879616e+07 -1.469101e+08
-2.063948e+13 -2.772668e+13
-9.244024e+11 1.728088e+11
6.991144e+07 -1.400801e+08
2.175637e+08 2.415878e+08
-4.212473e+15 6.019746e+15
-3.887523e+08 1.272431e+08
2.331387e+07 -4.740331e+07
-1.481090e+12 -2.235432e+11
-9.684150e+09 -8.278820e+09
7.482702e+09 -1.050791e+09
5.455211e+06 -6.462749e+00
-1.432036e+10 -1.593660e+10
2.362632e+13 6.416633e+12
2.073061e+09 5.160849e+08
1.214865e+05 -3.284954e+00
-1.034867e+11 -3.419358e+10
-3.492982e+11 -5.464048e+12
-3.487682e+09 -6.791373e+09
-3.864280e+06 3.994850e+06
-5.036029e+08 -1.587457e+08
-5.758737e+09 -2.359762e+10
2.063990e+13 2.772668e+13
-5.705316e+09 3.715972e+09
5.693193e+07 -1.113128e+08
-7.545950e+08 5.509799e+08
-2.928120e+08 -1.458399e+07
7.287540e+00 -1.878932e+07
1.609301e+12 2.200632e+12
-2.272194e+06 -5.218454e+00
-1.809163e+05 -1.788125e+00
-6.995203e+07 1.397534e+08
1.431976e+10 1.593724e+10
-2.673245e+09 -1.777082e+09
4.629503e+17 -7.538159e+17
3.490289e+10 1.049329e+10
-9.367980e+00 -3.756177e+06
1.045005e+09 1.773651e+09
2.778640e+06 -3.643439e+06
-1.021604e+05 -2.641683e+06
-1.884712e+10 1.227715e+10
-1.557189e+09 -5.050859e+10
1.555794e+12 -1.499794e+12
-1.730136e+09 -1.285840e+09
-7.600661e+11 1.148422e+12
8.067301e+04 2.368644e+06
2.545149e+07 1.560517e+08
7.601502e+11 -1.148341e+12
9.665669e+05 8.195989e+00
3.586089e+14 -1.843447e+14
-9.828953e+10 6.168420e+10
2.627576e+11 1.479477e+12
4.945300e+07 -1.250272e+00
-4.040375e+08 3.878122e+08
-7.483175e+09 1.051163e+09
1.591488e+13 -5.715902e+12
-2.072553e+09 -5.171129e+08
-3.330016e+06 9.960158e+05
4.214167e+15 -6.020835e+15
2.234318e+06 4.240424e+06
-7.034683e+10 -2.040451e+10
-4.629829e+17 7.538235e+17
-7.129738e+08 4.392360e+08
2.064180e+13 -6.670436e+12
5.705214e+09 -3.715886e+09
-2.061360e+08 7.706701e+08
7.245474e+11 -7.143363e+11
1.837229e+08 3.441152e+08
2.810946e+10 4.318626e+10
-7.342151e+06 1.268535e+07
6.513122e+08 -7.011332e+08
-3.727485e+06 -1.783067e+07
3.765772e+06 1.779647e+07
-1.044112e+01 -1.851310e+07
-2.264532e+11 4.539175e+11
-1.110191e+08 3.379646e+07
-1.819211e+08 -1.445745e+08
-2.522190e+07 -4.116369e+07
-8.533944e+00 1.663395e+07
3.534894e+09 6.801995e+09
-9.328226e+07 2.513450e+08
2.741888e+15 -1.298280e+16
1.569080e+07 -7.976119e+06
-4.414290e+06 -1.791062e+07
7.108644e+08 -4.390223e+08
-1.427293e+06 -4.582479e+06
-5.901187e+16 -2.195303e+17
-9.322459e+05 -7.581601e+00
9.374583e+07 -7.553190e+06
-1.411846e+09 -1.357079e+08
-7.199623e+06 -1.162507e+06
-6.513620e+08 7.011203e+08
-6.193206e+06 -7.084377e+06
-1.365213e+08 1.530411e+08
-3.949885e+11 -7.682586e+10
-9.603472e+10 3.518582e+11
-6.853428e+00 9.828379e+05
-5.814776e+12 -1.836889e+11
1.754918e+08 -6.512172e+07
6.722350e+13 -1.164435e+14
2.400462e+00 -4.400085e+07
6.473048e+06 -8.023952e+06
-2.754211e+05 -2.334302e+06
5.408846e+08 -1.246123e+08
4.175924e+05 2.340993e+06
1.407765e+06 4.535860e+06
-1.040448e+11 1.167828e+10
-8.451567e+06 -2.386096e+05
-2.627201e+11 -1.479327e+12
1.743302e+10 3.510400e+10
-2.820515e+11 -6.323992e+11
-9.413027e+15 3.871216e+14
4.284517e+06 1.852460e+07
1.364721e+08 -1.530417e+08
1.517035e+06 1.674895e+07
9.602592e+10 -3.518440e+11
-3.402013e+08 -3.215039e+08
1.567807e+14 5.163268e+13
5.045890e+08 1.588057e+08
4.116622e+09 -7.160403e+08
9.332810e+07 -2.513297e+08
1.411778e+09 1.360564e+08
3.415391e+08 -2.889455e+08
2.186298e+09 2.171680e+09
-2.505335e+08 4.374058e+08
6.918676e+08 1.262485e+09
-7.850713e+06 -3.619587e+06
4.924401e+07 7.071538e+06
-6.722621e+13 1.164541e+14
-4.920209e+07 -6.856881e+06
-7.654777e+06 -1.242240e+07
9.413690e+15 -3.871879e+14
-4.696851e+07 1.085795e+06
2.446456e+11 -5.447297e+10
-1.555822e+12 1.499933e+12
-2.427891e+07 8.843285e+07
-2.446969e+11 5.448043e+10
3.402096e+08 3.215253e+08
2.739980e+07 4.224884e+07
-6.380974e+05 -1.811914e+07
1.206498e+00 3.324234e+06
2.663972e+06 -3.426771e+06
4.924377e+08 1.665005e+08
3.949811e+11 7.681623e+10
-3.881321e+06 6.068875e+06
2.673992e+09 1.777563e+09
3.017870e+12 -4.205186e+12
-5.403401e+08 1.255833e+08
2.924968e+08 1.337576e+07
-1.743223e+10 -3.510614e+10
1.226992e+21 -1.013624e+21
1.873787e+05 4.987740e+06
8.273000e+00 2.787177e+06
2.571745e+07 -9.177664e+07
7.463676e+13 -5.192820e+13
4.498504e-01 1.099350e+06
7.544674e+08 -5.507514e+08
-3.375212e+06 -3.322554e+05
1.554333e+07 -1.031812e+06
1.117242e+08 -3.291847e+07
-3.415149e+08 1.919467e+08
1.024850e+07 8.684765e+05
-3.398707e+14 -6.477201e+14
-4.114532e+09 7.182885e+08
3.077167e+07 -1.178806e+08
9.684992e+09 8.280910e+09
-6.652748e+07 1.999782e+06
3.372459e+07 -9.398039e+07
-1.025151e+08 1.182931e+08
-2.741944e+15 1.298228e+16
9.218025e+07 4.409924e+07
1.884700e+09 5.613646e+09
2.264320e+11 -4.538806e+11
-7.463901e+13 5.192559e+13
-4.461761e+10 -1.459007e+10
3.183054e+10 7.936434e+08
-3.182862e+10 -7.935795e+08
1.029943e+08 -1.177130e+08
-4.835701e+07 1.746896e+08
5.901305e+16 2.195104e+17
-4.605997e+06 -1.162912e+07
-4.316771e-01 -3.902119e+06
-1.791552e+07 4.296106e+08
9.492938e+08 -5.599250e+07
2.605573e+06 -1.600864e+06
-2.610293e+06 1.612366e+06
-5.388330e+09 -2.581779e+09
6.648230e+07 -3.527193e+06
-2.342310e+00 2.496394e+07
-3.129647e+19 -6.590753e+19
3.670354e+07 -2.805735e+07
7.796889e+05 -5.292955e+00
-6.246087e+06 -1.142978e+07
-1.745281e+08 6.521083e+07
7.680441e+06 3.719703e+06
2.002103e+06 1.024019e+01
-6.040268e+08 -1.532238e+08
-2.395793e+06 -8.568400e+06
4.838541e+07 -1.747773e+08
-2.378885e+07 1.001747e+07
2.331641e+06 6.738780e+06
-2.811471e+10 -4.319479e+10
-1.227201e+21 1.013828e+21
1.527202e+05 5.978772e+00
-3.075884e+07 1.179527e+08
-3.688926e+13 -1.342671e+13
5.210461e+08 -5.031510e+10
-1.261062e+00 -3.882235e+06
-9.680916e+06 -1.120887e+08
-8.983117e+09 -1.161213e+11
-1.885249e+09 -5.615072e+09
1.727845e+09 1.285170e+09
-1.251420e+08 -4.001196e+08
8.411377e+07 1.412320e+08
-6.925395e+08 -1.263575e+09
-2.063329e+06 -7.480004e-01
-1.081781e+01 -2.796307e+06
-3.586774e+14 1.843762e+14
2.431244e+15 2.626391e+16
-8.164705e+06 -6.482928e+00
3.416758e+09 1.953932e+09
8.914568e-01 3.345041e+06
-9.534880e+08 4.729260e+07
-3.641896e+07 2.803719e+07
8.217809e+06 -8.034041e+00
-2.249500e+08 1.923864e+08
-7.252522e+11 7.143785e+11
-2.307159e+05 -1.871829e+07
-2.606401e+13 9.412641e+14
-2.370501e+11 1.081457e+12
4.921406e+06 -1.316132e+07
5.167107e+07 7.860886e+06
-8.801259e+07 -1.495098e+08
2.818640e+07 -2.100154e+06
-8.923374e+00 3.738473e+06
-4.597678e+07 -1.330925e+07
6.233608e+06 1.139599e+07
-5.382316e+09 1.583832e+09
-2.131414e+12 -2.349617e+12
5.735175e+07 -1.472468e+07
1.481342e+12 2.235833e+11
2.371233e+07 -1.014218e+07
3.801693e+08 9.865815e+08
-2.150477e+08 -2.279599e+08
-1.335477e+06 -7.361470e+05
-9.313628e+06 1.934813e+06
3.152671e+08 -4.119526e+07
-6.729715e+00 1.193441e+06
5.822203e+06 5.069149e+06
7.412303e+10 1.567105e+10
4.656943e+06 6.086908e+06
9.246165e+11 -1.728285e+11
-2.119641e+05 -5.101226e+04
-1.187474e+09 5.141917e+07
9.331367e+08 8.251180e+08
-1.332853e+15 1.201299e+15
-1.841735e+08 -3.436869e+08
-1.431213e+06 -1.359663e+06
4.597167e+07 1.340623e+07
5.703782e+09 2.362759e+10
-9.267587e+05 2.041812e+00
8.272261e+00 2.819095e+06
-2.064719e+13 6.675263e+12
-3.280633e+07 -1.988601e+07
-5.676569e+08 -1.603363e+08
-5.855564e+00 1.238021e+07
1.884922e+10 -1.227855e+10
-1.568517e+14 -5.164981e+13
9.469719e+06 1.149124e+07
-4.687921e+06 1.302314e+07
-5.208117e+08 5.031504e+10
3.385976e+08 8.691119e+07
5.699791e+06 -1.053721e+06
3.299416e+06 -9.251177e+05
-4.714313e+07 2.074766e+07
-2.431269e+15 -2.626286e+16
-3.015557e+06 -8.060512e+00
4.753249e+11 -8.279265e+10
1.997775e+11 -1.430735e+09
-1.998056e+11 1.430816e+09
1.035113e+11 3.419237e+10
-1.591632e+13 5.716534e+12
5.817232e+12 1.837467e+11
7.036189e+10 2.040807e+10
-2.463783e+07 4.749640e+07
4.462769e+10 1.458979e+10
1.797499e+07 -4.301054e+08
6.423402e+06 -1.278268e+07
-3.782276e+09 -2.290520e+08
7.262392e+05 1.036591e+01
5.855093e+09 1.125336e+09
-9.301415e+07 -4.428038e+07
6.881781e+06 -2.697958e+07
-9.865614e+00 -1.216468e+07
-1.600272e+06 6.095762e+00
2.821452e+11 6.326215e+11
-9.310060e+07 7.514028e+07
-2.750235e+07 2.854222e+06
7.847824e+07 6.493241e+07
-1.382796e+07 6.005013e+07
-4.538736e+10 6.111884e+10
-7.301938e+08 1.244712e+08
2.185078e+06 -4.750629e+00
2.576832e+08 -2.527890e+08
2.606505e+13 -9.412547e+14
-1.046253e+09 -1.771893e+09
-1.013975e+09 2.069384e+09
-9.448336e+07 7.935813e+06
1.332867e+15 -1.201275e+15
-1.464896e+07 2.706920e+06
3.782597e+09 2.281780e+08
3.129867e+19 6.592012e+19
-3.386266e+08 -8.708030e+07
-8.475886e+07 -1.401571e+08
-6.799100e+06 2.704991e+07
-1.013104e+07 -1.251670e+06
8.990246e+05 7.031056e+06
-5.035246e+09 6.545700e+10
2.506065e+08 -4.374374e+08
3.497244e+11 5.468777e+12
4.538828e+10 -6.111398e+10
2.063326e+08 -7.707660e+08
5.654937e+08 1.619010e+08
-3.810659e+08 -9.847306e+08
1.223799e+06 -1.845271e+00
9.567641e+06 -2.108929e+00
8.887554e+05 1.793081e+07
-9.323764e+08 -8.242797e+08
1.236952e+08 4.011002e+08
-7.919797e+07 -6.526210e+07
2.370354e+11 -1.081405e+12
-5.116143e+07 -7.951474e+06
7.542478e+06 1.366064e+06
2.052136e+10 1.425388e+10
2.182704e-01 -1.133384e+07
1.012016e+09 -2.069146e+09
1.187471e+09 -5.142566e+07
-7.134215e+06 7.256638e+06
-7.603524e+06 -4.130905e+06
-2.087870e+07 7.412739e+00
8.839473e+06 5.993563e+06
