3.399077e+05 -2.816004e+00
1.352952e+06 -2.383176e+05
1.416728e+09 1.831080e+10
3.360825e+11 3.705088e+11
-2.539721e+11 -3.472869e+11
-9.225728e+08 -1.772058e+08
2.630381e+06 -9.418828e+06
-1.186067e+06 -9.738624e+05
-3.918324e+05 -2.587325e+06
-8.630309e+05 -1.061258e+01
1.252814e+05 -2.741648e+05
-5.809415e+06 1.546112e+07
7.941550e+08 -1.032545e+10
8.477169e+08 -2.493950e+08
-8.548007e+09 -1.850817e+09
8.474006e+08 4.061009e+08
-2.258839e+05 7.314713e+06
-1.140637e+06 -3.962232e+05
3.281797e+06 -7.674881e+00
-4.065083e+07 3.976457e+07
-3.700709e+05 -7.423093e+05
-6.536858e+08 2.444495e+08
2.457936e+08 7.958969e+09
-1.168128e+10 -2.469963e+09
-8.963274e+06 1.754453e+07
-2.334888e+06 2.311664e+05
1.270377e+05 -2.398083e+04
1.483965e+07 -1.159647e+07
-3.728435e+12 -1.012735e+12
6.453551e+00 -6.052645e+05
7.303252e+06 -3.297756e+06
-2.233074e+07 4.370048e+06
-5.501574e+09 -1.654084e+09
-5.385914e+08 -3.079301e+08
-6.873578e+06 -9.785424e+05
1.549050e+10 -9.722839e+09
5.360447e+13 1.021575e+14
1.317255e+05 2.436279e+05
8.550802e+09 1.851726e+09
2.878437e+07 2.317365e+07
1.641251e+10 -1.841962e+09
3.612540e+05 7.410251e+05
7.852212e+00 -3.494015e+05
-3.233291e+09 -2.246600e+09
2.456548e+06 1.781776e+07
3.615730e+05 -3.430301e+05
-4.736642e+11 6.599755e+11
2.265078e+05 -1.726586e+05
2.233977e+07 -4.389742e+06
-3.446117e+08 -3.422714e+08
1.150287e+08 -1.984318e+07
5.188912e+06 3.106182e+06
8.779552e-01 -2.652496e+05
2.634990e+06 -2.962857e+05
5.815334e+12 2.116549e+12
6.533323e+08 -2.446149e+08
-7.496880e+10 1.305825e+10
9.531629e+07 2.417798e+07
6.856521e+05 1.782979e+06
-7.698716e+06 -2.317819e+07
-3.253438e+12 -4.371207e+12
-1.457915e+11 2.725369e+10
1.103510e+07 -2.210749e+07
3.382851e+07 3.756209e+07
-6.645233e+14 9.498238e+14
-6.131739e+07 2.007105e+07
3.675889e+06 -7.474294e+06
-2.337122e+11 -3.527159e+10
-1.520744e+09 -1.299963e+09
1.180957e+09 -1.658288e+08
8.595528e+05 -8.709375e+00
-2.260164e+09 -2.515251e+09
3.727485e+12 1.012606e+12
3.238092e+08 8.061533e+07
1.918022e+04 9.120671e+00
-1.632423e+10 -5.393525e+09
-5.489732e+10 -8.587190e+11
-5.499556e+08 -1.070928e+09
-6.095699e+05 6.302414e+05
-7.860999e+07 -2.478010e+07
-9.080336e+08 -3.720771e+09
3.254061e+12 4.370929e+12
-8.999640e+08 5.861702e+08
8.978854e+06 -1.755522e+07
-1.189155e+08 8.683283e+07
-4.612356e+07 -2.297426e+06
4.678532e+00 -2.963329e+06
2.539402e+11 3.472646e+11
-3.581787e+05 5.887485e+00
-2.850161e+04 8.113828e+00
-1.103960e+07 2.205546e+07
2.259870e+09 2.515091e+09
-4.212696e+08 -2.800814e+08
7.304551e+16 -1.189378e+17
5.503413e+09 1.654732e+09
-6.637867e+00 -5.919782e+05
1.645991e+08 2.793931e+08
4.382307e+05 -5.746073e+05
-1.606075e+04 -4.163196e+05
-2.968163e+09 1.933730e+09
-2.455580e+08 -7.964034e+09
2.454090e+11 -2.365628e+11
-2.727684e+08 -2.027390e+08
-1.197808e+11 1.809853e+11
1.267424e+04 3.734931e+05
4.014595e+06 2.461566e+07
1.197961e+11 -1.809969e+11
1.525469e+05 -1.099480e+01
5.643230e+13 -2.900599e+13
-1.549169e+10 9.722122e+09
4.130949e+10 2.326009e+11
7.804411e+06 -2.366241e+00
-6.374909e+07 6.119657e+07
-1.180873e+09 1.659115e+08
2.507361e+12 -9.006329e+11
-3.236562e+08 -8.078295e+07
-5.246576e+05 1.568892e+05
6.649468e+14 -9.501263e+14
3.508319e+05 6.657583e+05
-1.109478e+10 -3.218375e+09
-7.305947e+16 1.189454e+17
-9.546313e+07 5.881395e+07
3.254754e+12 -1.051910e+12
9.000538e+08 -5.862118e+08
-3.249636e+07 1.214911e+08
1.142953e+11 -1.126845e+11
2.896701e+07 5.426153e+07
4.430141e+09 6.806066e+09
-1.152416e+06 1.991125e+06
1.026802e+08 -1.105427e+08
-5.882166e+05 -2.814036e+06
5.944176e+05 2.808621e+06
-5.199752e+00 -2.915645e+06
-3.519197e+10 7.053966e+10
-1.749042e+07 5.325182e+06
-2.866920e+07 -2.278392e+07
-3.975620e+06 -6.488730e+06
4.036863e+00 2.620041e+06
5.574475e+08 1.072826e+09
-1.471024e+07 3.963307e+07
4.314963e+14 -2.043047e+15
2.475065e+06 -1.257987e+06
-6.953145e+05 -2.821119e+06
9.518000e+07 -5.878276e+07
-2.250985e+05 -7.229385e+05
-9.246156e+15 -3.439913e+16
-1.470026e+05 5.306461e+00
1.476933e+07 -1.189731e+06
-2.225920e+08 -2.139275e+07
-1.132893e+06 -1.828796e+05
-1.027112e+08 1.105630e+08
-9.767487e+05 -1.117403e+06
-2.153919e+07 2.414625e+07
-6.231709e+10 -1.212016e+10
-1.514880e+10 5.551226e+10
1.105660e+01 1.550324e+05
-9.173042e+11 -2.897660e+10
2.764467e+07 -1.025935e+07
1.058941e+13 -1.834374e+13
-6.334134e+00 -6.916606e+06
1.015009e+06 -1.258414e+06
-4.362484e+04 -3.683845e+05
8.494653e+07 -1.956761e+07
6.587322e+04 3.692692e+05
2.221229e+05 7.157826e+05
-1.640830e+10 1.841628e+09
-1.333077e+06 -3.768942e+04
-4.129884e+10 -2.325264e+11
2.748035e+09 5.533915e+09
-4.448938e+10 -9.975582e+10
-1.484943e+15 6.107737e+13
6.751087e+05 2.918876e+06
2.152951e+07 -2.414644e+07
2.393540e+05 2.642594e+06
1.514878e+10 -5.550164e+10
-5.360299e+07 -5.065271e+07
2.465186e+13 8.119188e+12
7.875986e+07 2.478489e+07
6.475225e+08 -1.126197e+08
1.471788e+07 -3.963529e+07
2.225963e+08 2.145257e+07
5.378245e+07 -4.549460e+07
3.445178e+08 3.422247e+08
-3.936957e+07 6.873076e+07
1.090580e+08 1.990216e+08
-1.236389e+06 -5.699469e+05
7.767306e+06 1.115428e+06
-1.058738e+13 1.834023e+13
-7.761564e+06 -1.081569e+06
-1.206459e+06 -1.958339e+06
1.484659e+15 -6.106572e+13
-7.410057e+06 1.711808e+05
3.857351e+10 -8.591284e+09
-2.453771e+11 2.365958e+11
-3.829331e+06 1.394735e+07
-3.859597e+10 8.592981e+09
5.360103e+07 5.065895e+07
4.319052e+06 6.659715e+06
-1.006445e+05 -2.857129e+06
6.808499e+00 5.240316e+05
4.200424e+05 -5.402826e+05
7.767611e+07 2.626544e+07
6.230924e+10 1.211844e+10
-6.120298e+05 9.569222e+05
4.213828e+08 2.801036e+08
4.735128e+11 -6.598486e+11
-8.484610e+07 1.971896e+07
4.606524e+07 2.106035e+06
-2.748022e+09 -5.533567e+09
1.934363e+20 -1.598020e+20
2.969770e+04 7.859664e+05
7.533500e+00 4.394228e+05
4.056154e+06 -1.447322e+07
1.176114e+13 -8.182789e+12
8.393097e+00 1.733927e+05
1.188406e+08 -8.676994e+07
-5.316925e+05 -5.232843e+04
2.451431e+06 -1.627915e+05
1.759681e+07 -5.185047e+06
-5.376723e+07 3.022480e+07
1.616338e+06 1.369229e+05
-5.359764e+13 -1.021380e+14
-6.471806e+08 1.129774e+08
4.849948e+06 -1.857912e+07
1.520754e+09 1.300371e+09
-1.048672e+07 3.151958e+05
5.321355e+06 -1.482793e+07
-1.613487e+07 1.861699e+07
-4.315790e+14 2.043308e+15
1.453560e+07 6.953843e+06
2.972075e+08 8.852963e+08
3.520101e+10 -7.055791e+10
-1.176864e+13 8.186965e+12
-7.035280e+09 -2.300709e+09
5.018298e+09 1.251097e+08
-5.017658e+09 -1.251048e+08
1.620976e+07 -1.852818e+07
-7.629066e+06 2.756152e+07
9.248532e+15 3.439913e+16
-7.255628e+05 -1.831973e+06
7.231782e+00 -6.144193e+05
-2.815406e+06 6.750464e+07
1.490668e+08 -8.792036e+06
4.109019e+05 -2.524848e+05
-4.116995e+05 2.544276e+05
-8.480377e+08 -4.063488e+08
1.047866e+07 -5.560017e+05
5.975207e+00 3.937352e+06
-4.932939e+18 -1.038728e+19
5.783092e+06 -4.420776e+06
1.229589e+05 3.648969e+00
-9.841695e+05 -1.800804e+06
-2.750213e+07 1.027612e+07
1.210375e+06 5.862382e+05
3.157870e+05 -6.171408e+00
-9.524652e+07 -2.416175e+07
-3.779370e+05 -1.351683e+06
7.632081e+06 -2.756959e+07
-3.750230e+06 1.579391e+06
3.679519e+05 1.063041e+06
-4.430123e+09 -6.806476e+09
-1.934610e+20 1.598325e+20
2.407248e+04 -7.920215e-01
-4.847251e+06 1.858717e+07
-5.815704e+12 -2.116684e+12
8.218505e+07 -7.935896e+09
-8.791936e+00 -6.121161e+05
-1.527321e+06 -1.768324e+07
-1.417304e+09 -1.832119e+10
-2.972620e+08 -8.853936e+08
2.724522e+08 2.026558e+08
-1.970208e+07 -6.299328e+07
1.326051e+07 2.226506e+07
-1.092044e+08 -1.992297e+08
-3.251258e+05 -1.145018e+00
5.551672e+00 -4.405532e+05
-5.642509e+13 2.900228e+13
3.835619e+14 4.143670e+15
-1.286402e+06 3.204592e+00
5.385178e+08 3.079742e+08
3.398210e+00 5.270411e+05
-1.496999e+08 7.425015e+06
-5.732960e+06 4.416667e+06
1.294668e+06 -2.846292e+00
-3.542852e+07 3.029672e+07
-1.143804e+11 1.126727e+11
-3.633319e+04 -2.952091e+06
-4.107443e+12 1.483409e+14
-3.736954e+10 1.704944e+11
7.760256e+05 -2.075080e+06
8.147396e+06 1.239452e+06
-1.386097e+07 -2.354693e+07
4.440162e+06 -3.306732e+05
-6.944395e-01 5.892620e+05
-7.247931e+06 -2.097861e+06
9.818808e+05 1.795248e+06
-8.481740e+08 2.495720e+08
-3.361897e+11 -3.706033e+11
9.042647e+06 -2.321787e+06
2.337567e+11 3.528053e+10
3.738558e+06 -1.599146e+06
5.994344e+07 1.555512e+08
-3.344176e+07 -3.545421e+07
-2.104792e+05 -1.161503e+05
-1.468838e+06 3.053004e+05
4.966057e+07 -6.488721e+06
9.889872e+00 1.881905e+05
9.179489e+05 7.992788e+05
1.169533e+10 2.472487e+09
7.345209e+05 9.603201e+05
1.458102e+11 -2.725498e+10
-3.337247e+04 -8.080233e+03
-1.872805e+08 8.109007e+06
1.471761e+08 1.301462e+08
-2.101749e+14 1.894247e+14
-2.904083e+07 -5.419135e+07
-2.256473e+05 -2.144816e+05
7.248182e+06 2.113665e+06
8.992819e+08 3.725023e+09
-1.460730e+05 -1.083023e+01
1.101517e+01 4.447736e+05
-3.255376e+12 1.052446e+12
-5.171232e+06 -3.134637e+06
-8.947866e+07 -2.527538e+07
6.181741e+00 1.951839e+06
2.969562e+09 -1.934256e+09
-2.466605e+13 -8.122304e+12
1.492766e+06 1.811642e+06
-7.390098e+05 2.053084e+06
-8.215201e+07 7.936471e+09
5.343121e+07 1.371524e+07
8.974585e+05 -1.656195e+05
5.205319e+05 -1.459902e+05
-7.434783e+06 3.271836e+06
-3.836596e+14 -4.144725e+15
-4.753903e+05 5.357188e+00
7.500203e+10 -1.306298e+10
3.149087e+10 -2.255136e+08
-3.149087e+10 2.254930e+08
1.632609e+10 5.393082e+09
-2.507521e+12 9.006330e+11
9.177719e+11 2.898960e+10
1.109917e+10 3.219553e+09
-3.885770e+06 7.490395e+06
7.036730e+09 2.300403e+09
2.824820e+06 -6.758844e+07
1.008878e+06 -2.007442e+06
-5.965014e+08 -3.613042e+07
1.146908e+05 -8.048789e+00
9.224720e+08 1.772893e+08
-1.466687e+07 -6.982463e+06
1.086009e+06 -4.258308e+06
7.496635e+00 -1.918303e+06
-2.521619e+05 -4.273089e+00
4.450926e+10 9.979395e+10
-1.466868e+07 1.183888e+07
-4.333133e+06 4.497307e+05
1.234643e+07 1.021607e+07
-2.179919e+06 9.466291e+06
-7.154688e+09 9.634440e+09
-1.148924e+08 1.958707e+07
3.436219e+05 5.715936e+00
4.062511e+07 -3.985480e+07
4.108490e+12 -1.483503e+14
-1.648736e+08 -2.792234e+08
-1.584592e+08 3.234175e+08
-1.488783e+07 1.250296e+06
2.102017e+14 -1.894488e+14
-2.307873e+06 4.264612e+05
5.966301e+08 3.599104e+07
4.934197e+18 1.039191e+19
-5.345131e+07 -1.374488e+07
-1.336390e+07 -2.209954e+07
-1.073086e+06 4.269222e+06
-1.597946e+06 -1.973586e+05
1.418223e+05 1.109420e+06
-7.945276e+08 1.032943e+10
3.939582e+07 -6.876676e+07
5.496777e+10 8.595988e+11
7.155144e+09 -9.635061e+09
3.253092e+07 -1.215206e+08
8.915331e+07 2.552769e+07
-6.009095e+07 -1.552629e+08
1.928151e+05 -8.775076e+00
1.509544e+06 -2.035632e+00
1.402426e+05 2.827864e+06
-1.470403e+08 -1.299916e+08
1.947333e+07 6.314085e+07
-1.245960e+07 -1.026707e+07
3.736947e+10 -1.704839e+11
-8.067228e+06 -1.253780e+06
1.187243e+06 2.150113e+05
3.233299e+09 2.246081e+09
2.742760e+00 -1.762253e+06
1.581271e+08 -3.233464e+08
1.872480e+08 -8.109360e+06
-1.118786e+06 1.138023e+06
-1.198752e+06 -6.512077e+05
-3.292428e+06 -8.717547e+00
1.393405e+06 9.448921e+05
