1.460510e+06 4.040798e+00
5.801396e+06 -1.021558e+06
6.072244e+09 7.848300e+10
1.440831e+12 1.588461e+12
-1.088188e+12 -1.488189e+12
-3.959004e+09 -7.605449e+08
1.128264e+07 -4.039677e+07
-5.086904e+06 -4.175890e+06
-1.679393e+06 -1.109064e+07
-3.702551e+06 -1.212699e+00
5.362038e+05 -1.174092e+06
-2.489801e+07 6.627384e+07
3.403868e+09 -4.425145e+10
3.637777e+09 -1.070288e+09
-3.665681e+10 -7.938613e+09
3.641607e+09 1.744882e+09
-9.714764e+05 3.146203e+07
-4.888202e+06 -1.698003e+06
1.407423e+07 -1.063976e+01
-1.743997e+08 1.705863e+08
-1.586989e+06 -3.182901e+06
-2.802510e+09 1.048066e+09
1.054210e+09 3.414504e+10
-5.010200e+10 -1.059248e+10
-3.844180e+07 7.521181e+07
-1.000636e+07 9.906482e+05
5.450339e+05 -1.025335e+05
6.372330e+07 -4.975962e+07
-1.597524e+13 -4.339059e+12
9.354137e+00 -2.596402e+06
3.131168e+07 -1.414000e+07
-9.572110e+07 1.873232e+07
-2.359436e+10 -7.092740e+09
-2.310530e+09 -1.320960e+09
-2.947663e+07 -4.196472e+06
6.646168e+10 -4.171093e+10
2.298232e+14 4.379955e+14
5.623463e+05 1.047483e+06
3.666747e+10 7.940826e+09
1.234975e+08 9.942626e+07
7.038309e+10 -7.899036e+09
1.549517e+06 3.177611e+06
-2.748251e+00 -1.496261e+06
-1.387384e+10 -9.638746e+09
1.053205e+07 7.638057e+07
1.552185e+06 -1.472583e+06
-2.040056e+12 2.842633e+12
9.726473e+05 -7.415359e+05
9.576485e+07 -1.881655e+07
-1.478475e+09 -1.468615e+09
4.942732e+08 -8.526882e+07
2.225940e+07 1.332554e+07
-3.732595e+00 -1.136912e+06
1.131126e+07 -1.271732e+06
2.494314e+13 9.078788e+12
2.801358e+09 -1.048761e+09
-3.214245e+11 5.598068e+10
4.087741e+08 1.036893e+08
2.942915e+06 7.651781e+06
-3.299595e+07 -9.934351e+07
-1.395727e+13 -1.875015e+13
-6.251446e+11 1.168633e+11
4.728164e+07 -9.473642e+07
1.469448e+08 1.631676e+08
-2.848786e+15 4.070967e+15
-2.629061e+08 8.604618e+07
1.576577e+07 -3.205495e+07
-1.001611e+12 -1.511717e+11
-6.545825e+09 -5.596195e+09
5.060255e+09 -7.106330e+08
3.688863e+06 -8.974026e+00
-9.684482e+09 -1.077702e+10
1.597690e+13 4.339059e+12
1.400606e+09 3.486712e+08
8.213975e+04 6.593706e+00
-6.997808e+10 -2.312168e+10
-2.361279e+11 -3.693715e+12
-2.358381e+09 -4.592567e+09
-2.613255e+06 2.701575e+06
-3.402644e+08 -1.072570e+08
-3.894137e+09 -1.595748e+10
1.395727e+13 1.874987e+13
-3.858193e+09 2.512894e+09
3.849687e+07 -7.527048e+07
-5.102552e+08 3.725896e+08
-1.979921e+08 -9.861266e+06
-7.005715e+00 -1.270581e+07
1.088287e+12 1.488188e+12
-1.536353e+06 -1.540285e+00
-1.222662e+05 2.216265e+00
-4.730461e+07 9.451449e+07
9.684316e+09 1.077798e+10
-1.807541e+09 -1.201609e+09
3.130489e+17 -5.097358e+17
2.360069e+10 7.095656e+09
-7.255445e+00 -2.539695e+06
7.065811e+08 1.199279e+09
1.878921e+06 -2.463745e+06
-6.898480e+04 -1.786249e+06
-1.274351e+10 8.301093e+09
-1.053020e+09 -3.415514e+10
1.052077e+12 -1.014202e+12
-1.169991e+09 -8.695314e+08
-5.139413e+11 7.765584e+11
5.465537e+04 1.601887e+06
1.721144e+07 1.055264e+08
5.139642e+11 -7.764545e+11
6.535979e+05 -9.535972e+00
2.424415e+14 -1.246275e+14
-6.645956e+10 4.170866e+10
1.776312e+11 1.000216e+12
3.344485e+07 -4.618987e+00
-2.732254e+08 2.622504e+08
-5.060219e+09 7.108378e+08
1.076050e+13 -3.864764e+12
-1.400222e+09 -3.493673e+08
-2.251655e+06 6.733798e+05
2.849802e+15 -4.071754e+15
1.510398e+06 2.866404e+06
-4.756905e+10 -1.379796e+10
-3.130907e+17 5.097585e+17
-4.755836e+08 2.930027e+08
1.395802e+13 -4.511012e+12
3.858086e+09 -2.512651e+09
-1.393863e+08 5.211110e+08
4.899639e+11 -4.830732e+11
1.242360e+08 2.327006e+08
1.900759e+10 2.920296e+10
-4.962640e+06 8.574356e+06
4.404203e+08 -4.741142e+08
-2.520796e+06 -1.205850e+07
2.546685e+06 1.203512e+07
2.176226e+00 -1.251735e+07
-1.529245e+11 3.065257e+11
-7.506388e+07 2.285233e+07
-1.230082e+08 -9.775681e+07
-1.705420e+07 -2.783271e+07
-4.136098e+00 1.124627e+07
2.390263e+09 4.599526e+09
-6.307589e+07 1.699570e+08
1.853755e+15 -8.777413e+15
1.061043e+07 -5.393577e+06
-2.984656e+06 -1.210952e+07
4.741740e+08 -2.928434e+08
-9.652066e+05 -3.098728e+06
-3.988002e+16 -1.483598e+17
-6.303222e+05 1.113751e+01
6.338533e+07 -5.106895e+06
-9.547408e+08 -9.176541e+07
-4.867683e+06 -7.859816e+05
-4.404538e+08 4.741104e+08
-4.188203e+06 -4.790792e+06
-9.232367e+07 1.034955e+08
-2.671112e+11 -5.195402e+10
-6.494287e+10 2.379375e+11
1.935499e+00 6.647199e+05
-3.932063e+12 -1.242089e+11
1.186535e+08 -4.402969e+07
4.545067e+13 -7.872825e+13
-8.381053e+00 -2.974446e+07
4.374949e+06 -5.423270e+06
-1.864615e+05 -1.578659e+06
3.656168e+08 -8.423013e+07
2.824622e+05 1.583149e+06
9.520909e+05 3.067256e+06
-7.035477e+10 7.897002e+09
-5.715266e+06 -1.613381e+05
-1.776071e+11 -1.000052e+12
1.178783e+10 2.373553e+10
-1.907226e+11 -4.276439e+11
-6.365474e+15 2.617841e+14
2.897231e+06 1.252594e+07
9.228655e+07 -1.034953e+08
1.026085e+06 1.132684e+07
6.493796e+10 -2.379339e+11
-2.300408e+08 -2.174000e+08
1.059979e+14 3.490778e+13
3.409166e+08 1.072900e+08
2.783123e+09 -4.840762e+08
6.310913e+07 -1.699499e+08
9.546372e+08 9.199831e+07
2.309184e+08 -1.953651e+08
1.478342e+09 1.468458e+09
-1.693655e+08 2.956903e+08
4.678411e+08 8.536809e+08
-5.308139e+06 -2.447254e+06
3.330050e+07 4.781966e+06
-4.545405e+13 7.873527e+13
-3.327206e+07 -4.636899e+06
-5.175979e+06 -8.400224e+06
6.365853e+15 -2.618308e+14
-3.176141e+07 7.339695e+05
1.654158e+11 -3.683160e+10
-1.051996e+12 1.014245e+12
-1.641630e+07 5.979654e+07
-1.654640e+11 3.683895e+10
2.300219e+08 2.173956e+08
1.852665e+07 2.856744e+07
-4.314955e+05 -1.225273e+07
-9.824431e+00 2.247756e+06
1.801346e+06 -2.317197e+06
3.329982e+08 1.125929e+08
2.670997e+11 5.194630e+10
-2.624558e+06 4.103714e+06
1.807996e+09 1.201863e+09
2.039694e+12 -2.842252e+12
-3.652453e+08 8.488465e+07
1.977668e+08 9.043379e+06
-1.178742e+10 -2.373731e+10
8.296611e+20 -6.853910e+20
1.267070e+05 3.372174e+06
-2.720628e+00 1.884530e+06
1.738984e+07 -6.205907e+07
5.046629e+13 -3.511167e+13
4.322991e+00 7.433170e+05
5.101197e+08 -3.723842e+08
-2.281938e+06 -2.244961e+05
1.051053e+07 -6.977377e+05
7.553918e+07 -2.225659e+07
-2.308904e+08 1.297738e+08
6.930312e+06 5.872662e+05
-2.298130e+14 -4.379695e+14
-2.781572e+09 4.855941e+08
2.080786e+07 -7.971142e+07
6.546841e+09 5.597791e+09
-4.498844e+07 1.352159e+06
2.280711e+07 -6.355664e+07
-6.931062e+07 7.997831e+07
-1.853948e+15 8.777543e+15
6.233632e+07 2.982219e+07
1.274525e+09 3.796335e+09
1.529378e+11 -3.065530e+11
-5.047529e+13 3.511376e+13
-3.017305e+10 -9.866509e+09
2.152491e+10 5.366919e+08
-2.152362e+10 -5.366383e+08
6.963664e+07 -7.958558e+07
-3.270085e+07 1.181287e+08
3.988359e+16 1.483488e+17
-3.114278e+06 -7.862938e+06
-6.961168e+00 -2.638248e+06
-1.211124e+07 2.904106e+08
6.416691e+08 -3.784825e+07
1.761925e+06 -1.082467e+06
-1.765036e+06 1.090238e+06
-3.642959e+09 -1.745540e+09
4.495316e+07 -2.384903e+06
-2.508211e+00 1.688086e+07
-2.116197e+19 -4.456327e+19
2.481602e+07 -1.897037e+07
5.271419e+05 4.407847e+00
-4.223291e+06 -7.728242e+06
-1.180100e+08 4.409236e+07
5.193349e+06 2.515168e+06
1.353864e+06 2.992065e+00
-4.084592e+08 -1.036115e+08
-1.619981e+06 -5.793928e+06
3.272054e+07 -1.181876e+08
-1.608538e+07 6.773413e+06
1.576607e+06 4.556868e+06
-1.900977e+10 -2.920633e+10
-8.298090e+20 6.855540e+20
1.033105e+05 1.590295e+00
-2.079821e+07 7.975531e+07
-2.494425e+13 -9.078653e+12
3.523360e+08 -3.402420e+10
5.762312e-01 -2.625210e+06
-6.546492e+06 -7.579872e+07
-6.074855e+09 -7.852921e+10
-1.274868e+09 -3.797059e+09
1.168426e+09 8.690747e+08
-8.461216e+07 -2.705336e+08
5.687826e+07 9.550247e+07
-4.683131e+08 -8.544496e+08
-1.395207e+06 -6.459704e+00
-6.991915e+00 -1.890676e+06
-2.424919e+14 1.246479e+14
1.644091e+15 1.776100e+16
-5.520792e+06 -3.469256e+00
2.310435e+09 1.321295e+09
-7.881263e+00 2.261851e+06
-6.445187e+08 3.196801e+07
-2.462379e+07 1.895756e+07
5.556581e+06 2.553903e+00
-1.520964e+08 1.300738e+08
-4.904215e+11 4.830686e+11
-1.560284e+05 -1.265797e+07
-1.762308e+13 6.364479e+14
-1.602862e+11 7.312632e+11
3.327870e+06 -8.899596e+06
3.493963e+07 5.315494e+06
-5.950591e+07 -1.010845e+08
1.905743e+07 -1.419876e+06
-6.375561e-01 2.527847e+06
-3.108848e+07 -8.999019e+06
4.214511e+06 7.704977e+06
-3.639127e+09 1.070840e+09
-1.441238e+12 -1.588792e+12
3.877933e+07 -9.956502e+06
1.001759e+12 1.511917e+11
1.603352e+07 -6.858237e+06
2.570701e+08 6.671222e+08
-1.452375e+08 -1.539583e+08
-9.031220e+05 -4.979423e+05
-6.298321e+06 1.308567e+06
2.131738e+08 -2.785455e+07
1.054886e+01 8.073258e+05
3.937305e+06 3.428085e+06
5.012613e+10 1.059774e+10
3.149324e+06 4.116392e+06
6.252378e+11 -1.168683e+11
-1.434141e+05 -3.456301e+04
-8.029852e+08 3.476987e+07
6.310020e+08 5.579691e+08
-9.012928e+14 8.123218e+14
-1.245411e+08 -2.324033e+08
-9.677894e+05 -9.193273e+05
3.108446e+07 9.065004e+06
3.856726e+09 1.597619e+10
-6.266706e+05 3.189937e+00
-9.303869e+00 1.906444e+06
-1.396196e+13 4.513895e+12
-2.218330e+07 -1.344655e+07
-3.838396e+08 -1.084161e+08
-1.177501e+00 8.371119e+06
1.274415e+10 -8.301690e+09
-1.060326e+14 -3.491609e+13
6.403203e+06 7.770274e+06
-3.169932e+06 8.806460e+06
-3.522212e+08 3.402602e+10
2.289863e+08 5.877491e+07
3.853776e+06 -7.121649e+05
2.230927e+06 -6.254001e+05
-3.187749e+07 1.402920e+07
-1.644091e+15 -1.776021e+16
-2.039031e+06 8.652718e+00
3.214236e+11 -5.598788e+10
1.350790e+11 -9.674727e+08
-1.351092e+11 9.675079e+08
6.999690e+10 2.312140e+10
-1.076194e+13 3.865281e+12
3.933759e+12 1.242536e+11
4.757887e+10 1.380040e+10
-1.665992e+07 3.211715e+07
3.017618e+10 9.865089e+09
1.215041e+07 -2.907420e+08
4.341895e+06 -8.640185e+06
-2.557536e+09 -1.548858e+08
4.912236e+05 6.216278e+00
3.958773e+09 7.608714e+08
-6.289525e+07 -2.994169e+07
4.653607e+06 -1.824472e+07
5.242665e+00 -8.225859e+06
-1.082160e+06 -9.382110e+00
1.907908e+11 4.277900e+11
-6.294850e+07 5.080489e+07
-1.859500e+07 1.929905e+06
5.305569e+07 4.389797e+07
-9.350222e+06 4.060350e+07
-3.068849e+10 4.132546e+10
-4.936415e+08 8.415113e+07
1.477179e+06 -2.695769e+00
1.742427e+08 -1.709331e+08
1.762439e+13 -6.364384e+14
-7.074419e+08 -1.198114e+09
-6.851253e+08 1.398240e+09
-6.388728e+07 5.366150e+06
9.013330e+14 -8.123338e+14
-9.905716e+06 1.830498e+06
2.557980e+09 1.543070e+08
2.116449e+19 4.457519e+19
-2.290024e+08 -5.888803e+07
-5.731464e+07 -9.477497e+07
-4.597890e+06 1.829303e+07
-6.851515e+06 -8.463611e+05
6.079329e+05 4.754711e+06
-3.405061e+09 4.426542e+10
1.694110e+08 -2.957036e+08
2.364133e+11 3.696959e+12
3.069123e+10 -4.132611e+10
1.395271e+08 -5.212105e+08
3.824021e+08 1.094823e+08
-2.576867e+08 -6.659072e+08
8.274793e+05 -3.610292e-01
6.470343e+06 -1.432646e+00
6.010390e+05 1.212531e+07
-6.305288e+08 -5.574134e+08
8.363592e+07 2.712019e+08
-5.354543e+07 -4.412232e+07
1.602835e+11 -7.312431e+11
-3.459613e+07 -5.376982e+06
5.099536e+06 9.235873e+05
1.387574e+10 9.638791e+09
8.780122e+00 -7.654614e+06
6.837814e+08 -1.398106e+09
8.030115e+08 -3.477595e+07
-4.822187e+06 4.905048e+06
-5.142176e+06 -2.793497e+06
-1.411893e+07 -9.580877e+00
5.977646e+06 4.053555e+06
