7.133117e+05 6.916017e+00
2.835025e+06 -4.992162e+05
2.967664e+09 3.836120e+10
7.041392e+11 7.763119e+11
-5.318986e+11 -7.273738e+11
-1.934206e+09 -3.715769e+08
5.512643e+06 -1.974107e+07
-2.486008e+06 -2.041081e+06
-8.209630e+05 -5.420493e+06
-1.809080e+06 2.629519e+00
2.622626e+05 -5.741708e+05
-1.217003e+07 3.239256e+07
1.663689e+09 -2.162885e+10
1.777268e+09 -5.228669e+08
-1.791289e+10 -3.879138e+09
1.778387e+09 8.521709e+08
-4.743008e+05 1.535939e+07
-2.389168e+06 -8.297557e+05
6.876801e+06 7.878464e+00
-8.520521e+07 8.334470e+07
-7.754304e+05 -1.555237e+06
-1.369516e+09 5.121711e+08
5.151245e+08 1.668343e+10
-2.448049e+10 -5.175790e+09
-1.878268e+07 3.675726e+07
-4.890577e+06 4.841474e+05
2.661933e+05 -5.014879e+04
3.112248e+07 -2.430752e+07
-7.807775e+12 -2.120843e+12
-2.193060e+00 -1.268477e+06
1.530296e+07 -6.910166e+06
-4.678564e+07 9.155765e+06
-1.153005e+10 -3.465774e+09
-1.128940e+09 -6.454495e+08
-1.440423e+07 -2.050635e+06
3.247168e+10 -2.037934e+10
1.123156e+14 2.140666e+14
2.752289e+05 5.114848e+05
1.791848e+10 3.880364e+09
6.033525e+07 4.857595e+07
3.439294e+10 -3.860008e+09
7.572398e+05 1.552926e+06
8.584397e+00 -7.316886e+05
-6.778836e+09 -4.709837e+09
5.147450e+06 3.733166e+07
7.584164e+05 -7.194912e+05
-9.955116e+11 1.387175e+12
4.752049e+05 -3.621555e+05
4.679666e+07 -9.195170e+06
-7.223023e+08 -7.174209e+08
2.413552e+08 -4.163690e+07
1.087447e+07 6.510127e+06
-4.776139e+00 -5.556069e+05
5.525400e+06 -6.212655e+05
1.218744e+13 4.435901e+12
1.368938e+09 -5.125286e+08
-1.570729e+11 2.735852e+10
1.997456e+08 5.066744e+07
1.437769e+06 3.738304e+06
-1.612648e+07 -4.855293e+07
-6.819583e+12 -9.161866e+12
-3.055016e+11 5.710563e+10
2.310983e+07 -4.630553e+07
7.151576e+07 7.940629e+07
-1.392314e+15 1.989560e+15
-1.284798e+08 4.205128e+07
7.703877e+06 -1.566426e+07
-4.895395e+11 -7.388323e+10
-3.194927e+09 -2.731180e+09
2.473129e+09 -3.473070e+08
1.802023e+06 6.049022e-01
-4.733018e+09 -5.267038e+09
7.808250e+12 2.120779e+12
6.825257e+08 1.699153e+08
4.013181e+04 -1.388359e+00
-3.419706e+10 -1.129867e+10
-1.152712e+11 -1.803021e+12
-1.152308e+09 -2.243943e+09
-1.277092e+06 1.320176e+06
-1.657638e+08 -5.225154e+07
-1.902764e+09 -7.796748e+09
6.819168e+12 9.161308e+12
-1.885486e+09 1.227951e+09
1.881304e+07 -3.678170e+07
-2.492786e+08 1.820241e+08
-9.671598e+07 -4.817131e+06
1.048111e+01 -6.209080e+06
5.319157e+11 7.273734e+11
-7.507355e+05 -3.236144e+00
-5.969924e+04 1.114662e+01
-2.312102e+07 4.619246e+07
4.733006e+09 5.267519e+09
-8.830644e+08 -5.871205e+08
1.530141e+17 -2.491407e+17
1.153338e+10 3.467459e+09
-5.699318e+00 -1.240905e+06
3.451687e+08 5.858733e+08
9.181816e+05 -1.203894e+06
-3.363291e+04 -8.727028e+05
-6.225035e+09 4.054909e+09
-5.145920e+08 -1.668950e+10
5.141314e+11 -4.956001e+11
-5.716572e+08 -4.248782e+08
-2.511065e+11 3.794019e+11
2.663118e+04 7.828670e+05
8.411646e+06 5.157128e+07
2.511142e+11 -3.793789e+11
3.194585e+05 6.502330e-02
1.184101e+14 -6.086439e+13
-3.247406e+10 2.037975e+10
8.673157e+10 4.883734e+11
1.634832e+07 4.512658e+00
-1.335366e+08 1.281729e+08
-2.473262e+09 3.474656e+08
5.257236e+12 -1.888198e+12
-6.823583e+08 -1.702729e+08
-1.100137e+06 3.289967e+05
1.392823e+15 -1.990104e+15
7.371219e+05 1.398936e+06
-2.324792e+10 -6.743536e+09
-1.530373e+17 2.491710e+17
-2.221233e+08 1.368512e+08
6.821332e+12 -2.204698e+12
1.885778e+09 -1.227922e+09
-6.811954e+07 2.546643e+08
2.394769e+11 -2.361019e+11
6.070922e+07 1.137147e+08
9.287219e+09 1.426851e+10
-2.421796e+06 4.184227e+06
2.152057e+08 -2.316769e+08
-1.232225e+06 -5.894432e+06
1.245081e+06 5.882832e+06
8.808496e+00 -6.114550e+06
-7.441866e+10 1.491712e+11
-3.667264e+07 1.116546e+07
-6.010339e+07 -4.776527e+07
-8.333455e+06 -1.360113e+07
-9.306041e+00 5.494698e+06
1.168220e+09 2.248005e+09
-3.082587e+07 8.306010e+07
9.053897e+14 -4.286965e+15
5.185838e+06 -2.635885e+06
-1.458162e+06 -5.915984e+06
2.214551e+08 -1.367652e+08
-4.716770e+05 -1.514446e+06
-1.945190e+16 -7.236320e+16
-3.079579e+05 7.249128e+00
3.096710e+07 -2.494828e+06
-4.665423e+08 -4.483990e+07
-2.377266e+06 -3.837788e+05
-2.152287e+08 2.316750e+08
-2.046566e+06 -2.341080e+06
-4.511833e+07 5.057947e+07
-1.305408e+11 -2.538988e+10
-3.173653e+10 1.162865e+11
7.076308e+00 3.248022e+05
-1.921698e+12 -6.070038e+10
5.796386e+07 -2.150843e+07
2.220262e+13 -3.846098e+13
-2.709958e+00 -1.452099e+07
2.134272e+06 -2.645718e+06
-9.114986e+04 -7.715380e+05
1.784507e+08 -4.111302e+07
1.380463e+05 7.737457e+05
4.654053e+05 1.499258e+06
-3.438035e+10 3.858873e+09
-2.792993e+06 -7.894699e+04
-8.671025e+10 -4.882393e+11
5.759606e+09 1.159888e+10
-9.321113e+10 -2.090074e+11
-3.111030e+15 1.279563e+14
1.415648e+06 6.120188e+06
4.510615e+07 -5.058334e+07
5.015002e+05 5.535942e+06
3.173552e+10 -1.162723e+11
-1.123803e+08 -1.062017e+08
5.174777e+13 1.704162e+13
1.660759e+08 5.226409e+07
1.358810e+09 -2.363449e+08
3.083700e+07 -8.304401e+07
4.664775e+08 4.495508e+07
1.127922e+08 -9.541747e+07
7.222392e+08 7.174103e+08
-8.267717e+07 1.443414e+08
2.285804e+08 4.171145e+08
-2.592917e+06 -1.195293e+06
1.627405e+07 2.336955e+06
-2.220127e+13 3.845864e+13
-1.626010e+07 -2.266013e+06
-2.528825e+06 -4.104326e+06
3.110557e+15 -1.279485e+14
-1.552278e+07 3.586307e+05
8.083298e+10 -1.800107e+10
-5.141145e+11 4.956816e+11
-8.022932e+06 2.922333e+07
-8.086811e+10 1.800502e+10
1.123865e+08 1.062175e+08
9.053126e+06 1.395930e+07
-2.110240e+05 -5.987683e+06
6.322795e+00 1.098261e+06
8.802646e+05 -1.132342e+06
1.627455e+08 5.502897e+07
1.305410e+11 2.538796e+10
-1.282598e+06 2.005428e+06
8.834710e+08 5.872436e+08
9.953302e+11 -1.386964e+12
-1.782690e+08 4.143253e+07
9.661481e+07 4.417908e+06
-5.760104e+09 -1.159925e+10
4.054208e+20 -3.349372e+20
6.204280e+04 1.647532e+06
7.361026e+00 9.207279e+05
8.498394e+06 -3.032422e+07
2.465360e+13 -1.715317e+13
-8.752411e+00 3.631936e+05
2.491936e+08 -1.819267e+08
-1.114795e+06 -1.096602e+05
5.136363e+06 -3.410505e+05
3.690167e+07 -1.087389e+07
-1.127785e+08 6.338720e+07
3.386686e+06 2.868562e+05
-1.122951e+14 -2.139950e+14
-1.358051e+09 2.370817e+08
1.016472e+07 -3.893900e+07
3.194850e+09 2.731678e+09
-2.197824e+07 6.604311e+05
1.114574e+07 -3.105905e+07
-3.384623e+07 3.905433e+07
-9.053621e+14 4.286574e+15
3.045793e+07 1.457137e+07
6.227716e+08 1.855059e+09
7.442303e+10 -1.491711e+11
-2.466261e+13 1.715682e+13
-1.474234e+10 -4.820785e+09
1.051677e+10 2.622161e+08
-1.051645e+10 -2.622055e+08
3.401039e+07 -3.887197e+07
-1.598231e+07 5.773717e+07
1.945428e+16 7.236099e+16
-1.521303e+06 -3.841062e+06
4.398629e+00 -1.288665e+06
-5.912269e+06 1.417619e+08
3.131816e+08 -1.847091e+07
8.607797e+05 -5.287724e+05
-8.623754e+05 5.326794e+05
-1.779064e+09 -8.524343e+08
2.196195e+07 -1.165129e+06
4.861626e+00 8.248771e+06
-1.033895e+19 -2.177221e+19
1.212387e+07 -9.267816e+06
2.574921e+05 2.549691e+00
-2.063403e+06 -3.775653e+06
-5.765497e+07 2.154313e+07
2.537438e+06 1.228868e+06
6.616236e+05 -8.592799e+00
-1.995920e+08 -5.062849e+07
-7.916354e+05 -2.831533e+06
1.599049e+07 -5.776090e+07
-7.859264e+06 3.309610e+06
7.704900e+05 2.226734e+06
-9.286898e+09 -1.426803e+10
-4.054331e+20 3.349575e+20
5.046301e+04 -4.212331e+00
-1.016096e+07 3.896436e+07
-1.218818e+13 -4.436036e+12
1.721760e+08 -1.662660e+10
-9.695050e+00 -1.282724e+06
-3.199318e+06 -3.704225e+07
-2.968918e+09 -3.837731e+10
-6.229412e+08 -1.855366e+09
5.709306e+08 4.246576e+08
-4.132610e+07 -1.321318e+08
2.778984e+07 4.666191e+07
-2.288400e+08 -4.175178e+08
-6.816858e+05 -5.706320e-01
-2.681414e+00 -9.237138e+05
-1.184137e+14 6.086624e+13
8.034941e+14 8.680228e+15
-2.697037e+06 9.002559e+00
1.128882e+09 6.455775e+08
-9.003402e+00 1.105083e+06
-3.145596e+08 1.560184e+07
-1.202682e+07 9.261339e+06
2.714588e+06 9.070603e+00
-7.430277e+07 6.354030e+07
-2.396692e+11 2.360830e+11
-7.620573e+04 -6.185756e+06
-8.610648e+12 3.109738e+14
-7.832428e+10 3.573340e+11
1.626285e+06 -4.348912e+06
1.707418e+07 2.597560e+06
-2.906923e+07 -4.938081e+07
9.310502e+06 -6.936169e+05
4.583198e+00 1.235131e+06
-1.519082e+07 -4.397095e+06
2.058862e+06 3.764142e+06
-1.778077e+09 5.232432e+08
-7.043964e+11 -7.764774e+11
1.894961e+07 -4.865793e+06
4.896434e+11 7.390110e+10
7.835073e+06 -3.351240e+06
1.256205e+08 3.259825e+08
-7.068979e+07 -7.494114e+07
-4.412722e+05 -2.434098e+05
-3.078017e+06 6.395758e+05
1.041375e+08 -1.360721e+07
6.225768e+00 3.944537e+05
1.923884e+06 1.675063e+06
2.449815e+10 5.179279e+09
1.538997e+06 2.011864e+06
3.055296e+11 -5.710816e+10
-7.002505e+04 -1.693265e+04
-3.923881e+08 1.699042e+07
3.083513e+08 2.726626e+08
-4.404136e+14 3.969444e+14
-6.085571e+07 -1.135631e+08
-4.728817e+05 -4.492551e+05
1.518925e+07 4.429401e+06
1.884600e+09 7.806449e+09
-3.061327e+05 -1.051504e+01
-7.680672e+00 9.316978e+05
-6.822162e+12 2.205569e+12
-1.083866e+07 -6.569853e+06
-1.875476e+08 -5.297555e+07
9.977527e-02 4.090521e+06
6.226116e+09 -4.055582e+09
-5.177143e+13 -1.704786e+13
3.128698e+06 3.796824e+06
-1.548888e+06 4.303205e+06
-1.721331e+08 1.662928e+10
1.119212e+08 2.872715e+07
1.882380e+06 -3.476943e+05
1.090361e+06 -3.055988e+05
-1.557840e+07 6.855738e+06
-8.035673e+14 -8.680756e+15
-9.962362e+05 4.482533e+00
1.571012e+11 -2.736296e+10
6.600554e+10 -4.726799e+08
-6.600956e+10 4.726827e+08
3.420596e+10 1.129943e+10
-5.257715e+12 1.888313e+12
1.922575e+12 6.072640e+10
2.325247e+10 6.744245e+09
-8.141204e+06 1.569417e+07
1.474525e+10 4.820596e+09
5.931655e+06 -1.419325e+08
2.119259e+06 -4.216946e+06
-1.249825e+09 -7.569712e+07
2.401610e+05 -3.211560e+00
1.934160e+09 3.717262e+08
-3.073586e+07 -1.463196e+07
2.274639e+06 -8.918344e+06
-1.196713e+00 -4.019751e+06
-5.286758e+05 4.297977e+00
9.324520e+10 2.090645e+11
-3.075201e+07 2.481952e+07
-9.084502e+06 9.428491e+05
2.590850e+07 2.143728e+07
-4.568500e+06 1.984016e+07
-1.499534e+10 2.019320e+10
-2.410810e+08 4.109847e+07
7.213657e+05 -8.101256e+00
8.514454e+07 -8.352735e+07
8.611694e+12 -3.109833e+14
-3.456562e+08 -5.853896e+08
-3.339431e+08 6.815181e+08
-3.121438e+07 2.621507e+06
4.404538e+14 -3.969685e+14
-4.839061e+06 8.941434e+05
1.250008e+09 7.540283e+07
1.034083e+19 2.177883e+19
-1.119274e+08 -2.878266e+07
-2.800621e+07 -4.631162e+07
-2.247323e+06 8.940813e+06
-3.347862e+06 -4.134335e+05
2.970247e+05 2.323651e+06
-1.664132e+09 2.163485e+10
8.270728e+07 -1.443771e+08
1.154156e+11 1.804891e+12
1.499625e+10 -2.019260e+10
6.817628e+07 -2.546757e+08
1.868423e+08 5.349740e+07
-1.259179e+08 -3.253885e+08
4.042394e+05 -5.481352e-01
3.162327e+06 -7.152240e-01
2.936554e+05 5.925302e+06
-3.081063e+08 -2.723826e+08
4.084880e+07 1.324582e+08
-2.614769e+07 -2.154642e+07
7.832414e+10 -3.573131e+11
-1.690541e+07 -2.627266e+06
2.490408e+06 4.508798e+05
6.778853e+09 4.708932e+09
-3.716771e+00 -3.725263e+06
3.332670e+08 -6.814122e+08
3.923950e+08 -1.699386e+07
-2.352596e+06 2.393069e+06
-2.512394e+06 -1.364879e+06
-6.899545e+06 9.557146e+00
2.920775e+06 1.980698e+06
