2.429695e+05 -1.052482e+01
9.677468e+05 -1.704995e+05
1.013560e+09 1.310131e+10
2.404169e+11 2.650741e+11
-1.817044e+11 -2.484886e+11
-6.596281e+08 -1.266822e+08
1.881238e+06 -6.734644e+06
-8.480189e+05 -6.962656e+05
-2.802298e+05 -1.850653e+06
-6.169608e+05 7.746195e-01
8.964335e+04 -1.961597e+05
-4.156602e+06 1.106207e+07
5.682726e+08 -7.388286e+09
6.061611e+08 -1.783257e+08
-6.114283e+09 -1.323968e+09
6.056344e+08 2.901907e+08
-1.613080e+05 5.223816e+06
-8.160049e+05 -2.834105e+05
2.347137e+06 -9.259072e+00
-2.906961e+07 2.843658e+07
-2.646982e+05 -5.310436e+05
-4.676681e+08 1.748671e+08
1.758243e+08 5.692955e+09
-8.356540e+09 -1.766936e+09
-6.411982e+06 1.254951e+07
-1.670405e+06 1.653442e+05
9.081559e+04 -1.712090e+04
1.060760e+07 -8.292699e+06
-2.668357e+12 -7.247456e+11
1.052770e+01 -4.329750e+05
5.225715e+06 -2.359752e+06
-1.598272e+07 3.127912e+06
-3.936311e+09 -1.183371e+09
-3.852086e+08 -2.202418e+08
-4.916628e+06 -6.998927e+05
1.107777e+10 -6.952856e+09
3.834600e+13 7.307846e+13
9.443364e+04 1.740555e+05
6.117058e+09 1.324651e+09
2.058418e+07 1.657188e+07
1.174115e+10 -1.317582e+09
2.584463e+05 5.301144e+05
-1.020474e+01 -2.500962e+05
-2.312204e+09 -1.606434e+09
1.757400e+06 1.274727e+07
2.585307e+05 -2.453273e+05
-3.380714e+11 4.710363e+11
1.619589e+05 -1.234450e+05
1.598321e+07 -3.140683e+06
-2.464527e+08 -2.447727e+08
8.220112e+07 -1.418199e+07
3.711237e+06 2.221609e+06
6.127625e+00 -1.897455e+05
1.883796e+06 -2.117876e+05
4.159847e+12 1.513941e+12
4.674271e+08 -1.749987e+08
-5.363443e+10 9.342177e+09
6.817767e+07 1.729446e+07
4.902533e+05 1.274784e+06
-5.507830e+06 -1.658248e+07
-2.327145e+12 -3.126511e+12
-1.042868e+11 1.949546e+10
7.897008e+06 -1.582190e+07
2.403958e+07 2.669031e+07
-4.755246e+14 6.795433e+14
-4.387239e+07 1.435891e+07
2.629244e+06 -5.346290e+06
-1.672328e+11 -2.523795e+10
-1.085564e+09 -9.279381e+08
8.450553e+08 -1.186588e+08
6.145988e+05 4.803960e+00
-1.617486e+09 -1.800040e+09
2.667407e+12 7.246166e+11
2.305976e+08 5.741092e+07
1.375464e+04 8.431718e+00
-1.168052e+10 -3.859341e+09
-3.921488e+10 -6.133236e+11
-3.933967e+08 -7.659628e+08
-4.360628e+05 4.507848e+05
-5.595138e+07 -1.763955e+07
-6.495056e+08 -2.661320e+09
2.327353e+12 3.126233e+12
-6.438637e+08 4.193386e+08
6.422264e+06 -1.255670e+07
-8.501986e+07 6.208358e+07
-3.296977e+07 -1.642419e+06
-5.625003e+00 -2.119708e+06
1.816885e+11 2.484664e+11
-2.561680e+05 -3.095257e+00
-2.036406e+04 -5.467138e+00
-7.898957e+06 1.578096e+07
1.617051e+09 1.799720e+09
-3.012254e+08 -2.002801e+08
5.226243e+16 -8.509737e+16
3.936722e+09 1.183699e+09
8.851523e+00 -4.234221e+05
1.177074e+08 1.997907e+08
3.136093e+05 -4.111385e+05
-1.146149e+04 -2.977278e+05
-2.122119e+09 1.382734e+09
-1.756624e+08 -5.698023e+09
1.755937e+11 -1.692598e+11
-1.951203e+08 -1.450296e+08
-8.566579e+10 1.294418e+11
9.112834e+03 2.671909e+05
2.872489e+06 1.761330e+07
8.568107e+10 -1.294418e+11
1.090985e+05 -2.891574e+00
4.032939e+13 -2.073048e+13
-1.108087e+10 6.954027e+09
2.951206e+10 1.661733e+11
5.585656e+06 -6.003604e+00
-4.562216e+07 4.379092e+07
-8.450493e+08 1.187301e+08
1.792938e+12 -6.440315e+11
-2.304646e+08 -5.753335e+07
-3.752344e+05 1.122008e+05
4.758211e+14 -6.798458e+14
2.505018e+05 4.753621e+05
-7.937367e+09 -2.302531e+09
-5.228104e+16 8.511253e+16
-6.255653e+07 3.854210e+07
2.328203e+12 -7.524278e+11
6.439032e+08 -4.193790e+08
-2.324248e+07 8.689448e+07
8.177473e+10 -8.062228e+10
2.072078e+07 3.881459e+07
3.168262e+09 4.867739e+09
-8.227997e+05 1.421493e+06
7.345243e+07 -7.906474e+07
-4.208710e+05 -2.013606e+06
4.253310e+05 2.009992e+06
-9.761441e-01 -2.084104e+06
-2.499563e+10 5.010187e+10
-1.250426e+07 3.807169e+06
-2.050072e+07 -1.629229e+07
-2.843437e+06 -4.640542e+06
-8.896827e+00 1.872999e+06
3.987148e+08 7.673398e+08
-1.052244e+07 2.835011e+07
3.083298e+14 -1.459878e+15
1.770559e+06 -8.998239e+05
-4.970947e+05 -2.017085e+06
6.236614e+07 -3.851707e+07
-1.610613e+05 -5.172461e+05
-6.593624e+15 -2.452821e+16
-1.050654e+05 -2.652147e+00
1.055850e+07 -8.504035e+05
-1.591990e+08 -1.530116e+07
-8.096281e+05 -1.306851e+05
-7.346890e+07 7.908535e+07
-6.987381e+05 -7.994168e+05
-1.540810e+07 1.727414e+07
-4.458536e+10 -8.671484e+09
-1.083684e+10 3.970870e+10
9.604260e+00 1.109286e+05
-6.561525e+11 -2.072764e+10
1.976407e+07 -7.334404e+06
7.570720e+12 -1.311455e+13
8.740844e+00 -4.939921e+06
7.241598e+05 -8.978049e+05
-3.121477e+04 -2.635585e+05
6.064426e+07 -1.396884e+07
4.715295e+04 2.642033e+05
1.590918e+05 5.124061e+05
-1.173904e+10 1.317478e+09
-9.538202e+05 -2.696558e+04
-2.949879e+10 -1.660988e+11
1.965661e+09 3.958392e+09
-3.183766e+10 -7.138309e+10
-1.062552e+15 4.370396e+13
4.827193e+05 2.087033e+06
1.540387e+07 -1.727688e+07
1.712512e+05 1.890610e+06
1.083779e+10 -3.970870e+10
-3.832987e+07 -3.621931e+07
1.761298e+13 5.800830e+12
5.606837e+07 1.764529e+07
4.626639e+08 -8.046630e+07
1.052817e+07 -2.835057e+07
1.592386e+08 1.534551e+07
3.844890e+07 -3.252519e+07
2.464012e+08 2.447612e+08
-2.812264e+07 4.909912e+07
7.802676e+07 1.423795e+08
-8.842544e+05 -4.076362e+05
5.559063e+06 7.983406e+05
-7.570044e+12 1.311455e+13
-5.554367e+06 -7.741164e+05
-8.630087e+05 -1.400952e+06
1.062363e+15 -4.369619e+13
-5.303233e+06 1.225502e+05
2.760414e+10 -6.147268e+09
-1.755620e+11 1.692619e+11
-2.739314e+06 9.977452e+06
-2.761176e+10 6.147855e+09
3.832849e+07 3.622560e+07
3.089193e+06 4.763381e+06
-7.200685e+04 -2.043861e+06
-1.066896e+01 3.748923e+05
3.005705e+05 -3.865402e+05
5.557488e+07 1.879092e+07
4.458145e+10 8.670584e+09
-4.378778e+05 6.844971e+05
3.013642e+08 2.003166e+08
3.379502e+11 -4.709517e+11
-6.057726e+07 1.407967e+07
3.293532e+07 1.505617e+06
-1.965651e+09 -3.958042e+09
1.383591e+20 -1.143014e+20
2.124460e+04 5.620346e+05
-6.567855e+00 3.142445e+05
2.902485e+06 -1.035665e+07
8.413674e+12 -5.853946e+12
-9.769545e+00 1.241198e+05
8.499345e+07 -6.205212e+07
-3.802939e+05 -3.742785e+04
1.754012e+06 -1.164678e+05
1.258275e+07 -3.707510e+06
-3.843850e+07 2.161008e+07
1.156364e+06 9.800233e+04
-3.834941e+13 -7.307846e+13
-4.625024e+08 8.074153e+07
3.469271e+06 -1.328980e+07
1.085863e+09 9.284674e+08
-7.501174e+06 2.255018e+05
3.808320e+06 -1.061125e+07
-1.153333e+07 1.330723e+07
-3.084952e+14 1.460662e+15
1.039981e+07 4.975306e+06
2.126483e+08 6.333621e+08
2.501154e+10 -5.013385e+10
-8.418926e+12 5.856034e+12
-5.032503e+09 -1.645836e+09
3.589617e+09 8.949519e+07
-3.589297e+09 -8.948364e+07
1.158403e+07 -1.324221e+07
-5.458641e+06 1.972093e+07
6.596593e+15 2.453484e+16
-5.188852e+05 -1.310087e+06
-9.429805e+00 -4.393034e+05
-2.010783e+06 4.820588e+07
1.064149e+08 -6.276268e+06
2.939362e+05 -1.805887e+05
-2.944720e+05 1.819704e+05
-6.060043e+08 -2.903826e+08
7.493327e+06 -3.975786e+05
1.068557e+01 2.816472e+06
-3.527887e+18 -7.428757e+18
4.135060e+06 -3.160958e+06
8.792880e+04 8.687507e+00
-7.037103e+05 -1.287618e+06
-1.966518e+07 7.348072e+06
8.655537e+05 4.191968e+05
2.259080e+05 -1.889442e+00
-6.813125e+07 -1.728326e+07
-2.704167e+05 -9.671942e+05
5.460549e+06 -1.972495e+07
-2.682411e+06 1.129647e+06
2.633383e+05 7.606163e+05
-3.167966e+09 -4.867288e+09
-1.383714e+20 1.143218e+20
1.718950e+04 -8.087374e+00
-3.467041e+06 1.329321e+07
-4.160217e+12 -1.514211e+12
5.880385e+07 -5.678030e+09
-4.730364e+00 -4.379656e+05
-1.092746e+06 -1.265148e+07
-1.014010e+09 -1.310823e+10
-2.126169e+08 -6.332945e+08
1.948766e+08 1.449534e+08
-1.408193e+07 -4.502798e+07
9.486468e+06 1.592679e+07
-7.812646e+07 -1.425373e+08
-2.326152e+05 1.495468e+00
8.697392e+00 -3.150631e+05
-4.032218e+13 2.072492e+13
2.744508e+14 2.965004e+15
-9.198729e+05 2.509370e+00
3.851068e+08 2.202452e+08
3.996474e+00 3.768743e+05
-1.068573e+08 5.300182e+06
-4.097818e+06 3.158024e+06
9.257815e+05 -7.205079e+00
-2.532900e+07 2.165956e+07
-8.183043e+10 8.061072e+10
-2.598215e+04 -2.111933e+06
-2.937442e+12 1.060888e+14
-2.673064e+10 1.219587e+11
5.551230e+05 -1.484329e+06
5.828107e+06 8.865977e+05
-9.909650e+06 -1.683335e+07
3.174783e+06 -2.363999e+05
-7.329051e+00 4.215305e+05
-5.184748e+06 -1.500759e+06
7.022049e+05 1.283763e+06
-6.065572e+08 1.784681e+08
-2.405240e+11 -2.651213e+11
6.467755e+06 -1.660693e+06
1.672625e+11 2.524466e+10
2.674100e+06 -1.143873e+06
4.287567e+07 1.112581e+08
-2.376474e+07 -2.519553e+07
-1.504753e+05 -8.306201e+04
-1.050916e+06 2.184570e+05
3.550582e+07 -4.639557e+06
2.384476e+00 1.347132e+05
6.566710e+05 5.717487e+05
8.368381e+09 1.769099e+09
5.254552e+05 6.871005e+05
1.043054e+11 -1.949687e+10
-2.387942e+04 -5.805217e+03
-1.339780e+08 5.800792e+06
1.052905e+08 9.310960e+07
-1.503449e+14 1.355016e+14
-2.077384e+07 -3.876731e+07
-1.614955e+05 -1.534101e+05
5.184587e+06 1.511966e+06
6.432941e+08 2.664835e+09
-1.045233e+05 -6.769571e+00
-7.417940e+00 3.182255e+05
-2.328618e+12 7.528301e+11
-3.698694e+06 -2.242027e+06
-6.399889e+07 -1.807683e+07
-9.307286e+00 1.395984e+06
2.123172e+09 -1.383039e+09
-1.762244e+13 -5.802907e+12
1.067717e+06 1.295832e+06
-5.286220e+05 1.468528e+06
-5.877494e+07 5.678081e+09
3.823466e+07 9.814714e+06
6.415611e+05 -1.183309e+05
3.724620e+05 -1.044634e+05
-5.318408e+06 2.340664e+06
-2.745241e+14 -2.965795e+15
-3.400154e+05 -9.639988e+00
5.366294e+10 -9.346149e+09
2.251987e+10 -1.612742e+08
-2.252188e+10 1.612801e+08
1.168140e+10 3.858778e+09
-1.793097e+12 6.440316e+11
6.566202e+11 2.074062e+10
7.940298e+09 2.303313e+09
-2.779529e+06 5.358358e+06
5.033026e+09 1.645428e+09
2.017350e+06 -4.826816e+07
7.202747e+05 -1.433348e+06
-4.267566e+08 -2.584626e+07
8.206301e+04 -7.799753e+00
6.595307e+08 1.267515e+08
-1.049046e+07 -4.994203e+06
7.771678e+05 -3.047147e+06
6.743642e+00 -1.372127e+06
-1.803461e+05 -5.314421e+00
3.184335e+10 7.139580e+10
-1.048835e+07 8.464999e+06
-3.098182e+06 3.215635e+05
8.821589e+06 7.299631e+06
-1.559222e+06 6.770702e+06
-5.116876e+09 6.890341e+09
-8.209743e+07 1.399645e+07
2.453970e+05 -7.200165e+00
2.905566e+07 -2.850546e+07
2.938227e+12 -1.060888e+14
-1.179036e+08 -1.996768e+08
-1.128659e+08 2.303668e+08
-1.064573e+07 8.939829e+05
1.503583e+14 -1.355137e+14
-1.649970e+06 3.048486e+05
4.268051e+08 2.574651e+07
3.528830e+18 7.432069e+18
-3.825048e+07 -9.835999e+06
-9.559378e+06 -1.580855e+07
-7.679578e+05 3.055115e+06
-1.143214e+06 -1.412346e+05
1.015347e+05 7.940809e+05
-5.686400e+08 7.391601e+09
2.814017e+07 -4.911973e+07
3.926420e+10 6.140384e+11
5.118701e+09 -6.892189e+09
2.327019e+07 -8.692661e+07
6.377351e+07 1.825991e+07
-4.298612e+07 -1.110704e+08
1.379197e+05 6.267660e+00
1.080047e+06 2.120277e+00
1.003697e+05 2.023283e+06
-1.051975e+08 -9.300032e+07
1.392059e+07 4.513929e+07
-8.904460e+06 -7.337551e+06
2.673298e+10 -1.219590e+11
-5.771711e+06 -8.970635e+05
8.486855e+05 1.537505e+05
2.312210e+09 1.606226e+09
-3.819199e+00 -1.252352e+06
1.126307e+08 -2.303310e+08
1.339566e+08 -5.801463e+06
-7.984179e+05 8.120797e+05
-8.574803e+05 -4.658102e+05
-2.355286e+06 -1.243272e+00
9.966125e+05 6.758223e+05
