2.154963e+06 6.441601e+00
8.557370e+06 -1.506867e+06
8.957054e+09 1.157626e+11
2.125460e+12 2.343172e+12
-1.605158e+12 -2.195171e+12
-5.840939e+09 -1.122092e+09
1.664492e+07 -5.960184e+07
-7.505026e+06 -6.161093e+06
-2.477535e+06 -1.635989e+07
-5.462399e+06 -5.034951e+00
7.908974e+05 -1.731785e+06
-3.672514e+07 9.775722e+07
5.021166e+09 -6.527854e+10
5.367124e+09 -1.579056e+09
-5.407435e+10 -1.171071e+10
5.373245e+09 2.574551e+09
-1.433477e+06 4.642385e+07
-7.210398e+06 -2.504614e+06
2.076023e+07 1.824918e+00
-2.572693e+08 2.516438e+08
-2.340713e+06 -4.694873e+06
-4.134040e+09 1.546047e+09
1.555168e+09 5.037161e+10
-7.391367e+10 -1.562641e+10
-5.671161e+07 1.109516e+08
-1.476062e+07 1.461447e+06
8.041682e+05 -1.514315e+05
9.402067e+07 -7.341503e+07
-2.356506e+13 -6.400899e+12
-2.369580e+00 -3.830636e+06
4.618953e+07 -2.085957e+07
-1.411949e+08 2.763259e+07
-3.480589e+10 -1.046247e+10
-3.408423e+09 -1.948640e+09
-4.348360e+07 -6.190724e+06
9.804429e+10 -6.153293e+10
3.390099e+14 6.460797e+14
8.290467e+05 1.545427e+06
5.408623e+10 1.171308e+10
1.821731e+08 1.466645e+08
1.038200e+11 -1.165151e+10
2.285618e+06 4.687338e+06
-8.255712e+00 -2.206779e+06
-2.046789e+10 -1.421949e+10
1.553636e+07 1.126735e+08
2.290033e+06 -2.172690e+06
-3.010733e+12 4.195033e+12
1.434873e+06 -1.093867e+06
1.412619e+08 -2.775535e+07
-2.181018e+09 -2.166585e+09
7.292408e+08 -1.258165e+08
3.283908e+07 1.965934e+07
-5.559332e+00 -1.677097e+06
1.668764e+07 -1.876234e+06
3.679511e+13 1.339312e+13
4.132374e+09 -1.547077e+09
-4.741131e+11 8.257386e+10
6.030092e+08 1.529573e+08
4.341526e+06 1.128830e+07
-4.867455e+07 -1.465440e+08
-2.058802e+13 -2.765756e+13
-9.220981e+11 1.723781e+11
6.973722e+07 -1.397310e+08
2.170200e+08 2.409841e+08
-4.201971e+15 6.004740e+15
-3.877834e+08 1.269260e+08
2.325576e+07 -4.728517e+07
-1.477399e+12 -2.229862e+11
-9.659989e+09 -8.258166e+09
7.464053e+09 -1.048172e+09
5.441615e+06 4.000982e+00
-1.428468e+10 -1.589688e+10
2.356744e+13 6.400640e+12
2.067885e+09 5.147963e+08
1.211852e+05 6.878057e+00
-1.032287e+11 -3.410836e+10
-3.484261e+11 -5.450412e+12
-3.478984e+09 -6.774438e+09
-3.854645e+06 3.984890e+06
-5.023446e+08 -1.583491e+08
-5.744374e+09 -2.353878e+10
2.058844e+13 2.765756e+13
-5.691094e+09 3.706709e+09
5.679003e+07 -1.110354e+08
-7.527136e+08 5.496061e+08
-2.920819e+08 -1.454763e+07
-5.944033e+00 -1.874248e+07
1.605290e+12 2.195147e+12
-2.266530e+06 3.558492e+00
-1.804657e+05 -2.862484e+00
-6.977767e+07 1.394050e+08
1.428407e+10 1.589752e+10
-2.666581e+09 -1.772652e+09
4.617965e+17 -7.519372e+17
3.481589e+10 1.046714e+10
8.916062e+00 -3.746813e+06
1.042399e+09 1.769229e+09
2.771715e+06 -3.634360e+06
-1.019063e+05 -2.635099e+06
-1.880014e+10 1.224654e+10
-1.553307e+09 -5.038270e+10
1.551917e+12 -1.496055e+12
-1.725823e+09 -1.282635e+09
-7.581713e+11 1.145559e+12
8.047392e+04 2.362741e+06
2.538805e+07 1.556627e+08
7.582553e+11 -1.145479e+12
9.641604e+05 6.312765e+00
3.577147e+14 -1.838850e+14
-9.804454e+10 6.153046e+10
2.621024e+11 1.475787e+12
4.932977e+07 2.864586e+00
-4.030304e+08 3.868456e+08
-7.464527e+09 1.048544e+09
1.587521e+13 -5.701653e+12
-2.067378e+09 -5.158218e+08
-3.321716e+06 9.935348e+05
4.203665e+15 -6.005829e+15
2.228747e+06 4.229847e+06
-7.017150e+10 -2.035365e+10
-4.618291e+17 7.519447e+17
-7.111465e+08 4.381103e+08
2.059034e+13 -6.653802e+12
5.690993e+09 -3.706624e+09
-2.056221e+08 7.687489e+08
7.227415e+11 -7.125559e+11
1.832650e+08 3.432574e+08
2.803938e+10 4.307860e+10
-7.323833e+06 1.265370e+07
6.496888e+08 -6.993856e+08
-3.718198e+06 -1.778623e+07
3.756390e+06 1.775212e+07
-5.302146e+00 -1.846695e+07
-2.258872e+11 4.527831e+11
-1.107423e+08 3.371221e+07
-1.814676e+08 -1.442141e+08
-2.515903e+07 -4.106108e+07
9.474507e+00 1.659249e+07
3.526083e+09 6.785039e+09
-9.304976e+07 2.507186e+08
2.735052e+15 -1.295043e+16
1.565170e+07 -7.956243e+06
-4.403289e+06 -1.786597e+07
7.090427e+08 -4.378972e+08
-1.423738e+06 -4.571061e+06
-5.886460e+16 -2.189825e+17
-9.299274e+05 7.297492e+00
9.351216e+07 -7.534367e+06
-1.408326e+09 -1.353696e+08
-7.181675e+06 -1.159613e+06
-6.497385e+08 6.993727e+08
-6.177773e+06 -7.066724e+06
-1.361811e+08 1.526597e+08
-3.940041e+11 -7.663439e+10
-9.579538e+10 3.509812e+11
1.276735e+00 9.803924e+05
-5.800280e+12 -1.832310e+11
1.750543e+08 -6.495938e+07
6.705591e+13 -1.161532e+14
-2.013632e+00 -4.389111e+07
6.456896e+06 -8.003931e+06
-2.747372e+05 -2.328487e+06
5.395354e+08 -1.243014e+08
4.165543e+05 2.335161e+06
1.404255e+06 4.524553e+06
-1.037854e+11 1.164917e+10
-8.430503e+06 -2.380179e+05
-2.620648e+11 -1.475638e+12
1.738956e+10 3.501649e+10
-2.813484e+11 -6.308229e+11
-9.389566e+15 3.861567e+14
4.273840e+06 1.847842e+07
1.361318e+08 -1.526602e+08
1.513256e+06 1.670721e+07
9.578658e+10 -3.509670e+11
-3.393532e+08 -3.207024e+08
1.563897e+14 5.150391e+13
5.033289e+08 1.584091e+08
4.106356e+09 -7.142548e+08
9.309550e+07 -2.507034e+08
1.408259e+09 1.357173e+08
3.406876e+08 -2.882252e+08
2.180848e+09 2.166267e+09
-2.499086e+08 4.363149e+08
6.901433e+08 1.259338e+09
-7.831146e+06 -3.610567e+06
4.912130e+07 7.053917e+06
-6.705862e+13 1.161638e+14
-4.907944e+07 -6.839795e+06
-7.635701e+06 -1.239144e+07
9.390229e+15 -3.862230e+14
-4.685146e+07 1.083095e+06
2.440358e+11 -5.433719e+10
-1.551944e+12 1.496194e+12
-2.421841e+07 8.821246e+07
-2.440871e+11 5.434465e+10
3.393615e+08 3.207238e+08
2.733151e+07 4.214354e+07
-6.365109e+05 -1.807398e+07
-8.844248e+00 3.315953e+06
2.657337e+06 -3.418233e+06
4.912104e+08 1.660855e+08
3.939967e+11 7.662477e+10
-3.871649e+06 6.053751e+06
2.667324e+09 1.773131e+09
3.010340e+12 -4.194694e+12
-5.389921e+08 1.252700e+08
2.917675e+08 1.334241e+07
-1.738878e+10 -3.501863e+10
1.223933e+21 -1.011098e+21
1.869156e+05 4.975310e+06
4.685292e+00 2.780233e+06
2.565335e+07 -9.154790e+07
7.445070e+13 -5.179876e+13
-2.312994e+00 1.096615e+06
7.525866e+08 -5.493785e+08
-3.366803e+06 -3.314315e+05
1.550460e+07 -1.029245e+06
1.114457e+08 -3.283641e+07
-3.406635e+08 1.914682e+08
1.022296e+07 8.663154e+05
-3.390236e+14 -6.461057e+14
-4.104272e+09 7.164972e+08
3.069496e+07 -1.175868e+08
9.660831e+09 8.260253e+09
-6.636165e+07 1.994802e+06
3.364055e+07 -9.374618e+07
-1.022595e+08 1.179982e+08
-2.735107e+15 1.294991e+16
9.195048e+07 4.398933e+07
1.880002e+09 5.599653e+09
2.258661e+11 -4.527462e+11
-7.445295e+13 5.179615e+13
-4.450640e+10 -1.455371e+10
3.175120e+10 7.916653e+08
-3.174928e+10 -7.916014e+08
1.027375e+08 -1.174194e+08
-4.823648e+07 1.742542e+08
5.886579e+16 2.189626e+17
-4.594517e+06 -1.160013e+07
8.799092e+00 -3.892394e+06
-1.787084e+07 4.285392e+08
9.469258e+08 -5.585283e+07
2.599082e+06 -1.596877e+06
-2.603790e+06 1.608350e+06
-5.374896e+09 -2.575342e+09
6.631660e+07 -3.518405e+06
-4.182801e+00 2.490172e+07
-3.121846e+19 -6.574324e+19
3.661205e+07 -2.798741e+07
7.777495e+05 -2.490954e+00
-6.230521e+06 -1.140130e+07
-1.740930e+08 6.504827e+07
7.661298e+06 3.710434e+06
1.997116e+06 4.910334e+00
-6.025214e+08 -1.528419e+08
-2.389827e+06 -8.547051e+06
4.826483e+07 -1.743418e+08
-2.372957e+07 9.992507e+06
2.325836e+06 6.721993e+06
-2.804464e+10 -4.308713e+10
-1.224143e+21 1.011301e+21
1.523430e+05 -9.068068e+00
-3.068218e+07 1.176587e+08
-3.679733e+13 -1.339325e+13
5.197477e+08 -5.018972e+10
-1.100920e+01 -3.872566e+06
-9.656798e+06 -1.118094e+08
-8.960731e+09 -1.158320e+11
-1.880550e+09 -5.601080e+09
1.723539e+09 1.281967e+09
-1.248300e+08 -3.991222e+08
8.390414e+07 1.408801e+08
-6.908137e+08 -1.260426e+09
-2.058191e+06 -4.275625e+00
5.196533e-01 -2.789343e+06
-3.577832e+14 1.839165e+14
2.425187e+15 2.619847e+16
-8.144360e+06 4.048885e-01
3.408243e+09 1.949063e+09
-1.114650e+01 3.336708e+06
-9.511100e+08 4.717466e+07
-3.632819e+07 2.796732e+07
8.197332e+06 9.509392e+00
-2.243893e+08 1.919069e+08
-7.234451e+11 7.125985e+11
-2.301450e+05 -1.867165e+07
-2.599905e+13 9.389184e+14
-2.364593e+11 1.078762e+12
4.909144e+06 -1.312852e+07
5.154231e+07 7.841300e+06
-8.779322e+07 -1.491371e+08
2.811615e+07 -2.094923e+06
-5.372215e+00 3.729160e+06
-4.586221e+07 -1.327608e+07
6.218076e+06 1.136759e+07
-5.368902e+09 1.579885e+09
-2.126103e+12 -2.343762e+12
5.720883e+07 -1.468799e+07
1.477651e+12 2.230263e+11
2.365324e+07 -1.011691e+07
3.792220e+08 9.841229e+08
-2.145104e+08 -2.273903e+08
-1.332152e+06 -7.343167e+05
-9.290423e+06 1.929996e+06
3.144812e+08 -4.109258e+07
4.679731e+00 1.190470e+06
5.807695e+06 5.056519e+06
7.393833e+10 1.563200e+10
4.645340e+06 6.071742e+06
9.223122e+11 -1.723978e+11
-2.114382e+05 -5.088841e+04
-1.184515e+09 5.129102e+07
9.308113e+08 8.230618e+08
-1.329531e+15 1.198305e+15
-1.837146e+08 -3.428304e+08
-1.427650e+06 -1.356279e+06
4.585710e+07 1.337283e+07
5.689567e+09 2.356870e+10
-9.244539e+05 1.236068e+00
7.709542e+00 2.812076e+06
-2.059574e+13 6.658629e+12
-3.272458e+07 -1.983646e+07
-5.662424e+08 -1.599368e+08
9.579775e+00 1.234936e+07
1.880224e+10 -1.224794e+10
-1.564606e+14 -5.152105e+13
9.446126e+06 1.146261e+07
-4.676243e+06 1.299069e+07
-5.195138e+08 5.018966e+10
3.377539e+08 8.669464e+07
5.685589e+06 -1.051099e+06
3.291199e+06 -9.228177e+05
-4.702567e+07 2.069597e+07
-2.425211e+15 -2.619742e+16
-3.008047e+06 -7.831961e+00
4.741405e+11 -8.258635e+10
1.992795e+11 -1.427169e+09
-1.993077e+11 1.427250e+09
1.032533e+11 3.410717e+10
-1.587665e+13 5.702285e+12
5.802736e+12 1.832888e+11
7.018655e+10 2.035721e+10
-2.457644e+07 4.737804e+07
4.451647e+10 1.455343e+10
1.793017e+07 -4.290328e+08
6.407384e+06 -1.275080e+07
-3.772850e+09 -2.284812e+08
7.244331e+05 2.904006e-01
5.840498e+09 1.122531e+09
-9.278233e+07 -4.417002e+07
6.864637e+06 -2.691236e+07
4.806199e+00 -1.213437e+07
-1.596287e+06 9.280961e+00
2.814422e+11 6.310453e+11
-9.286857e+07 7.495301e+07
-2.743380e+07 2.847110e+06
7.828259e+07 6.477054e+07
-1.379350e+07 5.990047e+07
-4.527425e+10 6.096653e+10
-7.283735e+08 1.241609e+08
2.179632e+06 -1.075244e+01
2.570411e+08 -2.521590e+08
2.600009e+13 -9.389089e+14
-1.043645e+09 -1.767476e+09
-1.011444e+09 2.064218e+09
-9.424785e+07 7.916033e+06
1.329545e+15 -1.198281e+15
-1.461245e+07 2.700175e+06
3.773171e+09 2.276094e+08
3.122066e+19 6.575583e+19
-3.377829e+08 -8.686334e+07
-8.454765e+07 -1.398079e+08
-6.782163e+06 2.698252e+07
-1.010580e+07 -1.248554e+06
8.967881e+05 7.013540e+06
-5.022700e+09 6.529390e+10
2.499816e+08 -4.363467e+08
3.488524e+11 5.455141e+12
4.527517e+10 -6.096166e+10
2.058183e+08 -7.688450e+08
5.640843e+08 1.614975e+08
-3.801163e+08 -9.822749e+08
1.220748e+06 -4.815823e+00
9.543796e+06 9.254667e+00
8.865450e+05 1.788612e+07
-9.300528e+08 -8.222255e+08
1.233868e+08 4.001003e+08
-7.900050e+07 -6.509938e+07
2.364446e+11 -1.078710e+12
-5.103393e+07 -7.931662e+06
7.523681e+06 1.362663e+06
2.047021e+10 1.421835e+10
-1.087083e+01 -1.130552e+07
1.009490e+09 -2.063981e+09
1.184512e+09 -5.129750e+07
-7.116420e+06 7.238539e+06
-7.584577e+06 -4.120613e+06
-2.082667e+07 8.808824e+00
8.817444e+06 5.978624e+06
