2.160321e+06 -4.519200e+00
8.578590e+06 -1.510604e+06
8.979257e+09 1.160497e+11
2.130728e+12 2.348979e+12
-1.609137e+12 -2.200611e+12
-5.855420e+09 -1.124874e+09
1.668617e+07 -5.974973e+07
-7.523640e+06 -6.176372e+06
-2.483677e+06 -1.640044e+07
-5.475941e+06 -5.782021e+00
7.928568e+05 -1.736079e+06
-3.681615e+07 9.799947e+07
5.033611e+09 -6.544032e+10
5.380430e+09 -1.582971e+09
-5.420840e+10 -1.173974e+10
5.386571e+09 2.580935e+09
-1.437033e+06 4.653900e+07
-7.228267e+06 -2.510820e+06
2.081169e+07 -1.111991e+01
-2.579069e+08 2.522675e+08
-2.346517e+06 -4.706510e+06
-4.144286e+09 1.549879e+09
1.559023e+09 5.049648e+10
-7.409689e+10 -1.566514e+10
-5.685221e+07 1.112267e+08
-1.479721e+07 1.465068e+06
8.061605e+05 -1.518068e+05
9.425378e+07 -7.359701e+07
-2.362347e+13 -6.416762e+12
5.517133e+00 -3.840129e+06
4.630407e+07 -2.091129e+07
-1.415449e+08 2.770108e+07
-3.489218e+10 -1.048841e+10
-3.416871e+09 -1.953470e+09
-4.359137e+07 -6.206065e+06
9.828731e+10 -6.168544e+10
3.398502e+14 6.476811e+14
8.310967e+05 1.549257e+06
5.422029e+10 1.174212e+10
1.826247e+08 1.470281e+08
1.040773e+11 -1.168039e+10
2.291279e+06 4.698950e+06
3.190696e+00 -2.212247e+06
-2.051862e+10 -1.425474e+10
1.557487e+07 1.129527e+08
2.295708e+06 -2.178074e+06
-3.018201e+12 4.205440e+12
1.438428e+06 -1.096577e+06
1.416121e+08 -2.782415e+07
-2.186425e+09 -2.171955e+09
7.310491e+08 -1.261285e+08
3.292047e+07 1.970806e+07
1.075428e+01 -1.681250e+06
1.672900e+07 -1.880883e+06
3.688630e+13 1.342631e+13
4.142615e+09 -1.550910e+09
-4.752880e+11 8.277851e+10
6.045037e+08 1.533364e+08
4.352286e+06 1.131629e+07
-4.879518e+07 -1.469071e+08
-2.063907e+13 -2.772612e+13
-9.243838e+11 1.728053e+11
6.991004e+07 -1.400773e+08
2.175594e+08 2.415830e+08
-4.212389e+15 6.019625e+15
-3.887445e+08 1.272406e+08
2.331340e+07 -4.740235e+07
-1.481060e+12 -2.235387e+11
-9.683955e+09 -8.278654e+09
7.482552e+09 -1.050770e+09
5.455102e+06 -2.411147e+00
-1.432008e+10 -1.593628e+10
2.362584e+13 6.416504e+12
2.073019e+09 5.160745e+08
1.214841e+05 9.600298e+00
-1.034846e+11 -3.419289e+10
-3.492911e+11 -5.463938e+12
-3.487612e+09 -6.791236e+09
-3.864202e+06 3.994770e+06
-5.035927e+08 -1.587425e+08
-5.758621e+09 -2.359715e+10
2.063948e+13 2.772612e+13
-5.705201e+09 3.715897e+09
5.693079e+07 -1.113106e+08
-7.545798e+08 5.509688e+08
-2.928061e+08 -1.458370e+07
2.672632e+00 -1.878894e+07
1.609269e+12 2.200588e+12
-2.272149e+06 1.018021e+01
-1.809127e+05 -5.403350e+00
-6.995062e+07 1.397505e+08
1.431947e+10 1.593692e+10
-2.673191e+09 -1.777047e+09
4.629410e+17 -7.538008e+17
3.490219e+10 1.049308e+10
-9.941840e+00 -3.756101e+06
1.044984e+09 1.773615e+09
2.778584e+06 -3.643366e+06
-1.021584e+05 -2.641630e+06
-1.884674e+10 1.227690e+10
-1.557157e+09 -5.050758e+10
1.555763e+12 -1.499763e+12
-1.730101e+09 -1.285814e+09
-7.600509e+11 1.148399e+12
8.067141e+04 2.368596e+06
2.545097e+07 1.560485e+08
7.601349e+11 -1.148318e+12
9.665475e+05 5.475881e+00
3.586016e+14 -1.843409e+14
-9.828755e+10 6.168296e+10
2.627524e+11 1.479447e+12
4.945201e+07 -1.351194e-01
-4.040294e+08 3.878044e+08
-7.483025e+09 1.051142e+09
1.591456e+13 -5.715787e+12
-2.072512e+09 -5.171025e+08
-3.329950e+06 9.959958e+05
4.214082e+15 -6.020714e+15
2.234273e+06 4.240338e+06
-7.034542e+10 -2.040410e+10
-4.629736e+17 7.538083e+17
-7.129590e+08 4.392269e+08
2.064138e+13 -6.670302e+12
5.705100e+09 -3.715811e+09
-2.061319e+08 7.706546e+08
7.245328e+11 -7.143220e+11
1.837192e+08 3.441083e+08
2.810889e+10 4.318540e+10
-7.342003e+06 1.268509e+07
6.512991e+08 -7.011191e+08
-3.727410e+06 -1.783031e+07
3.765696e+06 1.779611e+07
1.321651e+00 -1.851273e+07
-2.264486e+11 4.539084e+11
-1.110168e+08 3.379578e+07
-1.819174e+08 -1.445716e+08
-2.522139e+07 -4.116286e+07
-9.651011e+00 1.663361e+07
3.534823e+09 6.801858e+09
-9.328038e+07 2.513399e+08
2.741833e+15 -1.298254e+16
1.569049e+07 -7.975958e+06
-4.414202e+06 -1.791026e+07
7.108497e+08 -4.390132e+08
-1.427264e+06 -4.582387e+06
-5.901068e+16 -2.195258e+17
-9.322272e+05 7.325293e+00
9.374395e+07 -7.553038e+06
-1.411818e+09 -1.357051e+08
-7.199478e+06 -1.162484e+06
-6.513489e+08 7.011062e+08
-6.193081e+06 -7.084235e+06
-1.365186e+08 1.530381e+08
-3.949806e+11 -7.682431e+10
-9.603279e+10 3.518511e+11
-3.361629e+00 9.828182e+05
-5.814659e+12 -1.836852e+11
1.754883e+08 -6.512041e+07
6.722215e+13 -1.164412e+14
5.791098e+00 -4.399996e+07
6.472918e+06 -8.023791e+06
-2.754156e+05 -2.334255e+06
5.408737e+08 -1.246098e+08
4.175840e+05 2.340946e+06
1.407737e+06 4.535769e+06
-1.040427e+11 1.167805e+10
-8.451397e+06 -2.386049e+05
-2.627148e+11 -1.479298e+12
1.743267e+10 3.510329e+10
-2.820458e+11 -6.323865e+11
-9.412838e+15 3.871139e+14
4.284431e+06 1.852422e+07
1.364693e+08 -1.530386e+08
1.517005e+06 1.674862e+07
9.602398e+10 -3.518369e+11
-3.401945e+08 -3.214974e+08
1.567776e+14 5.163164e+13
5.045788e+08 1.588025e+08
4.116539e+09 -7.160259e+08
9.332622e+07 -2.513247e+08
1.411749e+09 1.360537e+08
3.415322e+08 -2.889397e+08
2.186254e+09 2.171637e+09
-2.505284e+08 4.373970e+08
6.918537e+08 1.262459e+09
-7.850555e+06 -3.619514e+06
4.924302e+07 7.071396e+06
-6.722486e+13 1.164517e+14
-4.920110e+07 -6.856743e+06
-7.654623e+06 -1.242215e+07
9.413501e+15 -3.871801e+14
-4.696756e+07 1.085773e+06
2.446407e+11 -5.447187e+10
-1.555790e+12 1.499902e+12
-2.427843e+07 8.843107e+07
-2.446920e+11 5.447934e+10
3.402028e+08 3.215189e+08
2.739925e+07 4.224800e+07
-6.380846e+05 -1.811877e+07
5.813973e+00 3.324167e+06
2.663918e+06 -3.426703e+06
4.924278e+08 1.664972e+08
3.949732e+11 7.681469e+10
-3.881243e+06 6.068753e+06
2.673938e+09 1.777527e+09
3.017809e+12 -4.205102e+12
-5.403292e+08 1.255807e+08
2.924909e+08 1.337549e+07
-1.743188e+10 -3.510544e+10
1.226967e+21 -1.013604e+21
1.873750e+05 4.987640e+06
-2.575617e+00 2.787121e+06
2.571693e+07 -9.177480e+07
7.463526e+13 -5.192715e+13
4.394787e+00 1.099328e+06
7.544522e+08 -5.507404e+08
-3.375144e+06 -3.322487e+05
1.554302e+07 -1.031791e+06
1.117220e+08 -3.291781e+07
-3.415080e+08 1.919429e+08
1.024829e+07 8.684590e+05
-3.398639e+14 -6.477071e+14
-4.114450e+09 7.182740e+08
3.077105e+07 -1.178783e+08
9.684797e+09 8.280743e+09
-6.652614e+07 1.999742e+06
3.372391e+07 -9.397850e+07
-1.025130e+08 1.182908e+08
-2.741888e+15 1.298202e+16
9.217840e+07 4.409836e+07
1.884662e+09 5.613534e+09
2.264275e+11 -4.538715e+11
-7.463751e+13 5.192454e+13
-4.461672e+10 -1.458978e+10
3.182990e+10 7.936275e+08
-3.182798e+10 -7.935635e+08
1.029923e+08 -1.177106e+08
-4.835603e+07 1.746861e+08
5.901187e+16 2.195060e+17
-4.605904e+06 -1.162889e+07
-8.291670e+00 -3.902041e+06
-1.791516e+07 4.296020e+08
9.492747e+08 -5.599138e+07
2.605521e+06 -1.600832e+06
-2.610241e+06 1.612333e+06
-5.388221e+09 -2.581727e+09
6.648096e+07 -3.527122e+06
-5.783386e+00 2.496343e+07
-3.129584e+19 -6.590620e+19
3.670281e+07 -2.805678e+07
7.796733e+05 -5.631014e+00
-6.245961e+06 -1.142955e+07
-1.745246e+08 6.520952e+07
7.680286e+06 3.719628e+06
2.002063e+06 -1.343787e+00
-6.040147e+08 -1.532207e+08
-2.395745e+06 -8.568228e+06
4.838444e+07 -1.747738e+08
-2.378838e+07 1.001726e+07
2.331594e+06 6.738645e+06
-2.811414e+10 -4.319392e+10
-1.227177e+21 1.013808e+21
1.527171e+05 2.791849e+00
-3.075823e+07 1.179503e+08
-3.688852e+13 -1.342644e+13
5.210356e+08 -5.031409e+10
-6.183641e-01 -3.882157e+06
-9.680721e+06 -1.120865e+08
-8.982936e+09 -1.161190e+11
-1.885211e+09 -5.614960e+09
1.727811e+09 1.285144e+09
-1.251395e+08 -4.001115e+08
8.411208e+07 1.412292e+08
-6.925256e+08 -1.263549e+09
-2.063288e+06 6.076017e+00
-3.152602e+00 -2.796251e+06
-3.586702e+14 1.843725e+14
2.431195e+15 2.626338e+16
-8.164541e+06 -1.738852e+00
3.416690e+09 1.953893e+09
8.909139e+00 3.344974e+06
-9.534688e+08 4.729165e+07
-3.641823e+07 2.803663e+07
8.217643e+06 9.599260e+00
-2.249455e+08 1.923826e+08
-7.252376e+11 7.143642e+11
-2.307113e+05 -1.871791e+07
-2.606348e+13 9.412452e+14
-2.370453e+11 1.081435e+12
4.921307e+06 -1.316105e+07
5.167003e+07 7.860728e+06
-8.801082e+07 -1.495068e+08
2.818583e+07 -2.100112e+06
1.112168e+01 3.738398e+06
-4.597586e+07 -1.330898e+07
6.233483e+06 1.139576e+07
-5.382208e+09 1.583801e+09
-2.131371e+12 -2.349570e+12
5.735060e+07 -1.472439e+07
1.481312e+12 2.235788e+11
2.371185e+07 -1.014197e+07
3.801617e+08 9.865616e+08
-2.150433e+08 -2.279553e+08
-1.335450e+06 -7.361323e+05
-9.313441e+06 1.934774e+06
3.152607e+08 -4.119443e+07
4.001652e+00 1.193417e+06
5.822086e+06 5.069047e+06
7.412154e+10 1.567074e+10
4.656849e+06 6.086786e+06
9.245979e+11 -1.728250e+11
-2.119598e+05 -5.101126e+04
-1.187450e+09 5.141813e+07
9.331179e+08 8.251014e+08
-1.332826e+15 1.201275e+15
-1.841698e+08 -3.436800e+08
-1.431184e+06 -1.359636e+06
4.597074e+07 1.340596e+07
5.703667e+09 2.362711e+10
-9.267401e+05 -4.892790e-01
4.120178e+00 2.819039e+06
-2.064677e+13 6.675129e+12
-3.280567e+07 -1.988561e+07
-5.676455e+08 -1.603331e+08
4.006630e+00 1.237996e+07
1.884884e+10 -1.227830e+10
-1.568485e+14 -5.164878e+13
9.469529e+06 1.149101e+07
-4.687827e+06 1.302288e+07
-5.208012e+08 5.031403e+10
3.385908e+08 8.690944e+07
5.699676e+06 -1.053700e+06
3.299349e+06 -9.250992e+05
-4.714219e+07 2.074724e+07
-2.431220e+15 -2.626233e+16
-3.015497e+06 4.744624e+00
4.753153e+11 -8.279099e+10
1.997735e+11 -1.430706e+09
-1.998016e+11 1.430787e+09
1.035092e+11 3.419168e+10
-1.591600e+13 5.716419e+12
5.817115e+12 1.837430e+11
7.036047e+10 2.040766e+10
-2.463734e+07 4.749545e+07
4.462679e+10 1.458950e+10
1.797463e+07 -4.300967e+08
6.423273e+06 -1.278242e+07
-3.782200e+09 -2.290474e+08
7.262246e+05 5.469391e-01
5.854975e+09 1.125313e+09
-9.301228e+07 -4.427949e+07
6.881643e+06 -2.697904e+07
3.056000e+00 -1.216443e+07
-1.600240e+06 -7.310171e-01
2.821395e+11 6.326088e+11
-9.309873e+07 7.513877e+07
-2.750179e+07 2.854164e+06
7.847666e+07 6.493111e+07
-1.382768e+07 6.004892e+07
-4.538645e+10 6.111761e+10
-7.301791e+08 1.244687e+08
2.185034e+06 -1.913781e+00
2.576780e+08 -2.527839e+08
2.606452e+13 -9.412358e+14
-1.046232e+09 -1.771857e+09
-1.013955e+09 2.069343e+09
-9.448146e+07 7.935653e+06
1.332840e+15 -1.201251e+15
-1.464867e+07 2.706865e+06
3.782521e+09 2.281735e+08
3.129804e+19 6.591879e+19
-3.386198e+08 -8.707855e+07
-8.475716e+07 -1.401543e+08
-6.798963e+06 2.704936e+07
-1.013084e+07 -1.251645e+06
8.990066e+05 7.030915e+06
-5.035145e+09 6.545569e+10
2.506015e+08 -4.374286e+08
3.497174e+11 5.468667e+12
4.538737e+10 -6.111275e+10
2.063284e+08 -7.707505e+08
5.654823e+08 1.618977e+08
-3.810582e+08 -9.847108e+08
1.223775e+06 1.016022e+00
9.567449e+06 -3.943342e-01
8.887376e+05 1.793044e+07
-9.323576e+08 -8.242631e+08
1.236927e+08 4.010921e+08
-7.919637e+07 -6.526079e+07
2.370306e+11 -1.081383e+12
-5.116040e+07 -7.951314e+06
7.542327e+06 1.366036e+06
2.052094e+10 1.425359e+10
-7.985921e+00 -1.133361e+07
1.011996e+09 -2.069105e+09
1.187448e+09 -5.142463e+07
-7.134072e+06 7.256492e+06
-7.603371e+06 -4.130822e+06
-2.087828e+07 3.096124e+00
8.839296e+06 5.993442e+06
