2.117830e+05 3.100763e+00
8.436371e+05 -1.487227e+05
8.836835e+08 1.142237e+10
2.095777e+11 2.310781e+11
-1.584131e+11 -2.166396e+11
-5.748053e+08 -1.103875e+08
1.639543e+06 -5.869544e+06
-7.389160e+05 -6.066981e+05
-2.442524e+05 -1.613243e+06
-5.376681e+05 7.059587e+00
7.812129e+04 -1.709603e+05
-3.623402e+06 9.642982e+06
4.954236e+08 -6.441238e+09
5.282207e+08 -1.554104e+08
-5.329562e+09 -1.154253e+09
5.277362e+08 2.528690e+08
-1.405994e+05 4.551272e+06
-7.114578e+05 -2.471312e+05
2.046358e+06 -6.125566e+00
-2.534231e+07 2.478820e+07
-2.307914e+05 -4.629704e+05
-4.077310e+08 1.524363e+08
1.532586e+08 4.962998e+09
-7.285532e+09 -1.540519e+09
-5.588376e+06 1.093931e+07
-1.456221e+06 1.441842e+05
7.918377e+04 -1.494781e+04
9.242067e+06 -7.226696e+06
-2.326235e+12 -6.318874e+11
5.233195e+00 -3.773441e+05
4.555227e+06 -2.056802e+06
-1.393405e+07 2.726743e+06
-3.431161e+09 -1.031562e+09
-3.357524e+08 -1.919679e+08
-4.285814e+06 -6.101100e+05
9.655264e+09 -6.059493e+09
3.342380e+13 6.370441e+13
8.243371e+04 1.516597e+05
5.331786e+09 1.154703e+09
1.794071e+07 1.444368e+07
1.023494e+10 -1.148541e+09
2.253048e+05 4.621173e+05
-5.627741e+00 -2.180239e+05
-2.015006e+09 -1.399970e+09
1.531818e+06 1.111154e+07
2.252681e+05 -2.137881e+05
-2.943209e+11 4.100732e+11
1.411282e+05 -1.075693e+05
1.393315e+07 -2.737948e+06
-2.147806e+08 -2.133137e+08
7.160897e+07 -1.235453e+07
3.234449e+06 1.936412e+06
3.232840e+00 -1.654345e+05
1.641674e+06 -1.845996e+05
3.626058e+12 1.319638e+12
4.074846e+08 -1.525570e+08
-4.675700e+10 8.144248e+09
5.942309e+07 1.507393e+07
4.272200e+05 1.110824e+06
-4.801702e+06 -1.445522e+07
-2.028133e+12 -2.724898e+12
-9.089786e+10 1.699274e+10
6.884659e+06 -1.379329e+07
2.088253e+07 2.318482e+07
-4.145436e+14 5.924146e+14
-3.824228e+07 1.251624e+07
2.291608e+06 -4.659821e+06
-1.457873e+11 -2.200122e+10
-9.451801e+08 -8.079274e+08
7.366975e+08 -1.034423e+08
5.355565e+05 -7.291425e+00
-1.410120e+09 -1.569269e+09
2.325286e+12 6.316939e+11
2.005219e+08 4.992377e+07
1.200363e+04 1.393494e+00
-1.018289e+10 -3.364553e+09
-3.415501e+10 -5.342010e+11
-3.429288e+08 -6.676994e+08
-3.801343e+05 3.929667e+05
-4.865050e+07 -1.533826e+07
-5.661673e+08 -2.319639e+09
2.028548e+12 2.724898e+12
-5.613450e+08 3.655954e+08
5.598912e+06 -1.094687e+07
-7.410319e+07 5.411268e+07
-2.873340e+07 -1.431452e+06
-5.490219e+00 -1.847958e+06
1.584134e+11 2.166395e+11
-2.233212e+05 -6.952074e+00
-1.772565e+04 7.770078e+00
-6.886520e+06 1.375828e+07
1.409973e+09 1.569270e+09
-2.625544e+08 -1.745551e+08
4.556737e+16 -7.420358e+16
3.432266e+09 1.031927e+09
9.631617e+00 -3.690919e+05
1.025881e+08 1.741303e+08
2.733849e+05 -3.584774e+05
-9.986751e+03 -2.595009e+05
-1.849513e+09 1.205157e+09
-1.531255e+08 -4.967051e+09
1.530777e+11 -1.475540e+11
-1.700781e+08 -1.264178e+08
-7.466341e+10 1.128186e+11
7.912057e+03 2.328925e+05
2.504135e+06 1.535496e+07
7.467869e+10 -1.128186e+11
9.507071e+04 5.010266e+00
3.513362e+13 -1.805970e+13
-9.657361e+09 6.060672e+09
2.570465e+10 1.447349e+11
4.869540e+06 3.659794e+00
-3.977065e+07 3.817479e+07
-7.366923e+08 1.035099e+08
1.562422e+12 -5.612365e+11
-2.003954e+08 -5.003159e+07
-3.269588e+05 9.774014e+04
4.147977e+14 -5.926566e+14
2.181069e+05 4.139073e+05
-6.918595e+09 -2.007024e+09
-4.557668e+16 7.420358e+16
-5.194624e+07 3.200112e+07
2.029242e+12 -6.557753e+11
5.612721e+08 -3.655607e+08
-2.025660e+07 7.573149e+07
7.128164e+10 -7.027707e+10
1.806003e+07 3.383041e+07
2.761103e+09 4.242613e+09
-7.164922e+05 1.237853e+06
6.403280e+07 -6.892444e+07
-3.669838e+05 -1.755777e+06
3.708373e+05 1.752471e+06
-1.182304e+00 -1.816335e+06
-2.170944e+10 4.351494e+10
-1.089729e+07 3.317947e+06
-1.786751e+07 -1.419963e+07
-2.478380e+06 -4.044737e+06
-8.759129e+00 1.632036e+06
3.475209e+08 6.688156e+08
-9.172455e+06 2.471290e+07
2.686342e+14 -1.271928e+15
1.543531e+06 -7.845222e+05
-4.332618e+05 -1.758030e+06
5.179550e+07 -3.198872e+07
-1.404966e+05 -4.510819e+05
-5.739137e+15 -2.134761e+16
-9.158047e+04 -2.814883e+00
9.201702e+06 -7.412069e+05
-1.387776e+08 -1.333839e+07
-7.054674e+05 -1.138364e+05
-6.404226e+07 6.893805e+07
-6.090872e+05 -6.968720e+05
-1.343249e+07 1.505927e+07
-3.886532e+10 -7.558983e+09
-9.446165e+09 3.461294e+10
-1.311363e+00 9.665172e+04
-5.719269e+11 -1.806722e+10
1.722180e+07 -6.391018e+06
6.596926e+12 -1.142884e+13
1.268442e+01 -4.302670e+06
6.303932e+05 -7.815667e+05
-2.715173e+04 -2.297285e+05
5.281004e+07 -1.216394e+07
4.105834e+04 2.302281e+05
1.386565e+05 4.466147e+05
-1.023179e+10 1.148318e+09
-8.313842e+05 -2.350709e+04
-2.569403e+10 -1.446753e+11
1.713338e+09 3.450272e+09
-2.775271e+10 -6.222424e+10
-9.262329e+14 3.810089e+13
4.206997e+05 1.818675e+06
1.342831e+07 -1.506032e+07
1.492468e+05 1.648006e+06
9.447118e+09 -3.461648e+10
-3.340524e+07 -3.156543e+07
1.534395e+13 5.053659e+12
4.874670e+07 1.534110e+07
4.030174e+08 -7.009167e+07
9.176619e+06 -2.471107e+07
1.387910e+08 1.337500e+07
3.350136e+07 -2.833952e+07
2.147358e+08 2.133065e+08
-2.449205e+07 4.276048e+07
6.800742e+07 1.240951e+08
-7.705360e+05 -3.552299e+05
4.846073e+06 6.959308e+05
-6.596251e+12 1.142767e+13
-4.841714e+06 -6.747952e+05
-7.521438e+05 -1.221065e+06
9.260437e+14 -3.808922e+13
-4.623111e+06 1.068369e+05
2.406326e+10 -5.358876e+09
-1.530460e+11 1.475559e+11
-2.387952e+06 8.697743e+06
-2.406839e+10 5.358911e+09
3.340064e+07 3.156854e+07
2.692372e+06 4.151508e+06
-6.274354e+04 -1.781436e+06
-3.636599e-01 3.267299e+05
2.619293e+05 -3.369195e+05
4.844365e+07 1.637969e+07
3.885743e+10 7.557328e+09
-3.815949e+05 5.964952e+05
2.626216e+08 1.745666e+08
2.941997e+11 -4.099886e+11
-5.273942e+07 1.225795e+07
2.869489e+07 1.311827e+06
-1.713155e+09 -3.449569e+09
1.205755e+20 -9.961006e+19
1.852957e+04 4.897148e+05
-2.182713e+00 2.738250e+05
2.529740e+06 -9.026563e+06
7.331863e+12 -5.101326e+12
-5.276748e+00 1.081694e+05
7.406499e+07 -5.406931e+07
-3.313575e+05 -3.257352e+04
1.528745e+06 -1.014763e+05
1.096341e+07 -3.230308e+06
-3.348797e+07 1.882788e+07
1.007789e+06 8.539239e+04
-3.342380e+13 -6.369140e+13
-4.028460e+08 7.034055e+07
3.023575e+06 -1.158238e+07
9.454784e+08 8.084422e+08
-6.536952e+06 1.965194e+05
3.319660e+06 -9.249401e+06
-1.004718e+07 1.159235e+07
-2.687445e+14 1.272450e+15
9.064760e+06 4.336639e+06
1.853522e+08 5.521112e+08
2.172307e+10 -4.354235e+10
-7.337864e+12 5.104457e+12
-4.386736e+09 -1.434534e+09
3.128639e+09 7.800123e+07
-3.128319e+09 -7.799014e+07
1.009256e+07 -1.153545e+07
-4.757838e+06 1.718932e+07
5.740325e+15 2.135202e+16
-4.521373e+05 -1.141540e+06
3.127854e+00 -3.827335e+05
-1.750967e+06 4.198470e+07
9.266553e+07 -5.465311e+06
2.562674e+05 -1.574612e+05
-2.567345e+05 1.586379e+05
-5.279447e+08 -2.529817e+08
6.530548e+06 -3.465135e+05
2.245530e+00 2.454977e+06
-3.074634e+18 -6.474823e+18
3.603793e+06 -2.754838e+06
7.664535e+04 -1.110842e+01
-6.132845e+05 -1.122169e+06
-1.713704e+07 6.402818e+06
7.542039e+05 3.652557e+05
1.968413e+05 8.956120e+00
-5.938416e+07 -1.506434e+07
-2.357480e+05 -8.431836e+05
4.760361e+06 -1.719434e+07
-2.337923e+06 9.845814e+05
2.295610e+05 6.632075e+05
-2.761657e+09 -4.242598e+09
-1.206248e+20 9.965081e+19
1.497714e+04 4.784056e-01
-3.022221e+06 1.158864e+07
-3.626799e+12 -1.320043e+12
5.126492e+07 -4.950013e+09
1.047739e+01 -3.818204e+05
-9.527079e+05 -1.102981e+07
-8.840322e+08 -1.142697e+10
-1.853175e+08 -5.519322e+08
1.698398e+08 1.263305e+08
-1.226932e+07 -3.922855e+07
8.267574e+06 1.388022e+07
-6.809186e+07 -1.242281e+08
-2.027383e+05 2.262751e+00
-1.013493e+01 -2.745437e+05
-3.512281e+13 1.805229e+13
2.392285e+14 2.584516e+15
-8.015076e+05 1.804550e+00
3.355950e+08 1.919316e+08
-6.670486e+00 3.284316e+05
-9.303987e+07 4.614874e+06
-3.574366e+06 2.752001e+06
8.068048e+05 7.902794e+00
-2.207103e+07 1.887333e+07
-7.133019e+10 7.026792e+10
-2.266466e+04 -1.840907e+06
-2.560015e+12 9.245884e+13
-2.329789e+10 1.062982e+11
4.838545e+05 -1.293752e+06
5.079925e+06 7.727928e+05
-8.635017e+06 -1.466815e+07
2.766631e+06 -2.060029e+05
1.313087e+00 3.674399e+05
-4.519078e+06 -1.308062e+06
6.118667e+05 1.118749e+06
-5.285604e+08 1.555149e+08
-2.096420e+11 -2.311018e+11
5.637319e+06 -1.447487e+06
1.458170e+11 2.200793e+10
2.330732e+06 -9.970146e+05
3.737106e+07 9.697289e+07
-2.064303e+07 -2.188386e+07
-1.310786e+05 -7.237449e+04
-9.159672e+05 1.904007e+05
3.093648e+07 -4.042484e+06
2.905143e+00 1.174128e+05
5.722933e+05 4.982914e+05
7.294404e+09 1.542037e+09
4.579656e+05 5.989164e+05
9.090719e+10 -1.699246e+10
-2.079912e+04 -5.062730e+03
-1.167714e+08 5.055679e+06
9.177874e+07 8.115375e+07
-1.310311e+14 1.180947e+14
-1.810516e+07 -3.378712e+07
-1.407580e+05 -1.337093e+05
4.518440e+06 1.317701e+06
5.606397e+08 2.322441e+09
-9.109966e+04 1.889695e+00
-4.739053e+00 2.773899e+05
-2.029449e+12 6.561105e+11
-3.223363e+06 -1.953903e+06
-5.577372e+07 -1.575359e+07
-9.361633e+00 1.216602e+06
1.850009e+09 -1.205100e+09
-1.534868e+13 -5.054178e+12
9.305122e+05 1.129314e+06
-4.606761e+05 1.279980e+06
-5.122857e+07 4.949046e+09
3.332903e+07 8.555547e+06
5.589650e+05 -1.030610e+05
3.246437e+05 -9.104524e+04
-4.635362e+06 2.040047e+06
-2.393018e+14 -2.585308e+15
-2.962792e+05 1.026271e+01
4.677597e+10 -8.146581e+09
1.962457e+10 -1.405416e+08
-1.962658e+10 1.405467e+08
1.018171e+10 3.363375e+09
-1.562421e+12 5.611791e+11
5.723362e+11 1.807835e+10
6.920807e+09 2.007607e+09
-2.422500e+06 4.670102e+06
4.386352e+09 1.434141e+09
1.756825e+06 -4.203568e+07
6.271588e+05 -1.247945e+06
-3.719487e+08 -2.252712e+07
7.147216e+04 1.058739e+00
5.746691e+08 1.104410e+08
-9.142571e+06 -4.352512e+06
6.774623e+05 -2.656241e+06
-1.176478e+00 -1.195839e+06
-1.571328e+05 -8.072740e+00
2.775556e+10 6.223059e+10
-9.139156e+06 7.376077e+06
-2.699599e+06 2.801685e+05
7.683952e+06 6.358349e+06
-1.358838e+06 5.900520e+06
-4.459194e+09 6.004712e+09
-7.151321e+07 1.219215e+07
2.137097e+05 3.344906e+00
2.532177e+07 -2.484261e+07
2.560538e+12 -9.244938e+13
-1.027411e+08 -1.739982e+08
-9.814778e+07 2.003290e+08
-9.276329e+06 7.789755e+05
1.310445e+14 -1.181067e+14
-1.437661e+06 2.656283e+05
3.719959e+08 2.244022e+07
3.075263e+18 6.476811e+18
-3.334458e+07 -8.574469e+06
-8.331247e+06 -1.377775e+07
-6.694580e+05 2.663275e+06
-9.964354e+05 -1.230939e+05
8.850837e+04 6.921884e+05
-4.956881e+08 6.443234e+09
2.450676e+07 -4.277744e+07
3.419377e+10 5.347509e+11
4.461019e+09 -6.006559e+09
2.028004e+07 -7.575675e+07
5.557877e+07 1.591377e+07
-3.746449e+07 -9.681158e+07
1.201919e+05 1.064668e+01
9.414715e+05 7.648204e+00
8.749468e+04 1.763431e+06
-9.168710e+07 -8.105638e+07
1.212768e+07 3.932555e+07
-7.756285e+06 -6.391422e+06
2.329785e+10 -1.062876e+11
-5.030321e+06 -7.818223e+05
7.393403e+05 1.339328e+05
2.014805e+09 1.399628e+09
6.539168e+00 -1.087690e+06
9.794063e+07 -2.002978e+08
1.167496e+08 -5.056257e+06
-6.949457e+05 7.068379e+05
-7.473138e+05 -4.059466e+05
-2.052750e+06 -5.388019e+00
8.685007e+05 5.889410e+05
