4.949697e+04 -4.060716e+00
1.982832e+05 -3.494791e+04
2.083980e+08 2.695166e+09
4.936406e+10 5.441715e+10
-3.741163e+10 -5.113535e+10
-1.342684e+08 -2.578195e+07
3.847054e+05 -1.376541e+06
-1.732227e+05 -1.422000e+05
-5.751087e+04 -3.801026e+05
-1.259027e+05 1.960868e+00
1.846922e+04 -4.036397e+04
-8.546987e+05 2.274872e+06
1.169631e+08 -1.520537e+09
1.236445e+08 -3.637807e+07
-1.253918e+09 -2.714499e+08
1.225353e+08 5.873370e+07
-3.247838e+04 1.050137e+06
-1.679927e+05 -5.834536e+04
4.815293e+05 1.012943e+01
-5.951271e+06 5.818627e+06
-5.437381e+04 -1.091471e+05
-9.617438e+07 3.592047e+07
3.604239e+07 1.167525e+09
-1.717485e+09 -3.632438e+08
-1.316278e+06 2.576356e+06
-3.434387e+05 3.399548e+04
1.852952e+04 -3.514895e+03
2.166232e+06 -1.691815e+06
-5.496260e+11 -1.492825e+11
4.720470e+00 -8.846108e+04
1.071861e+06 -4.839409e+05
-3.287849e+06 6.433488e+05
-8.075384e+08 -2.426832e+08
-7.875207e+07 -4.502221e+07
-1.007130e+06 -1.432616e+05
2.262181e+09 -1.419709e+09
7.859802e+12 1.498544e+13
2.001702e+04 3.511793e+04
1.253929e+09 2.716810e+08
4.202018e+06 3.382982e+06
2.407851e+09 -2.702311e+08
5.312938e+04 1.089092e+05
-2.675055e+00 -5.177413e+04
-4.718869e+08 -3.278203e+08
3.610707e+05 2.618643e+06
5.270118e+04 -5.000702e+04
-6.715885e+10 9.358114e+10
3.304885e+04 -2.519470e+04
3.290030e+06 -6.463352e+05
-5.037631e+07 -5.003738e+07
1.661956e+07 -2.867318e+06
7.593073e+05 4.545330e+05
-4.593921e-01 -3.910238e+04
3.833462e+05 -4.306629e+04
8.522088e+11 3.102095e+11
9.607461e+07 -3.596910e+07
-1.103255e+10 1.921677e+09
1.397331e+07 3.545822e+06
9.982500e+04 2.595559e+05
-1.132275e+06 -3.408606e+06
-4.760117e+11 -6.399064e+11
-2.137953e+10 3.996352e+09
1.627731e+06 -3.261835e+06
4.481265e+06 4.975850e+06
-9.799305e+13 1.400110e+14
-9.021437e+06 2.952624e+06
5.393673e+05 -1.096609e+06
-3.445260e+10 -5.197635e+09
-2.163724e+08 -1.848880e+08
1.740792e+08 -2.444555e+07
1.253038e+05 -1.633523e+00
-3.335706e+08 -3.712181e+08
5.493885e+11 1.492180e+11
4.438302e+07 1.104887e+07
2.844915e+03 -4.503553e+00
-2.400378e+09 -7.930340e+08
-7.871106e+09 -1.230826e+11
-8.059423e+07 -1.569210e+08
-8.961480e+04 9.264394e+04
-1.070523e+07 -3.375974e+06
-1.330864e+08 -5.452669e+08
4.762192e+11 6.399064e+11
-1.323510e+08 8.619822e+07
1.318945e+06 -2.578744e+06
-1.735755e+07 1.266819e+07
-6.709366e+06 -3.343340e+05
6.072279e+00 -4.349965e+05
3.742787e+10 5.117956e+10
-5.246578e+04 5.312666e+00
-4.112559e+03 2.050236e+00
-1.628310e+06 3.253099e+06
3.337137e+08 3.713784e+08
-6.156727e+07 -4.094569e+07
1.077072e+16 -1.753765e+16
8.079016e+08 2.428994e+08
1.001937e+01 -8.664284e+04
2.402900e+07 4.076414e+07
6.442232e+04 -8.449377e+04
-2.317926e+03 -6.085872e+04
-4.323045e+08 2.818531e+08
-3.602768e+07 -1.168539e+09
3.607254e+10 -3.477446e+10
-3.996309e+07 -2.971418e+07
-1.750449e+10 2.644708e+10
1.815943e+03 5.471000e+04
5.903215e+05 3.621172e+06
1.751213e+10 -2.645863e+10
2.249975e+04 4.745670e-01
8.148808e+12 -4.188725e+12
-2.264185e+09 1.420935e+09
5.930420e+09 3.339235e+10
1.150406e+06 -4.885870e+00
-9.400559e+06 9.022388e+06
-1.742285e+08 2.447268e+07
3.655302e+11 -1.312884e+11
-4.437346e+07 -1.107038e+07
-7.643245e+04 2.283220e+04
9.799305e+13 -1.400110e+14
4.997711e+04 9.483775e+04
-1.630317e+09 -4.728924e+08
-1.076607e+16 1.753007e+16
-4.465594e+00 9.111511e+00
4.771758e+11 -1.542685e+11
1.322900e+08 -8.616147e+07
-4.753287e+06 1.777083e+07
1.679914e+10 -1.656239e+10
4.244957e+06 7.951745e+06
6.470453e+08 9.941249e+08
-1.641643e+05 2.836324e+05
1.506883e+07 -1.622167e+07
-8.684599e+04 -4.155012e+05
8.771677e+04 4.146810e+05
-2.487305e+00 -4.241112e+05
-4.639470e+09 9.299471e+09
-2.548833e+06 7.759669e+05
-4.185697e+06 -3.326430e+06
-5.817927e+05 -9.490630e+05
-6.259659e+00 3.808105e+05
8.167555e+07 1.572558e+08
-2.159038e+06 5.817006e+06
6.241025e+13 -2.954998e+14
3.640230e+05 -1.850387e+05
-1.013657e+05 -4.113807e+05
1.020421e+01 -9.689248e+00
-3.326268e+04 -1.067086e+05
-1.296873e+15 -4.823919e+15
-2.155115e+04 3.793351e+00
2.152972e+06 -1.734808e+05
-3.264024e+07 -3.137175e+06
-1.641782e+05 -2.652653e+04
-1.507612e+07 1.622862e+07
-1.436503e+05 -1.642801e+05
-3.169173e+06 3.552980e+06
-9.169532e+09 -1.783398e+09
-2.227396e+09 8.161695e+09
1.125870e+00 2.290098e+04
-1.350180e+11 -4.264794e+09
4.032945e+06 -1.496504e+06
1.544148e+12 -2.674885e+12
-1.059497e+01 -9.932096e+05
1.432849e+05 -1.775910e+05
-6.410876e+03 -5.416776e+04
1.210491e+07 -2.788770e+06
9.703938e+03 5.431021e+04
3.275089e+04 1.054992e+05
-2.407848e+09 2.702338e+08
-1.958739e+05 -5.532817e+03
-5.927766e+09 -3.337746e+10
4.024890e+08 8.105210e+08
-6.542723e+09 -1.466941e+10
-2.184324e+14 8.988260e+12
9.841758e+04 4.255083e+05
3.167778e+06 -3.553252e+06
3.522738e+04 3.883705e+05
2.227393e+09 -8.161695e+09
-7.821246e+06 -7.391234e+06
3.550978e+12 1.169304e+12
1.073097e+07 3.377154e+06
9.336063e+07 -1.623870e+07
2.160048e+06 -5.816609e+06
3.263668e+07 3.145144e+06
7.816141e+06 -6.612527e+06
5.038779e+07 5.005240e+07
-5.648724e+06 9.862084e+06
1.600583e+07 2.919660e+07
-1.803698e+05 -8.316605e+04
1.145457e+06 1.645069e+05
-1.543473e+12 2.673714e+12
-1.144918e+06 -1.595155e+05
-1.768649e+05 -2.869964e+05
2.184324e+14 -8.984372e+12
-1.092171e+06 2.521957e+04
5.675250e+09 -1.263617e+09
-3.607245e+10 3.477489e+10
-5.628517e+05 2.050182e+06
-5.675300e+09 1.263625e+09
7.820956e+06 7.391207e+06
6.322944e+05 9.749798e+05
-1.480188e+04 -4.193719e+05
-7.085012e+00 7.694872e+04
6.167964e+04 -7.931014e+04
1.142676e+07 3.863573e+06
9.169545e+09 1.783372e+09
-8.986278e+04 1.405391e+05
6.162254e+07 4.095680e+07
6.715891e+10 -9.358114e+10
-1.209369e+07 2.810848e+06
6.704672e+06 3.066398e+05
-4.026624e+08 -8.108746e+08
2.835257e+19 -2.342268e+19
4.338449e+03 1.147447e+05
8.623902e+00 6.419577e+04
5.966084e+05 -2.128879e+06
1.722496e+12 -1.198347e+12
9.152401e+00 2.552842e+04
1.735212e+07 -1.266620e+07
-7.770074e+04 -7.659914e+03
3.606454e+05 -2.395829e+04
2.564860e+06 -7.557913e+05
-7.808510e+06 4.392235e+06
2.372611e+05 2.010176e+04
-7.866634e+12 -1.499195e+13
-9.331131e+07 1.629130e+07
7.089318e+05 -2.715772e+06
2.164712e+08 1.850772e+08
-1.531961e+06 4.606227e+04
7.831529e+05 -2.182500e+06
-2.333253e+06 2.692369e+06
-6.241025e+13 2.954998e+14
2.129982e+06 1.019029e+06
4.356768e+07 1.297757e+08
4.641740e+09 -9.304038e+09
-1.722496e+12 1.197825e+12
-1.030538e+09 -3.371148e+08
7.344943e+08 1.831380e+07
-7.344942e+08 -1.831306e+07
2.344976e+06 -2.679648e+06
-1.121636e+06 4.051974e+06
1.296873e+15 4.823919e+15
-1.055809e+05 -2.666026e+05
-7.423149e-01 -8.906642e+04
-4.026400e+05 9.655810e+06
2.121609e+07 -1.251422e+06
6.022559e+04 -3.700555e+04
-6.033150e+04 3.725638e+04
-1.225876e+08 -5.873575e+07
1.530018e+06 -8.112213e+04
5.491204e+00 5.774271e+05
-7.206123e+17 -1.517019e+18
8.426175e+05 -6.440992e+05
1.797029e+04 -1.567742e+00
-1.433525e+05 -2.623710e+05
-4.008806e+06 1.497779e+06
1.764719e+05 8.545815e+04
4.621898e+04 -8.683283e+00
-1.396129e+07 -3.541604e+06
-5.555114e+04 -1.987038e+05
1.121240e+06 -4.051356e+06
-5.490739e+05 2.313211e+05
5.409825e+04 1.563544e+05
-6.473252e+08 -9.945555e+08
-2.834024e+19 2.341249e+19
3.350820e+03 -5.150004e+00
-7.085175e+05 2.716924e+06
-8.525795e+11 -3.102095e+11
1.207797e+07 -1.165839e+09
8.219881e-01 -8.981998e+04
-2.245771e+05 -2.600329e+06
-2.085969e+08 -2.696317e+09
-4.355393e+07 -1.297170e+08
3.991631e+07 2.969058e+07
-2.856584e+06 -9.133425e+06
1.941547e+06 3.259966e+06
-1.601218e+07 -2.921596e+07
-4.756336e+04 -4.982969e+00
6.688673e+00 -6.430197e+04
-8.141597e+12 4.185018e+12
5.647297e+13 6.100461e+14
-1.875312e+05 -2.612815e+00
7.873123e+07 4.502291e+07
2.107970e+00 7.685313e+04
-2.130622e+07 1.056674e+06
-8.360184e+05 6.435564e+05
1.888787e+05 5.350549e+00
-5.152623e+06 4.406559e+06
-1.681787e+10 1.656572e+10
-5.327745e+03 -4.337075e+05
-6.000607e+11 2.167935e+13
-5.476673e+09 2.498513e+10
1.137673e+05 -3.041721e+05
1.195264e+06 1.818248e+05
-2.016790e+06 -3.424354e+06
6.472526e+05 -4.819600e+04
-6.704516e+00 8.633857e+04
-1.062054e+06 -3.074251e+05
1.430545e+05 2.615499e+05
-1.237021e+08 3.638761e+07
-4.938549e+10 -5.444077e+10
1.324887e+06 -3.401322e+05
3.443770e+10 5.197627e+09
5.475669e+05 -2.341785e+05
8.782157e+06 2.279089e+07
-4.430131e+06 -4.696417e+06
-3.055677e+04 -1.689223e+04
-2.153369e+05 4.471057e+04
7.224709e+06 -9.440609e+05
-5.464741e+00 2.752616e+04
1.343680e+05 1.169556e+05
1.719704e+09 3.635825e+08
1.079788e+05 1.411057e+05
2.137954e+10 -3.996286e+09
-4.773998e+03 -1.191100e+03
-2.746862e+07 1.188450e+06
2.160382e+07 1.910280e+07
-3.080565e+13 2.776426e+13
-4.256570e+06 -7.943441e+06
-3.317119e+04 -3.151560e+04
1.062060e+06 3.097582e+05
1.317770e+08 5.458840e+08
-2.139957e+04 -9.619029e+00
-1.026736e+01 6.535100e+04
-4.771758e+11 1.542685e+11
-7.569147e+05 -4.588262e+05
-1.309642e+07 -3.697541e+06
-1.001578e+01 2.858793e+05
4.328559e+08 -2.819633e+08
-3.550978e+12 -1.169304e+12
2.188491e+05 2.655481e+05
-1.083420e+05 3.010100e+05
-1.207842e+07 1.166860e+09
7.878955e+06 2.022322e+06
1.304311e+05 -2.385815e+04
7.665255e+04 -2.146719e+04
-1.090869e+06 4.800831e+05
-5.652182e+13 -6.105739e+14
-6.950939e+04 8.143383e+00
1.103730e+10 -1.922470e+09
4.601956e+09 -3.295357e+07
-4.601956e+09 3.295479e+07
2.400345e+09 7.929183e+08
-3.655301e+11 1.312884e+11
1.350180e+11 4.264806e+09
1.631045e+09 4.730897e+08
-5.701510e+05 1.099146e+06
1.031001e+09 3.370913e+08
4.041965e+05 -9.670952e+06
1.437804e+05 -2.860765e+05
-8.753300e+07 -5.300886e+06
1.683551e+04 -9.199049e+00
1.342955e+08 2.581182e+07
-2.148963e+06 -1.023090e+06
1.601543e+05 -6.278278e+05
-9.929518e+00 -2.810749e+05
-3.674088e+04 -1.115777e+01
6.545562e+09 1.467577e+10
-2.139815e+06 1.727012e+06
-6.318730e+05 6.560179e+04
1.782157e+06 1.474553e+06
-3.190336e+05 1.385538e+06
-1.047183e+09 1.410128e+09
-1.660298e+07 2.830341e+06
4.913607e+04 -7.336318e+00
5.945295e+06 -5.832175e+06
6.003225e+11 -2.167935e+13
-2.405809e+07 -4.074381e+07
-2.178114e+07 4.445273e+07
-2.169985e+06 1.822573e+05
3.081904e+13 -2.777633e+13
-3.358741e+05 6.207911e+04
8.753519e+07 5.280500e+06
7.209269e+17 1.518344e+18
-7.879440e+06 -2.026192e+06
-1.957210e+06 -3.236390e+06
-1.582237e+05 6.293699e+05
-2.345068e+05 -2.903689e+04
2.092835e+04 1.633917e+05
-1.170164e+08 1.520543e+09
5.646685e+06 -9.856480e+06
7.874641e+09 1.231926e+11
1.047183e+09 -1.409515e+09
4.758955e+06 -1.777728e+07
1.304226e+07 3.735649e+06
-8.803260e+06 -2.273493e+07
2.805607e+04 5.408571e+00
2.217766e+05 5.288312e+00
2.058338e+04 4.148664e+05
-2.158667e+07 -1.908377e+07
2.824911e+06 9.160130e+06
-1.798744e+06 -1.482224e+06
5.474281e+09 -2.497431e+10
-1.183514e+06 -1.839448e+05
1.719530e+05 3.111484e+04
4.716818e+08 3.276638e+08
-6.487033e+00 -2.333537e+05
2.172946e+07 -4.444580e+07
2.746908e+07 -1.189624e+06
-1.578386e+05 1.605480e+05
-1.754457e+05 -9.531845e+04
-4.829657e+05 -9.433008e+00
2.037138e+05 1.381509e+05
