2.129655e+06 1.677813e+00
8.457132e+06 -1.489216e+06
8.852178e+09 1.144069e+11
2.100575e+12 2.315739e+12
-1.586363e+12 -2.169470e+12
-5.772539e+09 -1.108952e+09
1.645006e+07 -5.890329e+07
-7.417102e+06 -6.088921e+06
-2.448521e+06 -1.616833e+07
-5.398432e+06 6.674628e+00
7.816423e+05 -1.711501e+06
-3.629521e+07 9.661291e+07
4.962381e+09 -6.451432e+10
5.304274e+09 -1.560565e+09
-5.344112e+10 -1.157356e+10
5.310298e+09 2.544392e+09
-1.416677e+06 4.587996e+07
-7.125994e+06 -2.475297e+06
2.051718e+07 2.518415e-01
-2.542574e+08 2.486977e+08
-2.313296e+06 -4.639903e+06
-4.085640e+09 1.527946e+09
1.536959e+09 4.978176e+10
-7.304822e+10 -1.544345e+10
-5.604749e+07 1.096522e+08
-1.458779e+07 1.444342e+06
7.947574e+05 -1.496586e+05
9.291954e+07 -7.255544e+07
-2.328918e+13 -6.325967e+12
1.109749e+01 -3.785794e+06
4.564848e+07 -2.061528e+07
-1.395417e+08 2.730909e+07
-3.439826e+10 -1.033997e+10
-3.368514e+09 -1.925824e+09
-4.297456e+07 -6.118256e+06
9.689641e+10 -6.081253e+10
3.350407e+14 6.385154e+14
8.193634e+05 1.527337e+06
5.345300e+10 1.157594e+10
1.800400e+08 1.449472e+08
1.026046e+11 -1.151511e+10
2.258874e+06 4.632486e+06
1.039395e+01 -2.180953e+06
-2.022823e+10 -1.405300e+10
1.535449e+07 1.113545e+08
2.263229e+06 -2.147257e+06
-2.975453e+12 4.145873e+12
1.418082e+06 -1.081065e+06
1.396076e+08 -2.743036e+07
-2.155478e+09 -2.141217e+09
7.206995e+08 -1.243429e+08
3.245462e+07 1.942920e+07
6.461188e+00 -1.657479e+06
1.649226e+07 -1.854277e+06
3.636437e+13 1.323632e+13
4.084004e+09 -1.528967e+09
-4.685634e+11 8.160720e+10
5.959496e+08 1.511667e+08
4.290697e+06 1.115611e+07
-4.810477e+07 -1.448286e+08
-2.034691e+13 -2.733370e+13
-9.113015e+11 1.703599e+11
6.892092e+07 -1.380952e+08
2.144725e+08 2.381554e+08
-4.152763e+15 5.934432e+15
-3.832434e+08 1.254401e+08
2.298352e+07 -4.673163e+07
-1.460106e+12 -2.203761e+11
-9.546786e+09 -8.161391e+09
7.376675e+09 -1.035902e+09
5.377913e+06 1.011055e+01
-1.411746e+10 -1.571079e+10
2.329156e+13 6.325709e+12
2.043632e+09 5.087588e+08
1.197732e+05 2.381871e+00
-1.020202e+11 -3.370910e+10
-3.443403e+11 -5.386520e+12
-3.438231e+09 -6.695090e+09
-3.809500e+06 3.938219e+06
-4.964491e+08 -1.564908e+08
-5.677078e+09 -2.326306e+10
2.034732e+13 2.733370e+13
-5.624460e+09 3.663312e+09
5.612515e+07 -1.097354e+08
-7.438983e+08 5.431696e+08
-2.886610e+08 -1.437726e+07
-3.923892e+00 -1.852303e+07
1.586495e+12 2.169447e+12
-2.239988e+06 5.912199e+00
-1.783547e+05 -1.404567e+00
-6.896070e+07 1.377728e+08
1.411685e+10 1.571143e+10
-2.635353e+09 -1.751893e+09
4.563902e+17 -7.431342e+17
3.440826e+10 1.034458e+10
1.091343e+01 -3.702941e+06
1.030190e+09 1.748508e+09
2.739270e+06 -3.591818e+06
-1.007154e+05 -2.604249e+06
-1.858001e+10 1.210315e+10
-1.535121e+09 -4.979285e+10
1.533747e+12 -1.478540e+12
-1.705616e+09 -1.267616e+09
-7.492930e+11 1.132145e+12
7.954104e+04 2.335082e+06
2.509083e+07 1.538404e+08
7.493770e+11 -1.132064e+12
9.528847e+05 -8.822532e+00
3.535249e+14 -1.817313e+14
-9.689664e+10 6.081007e+10
2.590321e+11 1.458500e+12
4.875234e+07 2.308599e+00
-3.983119e+08 3.823169e+08
-7.377149e+09 1.036271e+09
1.568932e+13 -5.634888e+12
-2.043131e+09 -5.097726e+08
-3.282823e+06 9.819100e+05
4.154457e+15 -5.935521e+15
2.202642e+06 4.180291e+06
-6.934997e+10 -2.011536e+10
-4.564228e+17 7.431418e+17
-7.025846e+08 4.328358e+08
2.034927e+13 -6.575862e+12
5.624361e+09 -3.663226e+09
-2.032144e+08 7.597473e+08
7.142800e+11 -7.042137e+11
1.811194e+08 3.392383e+08
2.771106e+10 4.257416e+10
-7.238008e+06 1.250543e+07
6.420824e+08 -6.911973e+08
-3.674684e+06 -1.757803e+07
3.712435e+06 1.754434e+07
8.858375e+00 -1.825071e+07
-2.232354e+11 4.474678e+11
-1.094456e+08 3.331743e+07
-1.793427e+08 -1.425255e+08
-2.486445e+07 -4.058032e+07
8.918293e+00 1.639821e+07
3.484802e+09 6.705590e+09
-9.196040e+07 2.477835e+08
2.703020e+15 -1.279877e+16
1.546850e+07 -7.863119e+06
-4.351744e+06 -1.765679e+07
7.005068e+08 -4.326255e+08
-1.407085e+06 -4.517559e+06
-5.817460e+16 -2.164159e+17
-9.190638e+05 -7.740947e+00
9.241733e+07 -7.446172e+06
-1.391836e+09 -1.337846e+08
-7.097583e+06 -1.146053e+06
-6.421318e+08 6.911845e+08
-6.105466e+06 -6.984012e+06
-1.345869e+08 1.508725e+08
-3.893915e+11 -7.573729e+10
-9.467397e+10 3.468721e+11
-4.809896e+00 9.689339e+05
-5.732362e+12 -1.810857e+11
1.730043e+08 -6.419872e+07
6.627066e+13 -1.147930e+14
2.058651e-01 -4.337694e+07
6.381215e+06 -7.910122e+06
-2.715330e+05 -2.301242e+06
5.332137e+08 -1.228450e+08
4.116904e+05 2.307836e+06
1.387808e+06 4.471572e+06
-1.025699e+11 1.151276e+10
-8.331809e+06 -2.352451e+05
-2.589946e+11 -1.458350e+12
1.718595e+10 3.460646e+10
-2.780544e+11 -6.234373e+11
-9.279641e+15 3.816353e+14
4.223812e+06 1.826205e+07
1.345377e+08 -1.508729e+08
1.495548e+06 1.651161e+07
9.466516e+10 -3.468579e+11
-3.353793e+08 -3.169470e+08
1.545574e+14 5.090057e+13
4.974248e+08 1.565511e+08
4.058259e+09 -7.058889e+08
9.200564e+07 -2.477685e+08
1.391770e+09 1.341283e+08
3.366980e+08 -2.848499e+08
2.155313e+09 2.140902e+09
-2.469810e+08 4.312035e+08
6.820639e+08 1.244594e+09
-7.739463e+06 -3.568308e+06
4.854636e+07 6.971354e+06
-6.627336e+13 1.148035e+14
-4.850477e+07 -6.759740e+06
-7.546319e+06 -1.224639e+07
9.280303e+15 -3.817016e+14
-4.630304e+07 1.070442e+06
2.411785e+11 -5.370100e+10
-1.533775e+12 1.478679e+12
-2.393489e+07 8.717980e+07
-2.412298e+11 5.370846e+10
3.353878e+08 3.169685e+08
2.701154e+07 4.165016e+07
-6.290772e+05 -1.786240e+07
7.177966e+00 3.277152e+06
2.626249e+06 -3.378228e+06
4.854600e+08 1.641412e+08
3.893841e+11 7.572768e+10
-3.826331e+06 5.982891e+06
2.636083e+09 1.752367e+09
2.975061e+12 -4.145535e+12
-5.326762e+08 1.238020e+08
2.883505e+08 1.318616e+07
-1.718517e+10 -3.460861e+10
1.209603e+21 -9.992589e+20
1.847458e+05 4.917069e+06
7.350574e+00 2.747698e+06
2.535300e+07 -9.047610e+07
7.357895e+13 -5.119228e+13
8.905705e+00 1.083798e+06
7.437740e+08 -5.429458e+08
-3.327405e+06 -3.275711e+05
1.532313e+07 -1.017219e+06
1.101409e+08 -3.245190e+07
-3.366743e+08 1.892263e+08
1.010327e+07 8.561901e+05
-3.350544e+14 -6.385414e+14
-4.056200e+09 7.081041e+08
3.033556e+07 -1.162099e+08
9.547627e+09 8.163467e+09
-6.558468e+07 1.971465e+06
3.324679e+07 -9.264881e+07
-1.010620e+08 1.166164e+08
-2.703075e+15 1.279825e+16
9.087392e+07 4.347432e+07
1.857991e+09 5.534088e+09
2.232143e+11 -4.474309e+11
-7.358120e+13 5.118967e+13
-4.398530e+10 -1.438332e+10
3.137948e+10 7.823967e+08
-3.137756e+10 -7.823332e+08
1.015339e+08 -1.160441e+08
-4.767178e+07 1.722142e+08
5.817579e+16 2.163960e+17
-4.540730e+06 -1.146432e+07
3.721792e+00 -3.846827e+06
-1.766149e+07 4.235190e+08
9.358308e+08 -5.519842e+07
2.568667e+06 -1.578196e+06
-2.573320e+06 1.589535e+06
-5.311950e+09 -2.545182e+09
6.554023e+07 -3.477226e+06
9.013303e+00 2.461024e+07
-3.085297e+19 -6.497347e+19
3.618337e+07 -2.765971e+07
7.686624e+05 2.342685e+00
-6.157589e+06 -1.126783e+07
-1.720544e+08 6.428662e+07
7.571605e+06 3.667003e+06
1.973747e+06 5.183296e+00
-5.954680e+08 -1.510526e+08
-2.361869e+06 -8.447017e+06
4.769983e+07 -1.723011e+08
-2.345182e+07 9.875565e+06
2.298634e+06 6.643334e+06
-2.771631e+10 -4.258269e+10
-1.209812e+21 9.994627e+20
1.505758e+05 -4.733650e+00
-3.032299e+07 1.162813e+08
-3.636659e+13 -1.323646e+13
5.136642e+08 -4.960225e+10
4.627572e+00 -3.827260e+06
-9.543795e+06 -1.105008e+08
-8.855846e+09 -1.144762e+11
-1.858537e+09 -5.535516e+09
1.703364e+09 1.266960e+09
-1.233684e+08 -3.944489e+08
8.292196e+07 1.392309e+08
-6.827276e+08 -1.245672e+09
-2.034115e+06 2.638396e+00
4.231272e+00 -2.756709e+06
-3.535934e+14 1.817628e+14
2.396804e+15 2.589187e+16
-8.049032e+06 6.349746e+00
3.368345e+09 1.926247e+09
-3.894345e+00 3.297662e+06
-9.399678e+08 4.662208e+07
-3.590285e+07 2.763993e+07
8.101391e+06 -9.094522e+00
-2.217621e+08 1.896601e+08
-7.149779e+11 7.042582e+11
-2.274698e+05 -1.845311e+07
-2.569470e+13 9.279274e+14
-2.336912e+11 1.066133e+12
4.851692e+06 -1.297486e+07
5.093900e+07 7.749529e+06
-8.676538e+07 -1.473911e+08
2.778701e+07 -2.070411e+06
-9.110387e+00 3.685524e+06
-4.532541e+07 -1.312069e+07
6.145297e+06 1.123452e+07
-5.306050e+09 1.561389e+09
-2.101218e+12 -2.316330e+12
5.653920e+07 -1.451609e+07
1.460358e+12 2.204162e+11
2.337637e+07 -9.998500e+06
3.747832e+08 9.726036e+08
-2.119932e+08 -2.247218e+08
-1.316576e+06 -7.257404e+05
-9.181696e+06 1.907423e+06
3.107992e+08 -4.061146e+07
9.745126e-01 1.176547e+06
5.739720e+06 4.997343e+06
7.307289e+10 1.544903e+10
4.590973e+06 6.000681e+06
9.115156e+11 -1.703797e+11
-2.089740e+05 -5.030812e+04
-1.170649e+09 5.069061e+07
9.199156e+08 8.134275e+08
-1.313968e+15 1.184278e+15
-1.815641e+08 -3.388173e+08
-1.410957e+06 -1.340422e+06
4.532032e+07 1.321630e+07
5.622962e+09 2.329279e+10
-9.136548e+05 6.477172e+00
1.030244e+01 2.779188e+06
-2.035466e+13 6.580690e+12
-3.234155e+07 -1.960428e+07
-5.596143e+08 -1.580647e+08
-7.180255e+00 1.220483e+07
1.858212e+10 -1.210455e+10
-1.546284e+14 -5.091770e+13
9.335581e+06 1.132846e+07
-4.621527e+06 1.283865e+07
-5.134327e+08 4.960219e+10
3.338009e+08 8.568001e+07
5.619049e+06 -1.038812e+06
3.252702e+06 -9.120410e+05
-4.647529e+07 2.045376e+07
-2.396828e+15 -2.589081e+16
-2.972857e+06 8.206139e+00
4.685908e+11 -8.161970e+10
1.969464e+11 -1.410463e+09
-1.969746e+11 1.410543e+09
1.020448e+11 3.370796e+10
-1.569076e+13 5.635521e+12
5.734818e+12 1.811435e+11
6.936502e+10 2.011892e+10
-2.428877e+07 4.682346e+07
4.399537e+10 1.438305e+10
1.772014e+07 -4.240070e+08
6.332333e+06 -1.260143e+07
-3.728684e+09 -2.258066e+08
7.159708e+05 -2.557526e+00
5.772114e+09 1.109387e+09
-9.169619e+07 -4.365295e+07
6.784310e+06 -2.659740e+07
-9.247526e-01 -1.199234e+07
-1.577618e+06 7.625128e-01
2.781481e+11 6.236597e+11
-9.178139e+07 7.407556e+07
-2.711263e+07 2.813789e+06
7.736589e+07 6.401206e+07
-1.363204e+07 5.919928e+07
-4.474428e+10 6.025287e+10
-7.198445e+08 1.227069e+08
2.154116e+06 5.126245e+00
2.540322e+08 -2.492074e+08
2.569574e+13 -9.279179e+14
-1.031427e+09 -1.746784e+09
-9.995839e+08 2.040013e+09
-9.314435e+07 7.823357e+06
1.313981e+15 -1.184254e+15
-1.444137e+07 2.668570e+06
3.729004e+09 2.249451e+08
3.085517e+19 6.498606e+19
-3.338296e+08 -8.584677e+07
-8.355799e+07 -1.381714e+08
-6.702808e+06 2.666678e+07
-9.987522e+06 -1.233954e+06
8.863092e+05 6.931468e+06
-4.963913e+09 6.452968e+10
2.470537e+08 -4.312359e+08
3.447665e+11 5.391249e+12
4.474519e+10 -6.024800e+10
2.034088e+08 -7.598440e+08
5.574808e+08 1.596069e+08
-3.756668e+08 -9.707689e+08
1.206453e+06 2.905067e+00
9.432069e+06 -7.965363e-01
8.761879e+05 1.767674e+07
-9.191658e+08 -8.126009e+08
1.219421e+08 3.954155e+08
-7.807529e+07 -6.433699e+07
2.336765e+11 -1.066082e+12
-5.043654e+07 -7.838834e+06
7.435604e+06 1.346730e+06
2.023055e+10 1.405187e+10
7.679617e+00 -1.117285e+07
9.976520e+08 -2.039780e+09
1.170646e+09 -5.069701e+07
-7.033039e+06 7.153732e+06
-7.495802e+06 -4.072392e+06
-2.058290e+07 5.251788e+00
8.714227e+06 5.908631e+06
