8.268468e+05 -5.193312e+00
3.286052e+06 -5.786166e+05
3.439425e+09 4.445274e+10
8.160811e+11 8.996889e+11
-6.163780e+11 -8.428928e+11
-2.241652e+09 -4.306492e+08
6.388453e+06 -2.287902e+07
-2.881073e+06 -2.365352e+06
-9.513776e+05 -6.281659e+06
-2.096732e+06 -9.968867e+00
3.038789e+05 -6.653582e+05
-1.410362e+07 3.754003e+07
1.928070e+09 -2.506651e+10
2.059985e+09 -6.060463e+08
-2.076077e+10 -4.495920e+09
2.061486e+09 9.878321e+08
-5.499237e+05 1.780608e+07
-2.768909e+06 -9.617201e+05
7.970426e+06 -5.441910e+00
-9.875638e+07 9.659956e+07
-8.988270e+05 -1.802527e+06
-1.587273e+09 5.936077e+08
5.970506e+08 1.933726e+10
-2.837351e+10 -5.998797e+09
-2.176838e+07 4.259870e+07
-5.667611e+06 5.611198e+05
3.085623e+05 -5.814130e+04
3.607282e+07 -2.817352e+07
-9.048291e+12 -2.457841e+12
2.282157e+00 -1.470240e+06
1.773488e+07 -8.008414e+06
-5.421927e+07 1.061038e+07
-1.336262e+10 -4.016608e+09
-1.308424e+09 -7.480602e+08
-1.669366e+07 -2.376597e+06
3.763320e+10 -2.361863e+10
1.301632e+14 2.480801e+14
3.188988e+05 5.929494e+05
2.076693e+10 4.497134e+09
6.992695e+07 5.629949e+07
3.985924e+10 -4.473487e+09
8.775830e+05 1.799775e+06
7.009341e+00 -8.479084e+05
-7.856463e+09 -5.458465e+09
5.965482e+06 4.326378e+07
8.790340e+05 -8.339176e+05
-1.154179e+12 1.608267e+12
5.507294e+05 -4.198092e+05
5.423672e+07 -1.065683e+07
-8.371876e+08 -8.315552e+08
2.797766e+08 -4.826575e+07
1.260400e+07 7.545463e+06
4.742319e+00 -6.439641e+05
6.404190e+06 -7.201022e+05
1.412539e+13 5.141192e+12
1.586522e+09 -5.939889e+08
-1.820466e+11 3.170850e+10
2.315137e+08 5.872524e+07
1.666567e+06 4.333256e+06
-1.869059e+07 -5.627210e+07
-7.903993e+12 -1.061866e+13
-3.540678e+11 6.618556e+10
2.678327e+07 -5.366527e+07
8.297761e+07 9.213311e+07
-1.613625e+15 2.305825e+15
-1.488981e+08 4.873395e+07
8.928840e+06 -1.815476e+07
-5.673443e+11 -8.562620e+10
-3.704050e+09 -3.166499e+09
2.866180e+09 -4.025023e+08
2.088664e+06 -4.758681e-01
-5.485062e+09 -6.103639e+09
9.048766e+12 2.457712e+12
7.915995e+08 1.970685e+08
4.650568e+04 9.369050e+00
-3.963431e+10 -1.309468e+10
-1.336365e+11 -2.090315e+12
-1.335557e+09 -2.600736e+09
-1.480209e+06 1.530179e+06
-1.922835e+08 -6.061238e+07
-2.205423e+09 -9.037242e+09
7.903786e+12 1.061810e+13
-2.185226e+09 1.423167e+09
2.180326e+07 -4.262927e+07
-2.889322e+08 2.109776e+08
-1.121042e+08 -5.583402e+06
-5.531883e+00 -7.196092e+06
6.164438e+11 8.429366e+11
-8.700383e+05 5.789168e+00
-6.914677e+04 8.535881e+00
-2.679452e+07 5.353440e+07
5.485337e+09 6.104762e+09
-1.023505e+09 -6.804809e+08
1.773284e+17 -2.887311e+17
1.336668e+10 4.018650e+09
-4.367913e+00 -1.438170e+06
4.000666e+08 6.790816e+08
1.064180e+06 -1.395275e+06
-3.899073e+04 -1.011454e+06
-7.215622e+09 4.700185e+09
-5.964134e+08 -1.934384e+10
5.958927e+11 -5.744192e+11
-6.625742e+08 -4.924492e+08
-2.910513e+11 4.397535e+11
3.087383e+04 9.073769e+05
9.749195e+06 5.977184e+07
2.910589e+11 -4.397304e+11
3.703012e+05 -2.682317e-01
1.372605e+14 -7.055406e+13
-3.763862e+10 2.362088e+10
1.005450e+11 5.661525e+11
1.894636e+07 -3.608164e+00
-1.547621e+08 1.485485e+08
-2.866385e+09 4.026850e+08
6.093556e+12 -2.188581e+12
-7.914506e+08 -1.974896e+08
-1.275255e+06 3.814324e+05
1.614217e+15 -2.306369e+15
8.547045e+05 1.621921e+06
-2.694335e+10 -7.815439e+09
-1.773610e+17 2.887765e+17
-2.606445e+08 1.605819e+08
7.905974e+12 -2.555156e+12
2.185452e+09 -1.423177e+09
-7.895234e+07 2.951717e+08
2.775535e+11 -2.736419e+11
7.036427e+07 1.318008e+08
1.076469e+10 1.653807e+10
-2.807932e+06 4.851413e+06
2.494216e+08 -2.685104e+08
-1.427926e+06 -6.830764e+06
1.442827e+06 6.817542e+06
1.570280e+00 -7.087315e+06
-8.634709e+10 1.730809e+11
-4.250686e+07 1.294127e+07
-6.966347e+07 -5.536283e+07
-9.658583e+06 -1.576376e+07
3.260194e+00 6.368635e+06
1.353918e+09 2.605386e+09
-3.572621e+07 9.626274e+07
1.049479e+15 -4.969330e+15
6.010209e+06 -3.054933e+06
-1.690139e+06 -6.857241e+06
2.598591e+08 -1.604788e+08
-5.465842e+05 -1.755109e+06
-2.255573e+16 -8.391277e+16
-3.569333e+05 7.840064e+00
3.589399e+07 -2.891794e+06
-5.407492e+08 -5.197225e+07
-2.755838e+06 -4.449325e+05
-2.494593e+08 2.685224e+08
-2.372105e+06 -2.713418e+06
-5.229218e+07 5.861903e+07
-1.512893e+11 -2.942607e+10
-3.678195e+10 1.347705e+11
2.671027e+00 3.764452e+05
-2.227213e+12 -7.035248e+10
6.718701e+07 -2.493146e+07
2.573558e+13 -4.458103e+13
-1.100238e+01 -1.683439e+07
2.474663e+06 -3.067763e+06
-1.056305e+05 -8.941599e+05
2.068876e+08 -4.766310e+07
1.599659e+05 8.966597e+05
5.393256e+05 1.737354e+06
-3.984665e+10 4.472358e+09
-3.236841e+06 -9.135019e+04
-1.005236e+11 -5.660183e+11
6.675676e+09 1.344294e+10
-1.080286e+11 -2.422360e+11
-3.605506e+15 1.482907e+14
1.640669e+06 7.093706e+06
5.227719e+07 -5.862338e+07
5.810801e+05 6.415428e+06
3.677900e+10 -1.347493e+11
-1.302525e+08 -1.230880e+08
5.998819e+13 1.975564e+13
1.926442e+08 6.062540e+07
1.575168e+09 -2.739700e+08
3.573851e+07 -9.624316e+07
5.406337e+08 5.209995e+07
1.307317e+08 -1.106003e+08
8.371005e+08 8.315070e+08
-9.584909e+07 1.673383e+08
2.649378e+08 4.834509e+08
-3.005478e+06 -1.385514e+06
1.886036e+07 2.708203e+06
-2.573355e+13 4.457634e+13
-1.884514e+07 -2.626145e+06
-2.930857e+06 -4.756758e+06
3.605128e+15 -1.482869e+14
-1.798933e+07 4.155811e+05
9.367852e+10 -2.086118e+10
-5.958130e+11 5.744564e+11
-9.298022e+06 3.386768e+07
-9.372114e+10 2.086679e+10
1.302580e+08 1.231070e+08
1.049224e+07 1.617786e+07
-2.444725e+05 -6.939062e+06
-2.964257e+00 1.272778e+06
1.020096e+06 -1.312295e+06
1.886078e+08 6.377184e+07
1.512856e+11 2.942255e+10
-1.486541e+06 2.324288e+06
1.023950e+09 6.806293e+08
1.154028e+12 -1.608098e+12
-2.066796e+08 4.803315e+07
1.119855e+08 5.120746e+06
-6.675994e+09 -1.344365e+10
4.698831e+20 -3.881909e+20
7.187220e+04 1.909657e+06
6.547596e+00 1.067247e+06
9.849472e+06 -3.514648e+07
2.857573e+13 -1.988181e+13
9.817951e+00 4.208936e+05
2.888349e+08 -2.108629e+08
-1.292042e+06 -1.270475e+05
5.952875e+06 -3.951385e+05
4.277129e+07 -1.260353e+07
-1.307232e+08 7.347205e+07
3.924957e+06 3.323942e+05
-1.301496e+14 -2.480215e+14
-1.574337e+09 2.748432e+08
1.178181e+07 -4.513362e+07
3.704073e+09 3.167134e+09
-2.547401e+07 7.654934e+05
1.291703e+07 -3.599733e+07
-3.923520e+07 4.527268e+07
-1.049479e+15 4.968807e+15
3.530065e+07 1.688806e+07
7.217839e+08 2.149989e+09
8.635143e+10 -1.730853e+11
-2.858399e+13 1.988494e+13
-1.708594e+10 -5.587248e+09
1.218889e+10 3.039087e+08
-1.218825e+10 -3.038885e+08
3.942225e+07 -4.505629e+07
-1.852256e+07 6.691200e+07
2.255751e+16 8.390394e+16
-1.763229e+06 -4.452059e+06
-6.904191e+00 -1.493601e+06
-6.854220e+06 1.643484e+08
3.630996e+08 -2.141524e+07
9.976418e+05 -6.128418e+05
-9.994046e+05 6.173530e+05
-2.062267e+09 -9.881260e+08
2.545499e+07 -1.350417e+06
1.084066e+01 9.560251e+06
-1.198305e+19 -2.523419e+19
1.405187e+07 -1.074194e+07
2.984353e+05 -8.190375e+00
-2.391626e+06 -4.376433e+06
-6.682879e+07 2.497067e+07
2.941166e+06 1.424375e+06
7.668069e+05 9.555707e-01
-2.313327e+08 -5.868036e+07
-9.174894e+05 -3.281666e+06
1.853255e+07 -6.694192e+07
-9.108941e+06 3.835773e+06
8.929180e+05 2.580695e+06
-1.076379e+10 -1.653714e+10
-4.698831e+20 3.882113e+20
5.843473e+04 6.636883e+00
-1.177676e+07 4.516043e+07
-1.412576e+13 -5.141192e+12
1.995466e+08 -1.926971e+10
9.703522e+00 -1.486696e+06
-3.707727e+06 -4.292994e+07
-3.440811e+09 -4.447698e+10
-7.219654e+08 -2.150346e+09
6.616844e+08 4.921751e+08
-4.790229e+07 -1.531577e+08
3.220983e+07 5.408174e+07
-2.652206e+08 -4.838981e+08
-7.900721e+05 5.269303e+00
-4.370752e+00 -1.070626e+06
-1.372642e+14 7.055591e+13
9.311933e+14 1.005969e+16
-3.125870e+06 -1.824884e+00
1.308388e+09 7.482290e+08
7.092103e+00 1.280821e+06
-3.646897e+08 1.808861e+07
-1.394050e+07 1.073439e+07
3.146307e+06 9.818071e-01
-8.612054e+07 7.364693e+07
-2.777571e+11 2.736071e+11
-8.823937e+04 -7.169032e+06
-9.979709e+12 3.604240e+14
-9.077841e+10 4.141619e+11
1.884885e+06 -5.040208e+06
1.978916e+07 3.010471e+06
-3.369460e+07 -5.723780e+07
1.079172e+07 -8.039864e+05
-9.557101e-01 1.431605e+06
-1.760655e+07 -5.096452e+06
2.386456e+06 4.363045e+06
-2.060910e+09 6.064764e+08
-8.163811e+11 -8.999253e+11
2.196316e+07 -5.639582e+06
5.674631e+11 8.564181e+10
9.081092e+06 -3.884160e+06
1.455953e+08 3.778197e+08
-8.201757e+07 -8.694980e+07
-5.114771e+05 -2.821073e+05
-3.567306e+06 7.412438e+05
1.207037e+08 -1.577194e+07
-5.276083e+00 4.572075e+05
2.229805e+06 1.941370e+06
2.839187e+10 6.002496e+09
1.783690e+06 2.331606e+06
3.540958e+11 -6.618620e+10
-8.119898e+04 -1.963242e+04
-4.547712e+08 1.969187e+07
3.573819e+08 3.160170e+08
-5.104495e+14 4.600658e+14
-7.053283e+07 -1.316222e+08
-5.480438e+05 -5.206806e+05
1.760485e+07 5.133812e+06
2.184322e+09 9.048044e+09
-3.548181e+05 1.062136e+01
-8.168395e+00 1.079807e+06
-7.907010e+12 2.556295e+12
-1.256240e+07 -7.614717e+06
-2.173681e+08 -6.140013e+07
-2.742465e+00 4.740986e+06
7.216664e+09 -4.700828e+09
-6.001657e+13 -1.976291e+13
3.626216e+06 4.400489e+06
-1.795177e+06 4.987577e+06
-1.994981e+08 1.927241e+10
1.297066e+08 3.329219e+07
2.181820e+06 -4.030191e+05
1.263554e+06 -3.541199e+05
-1.805471e+07 7.945556e+06
-9.312666e+14 -1.006022e+16
-1.154574e+06 5.795691e+00
1.820700e+11 -3.171119e+10
7.650049e+10 -5.478319e+08
-7.650652e+10 5.478662e+08
3.964418e+10 1.309586e+10
-6.094195e+12 2.188696e+12
2.228207e+12 7.037853e+10
2.694866e+10 7.816336e+09
-9.435525e+06 1.818984e+07
1.709023e+10 5.587299e+09
6.876877e+06 -1.645486e+08
2.457056e+06 -4.889034e+06
-1.448532e+09 -8.773056e+07
2.782788e+05 -6.485715e+00
2.241828e+09 4.308604e+08
-3.562263e+07 -1.695841e+07
2.636109e+06 -1.033546e+07
8.692693e+00 -4.658793e+06
-6.127571e+05 5.676586e+00
1.080656e+11 2.422995e+11
-3.564440e+07 2.876811e+07
-1.052983e+07 1.092861e+06
3.003372e+07 2.484910e+07
-5.294936e+06 2.299497e+07
-1.737977e+10 2.340407e+10
-2.794543e+08 4.763991e+07
8.361901e+05 1.254863e-01
9.868446e+07 -9.680969e+07
9.981278e+12 -3.604429e+14
-4.006386e+08 -6.785056e+08
-3.873140e+08 7.904418e+08
-3.618016e+07 3.038593e+06
5.104763e+14 -4.600779e+14
-5.608793e+06 1.036387e+06
1.448720e+09 8.739215e+07
1.198557e+19 2.524280e+19
-1.297173e+08 -3.335723e+07
-3.245880e+07 -5.367435e+07
-2.604445e+06 1.036165e+07
-3.880134e+06 -4.791220e+05
3.441707e+05 2.692924e+06
-1.928620e+09 2.507317e+10
9.588289e+07 -1.673712e+08
1.337986e+11 2.092349e+12
1.738069e+10 -2.340347e+10
7.901918e+07 -2.951800e+08
2.165582e+08 6.200166e+07
-1.459367e+08 -3.771362e+08
4.685417e+05 -8.639522e+00
3.664899e+06 -8.814615e+00
3.403782e+05 6.867275e+06
-3.570979e+08 -3.156939e+08
4.735030e+07 1.535402e+08
-3.030961e+07 -2.497600e+07
9.077587e+10 -4.141193e+11
-1.959276e+07 -3.045003e+06
2.886858e+06 5.227235e+05
7.857101e+09 5.457960e+09
-5.955273e+00 -4.322095e+06
3.864956e+08 -7.902774e+08
4.547553e+08 -1.969508e+07
-2.727687e+06 2.774552e+06
-2.911773e+06 -1.581838e+06
-7.995960e+06 1.006685e+01
3.385122e+06 2.295591e+06
