8.315730e+05 4.317296e+00
3.304771e+06 -5.819130e+05
3.459010e+09 4.470592e+10
8.207284e+11 9.048119e+11
-6.198879e+11 -8.476922e+11
-2.254426e+09 -4.331030e+08
6.424843e+06 -2.300947e+07
-2.897493e+06 -2.378830e+06
-9.567958e+05 -6.317432e+06
-2.108678e+06 -3.265205e+00
3.056073e+05 -6.691463e+05
-1.418390e+07 3.775372e+07
1.939048e+09 -2.520922e+10
2.071722e+09 -6.094995e+08
-2.087902e+10 -4.521530e+09
2.073241e+09 9.934641e+08
-5.530610e+05 1.790765e+07
-2.784671e+06 -9.671948e+05
8.015815e+06 4.954574e+00
-9.931885e+07 9.714973e+07
-9.039470e+05 -1.812792e+06
-1.596311e+09 5.969879e+08
6.004511e+08 1.944742e+10
-2.853513e+10 -6.032964e+09
-2.189241e+07 4.284135e+07
-5.699887e+06 5.643141e+05
3.103198e+05 -5.847237e+04
3.627845e+07 -2.833405e+07
-9.099811e+12 -2.471835e+12
-5.486190e+00 -1.478614e+06
1.783592e+07 -8.054035e+06
-5.452800e+07 1.067080e+07
-1.343874e+10 -4.039485e+09
-1.315877e+09 -7.523209e+08
-1.678872e+07 -2.390130e+06
3.784757e+10 -2.375316e+10
1.309045e+14 2.494927e+14
3.207071e+05 5.963277e+05
2.088519e+10 4.522744e+09
7.032530e+07 5.662019e+07
4.008622e+10 -4.498960e+09
8.825772e+05 1.810018e+06
5.631093e-01 -8.527314e+05
-7.901218e+09 -5.489556e+09
5.999446e+06 4.351010e+07
8.840397e+05 -8.386670e+05
-1.160767e+12 1.617448e+12
5.538651e+05 -4.221999e+05
5.454565e+07 -1.071752e+07
-8.419571e+08 -8.362926e+08
2.813717e+08 -4.854094e+07
1.267579e+07 7.588440e+06
-5.045838e+00 -6.476276e+05
6.440677e+06 -7.242027e+05
1.420546e+13 5.170338e+12
1.595513e+09 -5.973551e+08
-1.830782e+11 3.188818e+10
2.328260e+08 5.905807e+07
1.675993e+06 4.357807e+06
-1.879649e+07 -5.659094e+07
-7.948814e+12 -1.067886e+13
-3.560747e+11 6.656070e+10
2.693501e+07 -5.396935e+07
8.345116e+07 9.265893e+07
-1.622772e+15 2.318894e+15
-1.497421e+08 4.901016e+07
8.979447e+06 -1.825766e+07
-5.705589e+11 -8.611138e+10
-3.725093e+09 -3.184488e+09
2.882422e+09 -4.047832e+08
2.100505e+06 9.164678e+00
-5.516146e+09 -6.138231e+09
9.100049e+12 2.471641e+12
7.961078e+08 1.981908e+08
4.676815e+04 4.123957e+00
-3.985896e+10 -1.316890e+10
-1.343960e+11 -2.102191e+12
-1.343132e+09 -2.615486e+09
-1.488601e+06 1.538854e+06
-1.933793e+08 -6.095782e+07
-2.217933e+09 -9.088494e+09
7.948606e+12 1.067830e+13
-2.197612e+09 1.431234e+09
2.192685e+07 -4.287091e+07
-2.905709e+08 2.121740e+08
-1.127401e+08 -5.615072e+06
9.432039e-01 -7.236886e+06
6.199375e+11 8.477139e+11
-8.749721e+05 -2.576582e+00
-6.953918e+04 -3.512007e+00
-2.694638e+07 5.383780e+07
5.516421e+09 6.139353e+09
-1.029310e+09 -6.843397e+08
1.783334e+17 -2.903674e+17
1.344246e+10 4.041432e+09
-9.473041e+00 -1.446326e+06
4.023361e+08 6.829333e+08
1.070211e+06 -1.403183e+06
-3.921210e+04 -1.017189e+06
-7.256542e+09 4.726840e+09
-5.997939e+08 -1.945348e+10
5.992701e+11 -5.776750e+11
-6.663305e+08 -4.952410e+08
-2.927016e+11 4.422470e+11
3.104724e+04 9.125183e+05
9.804445e+06 6.011058e+07
2.927093e+11 -4.422239e+11
3.723972e+05 2.814620e+00
1.380394e+14 -7.095440e+13
-3.785199e+10 2.375479e+10
1.011157e+11 5.693661e+11
1.905370e+07 1.011942e+01
-1.556392e+08 1.493903e+08
-2.882627e+09 4.049665e+08
6.128110e+12 -2.200992e+12
-7.959578e+08 -1.986141e+08
-1.282485e+06 3.835933e+05
1.623365e+15 -2.319438e+15
8.595570e+05 1.631133e+06
-2.709606e+10 -7.859734e+09
-1.783660e+17 2.904129e+17
-2.622361e+08 1.615623e+08
7.950787e+12 -2.569644e+12
2.197838e+09 -1.431244e+09
-7.939991e+07 2.968449e+08
2.791263e+11 -2.751926e+11
7.076310e+07 1.325479e+08
1.082572e+10 1.663184e+10
-2.823885e+06 4.878975e+06
2.508355e+08 -2.700325e+08
-1.436015e+06 -6.869466e+06
1.450997e+06 6.856166e+06
5.750149e+00 -7.127511e+06
-8.684002e+10 1.740689e+11
-4.274791e+07 1.301465e+07
-7.005845e+07 -5.567673e+07
-9.713342e+06 -1.585312e+07
-1.026065e+01 6.404748e+06
1.361592e+09 2.620154e+09
-3.592871e+07 9.680832e+07
1.055433e+15 -4.997522e+15
6.044264e+06 -3.072244e+06
-1.699721e+06 -6.896127e+06
2.614458e+08 -1.614587e+08
-5.496799e+05 -1.765054e+06
-2.268399e+16 -8.438986e+16
-3.589527e+05 7.864475e+00
3.609750e+07 -2.908188e+06
-5.438145e+08 -5.226687e+07
-2.771470e+06 -4.474531e+05
-2.508733e+08 2.700445e+08
-2.385546e+06 -2.728793e+06
-5.258852e+07 5.895125e+07
-1.521467e+11 -2.959283e+10
-3.699040e+10 1.355344e+11
5.688289e+00 3.785752e+05
-2.239838e+12 -7.075126e+10
6.756807e+07 -2.507286e+07
2.588155e+13 -4.483388e+13
2.940529e+00 -1.692997e+07
2.488731e+06 -3.085201e+06
-1.062262e+05 -8.992243e+05
2.080627e+08 -4.793383e+07
1.608701e+05 9.017391e+05
5.423830e+05 1.747203e+06
-4.007258e+10 4.497714e+09
-3.255187e+06 -9.186561e+04
-1.010944e+11 -5.692319e+11
6.713525e+09 1.351915e+10
-1.086410e+11 -2.436089e+11
-3.625940e+15 1.491312e+14
1.649968e+06 7.133925e+06
5.257352e+07 -5.895563e+07
5.843718e+05 6.451787e+06
3.698746e+10 -1.355131e+11
-1.309911e+08 -1.237861e+08
6.032878e+13 1.986779e+13
1.937416e+08 6.097078e+07
1.584109e+09 -2.755251e+08
3.594110e+07 -9.678870e+07
5.436987e+08 5.239532e+07
1.314733e+08 -1.112277e+08
8.418471e+08 8.362219e+08
-9.639330e+07 1.682884e+08
2.664397e+08 4.861916e+08
-3.022520e+06 -1.393370e+06
1.896723e+07 2.723551e+06
-2.587952e+13 4.482920e+13
-1.895196e+07 -2.641026e+06
-2.947471e+06 -4.783722e+06
3.625562e+15 -1.491274e+14
-1.809127e+07 4.179331e+05
9.420965e+10 -2.097944e+10
-5.991904e+11 5.777123e+11
-9.350723e+06 3.405964e+07
-9.425227e+10 2.098505e+10
1.309967e+08 1.238050e+08
1.055172e+07 1.626957e+07
-2.458543e+05 -6.978392e+06
-8.636626e+00 1.279991e+06
1.025875e+06 -1.319731e+06
1.896767e+08 6.413327e+07
1.521430e+11 2.958930e+10
-1.494965e+06 2.337460e+06
1.029757e+09 6.844891e+08
1.160586e+12 -1.617236e+12
-2.078536e+08 4.830602e+07
1.126207e+08 5.149790e+06
-6.713843e+09 -1.351987e+10
4.725469e+20 -3.903916e+20
7.227554e+04 1.920483e+06
-6.917807e+00 1.073295e+06
9.905303e+06 -3.534571e+07
2.873778e+13 -1.999455e+13
8.617738e+00 4.232762e+05
2.904731e+08 -2.120586e+08
-1.299365e+06 -1.277651e+05
5.986608e+06 -3.973741e+05
4.301385e+07 -1.267500e+07
-1.314647e+08 7.388879e+07
3.947205e+06 3.342764e+05
-1.308874e+14 -2.494276e+14
-1.583273e+09 2.764033e+08
1.184862e+07 -4.538955e+07
3.725117e+09 3.185125e+09
-2.561844e+07 7.698313e+05
1.299023e+07 -3.620132e+07
-3.945780e+07 4.552954e+07
-1.055433e+15 4.997000e+15
3.550076e+07 1.698379e+07
7.258755e+08 2.162176e+09
8.684436e+10 -1.740733e+11
-2.874603e+13 1.999768e+13
-1.718280e+10 -5.618921e+09
1.225799e+10 3.056316e+08
-1.225735e+10 -3.056113e+08
3.964598e+07 -4.531195e+07
-1.862753e+07 6.729121e+07
2.268577e+16 8.438103e+16
-1.773227e+06 -4.477306e+06
-7.730770e+00 -1.502071e+06
-6.893135e+06 1.652815e+08
3.651621e+08 -2.153688e+07
1.003295e+06 -6.163142e+05
-1.005069e+06 6.208505e+05
-2.073968e+09 -9.937323e+08
2.559931e+07 -1.358072e+06
2.345297e+00 9.614434e+06
-1.205099e+19 -2.537728e+19
1.413156e+07 -1.080286e+07
3.001245e+05 5.959355e+00
-2.405183e+06 -4.401244e+06
-6.720774e+07 2.511226e+07
2.957838e+06 1.432449e+06
7.711508e+05 -1.727925e-01
-2.326439e+08 -5.901296e+07
-9.226864e+05 -3.300260e+06
1.863758e+07 -6.732124e+07
-9.160572e+06 3.857511e+06
8.979744e+05 2.595316e+06
-1.082483e+10 -1.663091e+10
-4.725469e+20 3.904119e+20
5.876323e+04 -6.946358e+00
-1.184353e+07 4.541648e+07
-1.420583e+13 -5.170338e+12
2.006774e+08 -1.937891e+10
7.374156e+00 -1.495118e+06
-3.728733e+06 -4.317319e+07
-3.460308e+09 -4.472899e+10
-7.260575e+08 -2.162534e+09
6.654347e+08 4.949647e+08
-4.817398e+07 -1.540264e+08
3.239240e+07 5.438830e+07
-2.667237e+08 -4.866407e+08
-7.945474e+05 6.177814e+00
-4.868259e+00 -1.076692e+06
-1.380430e+14 7.095625e+13
9.364693e+14 1.011669e+16
-3.143590e+06 1.104847e-01
1.315805e+09 7.524701e+08
-9.111779e+00 1.288079e+06
-3.667609e+08 1.819133e+07
-1.401956e+07 1.079525e+07
3.164141e+06 -2.756961e+00
-8.660889e+07 7.406457e+07
-2.793310e+11 2.751574e+11
-8.873665e+04 -7.209654e+06
-1.003628e+13 3.624670e+14
-9.129296e+10 4.165093e+11
1.895565e+06 -5.068772e+06
1.990131e+07 3.027530e+06
-3.388566e+07 -5.756235e+07
1.085291e+07 -8.085428e+05
3.164467e+00 1.439716e+06
-1.770634e+07 -5.125336e+06
2.399985e+06 4.387780e+06
-2.072593e+09 6.099146e+08
-8.210070e+11 -9.050246e+11
2.208764e+07 -5.671538e+06
5.706777e+11 8.612698e+10
9.131843e+06 -3.906170e+06
1.464204e+08 3.799610e+08
-8.248550e+07 -8.744586e+07
-5.143725e+05 -2.837015e+05
-3.587517e+06 7.454397e+05
1.213882e+08 -1.586137e+07
-1.508410e+00 4.597956e+05
2.242440e+06 1.952370e+06
2.855274e+10 6.036508e+09
1.793796e+06 2.344815e+06
3.561027e+11 -6.656134e+10
-8.165703e+04 -1.974029e+04
-4.573486e+08 1.980348e+07
3.594073e+08 3.178078e+08
-5.133426e+14 4.626732e+14
-7.093257e+07 -1.323682e+08
-5.511468e+05 -5.236283e+05
1.770463e+07 5.162908e+06
2.196703e+09 9.099332e+09
-3.568255e+05 -6.709674e+00
-6.956972e+00 1.085921e+06
-7.951823e+12 2.570783e+12
-1.263325e+07 -7.657654e+06
-2.185944e+08 -6.174650e+07
5.453220e+00 4.767875e+06
7.257393e+09 -4.727482e+09
-6.035716e+13 -1.987506e+13
3.646765e+06 4.425425e+06
-1.805348e+06 5.015840e+06
-2.006285e+08 1.938161e+10
1.304414e+08 3.348080e+07
2.194189e+06 -4.053030e+05
1.270711e+06 -3.561232e+05
-1.815702e+07 7.990580e+06
-9.365426e+14 -1.011721e+16
-1.161115e+06 9.203192e+00
1.831016e+11 -3.189087e+10
7.693418e+10 -5.509374e+08
-7.694021e+10 5.509719e+08
3.986882e+10 1.317007e+10
-6.128749e+12 2.201107e+12
2.240832e+12 7.077732e+10
2.710137e+10 7.860630e+09
-9.488998e+06 1.829292e+07
1.718709e+10 5.618970e+09
6.915919e+06 -1.654828e+08
2.471007e+06 -4.916800e+06
-1.456742e+09 -8.822773e+07
2.798518e+05 3.011040e+00
2.254539e+09 4.333036e+08
-3.582453e+07 -1.705452e+07
2.651041e+06 -1.039401e+07
-4.794203e-01 -4.685193e+06
-6.162275e+05 5.066317e+00
1.086779e+11 2.436724e+11
-3.584649e+07 2.893121e+07
-1.058954e+07 1.099055e+06
3.020412e+07 2.499009e+07
-5.324948e+06 2.312531e+07
-1.747829e+10 2.353673e+10
-2.810397e+08 4.791018e+07
8.409332e+05 6.795491e+00
9.924377e+07 -9.735836e+07
1.003785e+13 -3.624860e+14
-4.029098e+08 -6.823520e+08
-3.895187e+08 7.949412e+08
-3.638528e+07 3.055820e+06
5.133694e+14 -4.626853e+14
-5.640595e+06 1.042262e+06
1.456930e+09 8.788740e+07
1.205351e+19 2.538589e+19
-1.304521e+08 -3.354620e+07
-3.264277e+07 -5.397854e+07
-2.619196e+06 1.042034e+07
-3.902120e+06 -4.818360e+05
3.461185e+05 2.708180e+06
-1.939548e+09 2.521523e+10
9.642715e+07 -1.683212e+08
1.345581e+11 2.104226e+12
1.747920e+10 -2.353613e+10
7.946708e+07 -2.968531e+08
2.177857e+08 6.235309e+07
-1.467638e+08 -3.792750e+08
4.711990e+05 -4.609642e+00
3.685667e+06 7.255300e+00
3.423035e+05 6.906195e+06
-3.591217e+08 -3.174830e+08
4.761886e+07 1.544110e+08
-3.048159e+07 -2.511772e+07
9.129042e+10 -4.164668e+11
-1.970381e+07 -3.062258e+06
2.903230e+06 5.256854e+05
7.901650e+09 5.488907e+09
8.030853e+00 -4.346757e+06
3.886960e+08 -7.947761e+08
4.573328e+08 -1.980670e+07
-2.743186e+06 2.790317e+06
-2.928275e+06 -1.590801e+06
-8.041275e+06 6.686971e+00
3.404308e+06 2.308602e+06
