1.444393e+06 -3.481675e-01
5.737389e+06 -1.010287e+06
6.005275e+09 7.761728e+10
1.424940e+12 1.570944e+12
-1.076187e+12 -1.471778e+12
-3.915327e+09 -7.521545e+08
1.115821e+07 -3.995071e+07
-5.030759e+06 -4.129804e+06
-1.660867e+06 -1.096832e+07
-3.661704e+06 9.766777e+00
5.302939e+05 -1.161139e+06
-2.462348e+07 6.554314e+07
3.366331e+09 -4.376346e+10
3.597644e+09 -1.058480e+09
-3.625246e+10 -7.851041e+09
3.601412e+09 1.725650e+09
-9.607488e+05 3.111472e+07
-4.834305e+06 -1.679283e+06
1.391903e+07 -8.680791e+00
-1.724764e+08 1.687051e+08
-1.569505e+06 -3.147847e+06
-2.771646e+09 1.036524e+09
1.042598e+09 3.376889e+10
-4.955011e+10 -1.047581e+10
-3.801832e+07 7.438211e+07
-9.895994e+06 9.797258e+05
5.390246e+05 -1.013791e+05
6.302015e+07 -4.921070e+07
-1.579908e+13 -4.291211e+12
-9.525800e+00 -2.567746e+06
3.096666e+07 -1.398422e+07
-9.466543e+07 1.852573e+07
-2.333477e+10 -7.014621e+09
-2.285115e+09 -1.306430e+09
-2.915250e+07 -4.150367e+06
6.572870e+10 -4.125092e+10
2.272921e+14 4.331718e+14
5.561937e+05 1.035969e+06
3.626366e+10 7.853255e+09
1.221373e+08 9.833116e+07
6.960698e+10 -7.811933e+09
1.532440e+06 3.142633e+06
-8.867181e+00 -1.479791e+06
-1.372102e+10 -9.532577e+09
1.041607e+07 7.553948e+07
1.535114e+06 -1.456365e+06
-2.017559e+12 2.811284e+12
9.619397e+05 -7.333945e+05
9.470995e+07 -1.860934e+07
-1.462166e+09 -1.452417e+09
4.888191e+08 -8.432783e+07
2.201391e+07 1.317859e+07
2.326724e+00 -1.124385e+06
1.118650e+07 -1.257711e+06
2.466809e+13 8.978668e+12
2.770471e+09 -1.037197e+09
-3.178807e+11 5.536342e+10
4.042662e+08 1.025459e+08
2.910458e+06 7.567367e+06
-3.263262e+07 -9.824966e+07
-1.380351e+13 -1.854335e+13
-6.182504e+11 1.155746e+11
4.676038e+07 -9.369187e+07
1.453181e+08 1.613613e+08
-2.817364e+15 4.026132e+15
-2.600110e+08 8.509867e+07
1.559218e+07 -3.170199e+07
-9.905830e+11 -1.495072e+11
-6.473636e+09 -5.534482e+09
5.004535e+09 -7.028083e+08
3.648263e+06 5.159426e+00
-9.577849e+09 -1.065835e+10
1.580097e+13 4.291275e+12
1.385119e+09 3.448159e+08
8.123934e+04 6.574521e+00
-6.920743e+10 -2.286707e+10
-2.335224e+11 -3.652972e+12
-2.332393e+09 -4.541967e+09
-2.584466e+06 2.671814e+06
-3.365049e+08 -1.060720e+08
-3.851223e+09 -1.578166e+10
1.380351e+13 1.854335e+13
-3.815643e+09 2.485182e+09
3.807231e+07 -7.444038e+07
-5.046261e+08 3.684795e+08
-1.958077e+08 -9.752472e+06
2.635833e+00 -1.256568e+07
1.076286e+12 1.471777e+12
-1.519405e+06 -9.487787e+00
-1.209182e+05 2.608413e+00
-4.678294e+07 9.347226e+07
9.577539e+09 1.065915e+10
-1.787601e+09 -1.188354e+09
3.095966e+17 -5.041146e+17
2.334039e+10 7.017397e+09
3.449184e+00 -2.511680e+06
6.987850e+08 1.186048e+09
1.858203e+06 -2.436579e+06
-6.822437e+04 -1.766550e+06
-1.260295e+10 8.209528e+09
-1.041407e+09 -3.377849e+10
1.040475e+12 -1.003018e+12
-1.157088e+09 -8.599412e+08
-5.082720e+11 7.679928e+11
5.405968e+04 1.584225e+06
1.702165e+07 1.043627e+08
5.082949e+11 -7.678889e+11
6.463978e+05 9.895144e+00
2.397697e+14 -1.232523e+14
-6.572656e+10 4.124865e+10
1.756707e+11 9.891769e+11
3.307611e+07 -5.127483e+00
-2.702164e+08 2.593625e+08
-5.004499e+09 7.030113e+08
1.064197e+13 -3.822188e+12
-1.384759e+09 -3.455097e+08
-2.226875e+06 6.659891e+05
2.818423e+15 -4.026919e+15
1.493751e+06 2.834802e+06
-4.704518e+10 -1.364600e+10
-3.096432e+17 5.041449e+17
-4.701237e+08 2.896392e+08
1.380428e+13 -4.461311e+12
3.815537e+09 -2.484939e+09
-1.378509e+08 5.153630e+08
4.845608e+11 -4.777462e+11
1.228660e+08 2.301342e+08
1.879794e+10 2.888085e+10
-4.907836e+06 8.479654e+06
4.355631e+08 -4.688926e+08
-2.492988e+06 -1.192575e+07
2.518678e+06 1.190264e+07
1.112933e+01 -1.237948e+07
-1.512335e+11 3.031362e+11
-7.423698e+07 2.260061e+07
-1.216532e+08 -9.667998e+07
-1.686637e+07 -2.752615e+07
6.843495e+00 1.112241e+07
2.363938e+09 4.548862e+09
-6.238028e+07 1.680828e+08
1.833301e+15 -8.680566e+15
1.049344e+07 -5.334112e+06
-2.951719e+06 -1.197592e+07
4.687234e+08 -2.894771e+08
-9.545499e+05 -3.064542e+06
-3.943942e+16 -1.467209e+17
-6.233629e+05 -3.853462e+00
6.268619e+07 -5.050556e+06
-9.442108e+08 -9.075331e+07
-4.813963e+06 -7.773006e+05
-4.355965e+08 4.688817e+08
-4.142031e+06 -4.737976e+06
-9.130571e+07 1.023542e+08
-2.641659e+11 -5.138117e+10
-6.422678e+10 2.353136e+11
4.735071e-01 6.574030e+05
-3.888694e+12 -1.228390e+11
1.173445e+08 -4.354396e+07
4.494925e+13 -7.785964e+13
-2.653292e+00 -2.941614e+07
4.326622e+06 -5.363346e+06
-1.843930e+05 -1.561240e+06
3.615800e+08 -8.330011e+07
2.793340e+05 1.565746e+06
9.416613e+05 3.033561e+06
-6.958179e+10 7.810251e+09
-5.652459e+06 -1.596171e+05
-1.756518e+11 -9.890425e+11
1.165817e+10 2.347441e+10
-1.886249e+11 -4.229405e+11
-6.295470e+15 2.589086e+14
2.865372e+06 1.238815e+07
9.127133e+07 -1.023571e+08
1.014793e+06 1.120211e+07
6.422284e+10 -2.353135e+11
-2.275067e+08 -2.150052e+08
1.048295e+14 3.452304e+13
3.371517e+08 1.061051e+08
2.752452e+09 -4.787413e+08
6.241414e+07 -1.680784e+08
9.441368e+08 9.098642e+07
2.283742e+08 -1.932128e+08
1.462059e+09 1.452283e+09
-1.675011e+08 2.924352e+08
4.626959e+08 8.442913e+08
-5.249774e+06 -2.420364e+06
3.293438e+07 4.729315e+06
-4.495330e+13 7.786783e+13
-3.290559e+07 -4.585826e+06
-5.118959e+06 -8.307721e+06
6.295754e+15 -2.589515e+14
-3.141216e+07 7.259117e+05
1.635962e+11 -3.642645e+10
-1.040425e+12 1.003090e+12
-1.623577e+07 5.913891e+07
-1.636444e+11 3.643380e+10
2.274913e+08 2.150040e+08
1.832288e+07 2.825324e+07
-4.267614e+05 -1.211799e+07
-4.470259e+00 2.223046e+06
1.781549e+06 -2.291720e+06
3.293361e+08 1.113547e+08
2.641623e+11 5.137501e+10
-2.595721e+06 4.058527e+06
1.788101e+09 1.188622e+09
2.017196e+12 -2.810903e+12
-3.612177e+08 8.394856e+07
1.955878e+08 8.943895e+06
-1.165758e+10 -2.347584e+10
8.205226e+20 -6.778415e+20
1.253233e+05 3.335034e+06
-8.391167e+00 1.863783e+06
1.719831e+07 -6.137559e+07
4.991038e+13 -3.472492e+13
1.297394e+00 7.351212e+05
5.045000e+08 -3.682821e+08
-2.256815e+06 -2.220344e+05
1.039481e+07 -6.900684e+05
7.470708e+07 -2.201140e+07
-2.283465e+08 1.283442e+08
6.853987e+06 5.808094e+05
-2.272819e+14 -4.331458e+14
-2.750916e+09 4.802419e+08
2.057867e+07 -7.883341e+07
6.474652e+09 5.536071e+09
-4.449297e+07 1.337278e+06
2.255601e+07 -6.285686e+07
-6.854697e+07 7.909712e+07
-1.833522e+15 8.680827e+15
6.164981e+07 2.949377e+07
1.260489e+09 3.754525e+09
1.512468e+11 -3.031634e+11
-4.991938e+13 3.472701e+13
-2.984074e+10 -9.757852e+09
2.128786e+10 5.307814e+08
-2.128658e+10 -5.307281e+08
6.886912e+07 -7.870851e+07
-3.234072e+07 1.168278e+08
3.944358e+16 1.467121e+17
-3.079979e+06 -7.776327e+06
1.016045e+01 -2.609252e+06
-1.197794e+07 2.872093e+08
6.345939e+08 -3.743094e+07
1.742530e+06 -1.070554e+06
-1.745605e+06 1.078278e+06
-3.602873e+09 -1.726333e+09
4.445876e+07 -2.358702e+06
-1.147533e+00 1.669525e+07
-2.092921e+19 -4.407305e+19
2.454304e+07 -1.876170e+07
5.213773e+05 -8.870712e+00
-4.176867e+06 -7.643265e+06
-1.167117e+08 4.360733e+07
5.136253e+06 2.487472e+06
1.338962e+06 -6.801883e+00
-4.039612e+08 -1.024704e+08
-1.602153e+06 -5.730246e+06
3.236075e+07 -1.168881e+08
-1.590826e+07 6.698840e+06
1.559261e+06 4.506708e+06
-1.880040e+10 -2.888465e+10
-8.206706e+20 6.780045e+20
1.021836e+05 5.951518e+00
-2.056915e+07 7.887693e+07
-2.466957e+13 -8.978669e+12
3.484565e+08 -3.364957e+10
-7.271564e+00 -2.596318e+06
-6.474431e+06 -7.496424e+07
-6.007970e+09 -7.766466e+10
-1.260830e+09 -3.755249e+09
1.155560e+09 8.595050e+08
-8.368009e+07 -2.675535e+08
5.625193e+07 9.445082e+07
-4.631567e+08 -8.450411e+08
-1.379854e+06 6.262416e+00
4.342324e+00 -1.869866e+06
-2.398201e+14 1.232745e+14
1.625992e+15 1.756548e+16
-5.460002e+06 1.007808e+01
2.284992e+09 1.306745e+09
1.106038e+01 2.237007e+06
-6.374231e+08 3.161613e+07
-2.435295e+07 1.874906e+07
5.495377e+06 -4.806769e+00
-1.504210e+08 1.286410e+08
-4.850220e+11 4.777501e+11
-1.543225e+05 -1.251861e+07
-1.742900e+13 6.294390e+14
-1.585233e+11 7.232102e+11
3.291233e+06 -8.801607e+06
3.455491e+07 5.256972e+06
-5.885046e+07 -9.997113e+07
1.884754e+07 -1.404245e+06
-8.871318e+00 2.500020e+06
-3.074616e+07 -8.899929e+06
4.168101e+06 7.620122e+06
-3.599047e+09 1.059045e+09
-1.425369e+12 -1.571298e+12
3.835231e+07 -9.846877e+06
9.907313e+11 1.495273e+11
1.585696e+07 -6.782730e+06
2.542395e+08 6.597764e+08
-1.436323e+08 -1.522565e+08
-8.931891e+05 -4.924733e+05
-6.228987e+06 1.294173e+06
2.108258e+08 -2.754774e+07
6.319468e+00 7.984471e+05
3.893957e+06 3.390349e+06
4.957499e+10 1.048106e+10
3.114654e+06 4.071077e+06
6.183529e+11 -1.155814e+11
-1.418672e+05 -3.421582e+04
-7.941552e+08 3.438753e+07
6.240540e+08 5.518254e+08
-8.913680e+14 8.033769e+14
-1.231698e+08 -2.298476e+08
-9.571813e+05 -9.092511e+05
3.074265e+07 8.965345e+06
3.814310e+09 1.580048e+10
-6.198158e+05 5.834887e+00
-2.687859e+00 1.885522e+06
-1.380843e+13 4.464261e+12
-2.193940e+07 -1.329871e+07
-3.796187e+08 -1.072239e+08
3.043449e+00 8.278951e+06
1.260397e+10 -8.210376e+09
-1.048642e+14 -3.453134e+13
6.332709e+06 7.684728e+06
-3.135039e+06 8.709504e+06
-3.483433e+08 3.365139e+10
2.264655e+08 5.812788e+07
3.811344e+06 -7.043297e+05
2.206433e+06 -6.185595e+05
-3.152701e+07 1.387498e+07
-1.626016e+15 -1.756495e+16
-2.016591e+06 1.311006e+00
3.178846e+11 -5.537146e+10
1.335912e+11 -9.568188e+08
-1.336214e+11 9.568536e+08
6.922729e+10 2.286717e+10
-1.064357e+13 3.822763e+12
3.890507e+12 1.228873e+11
4.705569e+10 1.364844e+10
-1.647648e+07 3.176350e+07
2.984388e+10 9.756440e+09
1.201647e+07 -2.875371e+08
4.294013e+06 -8.544912e+06
-2.529372e+09 -1.531802e+08
4.858049e+05 1.898548e+00
3.915165e+09 7.524899e+08
-6.220260e+07 -2.961194e+07
4.602360e+06 -1.804414e+07
1.054195e+00 -8.135415e+06
-1.070270e+06 -8.533633e+00
1.886931e+11 4.230867e+11
-6.225618e+07 5.024613e+07
-1.839049e+07 1.908685e+06
5.247191e+07 4.341495e+07
-9.247402e+06 4.015695e+07
-3.035098e+10 4.087098e+10
-4.882026e+08 8.322394e+07
1.460907e+06 -2.595779e+00
1.723266e+08 -1.690535e+08
1.743057e+13 -6.294390e+14
-6.996610e+08 -1.184936e+09
-6.775724e+08 1.382825e+09
-6.318458e+07 5.307176e+06
8.914082e+14 -8.033889e+14
-9.796639e+06 1.810366e+06
2.529815e+09 1.526080e+08
2.093141e+19 4.408431e+19
-2.264814e+08 -5.823979e+07
-5.668357e+07 -9.373140e+07
-4.547285e+06 1.809168e+07
-6.776090e+06 -8.370506e+05
6.012505e+05 4.702375e+06
-3.367573e+09 4.377809e+10
1.675439e+08 -2.924445e+08
2.338078e+11 3.656216e+12
3.035326e+10 -4.087101e+10
1.379906e+08 -5.154707e+08
3.781911e+08 1.082767e+08
-2.548494e+08 -6.585797e+08
8.183856e+05 8.796053e+00
6.399118e+06 7.725571e+00
5.944568e+05 1.199202e+07
-6.235956e+08 -5.512841e+08
8.271589e+07 2.682185e+08
-5.295625e+07 -4.363685e+07
1.585255e+11 -7.232009e+11
-3.421571e+07 -5.317888e+06
5.043468e+06 9.134626e+05
1.372312e+10 9.532770e+09
-8.078810e+00 -7.570170e+06
6.762428e+08 -1.382694e+09
7.941814e+08 -3.439358e+07
-4.769132e+06 4.851085e+06
-5.085686e+06 -2.762833e+06
-1.396373e+07 3.240608e+00
5.911958e+06 4.009026e+06
