2.113364e+06 8.463833e+00
8.392608e+06 -1.477853e+06
8.784667e+09 1.135342e+11
2.084555e+12 2.298080e+12
-1.574265e+12 -2.152926e+12
-5.728509e+09 -1.100494e+09
1.632462e+07 -5.845362e+07
-7.360503e+06 -6.042463e+06
-2.429845e+06 -1.604502e+07
-5.357255e+06 8.400824e+00
7.756846e+05 -1.698443e+06
-3.601846e+07 9.587630e+07
4.924540e+09 -6.402238e+10
5.263817e+09 -1.548661e+09
-5.303350e+10 -1.148528e+10
5.269778e+09 2.524979e+09
-1.405862e+06 4.552985e+07
-7.071661e+06 -2.456426e+06
2.036073e+07 -8.381111e+00
-2.523185e+08 2.468013e+08
-2.295647e+06 -4.604518e+06
-4.054484e+09 1.516295e+09
1.525237e+09 4.940206e+10
-7.249112e+10 -1.532567e+10
-5.561998e+07 1.088158e+08
-1.447653e+07 1.433331e+06
7.886995e+05 -1.485174e+05
9.221073e+07 -7.200211e+07
-2.311159e+13 -6.277732e+12
1.056819e+01 -3.756929e+06
4.530020e+07 -2.045802e+07
-1.384775e+08 2.710085e+07
-3.413586e+10 -1.026112e+10
-3.342824e+09 -1.911138e+09
-4.264687e+07 -6.071607e+06
9.615750e+10 -6.034880e+10
3.324857e+14 6.336461e+14
8.131301e+05 1.515692e+06
5.304538e+10 1.148767e+10
1.786669e+08 1.438417e+08
1.018222e+11 -1.142730e+10
2.241659e+06 4.597177e+06
3.040337e+00 -2.164328e+06
-2.007396e+10 -1.394583e+10
1.523742e+07 1.105054e+08
2.245974e+06 -2.130886e+06
-2.952743e+12 4.114228e+12
1.407273e+06 -1.072824e+06
1.385427e+08 -2.722117e+07
-2.139038e+09 -2.124887e+09
7.152013e+08 -1.233943e+08
3.220714e+07 1.928105e+07
5.578025e+00 -1.644851e+06
1.636649e+07 -1.840143e+06
3.608710e+13 1.313539e+13
4.052867e+09 -1.517310e+09
-4.649909e+11 8.098494e+10
5.914053e+08 1.500140e+08
4.257977e+06 1.107101e+07
-4.773799e+07 -1.437244e+08
-2.019169e+13 -2.712523e+13
-9.043515e+11 1.690608e+11
6.839545e+07 -1.370422e+08
2.128326e+08 2.363345e+08
-4.121086e+15 5.889174e+15
-3.803209e+08 1.244837e+08
2.280827e+07 -4.637530e+07
-1.448974e+12 -2.186960e+11
-9.473915e+09 -8.099096e+09
7.320429e+09 -1.028003e+09
5.336907e+06 4.883590e+00
-1.400982e+10 -1.559100e+10
2.311397e+13 6.277474e+12
2.028021e+09 5.048724e+08
1.188643e+05 -8.440631e+00
-1.012423e+11 -3.345208e+10
-3.417101e+11 -5.345392e+12
-3.411998e+09 -6.644012e+09
-3.780440e+06 3.908177e+06
-4.926541e+08 -1.552945e+08
-5.633758e+09 -2.308558e+10
2.019211e+13 2.712523e+13
-5.581566e+09 3.635376e+09
5.569716e+07 -1.088986e+08
-7.382238e+08 5.390262e+08
-2.864589e+08 -1.426758e+07
-8.127067e+00 -1.838176e+07
1.574397e+12 2.152903e+12
-2.222902e+06 -4.041667e+00
-1.769958e+05 1.050258e+01
-6.843481e+07 1.367222e+08
1.400921e+10 1.559165e+10
-2.615252e+09 -1.738530e+09
4.529101e+17 -7.374677e+17
3.414586e+10 1.026569e+10
-2.464204e+00 -3.674700e+06
1.022331e+09 1.735169e+09
2.718384e+06 -3.564433e+06
-9.994883e+04 -2.584390e+06
-1.843830e+10 1.201084e+10
-1.523415e+09 -4.941315e+10
1.522052e+12 -1.467265e+12
-1.692608e+09 -1.257949e+09
-7.435778e+11 1.123510e+12
7.894054e+04 2.317277e+06
2.489950e+07 1.526673e+08
7.436619e+11 -1.123430e+12
9.456263e+05 2.448260e+00
3.508278e+14 -1.803450e+14
-9.615772e+10 6.034634e+10
2.570558e+11 1.447371e+12
4.838064e+07 -5.477202e+00
-3.952745e+08 3.794016e+08
-7.320903e+09 1.028370e+09
1.556967e+13 -5.591911e+12
-2.027523e+09 -5.058785e+08
-3.257787e+06 9.744269e+05
4.122780e+15 -5.890263e+15
2.185838e+06 4.148391e+06
-6.882115e+10 -1.996197e+10
-4.529426e+17 7.374752e+17
-6.970731e+08 4.294405e+08
2.019408e+13 -6.525692e+12
5.581468e+09 -3.635289e+09
-2.016645e+08 7.539527e+08
7.088332e+11 -6.988436e+11
1.797383e+08 3.366511e+08
2.749971e+10 4.224944e+10
-7.182760e+06 1.240999e+07
6.371860e+08 -6.859263e+08
-3.646673e+06 -1.744401e+07
3.684140e+06 1.741058e+07
3.079462e+00 -1.811151e+07
-2.215284e+11 4.440463e+11
-1.086109e+08 3.306331e+07
-1.779749e+08 -1.414384e+08
-2.467482e+07 -4.027084e+07
-6.372529e+00 1.627316e+07
3.458228e+09 6.654448e+09
-9.125916e+07 2.458942e+08
2.682400e+15 -1.270114e+16
1.535057e+07 -7.803172e+06
-4.318563e+06 -1.752213e+07
6.950121e+08 -4.292320e+08
-1.396364e+06 -4.483120e+06
-5.773043e+16 -2.147638e+17
-9.120708e+05 -3.719194e-01
9.171256e+07 -7.389400e+06
-1.381221e+09 -1.327644e+08
-7.043451e+06 -1.137324e+06
-6.372352e+08 6.859135e+08
-6.058921e+06 -6.930769e+06
-1.335607e+08 1.497220e+08
-3.864223e+11 -7.515981e+10
-9.395209e+10 3.442269e+11
4.203509e+00 9.615578e+05
-5.688642e+12 -1.797047e+11
1.716847e+08 -6.370907e+07
6.576518e+13 -1.139173e+14
-6.255146e+00 -4.304596e+07
6.332498e+06 -7.849736e+06
-2.694704e+05 -2.283704e+06
5.291443e+08 -1.219075e+08
4.085594e+05 2.290247e+06
1.377220e+06 4.437467e+06
-1.017875e+11 1.142495e+10
-8.268277e+06 -2.334602e+05
-2.570182e+11 -1.447222e+12
1.705488e+10 3.434252e+10
-2.759340e+11 -6.186831e+11
-9.208880e+15 3.787248e+14
4.191607e+06 1.812278e+07
1.335115e+08 -1.497223e+08
1.484149e+06 1.638570e+07
9.394328e+10 -3.442127e+11
-3.328213e+08 -3.145296e+08
1.533780e+14 5.051218e+13
4.936243e+08 1.553550e+08
4.027297e+09 -7.005036e+08
9.130409e+07 -2.458793e+08
1.381156e+09 1.331055e+08
3.341298e+08 -2.826772e+08
2.138876e+09 2.124575e+09
-2.450964e+08 4.279132e+08
6.768630e+08 1.235102e+09
-7.680445e+06 -3.541104e+06
4.817625e+07 6.918206e+06
-6.576788e+13 1.139279e+14
-4.813484e+07 -6.708207e+06
-7.488783e+06 -1.215301e+07
9.209542e+15 -3.787911e+14
-4.595001e+07 1.062297e+06
2.393392e+11 -5.329147e+10
-1.522079e+12 1.467404e+12
-2.375239e+07 8.651506e+07
-2.393904e+11 5.329893e+10
3.328299e+08 3.145511e+08
2.680557e+07 4.133256e+07
-6.242919e+05 -1.772620e+07
8.601359e+00 3.252175e+06
2.606238e+06 -3.352476e+06
4.817583e+08 1.628896e+08
3.864149e+11 7.515021e+10
-3.797159e+06 5.937277e+06
2.615972e+09 1.739001e+09
2.952351e+12 -4.113890e+12
-5.286106e+08 1.228571e+08
2.861509e+08 1.308557e+07
-1.705410e+10 -3.434467e+10
1.200378e+21 -9.916382e+20
1.833490e+05 4.879578e+06
-2.749104e+00 2.726755e+06
2.515966e+07 -8.978616e+07
7.301779e+13 -5.080188e+13
8.507046e+00 1.075547e+06
7.381013e+08 -5.388050e+08
-3.302044e+06 -3.250861e+05
1.520631e+07 -1.009477e+06
1.093009e+08 -3.220439e+07
-3.341063e+08 1.877831e+08
1.002622e+07 8.496722e+05
-3.324994e+14 -6.336721e+14
-4.025255e+09 7.027014e+08
3.010421e+07 -1.153236e+08
9.474756e+09 8.101164e+09
-6.508452e+07 1.956443e+06
3.299333e+07 -9.194241e+07
-1.002911e+08 1.157269e+08
-2.682455e+15 1.270062e+16
9.018092e+07 4.314280e+07
1.843822e+09 5.491883e+09
2.215073e+11 -4.440094e+11
-7.302004e+13 5.079927e+13
-4.364986e+10 -1.427363e+10
3.114019e+10 7.764304e+08
-3.113827e+10 -7.763671e+08
1.007592e+08 -1.151588e+08
-4.730826e+07 1.709010e+08
5.773162e+16 2.147439e+17
-4.506106e+06 -1.137689e+07
-6.666565e+00 -3.817494e+06
-1.752673e+07 4.202874e+08
9.286888e+08 -5.477716e+07
2.549089e+06 -1.566171e+06
-2.553706e+06 1.577424e+06
-5.271430e+09 -2.525768e+09
6.504046e+07 -3.450719e+06
-3.390323e+00 2.442260e+07
-3.061769e+19 -6.447795e+19
3.590741e+07 -2.744876e+07
7.628129e+05 1.007257e+01
-6.110641e+06 -1.118191e+07
-1.707421e+08 6.379632e+07
7.513869e+06 3.639045e+06
1.958704e+06 1.074712e+01
-5.909275e+08 -1.499008e+08
-2.343872e+06 -8.382624e+06
4.733614e+07 -1.709876e+08
-2.327302e+07 9.800287e+06
2.281124e+06 6.592701e+06
-2.750496e+10 -4.225797e+10
-1.200588e+21 9.918419e+20
1.494382e+05 1.083402e+01
-3.009177e+07 1.153946e+08
-3.608932e+13 -1.313553e+13
5.097482e+08 -4.922409e+10
-9.707789e-01 -3.798095e+06
-9.471053e+06 -1.096585e+08
-8.788330e+09 -1.136035e+11
-1.844366e+09 -5.493311e+09
1.690377e+09 1.257300e+09
-1.224276e+08 -3.914406e+08
8.228972e+07 1.381693e+08
-6.775225e+08 -1.236175e+09
-2.018618e+06 5.703558e+00
8.852726e+00 -2.735702e+06
-3.508963e+14 1.803765e+14
2.378533e+15 2.569450e+16
-7.987668e+06 -8.220010e+00
3.342662e+09 1.911560e+09
-1.612170e+00 3.272528e+06
-9.327954e+08 4.626637e+07
-3.562906e+07 2.742918e+07
8.039633e+06 -1.064034e+01
-2.200710e+08 1.882139e+08
-7.095274e+11 6.988895e+11
-2.257477e+05 -1.831244e+07
-2.549878e+13 9.208522e+14
-2.319093e+11 1.058004e+12
4.814710e+06 -1.287595e+07
5.055065e+07 7.690455e+06
-8.610374e+07 -1.462672e+08
2.757513e+07 -2.054632e+06
-3.088162e+00 3.657435e+06
-4.497986e+07 -1.302067e+07
6.098448e+06 1.114887e+07
-5.265591e+09 1.549482e+09
-2.085198e+12 -2.298671e+12
5.610814e+07 -1.440542e+07
1.449226e+12 2.187361e+11
2.319814e+07 -9.922279e+06
3.719258e+08 9.651884e+08
-2.103728e+08 -2.230039e+08
-1.306550e+06 -7.202197e+05
-9.111707e+06 1.892893e+06
3.084290e+08 -4.030175e+07
-1.041645e+01 1.167584e+06
5.695963e+06 4.959251e+06
7.251579e+10 1.533124e+10
4.555976e+06 5.954938e+06
9.045656e+11 -1.690806e+11
-2.073878e+05 -4.993457e+04
-1.161724e+09 5.030412e+07
9.129019e+08 8.072258e+08
-1.303949e+15 1.175249e+15
-1.801798e+08 -3.362340e+08
-1.400212e+06 -1.330214e+06
4.497479e+07 1.311554e+07
5.580087e+09 2.311518e+10
-9.067033e+05 -1.002241e+00
3.101208e-01 2.758017e+06
-2.019947e+13 6.530519e+12
-3.209498e+07 -1.945483e+07
-5.553477e+08 -1.568596e+08
-8.231890e+00 1.211179e+07
1.844042e+10 -1.201225e+10
-1.534489e+14 -5.052932e+13
9.264422e+06 1.124211e+07
-4.586305e+06 1.274078e+07
-5.095183e+08 4.922402e+10
3.312562e+08 8.502687e+07
5.576216e+06 -1.030903e+06
3.227921e+06 -9.051039e+05
-4.612100e+07 2.029784e+07
-2.378557e+15 -2.569344e+16
-2.950205e+06 -1.021930e+01
4.650183e+11 -8.099746e+10
1.954446e+11 -1.399708e+09
-1.954727e+11 1.399788e+09
1.012669e+11 3.345099e+10
-1.557110e+13 5.592543e+12
5.691098e+12 1.797625e+11
6.883619e+10 1.996553e+10
-2.410359e+07 4.646647e+07
4.365992e+10 1.427337e+10
1.758494e+07 -4.207718e+08
6.284021e+06 -1.250528e+07
-3.700254e+09 -2.240849e+08
7.105235e+05 -7.700629e+00
5.728095e+09 1.100927e+09
-9.099702e+07 -4.332010e+07
6.732602e+06 -2.639465e+07
1.851871e+00 -1.190092e+07
-1.565599e+06 -3.335448e+00
2.760277e+11 6.189055e+11
-9.108156e+07 7.351074e+07
-2.690589e+07 2.792340e+06
7.677580e+07 6.352382e+07
-1.352811e+07 5.874790e+07
-4.440312e+10 5.979347e+10
-7.143542e+08 1.217710e+08
2.137690e+06 -7.205480e+00
2.520953e+08 -2.473074e+08
2.549982e+13 -9.208428e+14
-1.023562e+09 -1.733464e+09
-9.919493e+08 2.024432e+09
-9.243401e+07 7.763700e+06
1.303963e+15 -1.175225e+15
-1.433124e+07 2.648225e+06
3.700573e+09 2.232301e+08
3.061989e+19 6.449054e+19
-3.312848e+08 -8.519238e+07
-8.292093e+07 -1.371180e+08
-6.651725e+06 2.646354e+07
-9.911384e+06 -1.224555e+06
8.795638e+05 6.878637e+06
-4.926071e+09 6.403774e+10
2.451690e+08 -4.279460e+08
3.421364e+11 5.350121e+12
4.440404e+10 -5.978860e+10
2.018578e+08 -7.540500e+08
5.532300e+08 1.583900e+08
-3.728026e+08 -9.633622e+08
1.197251e+06 -2.840057e-01
9.360148e+06 -7.997919e+00
8.695210e+05 1.754196e+07
-9.121576e+08 -8.064053e+08
1.210121e+08 3.923998e+08
-7.747972e+07 -6.384622e+07
2.318946e+11 -1.057952e+12
-5.005199e+07 -7.779078e+06
7.378907e+06 1.336473e+06
2.007628e+10 1.394470e+10
2.725280e+00 -1.108745e+07
9.900319e+08 -2.024201e+09
1.161721e+09 -5.031047e+07
-6.979366e+06 7.099141e+06
-7.438656e+06 -4.041350e+06
-2.042598e+07 8.068147e-01
8.647784e+06 5.863575e+06
