1.158394e+06 -2.778320e+00
4.600903e+06 -8.100697e+05
4.815899e+09 6.224317e+10
1.142698e+12 1.259810e+12
-8.630554e+11 -1.180271e+12
-3.139443e+09 -6.031055e+08
8.947408e+06 -3.203796e+07
-4.034518e+06 -3.311937e+06
-1.331967e+06 -8.795921e+06
-2.936271e+06 -2.570069e+00
4.253283e+05 -9.313995e+05
-1.974745e+07 5.256385e+07
2.699763e+09 -3.509797e+10
2.884931e+09 -8.487895e+08
-2.907336e+10 -6.296223e+09
2.887760e+09 1.383733e+09
-7.704465e+05 2.494550e+07
-3.877055e+06 -1.346700e+06
1.116165e+07 -1.088272e+01
-1.383056e+08 1.352840e+08
-1.258600e+06 -2.524081e+06
-2.222548e+09 8.312034e+08
8.360588e+08 2.707999e+10
-3.973378e+10 -8.400740e+09
-3.048540e+07 5.964770e+07
-7.935937e+06 7.856020e+05
4.321096e+05 -8.129457e+04
5.052773e+07 -3.945696e+07
-1.266965e+13 -3.441300e+12
-9.466822e+00 -2.058770e+06
2.483314e+07 -1.121341e+07
-7.591263e+07 1.485509e+07
-1.871125e+10 -5.624622e+09
-1.832316e+09 -1.047567e+09
-2.337662e+07 -3.328036e+06
5.270585e+10 -3.307799e+10
1.822784e+14 3.473928e+14
4.462939e+05 8.307353e+05
2.908232e+10 6.297876e+09
9.793859e+07 7.885094e+07
5.581988e+10 -6.264384e+09
1.228878e+06 2.520176e+06
-8.261830e+00 -1.186854e+06
-1.100251e+10 -7.644029e+09
8.352792e+06 6.057762e+07
1.230950e+06 -1.167783e+06
-1.617308e+12 2.253605e+12
7.713010e+05 -5.879876e+05
7.595034e+07 -1.492306e+07
-1.172436e+09 -1.164614e+09
3.919093e+08 -6.760934e+07
1.765138e+07 1.056685e+07
-3.794307e+00 -9.016202e+05
8.969495e+06 -1.008448e+06
1.978059e+13 7.199720e+12
2.221622e+09 -8.317465e+08
-2.549092e+11 4.439655e+10
3.241809e+08 8.222961e+07
2.333708e+06 6.067947e+06
-2.617034e+07 -7.879318e+07
-1.106904e+13 -1.487002e+13
-4.957989e+11 9.268201e+10
3.749997e+07 -7.513766e+07
1.164180e+08 1.292717e+08
-2.259515e+15 3.228723e+15
-2.085082e+08 6.824229e+07
1.250355e+07 -2.542130e+07
-7.943743e+11 -1.198960e+11
-5.189722e+09 -4.436980e+09
4.013298e+09 -5.635898e+08
2.925187e+06 -3.638859e+00
-7.680325e+09 -8.546825e+09
1.267084e+13 3.441300e+12
1.109972e+09 2.763250e+08
6.510842e+04 -5.475147e+00
-5.549678e+10 -1.833668e+10
-1.872205e+11 -2.928552e+12
-1.870256e+09 -3.641823e+09
-2.072392e+06 2.142405e+06
-2.696350e+08 -8.499407e+07
-3.088090e+09 -1.265432e+10
1.106800e+13 1.486891e+13
-3.059786e+09 1.992829e+09
3.053023e+07 -5.969322e+07
-4.046005e+08 2.954449e+08
-1.569940e+08 -7.819246e+06
5.175901e+00 -1.007600e+07
8.630892e+11 1.180204e+12
-1.218239e+06 -8.517059e+00
-9.687925e+04 -1.845788e+00
-3.751356e+07 7.495498e+07
7.680451e+09 8.547948e+09
-1.433381e+09 -9.528626e+08
2.482710e+17 -4.042523e+17
1.871610e+10 5.627080e+09
1.098428e+01 -2.013770e+06
5.602950e+08 9.509852e+08
1.489968e+06 -1.953727e+06
-5.457779e+04 -1.416482e+06
-1.010555e+10 6.582702e+09
-8.351478e+08 -2.708756e+10
8.343905e+11 -8.043496e+11
-9.278648e+08 -6.896177e+08
-4.075925e+11 6.158442e+11
4.341308e+04 1.270551e+06
1.365062e+07 8.369128e+07
4.075849e+11 -6.157403e+11
5.182951e+05 -1.015381e+01
1.922325e+14 -9.881683e+13
-5.270256e+10 3.307518e+10
1.408386e+11 7.930480e+11
2.652497e+07 -1.070444e+01
-2.166961e+08 2.079872e+08
-4.013270e+09 5.637906e+08
8.533410e+12 -3.064910e+12
-1.109692e+09 -2.768799e+08
-1.785478e+06 5.339482e+05
2.260150e+15 -3.229268e+15
1.197434e+06 2.272491e+06
-3.772635e+10 -1.094317e+10
-2.483222e+17 4.043053e+17
-3.730177e+08 2.298086e+08
1.106965e+13 -3.577688e+12
3.059930e+09 -1.992844e+09
-1.105515e+08 4.133007e+08
3.886084e+11 -3.831461e+11
9.852803e+07 1.845542e+08
1.507446e+10 2.315964e+10
-3.934510e+06 6.797480e+06
3.492674e+08 -3.759877e+08
-1.999010e+06 -9.563343e+06
2.019671e+06 9.544531e+06
-8.444716e-01 -9.925499e+06
-1.211488e+11 2.428337e+11
-5.952401e+07 1.812158e+07
-9.754624e+07 -7.752175e+07
-1.352438e+07 -2.207201e+07
3.600088e-01 8.918100e+06
1.895627e+09 3.647855e+09
-5.002304e+07 1.347819e+08
1.469866e+15 -6.959907e+15
8.414744e+06 -4.277414e+06
-2.366885e+06 -9.602995e+06
3.718979e+08 -2.296689e+08
-7.653264e+05 -2.457321e+06
-3.161068e+16 -1.175985e+17
-4.996715e+05 -5.343518e+00
5.026377e+07 -4.049543e+06
-7.571821e+08 -7.277304e+07
-3.859570e+06 -6.231268e+05
-3.492966e+08 3.759918e+08
-3.321425e+06 -3.799244e+06
-7.321808e+07 8.207921e+07
-2.118321e+11 -4.120267e+10
-5.150322e+10 1.886950e+11
7.527237e+00 5.271141e+05
-3.118448e+12 -9.850381e+10
9.409073e+07 -3.491455e+07
3.604117e+13 -6.243193e+13
6.707233e+00 -2.358296e+07
3.468095e+06 -4.298933e+06
-1.478170e+05 -1.251921e+06
2.898646e+08 -6.677815e+07
2.238663e+05 1.255383e+06
7.550427e+05 2.432558e+06
-5.579681e+10 6.262686e+09
-4.532363e+06 -1.278962e+05
-1.408198e+11 -7.929136e+11
9.348190e+09 1.882336e+10
-1.512565e+11 -3.391507e+11
-5.048163e+15 2.076171e+14
2.297328e+06 9.933151e+06
7.319062e+07 -8.207898e+07
8.135149e+05 8.983581e+06
5.150219e+10 -1.887021e+11
-1.824225e+08 -1.723899e+08
8.404086e+13 2.767700e+13
2.701591e+08 8.502170e+07
2.206692e+09 -3.838144e+08
5.004749e+07 -1.347799e+08
7.570859e+08 7.296049e+07
1.831151e+08 -1.549172e+08
1.172367e+09 1.164520e+09
-1.342866e+08 2.344460e+08
3.710272e+08 6.770165e+08
-4.209390e+06 -1.940547e+06
2.640969e+07 3.792150e+06
-3.604319e+13 6.243544e+13
-2.638617e+07 -3.677258e+06
-4.104570e+06 -6.661461e+06
5.048447e+15 -2.076444e+14
-2.518889e+07 5.819046e+05
1.311873e+11 -2.921157e+10
-8.343258e+11 8.043897e+11
-1.301931e+07 4.742296e+07
-1.312302e+11 2.921778e+10
1.824192e+08 1.724086e+08
1.469314e+07 2.265546e+07
-3.422015e+05 -9.717153e+06
-1.004277e-01 1.782529e+06
1.428492e+06 -1.837749e+06
2.641014e+08 8.929760e+07
2.118324e+11 4.119821e+10
-2.081538e+06 3.254562e+06
1.433906e+09 9.531739e+08
1.617127e+12 -2.253436e+12
-2.895851e+08 6.729829e+07
1.568301e+08 7.171528e+06
-9.348320e+09 -1.882514e+10
6.579671e+20 -5.435508e+20
1.005314e+05 2.674126e+06
3.584849e+00 1.494352e+06
1.379031e+07 -4.921381e+07
4.001878e+13 -2.784226e+13
4.792361e+00 5.893962e+05
4.044979e+08 -2.952854e+08
-1.809324e+06 -1.779185e+05
8.335144e+06 -5.532158e+05
5.990080e+07 -1.764958e+07
-1.830846e+08 1.029050e+08
5.495699e+06 4.655559e+05
-1.822511e+14 -3.473277e+14
-2.205486e+09 3.850219e+08
1.650035e+07 -6.321047e+07
5.190438e+09 4.437936e+09
-3.567663e+07 1.072281e+06
1.808766e+07 -5.040505e+07
-5.495769e+07 6.341633e+07
-1.470059e+15 6.960168e+15
4.943511e+07 2.365034e+07
1.010751e+09 3.010740e+09
1.211645e+11 -2.428610e+11
-4.002853e+13 2.784643e+13
-2.392793e+10 -7.824464e+09
1.706963e+10 4.255966e+08
-1.706803e+10 -4.255474e+08
5.521233e+07 -6.310255e+07
-2.593278e+07 9.368153e+07
3.161365e+16 1.175874e+17
-2.469307e+06 -6.234789e+06
1.071116e+01 -2.091865e+06
-9.602087e+06 2.302372e+08
5.087004e+08 -3.000451e+07
1.397033e+06 -8.582425e+05
-1.399647e+06 8.645680e+05
-2.888637e+09 -1.384093e+09
3.564834e+07 -1.891046e+06
7.929280e+00 1.338748e+07
-1.678200e+19 -3.533992e+19
1.967965e+07 -1.504431e+07
4.179482e+05 -1.120901e+00
-3.349257e+06 -6.128906e+06
-9.358692e+07 3.496738e+07
4.118626e+06 1.994645e+06
1.073794e+06 -5.861048e+00
-3.239447e+08 -8.217378e+07
-1.284750e+06 -4.595281e+06
2.595107e+07 -9.373343e+07
-1.275632e+07 5.371501e+06
1.250297e+06 3.613831e+06
-1.507496e+10 -2.316042e+10
-6.580534e+20 5.436629e+20
8.197494e+04 -8.750561e+00
-1.649359e+07 6.324741e+07
-1.978170e+13 -7.199855e+12
2.794281e+08 -2.698366e+10
3.547834e+00 -2.081954e+06
-5.191818e+06 -6.011435e+07
-4.817948e+09 -6.227897e+10
-1.011024e+09 -3.011252e+09
9.266186e+08 6.892389e+08
-6.709484e+07 -2.145221e+08
4.510689e+07 7.573656e+07
-3.713979e+08 -6.776047e+08
-1.106427e+06 -7.268295e+00
-9.078703e+00 -1.499422e+06
-1.922794e+14 9.883536e+13
1.303910e+15 1.408594e+16
-4.377994e+06 5.183706e+00
1.832245e+09 1.047839e+09
-7.357547e+00 1.793754e+06
-5.109855e+08 2.534530e+07
-1.952617e+07 1.503364e+07
4.406402e+06 -1.624909e+00
-1.206108e+08 1.031452e+08
-3.889386e+11 3.831145e+11
-1.236302e+05 -1.003846e+07
-1.397531e+13 5.047165e+14
-1.271165e+11 5.799179e+11
2.639115e+06 -7.057629e+06
2.770908e+07 4.215367e+06
-4.718757e+07 -8.015961e+07
1.511267e+07 -1.125982e+06
-2.294296e+00 2.004690e+06
-2.465446e+07 -7.136573e+06
3.342025e+06 6.110107e+06
-2.886042e+09 8.492515e+08
-1.143105e+12 -1.260094e+12
3.075559e+07 -7.896890e+06
7.945227e+11 1.199116e+11
1.271521e+07 -5.438888e+06
2.038691e+08 5.290484e+08
-1.150649e+08 -1.219766e+08
-7.161801e+05 -3.948920e+05
-4.994898e+06 1.037738e+06
1.690427e+08 -2.208792e+07
3.668005e+00 6.402287e+05
3.122302e+06 2.718567e+06
3.975353e+10 8.404597e+09
2.497586e+06 3.264644e+06
4.958456e+11 -9.268048e+10
-1.136832e+05 -2.736298e+04
-6.368252e+08 2.757444e+07
5.004227e+08 4.425065e+08
-7.147713e+14 6.442152e+14
-9.876856e+07 -1.843112e+08
-7.674505e+05 -7.290255e+05
2.465248e+07 7.188919e+06
3.058613e+09 1.266954e+10
-4.967699e+05 -1.845263e+00
1.201975e+00 1.511723e+06
-1.107235e+13 3.579632e+12
-1.759144e+07 -1.066319e+07
-3.043883e+08 -8.597618e+07
4.562318e+00 6.638288e+06
1.010610e+10 -6.583256e+09
-8.407082e+13 -2.768427e+13
5.077836e+06 6.161779e+06
-2.513664e+06 6.983656e+06
-2.793370e+08 2.698542e+10
1.816069e+08 4.661363e+07
3.055676e+06 -5.644677e+05
1.769077e+06 -4.958221e+05
-2.528101e+07 1.112584e+07
-1.303910e+15 -1.408568e+16
-1.616806e+06 4.448341e+00
2.549324e+11 -4.440232e+10
1.071119e+11 -7.671917e+08
-1.071401e+11 7.672341e+08
5.551162e+10 1.833675e+10
-8.534369e+12 3.065082e+12
3.119793e+12 9.854286e+10
3.773321e+10 1.094443e+10
-1.321188e+07 2.547056e+07
2.393143e+10 7.823773e+09
9.633987e+06 -2.305237e+08
3.442504e+06 -6.850199e+06
-2.028348e+09 -1.228435e+08
3.896422e+05 6.696929e+00
3.139583e+09 6.034217e+08
-4.988196e+07 -2.374692e+07
3.690953e+06 -1.447094e+07
8.501235e+00 -6.523798e+06
-8.581590e+05 -5.441119e+00
1.513105e+11 3.392714e+11
-4.991916e+07 4.028906e+07
-1.474583e+07 1.530492e+06
4.207012e+07 3.480789e+07
-7.415117e+06 3.220113e+07
-2.433834e+10 3.277441e+10
-3.914399e+08 6.673003e+07
1.171309e+06 4.373586e+00
1.381881e+08 -1.355645e+08
1.397740e+13 -5.047354e+14
-5.610432e+08 -9.501606e+08
-5.430173e+08 1.108214e+09
-5.066517e+07 4.255398e+06
7.148115e+14 -6.442273e+14
-7.854894e+06 1.451390e+06
2.028588e+09 1.223719e+08
1.678357e+19 3.534920e+19
-1.816205e+08 -4.670395e+07
-4.545393e+07 -7.516261e+07
-3.646559e+06 1.450772e+07
-5.433294e+06 -6.710461e+05
4.820264e+05 3.770833e+06
-2.700483e+09 3.510731e+10
1.343239e+08 -2.344710e+08
1.874425e+11 2.931192e+12
2.433926e+10 -3.277383e+10
1.106521e+08 -4.133542e+08
3.032621e+08 8.682480e+07
-2.043581e+08 -5.281313e+08
6.562894e+05 -6.266608e+00
5.131609e+06 -4.171660e+00
4.765666e+05 9.615894e+06
-5.000439e+08 -4.420659e+08
6.631993e+07 2.150521e+08
-4.245703e+07 -3.498582e+07
1.271162e+11 -5.799084e+11
-2.743681e+07 -4.264293e+06
4.043739e+06 7.322430e+05
1.100378e+10 7.643723e+09
-3.724168e+00 -6.064316e+06
5.419231e+08 -1.108084e+09
6.368365e+08 -2.757907e+07
-3.822576e+06 3.888208e+06
-4.077773e+06 -2.215253e+06
-1.119693e+07 8.944903e+00
4.740298e+06 3.214506e+06
