2.088404e+06 -3.739236e+00
8.293751e+06 -1.460445e+06
8.681236e+09 1.121971e+11
2.060013e+12 2.271025e+12
-1.555729e+12 -2.127580e+12
-5.661051e+09 -1.087535e+09
1.613244e+07 -5.776468e+07
-7.273789e+06 -5.971285e+06
-2.401230e+06 -1.585610e+07
-5.294169e+06 7.518017e+00
7.665569e+05 -1.678438e+06
-3.559445e+07 9.474774e+07
4.866564e+09 -6.326869e+10
5.201832e+09 -1.530425e+09
-5.240899e+10 -1.135003e+10
5.207697e+09 2.495236e+09
-1.389294e+06 4.499344e+07
-6.988419e+06 -2.427514e+06
2.012102e+07 3.383815e+00
-2.493481e+08 2.438958e+08
-2.268607e+06 -4.550306e+06
-4.006751e+09 1.498443e+09
1.507278e+09 4.882032e+10
-7.163759e+10 -1.514523e+10
-5.496500e+07 1.075344e+08
-1.430608e+07 1.416462e+06
7.794183e+05 -1.467690e+05
9.112477e+07 -7.115435e+07
-2.283951e+13 -6.203833e+12
4.914452e+00 -3.712704e+06
4.476660e+07 -2.021709e+07
-1.368471e+08 2.678181e+07
-3.373385e+10 -1.014030e+10
-3.303466e+09 -1.888636e+09
-4.214483e+07 -6.000137e+06
9.502542e+10 -5.963833e+10
3.285712e+14 6.261859e+14
8.035802e+05 1.497851e+06
5.242087e+10 1.135242e+10
1.765631e+08 1.421480e+08
1.006235e+11 -1.129277e+10
2.215284e+06 4.543080e+06
5.345831e+00 -2.138857e+06
-1.983760e+10 -1.378163e+10
1.505806e+07 1.092046e+08
2.219539e+06 -2.105803e+06
-2.917949e+12 4.065745e+12
1.390713e+06 -1.060198e+06
1.369112e+08 -2.690066e+07
-2.113849e+09 -2.099868e+09
7.067776e+08 -1.219410e+08
3.182798e+07 1.905409e+07
-1.155969e+00 -1.625503e+06
1.617380e+07 -1.818488e+06
3.566229e+13 1.298076e+13
4.005163e+09 -1.499450e+09
-4.595176e+11 8.003159e+10
5.844429e+08 1.482481e+08
4.207848e+06 1.094063e+07
-4.717604e+07 -1.420327e+08
-1.995389e+13 -2.680584e+13
-8.937036e+11 1.670704e+11
6.759038e+07 -1.354289e+08
2.103201e+08 2.335448e+08
-4.072556e+15 5.819834e+15
-3.758434e+08 1.230182e+08
2.253977e+07 -4.582939e+07
-1.431919e+12 -2.161219e+11
-9.362270e+09 -8.003654e+09
7.234254e+09 -1.015902e+09
5.274081e+06 9.410181e-01
-1.384490e+10 -1.540747e+10
2.284188e+13 6.203575e+12
2.004102e+09 4.989180e+08
1.174717e+05 -4.215435e+00
-1.000504e+11 -3.305832e+10
-3.376805e+11 -5.282380e+12
-3.371806e+09 -6.565756e+09
-3.735917e+06 3.862149e+06
-4.868398e+08 -1.534618e+08
-5.567389e+09 -2.281366e+10
1.995431e+13 2.680584e+13
-5.515849e+09 3.592575e+09
5.504143e+07 -1.076165e+08
-7.295299e+08 5.326783e+08
-2.830851e+08 -1.409955e+07
8.451657e+00 -1.816532e+07
1.555861e+12 2.127557e+12
-2.196726e+06 9.286782e+00
-1.749139e+05 -3.839055e+00
-6.762909e+07 1.351125e+08
1.384430e+10 1.540812e+10
-2.584455e+09 -1.718058e+09
4.475782e+17 -7.287859e+17
3.374384e+10 1.014482e+10
4.124044e+00 -3.631432e+06
1.010290e+09 1.714734e+09
2.686386e+06 -3.522476e+06
-9.877437e+04 -2.553964e+06
-1.822120e+10 1.186942e+10
-1.505479e+09 -4.883142e+10
1.504133e+12 -1.449991e+12
-1.672678e+09 -1.243137e+09
-7.348218e+11 1.110281e+12
7.802051e+04 2.289999e+06
2.460637e+07 1.508701e+08
7.349058e+11 -1.110200e+12
9.345059e+05 9.073828e+00
3.466957e+14 -1.782210e+14
-9.502563e+10 5.963588e+10
2.540278e+11 1.430322e+12
4.781116e+07 7.406269e+00
-3.906209e+08 3.749352e+08
-7.234729e+09 1.016266e+09
1.538634e+13 -5.526065e+12
-2.003609e+09 -4.999125e+08
-3.219430e+06 9.629622e+05
4.074250e+15 -5.820923e+15
2.160093e+06 4.099517e+06
-6.801094e+10 -1.972696e+10
-4.476108e+17 7.287935e+17
-6.886291e+08 4.242387e+08
1.995632e+13 -6.448826e+12
5.515753e+09 -3.592489e+09
-1.992899e+08 7.450751e+08
7.004883e+11 -6.906163e+11
1.776223e+08 3.326874e+08
2.717590e+10 4.175195e+10
-7.098116e+06 1.226376e+07
6.296843e+08 -6.778507e+08
-3.603758e+06 -1.723868e+07
3.640790e+06 1.720565e+07
-9.780117e+00 -1.789824e+07
-2.189132e+11 4.388042e+11
-1.073320e+08 3.267397e+07
-1.758793e+08 -1.397730e+08
-2.438430e+07 -3.979670e+07
2.007794e+00 1.608156e+07
3.417514e+09 6.576094e+09
-9.018480e+07 2.429996e+08
2.650809e+15 -1.255156e+16
1.516990e+07 -7.711330e+06
-4.267727e+06 -1.731582e+07
6.865938e+08 -4.240329e+08
-1.379940e+06 -4.430355e+06
-5.704993e+16 -2.122325e+17
-9.013568e+05 -5.014305e-01
9.063279e+07 -7.302419e+06
-1.364958e+09 -1.312013e+08
-6.960517e+06 -1.123951e+06
-6.297331e+08 6.778380e+08
-5.987609e+06 -6.849196e+06
-1.319885e+08 1.479594e+08
-3.818733e+11 -7.427506e+10
-9.284611e+10 3.401744e+11
-7.456834e+00 9.502570e+05
-5.621659e+12 -1.775890e+11
1.696630e+08 -6.295888e+07
6.499074e+13 -1.125758e+14
-8.800055e+00 -4.253887e+07
6.257859e+06 -7.757219e+06
-2.663102e+05 -2.256835e+06
5.229096e+08 -1.204712e+08
4.037625e+05 2.263298e+06
1.360999e+06 4.385215e+06
-1.005889e+11 1.129042e+10
-8.170942e+06 -2.307256e+05
-2.539903e+11 -1.430172e+12
1.685408e+10 3.393814e+10
-2.726853e+11 -6.113993e+11
-9.100468e+15 3.742657e+14
4.142268e+06 1.790939e+07
1.319393e+08 -1.479596e+08
1.466685e+06 1.619280e+07
9.283731e+10 -3.401602e+11
-3.289021e+08 -3.108259e+08
1.515709e+14 4.991715e+13
4.878016e+08 1.535226e+08
3.979861e+09 -6.922528e+08
9.022924e+07 -2.429849e+08
1.364895e+09 1.315384e+08
3.301952e+08 -2.793485e+08
2.113693e+09 2.099559e+09
-2.422091e+08 4.228723e+08
6.688949e+08 1.220561e+09
-7.590025e+06 -3.499426e+06
4.760923e+07 6.836779e+06
-6.499344e+13 1.125863e+14
-4.756808e+07 -6.629254e+06
-7.400632e+06 -1.200995e+07
9.101130e+15 -3.743320e+14
-4.540914e+07 1.049818e+06
2.365212e+11 -5.266404e+10
-1.504160e+12 1.450129e+12
-2.347279e+07 8.549663e+07
-2.365725e+11 5.267150e+10
3.289109e+08 3.108474e+08
2.649000e+07 4.084596e+07
-6.169606e+05 -1.751754e+07
1.012445e+01 3.213908e+06
2.575578e+06 -3.313022e+06
4.760870e+08 1.609721e+08
3.818659e+11 7.426547e+10
-3.752465e+06 5.867393e+06
2.585161e+09 1.718522e+09
2.917557e+12 -4.065407e+12
-5.223817e+08 1.214094e+08
2.827809e+08 1.293148e+07
-1.685329e+10 -3.394029e+10
1.186245e+21 -9.799625e+20
1.812091e+05 4.822139e+06
-2.737606e+00 2.694668e+06
2.486344e+07 -8.872912e+07
7.215804e+13 -5.020375e+13
1.052693e+01 1.062906e+06
7.294101e+08 -5.324608e+08
-3.263188e+06 -3.212789e+05
1.502734e+07 -9.976164e+05
1.080140e+08 -3.182518e+07
-3.301720e+08 1.855721e+08
9.908180e+06 8.396862e+05
-3.285848e+14 -6.262119e+14
-3.977844e+09 6.944239e+08
2.974975e+07 -1.139658e+08
9.363110e+09 8.005710e+09
-6.431825e+07 1.933427e+06
3.260499e+07 -9.086014e+07
-9.911005e+07 1.143641e+08
-2.650864e+15 1.255104e+16
8.911918e+07 4.263488e+07
1.822114e+09 5.427221e+09
2.188921e+11 -4.387673e+11
-7.216029e+13 5.020114e+13
-4.313594e+10 -1.410559e+10
3.077358e+10 7.672895e+08
-3.077166e+10 -7.672266e+08
9.957220e+07 -1.138024e+08
-4.675133e+07 1.688891e+08
5.705112e+16 2.122127e+17
-4.453060e+06 -1.124294e+07
6.414720e+00 -3.772554e+06
-1.732027e+07 4.153364e+08
9.177465e+08 -5.413176e+07
2.519093e+06 -1.547748e+06
-2.523655e+06 1.558868e+06
-5.209351e+09 -2.496024e+09
6.427478e+07 -3.410108e+06
-7.386971e+00 2.413513e+07
-3.025723e+19 -6.371878e+19
3.548463e+07 -2.712558e+07
7.538510e+05 -4.749997e+00
-6.038712e+06 -1.105027e+07
-1.687316e+08 6.304516e+07
7.425411e+06 3.596212e+06
1.935657e+06 -8.111484e+00
-5.839712e+08 -1.481362e+08
-2.316300e+06 -8.283967e+06
4.677892e+07 -1.689751e+08
-2.299910e+07 9.684954e+06
2.254297e+06 6.515126e+06
-2.718116e+10 -4.176048e+10
-1.186455e+21 9.801662e+20
1.476954e+05 -4.057537e+00
-2.973752e+07 1.140362e+08
-3.566451e+13 -1.298090e+13
5.037485e+08 -4.864471e+10
9.524413e+00 -3.753413e+06
-9.359606e+06 -1.083679e+08
-8.684889e+09 -1.122664e+11
-1.822655e+09 -5.428650e+09
1.670480e+09 1.242500e+09
-1.209861e+08 -3.868317e+08
8.132106e+07 1.365429e+08
-6.695477e+08 -1.221624e+09
-1.994873e+06 2.746796e+00
-4.035975e+00 -2.703518e+06
-3.467642e+14 1.782525e+14
2.350541e+15 2.539212e+16
-7.893653e+06 4.493595e+00
3.303314e+09 1.889059e+09
8.580564e+00 3.234020e+06
-9.218067e+08 4.572139e+07
-3.520958e+07 2.710629e+07
7.945013e+06 8.574775e+00
-2.174800e+08 1.859980e+08
-7.011767e+11 6.906640e+11
-2.231094e+05 -1.809692e+07
-2.519862e+13 9.100126e+14
-2.291793e+11 1.045550e+12
4.758049e+06 -1.272440e+07
4.995565e+07 7.599948e+06
-8.509004e+07 -1.445453e+08
2.725052e+07 -2.030458e+06
-1.066200e+01 3.614400e+06
-4.445045e+07 -1.286742e+07
6.026671e+06 1.101763e+07
-5.203605e+09 1.531241e+09
-2.060656e+12 -2.271615e+12
5.544773e+07 -1.423588e+07
1.432171e+12 2.161620e+11
2.292509e+07 -9.805503e+06
3.675481e+08 9.538276e+08
-2.078902e+08 -2.203721e+08
-1.291188e+06 -7.117616e+05
-9.004477e+06 1.870631e+06
3.047976e+08 -3.982726e+07
-1.052989e+01 1.153853e+06
5.628923e+06 4.900890e+06
7.166227e+10 1.515079e+10
4.502358e+06 5.884856e+06
8.939176e+11 -1.670902e+11
-2.049575e+05 -4.936226e+04
-1.148049e+09 4.971197e+07
9.021563e+08 7.977241e+08
-1.288600e+15 1.161415e+15
-1.780590e+08 -3.322761e+08
-1.383749e+06 -1.314575e+06
4.444540e+07 1.296117e+07
5.514399e+09 2.284307e+10
-8.960529e+05 2.126910e+00
-8.601668e+00 2.725582e+06
-1.996172e+13 6.453653e+12
-3.171723e+07 -1.922585e+07
-5.488110e+08 -1.550132e+08
7.913927e+00 1.196925e+07
1.822333e+10 -1.187084e+10
-1.516419e+14 -4.993428e+13
9.155399e+06 1.110981e+07
-4.532342e+06 1.259083e+07
-5.035209e+08 4.864463e+10
3.273576e+08 8.402621e+07
5.510593e+06 -1.018785e+06
3.189954e+06 -8.944756e+05
-4.557820e+07 2.005897e+07
-2.350565e+15 -2.539106e+16
-2.915500e+06 -7.179563e+00
4.595451e+11 -8.004413e+10
1.931436e+11 -1.383231e+09
-1.931717e+11 1.383311e+09
1.000751e+11 3.305727e+10
-1.538778e+13 5.526698e+12
5.624115e+12 1.776467e+11
6.802597e+10 1.973053e+10
-2.381989e+07 4.591953e+07
4.314599e+10 1.410534e+10
1.737780e+07 -4.158153e+08
6.210004e+06 -1.235798e+07
-3.656696e+09 -2.214472e+08
7.021777e+05 9.211608e-01
5.660653e+09 1.087964e+09
-8.992584e+07 -4.281015e+07
6.653381e+06 -2.608402e+07
4.551411e+00 -1.176086e+07
-1.547187e+06 -1.961022e+00
2.727790e+11 6.116217e+11
-9.000935e+07 7.264537e+07
-2.658914e+07 2.759477e+06
7.587172e+07 6.277579e+07
-1.336888e+07 5.805636e+07
-4.388044e+10 5.908963e+10
-7.059426e+08 1.203371e+08
2.112525e+06 8.339102e+00
2.491279e+08 -2.443964e+08
2.519966e+13 -9.100031e+14
-1.011512e+09 -1.713056e+09
-9.802524e+08 2.000560e+09
-9.134571e+07 7.672300e+06
1.288614e+15 -1.161391e+15
-1.416251e+07 2.617056e+06
3.657015e+09 2.206025e+08
3.025943e+19 6.373137e+19
-3.273859e+08 -8.418980e+07
-8.194489e+07 -1.355040e+08
-6.573462e+06 2.615215e+07
-9.794735e+06 -1.210156e+06
8.692292e+05 6.797696e+06
-4.868094e+09 6.328405e+10
2.422814e+08 -4.229056e+08
3.381068e+11 5.287109e+12
4.388136e+10 -5.908477e+10
1.994814e+08 -7.451730e+08
5.467174e+08 1.565254e+08
-3.684144e+08 -9.520145e+08
1.183152e+06 6.907221e+00
9.249960e+06 -9.405198e+00
8.593066e+05 1.733547e+07
-9.014206e+08 -7.969131e+08
1.195872e+08 3.877794e+08
-7.656725e+07 -6.309432e+07
2.291646e+11 -1.045498e+12
-4.946282e+07 -7.687528e+06
7.292043e+06 1.320759e+06
1.983992e+10 1.378051e+10
-2.533460e+00 -1.095660e+07
9.783573e+08 -2.000333e+09
1.148046e+09 -4.971825e+07
-6.897133e+06 7.015502e+06
-7.351103e+06 -3.993793e+06
-2.018556e+07 9.422017e+00
8.545987e+06 5.794546e+06
