2.907764e+05 -4.840043e+00
1.157157e+06 -2.038577e+05
1.211759e+09 1.566347e+10
2.874466e+11 3.169179e+11
-2.172398e+11 -2.970804e+11
-7.889519e+08 -1.515256e+08
2.249543e+06 -8.054827e+06
-1.014326e+06 -8.327883e+05
-3.351533e+05 -2.212923e+06
-7.379926e+05 -2.352397e+00
1.072092e+05 -2.345164e+05
-4.969100e+06 1.322465e+07
6.793167e+08 -8.832533e+09
7.249378e+08 -2.132716e+08
-7.310982e+09 -1.582907e+09
7.244860e+08 3.471855e+08
-1.930202e+05 6.251690e+06
-9.755159e+05 -3.388134e+05
2.806485e+06 -1.013545e+00
-3.476169e+07 3.400422e+07
-3.164426e+05 -6.348328e+05
-5.590941e+08 2.090742e+08
2.102213e+08 6.807180e+09
-9.991353e+09 -2.112545e+09
-7.666481e+06 1.500395e+07
-1.996886e+06 1.976550e+05
1.085701e+05 -2.046976e+04
1.268760e+07 -9.916451e+06
-3.189730e+12 -8.663544e+11
2.395970e+00 -5.177864e+05
6.247766e+06 -2.821219e+06
-1.910555e+07 3.738690e+06
-4.706314e+09 -1.414985e+09
-4.606636e+08 -2.633791e+08
-5.879135e+06 -8.369524e+05
1.324808e+10 -8.314909e+09
4.585056e+13 8.738038e+13
1.127642e+05 2.082433e+05
7.313767e+09 1.583822e+09
2.461729e+07 1.981885e+07
1.403813e+10 -1.575487e+09
3.090101e+05 6.338456e+05
6.760479e+00 -2.989265e+05
-2.765323e+09 -1.921216e+09
2.101261e+06 1.524110e+07
3.092099e+05 -2.934131e+05
-4.047748e+11 5.639829e+11
1.937059e+05 -1.476496e+05
1.910953e+07 -3.754831e+06
-2.947190e+08 -2.927143e+08
9.834291e+07 -1.696438e+07
4.437799e+06 2.656534e+06
-2.041384e+00 -2.268197e+05
2.253032e+06 -2.532833e+05
4.973504e+12 1.810117e+12
5.588395e+08 -2.092223e+08
-6.412251e+10 1.116902e+10
8.151911e+07 2.067841e+07
5.862900e+05 1.524593e+06
-6.584617e+06 -1.982422e+07
-2.782406e+12 -3.738269e+12
-1.246907e+11 2.330945e+10
9.439722e+06 -1.891190e+07
2.885183e+07 3.203368e+07
-5.684359e+14 8.124146e+14
-5.245230e+07 1.716702e+07
3.143769e+06 -6.392394e+06
-1.999144e+11 -3.017054e+10
-1.299501e+09 -1.110827e+09
1.010186e+09 -1.418478e+08
7.350088e+05 5.919896e+00
-1.933500e+09 -2.151720e+09
3.188543e+12 8.662254e+11
2.764311e+08 6.882088e+07
1.642308e+04 -7.625600e+00
-1.396442e+10 -4.613547e+09
-4.692600e+10 -7.339594e+11
-4.703434e+08 -9.159186e+08
-5.213789e+05 5.389846e+05
-6.708786e+07 -2.114982e+07
-7.766267e+08 -3.182147e+09
2.782821e+12 3.737990e+12
-7.697347e+08 5.013164e+08
7.678760e+06 -1.501343e+07
-1.016794e+08 7.424768e+07
-3.943476e+07 -1.964402e+06
8.030132e+00 -2.534447e+06
2.172078e+11 2.970361e+11
-3.063053e+05 -6.157884e+00
-2.437589e+04 6.210078e+00
-9.442913e+06 1.886553e+07
1.933064e+09 2.151400e+09
-3.602397e+08 -2.395108e+08
6.247950e+16 -1.017335e+17
4.706737e+09 1.415208e+09
1.383822e+00 -5.062732e+05
1.407698e+08 2.389322e+08
3.748981e+05 -4.915000e+05
-1.373438e+04 -3.560525e+05
-2.538132e+09 1.653728e+09
-2.100312e+08 -6.812246e+09
2.099150e+11 -2.023460e+11
-2.332922e+08 -1.733996e+08
-1.024368e+11 1.547807e+11
1.087421e+04 3.194606e+05
3.433961e+06 2.105568e+07
1.024521e+11 -1.547922e+11
1.304748e+05 9.816852e+00
4.824743e+13 -2.480059e+13
-1.325022e+10 8.315446e+09
3.531434e+10 1.988441e+11
6.676929e+06 -6.038952e-01
-5.453946e+07 5.234954e+07
-1.010179e+09 1.419247e+08
2.144230e+12 -7.702063e+11
-2.762883e+08 -6.896553e+07
-4.486797e+05 1.342022e+05
5.688594e+14 -8.127776e+14
2.998580e+05 5.689934e+05
-9.489915e+09 -2.752865e+09
-6.249811e+16 1.017487e+17
-7.873719e+07 4.851007e+07
2.783802e+12 -8.997207e+11
7.698281e+08 -5.013948e+08
-2.779274e+07 1.039062e+08
9.776558e+10 -9.638777e+10
2.477555e+07 4.641009e+07
3.788747e+09 5.821058e+09
-9.847084e+05 1.701426e+06
8.781425e+07 -9.453945e+07
-5.031059e+05 -2.406867e+06
5.083621e+05 2.402500e+06
7.978174e+00 -2.492792e+06
-3.000708e+10 6.014695e+10
-1.495491e+07 4.553254e+06
-2.451455e+07 -1.948214e+07
-3.399895e+06 -5.549132e+06
1.016603e+01 2.240167e+06
4.767311e+08 9.174848e+08
-1.258119e+07 3.389688e+07
3.688655e+14 -1.746503e+15
2.116799e+06 -1.075838e+06
-5.945300e+05 -2.412441e+06
7.849759e+07 -4.847979e+07
-1.925201e+05 -6.183092e+05
-7.897029e+15 -2.938085e+16
-1.256499e+05 -9.857421e+00
1.262854e+07 -1.017176e+06
-1.903775e+08 -1.829645e+07
-9.685494e+05 -1.563452e+05
-8.785107e+07 9.456697e+07
-8.354721e+05 -9.558231e+05
-1.842359e+07 2.065484e+07
-5.330634e+10 -1.036764e+10
-1.295808e+10 4.748141e+10
-4.206618e+00 1.326255e+05
-7.846241e+11 -2.478565e+10
2.363995e+07 -8.773309e+06
9.056076e+12 -1.568759e+13
-3.999583e+00 -5.912091e+06
8.672073e+05 -1.075089e+06
-3.734290e+04 -3.151386e+05
7.259684e+07 -1.672249e+07
5.637149e+04 3.158891e+05
1.900288e+05 6.124185e+05
-1.403602e+10 1.575386e+09
-1.140467e+06 -3.227514e+04
-3.530634e+10 -1.987845e+11
2.350627e+09 4.733627e+09
-3.806289e+10 -8.534065e+10
-1.270295e+15 5.224864e+13
5.773322e+05 2.495972e+06
1.841523e+07 -2.065632e+07
2.047987e+05 2.260491e+06
1.295806e+10 -4.747433e+10
-4.583991e+07 -4.331643e+07
2.107408e+13 6.940538e+12
6.722612e+07 2.115509e+07
5.535617e+08 -9.627663e+07
1.258784e+07 -3.389947e+07
1.903995e+08 1.834845e+07
4.598864e+07 -3.890391e+07
2.946574e+08 2.926962e+08
-3.365288e+07 5.874999e+07
9.328164e+07 1.702183e+08
-1.057340e+06 -4.874054e+05
6.644608e+06 9.542085e+05
-9.053373e+12 1.568407e+13
-6.639375e+06 -9.252254e+05
-1.031827e+06 -1.674942e+06
1.270011e+15 -5.223698e+13
-6.339149e+06 1.464514e+05
3.299907e+10 -7.348471e+09
-2.098832e+11 2.023787e+11
-3.275394e+06 1.192903e+07
-3.301166e+10 7.350161e+09
4.584163e+07 4.332592e+07
3.694187e+06 5.696251e+06
-8.608420e+04 -2.443940e+06
3.893816e+00 4.482208e+05
3.592942e+05 -4.621213e+05
6.644733e+07 2.246712e+07
5.329847e+10 1.036595e+10
-5.234773e+05 8.183893e+05
3.603518e+08 2.395399e+08
4.045929e+11 -5.637714e+11
-7.250236e+07 1.684999e+07
3.938703e+07 1.800593e+06
-2.350090e+09 -4.732219e+09
1.654290e+20 -1.366646e+20
2.538994e+04 6.720735e+05
-7.272796e+00 3.757977e+05
3.469324e+06 -1.238033e+07
1.005890e+13 -6.998534e+12
6.071236e-01 1.483203e+05
1.016326e+08 -7.420341e+07
-4.547387e+05 -4.472002e+04
2.096832e+06 -1.392080e+05
1.504762e+07 -4.433814e+06
-4.597407e+07 2.584505e+07
1.382477e+06 1.171290e+05
-4.584714e+13 -8.736736e+13
-5.533108e+08 9.659585e+07
4.148177e+06 -1.589063e+07
1.299704e+09 1.111296e+09
-8.968871e+06 2.695845e+05
4.552119e+06 -1.268415e+07
-1.379546e+07 1.591752e+07
-3.690033e+14 1.747025e+15
1.243246e+07 5.947710e+06
2.542080e+08 7.572133e+08
3.002070e+10 -6.017435e+10
-1.006565e+13 7.001666e+12
-6.016851e+09 -1.967700e+09
4.291801e+09 1.070033e+08
-4.291481e+09 -1.069911e+08
1.385751e+07 -1.584020e+07
-6.525364e+06 2.357449e+07
7.899998e+15 2.938305e+16
-6.204882e+05 -1.566647e+06
4.120880e+00 -5.254020e+05
-2.406237e+06 5.769325e+07
1.273828e+08 -7.513033e+06
3.514375e+05 -2.159531e+05
-3.521267e+05 2.176111e+05
-7.250167e+08 -3.474054e+08
8.961282e+06 -4.754790e+05
5.721860e-01 3.367630e+06
-4.218932e+18 -8.884168e+18
4.945622e+06 -3.780585e+06
1.051545e+05 -8.586004e-02
-8.416714e+05 -1.540041e+06
-2.351964e+07 8.788185e+06
1.035158e+06 5.013346e+05
2.701358e+05 1.106476e+01
-8.146735e+07 -2.066631e+07
-3.233210e+05 -1.156373e+06
6.528834e+06 -2.358318e+07
-3.207607e+06 1.350795e+06
3.148130e+05 9.093804e+05
-3.788731e+09 -5.821037e+09
-1.654660e+20 1.367053e+20
2.057548e+04 4.481005e+00
-4.146195e+06 1.589753e+07
-4.974616e+12 -1.810657e+12
7.030601e+07 -6.788763e+09
4.807418e+00 -5.236708e+05
-1.306447e+06 -1.512568e+07
-1.212317e+09 -1.567154e+10
-2.542385e+08 -7.572564e+08
2.330219e+08 1.733267e+08
-1.684543e+07 -5.386382e+07
1.134261e+07 1.904483e+07
-9.341490e+07 -1.704327e+08
-2.781350e+05 7.319981e+00
7.260363e+00 -3.767636e+05
-4.824383e+13 2.479503e+13
3.280904e+14 3.544442e+15
-1.100027e+06 1.179678e+00
4.605419e+08 2.633832e+08
6.680050e+00 4.506864e+05
-1.279238e+08 6.345003e+06
-4.901651e+06 3.776747e+06
1.107095e+06 -4.221311e+00
-3.029394e+07 2.590561e+07
-9.783217e+10 9.637256e+10
-3.106015e+04 -2.524948e+06
-3.512621e+12 1.268602e+14
-3.196195e+10 1.458245e+11
6.636979e+05 -1.774723e+06
6.968259e+06 1.060131e+06
-1.185212e+07 -2.013455e+07
3.797145e+06 -2.827666e+05
9.629772e+00 5.040556e+05
-6.199731e+06 -1.794440e+06
8.397679e+05 1.535394e+06
-7.253913e+08 2.134390e+08
-2.875752e+11 -3.169888e+11
7.733879e+06 -1.985744e+06
1.999589e+11 3.017948e+10
3.197598e+06 -1.367768e+06
5.126818e+07 1.330378e+08
-2.852419e+07 -3.024106e+07
-1.799701e+05 -9.929952e+04
-1.256393e+06 2.611376e+05
4.246434e+07 -5.548361e+06
8.787036e+00 1.609690e+05
7.851343e+05 6.835817e+05
1.000392e+10 2.114888e+09
6.282000e+05 8.213946e+05
1.247094e+11 -2.331080e+10
-2.853418e+04 -6.901387e+03
-1.601818e+08 6.935523e+06
1.258817e+08 1.113170e+08
-1.797576e+14 1.620105e+14
-2.483793e+07 -4.635155e+07
-1.929927e+05 -1.834229e+05
6.199039e+06 1.807820e+06
7.691672e+08 3.186262e+09
-1.249543e+05 -3.561529e-01
3.247450e+00 3.804300e+05
-2.784424e+12 9.001900e+11
-4.422965e+06 -2.681072e+06
-7.653061e+07 -2.161653e+07
2.002377e+00 1.669321e+06
2.539358e+09 -1.654143e+09
-2.108669e+13 -6.943653e+12
1.276791e+06 1.549535e+06
-6.320972e+05 1.756019e+06
-7.027245e+07 6.788823e+09
4.570878e+07 1.173313e+07
7.673910e+05 -1.415839e+05
4.452711e+05 -1.249060e+05
-6.359104e+06 2.798444e+06
-3.281881e+14 -3.545497e+15
-4.065935e+05 -3.352898e-02
6.415578e+10 -1.117378e+10
2.693108e+10 -1.928620e+08
-2.693108e+10 1.928546e+08
1.396527e+10 4.613218e+09
-2.144390e+12 7.702064e+11
7.850334e+11 2.479680e+10
9.493574e+09 2.753846e+09
-3.323512e+06 6.406490e+06
6.018285e+09 1.967417e+09
2.414296e+06 -5.776611e+07
8.621545e+05 -1.715477e+06
-5.101846e+08 -3.090319e+07
9.810746e+04 -1.068977e+01
7.888239e+08 1.516019e+08
-1.254408e+07 -5.971858e+06
9.290429e+05 -3.642676e+06
2.025113e-01 -1.640670e+06
-2.156291e+05 -8.105433e+00
3.807142e+10 8.535970e+10
-1.254388e+07 1.012399e+07
-3.705419e+06 3.845637e+05
1.055480e+07 8.733680e+06
-1.864326e+06 8.095834e+06
-6.118907e+09 8.239666e+09
-9.822335e+07 1.674546e+07
2.936858e+05 7.018202e+00
3.474458e+07 -3.408614e+07
3.513667e+12 -1.268696e+14
-1.410048e+08 -2.388001e+08
-1.352900e+08 2.761319e+08
-1.273214e+07 1.069228e+06
1.797844e+14 -1.620346e+14
-1.973463e+06 3.646485e+05
5.103113e+08 3.078395e+07
4.219876e+18 8.887480e+18
-4.572500e+07 -1.175806e+07
-1.143055e+07 -1.890265e+07
-9.180405e+05 3.652126e+06
-1.366785e+06 -1.688590e+05
1.213739e+05 9.490199e+05
-6.796360e+08 8.835853e+09
3.367352e+07 -5.877832e+07
4.698237e+10 7.347292e+11
6.119363e+09 -8.240287e+09
2.782177e+07 -1.039292e+08
7.624746e+07 2.183281e+07
-5.139496e+07 -1.327854e+08
1.648887e+05 -2.075519e+00
1.291142e+06 -1.350051e+00
1.199563e+05 2.418614e+06
-1.257629e+08 -1.111812e+08
1.664968e+07 5.398888e+07
-1.065217e+07 -8.777707e+06
3.196189e+10 -1.458139e+11
-6.900179e+06 -1.072415e+06
1.015062e+06 1.838487e+05
2.764918e+09 1.920709e+09
-1.107343e+01 -1.502919e+06
1.349918e+08 -2.760472e+08
1.601488e+08 -6.935729e+06
-9.558778e+05 9.723285e+05
-1.025229e+06 -5.569192e+05
-2.815956e+06 -2.064387e+00
1.191656e+06 8.080760e+05
