1.335001e+06 4.471810e+00
5.302021e+06 -9.336056e+05
5.549669e+09 7.172875e+10
1.316810e+12 1.451746e+12
-9.945380e+11 -1.360107e+12
-3.618065e+09 -6.950497e+08
1.031109e+07 -3.691916e+07
-4.649012e+06 -3.816464e+06
-1.534755e+06 -1.013575e+07
-3.383641e+06 4.648090e+00
4.900347e+05 -1.073139e+06
-2.275501e+07 6.056900e+07
3.110955e+09 -4.044287e+10
3.324501e+09 -9.781177e+08
-3.350213e+10 -7.255267e+09
3.328010e+09 1.594635e+09
-8.878546e+05 2.875134e+07
-4.467449e+06 -1.551838e+06
1.286285e+07 1.288194e-01
-1.593892e+08 1.559041e+08
-1.450470e+06 -2.908932e+06
-2.561304e+09 9.578911e+08
9.635080e+08 3.120744e+10
-4.579041e+10 -9.680989e+09
-3.513199e+07 6.873744e+07
-9.144923e+06 9.053142e+05
4.980666e+05 -9.365362e+04
5.823469e+07 -4.547416e+07
-1.460058e+13 -3.965627e+12
3.671983e+00 -2.372731e+06
2.861660e+07 -1.292284e+07
-8.748210e+07 1.711965e+07
-2.156394e+10 -6.482236e+09
-2.111709e+09 -1.207295e+09
-2.694050e+07 -3.835461e+06
6.074103e+10 -3.812074e+10
2.100525e+14 4.003236e+14
5.140992e+05 9.574119e+05
3.351385e+10 7.257729e+09
1.128724e+08 9.087223e+07
6.432790e+10 -7.219349e+09
1.416238e+06 2.904229e+06
-8.192531e+00 -1.367550e+06
-1.267948e+10 -8.809023e+09
9.625564e+06 6.980711e+07
1.418557e+06 -1.345835e+06
-1.864235e+12 2.597596e+12
8.888545e+05 -6.775457e+05
8.752321e+07 -1.719714e+07
-1.351149e+09 -1.342146e+09
4.516914e+08 -7.792352e+07
2.034233e+07 1.217793e+07
-7.105868e+00 -1.038999e+06
1.033690e+07 -1.162177e+06
2.279538e+13 8.296990e+12
2.560172e+09 -9.584799e+08
-2.937524e+11 5.116318e+10
3.735917e+08 9.476390e+07
2.689490e+06 6.992937e+06
-3.015733e+07 -9.079621e+07
-1.275624e+13 -1.713673e+13
-5.713660e+11 1.068073e+11
4.321341e+07 -8.658692e+07
1.342486e+08 1.490702e+08
-2.603719e+15 3.720819e+15
-2.402804e+08 7.864225e+07
1.440913e+07 -2.929570e+07
-9.154124e+11 -1.381641e+11
-5.981756e+09 -5.114070e+09
4.624869e+09 -6.494715e+08
3.371194e+06 -1.684470e+00
-8.850844e+09 -9.849451e+09
1.460177e+13 3.965756e+12
1.279677e+09 3.185719e+08
7.501104e+04 7.047299e+00
-6.395426e+10 -2.113119e+10
-2.157865e+11 -3.375465e+12
-2.155352e+09 -4.197192e+09
-2.388387e+06 2.468999e+06
-3.108934e+08 -9.799903e+07
-3.558931e+09 -1.458364e+10
1.275583e+13 1.713589e+13
-3.526168e+09 2.296652e+09
3.518445e+07 -6.879304e+07
-4.663076e+08 3.405009e+08
-1.809375e+08 -9.011917e+06
-8.965086e+00 -1.161228e+07
9.946367e+11 1.360107e+12
-1.404077e+06 -6.113336e+00
-1.117234e+05 1.030947e+01
-4.323239e+07 8.638025e+07
8.850967e+09 9.850575e+09
-1.651916e+09 -1.098156e+09
2.861104e+17 -4.658651e+17
2.156883e+10 6.484769e+09
7.896126e+00 -2.320903e+06
6.457257e+08 1.096014e+09
1.717102e+06 -2.251589e+06
-6.298086e+04 -1.632431e+06
-1.164627e+10 7.586341e+09
-9.624185e+08 -3.121603e+10
9.615435e+11 -9.269269e+11
-1.069301e+09 -7.947096e+08
-4.697101e+11 7.097077e+11
4.996234e+04 1.464068e+06
1.573014e+07 9.644286e+07
4.697101e+11 -7.096038e+11
5.973047e+05 4.990500e+00
2.215610e+14 -1.138907e+14
-6.073686e+10 3.811726e+10
1.623276e+11 9.140311e+11
3.056602e+07 4.925383e+00
-2.497138e+08 2.396846e+08
-4.624761e+09 6.496720e+08
9.834282e+12 -3.532147e+12
-1.279423e+09 -3.192197e+08
-2.057783e+06 6.153789e+05
2.604566e+15 -3.721424e+15
1.380257e+06 2.619451e+06
-4.347700e+10 -1.261122e+10
-2.861662e+17 4.659182e+17
-4.329288e+08 2.667255e+08
1.275678e+13 -4.122792e+12
3.526128e+09 -2.296519e+09
-1.273995e+08 4.762888e+08
4.478168e+11 -4.415200e+11
1.135451e+08 2.126811e+08
1.737189e+10 2.668987e+10
-4.535143e+06 7.835324e+06
4.025124e+08 -4.333133e+08
-2.303781e+06 -1.102098e+07
2.327509e+06 1.099940e+07
-1.052540e+01 -1.143929e+07
-1.397090e+11 2.800408e+11
-6.860241e+07 2.088512e+07
-1.124185e+08 -8.934096e+07
-1.558596e+07 -2.543703e+07
3.694971e+00 1.027793e+07
2.184529e+09 4.203720e+09
-5.764487e+07 1.553246e+08
1.694063e+15 -8.021304e+15
9.696933e+06 -4.929114e+06
-2.727615e+06 -1.106668e+07
4.316195e+08 -2.665663e+08
-8.819719e+05 -2.831826e+06
-3.644010e+16 -1.355645e+17
-5.759175e+05 1.048284e+01
5.792784e+07 -4.667063e+06
-8.725724e+08 -8.386500e+07
-4.448278e+06 -7.181462e+05
-4.025310e+08 4.333028e+08
-3.827693e+06 -4.378451e+06
-8.437739e+07 9.458997e+07
-2.441199e+11 -4.748240e+10
-5.935315e+10 2.174554e+11
7.158193e+00 6.074258e+05
-3.593642e+12 -1.135174e+11
1.084389e+08 -4.023858e+07
4.153725e+13 -7.195031e+13
-5.438610e+00 -2.718139e+07
3.997603e+06 -4.955523e+06
-1.703557e+05 -1.442745e+06
3.341114e+08 -7.697181e+07
2.580127e+05 1.446769e+06
8.700898e+05 2.803220e+06
-6.430168e+10 7.217309e+09
-5.223206e+06 -1.473208e+05
-1.623061e+11 -9.138967e+11
1.077311e+10 2.169317e+10
-1.743120e+11 -3.908496e+11
-5.817643e+15 2.392628e+14
2.647749e+06 1.144765e+07
8.434578e+07 -9.458914e+07
9.375740e+05 1.035255e+07
5.935017e+10 -2.174625e+11
-2.102398e+08 -1.986811e+08
9.686506e+13 3.190041e+13
3.114876e+08 9.802823e+07
2.543378e+09 -4.423760e+08
5.767560e+07 -1.553212e+08
8.724636e+08 8.407928e+07
2.110320e+08 -1.785381e+08
1.351065e+09 1.342007e+09
-1.547725e+08 2.702124e+08
4.275691e+08 7.802135e+08
-4.850989e+06 -2.236432e+06
3.043495e+07 4.370252e+06
-4.154063e+13 7.195616e+13
-3.040947e+07 -4.237801e+06
-4.730408e+06 -7.677127e+06
5.818116e+15 -2.393018e+14
-2.902849e+07 6.707098e+05
1.511810e+11 -3.366325e+10
-9.614941e+11 9.269836e+11
-1.500407e+07 5.465268e+07
-1.512340e+11 3.367058e+10
2.102319e+08 1.986930e+08
1.693274e+07 2.610925e+07
-3.943047e+05 -1.119852e+07
-2.756267e+00 2.054350e+06
1.646265e+06 -2.117851e+06
3.043497e+08 1.029062e+08
2.441163e+11 4.747629e+10
-2.398748e+06 3.750566e+06
1.652435e+09 1.098417e+09
1.863933e+12 -2.597342e+12
-3.337800e+08 7.757009e+07
1.807404e+08 8.264925e+06
-1.077288e+10 -2.169425e+10
7.582555e+20 -6.264013e+20
1.157611e+05 3.081808e+06
7.288553e+00 1.722208e+06
1.589317e+07 -5.671842e+07
4.612254e+13 -3.208866e+13
2.551379e+00 6.793398e+05
4.662010e+08 -3.403257e+08
-2.085402e+06 -2.051233e+05
9.605782e+06 -6.376350e+05
6.903611e+07 -2.034130e+07
-2.110163e+08 1.186026e+08
6.333895e+06 5.366882e+05
-2.100388e+14 -4.002780e+14
-2.542036e+09 4.437805e+08
1.901661e+07 -7.284966e+07
5.982769e+09 5.115441e+09
-4.111555e+07 1.235792e+06
2.084438e+07 -5.808674e+07
-6.334149e+07 7.309047e+07
-1.694311e+15 8.021696e+15
5.697106e+07 2.725551e+07
1.164829e+09 3.469639e+09
1.397246e+11 -2.800680e+11
-4.613079e+13 3.209180e+13
-2.757563e+10 -9.017196e+09
1.967171e+10 4.904766e+08
-1.967011e+10 -4.904248e+08
6.363734e+07 -7.273005e+07
-2.988589e+07 1.079618e+08
3.644367e+16 1.355534e+17
-2.845906e+06 -7.185701e+06
-1.025909e+01 -2.410915e+06
-1.106752e+07 2.653786e+08
5.863657e+08 -3.458551e+07
1.610073e+06 -9.891128e+05
-1.612982e+06 9.962853e+05
-3.329259e+09 -1.595209e+09
4.108300e+07 -2.179418e+06
-4.460530e+00 1.542822e+07
-1.934078e+19 -4.072832e+19
2.268051e+07 -1.733825e+07
4.816695e+05 9.595955e+00
-3.859749e+06 -7.063068e+06
-1.078537e+08 4.029775e+07
4.746341e+06 2.298611e+06
1.237334e+06 -2.383435e+00
-3.733192e+08 -9.469731e+07
-1.480609e+06 -5.295587e+06
2.990566e+07 -1.080178e+08
-1.470071e+07 6.190233e+06
1.440887e+06 4.164549e+06
-1.737324e+10 -2.669151e+10
-7.583665e+20 6.265337e+20
9.441092e+04 5.629870e+00
-1.900771e+07 7.288828e+07
-2.279686e+13 -8.297125e+12
3.220074e+08 -3.109544e+10
6.215143e+00 -2.399230e+06
-5.982996e+06 -6.927469e+07
-5.552144e+09 -7.177033e+10
-1.165121e+09 -3.470199e+09
1.067845e+09 7.942862e+08
-7.732644e+07 -2.472353e+08
5.198146e+07 8.728068e+07
-4.280008e+08 -7.808954e+08
-1.275089e+06 -3.176750e+00
9.661328e+00 -1.727924e+06
-2.216079e+14 1.139129e+14
1.502616e+15 1.623272e+16
-5.045541e+06 5.919024e+00
2.111564e+09 1.207589e+09
9.417272e-01 2.067206e+06
-5.889997e+08 2.921446e+07
-2.250434e+07 1.732607e+07
5.078266e+06 -8.342116e-01
-1.390057e+08 1.188766e+08
-4.482238e+11 4.415108e+11
-1.425622e+05 -1.156874e+07
-1.610630e+13 5.816725e+14
-1.464932e+11 6.683277e+11
3.041483e+06 -8.133540e+06
3.193286e+07 4.857951e+06
-5.438252e+07 -9.238156e+07
1.741673e+07 -1.297586e+06
1.512224e+00 2.310246e+06
-2.841264e+07 -8.224532e+06
3.851588e+06 7.041650e+06
-3.325896e+09 9.786933e+08
-1.317239e+12 -1.452053e+12
3.544141e+07 -9.099488e+06
9.155458e+11 1.381796e+11
1.465309e+07 -6.267780e+06
2.349408e+08 6.096939e+08
-1.326880e+08 -1.406543e+08
-8.252674e+05 -4.549854e+05
-5.755982e+06 1.195815e+06
1.948141e+08 -2.545545e+07
-9.751138e+00 7.377678e+05
3.598207e+06 3.132909e+06
4.581160e+10 9.685402e+09
2.878104e+06 3.761932e+06
5.714034e+11 -1.068056e+11
-1.309973e+05 -3.153636e+04
-7.338721e+08 3.177747e+07
5.766924e+08 5.099467e+08
-8.237162e+14 7.424041e+14
-1.138201e+08 -2.123997e+08
-8.844053e+05 -8.401293e+05
2.840872e+07 8.284576e+06
3.524790e+09 1.460091e+10
-5.725872e+05 6.188369e+00
5.412335e+00 1.742216e+06
-1.276010e+13 4.125340e+12
-2.027354e+07 -1.228906e+07
-3.507962e+08 -9.908432e+07
5.148038e+00 7.650176e+06
1.164676e+10 -7.586848e+09
-9.689660e+13 -3.190768e+13
5.851806e+06 7.101180e+06
-2.896859e+06 8.048288e+06
-3.219098e+08 3.109825e+10
2.092820e+08 5.371630e+07
3.521702e+06 -6.506318e+05
2.038759e+06 -5.714601e+05
-2.913391e+07 1.282152e+07
-1.502591e+15 -1.623192e+16
-1.863366e+06 8.762812e+00
2.937516e+11 -5.116798e+10
1.234457e+11 -8.841684e+08
-1.234758e+11 8.842150e+08
6.397315e+10 2.113155e+10
-9.835560e+12 3.532435e+12
3.595162e+12 1.135583e+11
4.348323e+10 1.261224e+10
-1.522539e+07 2.935172e+07
2.757783e+10 9.015836e+09
1.110340e+07 -2.656909e+08
3.967623e+06 -7.895509e+06
-2.337392e+09 -1.415588e+08
4.489012e+05 7.236208e-01
3.618091e+09 6.953917e+08
-5.748216e+07 -2.736463e+07
4.253059e+06 -1.667491e+07
-5.542533e+00 -7.517794e+06
-9.889274e+05 -5.127068e+00
1.743688e+11 3.909703e+11
-5.752849e+07 4.643046e+07
-1.699376e+07 1.763727e+06
4.848630e+07 4.011655e+07
-8.545170e+06 3.710764e+07
-2.804636e+10 3.776759e+10
-4.511137e+08 7.690258e+07
1.349836e+06 9.281494e+00
1.592424e+08 -1.562181e+08
1.610708e+13 -5.816442e+14
-6.465397e+08 -1.094954e+09
-6.260081e+08 1.277589e+09
-5.838680e+07 4.903992e+06
8.237296e+14 -7.423921e+14
-9.052449e+06 1.672708e+06
2.337754e+09 1.410221e+08
1.934204e+19 4.073693e+19
-2.092936e+08 -5.381998e+07
-5.238072e+07 -8.661647e+07
-4.202071e+06 1.671851e+07
-6.261554e+06 -7.733498e+05
5.554681e+05 4.345353e+06
-3.111988e+09 4.045617e+10
1.548167e+08 -2.702288e+08
2.160472e+11 3.378435e+12
2.804955e+10 -3.776885e+10
1.275168e+08 -4.763452e+08
3.494868e+08 1.000588e+08
-2.355083e+08 -6.086046e+08
7.562955e+05 9.630492e+00
5.913542e+06 -3.797548e-02
5.491730e+05 1.108127e+07
-5.762529e+08 -5.094306e+08
7.643321e+07 2.478461e+08
-4.893276e+07 -4.032136e+07
1.464906e+11 -6.682966e+11
-3.161819e+07 -4.914122e+06
4.660314e+06 8.439205e+05
1.268117e+10 8.808957e+09
-3.515342e+00 -6.993094e+06
6.247764e+08 -1.277474e+09
7.338852e+08 -3.178214e+07
-4.406347e+06 4.482099e+06
-4.699444e+06 -2.552961e+06
-1.290352e+07 -1.087720e+01
5.462956e+06 3.704547e+06
