1.262824e+06 3.373213e+00
5.015479e+06 -8.831206e+05
5.249753e+09 6.785168e+10
1.245666e+12 1.373319e+12
-9.408386e+11 -1.286678e+12
-3.422637e+09 -6.574963e+08
9.754195e+06 -3.492523e+07
-4.397865e+06 -3.610326e+06
-1.451925e+06 -9.588696e+06
-3.201100e+06 8.179834e+00
4.636745e+05 -1.015308e+06
-2.152671e+07 5.729961e+07
2.943048e+09 -3.826006e+10
3.144984e+09 -9.253012e+08
-3.169345e+10 -6.863553e+09
3.148215e+09 1.508494e+09
-8.399590e+05 2.719694e+07
-4.226461e+06 -1.468097e+06
1.216800e+07 -7.849821e-02
-1.507759e+08 1.474816e+08
-1.372180e+06 -2.751760e+06
-2.422936e+09 9.061600e+08
9.114659e+08 2.952164e+10
-4.331697e+10 -9.158089e+09
-3.323394e+07 6.502280e+07
-8.650812e+06 8.564137e+05
4.711096e+05 -8.860920e+04
5.508576e+07 -4.301594e+07
-1.381164e+13 -3.751408e+12
4.609636e+00 -2.244556e+06
2.707082e+07 -1.222422e+07
-8.275445e+07 1.619452e+07
-2.039859e+10 -6.131916e+09
-1.997582e+09 -1.142049e+09
-2.548471e+07 -3.628179e+06
5.745939e+10 -3.606124e+10
1.987051e+14 3.787047e+14
4.864161e+05 9.056719e+05
3.170353e+10 6.865668e+09
1.067722e+08 8.596265e+07
6.085210e+10 -6.829381e+09
1.339670e+06 2.747348e+06
3.212473e+00 -1.293782e+06
-1.199475e+10 -8.333483e+09
9.105960e+06 6.603974e+07
1.341950e+06 -1.273170e+06
-1.763406e+12 2.457139e+12
8.409470e+05 -6.410358e+05
8.279526e+07 -1.626835e+07
-1.278156e+09 -1.269645e+09
4.272728e+08 -7.371061e+07
1.924320e+07 1.151998e+07
1.001719e+01 -9.828926e+05
9.778317e+06 -1.099382e+06
2.156359e+13 7.848880e+12
2.421930e+09 -9.067237e+08
-2.778913e+11 4.839963e+10
3.534094e+08 8.964480e+07
2.544242e+06 6.615163e+06
-2.852841e+07 -8.589223e+07
-1.206692e+13 -1.621087e+13
-5.404999e+11 1.010377e+11
4.087970e+07 -8.191035e+07
1.269656e+08 1.409833e+08
-2.463081e+15 3.519757e+15
-2.272972e+08 7.439299e+07
1.363052e+07 -2.771266e+07
-8.659584e+11 -1.307001e+11
-5.658123e+09 -4.837487e+09
4.375143e+09 -6.144028e+08
3.189010e+06 -2.537641e+00
-8.372793e+09 -9.317447e+09
1.381306e+13 3.751537e+12
1.210363e+09 3.013167e+08
7.095200e+04 -7.342277e+00
-6.049826e+10 -1.998940e+10
-2.041231e+11 -3.192917e+12
-2.038915e+09 -3.970346e+09
-2.259325e+06 2.335615e+06
-2.940389e+08 -9.268637e+07
-3.366599e+09 -1.379540e+10
1.206650e+13 1.620975e+13
-3.335613e+09 2.172546e+09
3.328365e+07 -6.507663e+07
-4.411059e+08 3.221052e+08
-1.711605e+08 -8.525007e+06
8.874014e+00 -1.098512e+07
9.409210e+11 1.286633e+12
-1.328220e+06 -6.063848e+00
-1.057106e+05 -1.917807e+00
-4.089682e+07 8.171554e+07
8.373062e+09 9.318730e+09
-1.562696e+09 -1.038845e+09
2.706639e+17 -4.407139e+17
2.040416e+10 6.134606e+09
-5.563412e+00 -2.195555e+06
6.108432e+08 1.036793e+09
1.624396e+06 -2.129967e+06
-5.957636e+04 -1.544234e+06
-1.101695e+10 7.176395e+09
-9.104272e+08 -2.952972e+10
9.096003e+11 -8.768529e+11
-1.011530e+09 -7.517732e+08
-4.443283e+11 6.713588e+11
4.722830e+04 1.384928e+06
1.488037e+07 9.123304e+07
4.443283e+11 -6.712549e+11
5.649699e+05 2.387990e+00
2.095794e+14 -1.077318e+14
-5.745418e+10 3.605716e+10
1.535475e+11 8.645934e+11
2.891467e+07 -9.365145e+00
-2.362241e+08 2.267336e+08
-4.374961e+09 6.145843e+08
9.302863e+12 -3.341276e+12
-1.210103e+09 -3.019256e+08
-1.946549e+06 5.821228e+05
2.463886e+15 -3.520423e+15
1.305582e+06 2.477732e+06
-4.112838e+10 -1.192997e+10
-2.707104e+17 4.407518e+17
-4.084589e+08 2.516464e+08
1.206757e+13 -3.900176e+12
3.335692e+09 -2.172487e+09
-1.205181e+08 4.505621e+08
4.236339e+11 -4.176779e+11
1.074113e+08 2.011910e+08
1.643354e+10 2.524817e+10
-4.289808e+06 7.411495e+06
3.807732e+08 -4.099039e+08
-2.179290e+06 -1.042572e+07
2.201779e+06 1.040528e+07
-1.050393e+01 -1.082122e+07
-1.321302e+11 2.648497e+11
-6.489515e+07 1.975644e+07
-1.063456e+08 -8.451474e+07
-1.474403e+07 -2.406299e+07
4.741638e+00 9.722676e+06
2.066545e+09 3.976724e+09
-5.453147e+07 1.469337e+08
1.602488e+15 -7.587844e+15
9.173350e+06 -4.662963e+06
-2.580343e+06 -1.046900e+07
4.072313e+08 -2.514998e+08
-8.343896e+05 -2.678965e+06
-3.446807e+16 -1.282270e+17
-5.447930e+05 -4.799707e+00
5.479776e+07 -4.414882e+06
-8.254570e+08 -7.933520e+07
-4.207920e+06 -6.793473e+05
-3.807973e+08 4.099006e+08
-3.620994e+06 -4.141899e+06
-7.981980e+07 8.948045e+07
-2.309333e+11 -4.491770e+10
-5.614716e+10 2.057115e+11
-8.486281e+00 5.746102e+05
-3.399648e+12 -1.073860e+11
1.025800e+08 -3.806459e+07
3.929300e+13 -6.806499e+13
1.048596e+01 -2.571228e+07
3.781414e+06 -4.687372e+06
-1.611533e+05 -1.364813e+06
3.160438e+08 -7.280932e+07
2.440754e+05 1.368653e+06
8.231619e+05 2.651869e+06
-6.083007e+10 6.827689e+09
-4.941200e+06 -1.394010e+05
-1.535367e+11 -8.645186e+11
1.019154e+10 2.052167e+10
-1.649004e+11 -3.697417e+11
-5.503475e+15 2.263407e+14
2.504546e+06 1.082917e+07
7.978955e+07 -8.948075e+07
8.869129e+05 9.793638e+06
5.614613e+10 -2.057186e+11
-1.988823e+08 -1.879481e+08
9.162847e+13 3.017605e+13
2.946137e+08 9.271942e+07
2.405956e+09 -4.184733e+08
5.456169e+07 -1.469360e+08
8.253817e+08 7.954209e+07
1.996366e+08 -1.688975e+08
1.278131e+09 1.269558e+09
-1.464103e+08 2.556129e+08
4.044851e+08 7.380744e+08
-4.589038e+06 -2.115527e+06
2.879117e+07 4.134195e+06
-3.929571e+13 6.806968e+13
-2.876700e+07 -4.008959e+06
-4.474910e+06 -7.262358e+06
5.503854e+15 -2.263758e+14
-2.746103e+07 6.344806e+05
1.430173e+11 -3.184611e+10
-9.095667e+11 8.769240e+11
-1.419344e+07 5.170033e+07
-1.430653e+11 3.185179e+10
1.988715e+08 1.879568e+08
1.601791e+07 2.469866e+07
-3.730079e+05 -1.059358e+07
2.907604e+00 1.943355e+06
1.557323e+06 -2.003460e+06
2.879099e+08 9.734765e+07
2.309296e+11 4.491241e+10
-2.269167e+06 3.547965e+06
1.563200e+09 1.039108e+09
1.763164e+12 -2.456928e+12
-3.157346e+08 7.337598e+07
1.709775e+08 7.818472e+06
-1.019114e+10 -2.052275e+10
7.172990e+20 -5.925663e+20
1.095150e+05 2.915310e+06
4.687762e+00 1.629134e+06
1.503473e+07 -5.365423e+07
4.363032e+13 -3.035482e+13
-9.741278e+00 6.426078e+05
4.410071e+08 -3.219353e+08
-1.972657e+06 -1.939976e+05
9.086912e+06 -6.031859e+05
6.530564e+07 -1.924236e+07
-1.996116e+08 1.121932e+08
5.991630e+06 5.076517e+05
-1.986914e+14 -3.786591e+14
-2.404603e+09 4.197859e+08
1.798908e+07 -6.891340e+07
5.659134e+09 4.838742e+09
-3.889491e+07 1.169029e+06
1.971900e+07 -5.495042e+07
-5.991892e+07 6.914114e+07
-1.602764e+15 7.588496e+15
5.389424e+07 2.578356e+07
1.101921e+09 3.282367e+09
1.321481e+11 -2.648815e+11
-4.364007e+13 3.035899e+13
-2.608677e+10 -8.530367e+09
1.860964e+10 4.639949e+08
-1.860804e+10 -4.639442e+08
6.019854e+07 -6.880046e+07
-2.827237e+07 1.021331e+08
3.447223e+16 1.282204e+17
-2.692206e+06 -6.797557e+06
7.894062e-01 -2.280611e+06
-1.046927e+07 2.510352e+08
5.546656e+08 -3.271573e+07
1.523103e+06 -9.357010e+05
-1.525947e+06 9.425891e+05
-3.149413e+09 -1.509039e+09
3.886480e+07 -2.061686e+06
-5.213316e+00 1.459511e+07
-1.829619e+19 -3.852831e+19
2.145528e+07 -1.640164e+07
4.556315e+05 7.265409e+00
-3.651326e+06 -6.681676e+06
-1.020291e+08 3.812155e+07
4.490077e+06 2.174499e+06
1.170567e+06 3.784808e+00
-3.531664e+08 -8.958503e+07
-1.400663e+06 -5.009818e+06
2.829183e+07 -1.021874e+08
-1.390706e+07 5.856044e+06
1.363056e+06 3.939790e+06
-1.643488e+10 -2.524982e+10
-7.174100e+20 5.926987e+20
8.936025e+04 -1.072806e+01
-1.798111e+07 6.895277e+07
-2.156581e+13 -7.849150e+12
3.046207e+08 -2.941645e+10
4.242215e-01 -2.269595e+06
-5.659823e+06 -6.553349e+07
-5.252292e+09 -6.789445e+10
-1.102186e+09 -3.282761e+09
1.010167e+09 7.513839e+08
-7.314774e+07 -2.338749e+08
4.917345e+07 8.256597e+07
-4.048837e+08 -7.387157e+08
-1.206238e+06 -5.347833e+00
-4.012666e+00 -1.634607e+06
-2.096299e+14 1.077559e+14
1.421472e+15 1.535617e+16
-4.772990e+06 -7.489803e+00
1.997501e+09 1.142361e+09
-8.652742e+00 1.955558e+06
-5.571459e+08 2.763465e+07
-2.128835e+07 1.639003e+07
4.803916e+06 -4.411122e+00
-1.314949e+08 1.124533e+08
-4.240171e+11 4.176671e+11
-1.348248e+05 -1.094392e+07
-1.523620e+13 5.502507e+14
-1.385796e+11 6.322247e+11
2.877170e+06 -7.694179e+06
3.020803e+07 4.595547e+06
-5.144401e+07 -8.738998e+07
1.647571e+07 -1.227488e+06
1.293639e+00 2.185475e+06
-2.687796e+07 -7.780255e+06
3.643564e+06 6.661350e+06
-3.146319e+09 9.258469e+08
-1.246138e+12 -1.373673e+12
3.352815e+07 -8.608513e+06
8.661216e+11 1.307201e+11
1.386176e+07 -5.929226e+06
2.222508e+08 5.767616e+08
-1.254914e+08 -1.330276e+08
-7.807058e+05 -4.304297e+05
-5.445196e+06 1.131258e+06
1.842907e+08 -2.408036e+07
1.058327e+01 6.979309e+05
3.403865e+06 2.963763e+06
4.333817e+10 9.162467e+09
2.722679e+06 3.558856e+06
5.405466e+11 -1.010378e+11
-1.239100e+05 -2.983315e+04
-6.942443e+08 3.006090e+07
5.455431e+08 4.824035e+08
-7.792221e+14 7.023029e+14
-1.076722e+08 -2.009267e+08
-8.366526e+05 -7.947641e+05
2.687456e+07 7.837158e+06
3.334376e+09 1.381212e+10
-5.416246e+05 5.854329e+00
-4.108986e+00 1.648125e+06
-1.207089e+13 3.902522e+12
-1.917848e+07 -1.162525e+07
-3.318475e+08 -9.373222e+07
-4.126125e+00 7.237078e+06
1.101784e+10 -7.177169e+09
-9.166001e+13 -3.018332e+13
5.535824e+06 6.717578e+06
-2.740365e+06 7.613551e+06
-3.045248e+08 2.941874e+10
1.979806e+08 5.081547e+07
3.331339e+06 -6.154384e+05
1.928634e+06 -5.405616e+05
-2.756034e+07 1.212897e+07
-1.421448e+15 -1.535538e+16
-1.762674e+06 -9.274097e+00
2.778858e+11 -4.840448e+10
1.167756e+11 -8.364058e+08
-1.168058e+11 8.364506e+08
6.051824e+10 1.999027e+10
-9.304142e+12 3.341564e+12
3.401052e+12 1.074270e+11
4.113528e+10 1.193121e+10
-1.440319e+07 2.776667e+07
2.608850e+10 8.529040e+09
1.050332e+07 -2.513317e+08
3.753191e+06 -7.468769e+06
-2.211205e+09 -1.339194e+08
4.247752e+05 -4.101019e+00
3.422768e+09 6.578504e+08
-5.437985e+07 -2.588774e+07
4.023644e+06 -1.577528e+07
4.440005e-01 -7.111973e+06
-9.355180e+05 -7.160474e-01
1.649572e+11 3.698687e+11
-5.442227e+07 4.392346e+07
-1.607611e+07 1.668479e+06
4.586630e+07 3.794883e+07
-8.083729e+06 3.510489e+07
-2.653305e+10 3.572979e+10
-4.267598e+08 7.275106e+07
1.277021e+06 -1.073780e+00
1.506482e+08 -1.477875e+08
1.523777e+13 -5.502507e+14
-6.116408e+08 -1.035851e+09
-5.921320e+08 1.208451e+09
-5.523490e+07 4.639284e+06
7.792757e+14 -7.023270e+14
-8.563400e+06 1.582342e+06
2.211564e+09 1.334098e+08
1.829777e+19 3.853759e+19
-1.979950e+08 -5.091456e+07
-4.955310e+07 -8.194084e+07
-3.975318e+06 1.581577e+07
-5.923302e+06 -7.315552e+05
5.254613e+05 4.110866e+06
-2.944027e+09 3.827335e+10
1.464512e+08 -2.556266e+08
2.043697e+11 3.195887e+12
2.653487e+10 -3.572981e+10
1.206324e+08 -4.506361e+08
3.306139e+08 9.465552e+07
-2.227917e+08 -5.757399e+08
7.154639e+05 -2.017386e+00
5.594256e+06 8.097105e+00
5.194832e+05 1.048284e+07
-5.451379e+08 -4.819232e+08
7.230412e+07 2.344568e+08
-4.628852e+07 -3.814308e+07
1.385793e+11 -6.322045e+11
-2.991079e+07 -4.648796e+06
4.408567e+06 7.983377e+05
1.199623e+10 8.333150e+09
-8.920657e+00 -6.613900e+06
5.909444e+08 -1.208306e+09
6.942568e+08 -3.006590e+07
-4.168001e+06 4.239560e+06
-4.445559e+06 -2.415035e+06
-1.220654e+07 -2.996099e+00
5.167826e+06 3.504401e+06
