2.079692e+06 3.357351e+00
8.259246e+06 -1.454369e+06
8.645134e+09 1.117304e+11
2.051446e+12 2.261581e+12
-1.549259e+12 -2.118733e+12
-5.637506e+09 -1.083012e+09
1.606536e+07 -5.752421e+07
-7.243522e+06 -5.946441e+06
-2.391243e+06 -1.579016e+07
-5.272150e+06 9.278147e+00
7.633709e+05 -1.671456e+06
-3.544645e+07 9.435383e+07
4.846329e+09 -6.300562e+10
5.180197e+09 -1.524059e+09
-5.219102e+10 -1.130282e+10
5.186029e+09 2.484854e+09
-1.383511e+06 4.480622e+07
-6.959364e+06 -2.417422e+06
2.003736e+07 5.343934e+00
-2.483113e+08 2.428816e+08
-2.259170e+06 -4.531383e+06
-3.990090e+09 1.492213e+09
1.501010e+09 4.861728e+10
-7.133968e+10 -1.508225e+10
-5.473638e+07 1.070871e+08
-1.424658e+07 1.410574e+06
7.761787e+05 -1.461587e+05
9.074572e+07 -7.085845e+07
-2.274454e+13 -6.178039e+12
-9.000237e+00 -3.697268e+06
4.458035e+07 -2.013300e+07
-1.362780e+08 2.667045e+07
-3.359353e+10 -1.009813e+10
-3.289728e+09 -1.880783e+09
-4.196960e+07 -5.975191e+06
9.463028e+10 -5.939035e+10
3.272048e+14 6.235820e+14
8.002469e+05 1.491624e+06
5.220289e+10 1.130521e+10
1.758288e+08 1.415569e+08
1.002051e+11 -1.124582e+10
2.206078e+06 4.524198e+06
-1.090289e+01 -2.129966e+06
-1.975511e+10 -1.372432e+10
1.499545e+07 1.087505e+08
2.210312e+06 -2.097048e+06
-2.905805e+12 4.048823e+12
1.384933e+06 -1.055791e+06
1.363417e+08 -2.678879e+07
-2.105058e+09 -2.091136e+09
7.038373e+08 -1.214337e+08
3.169563e+07 1.897486e+07
-1.867400e+00 -1.618750e+06
1.610654e+07 -1.810929e+06
3.551401e+13 1.292679e+13
3.988512e+09 -1.493217e+09
-4.576072e+11 7.969883e+10
5.820128e+08 1.476317e+08
4.190351e+06 1.089513e+07
-4.697990e+07 -1.414422e+08
-1.987089e+13 -2.669435e+13
-8.899870e+11 1.663757e+11
6.730938e+07 -1.348658e+08
2.094432e+08 2.325710e+08
-4.055617e+15 5.795631e+15
-3.742806e+08 1.225067e+08
2.244605e+07 -4.563884e+07
-1.425966e+12 -2.152234e+11
-9.323302e+09 -7.970340e+09
7.204175e+09 -1.011678e+09
5.252153e+06 6.277009e+00
-1.378734e+10 -1.534342e+10
2.274692e+13 6.177781e+12
1.995753e+09 4.968397e+08
1.169857e+05 1.356834e+00
-9.963440e+10 -3.292088e+10
-3.362740e+11 -5.260386e+12
-3.357777e+09 -6.538442e+09
-3.720377e+06 3.846084e+06
-4.848104e+08 -1.528221e+08
-5.544223e+09 -2.271874e+10
1.987131e+13 2.669435e+13
-5.492912e+09 3.577636e+09
5.481256e+07 -1.071691e+08
-7.264953e+08 5.304626e+08
-2.819075e+08 -1.404091e+07
2.257968e+00 -1.808978e+07
1.549391e+12 2.118710e+12
-2.187589e+06 3.246404e+00
-1.741872e+05 1.101829e+01
-6.734787e+07 1.345506e+08
1.378673e+10 1.534406e+10
-2.573706e+09 -1.710912e+09
4.457172e+17 -7.257557e+17
3.360352e+10 1.010263e+10
1.155384e+00 -3.616330e+06
1.006088e+09 1.707601e+09
2.675217e+06 -3.507832e+06
-9.836443e+04 -2.543344e+06
-1.814543e+10 1.182006e+10
-1.499219e+09 -4.862837e+10
1.497878e+12 -1.443961e+12
-1.665722e+09 -1.237967e+09
-7.317656e+11 1.105664e+12
7.769938e+04 2.280478e+06
2.450406e+07 1.502428e+08
7.318496e+11 -1.105583e+12
9.306244e+05 1.708497e+00
3.452535e+14 -1.774796e+14
-9.463048e+10 5.938789e+10
2.529709e+11 1.424371e+12
4.761239e+07 6.830014e+00
-3.889966e+08 3.733763e+08
-7.204651e+09 1.012041e+09
1.532235e+13 -5.503083e+12
-1.995262e+09 -4.978302e+08
-3.206042e+06 9.589605e+05
4.057310e+15 -5.796720e+15
2.151107e+06 4.082458e+06
-6.772814e+10 -1.964493e+10
-4.457497e+17 7.257633e+17
-6.856818e+08 4.224230e+08
1.987334e+13 -6.421996e+12
5.492816e+09 -3.577550e+09
-1.984611e+08 7.419764e+08
6.975756e+11 -6.877446e+11
1.768837e+08 3.313039e+08
2.706288e+10 4.157830e+10
-7.068572e+06 1.221272e+07
6.270659e+08 -6.750320e+08
-3.588779e+06 -1.716701e+07
3.625659e+06 1.713412e+07
-5.098016e+00 -1.782380e+07
-2.180003e+11 4.369745e+11
-1.068856e+08 3.253807e+07
-1.751478e+08 -1.391917e+08
-2.428289e+07 -3.963121e+07
2.201191e+00 1.601468e+07
3.403304e+09 6.548745e+09
-8.980980e+07 2.419893e+08
2.639783e+15 -1.249935e+16
1.510684e+07 -7.679273e+06
-4.249984e+06 -1.724381e+07
6.836555e+08 -4.222182e+08
-1.374207e+06 -4.411938e+06
-5.681241e+16 -2.113490e+17
-8.976172e+05 6.906925e+00
9.025591e+07 -7.272060e+06
-1.359281e+09 -1.306557e+08
-6.931569e+06 -1.119283e+06
-6.271146e+08 6.750193e+08
-5.962719e+06 -6.820724e+06
-1.314398e+08 1.473442e+08
-3.802855e+11 -7.396625e+10
-9.246008e+10 3.387599e+11
-2.278104e+00 9.463126e+05
-5.598279e+12 -1.768505e+11
1.689573e+08 -6.269704e+07
6.472043e+13 -1.121075e+14
-1.493316e+00 -4.236187e+07
6.231807e+06 -7.724927e+06
-2.652072e+05 -2.247456e+06
5.207334e+08 -1.199698e+08
4.020882e+05 2.253892e+06
1.355338e+06 4.366977e+06
-1.001705e+11 1.124346e+10
-8.136968e+06 -2.297712e+05
-2.529334e+11 -1.424221e+12
1.678399e+10 3.379700e+10
-2.715514e+11 -6.088569e+11
-9.062627e+15 3.727093e+14
4.125046e+06 1.783491e+07
1.313905e+08 -1.473443e+08
1.460589e+06 1.612547e+07
9.245128e+10 -3.387457e+11
-3.275342e+08 -3.095332e+08
1.509402e+14 4.970945e+13
4.857692e+08 1.528830e+08
3.963304e+09 -6.893730e+08
8.985408e+07 -2.419747e+08
1.359219e+09 1.309914e+08
3.288218e+08 -2.781866e+08
2.104904e+09 2.090828e+09
-2.412013e+08 4.211128e+08
6.661137e+08 1.215486e+09
-7.558465e+06 -3.484879e+06
4.741131e+07 6.808358e+06
-6.472313e+13 1.121181e+14
-4.737026e+07 -6.601697e+06
-7.369863e+06 -1.196002e+07
9.063290e+15 -3.727756e+14
-4.522035e+07 1.045463e+06
2.355376e+11 -5.244505e+10
-1.497906e+12 1.444100e+12
-2.337519e+07 8.514115e+07
-2.355889e+11 5.245250e+10
3.275430e+08 3.095547e+08
2.637986e+07 4.067612e+07
-6.144016e+05 -1.744471e+07
-7.529054e+00 3.200551e+06
2.564877e+06 -3.299251e+06
4.741075e+08 1.603027e+08
3.802781e+11 7.395666e+10
-3.736865e+06 5.843000e+06
2.574406e+09 1.711374e+09
2.905412e+12 -4.048484e+12
-5.202075e+08 1.209040e+08
2.816047e+08 1.287769e+07
-1.678320e+10 -3.379915e+10
1.181312e+21 -9.758872e+20
1.804622e+05 4.802091e+06
-3.475046e+00 2.683468e+06
2.476005e+07 -8.836017e+07
7.185796e+13 -4.999497e+13
-5.470263e+00 1.058494e+06
7.263765e+08 -5.302465e+08
-3.249626e+06 -3.199500e+05
1.496487e+07 -9.934765e+05
1.075649e+08 -3.169282e+07
-3.287988e+08 1.848003e+08
9.866979e+06 8.362007e+05
-3.272185e+14 -6.236080e+14
-3.961296e+09 6.915347e+08
2.962603e+07 -1.134918e+08
9.324142e+09 7.972393e+09
-6.405078e+07 1.925394e+06
3.246945e+07 -9.048239e+07
-9.869782e+07 1.138884e+08
-2.639838e+15 1.249883e+16
8.874860e+07 4.245759e+07
1.814537e+09 5.404651e+09
2.179792e+11 -4.369376e+11
-7.186021e+13 4.999236e+13
-4.295656e+10 -1.404694e+10
3.064562e+10 7.640989e+08
-3.064370e+10 -7.640361e+08
9.915790e+07 -1.133289e+08
-4.655694e+07 1.681868e+08
5.681360e+16 2.113292e+17
-4.434545e+06 -1.119618e+07
-3.363102e-01 -3.756868e+06
-1.724820e+07 4.136083e+08
9.139272e+08 -5.390649e+07
2.508623e+06 -1.541317e+06
-2.513166e+06 1.552391e+06
-5.187683e+09 -2.485642e+09
6.400753e+07 -3.395933e+06
-2.421071e+00 2.403479e+07
-3.013141e+19 -6.345380e+19
3.533706e+07 -2.701277e+07
7.507229e+05 -5.279826e+00
-6.013606e+06 -1.100433e+07
-1.680298e+08 6.278297e+07
7.394536e+06 3.581262e+06
1.927613e+06 6.034642e-01
-5.815431e+08 -1.475203e+08
-2.306676e+06 -8.249532e+06
4.658443e+07 -1.682726e+08
-2.290348e+07 9.644699e+06
2.244934e+06 6.488049e+06
-2.706814e+10 -4.158683e+10
-1.181521e+21 9.760910e+20
1.470870e+05 7.017666e+00
-2.961387e+07 1.135620e+08
-3.551624e+13 -1.292692e+13
5.016543e+08 -4.844248e+10
3.899974e+00 -3.737817e+06
-9.320706e+06 -1.079174e+08
-8.648784e+09 -1.117997e+11
-1.815077e+09 -5.406081e+09
1.663535e+09 1.237334e+09
-1.204829e+08 -3.852230e+08
8.098296e+07 1.359752e+08
-6.667642e+08 -1.216545e+09
-1.986586e+06 3.548889e+00
8.479760e+00 -2.692285e+06
-3.453220e+14 1.775111e+14
2.340770e+15 2.528657e+16
-7.860838e+06 -8.200327e+00
3.289580e+09 1.881205e+09
2.148125e+00 3.220579e+06
-9.179712e+08 4.553117e+07
-3.506317e+07 2.699359e+07
7.911986e+06 2.247647e+00
-2.165756e+08 1.852246e+08
-6.982620e+11 6.877930e+11
-2.221885e+05 -1.802169e+07
-2.509385e+13 9.062291e+14
-2.282265e+11 1.041203e+12
4.738272e+06 -1.267151e+07
4.974797e+07 7.568358e+06
-8.473623e+07 -1.439442e+08
2.713721e+07 -2.022021e+06
-4.213013e+00 3.599379e+06
-4.426566e+07 -1.281393e+07
6.001618e+06 1.097183e+07
-5.181969e+09 1.524874e+09
-2.052089e+12 -2.262172e+12
5.521722e+07 -1.417671e+07
1.426218e+12 2.152635e+11
2.282978e+07 -9.764743e+06
3.660201e+08 9.498623e+08
-2.070236e+08 -2.194535e+08
-1.285826e+06 -7.088094e+05
-8.967050e+06 1.862861e+06
3.035301e+08 -3.966164e+07
-1.088168e+01 1.149060e+06
5.605524e+06 4.880520e+06
7.136436e+10 1.508781e+10
4.483643e+06 5.860394e+06
8.902011e+11 -1.663955e+11
-2.041093e+05 -4.916251e+04
-1.143276e+09 4.950529e+07
8.984056e+08 7.944077e+08
-1.283243e+15 1.156586e+15
-1.773187e+08 -3.308947e+08
-1.378003e+06 -1.309116e+06
4.426062e+07 1.290729e+07
5.491471e+09 2.274809e+10
-8.923355e+05 1.020438e+01
1.068746e+01 2.714260e+06
-1.987873e+13 6.426824e+12
-3.158537e+07 -1.914592e+07
-5.465294e+08 -1.543688e+08
-9.747788e+00 1.191949e+07
1.814755e+10 -1.182148e+10
-1.510112e+14 -4.972659e+13
9.117346e+06 1.106363e+07
-4.513506e+06 1.253849e+07
-5.014276e+08 4.844241e+10
3.259968e+08 8.367694e+07
5.487687e+06 -1.014556e+06
3.176702e+06 -8.907659e+05
-4.538874e+07 1.997559e+07
-2.340795e+15 -2.528552e+16
-2.903386e+06 4.730063e+00
4.576347e+11 -7.971138e+10
1.923405e+11 -1.377480e+09
-1.923686e+11 1.377559e+09
9.965905e+10 3.291985e+10
-1.532379e+13 5.503715e+12
5.600735e+12 1.769082e+11
6.774317e+10 1.964850e+10
-2.372086e+07 4.572863e+07
4.296661e+10 1.404669e+10
1.730550e+07 -4.140853e+08
6.184169e+06 -1.230656e+07
-3.641493e+09 -2.205265e+08
6.992647e+05 4.867085e+00
5.637113e+09 1.083440e+09
-8.955195e+07 -4.263215e+07
6.625730e+06 -2.597560e+07
-4.964740e+00 -1.171197e+07
-1.540760e+06 -3.315414e+00
2.716451e+11 6.090793e+11
-8.963510e+07 7.234333e+07
-2.647858e+07 2.748007e+06
7.555616e+07 6.251470e+07
-1.331330e+07 5.781499e+07
-4.369801e+10 5.884397e+10
-7.030066e+08 1.198366e+08
2.103742e+06 -5.669105e+00
2.480922e+08 -2.433804e+08
2.509489e+13 -9.062196e+14
-1.007306e+09 -1.705933e+09
-9.761697e+08 1.992227e+09
-9.096585e+07 7.640398e+06
1.283256e+15 -1.156562e+15
-1.410361e+07 2.606176e+06
3.641811e+09 2.196853e+08
3.013361e+19 6.346639e+19
-3.260251e+08 -8.383987e+07
-8.160422e+07 -1.349407e+08
-6.546145e+06 2.604346e+07
-9.754020e+06 -1.205130e+06
8.656220e+05 6.769444e+06
-4.847858e+09 6.302098e+10
2.412735e+08 -4.211463e+08
3.367003e+11 5.265115e+12
4.369892e+10 -5.883910e+10
1.986520e+08 -7.420745e+08
5.444443e+08 1.558746e+08
-3.668828e+08 -9.480537e+08
1.178231e+06 -2.211867e+00
9.211500e+06 -1.896501e+00
8.557413e+05 1.726339e+07
-8.976729e+08 -7.936000e+08
1.190899e+08 3.861667e+08
-7.624876e+07 -6.283188e+07
2.282118e+11 -1.041151e+12
-4.925717e+07 -7.655574e+06
7.261723e+06 1.315274e+06
1.975743e+10 1.372320e+10
-1.104205e+01 -1.091094e+07
9.742824e+08 -1.992002e+09
1.143273e+09 -4.951154e+07
-6.868431e+06 6.986309e+06
-7.320544e+06 -3.977193e+06
-2.010164e+07 -4.195102e+00
8.510456e+06 5.770452e+06
