6.090337e+05 7.751936e-01
2.421379e+06 -4.264665e+05
2.534712e+09 3.276202e+10
6.013206e+11 6.629448e+11
-4.542610e+11 -6.211662e+11
-1.651483e+09 -3.172651e+08
4.707131e+06 -1.685803e+07
-2.122808e+06 -1.742761e+06
-7.010432e+05 -4.628969e+06
-1.544845e+06 -3.236237e+00
2.238957e+05 -4.902606e+05
-1.039248e+07 2.766159e+07
1.420757e+09 -1.847137e+10
1.517593e+09 -4.464666e+08
-1.529715e+10 -3.312516e+09
1.518311e+09 7.275662e+08
-4.049342e+05 1.311218e+07
-2.040342e+06 -7.087069e+05
5.872623e+06 -1.796753e-01
-7.276089e+07 7.116993e+07
-6.621522e+05 -1.328143e+06
-1.169503e+09 4.373705e+08
4.398585e+08 1.424584e+10
-2.090476e+10 -4.419859e+09
-1.603818e+07 3.138880e+07
-4.176460e+06 4.134017e+05
2.272500e+05 -4.277776e+04
2.657103e+07 -2.075521e+07
-6.667687e+12 -1.811187e+12
9.258758e-01 -1.083106e+06
1.306756e+07 -5.900570e+06
-3.995234e+07 7.818562e+06
-9.845864e+09 -2.959534e+09
-9.639486e+08 -5.511444e+08
-1.230013e+07 -1.751097e+06
2.772703e+10 -1.740167e+10
9.591282e+13 1.827938e+14
2.350393e+05 4.365833e+05
1.530055e+10 3.313398e+09
5.151812e+07 4.147751e+07
2.936804e+10 -3.296068e+09
6.465419e+05 1.325976e+06
7.751541e+00 -6.247588e+05
-5.788039e+09 -4.021529e+09
4.395400e+06 3.187843e+07
6.474438e+05 -6.142784e+05
-8.497174e+11 1.183979e+12
4.056665e+05 -3.091173e+05
3.996170e+07 -7.851793e+06
-6.167141e+08 -6.125650e+08
2.060505e+08 -3.554577e+07
9.285652e+06 5.558765e+06
5.576123e+00 -4.744079e+05
4.717688e+06 -5.304630e+05
1.040703e+13 3.787821e+12
1.169005e+09 -4.376761e+08
-1.341338e+11 2.336293e+10
1.705717e+08 4.326769e+07
1.227716e+06 3.192111e+06
-1.377231e+07 -4.146412e+07
-5.823362e+12 -7.823525e+12
-2.608842e+11 4.876556e+10
1.973635e+07 -3.954546e+07
6.098788e+07 6.771650e+07
-1.188960e+15 1.699070e+15
-1.097182e+08 3.590951e+07
6.578510e+06 -1.337620e+07
-4.180596e+11 -6.309488e+10
-2.727110e+09 -2.331172e+09
2.111961e+09 -2.965889e+08
1.538627e+06 -7.548186e+00
-4.041988e+09 -4.498017e+09
6.667687e+12 1.811058e+12
5.822595e+08 1.449546e+08
3.418250e+04 6.544374e+00
-2.920390e+10 -9.649038e+09
-9.841432e+10 -1.539371e+12
-9.841053e+08 -1.916307e+09
-1.090580e+06 1.127385e+06
-1.414157e+08 -4.457681e+07
-1.624893e+09 -6.658046e+09
5.822947e+12 7.822689e+12
-1.610060e+09 1.048570e+09
1.606539e+07 -3.140838e+07
-2.128415e+08 1.554193e+08
-8.257890e+07 -4.112984e+06
-1.376028e+00 -5.302190e+06
4.542456e+11 6.211659e+11
-6.410500e+05 6.760027e+00
-5.095490e+04 -2.438642e+00
-1.974703e+07 3.945169e+07
4.042411e+09 4.498979e+09
-7.540983e+08 -5.013525e+08
1.306770e+17 -2.127700e+17
9.848822e+09 2.961199e+09
-8.069148e+00 -1.059641e+06
2.947256e+08 5.002614e+08
7.840276e+05 -1.028087e+06
-2.873402e+04 -7.451640e+05
-5.314960e+09 3.462450e+09
-4.394378e+08 -1.425242e+10
4.390780e+11 -4.232626e+11
-4.881659e+08 -3.628260e+08
-2.144166e+11 3.239681e+11
2.268581e+04 6.684300e+05
7.183016e+06 4.403875e+07
2.144243e+11 -3.239450e+11
2.727495e+05 -1.596343e+00
1.010921e+14 -5.196243e+13
-2.772935e+10 1.740211e+10
7.404108e+10 4.169172e+11
1.396153e+07 -1.287250e+00
-1.140411e+08 1.094616e+08
-2.112247e+09 2.967458e+08
4.489063e+12 -1.612291e+12
-5.821554e+08 -1.452793e+08
-9.394011e+05 2.809221e+05
1.189510e+15 -1.699615e+15
6.291989e+05 1.194163e+06
-1.985367e+10 -5.758993e+09
-1.307003e+17 2.127927e+17
-1.867410e+08 1.150542e+08
5.825072e+12 -1.882612e+12
1.610360e+09 -1.048877e+09
-5.816734e+07 2.174570e+08
2.045024e+11 -2.016203e+11
5.184071e+07 9.710908e+07
7.930119e+09 1.218346e+10
-2.067000e+06 3.571249e+06
1.837588e+08 -1.978241e+08
-1.052214e+06 -5.033801e+06
1.063246e+06 5.023920e+06
-9.234751e-01 -5.220458e+06
-6.345554e+10 1.271964e+11
-3.131266e+07 9.533256e+06
-5.131856e+07 -4.078381e+07
-7.115750e+06 -1.161342e+07
-9.219402e+00 4.691369e+06
9.975506e+08 1.919614e+09
-2.632298e+07 7.092579e+07
7.729884e+14 -3.659942e+15
4.428247e+06 -2.250794e+06
-1.244971e+06 -5.051035e+06
1.861656e+08 -1.149705e+08
-4.026918e+05 -1.293125e+06
-1.659985e+16 -6.175455e+16
-2.629429e+05 6.706334e+00
2.644159e+07 -2.130217e+06
-3.983810e+08 -3.828862e+07
-2.029591e+06 -3.276750e+05
-1.837935e+08 1.978366e+08
-1.747710e+06 -1.999226e+06
-3.853042e+07 4.319370e+07
-1.114793e+11 -2.168257e+10
-2.710223e+10 9.930534e+10
5.630831e+00 2.774048e+05
-1.641024e+12 -5.183663e+10
4.949225e+07 -1.836555e+07
1.895822e+13 -3.283963e+13
-1.081182e+00 -1.239610e+07
1.821604e+06 -2.258189e+06
-7.791097e+04 -6.589491e+05
1.523259e+08 -3.509308e+07
1.178749e+05 6.607798e+05
3.974276e+05 1.280291e+06
-2.935859e+10 3.295162e+09
-2.385068e+06 -6.744375e+04
-7.402243e+10 -4.167831e+11
4.918006e+09 9.904095e+09
-7.959557e+10 -1.784800e+11
-2.656664e+15 1.092716e+14
1.208772e+06 5.225783e+06
3.851813e+07 -4.319697e+07
4.282547e+05 4.727569e+06
2.710123e+10 -9.929119e+10
-9.595805e+07 -9.067912e+07
4.417751e+13 1.454880e+13
1.416823e+08 4.458560e+07
1.160043e+09 -2.017652e+08
2.633215e+07 -7.091063e+07
3.983093e+08 3.838576e+07
9.629816e+07 -8.146619e+07
6.166952e+08 6.125687e+08
-7.057599e+07 1.232184e+08
1.951851e+08 3.561835e+08
-2.213867e+06 -1.020550e+06
1.389695e+07 1.995598e+06
-1.895620e+13 3.283612e+13
-1.388521e+07 -1.935025e+06
-2.159408e+06 -3.504802e+06
2.656380e+15 -1.092599e+14
-1.325589e+07 3.062749e+05
6.902511e+10 -1.537200e+10
-4.390300e+11 4.233130e+11
-6.851468e+06 2.495666e+07
-6.906014e+10 1.537539e+10
9.596134e+07 9.069490e+07
7.730767e+06 1.192036e+07
-1.802304e+05 -5.113053e+06
3.343295e-01 9.379471e+05
7.517500e+05 -9.670201e+05
1.389816e+08 4.699400e+07
1.114794e+11 2.168071e+10
-1.095320e+06 1.712491e+06
7.543379e+08 5.014167e+08
8.495663e+11 -1.183810e+12
-1.521684e+08 3.536618e+07
8.249387e+07 3.771950e+06
-4.918684e+09 -9.904809e+09
3.461998e+20 -2.860032e+20
5.296229e+04 1.406910e+06
-1.233687e+01 7.862817e+05
7.257405e+06 -2.589683e+07
2.105257e+13 -1.464739e+13
-8.680519e+00 3.101701e+05
2.127830e+08 -1.553488e+08
-9.519036e+05 -9.366570e+04
4.386492e+06 -2.912939e+05
3.151035e+07 -9.285146e+06
-9.629629e+07 5.412612e+07
2.892184e+06 2.449855e+05
-9.589915e+13 -1.827547e+14
-1.159514e+09 2.024189e+08
8.680408e+06 -3.325272e+07
2.727323e+09 2.331955e+09
-1.876869e+07 5.640316e+05
9.519207e+06 -2.652600e+07
-2.889947e+07 3.334621e+07
-7.730160e+14 3.659942e+15
2.600992e+07 1.244349e+07
5.318478e+08 1.584167e+09
6.346679e+10 -1.272101e+11
-2.106082e+13 1.465104e+13
-1.258933e+10 -4.116788e+09
8.980920e+09 2.239214e+08
-8.980600e+09 -2.239124e+08
2.903763e+07 -3.318945e+07
-1.364901e+07 4.930838e+07
1.660342e+16 6.175676e+16
-1.299050e+06 -3.279836e+06
8.898994e+00 -1.100261e+06
-5.047157e+06 1.210200e+08
2.673405e+08 -1.576699e+07
7.350494e+05 -4.515453e+05
-7.364159e+05 4.548973e+05
-1.518992e+09 -7.278252e+08
1.875417e+07 -9.949723e+05
6.830195e+00 7.044426e+06
-8.828838e+18 -1.859177e+19
1.035267e+07 -7.913873e+06
2.199473e+05 -3.977293e+00
-1.762047e+06 -3.224147e+06
-4.923208e+07 1.839620e+07
2.166791e+06 1.049403e+06
5.650723e+05 -1.042847e+01
-1.704494e+08 -4.323733e+07
-6.761478e+05 -2.418313e+06
1.365612e+07 -4.932975e+07
-6.711676e+06 2.826420e+06
6.581025e+05 1.901699e+06
-7.930369e+09 -1.218385e+10
-3.462368e+20 2.860440e+20
4.309443e+04 -5.473974e+00
-8.677154e+06 3.327322e+07
-1.040851e+13 -3.788226e+12
1.470409e+08 -1.419937e+10
-9.784928e+00 -1.095361e+06
-2.732315e+06 -3.163544e+07
-2.535567e+09 -3.277583e+10
-5.319875e+08 -1.584478e+09
4.875734e+08 3.626676e+08
-3.528709e+07 -1.128232e+08
2.373346e+07 3.984958e+07
-1.954309e+08 -3.565465e+08
-5.821034e+05 -6.482173e+00
-1.352140e+00 -7.887875e+05
-1.011029e+14 5.196799e+13
6.862247e+14 7.413169e+15
-2.303108e+06 -6.788390e+00
9.639689e+08 5.512708e+08
-7.084101e+00 9.436708e+05
-2.685048e+08 1.331776e+07
-1.026869e+07 7.908050e+06
2.317982e+06 -6.863962e+00
-6.344358e+07 5.425346e+07
-2.046708e+11 2.016094e+11
-6.503873e+04 -5.282573e+06
-7.352904e+12 2.655437e+14
-6.688735e+10 3.051576e+11
1.388819e+06 -3.713817e+06
1.458094e+07 2.218227e+06
-2.482159e+07 -4.216545e+07
7.950254e+06 -5.922994e+05
-9.787285e+00 1.054760e+06
-1.297191e+07 -3.754728e+06
1.757949e+06 3.214021e+06
-1.518286e+09 4.467910e+08
-6.015350e+11 -6.630867e+11
1.618227e+07 -4.155138e+06
4.181636e+11 6.311277e+10
6.690840e+06 -2.861832e+06
1.072769e+08 2.783783e+08
-6.028482e+07 -6.391077e+07
-3.767554e+05 -2.077820e+05
-2.628427e+06 5.461383e+05
8.892118e+07 -1.161886e+07
7.370024e+00 3.367819e+05
1.642735e+06 1.430287e+06
2.092170e+10 4.423141e+09
1.314190e+06 1.718024e+06
2.609122e+11 -4.876823e+10
-5.964059e+04 -1.428859e+04
-3.350881e+08 1.450895e+07
2.633245e+08 2.328484e+08
-3.760967e+14 3.389774e+14
-5.196871e+07 -9.697856e+07
-4.037194e+05 -3.836034e+05
1.297132e+07 3.782734e+06
1.609467e+09 6.666717e+09
-2.613672e+05 -5.559175e+00
-3.969974e+00 7.955562e+05
-5.825694e+12 1.883417e+12
-9.255257e+06 -5.610262e+06
-1.601513e+08 -4.523723e+07
4.198608e+00 3.492931e+06
5.316266e+09 -3.462904e+09
-4.419958e+13 -1.455452e+13
2.671667e+06 3.242316e+06
-1.322659e+06 3.674596e+06
-1.469976e+08 1.420102e+10
9.558148e+07 2.453317e+07
1.607232e+06 -2.967964e+05
9.311479e+05 -2.609651e+05
-1.330338e+07 5.854530e+06
-6.862491e+14 -7.413433e+15
-8.506939e+05 -1.099347e+00
1.341621e+11 -2.336745e+10
5.636191e+10 -4.036240e+08
-5.636593e+10 4.036243e+08
2.921079e+10 9.649349e+09
-4.489542e+12 1.612406e+12
1.641901e+12 5.186078e+10
1.985746e+10 5.759718e+09
-6.952366e+06 1.340227e+07
1.259221e+10 4.116649e+09
5.063838e+06 -1.211633e+08
1.808996e+06 -3.599617e+06
-1.067309e+09 -6.464422e+07
2.050785e+05 -1.040080e+01
1.651563e+09 3.174105e+08
-2.624629e+07 -1.249503e+07
1.942528e+06 -7.616516e+06
9.334493e+00 -3.432664e+06
-4.513657e+05 3.579172e+00
7.963248e+10 1.785435e+11
-2.625910e+07 2.119332e+07
-7.757169e+06 8.050595e+05
2.212014e+07 1.830280e+07
-3.901373e+06 1.694300e+07
-1.280565e+10 1.724458e+10
-2.058418e+08 3.509119e+07
6.158285e+05 5.522553e+00
7.271022e+07 -7.132952e+07
7.353950e+12 -2.655531e+14
-2.951531e+08 -4.998596e+08
-2.849203e+08 5.814682e+08
-2.665308e+07 2.238431e+06
3.761369e+14 -3.390016e+14
-4.132027e+06 7.635135e+05
1.067488e+09 6.439256e+07
8.830411e+18 1.859773e+19
-9.559034e+07 -2.458166e+07
-2.391642e+07 -3.954885e+07
-1.919383e+06 7.636019e+06
-2.859031e+06 -3.530877e+05
2.536622e+05 1.984420e+06
-1.421195e+09 1.847670e+10
7.061010e+07 -1.232523e+08
9.852708e+10 1.540801e+12
1.280565e+10 -1.724276e+10
5.821671e+07 -2.174790e+08
1.595530e+08 4.568455e+07
-1.075303e+08 -2.778492e+08
3.451086e+05 4.687504e+00
2.700456e+06 1.661016e+00
2.507206e+05 5.059774e+06
-2.631060e+08 -2.325999e+08
3.487698e+07 1.130938e+08
-2.232325e+07 -1.839498e+07
6.688247e+10 -3.051148e+11
-1.443601e+07 -2.243437e+06
2.126217e+06 3.849309e+05
5.788260e+09 4.020795e+09
-6.322782e+00 -3.176752e+06
2.843374e+08 -5.813779e+08
3.350822e+08 -1.451172e+07
-2.007862e+06 2.042441e+06
-2.145363e+06 -1.165470e+06
-5.891848e+06 7.381895e+00
2.494047e+06 1.691300e+06
