1.352009e+06 -2.282082e+00
5.369802e+06 -9.455453e+05
5.620610e+09 7.264581e+10
1.333643e+12 1.470302e+12
-1.007235e+12 -1.377469e+12
-3.664332e+09 -7.039377e+08
1.044311e+07 -3.739105e+07
-4.708561e+06 -3.865345e+06
-1.554405e+06 -1.026549e+07
-3.426964e+06 -4.013824e+00
4.963031e+05 -1.086837e+06
-2.304619e+07 6.134401e+07
3.150718e+09 -4.095980e+10
3.367014e+09 -9.906256e+08
-3.393045e+10 -7.348033e+09
3.370588e+09 1.615060e+09
-8.992328e+05 2.911974e+07
-4.524636e+06 -1.571668e+06
1.302725e+07 1.308340e+00
-1.614265e+08 1.578968e+08
-1.468923e+06 -2.946115e+06
-2.594084e+09 9.701502e+08
9.758408e+08 3.160694e+10
-4.637656e+10 -9.804905e+09
-3.558181e+07 6.961748e+07
-9.262003e+06 9.169213e+05
5.044628e+05 -9.485280e+04
5.897952e+07 -4.605560e+07
-1.478719e+13 -4.016312e+12
-7.669629e+00 -2.403085e+06
2.898260e+07 -1.308810e+07
-8.860037e+07 1.733849e+07
-2.183967e+10 -6.565204e+09
-2.138704e+09 -1.222728e+09
-2.728485e+07 -3.884480e+06
6.151749e+10 -3.860803e+10
2.127339e+14 4.054337e+14
5.206185e+05 9.695883e+05
3.394163e+10 7.350374e+09
1.143134e+08 9.203236e+07
6.514900e+10 -7.311500e+09
1.434328e+06 2.941332e+06
-5.251281e-01 -1.385020e+06
-1.284159e+10 -8.921639e+09
9.748584e+06 7.069930e+07
1.436688e+06 -1.363038e+06
-1.888129e+12 2.630891e+12
9.002492e+05 -6.862609e+05
8.864367e+07 -1.741731e+07
-1.368447e+09 -1.359328e+09
4.574763e+08 -7.892159e+07
2.060274e+07 1.233382e+07
-5.817931e+00 -1.052308e+06
1.046927e+07 -1.177049e+06
2.308711e+13 8.403182e+12
2.592933e+09 -9.707450e+08
-2.975111e+11 5.181788e+10
3.783730e+08 9.597664e+07
2.723915e+06 7.082335e+06
-3.054273e+07 -9.195651e+07
-1.291913e+13 -1.735551e+13
-5.786597e+11 1.081724e+11
4.376560e+07 -8.769344e+07
1.359741e+08 1.509861e+08
-2.637004e+15 3.768377e+15
-2.433513e+08 7.964735e+07
1.459331e+07 -2.967062e+07
-9.271247e+11 -1.399318e+11
-6.058427e+09 -5.179614e+09
4.684049e+09 -6.577819e+08
3.414360e+06 2.798624e+00
-8.964097e+09 -9.975326e+09
1.478862e+13 4.016505e+12
1.296103e+09 3.226610e+08
7.598971e+04 1.394520e+00
-6.477276e+10 -2.140161e+10
-2.185537e+11 -3.418738e+12
-2.182953e+09 -4.250933e+09
-2.418985e+06 2.500631e+06
-3.148863e+08 -9.925765e+07
-3.604509e+09 -1.477037e+10
1.291913e+13 1.735523e+13
-3.571299e+09 2.326044e+09
3.563476e+07 -6.967348e+07
-4.722780e+08 3.448602e+08
-1.832544e+08 -9.127331e+06
-6.521382e+00 -1.176073e+07
1.007350e+12 1.377513e+12
-1.422076e+06 5.435697e+00
-1.131755e+05 -9.363161e+00
-4.378574e+07 8.748574e+07
8.964220e+09 9.976609e+09
-1.673066e+09 -1.112215e+09
2.897720e+17 -4.718272e+17
2.184492e+10 6.567775e+09
-1.076986e+00 -2.350601e+06
6.539946e+08 1.110048e+09
1.739099e+06 -2.280425e+06
-6.380976e+04 -1.653347e+06
-1.179536e+10 7.683459e+09
-9.747356e+08 -3.161552e+10
9.738491e+11 -9.387898e+11
-1.082987e+09 -8.048814e+08
-4.757233e+11 7.187927e+11
5.061652e+04 1.482801e+06
1.593144e+07 9.767714e+07
4.757233e+11 -7.186888e+11
6.049639e+05 2.040459e+00
2.243987e+14 -1.153493e+14
-6.151431e+10 3.860517e+10
1.644070e+11 9.257396e+11
3.095710e+07 2.146046e+00
-2.529096e+08 2.427518e+08
-4.683940e+09 6.579845e+08
9.960018e+12 -3.577308e+12
-1.295824e+09 -3.233168e+08
-2.084124e+06 6.232521e+05
2.637893e+15 -3.769042e+15
1.397937e+06 2.652950e+06
-4.403269e+10 -1.277240e+10
-2.898232e+17 4.718726e+17
-4.387202e+08 2.702933e+08
1.291985e+13 -4.175512e+12
3.571199e+09 -2.325874e+09
-1.290281e+08 4.823777e+08
4.535403e+11 -4.471629e+11
1.149964e+08 2.153997e+08
1.759398e+10 2.703108e+10
-4.593197e+06 7.935641e+06
4.076575e+08 -4.388521e+08
-2.333214e+06 -1.116181e+07
2.357241e+06 1.114016e+07
6.666889e-01 -1.158577e+07
-1.415050e+11 2.836407e+11
-6.948068e+07 2.115251e+07
-1.138576e+08 -9.048468e+07
-1.578550e+07 -2.576266e+07
-4.511294e+00 1.040936e+07
2.212453e+09 4.257460e+09
-5.838269e+07 1.573125e+08
1.715758e+15 -8.124024e+15
9.821032e+06 -4.992230e+06
-2.762482e+06 -1.120818e+07
4.374006e+08 -2.701368e+08
-8.932736e+05 -2.868061e+06
-3.690743e+16 -1.373028e+17
-5.832752e+05 3.118217e+00
5.866938e+07 -4.726796e+06
-8.837411e+08 -8.493847e+07
-4.505255e+06 -7.273525e+05
-4.076829e+08 4.388415e+08
-3.876710e+06 -4.434492e+06
-8.545710e+07 9.580044e+07
-2.472439e+11 -4.808999e+10
-6.011266e+10 2.202385e+11
-2.863254e+00 6.152088e+05
-3.639641e+12 -1.149703e+11
1.098273e+08 -4.075378e+07
4.206909e+13 -7.287159e+13
1.987045e+00 -2.752965e+07
4.048882e+06 -5.019080e+06
-1.725483e+05 -1.461220e+06
3.383930e+08 -7.795822e+07
2.613293e+05 1.465298e+06
8.811787e+05 2.839080e+06
-6.512382e+10 7.309578e+09
-5.290010e+06 -1.492411e+05
-1.643829e+11 -9.255903e+11
1.091101e+10 2.197087e+10
-1.765401e+11 -3.958453e+11
-5.891999e+15 2.423212e+14
2.681612e+06 1.159402e+07
8.542413e+07 -9.579815e+07
9.495743e+05 1.048466e+07
6.010776e+10 -2.202384e+11
-2.129243e+08 -2.012180e+08
9.810286e+13 3.230800e+13
3.154761e+08 9.928340e+07
2.575871e+09 -4.480277e+08
5.841277e+07 -1.573063e+08
8.836168e+08 8.515407e+07
2.137306e+08 -1.808212e+08
1.368337e+09 1.359185e+09
-1.567554e+08 2.736743e+08
4.330412e+08 7.901995e+08
-4.913151e+06 -2.265098e+06
3.082442e+07 4.426237e+06
-4.207179e+13 7.287628e+13
-3.079821e+07 -4.291974e+06
-4.790890e+06 -7.775291e+06
5.892472e+15 -2.423640e+14
-2.939997e+07 6.793241e+05
1.531137e+11 -3.409303e+10
-9.737841e+11 9.388466e+11
-1.519608e+07 5.535210e+07
-1.531667e+11 3.410091e+10
2.129198e+08 2.012332e+08
1.714915e+07 2.644343e+07
-3.993394e+05 -1.134182e+07
-2.278969e+00 2.080574e+06
1.667271e+06 -2.144889e+06
3.082394e+08 1.042231e+08
2.472403e+11 4.808387e+10
-2.429441e+06 3.798558e+06
1.673567e+09 1.112462e+09
1.887797e+12 -2.630595e+12
-3.380521e+08 7.856303e+07
1.830517e+08 8.370594e+06
-1.091061e+10 -2.197160e+10
7.679489e+20 -6.344092e+20
1.172064e+05 3.121182e+06
-9.484552e-02 1.744238e+06
1.609631e+07 -5.744338e+07
4.671221e+13 -3.249890e+13
-4.921714e+00 6.879873e+05
4.721620e+08 -3.446769e+08
-2.112018e+06 -2.077569e+05
9.728555e+06 -6.457924e+05
6.991876e+07 -2.060137e+07
-2.137147e+08 1.201191e+08
6.414855e+06 5.435372e+05
-2.127236e+14 -4.053947e+14
-2.574553e+09 4.494577e+08
1.926003e+07 -7.378217e+07
6.059440e+09 5.180993e+09
-4.164178e+07 1.251598e+06
2.111107e+07 -5.882998e+07
-6.415255e+07 7.402636e+07
-1.716006e+15 8.124416e+15
5.770021e+07 2.760434e+07
1.179737e+09 3.514045e+09
1.415206e+11 -2.836680e+11
-4.672121e+13 3.250255e+13
-2.792856e+10 -9.132598e+09
1.992348e+10 4.967540e+08
-1.992188e+10 -4.967020e+08
6.445253e+07 -7.366158e+07
-3.026840e+07 1.093435e+08
3.691099e+16 1.372917e+17
-2.882380e+06 -7.277733e+06
-3.125621e+00 -2.441800e+06
-1.120933e+07 2.687787e+08
5.938706e+08 -3.502817e+07
1.630646e+06 -1.001726e+06
-1.633593e+06 1.009012e+06
-3.371891e+09 -1.615636e+09
4.160884e+07 -2.207329e+06
-3.218304e+00 1.562566e+07
-1.958833e+19 -4.124967e+19
2.297048e+07 -1.755960e+07
4.878162e+05 8.289199e+00
-3.909082e+06 -7.153351e+06
-1.092327e+08 4.081228e+07
4.806912e+06 2.327928e+06
1.253099e+06 -6.070113e+00
-3.780842e+08 -9.590606e+07
-1.499473e+06 -5.363143e+06
3.028732e+07 -1.093999e+08
-1.488885e+07 6.269458e+06
1.459287e+06 4.217845e+06
-1.759560e+10 -2.703316e+10
-7.680722e+20 6.345518e+20
9.560781e+04 7.485826e+00
-1.925099e+07 7.382118e+07
-2.308859e+13 -8.403317e+12
3.261276e+08 -3.149333e+10
-7.191212e-01 -2.429938e+06
-6.059553e+06 -7.016100e+07
-5.623181e+09 -7.268855e+10
-1.180030e+09 -3.514604e+09
1.081509e+09 8.044500e+08
-7.831641e+07 -2.504005e+08
5.264670e+07 8.839764e+07
-4.334773e+08 -7.908880e+08
-1.291395e+06 6.034159e+00
9.127014e-01 -1.750048e+06
-2.244456e+14 1.153716e+14
1.521839e+15 1.644037e+16
-5.110127e+06 -4.938674e+00
2.138586e+09 1.223041e+09
-1.160499e+00 2.093651e+06
-5.965461e+08 2.958874e+07
-2.279277e+07 1.754811e+07
5.143350e+06 5.816454e+00
-1.407873e+08 1.204002e+08
-4.539658e+11 4.471667e+11
-1.444434e+05 -1.171701e+07
-1.631269e+13 5.891260e+14
-1.483704e+11 6.768915e+11
3.080488e+06 -8.237811e+06
3.234205e+07 4.920251e+06
-5.507959e+07 -9.356563e+07
1.763999e+07 -1.314253e+06
-2.918831e+00 2.339882e+06
-2.877671e+07 -8.329952e+06
3.900987e+06 7.131931e+06
-3.368518e+09 9.912364e+08
-1.334115e+12 -1.470656e+12
3.589553e+07 -9.216088e+06
9.272731e+11 1.399496e+11
1.484087e+07 -6.348121e+06
2.379510e+08 6.175057e+08
-1.343950e+08 -1.424640e+08
-8.358750e+05 -4.608460e+05
-5.829737e+06 1.211145e+06
1.973110e+08 -2.578174e+07
1.061928e+01 7.472320e+05
3.644326e+06 3.173039e+06
4.639849e+10 9.809483e+09
2.914995e+06 3.810144e+06
5.787250e+11 -1.081741e+11
-1.327131e+05 -3.195224e+04
-7.432750e+08 3.218467e+07
5.840812e+08 5.164802e+08
-8.342705e+14 7.519164e+14
-1.152785e+08 -2.151212e+08
-8.957477e+05 -8.509053e+05
2.877276e+07 8.390745e+06
3.569901e+09 1.478802e+10
-5.799329e+05 -2.792442e+00
9.003610e+00 1.764541e+06
-1.292358e+13 4.178193e+12
-2.053331e+07 -1.244653e+07
-3.552909e+08 -1.003539e+08
1.020191e+01 7.748212e+06
1.179603e+10 -7.684086e+09
-9.813912e+13 -3.231683e+13
5.926771e+06 7.192152e+06
-2.933964e+06 8.151417e+06
-3.260336e+08 3.149613e+10
2.119627e+08 5.440439e+07
3.566847e+06 -6.589863e+05
2.064888e+06 -5.788129e+05
-2.950717e+07 1.298578e+07
-1.521839e+15 -1.643985e+16
-1.887252e+06 -5.307666e+00
2.975151e+11 -5.182350e+10
1.250278e+11 -8.954980e+08
-1.250580e+11 8.955450e+08
6.479268e+10 2.140227e+10
-9.961616e+12 3.577711e+12
3.641220e+12 1.150131e+11
4.404034e+10 1.277383e+10
-1.542049e+07 2.972782e+07
2.793121e+10 9.131376e+09
1.124585e+07 -2.690991e+08
4.018541e+06 -7.996823e+06
-2.367343e+09 -1.433725e+08
4.546622e+05 9.999957e-01
3.664465e+09 7.043048e+08
-5.821876e+07 -2.771532e+07
4.307577e+06 -1.688854e+07
1.576730e+00 -7.614172e+06
-1.001655e+06 1.342400e+00
1.766026e+11 3.959788e+11
-5.826578e+07 4.702554e+07
-1.721161e+07 1.786368e+06
4.910800e+07 4.063095e+07
-8.654683e+06 3.758317e+07
-2.840576e+10 3.825156e+10
-4.568977e+08 7.788860e+07
1.367185e+06 9.597631e+00
1.612828e+08 -1.582198e+08
1.631347e+13 -5.890976e+14
-6.548255e+08 -1.108987e+09
-6.340509e+08 1.294003e+09
-5.913513e+07 4.966839e+06
8.342838e+14 -7.519043e+14
-9.168491e+06 1.694163e+06
2.367706e+09 1.428289e+08
1.958990e+19 4.125895e+19
-2.119746e+08 -5.450938e+07
-5.305187e+07 -8.772627e+07
-4.255930e+06 1.693269e+07
-6.341830e+06 -7.833179e+05
5.626190e+05 4.401054e+06
-3.151854e+09 4.097442e+10
1.568023e+08 -2.736947e+08
2.188180e+11 3.421762e+12
2.840895e+10 -3.825281e+10
1.291508e+08 -4.824491e+08
3.539649e+08 1.013409e+08
-2.385257e+08 -6.164073e+08
7.659898e+05 3.150660e-01
5.989309e+06 -4.767803e+00
5.562189e+05 1.122325e+07
-5.836359e+08 -5.159575e+08
7.741295e+07 2.510231e+08
-4.956018e+07 -4.083839e+07
1.483678e+11 -6.768604e+11
-3.202333e+07 -4.977117e+06
4.720087e+06 8.547927e+05
1.284369e+10 8.921856e+09
8.998058e+00 -7.083130e+06
6.328040e+08 -1.293886e+09
7.432883e+08 -3.218940e+07
-4.462936e+06 4.539655e+06
-4.759690e+06 -2.585706e+06
-1.306888e+07 -9.542655e+00
5.532997e+06 3.752056e+06
