2.109705e+06 8.313904e+00
8.378116e+06 -1.475301e+06
8.769505e+09 1.133382e+11
2.080957e+12 2.294114e+12
-1.571547e+12 -2.149211e+12
-5.718620e+09 -1.098594e+09
1.629645e+07 -5.835262e+07
-7.347791e+06 -6.032029e+06
-2.425650e+06 -1.601733e+07
-5.348007e+06 -4.723543e+00
7.743465e+05 -1.695511e+06
-3.595630e+07 9.571085e+07
4.916041e+09 -6.391189e+10
5.254730e+09 -1.545988e+09
-5.294195e+10 -1.146546e+10
5.260677e+09 2.520619e+09
-1.403433e+06 4.545121e+07
-7.059458e+06 -2.452188e+06
2.032559e+07 8.094615e+00
-2.518831e+08 2.463753e+08
-2.291683e+06 -4.596571e+06
-4.047487e+09 1.513678e+09
1.522604e+09 4.931678e+10
-7.236600e+10 -1.529922e+10
-5.552396e+07 1.086280e+08
-1.445154e+07 1.430858e+06
7.873389e+05 -1.482611e+05
9.205153e+07 -7.187783e+07
-2.307171e+13 -6.266899e+12
1.009059e+01 -3.750445e+06
4.522197e+07 -2.042270e+07
-1.382385e+08 2.705408e+07
-3.407693e+10 -1.024341e+10
-3.337055e+09 -1.907839e+09
-4.257327e+07 -6.061130e+06
9.599154e+10 -6.024465e+10
3.319118e+14 6.325524e+14
8.117301e+05 1.513077e+06
5.295383e+10 1.146784e+10
1.783585e+08 1.435934e+08
1.016465e+11 -1.140758e+10
2.237793e+06 4.589246e+06
-4.231340e+00 -2.160594e+06
-2.003931e+10 -1.392176e+10
1.521113e+07 1.103147e+08
2.242099e+06 -2.127209e+06
-2.947642e+12 4.107120e+12
1.404846e+06 -1.070973e+06
1.383035e+08 -2.717418e+07
-2.135345e+09 -2.121219e+09
7.139664e+08 -1.231812e+08
3.215155e+07 1.924778e+07
-9.926039e+00 -1.642015e+06
1.633824e+07 -1.836968e+06
3.602482e+13 1.311273e+13
4.045874e+09 -1.514692e+09
-4.641885e+11 8.084518e+10
5.903846e+08 1.497551e+08
4.250628e+06 1.105190e+07
-4.765561e+07 -1.434764e+08
-2.015683e+13 -2.707841e+13
-9.027906e+11 1.687690e+11
6.827743e+07 -1.368057e+08
2.124643e+08 2.359255e+08
-4.113972e+15 5.879009e+15
-3.796645e+08 1.242688e+08
2.276891e+07 -4.629527e+07
-1.446474e+12 -2.183186e+11
-9.457548e+09 -8.085104e+09
7.307796e+09 -1.026229e+09
5.327697e+06 9.807987e+00
-1.398564e+10 -1.556410e+10
2.307408e+13 6.266641e+12
2.024514e+09 5.039995e+08
1.186601e+05 6.079264e-01
-1.010676e+11 -3.339436e+10
-3.411194e+11 -5.336154e+12
-3.406106e+09 -6.632540e+09
-3.773913e+06 3.901429e+06
-4.918017e+08 -1.550259e+08
-5.624029e+09 -2.304571e+10
2.015725e+13 2.707841e+13
-5.571932e+09 3.629101e+09
5.560103e+07 -1.087107e+08
-7.369493e+08 5.380957e+08
-2.859643e+08 -1.424295e+07
6.712914e+00 -1.835003e+07
1.571679e+12 2.149187e+12
-2.219065e+06 -7.473053e+00
-1.766906e+05 -2.487516e+00
-6.831669e+07 1.364862e+08
1.398503e+10 1.556474e+10
-2.610737e+09 -1.735529e+09
4.521284e+17 -7.361949e+17
3.408692e+10 1.024797e+10
-5.947109e+00 -3.668357e+06
1.020566e+09 1.732174e+09
2.713694e+06 -3.558282e+06
-9.977665e+04 -2.579929e+06
-1.840648e+10 1.199011e+10
-1.520785e+09 -4.932787e+10
1.519425e+12 -1.464733e+12
-1.689686e+09 -1.255777e+09
-7.422942e+11 1.121571e+12
7.880566e+04 2.313279e+06
2.485653e+07 1.524039e+08
7.423783e+11 -1.121490e+12
9.439961e+05 -2.434034e+00
3.502221e+14 -1.800336e+14
-9.599176e+10 6.024219e+10
2.566119e+11 1.444872e+12
4.829715e+07 -1.247093e+00
-3.945923e+08 3.787469e+08
-7.308270e+09 1.026596e+09
1.554279e+13 -5.582258e+12
-2.024017e+09 -5.050039e+08
-3.252164e+06 9.727462e+05
4.115666e+15 -5.880098e+15
2.182064e+06 4.141226e+06
-6.870237e+10 -1.992751e+10
-4.521610e+17 7.362025e+17
-6.958353e+08 4.286780e+08
2.015923e+13 -6.514423e+12
5.571835e+09 -3.629015e+09
-2.013164e+08 7.526513e+08
7.076099e+11 -6.976375e+11
1.794281e+08 3.360701e+08
2.745224e+10 4.217651e+10
-7.170351e+06 1.238855e+07
6.360862e+08 -6.847424e+08
-3.640382e+06 -1.741391e+07
3.677785e+06 1.738054e+07
7.282012e+00 -1.808024e+07
-2.211450e+11 4.432778e+11
-1.084234e+08 3.300623e+07
-1.776677e+08 -1.411943e+08
-2.463223e+07 -4.020134e+07
-1.076344e+01 1.624507e+07
3.452259e+09 6.642962e+09
-9.110166e+07 2.454699e+08
2.677769e+15 -1.267921e+16
1.532409e+07 -7.789709e+06
-4.311111e+06 -1.749188e+07
6.937781e+08 -4.284698e+08
-1.393957e+06 -4.475385e+06
-5.763067e+16 -2.143927e+17
-9.105002e+05 -3.909053e-01
9.155427e+07 -7.376649e+06
-1.378837e+09 -1.325352e+08
-7.031293e+06 -1.135364e+06
-6.361354e+08 6.847297e+08
-6.048467e+06 -6.918811e+06
-1.333303e+08 1.494636e+08
-3.857555e+11 -7.503011e+10
-9.378996e+10 3.436328e+11
6.825790e+00 9.599011e+05
-5.678822e+12 -1.793946e+11
1.713883e+08 -6.359909e+07
6.565165e+13 -1.137207e+14
1.023009e+01 -4.297162e+07
6.321556e+06 -7.836173e+06
-2.690071e+05 -2.279765e+06
5.282303e+08 -1.216970e+08
4.078562e+05 2.286296e+06
1.374842e+06 4.429807e+06
-1.016118e+11 1.140523e+10
-8.254008e+06 -2.330593e+05
-2.565744e+11 -1.444723e+12
1.702545e+10 3.428324e+10
-2.754577e+11 -6.176153e+11
-9.192987e+15 3.780711e+14
4.184374e+06 1.809150e+07
1.332810e+08 -1.494639e+08
1.481589e+06 1.635742e+07
9.378115e+10 -3.436187e+11
-3.322468e+08 -3.139867e+08
1.531131e+14 5.042495e+13
4.927707e+08 1.550864e+08
4.020343e+09 -6.992940e+08
9.114652e+07 -2.454550e+08
1.378772e+09 1.328758e+08
3.335530e+08 -2.821893e+08
2.135185e+09 2.120908e+09
-2.446731e+08 4.271743e+08
6.756949e+08 1.232971e+09
-7.667190e+06 -3.534994e+06
4.809313e+07 6.906269e+06
-6.565435e+13 1.137312e+14
-4.805175e+07 -6.696633e+06
-7.475860e+06 -1.213204e+07
9.193649e+15 -3.781374e+14
-4.587072e+07 1.060468e+06
2.389261e+11 -5.319949e+10
-1.519452e+12 1.464871e+12
-2.371140e+07 8.636576e+07
-2.389773e+11 5.320695e+10
3.322553e+08 3.140081e+08
2.675931e+07 4.126122e+07
-6.232172e+05 -1.769561e+07
-6.862958e+00 3.246565e+06
2.601743e+06 -3.346692e+06
4.809269e+08 1.626085e+08
3.857481e+11 7.502051e+10
-3.790607e+06 5.927032e+06
2.611455e+09 1.735999e+09
2.947250e+12 -4.106782e+12
-5.276974e+08 1.226449e+08
2.856569e+08 1.306298e+07
-1.702466e+10 -3.428539e+10
1.198306e+21 -9.899265e+20
1.830353e+05 4.871158e+06
2.754948e+00 2.722051e+06
2.511623e+07 -8.963120e+07
7.289175e+13 -5.071419e+13
4.471505e+00 1.073694e+06
7.368272e+08 -5.378749e+08
-3.296348e+06 -3.245280e+05
1.518007e+07 -1.007739e+06
1.091123e+08 -3.214880e+07
-3.335296e+08 1.874590e+08
1.000892e+07 8.482083e+05
-3.319255e+14 -6.325785e+14
-4.018304e+09 7.014879e+08
3.005224e+07 -1.151246e+08
9.458389e+09 8.087170e+09
-6.497219e+07 1.953069e+06
3.293640e+07 -9.178375e+07
-1.001180e+08 1.155271e+08
-2.677824e+15 1.267869e+16
9.002527e+07 4.306834e+07
1.840640e+09 5.482404e+09
2.211239e+11 -4.432409e+11
-7.289400e+13 5.071158e+13
-4.357452e+10 -1.424900e+10
3.108645e+10 7.750904e+08
-3.108453e+10 -7.750271e+08
1.005852e+08 -1.149599e+08
-4.722662e+07 1.706060e+08
5.763186e+16 2.143728e+17
-4.498330e+06 -1.135725e+07
3.914410e+00 -3.810906e+06
-1.749647e+07 4.195616e+08
9.270847e+08 -5.468255e+07
2.544691e+06 -1.563471e+06
-2.549300e+06 1.574703e+06
-5.262329e+09 -2.521408e+09
6.492822e+07 -3.444766e+06
-1.751858e+00 2.438046e+07
-3.056485e+19 -6.436666e+19
3.584544e+07 -2.740139e+07
7.614991e+05 4.036264e+00
-6.100096e+06 -1.116261e+07
-1.704474e+08 6.368621e+07
7.500901e+06 3.632766e+06
1.955326e+06 -7.978615e-01
-5.899077e+08 -1.496422e+08
-2.339830e+06 -8.368161e+06
4.725445e+07 -1.706925e+08
-2.323287e+07 9.783379e+06
2.277191e+06 6.581329e+06
-2.745749e+10 -4.218504e+10
-1.198516e+21 9.901303e+20
1.491827e+05 -1.089999e+01
-3.003984e+07 1.151955e+08
-3.602704e+13 -1.311286e+13
5.088686e+08 -4.913915e+10
8.294510e+00 -3.791545e+06
-9.454715e+06 -1.094693e+08
-8.773166e+09 -1.134075e+11
-1.841183e+09 -5.483832e+09
1.687460e+09 1.255130e+09
-1.222162e+08 -3.907650e+08
8.214772e+07 1.379309e+08
-6.763534e+08 -1.234041e+09
-2.015137e+06 -2.456621e+00
4.270635e+00 -2.730984e+06
-3.502906e+14 1.800651e+14
2.374429e+15 2.565017e+16
-7.973886e+06 1.015086e+01
3.336894e+09 1.908261e+09
1.052769e+00 3.266883e+06
-9.311845e+08 4.618647e+07
-3.556757e+07 2.738184e+07
8.025762e+06 -5.247888e+00
-2.196912e+08 1.878890e+08
-7.083032e+11 6.976836e+11
-2.253610e+05 -1.828084e+07
-2.545478e+13 9.192632e+14
-2.315091e+11 1.056179e+12
4.806403e+06 -1.285373e+07
5.046342e+07 7.677187e+06
-8.595513e+07 -1.460148e+08
2.752754e+07 -2.051089e+06
3.645336e+00 3.651126e+06
-4.490225e+07 -1.299820e+07
6.087926e+06 1.112963e+07
-5.256504e+09 1.546808e+09
-2.081601e+12 -2.294704e+12
5.601133e+07 -1.438057e+07
1.446726e+12 2.183588e+11
2.315811e+07 -9.905160e+06
3.712841e+08 9.635229e+08
-2.100088e+08 -2.226181e+08
-1.304298e+06 -7.189798e+05
-9.095987e+06 1.889629e+06
3.078966e+08 -4.023220e+07
-3.408785e+00 1.165571e+06
5.686135e+06 4.950695e+06
7.239067e+10 1.530479e+10
4.548116e+06 5.944664e+06
9.030046e+11 -1.687888e+11
-2.070315e+05 -4.985067e+04
-1.159719e+09 5.021731e+07
9.113266e+08 8.058328e+08
-1.301699e+15 1.173221e+15
-1.798689e+08 -3.356538e+08
-1.397798e+06 -1.327921e+06
4.489718e+07 1.309291e+07
5.570457e+09 2.307529e+10
-9.051420e+05 9.992929e+00
9.305983e+00 2.753262e+06
-2.016462e+13 6.519251e+12
-3.203961e+07 -1.942126e+07
-5.543895e+08 -1.565889e+08
-7.152752e+00 1.209089e+07
1.840859e+10 -1.199152e+10
-1.531840e+14 -5.044209e+13
9.248439e+06 1.122271e+07
-4.578394e+06 1.271879e+07
-5.086391e+08 4.913908e+10
3.306847e+08 8.488018e+07
5.566596e+06 -1.029126e+06
3.222355e+06 -9.035458e+05
-4.604143e+07 2.026283e+07
-2.374454e+15 -2.564912e+16
-2.945117e+06 -7.900536e+00
4.642160e+11 -8.085770e+10
1.951073e+11 -1.397293e+09
-1.951354e+11 1.397372e+09
1.010922e+11 3.339327e+10
-1.554423e+13 5.582890e+12
5.681278e+12 1.794523e+11
6.871741e+10 1.993108e+10
-2.406200e+07 4.638629e+07
4.358458e+10 1.424874e+10
1.755457e+07 -4.200452e+08
6.273171e+06 -1.248369e+07
-3.693868e+09 -2.236982e+08
7.093000e+05 -5.148914e+00
5.718208e+09 1.099026e+09
-9.083999e+07 -4.324534e+07
6.720989e+06 -2.634911e+07
-8.405902e+00 -1.188039e+07
-1.562900e+06 4.592765e+00
2.755514e+11 6.178377e+11
-9.092437e+07 7.338388e+07
-2.685945e+07 2.787522e+06
7.664326e+07 6.341416e+07
-1.350477e+07 5.864653e+07
-4.432650e+10 5.969029e+10
-7.131211e+08 1.215608e+08
2.134001e+06 7.482899e+00
2.516603e+08 -2.468806e+08
2.545582e+13 -9.192537e+14
-1.021795e+09 -1.730472e+09
-9.902345e+08 2.020932e+09
-9.227447e+07 7.750301e+06
1.301713e+15 -1.173197e+15
-1.430650e+07 2.643656e+06
3.694188e+09 2.228449e+08
3.056705e+19 6.437925e+19
-3.307132e+08 -8.504541e+07
-8.277784e+07 -1.368814e+08
-6.640252e+06 2.641789e+07
-9.894284e+06 -1.222444e+06
8.780488e+05 6.866771e+06
-4.917572e+09 6.392725e+10
2.447457e+08 -4.272071e+08
3.415456e+11 5.340883e+12
4.432741e+10 -5.968542e+10
2.015094e+08 -7.527486e+08
5.522753e+08 1.581166e+08
-3.721593e+08 -9.616986e+08
1.195184e+06 -5.902877e+00
9.343995e+06 1.863938e+00
8.680236e+05 1.751169e+07
-9.105836e+08 -8.050137e+08
1.208032e+08 3.917224e+08
-7.734595e+07 -6.373599e+07
2.314944e+11 -1.056127e+12
-4.996561e+07 -7.765658e+06
7.366173e+06 1.334169e+06
2.004163e+10 1.392063e+10
6.754301e+00 -1.106827e+07
9.883205e+08 -2.020702e+09
1.159716e+09 -5.022365e+07
-6.967311e+06 7.086879e+06
-7.425821e+06 -4.034379e+06
-2.039073e+07 -4.017948e+00
8.632861e+06 5.853456e+06
