2.159450e+06 2.898662e+00
8.575140e+06 -1.509996e+06
8.975646e+09 1.160030e+11
2.129872e+12 2.348035e+12
-1.608490e+12 -2.199727e+12
-5.853065e+09 -1.124421e+09
1.667947e+07 -5.972568e+07
-7.520614e+06 -6.173888e+06
-2.482679e+06 -1.639385e+07
-5.473739e+06 -7.842076e+00
7.925382e+05 -1.735381e+06
-3.680135e+07 9.796008e+07
5.031588e+09 -6.541402e+10
5.378266e+09 -1.582334e+09
-5.418660e+10 -1.173502e+10
5.384404e+09 2.579897e+09
-1.436455e+06 4.652028e+07
-7.225361e+06 -2.509811e+06
2.080332e+07 2.564404e-01
-2.578033e+08 2.521661e+08
-2.345573e+06 -4.704618e+06
-4.142620e+09 1.549256e+09
1.558396e+09 5.047618e+10
-7.406710e+10 -1.565885e+10
-5.682935e+07 1.111819e+08
-1.479126e+07 1.464479e+06
8.058366e+05 -1.517457e+05
9.421587e+07 -7.356742e+07
-2.361397e+13 -6.414182e+12
8.597800e+00 -3.838586e+06
4.628544e+07 -2.090288e+07
-1.414880e+08 2.768994e+07
-3.487815e+10 -1.048419e+10
-3.415497e+09 -1.952685e+09
-4.357385e+07 -6.203571e+06
9.824779e+10 -6.166064e+10
3.397136e+14 6.474207e+14
8.307633e+05 1.548634e+06
5.419849e+10 1.173740e+10
1.825513e+08 1.469690e+08
1.040355e+11 -1.167570e+10
2.290359e+06 4.697062e+06
-6.702439e-01 -2.211358e+06
-2.051037e+10 -1.424900e+10
1.556861e+07 1.129073e+08
2.294785e+06 -2.177199e+06
-3.016987e+12 4.203748e+12
1.437850e+06 -1.096136e+06
1.415551e+08 -2.781296e+07
-2.185546e+09 -2.171082e+09
7.307550e+08 -1.260778e+08
3.290723e+07 1.970014e+07
1.738866e+00 -1.680575e+06
1.672227e+07 -1.880127e+06
3.687147e+13 1.342091e+13
4.140949e+09 -1.550287e+09
-4.750969e+11 8.274523e+10
6.042607e+08 1.532747e+08
4.350537e+06 1.131174e+07
-4.877557e+07 -1.468481e+08
-2.063077e+13 -2.771497e+13
-9.240121e+11 1.727358e+11
6.988194e+07 -1.400210e+08
2.174717e+08 2.414856e+08
-4.210695e+15 6.017204e+15
-3.885882e+08 1.271894e+08
2.330403e+07 -4.738330e+07
-1.480465e+12 -2.234489e+11
-9.680058e+09 -8.275322e+09
7.479544e+09 -1.050348e+09
5.452909e+06 -1.082182e+01
-1.431432e+10 -1.592987e+10
2.361635e+13 6.413924e+12
2.072184e+09 5.158666e+08
1.214355e+05 -1.022815e+00
-1.034430e+11 -3.417915e+10
-3.491505e+11 -5.461739e+12
-3.486209e+09 -6.788505e+09
-3.862648e+06 3.993163e+06
-5.033898e+08 -1.586785e+08
-5.756304e+09 -2.358766e+10
2.063118e+13 2.771497e+13
-5.702907e+09 3.714403e+09
5.690790e+07 -1.112658e+08
-7.542764e+08 5.507472e+08
-2.926884e+08 -1.457784e+07
-1.828047e-01 -1.878139e+07
1.608622e+12 2.199704e+12
-2.271235e+06 5.104039e+00
-1.808400e+05 -1.062582e+01
-6.992250e+07 1.396944e+08
1.431371e+10 1.593051e+10
-2.672116e+09 -1.776332e+09
4.627549e+17 -7.534977e+17
3.488816e+10 1.048886e+10
9.416335e-01 -3.754591e+06
1.044563e+09 1.772902e+09
2.777467e+06 -3.641902e+06
-1.021174e+05 -2.640568e+06
-1.883916e+10 1.227196e+10
-1.556531e+09 -5.048727e+10
1.555138e+12 -1.499160e+12
-1.729406e+09 -1.285297e+09
-7.597452e+11 1.147937e+12
8.063930e+04 2.367644e+06
2.544074e+07 1.559858e+08
7.598293e+11 -1.147857e+12
9.661593e+05 -4.204924e+00
3.584574e+14 -1.842668e+14
-9.824804e+10 6.165817e+10
2.626467e+11 1.478852e+12
4.943213e+07 -1.927449e-01
-4.038669e+08 3.876485e+08
-7.480017e+09 1.050720e+09
1.590816e+13 -5.713489e+12
-2.071677e+09 -5.168943e+08
-3.328611e+06 9.955956e+05
4.212389e+15 -6.018294e+15
2.233375e+06 4.238633e+06
-7.031714e+10 -2.039589e+10
-4.627875e+17 7.535053e+17
-7.126643e+08 4.390454e+08
2.063308e+13 -6.667619e+12
5.702806e+09 -3.714317e+09
-2.060490e+08 7.703447e+08
7.242416e+11 -7.140348e+11
1.836453e+08 3.439699e+08
2.809759e+10 4.316803e+10
-7.339049e+06 1.267999e+07
6.510372e+08 -7.008373e+08
-3.725912e+06 -1.782314e+07
3.764183e+06 1.778896e+07
-9.390479e+00 -1.850528e+07
-2.263573e+11 4.537254e+11
-1.109722e+08 3.378219e+07
-1.818443e+08 -1.445135e+08
-2.521125e+07 -4.114631e+07
-9.631671e+00 1.662693e+07
3.533402e+09 6.799123e+09
-9.324288e+07 2.512389e+08
2.740731e+15 -1.297732e+16
1.568418e+07 -7.972753e+06
-4.412427e+06 -1.790306e+07
7.105559e+08 -4.388317e+08
-1.426691e+06 -4.580545e+06
-5.898693e+16 -2.194375e+17
-9.318533e+05 -7.586347e+00
9.370626e+07 -7.550002e+06
-1.411250e+09 -1.356506e+08
-7.196583e+06 -1.162017e+06
-6.510870e+08 7.008244e+08
-6.190592e+06 -7.081387e+06
-1.364637e+08 1.529765e+08
-3.948218e+11 -7.679343e+10
-9.599419e+10 3.517097e+11
-6.076875e-01 9.824238e+05
-5.812321e+12 -1.836114e+11
1.754177e+08 -6.509423e+07
6.719512e+13 -1.163944e+14
6.521772e+00 -4.398226e+07
6.470313e+06 -8.020562e+06
-2.753053e+05 -2.333317e+06
5.406561e+08 -1.245596e+08
4.174166e+05 2.340006e+06
1.407171e+06 4.533945e+06
-1.040008e+11 1.167335e+10
-8.448000e+06 -2.385094e+05
-2.626091e+11 -1.478703e+12
1.742566e+10 3.508918e+10
-2.819324e+11 -6.321322e+11
-9.409054e+15 3.869582e+14
4.282709e+06 1.851678e+07
1.364145e+08 -1.529771e+08
1.516395e+06 1.674188e+07
9.598538e+10 -3.516955e+11
-3.400577e+08 -3.213682e+08
1.567145e+14 5.161087e+13
5.043756e+08 1.587385e+08
4.114883e+09 -7.157379e+08
9.328871e+07 -2.512236e+08
1.411182e+09 1.359990e+08
3.413949e+08 -2.888235e+08
2.185375e+09 2.170763e+09
-2.504276e+08 4.372210e+08
6.915756e+08 1.261952e+09
-7.847399e+06 -3.618059e+06
4.922323e+07 7.068554e+06
-6.719783e+13 1.164049e+14
-4.918132e+07 -6.853987e+06
-7.651546e+06 -1.241716e+07
9.409717e+15 -3.870245e+14
-4.694868e+07 1.085338e+06
2.445423e+11 -5.444997e+10
-1.555165e+12 1.499300e+12
-2.426867e+07 8.839553e+07
-2.445936e+11 5.445744e+10
3.400660e+08 3.213896e+08
2.738824e+07 4.223101e+07
-6.378287e+05 -1.811149e+07
8.520759e+00 3.322832e+06
2.662848e+06 -3.425326e+06
4.922299e+08 1.664302e+08
3.948144e+11 7.678381e+10
-3.879683e+06 6.066313e+06
2.672863e+09 1.776812e+09
3.016595e+12 -4.203409e+12
-5.401118e+08 1.255302e+08
2.923733e+08 1.337011e+07
-1.742487e+10 -3.509132e+10
1.226474e+21 -1.013196e+21
1.873003e+05 4.985635e+06
4.058843e+00 2.786001e+06
2.570659e+07 -9.173790e+07
7.460525e+13 -5.190628e+13
-6.149205e+00 1.098887e+06
7.541489e+08 -5.505189e+08
-3.373788e+06 -3.321158e+05
1.553677e+07 -1.031377e+06
1.116771e+08 -3.290457e+07
-3.413707e+08 1.918657e+08
1.024417e+07 8.681105e+05
-3.397272e+14 -6.474467e+14
-4.112795e+09 7.179851e+08
3.075868e+07 -1.178309e+08
9.680900e+09 8.277412e+09
-6.649940e+07 1.998939e+06
3.371036e+07 -9.394073e+07
-1.024718e+08 1.182432e+08
-2.740786e+15 1.297680e+16
9.214134e+07 4.408063e+07
1.883904e+09 5.611277e+09
2.263362e+11 -4.536885e+11
-7.460750e+13 5.190367e+13
-4.459878e+10 -1.458392e+10
3.181710e+10 7.933084e+08
-3.181518e+10 -7.932445e+08
1.029508e+08 -1.176633e+08
-4.833659e+07 1.746159e+08
5.898811e+16 2.194176e+17
-4.604053e+06 -1.162421e+07
-8.966773e+00 -3.900472e+06
-1.790796e+07 4.294292e+08
9.488928e+08 -5.596885e+07
2.604474e+06 -1.600189e+06
-2.609192e+06 1.611686e+06
-5.386055e+09 -2.580688e+09
6.645423e+07 -3.525705e+06
-7.522864e+00 2.495340e+07
-3.128326e+19 -6.587971e+19
3.668805e+07 -2.804550e+07
7.793605e+05 9.968479e+00
-6.243451e+06 -1.142496e+07
-1.744544e+08 6.518330e+07
7.677199e+06 3.718133e+06
2.001258e+06 -9.416564e+00
-6.037719e+08 -1.531591e+08
-2.394783e+06 -8.564785e+06
4.836499e+07 -1.747035e+08
-2.377881e+07 1.001324e+07
2.330658e+06 6.735937e+06
-2.810284e+10 -4.317656e+10
-1.226683e+21 1.013400e+21
1.526563e+05 6.135438e+00
-3.074586e+07 1.179029e+08
-3.687369e+13 -1.342105e+13
5.208262e+08 -5.029387e+10
-1.012508e+01 -3.880598e+06
-9.676831e+06 -1.120414e+08
-8.979326e+09 -1.160723e+11
-1.884453e+09 -5.612703e+09
1.727116e+09 1.284627e+09
-1.250892e+08 -3.999507e+08
8.407827e+07 1.411724e+08
-6.922472e+08 -1.263041e+09
-2.062459e+06 8.392295e+00
-6.373164e+00 -2.795128e+06
-3.585259e+14 1.842983e+14
2.430218e+15 2.625283e+16
-8.161259e+06 3.699960e+00
3.415316e+09 1.953108e+09
-9.622648e+00 3.343630e+06
-9.530853e+08 4.727262e+07
-3.640359e+07 2.802536e+07
8.214341e+06 4.494412e+00
-2.248551e+08 1.923052e+08
-7.249462e+11 7.140771e+11
-2.306192e+05 -1.871039e+07
-2.605301e+13 9.408669e+14
-2.369501e+11 1.081001e+12
4.919329e+06 -1.315576e+07
5.164926e+07 7.857569e+06
-8.797544e+07 -1.494467e+08
2.817450e+07 -2.099268e+06
9.530510e+00 3.736896e+06
-4.595738e+07 -1.330363e+07
6.230978e+06 1.139118e+07
-5.380044e+09 1.583164e+09
-2.130515e+12 -2.348626e+12
5.732755e+07 -1.471847e+07
1.480717e+12 2.234890e+11
2.370232e+07 -1.013790e+07
3.800089e+08 9.861651e+08
-2.149567e+08 -2.278634e+08
-1.334914e+06 -7.358371e+05
-9.309698e+06 1.933997e+06
3.151340e+08 -4.117787e+07
-4.977798e+00 1.192938e+06
5.819746e+06 5.067010e+06
7.409175e+10 1.566444e+10
4.654978e+06 6.084340e+06
9.242262e+11 -1.727556e+11
-2.118750e+05 -5.099129e+04
-1.186973e+09 5.139747e+07
9.327429e+08 8.247698e+08
-1.332291e+15 1.200792e+15
-1.840958e+08 -3.435419e+08
-1.430609e+06 -1.359090e+06
4.595226e+07 1.340058e+07
5.701375e+09 2.361761e+10
-9.263684e+05 -6.389736e+00
1.052123e+01 2.817907e+06
-2.063848e+13 6.672446e+12
-3.279249e+07 -1.987762e+07
-5.674174e+08 -1.602687e+08
4.390884e-03 1.237498e+07
1.884126e+10 -1.227336e+10
-1.567854e+14 -5.162801e+13
9.465724e+06 1.148639e+07
-4.685943e+06 1.301765e+07
-5.205919e+08 5.029381e+10
3.384548e+08 8.687452e+07
5.697386e+06 -1.053277e+06
3.298024e+06 -9.247282e+05
-4.712324e+07 2.073891e+07
-2.430243e+15 -2.625177e+16
-3.014286e+06 -7.480821e+00
4.751243e+11 -8.275771e+10
1.996932e+11 -1.430131e+09
-1.997213e+11 1.430212e+09
1.034676e+11 3.417794e+10
-1.590960e+13 5.714121e+12
5.814777e+12 1.836691e+11
7.033219e+10 2.039946e+10
-2.462743e+07 4.747636e+07
4.460886e+10 1.458363e+10
1.796740e+07 -4.299237e+08
6.420689e+06 -1.277728e+07
-3.780679e+09 -2.289554e+08
7.259333e+05 5.413667e+00
5.852621e+09 1.124861e+09
-9.297489e+07 -4.426169e+07
6.878878e+06 -2.696820e+07
-6.839887e+00 -1.215954e+07
-1.599597e+06 -3.102524e+00
2.820261e+11 6.323546e+11
-9.306131e+07 7.510856e+07
-2.749074e+07 2.853017e+06
7.844511e+07 6.490500e+07
-1.382212e+07 6.002478e+07
-4.536821e+10 6.109305e+10
-7.298855e+08 1.244186e+08
2.184156e+06 1.010181e+01
2.575745e+08 -2.526823e+08
2.605405e+13 -9.408574e+14
-1.045811e+09 -1.771145e+09
-1.013547e+09 2.068509e+09
-9.444348e+07 7.932463e+06
1.332304e+15 -1.200768e+15
-1.464278e+07 2.705778e+06
3.781001e+09 2.280817e+08
3.128546e+19 6.589229e+19
-3.384837e+08 -8.704356e+07
-8.472309e+07 -1.400980e+08
-6.796231e+06 2.703850e+07
-1.012677e+07 -1.251142e+06
8.986458e+05 7.028089e+06
-5.033121e+09 6.542938e+10
2.505007e+08 -4.372527e+08
3.495768e+11 5.466468e+12
4.536912e+10 -6.108818e+10
2.062455e+08 -7.704407e+08
5.652550e+08 1.618327e+08
-3.809051e+08 -9.843147e+08
1.223283e+06 -8.840158e+00
9.563603e+06 -1.082380e+01
8.883810e+05 1.792324e+07
-9.319828e+08 -8.239318e+08
1.236430e+08 4.009308e+08
-7.916453e+07 -6.523454e+07
2.369354e+11 -1.080949e+12
-5.113984e+07 -7.948118e+06
7.539295e+06 1.365488e+06
2.051269e+10 1.424786e+10
6.815696e+00 -1.132904e+07
1.011588e+09 -2.068272e+09
1.186970e+09 -5.140396e+07
-7.131202e+06 7.253573e+06
-7.600315e+06 -4.129162e+06
-2.086989e+07 6.206548e+00
8.835743e+06 5.991033e+06
