8.291119e+05 2.353061e+00
3.295023e+06 -5.801964e+05
3.448812e+09 4.457408e+10
8.183083e+11 9.021442e+11
-6.180602e+11 -8.451930e+11
-2.247774e+09 -4.318252e+08
6.405894e+06 -2.294154e+07
-2.888943e+06 -2.371811e+06
-9.539743e+05 -6.298804e+06
-2.102458e+06 8.803684e+00
3.047072e+05 -6.671737e+05
-1.414210e+07 3.764244e+07
1.933331e+09 -2.513490e+10
2.065610e+09 -6.077013e+08
-2.081744e+10 -4.508194e+09
2.067120e+09 9.905313e+08
-5.514273e+05 1.785476e+07
-2.776463e+06 -9.643439e+05
7.992179e+06 -8.187609e+00
-9.902595e+07 9.686324e+07
-9.012808e+05 -1.807447e+06
-1.591604e+09 5.952277e+08
5.986803e+08 1.939006e+10
-2.845096e+10 -6.015172e+09
-2.182782e+07 4.271500e+07
-5.683080e+06 5.626507e+05
3.094046e+05 -5.829997e+04
3.617137e+07 -2.825045e+07
-9.072983e+12 -2.464548e+12
-1.019971e+01 -1.474253e+06
1.778330e+07 -8.030279e+06
-5.436723e+07 1.063934e+07
-1.339910e+10 -4.027572e+09
-1.311996e+09 -7.501022e+08
-1.673922e+07 -2.383083e+06
3.773594e+10 -2.368311e+10
1.305185e+14 2.487571e+14
3.197654e+05 5.945685e+05
2.082361e+10 4.509408e+09
7.011786e+07 5.645319e+07
3.996802e+10 -4.485695e+09
8.799765e+05 1.804684e+06
-9.785030e+00 -8.502199e+05
-7.877912e+09 -5.473366e+09
5.981760e+06 4.338183e+07
8.814331e+05 -8.361938e+05
-1.157337e+12 1.612667e+12
5.522322e+05 -4.209550e+05
5.438478e+07 -1.068591e+07
-8.394734e+08 -8.338257e+08
2.805410e+08 -4.839764e+07
1.263841e+07 7.566060e+06
5.821719e+00 -6.457199e+05
6.421677e+06 -7.220674e+05
1.416357e+13 5.155090e+12
1.590809e+09 -5.955941e+08
-1.825385e+11 3.179418e+10
2.321394e+08 5.888394e+07
1.671050e+06 4.344951e+06
-1.874108e+07 -5.642413e+07
-7.925366e+12 -1.064736e+13
-3.550248e+11 6.636445e+10
2.685563e+07 -5.381027e+07
8.320342e+07 9.238385e+07
-1.617986e+15 2.312057e+15
-1.493006e+08 4.886566e+07
8.952972e+06 -1.820383e+07
-5.688772e+11 -8.585756e+10
-3.714084e+09 -3.175077e+09
2.873925e+09 -4.035899e+08
2.094311e+06 3.293071e+00
-5.499884e+09 -6.120134e+09
9.073220e+12 2.464354e+12
7.937493e+08 1.976036e+08
4.663084e+04 5.418614e+00
-3.974144e+10 -1.313007e+10
-1.339987e+11 -2.095978e+12
-1.339169e+09 -2.607770e+09
-1.484210e+06 1.534316e+06
-1.928060e+08 -6.077710e+07
-2.211388e+09 -9.061682e+09
7.925158e+12 1.064681e+13
-2.191132e+09 1.427013e+09
2.186219e+07 -4.274450e+07
-2.897136e+08 2.115481e+08
-1.124074e+08 -5.598504e+06
-2.651269e+00 -7.215545e+06
6.181097e+11 8.452147e+11
-8.723910e+05 6.561941e+00
-6.933389e+04 4.654213e+00
-2.686694e+07 5.367908e+07
5.500159e+09 6.121257e+09
-1.026273e+09 -6.823210e+08
1.778077e+17 -2.895114e+17
1.340282e+10 4.029514e+09
-8.355128e+00 -1.442059e+06
4.011488e+08 6.809183e+08
1.067056e+06 -1.399046e+06
-3.909629e+04 -1.014189e+06
-7.235135e+09 4.712895e+09
-5.980254e+08 -1.939612e+10
5.975032e+11 -5.759717e+11
-6.643654e+08 -4.937804e+08
-2.918383e+11 4.409425e+11
3.095652e+04 9.098286e+05
9.775541e+06 5.993337e+07
2.918535e+11 -4.409310e+11
3.713327e+05 -1.534736e+01
1.376355e+14 -7.074682e+13
-3.774135e+10 2.368535e+10
1.008198e+11 5.676998e+11
1.899806e+07 -1.687475e+01
-1.551844e+08 1.489538e+08
-2.874205e+09 4.037835e+08
6.110193e+12 -2.194557e+12
-7.936207e+08 -1.980311e+08
-1.278736e+06 3.824728e+05
1.618622e+15 -2.312662e+15
8.570409e+05 1.626356e+06
-2.701688e+10 -7.836767e+09
-1.778449e+17 2.895644e+17
-2.614108e+08 1.610540e+08
7.927550e+12 -2.562131e+12
2.191415e+09 -1.427061e+09
-7.916784e+07 2.959773e+08
2.783108e+11 -2.743885e+11
7.055630e+07 1.321605e+08
1.079407e+10 1.658322e+10
-2.815613e+06 4.864683e+06
2.501024e+08 -2.692432e+08
-1.431820e+06 -6.849398e+06
1.446761e+06 6.836139e+06
-6.355270e+00 -7.106669e+06
-8.658443e+10 1.735566e+11
-4.262292e+07 1.297660e+07
-6.985365e+07 -5.551397e+07
-9.684948e+06 -1.580678e+07
-5.734362e+00 6.386023e+06
1.357613e+09 2.612497e+09
-3.582371e+07 9.652543e+07
1.052346e+15 -4.982904e+15
6.026606e+06 -3.063268e+06
-1.694753e+06 -6.875964e+06
2.606231e+08 -1.609506e+08
-5.480747e+05 -1.759897e+06
-2.261748e+16 -8.414248e+16
-3.579056e+05 -7.055302e+00
3.599198e+07 -2.899687e+06
-5.422251e+08 -5.211411e+07
-2.763364e+06 -4.461461e+05
-2.501401e+08 2.692552e+08
-2.378577e+06 -2.720820e+06
-5.243486e+07 5.877899e+07
-1.517022e+11 -2.950636e+10
-3.688231e+10 1.351383e+11
-1.708402e-02 3.774707e+05
-2.233291e+12 -7.054449e+10
6.737048e+07 -2.499954e+07
2.580586e+13 -4.470277e+13
-8.429992e+00 -1.688041e+07
2.481437e+06 -3.076159e+06
-1.059173e+05 -8.965983e+05
2.074534e+08 -4.779345e+07
1.604013e+05 8.991054e+05
5.407977e+05 1.742096e+06
-3.995543e+10 4.484567e+09
-3.245674e+06 -9.159835e+04
-1.007984e+11 -5.675656e+11
6.693900e+09 1.347963e+10
-1.083235e+11 -2.428970e+11
-3.615345e+15 1.486954e+14
1.645146e+06 7.113071e+06
5.241987e+07 -5.878335e+07
5.826650e+05 6.432934e+06
3.687937e+10 -1.351171e+11
-1.306081e+08 -1.234242e+08
6.015218e+13 1.980964e+13
1.931726e+08 6.079169e+07
1.579473e+09 -2.747188e+08
3.583606e+07 -9.650583e+07
5.421094e+08 5.224217e+07
1.310887e+08 -1.109023e+08
8.393859e+08 8.337772e+08
-9.611112e+07 1.677957e+08
2.656610e+08 4.847705e+08
-3.013683e+06 -1.389297e+06
1.891182e+07 2.715593e+06
-2.580384e+13 4.469809e+13
-1.889657e+07 -2.633310e+06
-2.938856e+06 -4.769740e+06
3.614967e+15 -1.486916e+14
-1.803841e+07 4.167135e+05
9.393425e+10 -2.091812e+10
-5.974391e+11 5.760241e+11
-9.323396e+06 3.396011e+07
-9.397687e+10 2.092373e+10
1.306136e+08 1.234431e+08
1.052088e+07 1.622202e+07
-2.451378e+05 -6.957998e+06
3.414509e+00 1.276251e+06
1.022878e+06 -1.315875e+06
1.891225e+08 6.394586e+07
1.516984e+11 2.950284e+10
-1.490597e+06 2.330630e+06
1.026746e+09 6.824877e+08
1.157186e+12 -1.612498e+12
-2.072449e+08 4.816453e+07
1.122913e+08 5.134730e+06
-6.694218e+09 -1.348035e+10
4.711657e+20 -3.892505e+20
7.206640e+04 1.914869e+06
-1.070200e+01 1.070159e+06
9.876354e+06 -3.524241e+07
2.865376e+13 -1.993609e+13
5.927377e+00 4.220408e+05
2.896237e+08 -2.114386e+08
-1.295568e+06 -1.273930e+05
5.969116e+06 -3.962149e+05
4.288808e+07 -1.263794e+07
-1.310802e+08 7.367270e+07
3.935669e+06 3.333005e+05
-1.305048e+14 -2.486985e+14
-1.578639e+09 2.755944e+08
1.181398e+07 -4.525684e+07
3.714205e+09 3.175796e+09
-2.554355e+07 7.675820e+05
1.295227e+07 -3.609555e+07
-3.934238e+07 4.539636e+07
-1.052346e+15 4.982382e+15
3.539700e+07 1.693415e+07
7.237539e+08 2.155857e+09
8.658877e+10 -1.735610e+11
-2.866201e+13 1.993922e+13
-1.713258e+10 -5.602498e+09
1.222216e+10 3.047382e+08
-1.222152e+10 -3.047180e+08
3.952997e+07 -4.517938e+07
-1.857310e+07 6.709458e+07
2.261927e+16 8.413365e+16
-1.768043e+06 -4.464215e+06
-6.767869e-01 -1.497679e+06
-6.872957e+06 1.647977e+08
3.640927e+08 -2.147381e+07
1.000364e+06 -6.145137e+05
-1.002132e+06 6.190370e+05
-2.067901e+09 -9.908253e+08
2.552448e+07 -1.354103e+06
1.089117e+01 9.586339e+06
-1.201576e+19 -2.530309e+19
1.409024e+07 -1.077127e+07
2.992486e+05 9.388711e+00
-2.398153e+06 -4.388379e+06
-6.701125e+07 2.503884e+07
2.949193e+06 1.428262e+06
7.688984e+05 -4.158886e-01
-2.319640e+08 -5.884050e+07
-9.199916e+05 -3.290619e+06
1.858312e+07 -6.712456e+07
-9.133800e+06 3.846239e+06
8.953526e+05 2.587735e+06
-1.079318e+10 -1.658229e+10
-4.711657e+20 3.892709e+20
5.859290e+04 -6.528583e+00
-1.180891e+07 4.528371e+07
-1.416431e+13 -5.155225e+12
2.000911e+08 -1.932229e+10
-1.356105e+00 -1.490751e+06
-3.717841e+06 -4.304706e+07
-3.450199e+09 -4.459832e+10
-7.239357e+08 -2.156214e+09
6.634901e+08 4.935182e+08
-4.803310e+07 -1.535760e+08
3.229773e+07 5.422934e+07
-2.659443e+08 -4.852186e+08
-7.922269e+05 8.191254e+00
-4.694258e-01 -1.073547e+06
-1.376391e+14 7.074867e+13
9.337336e+14 1.008713e+16
-3.134402e+06 -2.549386e+00
1.311959e+09 7.502710e+08
-7.335153e+00 1.284316e+06
-3.656869e+08 1.813807e+07
-1.397856e+07 1.076369e+07
3.154893e+06 8.380060e-01
-8.635567e+07 7.384802e+07
-2.785149e+11 2.743535e+11
-8.847880e+04 -7.188591e+06
-1.000695e+13 3.614077e+14
-9.102616e+10 4.152921e+11
1.890027e+06 -5.053961e+06
1.984316e+07 3.018685e+06
-3.378659e+07 -5.739406e+07
1.082118e+07 -8.061802e+05
7.653466e+00 1.435510e+06
-1.765459e+07 -5.110359e+06
2.392970e+06 4.374955e+06
-2.066535e+09 6.081318e+08
-8.186084e+11 -9.023805e+11
2.202310e+07 -5.654968e+06
5.690109e+11 8.587541e+10
9.105871e+06 -3.894757e+06
1.459926e+08 3.788507e+08
-8.224287e+07 -8.718864e+07
-5.128712e+05 -2.828749e+05
-3.577037e+06 7.432641e+05
1.210333e+08 -1.581500e+07
-4.290192e+00 4.584536e+05
2.235889e+06 1.946666e+06
2.846933e+10 6.018873e+09
1.788556e+06 2.337966e+06
3.550621e+11 -6.636683e+10
-8.141952e+04 -1.968436e+04
-4.560122e+08 1.974561e+07
3.583571e+08 3.168792e+08
-5.118425e+14 4.613212e+14
-7.072530e+07 -1.319814e+08
-5.495378e+05 -5.220998e+05
1.765289e+07 5.147821e+06
2.190283e+09 9.072738e+09
-3.557846e+05 8.073999e+00
6.493829e+00 1.082751e+06
-7.928587e+12 2.563271e+12
-1.259669e+07 -7.635497e+06
-2.179613e+08 -6.156769e+07
-1.280914e+00 4.753922e+06
7.236365e+09 -4.713661e+09
-6.018056e+13 -1.981690e+13
3.636110e+06 4.412495e+06
-1.800074e+06 5.001185e+06
-2.000423e+08 1.932499e+10
1.300604e+08 3.338300e+07
2.187775e+06 -4.041188e+05
1.267000e+06 -3.550845e+05
-1.810397e+07 7.967234e+06
-9.338069e+14 -1.008766e+16
-1.157724e+06 1.074903e+01
1.825667e+11 -3.179770e+10
7.670930e+10 -5.493271e+08
-7.671534e+10 5.493616e+08
3.975234e+10 1.313159e+10
-6.110832e+12 2.194672e+12
2.234285e+12 7.057054e+10
2.702218e+10 7.837663e+09
-9.461271e+06 1.823947e+07
1.713686e+10 5.602548e+09
6.895675e+06 -1.649984e+08
2.463773e+06 -4.902403e+06
-1.452485e+09 -8.796994e+07
2.790362e+05 -1.019494e+01
2.247948e+09 4.320367e+08
-3.571984e+07 -1.700468e+07
2.643299e+06 -1.036365e+07
7.589184e+00 -4.671504e+06
-6.144280e+05 2.898233e+00
1.083604e+11 2.429605e+11
-3.574171e+07 2.884664e+07
-1.055858e+07 1.095843e+06
3.011576e+07 2.491698e+07
-5.309386e+06 2.305772e+07
-1.742721e+10 2.346794e+10
-2.802176e+08 4.777004e+07
8.384738e+05 9.134183e+00
9.895376e+07 -9.707387e+07
1.000852e+13 -3.614266e+14
-4.017322e+08 -6.803576e+08
-3.883755e+08 7.926082e+08
-3.627892e+07 3.046888e+06
5.118693e+14 -4.613333e+14
-5.624105e+06 1.039216e+06
1.452673e+09 8.763060e+07
1.201828e+19 2.531170e+19
-1.300711e+08 -3.344822e+07
-3.254738e+07 -5.382081e+07
-2.611547e+06 1.038991e+07
-3.890720e+06 -4.804287e+05
3.451085e+05 2.700270e+06
-1.933882e+09 2.514157e+10
9.614494e+07 -1.678286e+08
1.341643e+11 2.098068e+12
1.742812e+10 -2.346734e+10
7.923484e+07 -2.959855e+08
2.171492e+08 6.217086e+07
-1.463349e+08 -3.781660e+08
4.698212e+05 -9.019960e-01
3.674899e+06 -8.530808e+00
3.413052e+05 6.886014e+06
-3.580723e+08 -3.165553e+08
4.747961e+07 1.539595e+08
-3.039242e+07 -2.504424e+07
9.102362e+10 -4.152496e+11
-1.964623e+07 -3.053311e+06
2.894741e+06 5.241496e+05
7.878550e+09 5.472861e+09
-4.190252e+00 -4.333970e+06
3.875551e+08 -7.924435e+08
4.559963e+08 -1.974883e+07
-2.735149e+06 2.782143e+06
-2.919719e+06 -1.586153e+06
-8.017778e+06 1.092402e+01
3.394360e+06 2.301856e+06
