2.088927e+06 -3.717817e+00
8.295821e+06 -1.460810e+06
8.683402e+09 1.122251e+11
2.060527e+12 2.271591e+12
-1.556117e+12 -2.128111e+12
-5.662464e+09 -1.087806e+09
1.613647e+07 -5.777911e+07
-7.275605e+06 -5.972776e+06
-2.401830e+06 -1.586006e+07
-5.295491e+06 -1.902217e-01
7.667480e+05 -1.678857e+06
-3.560333e+07 9.477138e+07
4.867779e+09 -6.328447e+10
5.203130e+09 -1.530807e+09
-5.242207e+10 -1.135286e+10
5.208997e+09 2.495859e+09
-1.389641e+06 4.500468e+07
-6.990163e+06 -2.428119e+06
2.012604e+07 1.030140e+00
-2.494103e+08 2.439566e+08
-2.269174e+06 -4.551441e+06
-4.007751e+09 1.498817e+09
1.507655e+09 4.883251e+10
-7.165547e+10 -1.514901e+10
-5.497871e+07 1.075612e+08
-1.430965e+07 1.416815e+06
7.796126e+05 -1.468056e+05
9.114751e+07 -7.117211e+07
-2.284521e+13 -6.205380e+12
-1.406084e+00 -3.713630e+06
4.477778e+07 -2.022214e+07
-1.368813e+08 2.678849e+07
-3.374226e+10 -1.014283e+10
-3.304290e+09 -1.889108e+09
-4.215534e+07 -6.001634e+06
9.504913e+10 -5.965321e+10
3.286531e+14 6.263421e+14
8.037802e+05 1.498225e+06
5.243395e+10 1.135525e+10
1.766072e+08 1.421835e+08
1.006486e+11 -1.129559e+10
2.215837e+06 4.544213e+06
3.190259e+00 -2.139390e+06
-1.984255e+10 -1.378507e+10
1.506181e+07 1.092318e+08
2.220093e+06 -2.106328e+06
-2.918678e+12 4.066760e+12
1.391060e+06 -1.060463e+06
1.369453e+08 -2.690737e+07
-2.114377e+09 -2.100392e+09
7.069540e+08 -1.219714e+08
3.183592e+07 1.905884e+07
4.253280e+00 -1.625909e+06
1.617783e+07 -1.818941e+06
3.567119e+13 1.298400e+13
4.006162e+09 -1.499824e+09
-4.596322e+11 8.005155e+10
5.845887e+08 1.482851e+08
4.208898e+06 1.094336e+07
-4.718781e+07 -1.420681e+08
-1.995887e+13 -2.681252e+13
-8.939265e+11 1.671121e+11
6.760724e+07 -1.354627e+08
2.103727e+08 2.336032e+08
-4.073572e+15 5.821286e+15
-3.759372e+08 1.230489e+08
2.254539e+07 -4.584082e+07
-1.432276e+12 -2.161758e+11
-9.364608e+09 -8.005652e+09
7.236059e+09 -1.016155e+09
5.275397e+06 -2.956850e+00
-1.384836e+10 -1.541132e+10
2.284758e+13 6.205122e+12
2.004603e+09 4.990427e+08
1.175009e+05 -2.313704e+00
-1.000754e+11 -3.306656e+10
-3.377649e+11 -5.283699e+12
-3.372648e+09 -6.567395e+09
-3.736849e+06 3.863113e+06
-4.869615e+08 -1.535002e+08
-5.568779e+09 -2.281935e+10
1.995929e+13 2.681252e+13
-5.517226e+09 3.593472e+09
5.505516e+07 -1.076434e+08
-7.297119e+08 5.328113e+08
-2.831557e+08 -1.410307e+07
-3.251489e+00 -1.816985e+07
1.556249e+12 2.128088e+12
-2.197274e+06 3.388214e+00
-1.749575e+05 -5.177710e+00
-6.764597e+07 1.351462e+08
1.384775e+10 1.541196e+10
-2.585100e+09 -1.718486e+09
4.476899e+17 -7.289678e+17
3.375226e+10 1.014735e+10
1.101037e+01 -3.632338e+06
1.010542e+09 1.715162e+09
2.687056e+06 -3.523355e+06
-9.879896e+04 -2.554601e+06
-1.822575e+10 1.187238e+10
-1.505855e+09 -4.884360e+10
1.504508e+12 -1.450353e+12
-1.673096e+09 -1.243447e+09
-7.350052e+11 1.110558e+12
7.803978e+04 2.290571e+06
2.461251e+07 1.509077e+08
7.350892e+11 -1.110477e+12
9.347388e+05 -3.006233e+00
3.467823e+14 -1.782654e+14
-9.504934e+10 5.965075e+10
2.540912e+11 1.430679e+12
4.782309e+07 -5.975564e+00
-3.907184e+08 3.750288e+08
-7.236534e+09 1.016519e+09
1.539018e+13 -5.527444e+12
-2.004110e+09 -5.000375e+08
-3.220233e+06 9.632023e+05
4.075266e+15 -5.822375e+15
2.160632e+06 4.100540e+06
-6.802790e+10 -1.973188e+10
-4.477224e+17 7.289753e+17
-6.888059e+08 4.243476e+08
1.996130e+13 -6.450435e+12
5.517130e+09 -3.593385e+09
-1.993396e+08 7.452610e+08
7.006631e+11 -6.907886e+11
1.776666e+08 3.327704e+08
2.718268e+10 4.176236e+10
-7.099889e+06 1.226682e+07
6.298414e+08 -6.780198e+08
-3.604657e+06 -1.724298e+07
3.641698e+06 1.720994e+07
5.591432e+00 -1.790271e+07
-2.189679e+11 4.389140e+11
-1.073588e+08 3.268212e+07
-1.759232e+08 -1.398079e+08
-2.439038e+07 -3.980663e+07
-6.948082e+00 1.608557e+07
3.418367e+09 6.577735e+09
-9.020730e+07 2.430602e+08
2.651471e+15 -1.255469e+16
1.517368e+07 -7.713253e+06
-4.268792e+06 -1.732014e+07
6.867701e+08 -4.241417e+08
-1.380284e+06 -4.431460e+06
-5.706418e+16 -2.122856e+17
-9.015812e+05 -4.987182e-01
9.065541e+07 -7.304241e+06
-1.365298e+09 -1.312340e+08
-6.962254e+06 -1.124231e+06
-6.298902e+08 6.780071e+08
-5.989103e+06 -6.850904e+06
-1.320215e+08 1.479963e+08
-3.819686e+11 -7.429359e+10
-9.286927e+10 3.402592e+11
-4.637063e+00 9.504937e+05
-5.623062e+12 -1.776333e+11
1.697053e+08 -6.297459e+07
6.500696e+13 -1.126039e+14
-4.766323e+00 -4.254949e+07
6.259422e+06 -7.759156e+06
-2.663764e+05 -2.257397e+06
5.230402e+08 -1.205013e+08
4.038630e+05 2.263863e+06
1.361339e+06 4.386309e+06
-1.006140e+11 1.129324e+10
-8.172980e+06 -2.307829e+05
-2.540537e+11 -1.430529e+12
1.685828e+10 3.394661e+10
-2.727533e+11 -6.115518e+11
-9.102738e+15 3.743591e+14
4.143301e+06 1.791386e+07
1.319722e+08 -1.479965e+08
1.467051e+06 1.619684e+07
9.286047e+10 -3.402451e+11
-3.289842e+08 -3.109035e+08
1.516088e+14 4.992961e+13
4.879235e+08 1.535609e+08
3.980855e+09 -6.924256e+08
9.025175e+07 -2.430455e+08
1.365235e+09 1.315712e+08
3.302776e+08 -2.794182e+08
2.114221e+09 2.100083e+09
-2.422696e+08 4.229778e+08
6.690618e+08 1.220866e+09
-7.591919e+06 -3.500299e+06
4.762110e+07 6.838484e+06
-6.500966e+13 1.126144e+14
-4.757995e+07 -6.630908e+06
-7.402478e+06 -1.201295e+07
9.103401e+15 -3.744254e+14
-4.542046e+07 1.050079e+06
2.365802e+11 -5.267718e+10
-1.504535e+12 1.450491e+12
-2.347864e+07 8.551796e+07
-2.366315e+11 5.268464e+10
3.289929e+08 3.109250e+08
2.649661e+07 4.085615e+07
-6.171141e+05 -1.752191e+07
-4.438920e-01 3.214709e+06
2.576221e+06 -3.313848e+06
4.762058e+08 1.610122e+08
3.819612e+11 7.428400e+10
-3.753401e+06 5.868856e+06
2.585806e+09 1.718951e+09
2.918285e+12 -4.066422e+12
-5.225121e+08 1.214397e+08
2.828515e+08 1.293470e+07
-1.685750e+10 -3.394876e+10
1.186541e+21 -9.802070e+20
1.812539e+05 4.823342e+06
-6.718282e+00 2.695340e+06
2.486965e+07 -8.875126e+07
7.217605e+13 -5.021627e+13
7.909057e+00 1.063171e+06
7.295921e+08 -5.325937e+08
-3.264002e+06 -3.213586e+05
1.503109e+07 -9.978648e+05
1.080410e+08 -3.183312e+07
-3.302544e+08 1.856184e+08
9.910652e+06 8.398954e+05
-3.286668e+14 -6.263682e+14
-3.978837e+09 6.945973e+08
2.975718e+07 -1.139942e+08
9.365448e+09 8.007709e+09
-6.433429e+07 1.933909e+06
3.261312e+07 -9.088281e+07
-9.913479e+07 1.143926e+08
-2.651526e+15 1.255417e+16
8.914142e+07 4.264551e+07
1.822569e+09 5.428575e+09
2.189468e+11 -4.388771e+11
-7.217830e+13 5.021366e+13
-4.314670e+10 -1.410911e+10
3.078126e+10 7.674809e+08
-3.077934e+10 -7.674180e+08
9.959706e+07 -1.138308e+08
-4.676300e+07 1.689312e+08
5.706537e+16 2.122657e+17
-4.454171e+06 -1.124574e+07
-1.106876e+01 -3.773495e+06
-1.732459e+07 4.154401e+08
9.179757e+08 -5.414527e+07
2.519721e+06 -1.548134e+06
-2.524285e+06 1.559256e+06
-5.210651e+09 -2.496647e+09
6.429082e+07 -3.410959e+06
-1.081542e+01 2.414115e+07
-3.026477e+19 -6.373468e+19
3.549349e+07 -2.713235e+07
7.540387e+05 -6.932848e-01
-6.040219e+06 -1.105303e+07
-1.687737e+08 6.306089e+07
7.427264e+06 3.597109e+06
1.936140e+06 -3.267818e+00
-5.841168e+08 -1.481732e+08
-2.316877e+06 -8.286034e+06
4.679059e+07 -1.690172e+08
-2.300483e+07 9.687370e+06
2.254859e+06 6.516750e+06
-2.718794e+10 -4.177090e+10
-1.186751e+21 9.804108e+20
1.477319e+05 -1.053583e+01
-2.974494e+07 1.140646e+08
-3.567341e+13 -1.298414e+13
5.038741e+08 -4.865684e+10
1.812034e+00 -3.754349e+06
-9.361940e+06 -1.083949e+08
-8.687055e+09 -1.122944e+11
-1.823110e+09 -5.430004e+09
1.670896e+09 1.242810e+09
-1.210162e+08 -3.869282e+08
8.134135e+07 1.365770e+08
-6.697147e+08 -1.221928e+09
-1.995371e+06 1.030130e+01
-6.575773e+00 -2.704192e+06
-3.468508e+14 1.782970e+14
2.351127e+15 2.539845e+16
-7.895622e+06 -7.713964e+00
3.304138e+09 1.889530e+09
1.811092e+00 3.234827e+06
-9.220369e+08 4.573280e+07
-3.521837e+07 2.711305e+07
7.946994e+06 -1.778724e+00
-2.175343e+08 1.860444e+08
-7.013516e+11 6.908363e+11
-2.231647e+05 -1.810143e+07
-2.520491e+13 9.102396e+14
-2.292365e+11 1.045811e+12
4.759236e+06 -1.272758e+07
4.996811e+07 7.601844e+06
-8.511127e+07 -1.445813e+08
2.725731e+07 -2.030965e+06
-5.235164e+00 3.615301e+06
-4.446153e+07 -1.287063e+07
6.028174e+06 1.102038e+07
-5.204903e+09 1.531623e+09
-2.061170e+12 -2.272182e+12
5.546156e+07 -1.423943e+07
1.432528e+12 2.162159e+11
2.293081e+07 -9.807948e+06
3.676398e+08 9.540656e+08
-2.079421e+08 -2.204272e+08
-1.291509e+06 -7.119387e+05
-9.006723e+06 1.871098e+06
3.048737e+08 -3.983720e+07
-5.142221e+00 1.154140e+06
5.630327e+06 4.902112e+06
7.168014e+10 1.515457e+10
4.503481e+06 5.886323e+06
8.941406e+11 -1.671319e+11
-2.050084e+05 -4.937425e+04
-1.148335e+09 4.972437e+07
9.023813e+08 7.979231e+08
-1.288922e+15 1.161705e+15
-1.781034e+08 -3.323590e+08
-1.384094e+06 -1.314902e+06
4.445649e+07 1.296441e+07
5.515775e+09 2.284877e+10
-8.962759e+05 1.013932e+01
-3.498026e+00 2.726261e+06
-1.996669e+13 6.455263e+12
-3.172514e+07 -1.923064e+07
-5.489479e+08 -1.550519e+08
1.370999e+00 1.197223e+07
1.822787e+10 -1.187380e+10
-1.516797e+14 -4.994674e+13
9.157682e+06 1.111258e+07
-4.533472e+06 1.259397e+07
-5.036465e+08 4.865677e+10
3.274393e+08 8.404717e+07
5.511967e+06 -1.019039e+06
3.190749e+06 -8.946982e+05
-4.558957e+07 2.006397e+07
-2.351151e+15 -2.539739e+16
-2.916227e+06 -4.316432e+00
4.596597e+11 -8.006409e+10
1.931918e+11 -1.383576e+09
-1.932199e+11 1.383656e+09
1.001000e+11 3.306552e+10
-1.539162e+13 5.528077e+12
5.625518e+12 1.776910e+11
6.804293e+10 1.973545e+10
-2.382583e+07 4.593099e+07
4.315675e+10 1.410886e+10
1.738214e+07 -4.159191e+08
6.211554e+06 -1.236106e+07
-3.657609e+09 -2.215024e+08
7.023525e+05 6.945396e+00
5.662065e+09 1.088236e+09
-8.994827e+07 -4.282083e+07
6.655040e+06 -2.609053e+07
6.016807e+00 -1.176379e+07
-1.547572e+06 -9.482389e+00
2.728470e+11 6.117742e+11
-9.003180e+07 7.266350e+07
-2.659577e+07 2.760166e+06
7.589065e+07 6.279146e+07
-1.337221e+07 5.807085e+07
-4.389139e+10 5.910437e+10
-7.061188e+08 1.203671e+08
2.113052e+06 -3.342387e+00
2.491901e+08 -2.444574e+08
2.520595e+13 -9.102301e+14
-1.011764e+09 -1.713484e+09
-9.804973e+08 2.001060e+09
-9.136850e+07 7.674214e+06
1.288935e+15 -1.161681e+15
-1.416604e+07 2.617709e+06
3.657927e+09 2.206575e+08
3.026698e+19 6.374727e+19
-3.274676e+08 -8.421080e+07
-8.196534e+07 -1.355378e+08
-6.575101e+06 2.615867e+07
-9.797178e+06 -1.210457e+06
8.694456e+05 6.799391e+06
-4.869309e+09 6.329983e+10
2.423419e+08 -4.230112e+08
3.381911e+11 5.288428e+12
4.389230e+10 -5.909951e+10
1.995312e+08 -7.453589e+08
5.468538e+08 1.565645e+08
-3.685063e+08 -9.522522e+08
1.183448e+06 -5.067615e+00
9.252268e+06 -7.619652e+00
8.595205e+05 1.733979e+07
-9.016454e+08 -7.971119e+08
1.196171e+08 3.878762e+08
-7.658636e+07 -6.311007e+07
2.292218e+11 -1.045759e+12
-4.947516e+07 -7.689446e+06
7.293862e+06 1.321088e+06
1.984487e+10 1.378395e+10
6.474114e+00 -1.095935e+07
9.786018e+08 -2.000832e+09
1.148332e+09 -4.973065e+07
-6.898855e+06 7.017253e+06
-7.352937e+06 -3.994789e+06
-2.019059e+07 -5.860645e+00
8.548119e+06 5.795992e+06
