1.149356e+06 2.439705e+00
4.564909e+06 -8.037353e+05
4.778263e+09 6.175781e+10
1.133767e+12 1.249965e+12
-8.563106e+11 -1.171048e+12
-3.114956e+09 -5.984014e+08
8.877646e+06 -3.178852e+07
-4.003161e+06 -3.286207e+06
-1.321603e+06 -8.727178e+06
-2.913315e+06 2.786674e+00
4.220070e+05 -9.241202e+05
-1.959316e+07 5.215320e+07
2.678667e+09 -3.482372e+10
2.862376e+09 -8.421536e+08
-2.884612e+10 -6.247008e+09
2.865171e+09 1.372910e+09
-7.643953e+05 2.475031e+07
-3.846765e+06 -1.336180e+06
1.107440e+07 -9.118804e+00
-1.372247e+08 1.342268e+08
-1.248739e+06 -2.504425e+06
-2.205221e+09 8.247234e+08
8.295399e+08 2.686882e+10
-3.942395e+10 -8.335082e+09
-3.024707e+07 5.918142e+07
-7.873913e+06 7.794637e+05
4.287324e+05 -8.065836e+04
5.013257e+07 -3.914924e+07
-1.257088e+13 -3.414475e+12
-4.260700e+00 -2.042717e+06
2.463946e+07 -1.112597e+07
-7.532081e+07 1.473930e+07
-1.856531e+10 -5.580661e+09
-1.818029e+09 -1.039399e+09
-2.319440e+07 -3.302114e+06
5.229490e+10 -3.282008e+10
1.808574e+14 3.446848e+14
4.428497e+05 8.242813e+05
2.885562e+10 6.248780e+09
9.717495e+07 7.823616e+07
5.538476e+10 -6.215433e+09
1.219281e+06 2.500492e+06
1.240380e+00 -1.177585e+06
-1.091651e+10 -7.584282e+09
8.287525e+06 6.010428e+07
1.221331e+06 -1.158656e+06
-1.604647e+12 2.235963e+12
7.652753e+05 -5.833935e+05
7.535667e+07 -1.480644e+07
-1.163293e+09 -1.155532e+09
3.888515e+08 -6.708180e+07
1.751376e+07 1.048427e+07
-8.111904e+00 -8.946194e+05
8.899571e+06 -1.000609e+06
1.962638e+13 7.143588e+12
2.204263e+09 -8.252477e+08
-2.529176e+11 4.404965e+10
3.216475e+08 8.158702e+07
2.315467e+06 6.020506e+06
-2.596586e+07 -7.817760e+07
-1.098251e+13 -1.475380e+13
-4.919244e+11 9.195777e+10
3.720703e+07 -7.455063e+07
1.155038e+08 1.282565e+08
-2.241856e+15 3.203492e+15
-2.068789e+08 6.770907e+07
1.240585e+07 -2.522266e+07
-7.881684e+11 -1.189593e+11
-5.149098e+09 -4.402251e+09
3.981941e+09 -5.591864e+08
2.902304e+06 2.594732e+00
-7.620461e+09 -8.480044e+09
1.257183e+13 3.414410e+12
1.101289e+09 2.741636e+08
6.462528e+04 -8.624259e+00
-5.506413e+10 -1.819374e+10
-1.857578e+11 -2.905679e+12
-1.855666e+09 -3.613416e+09
-2.056253e+06 2.125719e+06
-2.675245e+08 -8.432881e+07
-3.063998e+09 -1.255538e+10
1.098147e+13 1.475269e+13
-3.035873e+09 1.977255e+09
3.029163e+07 -5.922671e+07
-4.014370e+08 2.931350e+08
-1.557663e+08 -7.758105e+06
-6.703485e+00 -9.997241e+06
8.563444e+11 1.170981e+12
-1.208714e+06 -6.652505e+00
-9.612168e+04 -6.537520e+00
-3.722038e+07 7.436925e+07
7.620443e+09 8.481167e+09
-1.422174e+09 -9.454130e+08
2.463309e+17 -4.010933e+17
1.856981e+10 5.583099e+09
-8.042537e+00 -1.998026e+06
5.559137e+08 9.435493e+08
1.478324e+06 -1.938460e+06
-5.415043e+04 -1.405411e+06
-1.002655e+10 6.531243e+09
-8.286215e+08 -2.687589e+10
8.278703e+11 -7.980640e+11
-9.206130e+08 -6.842280e+08
-4.044064e+11 6.110304e+11
4.307831e+04 1.260625e+06
1.354396e+07 8.303731e+07
4.043988e+11 -6.109265e+11
5.142487e+05 4.081300e+00
1.907290e+14 -9.804396e+13
-5.229062e+10 3.281666e+10
1.397368e+11 7.868441e+11
2.631775e+07 9.378441e+00
-2.150028e+08 2.063620e+08
-3.981913e+09 5.593861e+08
8.466703e+12 -3.040950e+12
-1.100990e+09 -2.747090e+08
-1.771521e+06 5.297765e+05
2.242491e+15 -3.204037e+15
1.188044e+06 2.254707e+06
-3.743154e+10 -1.085766e+10
-2.463820e+17 4.011463e+17
-3.699451e+08 2.279157e+08
1.098314e+13 -3.549718e+12
3.036018e+09 -1.977269e+09
-1.096874e+08 4.100703e+08
3.855718e+11 -3.801523e+11
9.775807e+07 1.831119e+08
1.495664e+10 2.297861e+10
-3.903688e+06 6.744249e+06
3.465377e+08 -3.730492e+08
-1.983372e+06 -9.488606e+06
2.003875e+06 9.469942e+06
3.198093e+00 -9.847875e+06
-1.201972e+11 2.409263e+11
-5.905863e+07 1.797991e+07
-9.678371e+07 -7.691575e+07
-1.341867e+07 -2.189948e+07
-8.941663e+00 8.848360e+06
1.880812e+09 3.619344e+09
-4.963209e+07 1.337286e+08
1.458371e+15 -6.905479e+15
8.348978e+06 -4.243994e+06
-2.348388e+06 -9.527925e+06
3.688346e+08 -2.277770e+08
-7.593500e+05 -2.438121e+06
-3.136306e+16 -1.166774e+17
-4.957729e+05 -5.390644e+00
4.987087e+07 -4.017893e+06
-7.512643e+08 -7.220424e+07
-3.829370e+06 -6.182383e+05
-3.465668e+08 3.730533e+08
-3.295455e+06 -3.769539e+06
-7.264598e+07 8.143782e+07
-2.101768e+11 -4.088074e+10
-5.110078e+10 1.872204e+11
-2.335101e+00 5.229797e+05
-3.094075e+12 -9.773393e+10
9.335505e+07 -3.464155e+07
3.575937e+13 -6.194378e+13
-1.886985e+00 -2.339842e+07
3.440913e+06 -4.265246e+06
-1.466447e+05 -1.242121e+06
2.875959e+08 -6.625548e+07
2.220984e+05 1.245555e+06
7.491179e+05 2.413523e+06
-5.536064e+10 6.213734e+09
-4.496923e+06 -1.268788e+05
-1.397180e+11 -7.867098e+11
9.275121e+09 1.867621e+10
-1.500744e+11 -3.365003e+11
-5.008715e+15 2.059946e+14
2.279352e+06 9.855484e+06
7.261851e+07 -8.143756e+07
8.071602e+05 8.913389e+06
5.109975e+10 -1.872274e+11
-1.809964e+08 -1.710422e+08
8.338333e+13 2.746048e+13
2.680404e+08 8.435490e+07
2.189432e+09 -3.808122e+08
4.965636e+07 -1.337267e+08
7.511687e+08 7.239024e+07
1.816833e+08 -1.537059e+08
1.163204e+09 1.155418e+09
-1.332359e+08 2.326117e+08
3.681278e+08 6.717254e+08
-4.176466e+06 -1.925359e+06
2.620334e+07 3.762521e+06
-3.576140e+13 6.194729e+13
-2.617995e+07 -3.648529e+06
-4.072494e+06 -6.609405e+06
5.008999e+15 -2.060219e+14
-2.499206e+07 5.773416e+05
1.301619e+11 -2.898326e+10
-8.278056e+11 7.981040e+11
-1.291757e+07 4.705236e+07
-1.302049e+11 2.898947e+10
1.809932e+08 1.710609e+08
1.457829e+07 2.247838e+07
-3.395114e+05 -9.641202e+06
-9.510730e-01 1.768604e+06
1.417336e+06 -1.823392e+06
2.620377e+08 8.859985e+07
2.101771e+11 4.087627e+10
-2.065275e+06 3.229133e+06
1.422695e+09 9.457223e+08
1.604466e+12 -2.235794e+12
-2.873186e+08 6.677150e+07
1.556039e+08 7.115432e+06
-9.275252e+09 -1.867799e+10
6.528244e+20 -5.393023e+20
9.975270e+04 2.653225e+06
-1.110346e+01 1.482676e+06
1.368253e+07 -4.882918e+07
3.970594e+13 -2.762461e+13
1.114678e+01 5.847966e+05
4.013354e+08 -2.929769e+08
-1.795163e+06 -1.765108e+05
8.269998e+06 -5.488775e+05
5.943251e+07 -1.751159e+07
-1.816530e+08 1.021004e+08
5.452725e+06 4.618999e+05
-1.808267e+14 -3.446132e+14
-2.188235e+09 3.820099e+08
1.637137e+07 -6.271637e+07
5.149813e+09 4.403203e+09
-3.539780e+07 1.063906e+06
1.794635e+07 -5.001124e+07
-5.452794e+07 6.292044e+07
-1.458564e+15 6.905740e+15
4.904877e+07 2.346552e+07
1.002852e+09 2.987212e+09
1.202129e+11 -2.409535e+11
-3.971569e+13 2.762879e+13
-2.374093e+10 -7.763317e+09
1.693624e+10 4.222704e+08
-1.693495e+10 -4.222294e+08
5.478147e+07 -6.261020e+07
-2.573064e+07 9.295122e+07
3.136662e+16 1.166686e+17
-2.450051e+06 -6.186187e+06
8.162230e+00 -2.075574e+06
-9.527162e+06 2.284400e+08
5.047284e+08 -2.977023e+07
1.386166e+06 -8.515387e+05
-1.388690e+06 8.578322e+05
-2.866102e+09 -1.373270e+09
3.536970e+07 -1.876246e+06
-5.173624e+00 1.328286e+07
-1.665083e+19 -3.506368e+19
1.952578e+07 -1.492669e+07
4.146648e+05 -4.524235e+00
-3.323085e+06 -6.080985e+06
-9.285531e+07 3.469403e+07
4.086416e+06 1.979037e+06
1.065386e+06 5.013140e+00
-3.214196e+08 -8.153321e+07
-1.274742e+06 -4.559491e+06
2.574882e+07 -9.300290e+07
-1.265691e+07 5.329658e+06
1.240581e+06 3.585693e+06
-1.495742e+10 -2.297983e+10
-6.529230e+20 5.394246e+20
8.136464e+04 -8.100586e-01
-1.636502e+07 6.275431e+07
-1.962749e+13 -7.143724e+12
2.772502e+08 -2.677335e+10
3.064981e+00 -2.065734e+06
-5.151362e+06 -5.964587e+07
-4.780399e+09 -6.179361e+10
-1.003143e+09 -2.987780e+09
9.193958e+08 6.838664e+08
-6.657158e+07 -2.128490e+08
4.475527e+07 7.514616e+07
-3.685031e+08 -6.723227e+08
-1.097808e+06 3.404581e+00
-2.323328e+00 -1.487739e+06
-1.907795e+14 9.806434e+13
1.293749e+15 1.397618e+16
-4.343844e+06 8.081717e+00
1.817961e+09 1.039671e+09
5.630115e+00 1.779753e+06
-5.069966e+08 2.514745e+07
-1.937388e+07 1.491641e+07
4.372032e+06 -1.049704e+00
-1.196702e+08 1.023408e+08
-3.859073e+11 3.801286e+11
-1.226501e+05 -9.960200e+06
-1.386635e+13 5.007817e+14
-1.261255e+11 5.753969e+11
2.618525e+06 -7.002596e+06
2.749307e+07 4.182490e+06
-4.681957e+07 -7.953452e+07
1.499481e+07 -1.117185e+06
7.990361e+00 1.989046e+06
-2.446226e+07 -7.080921e+06
3.315947e+06 6.062447e+06
-2.863540e+09 8.426297e+08
-1.134196e+12 -1.250273e+12
3.051584e+07 -7.835323e+06
7.883317e+11 1.189772e+11
1.261607e+07 -5.396476e+06
2.022800e+08 5.249245e+08
-1.141637e+08 -1.210213e+08
-7.105814e+05 -3.917993e+05
-4.955952e+06 1.029635e+06
1.677245e+08 -2.191565e+07
-2.755604e-01 6.352218e+05
3.097944e+06 2.697360e+06
3.944370e+10 8.339092e+09
2.478122e+06 3.239204e+06
4.919804e+11 -9.195799e+10
-1.128010e+05 -2.715523e+04
-6.318613e+08 2.735949e+07
4.965220e+08 4.390574e+08
-7.091995e+14 6.391935e+14
-9.799869e+07 -1.828744e+08
-7.614745e+05 -7.233485e+05
2.446031e+07 7.132882e+06
3.034768e+09 1.257076e+10
-4.929038e+05 8.344162e+00
9.635118e+00 1.499927e+06
-1.098604e+13 3.551729e+12
-1.745432e+07 -1.058007e+07
-3.020155e+08 -8.530596e+07
-1.283885e+00 6.586545e+06
1.002729e+10 -6.531923e+09
-8.341486e+13 -2.746827e+13
5.038261e+06 6.113753e+06
-2.494076e+06 6.929224e+06
-2.771600e+08 2.677510e+10
1.801917e+08 4.625039e+07
3.031854e+06 -5.600690e+05
1.755295e+06 -4.919640e+05
-2.508397e+07 1.103913e+07
-1.293749e+15 -1.397591e+16
-1.604208e+06 6.995653e+00
2.529456e+11 -4.405626e+10
1.062767e+11 -7.612106e+08
-1.063048e+11 7.612528e+08
5.507898e+10 1.819383e+10
-8.467822e+12 3.041180e+12
3.095478e+12 9.777483e+10
3.743910e+10 1.085912e+10
-1.310890e+07 2.527202e+07
2.374487e+10 7.762777e+09
9.558795e+06 -2.287245e+08
3.415635e+06 -6.796726e+06
-2.012536e+09 -1.218860e+08
3.866126e+05 -8.268638e-01
3.115101e+09 5.987163e+08
-4.949312e+07 -2.356181e+07
3.662196e+06 -1.435818e+07
-9.445406e+00 -6.472954e+06
-8.514752e+05 5.672294e+00
1.501312e+11 3.366274e+11
-4.952992e+07 3.997491e+07
-1.463083e+07 1.518541e+06
4.174192e+07 3.453636e+07
-7.357293e+06 3.195010e+07
-2.414861e+10 3.251892e+10
-3.883865e+08 6.620950e+07
1.162152e+06 -9.300522e+00
1.371109e+08 -1.345077e+08
1.386844e+13 -5.008006e+14
-5.566690e+08 -9.427526e+08
-5.387713e+08 1.099549e+09
-5.027009e+07 4.222197e+06
7.092397e+14 -6.392056e+14
-7.793645e+06 1.440076e+06
2.012776e+09 1.214181e+08
1.665272e+19 3.507362e+19
-1.802052e+08 -4.634001e+07
-4.509963e+07 -7.457675e+07
-3.618150e+06 1.439466e+07
-5.390950e+06 -6.658191e+05
4.782749e+05 3.741451e+06
-2.679438e+09 3.483372e+10
1.332757e+08 -2.326414e+08
1.859797e+11 2.908318e+12
2.414952e+10 -3.251833e+10
1.097895e+08 -4.101318e+08
3.008981e+08 8.614797e+07
-2.027652e+08 -5.240121e+08
6.511717e+05 6.074001e+00
5.091729e+06 -6.164184e+00
4.728900e+05 9.541138e+06
-4.961463e+08 -4.386203e+08
6.580271e+07 2.133749e+08
-4.212662e+07 -3.471356e+07
1.261276e+11 -5.753982e+11
-2.722348e+07 -4.231140e+06
4.012282e+06 7.265748e+05
1.091819e+10 7.584265e+09
-6.682156e+00 -6.016956e+06
5.376954e+08 -1.099419e+09
6.318725e+08 -2.736409e+07
-3.792726e+06 3.857847e+06
-4.045991e+06 -2.197989e+06
-1.110966e+07 5.516226e+00
4.703346e+06 3.189448e+06
