4.243237e+05 -1.053192e+01
1.688232e+06 -2.973629e+05
1.767548e+09 2.284474e+10
4.192840e+11 4.622506e+11
-3.168100e+11 -4.331907e+11
-1.151200e+09 -2.211369e+08
3.282049e+06 -1.175249e+07
-1.479836e+06 -1.214929e+06
-4.888835e+05 -3.227987e+06
-1.076973e+06 6.215681e+00
1.562104e+05 -3.418985e+05
-7.247174e+06 1.928894e+07
9.906955e+08 -1.288050e+10
1.057848e+09 -3.112186e+08
-1.066512e+10 -2.309331e+09
1.057856e+09 5.069319e+08
-2.820664e+05 9.133663e+06
-1.422949e+06 -4.942855e+05
4.094656e+06 4.303111e+00
-5.072604e+07 4.961945e+07
-4.617140e+05 -9.260928e+05
-8.155452e+08 3.049817e+08
3.066739e+08 9.932087e+09
-1.457553e+10 -3.081825e+09
-1.118189e+07 2.188757e+07
-2.912522e+06 2.883172e+05
1.584711e+05 -2.988268e+04
1.852017e+07 -1.446959e+07
-4.650572e+12 -1.263259e+12
-2.067403e+00 -7.552487e+05
9.111729e+06 -4.114288e+06
-2.785796e+07 5.451917e+06
-6.864778e+09 -2.063756e+09
-6.720543e+08 -3.842500e+08
-8.576397e+06 -1.220976e+06
1.933028e+10 -1.213200e+10
6.687835e+13 1.274609e+14
1.641310e+05 3.041931e+05
1.066793e+10 2.310114e+09
3.591252e+07 2.891381e+07
2.047615e+10 -2.298138e+09
4.507348e+05 9.245074e+05
-8.060504e-02 -4.357492e+05
-4.034756e+09 -2.803379e+09
3.064762e+06 2.222882e+07
4.512579e+05 -4.281720e+05
-5.916476e+11 8.243771e+11
2.827282e+05 -2.154268e+05
2.786635e+07 -5.475380e+06
-4.299569e+08 -4.270643e+08
1.435855e+08 -2.476876e+07
6.473961e+06 3.875641e+06
-3.500853e+00 -3.309170e+05
3.288787e+06 -3.697983e+05
7.256564e+12 2.641031e+12
8.151773e+08 -3.052076e+08
-9.353787e+10 1.629266e+10
1.189312e+08 3.016777e+07
8.557472e+05 2.225278e+06
-9.604776e+06 -2.891627e+07
-4.059794e+12 -5.454533e+12
-1.819072e+11 3.400286e+10
1.376504e+07 -2.757806e+07
4.235036e+07 4.702443e+07
-8.290873e+14 1.184890e+15
-7.650025e+07 2.504023e+07
4.586411e+06 -9.326004e+06
-2.915449e+11 -4.400020e+10
-1.899225e+09 -1.623434e+09
1.472944e+09 -2.068425e+08
1.072656e+06 3.192754e+00
-2.819232e+09 -3.137418e+09
4.650334e+12 1.263259e+12
4.049363e+08 1.008113e+08
2.390344e+04 4.151707e+00
-2.036785e+10 -6.729450e+09
-6.855440e+10 -1.072333e+12
-6.862083e+08 -1.336218e+09
-7.604824e+05 7.862555e+05
-9.832080e+07 -3.099466e+07
-1.133087e+09 -4.642836e+09
4.060417e+12 5.454255e+12
-1.122862e+09 7.313028e+08
1.120353e+07 -2.190372e+07
-1.484035e+08 1.083637e+08
-5.756685e+07 -2.867347e+06
-4.061087e+00 -3.697668e+06
3.168267e+11 4.332568e+11
-4.469870e+05 8.347748e+00
-3.554077e+04 1.870686e+00
-1.377310e+07 2.751663e+07
2.819370e+09 3.137739e+09
-5.257539e+08 -3.495211e+08
9.113474e+16 -1.483844e+17
6.867339e+09 2.064803e+09
-9.087443e+00 -7.387717e+05
2.054495e+08 3.487243e+08
5.467690e+05 -7.169291e+05
-2.002294e+04 -5.194945e+05
-3.704710e+09 2.413521e+09
-3.063919e+08 -9.937149e+09
3.061710e+11 -2.951382e+11
-3.403474e+08 -2.529649e+08
-1.494720e+11 2.258449e+11
1.575007e+04 4.660163e+05
5.009091e+06 3.071312e+07
1.495025e+11 -2.258796e+11
1.902749e+05 -2.248228e-01
7.045113e+13 -3.621023e+13
-1.933250e+10 1.213250e+10
5.158237e+10 2.904443e+11
9.736981e+06 9.385586e+00
-7.953712e+07 7.634951e+07
-1.473234e+09 2.069774e+08
3.129482e+12 -1.124082e+12
-4.048076e+08 -1.010288e+08
-6.548912e+05 1.958624e+05
8.296378e+14 -1.185434e+15
4.382441e+05 8.316363e+05
-1.384426e+10 -4.015894e+09
-9.115335e+16 1.483996e+17
-1.241109e+08 7.646674e+07
4.061596e+12 -1.312624e+12
1.123060e+09 -7.314575e+08
-4.055464e+07 1.516179e+08
1.426143e+11 -1.406044e+11
3.614783e+07 6.771280e+07
5.528988e+09 8.494342e+09
-1.439630e+06 2.487281e+06
1.281310e+08 -1.379477e+08
-7.339398e+05 -3.510904e+06
7.416176e+05 3.504070e+06
8.254813e+00 -3.639392e+06
-4.406698e+10 8.832896e+10
-2.183040e+07 6.646102e+06
-3.577890e+07 -2.843412e+07
-4.961296e+06 -8.097387e+06
6.629173e+00 3.270113e+06
6.955748e+08 1.338588e+09
-1.835520e+07 4.945609e+07
5.387019e+14 -2.550643e+15
3.088198e+06 -1.569704e+06
-8.678275e+05 -3.521279e+06
1.237480e+08 -7.642623e+07
-2.809029e+05 -9.020644e+05
-1.155547e+16 -4.298898e+16
-1.834280e+05 5.745850e+00
1.843363e+07 -1.484948e+06
-2.777681e+08 -2.669735e+07
-1.414424e+06 -2.283291e+05
-1.281697e+08 1.379677e+08
-1.218837e+06 -1.394292e+06
-2.687462e+07 3.012784e+07
-7.775446e+10 -1.512260e+10
-1.890198e+10 6.926125e+10
-3.460618e+00 1.934491e+05
-1.144497e+12 -3.615289e+10
3.450381e+07 -1.280455e+07
1.321683e+13 -2.289514e+13
3.659993e-01 -8.636604e+06
1.268214e+06 -1.572361e+06
-5.443831e+04 -4.596573e+05
1.060988e+08 -2.444200e+07
8.221464e+04 4.608102e+05
2.771493e+05 8.929860e+05
-2.047403e+10 2.297927e+09
-1.663349e+06 -4.703405e+04
-5.156905e+10 -2.903549e+11
3.429130e+09 6.905484e+09
-5.550826e+10 -1.244676e+11
-1.852750e+15 7.620566e+13
8.427455e+05 3.643162e+06
2.686508e+07 -3.012858e+07
2.987756e+05 3.297205e+06
1.890196e+10 -6.925063e+10
-6.689953e+07 -6.321820e+07
3.077935e+13 1.013691e+13
9.850446e+07 3.100033e+07
8.084149e+08 -1.406046e+08
1.836358e+07 -4.945255e+07
2.777665e+08 2.676931e+07
6.712810e+07 -5.679101e+07
4.299770e+08 4.271151e+08
-4.916792e+07 8.583767e+07
1.360983e+08 2.483552e+08
-1.543323e+06 -7.114270e+05
9.691607e+06 1.391842e+06
-1.321480e+13 2.289163e+13
-9.684482e+06 -1.349518e+06
-1.505615e+06 -2.443786e+06
1.852466e+15 -7.619401e+13
-9.245075e+06 2.135394e+05
4.813143e+10 -1.071994e+10
-3.061702e+11 2.952172e+11
-4.778235e+06 1.740352e+07
-4.815890e+10 1.072165e+10
6.689697e+07 6.322758e+07
5.390027e+06 8.311100e+06
-1.257027e+05 -3.565425e+06
-8.155172e+00 6.540937e+05
5.242653e+05 -6.743512e+05
9.692201e+07 3.277288e+07
7.774266e+10 1.512006e+10
-7.637293e+05 1.194106e+06
5.258884e+08 3.495800e+08
5.915570e+11 -8.242925e+11
-1.059733e+08 2.463064e+07
5.749842e+07 2.628866e+06
-3.429289e+09 -6.905490e+09
2.413853e+20 -1.994137e+20
3.698018e+04 9.808833e+05
1.112371e+01 5.482722e+05
5.060571e+06 -1.805752e+07
1.467648e+13 -1.021100e+13
-5.793229e-02 2.163008e+05
1.483270e+08 -1.082935e+08
-6.636179e+05 -6.531544e+04
3.058874e+06 -2.031313e+05
2.196405e+07 -6.472030e+06
-6.711162e+07 3.772435e+07
2.016777e+06 1.708466e+05
-6.687493e+13 -1.274414e+14
-8.079881e+08 1.410457e+08
6.051940e+06 -2.318359e+07
1.899335e+09 1.624047e+09
-1.308511e+07 3.932593e+05
6.638507e+06 -1.849875e+07
-2.014072e+07 2.323938e+07
-5.387295e+14 2.550774e+15
1.813680e+07 8.676602e+06
3.708558e+08 1.104617e+09
4.407143e+10 -8.833805e+10
-1.468473e+13 1.021570e+13
-8.778404e+09 -2.870681e+09
6.261756e+09 1.561140e+08
-6.261116e+09 -1.561077e+08
2.023466e+07 -2.312880e+07
-9.518108e+06 3.438562e+07
1.155606e+16 4.298456e+16
-9.055544e+05 -2.286301e+06
-7.646655e+00 -7.669531e+05
-3.515942e+06 8.430194e+07
1.861903e+08 -1.098116e+07
5.126865e+05 -3.149734e+05
-5.136250e+05 3.173432e+05
-1.058652e+09 -5.072612e+08
1.307638e+07 -6.938041e+05
9.583430e+00 4.912650e+06
-6.155873e+18 -1.296223e+19
7.217520e+06 -5.517263e+06
1.533862e+05 -9.815030e+00
-1.228351e+06 -2.247577e+06
-3.432146e+07 1.282461e+07
1.510549e+06 7.316238e+05
3.940668e+05 -4.121265e+00
-1.188472e+08 -3.014709e+07
-4.714803e+05 -1.686327e+06
9.522066e+06 -3.439918e+07
-4.679605e+06 1.970698e+06
4.589892e+05 1.326138e+06
-5.528400e+09 -8.493877e+09
-2.414100e+20 1.994443e+20
3.003170e+04 2.270584e+00
-6.049454e+06 2.319720e+07
-7.257305e+12 -2.641436e+12
1.025454e+08 -9.902048e+09
-6.320516e+00 -7.638143e+05
-1.905588e+06 -2.206295e+07
-1.768335e+09 -2.285861e+10
-3.709381e+08 -1.104824e+09
3.399749e+08 2.528807e+08
-2.459395e+07 -7.863402e+07
1.654780e+07 2.778455e+07
-1.362672e+08 -2.486086e+08
-4.058364e+05 6.158198e-01
3.944287e+00 -5.498835e+05
-7.044753e+13 3.621023e+13
4.785547e+14 5.169824e+15
-1.605490e+06 -9.052174e+00
6.720485e+08 3.843345e+08
-1.591659e+00 6.578084e+05
-1.869907e+08 9.274507e+06
-7.156512e+06 5.512458e+06
1.615854e+06 -6.983939e-01
-4.422124e+07 3.781632e+07
-1.427187e+11 1.405861e+11
-4.535356e+04 -3.683524e+06
-5.126053e+12 1.851258e+14
-4.663390e+10 2.127594e+11
9.683508e+05 -2.589420e+06
1.016661e+07 1.546658e+06
-1.730104e+07 -2.939047e+07
5.541841e+06 -4.127986e+05
7.544526e+00 7.353328e+05
-9.044121e+06 -2.617647e+06
1.225333e+06 2.240362e+06
-1.058473e+09 3.114595e+08
-4.194554e+11 -4.623688e+11
1.128261e+07 -2.897156e+06
2.916341e+11 4.401586e+10
4.665184e+06 -1.995454e+06
7.479933e+07 1.941044e+08
-4.186658e+07 -4.438546e+07
-2.626323e+05 -1.448757e+05
-1.832750e+06 3.808684e+05
6.198376e+07 -8.098959e+06
5.260263e+00 2.348110e+05
1.145473e+06 9.973738e+05
1.459179e+10 3.084861e+09
9.165212e+05 1.198193e+06
1.819445e+11 -3.400924e+10
-4.164192e+04 -1.006710e+04
-2.336859e+08 1.011852e+07
1.836418e+08 1.623904e+08
-2.622632e+14 2.363704e+14
-3.623812e+07 -6.762264e+07
-2.815676e+05 -2.676068e+05
9.044796e+06 2.637573e+06
1.122196e+09 4.648205e+09
-1.822510e+05 -9.739242e+00
1.046009e+01 5.548612e+05
-4.062011e+12 1.313227e+12
-6.452913e+06 -3.911558e+06
-1.116558e+08 -3.153944e+07
2.110412e+00 2.435338e+06
3.705701e+09 -2.413778e+09
-3.079354e+13 -1.014003e+13
1.862711e+06 2.260680e+06
-9.222029e+05 2.562010e+06
-1.025042e+08 9.902641e+09
6.666142e+07 1.711016e+07
1.120223e+06 -2.067859e+05
6.494196e+05 -1.821024e+05
-9.276847e+06 4.082529e+06
-4.786279e+14 -5.170616e+15
-5.931926e+05 -5.167607e+00
9.356628e+10 -1.629566e+10
3.929331e+10 -2.813995e+08
-3.929533e+10 2.813809e+08
2.036861e+10 6.728469e+09
-3.129482e+12 1.123967e+12
1.145023e+12 3.616777e+10
1.384798e+10 4.016648e+09
-4.848021e+06 9.345486e+06
8.779880e+09 2.870335e+09
3.527366e+06 -8.440002e+07
1.259887e+06 -2.507043e+06
-7.442393e+08 -4.507950e+07
1.430500e+05 6.368036e+00
1.151280e+09 2.212666e+08
-1.830105e+07 -8.712543e+06
1.354780e+06 -5.312146e+06
-1.076654e+00 -2.393546e+06
-3.146526e+05 7.102749e+00
5.553097e+10 1.245057e+11
-1.830539e+07 1.477401e+07
-5.407476e+06 5.611927e+05
1.541369e+07 1.275389e+07
-2.720121e+06 1.181311e+07
-8.928423e+09 1.202294e+10
-1.434375e+08 2.445316e+07
4.290878e+05 -9.806489e+00
5.069526e+07 -4.973334e+07
5.127099e+12 -1.851352e+14
-2.057661e+08 -3.484772e+08
-1.981531e+08 4.043864e+08
-1.858008e+07 1.560407e+06
2.622766e+14 -2.363825e+14
-2.880336e+06 5.322315e+05
7.443718e+08 4.490101e+07
6.156502e+18 1.296621e+19
-6.667202e+07 -1.714454e+07
-1.667528e+07 -2.757517e+07
-1.338673e+06 5.325754e+06
-1.993494e+06 -2.461853e+05
1.768886e+05 1.383886e+06
-9.911232e+08 1.288581e+10
4.918996e+07 -8.586278e+07
6.863544e+10 1.073323e+12
8.927967e+09 -1.202172e+10
4.059101e+07 -1.516296e+08
1.112427e+08 3.185346e+07
-7.497870e+07 -1.937221e+08
2.405875e+05 -4.579787e-01
1.883162e+06 -3.465992e+00
1.748878e+05 3.528454e+06
-1.834678e+08 -1.621954e+08
2.430738e+07 7.882020e+07
-1.555533e+07 -1.281802e+07
4.663382e+10 -2.127490e+11
-1.006662e+07 -1.564503e+06
1.481990e+06 2.683689e+05
4.035385e+09 2.803124e+09
8.525551e+00 -2.206206e+06
1.977455e+08 -4.043445e+08
2.336542e+08 -1.011912e+07
-1.397890e+06 1.421922e+06
-1.495910e+06 -8.125997e+05
-4.108357e+06 -2.473385e+00
1.738812e+06 1.179213e+06
