1.597679e+06 4.070282e+00
6.344979e+06 -1.117237e+06
6.641209e+09 8.583346e+10
1.575859e+12 1.737288e+12
-1.190136e+12 -1.627595e+12
-4.330199e+09 -8.318638e+08
1.234020e+07 -4.418775e+07
-5.564179e+06 -4.567707e+06
-1.836866e+06 -1.213008e+07
-4.049778e+06 -2.910961e+00
5.863695e+05 -1.284030e+06
-2.723036e+07 7.248180e+07
3.722734e+09 -4.839741e+10
3.978800e+09 -1.170606e+09
-4.009215e+10 -8.682622e+09
3.983156e+09 1.908469e+09
-1.062462e+06 3.441223e+07
-5.346061e+06 -1.857002e+06
1.539276e+07 2.915526e+00
-1.907397e+08 1.865690e+08
-1.735617e+06 -3.481234e+06
-3.065126e+09 1.146279e+09
1.152997e+09 3.734558e+10
-5.479939e+10 -1.158538e+10
-4.204589e+07 8.226086e+07
-1.094431e+07 1.083474e+06
5.960826e+05 -1.121306e+05
6.970088e+07 -5.442601e+07
-1.747241e+13 -4.745765e+12
2.128501e+00 -2.839814e+06
3.424735e+07 -1.546570e+07
-1.046926e+08 2.048815e+07
-2.580650e+10 -7.757430e+09
-2.527072e+09 -1.444756e+09
-3.223866e+07 -4.589614e+06
7.269009e+10 -4.561979e+10
2.513600e+14 4.790395e+14
6.149183e+05 1.145678e+06
4.010229e+10 8.684939e+09
1.350699e+08 1.087430e+08
7.697801e+10 -8.639295e+09
1.694829e+06 3.475488e+06
-8.334169e+00 -1.636417e+06
-1.517463e+10 -1.054240e+10
1.151923e+07 8.354090e+07
1.697784e+06 -1.610713e+06
-2.231575e+12 3.109500e+12
1.063844e+06 -8.111662e+05
1.047454e+08 -2.058082e+07
-1.617120e+09 -1.606327e+09
5.406405e+08 -9.326728e+07
2.434626e+07 1.457491e+07
-1.904808e+00 -1.243497e+06
1.237200e+07 -1.391040e+06
2.728106e+13 9.929941e+12
3.063940e+09 -1.147068e+09
-3.515371e+11 6.122578e+10
4.470852e+08 1.134066e+08
3.218756e+06 8.368965e+06
-3.608861e+07 -1.086525e+08
-1.526516e+13 -2.050711e+13
-6.837177e+11 1.278120e+11
5.171021e+07 -1.036095e+08
1.607656e+08 1.785138e+08
-3.115535e+15 4.452337e+15
-2.875362e+08 9.410990e+07
1.724330e+07 -3.505902e+07
-1.095444e+12 -1.653338e+11
-7.159968e+09 -6.121210e+09
5.534368e+09 -7.772117e+08
4.034678e+06 -2.521825e+00
-1.059180e+10 -1.178674e+10
1.747383e+13 4.745700e+12
1.532221e+09 3.814464e+08
8.996134e+04 8.748614e+00
-7.653856e+10 -2.528913e+10
-2.582838e+11 -4.040282e+12
-2.579436e+09 -5.023042e+09
-2.858275e+06 2.954897e+06
-3.722432e+08 -1.173354e+08
-4.259054e+09 -1.745258e+10
1.526474e+13 2.050655e+13
-4.219635e+09 2.748296e+09
4.210456e+07 -8.232526e+07
-5.580869e+08 4.075089e+08
-2.165540e+08 -1.078598e+07
-4.131068e+00 -1.389642e+07
1.190268e+12 1.627638e+12
-1.680437e+06 3.415627e+00
-1.337429e+05 6.448126e+00
-5.173756e+07 1.033707e+08
1.059192e+10 1.178770e+10
-1.976952e+09 -1.314228e+09
3.423834e+17 -5.575003e+17
2.581251e+10 7.760545e+09
1.804411e+00 -2.777683e+06
7.728053e+08 1.311657e+09
2.054992e+06 -2.694600e+06
-7.546873e+04 -1.953692e+06
-1.393813e+10 9.079274e+09
-1.151697e+09 -3.735619e+10
1.150678e+12 -1.109271e+12
-1.279655e+09 -9.510484e+08
-5.621302e+11 8.493658e+11
5.978581e+04 1.752031e+06
1.882449e+07 1.154160e+08
5.621531e+11 -8.492504e+11
7.149556e+05 5.545032e+00
2.651860e+14 -1.363189e+14
-7.269100e+10 4.561933e+10
1.942982e+11 1.094063e+12
3.657908e+07 5.539954e-01
-2.988324e+08 2.868274e+08
-5.534479e+09 7.774433e+08
1.176927e+13 -4.227085e+12
-1.531829e+09 -3.822064e+08
-2.462708e+06 7.365653e+05
3.116891e+15 -4.453365e+15
1.652153e+06 3.135383e+06
-5.202874e+10 -1.509154e+10
-3.424346e+17 5.575382e+17
-5.220626e+08 3.216357e+08
1.526672e+13 -4.933842e+12
4.219747e+09 -2.748241e+09
-1.524549e+08 5.699693e+08
5.358830e+11 -5.283523e+11
1.358835e+08 2.545187e+08
2.078993e+10 3.194093e+10
-5.428516e+06 9.379118e+06
4.817058e+08 -5.185583e+08
-2.757068e+06 -1.318865e+07
2.785336e+06 1.316305e+07
-6.523324e+00 -1.369135e+07
-1.673176e+11 3.353756e+11
-8.210116e+07 2.499480e+07
-1.345395e+08 -1.069210e+08
-1.865298e+07 -3.044231e+07
8.466496e+00 1.230112e+07
2.614330e+09 5.030612e+09
-6.898876e+07 1.858875e+08
2.027589e+15 -9.600610e+15
1.160487e+07 -5.899121e+06
-3.264564e+06 -1.324507e+07
5.205043e+08 -3.214567e+08
-1.055733e+06 -3.389229e+06
-4.362457e+16 -1.622904e+17
-6.894429e+05 4.396715e+00
6.932796e+07 -5.585748e+06
-1.044232e+09 -1.003654e+08
-5.324313e+06 -8.598161e+05
-4.817479e+08 5.185541e+08
-4.580777e+06 -5.239956e+06
-1.009764e+08 1.131930e+08
-2.921389e+11 -5.682246e+10
-7.102864e+10 2.602371e+11
-6.252351e+00 7.269832e+05
-4.300528e+12 -1.358531e+11
1.297803e+08 -4.815914e+07
4.971279e+13 -8.611140e+13
-8.955032e+00 -3.253528e+07
4.785747e+06 -5.932527e+06
-2.039175e+05 -1.726602e+06
3.999240e+08 -9.213639e+07
3.089290e+05 1.731506e+06
1.041320e+06 3.354776e+06
-7.694968e+10 8.637152e+09
-6.250888e+06 -1.763584e+05
-1.942661e+11 -1.093854e+12
1.289262e+10 2.596067e+10
-2.085989e+11 -4.677115e+11
-6.961835e+15 2.863092e+14
3.168729e+06 1.369997e+07
1.009337e+08 -1.131920e+08
1.122130e+06 1.238814e+07
7.102276e+10 -2.602300e+11
-2.516030e+08 -2.377767e+08
1.159366e+14 3.818101e+13
3.729468e+08 1.173734e+08
3.044103e+09 -5.294841e+08
6.902359e+07 -1.858793e+08
1.044090e+09 1.006201e+08
2.525659e+08 -2.136792e+08
1.616892e+09 1.606086e+09
-1.852508e+08 3.234245e+08
5.116869e+08 9.336957e+08
-5.805687e+06 -2.676591e+06
3.642120e+07 5.230000e+06
-4.971617e+13 8.611842e+13
-3.638924e+07 -5.071344e+06
-5.661075e+06 -9.187339e+06
6.962403e+15 -2.863637e+14
-3.473683e+07 8.028588e+05
1.809220e+11 -4.028465e+10
-1.150644e+12 1.109314e+12
-1.795556e+07 6.540258e+07
-1.809752e+11 4.029257e+10
2.515937e+08 2.377820e+08
2.026377e+07 3.124592e+07
-4.718883e+05 -1.340119e+07
-5.055709e+00 2.458426e+06
1.970125e+06 -2.534343e+06
3.642051e+08 1.231444e+08
2.921314e+11 5.681468e+10
-2.870599e+06 4.488412e+06
1.977539e+09 1.314565e+09
2.231182e+12 -3.109077e+12
-3.995262e+08 9.285229e+07
2.163105e+08 9.891441e+06
-1.289255e+10 -2.596281e+10
9.074425e+20 -7.496480e+20
1.385736e+05 3.688474e+06
1.976994e+00 2.061233e+06
1.902012e+07 -6.787657e+07
5.519791e+13 -3.840347e+13
7.684416e+00 8.129521e+05
5.579517e+08 -4.072991e+08
-2.495960e+06 -2.455228e+05
1.149593e+07 -7.631240e+05
8.262274e+07 -2.434400e+07
-2.525497e+08 1.419464e+08
7.579789e+06 6.422201e+05
-2.513600e+14 -4.790330e+14
-3.042537e+09 5.311565e+08
2.275868e+07 -8.718582e+07
7.161378e+09 6.123204e+09
-4.920645e+07 1.479066e+06
2.494480e+07 -6.951203e+07
-7.581161e+07 8.747986e+07
-2.027809e+15 9.600609e+15
6.817972e+07 3.261765e+07
1.393995e+09 4.152203e+09
1.673286e+11 -3.353982e+11
-5.520616e+13 3.840556e+13
-3.300097e+10 -1.079134e+10
2.354285e+10 5.870071e+08
-2.354156e+10 -5.869515e+08
7.616818e+07 -8.705179e+07
-3.576700e+07 1.292050e+08
4.362932e+16 1.622794e+17
-3.406309e+06 -8.600353e+06
7.823786e+00 -2.885664e+06
-1.324756e+07 3.176587e+08
7.018898e+08 -4.139858e+07
1.927070e+06 -1.183933e+06
-1.930482e+06 1.192472e+06
-3.984612e+09 -1.909211e+09
4.916647e+07 -2.608425e+06
-1.062659e+01 1.846253e+07
-2.314546e+19 -4.874004e+19
2.714293e+07 -2.074913e+07
5.765377e+05 -2.834641e+00
-4.619219e+06 -8.452708e+06
-1.290733e+08 4.822591e+07
5.680209e+06 2.750787e+06
1.480620e+06 -4.685360e+00
-4.467253e+08 -1.133186e+08
-1.771768e+06 -6.336907e+06
3.578677e+07 -1.292635e+08
-1.759302e+07 7.408333e+06
1.724384e+06 4.983981e+06
-2.079211e+10 -3.194429e+10
-9.075905e+20 7.498008e+20
1.130381e+05 -9.161874e+00
-2.274824e+07 8.723287e+07
-2.728254e+13 -9.929807e+12
3.853607e+08 -3.721281e+10
8.970670e+00 -2.871163e+06
-7.160005e+06 -8.290262e+07
-6.644051e+09 -8.588662e+10
-1.394333e+09 -4.152864e+09
1.277914e+09 9.505140e+08
-9.254422e+07 -2.958949e+08
6.220845e+07 1.044522e+08
-5.121953e+08 -9.345046e+08
-1.525928e+06 2.978470e+00
3.844158e+00 -2.067913e+06
-2.652329e+14 1.363374e+14
1.798146e+15 1.942490e+16
-6.038225e+06 1.242200e-01
2.526920e+09 1.445093e+09
6.303399e+00 2.473856e+06
-7.049855e+08 3.496690e+07
-2.693207e+07 2.073464e+07
6.077410e+06 -4.231744e+00
-1.663559e+08 1.422706e+08
-5.363864e+11 5.283444e+11
-1.706201e+05 -1.384412e+07
-1.927554e+13 6.961134e+14
-1.753155e+11 7.998174e+11
3.639890e+06 -9.733973e+06
3.821530e+07 5.813800e+06
-6.508656e+07 -1.105643e+08
2.084455e+07 -1.553028e+06
-7.936257e+00 2.764727e+06
-3.400260e+07 -9.842597e+06
4.609663e+06 8.427418e+06
-3.980376e+09 1.171264e+09
-1.576352e+12 -1.737713e+12
4.241464e+07 -1.088949e+07
1.095637e+12 1.653605e+11
1.753665e+07 -7.500982e+06
2.811705e+08 7.296659e+08
-1.589050e+08 -1.684449e+08
-9.878128e+05 -5.445588e+05
-6.888388e+06 1.431087e+06
2.331526e+08 -3.046551e+07
8.903771e-01 8.828500e+05
4.306118e+06 3.749245e+06
5.482273e+10 1.159071e+10
3.444456e+06 4.502158e+06
6.838481e+11 -1.278221e+11
-1.568559e+05 -3.782499e+04
-8.782434e+08 3.802938e+07
6.901500e+08 6.102613e+08
-9.857673e+14 8.884683e+14
-1.362152e+08 -2.541890e+08
-1.058564e+06 -1.005581e+06
3.399901e+07 9.914961e+06
4.218353e+09 1.747422e+10
-6.854378e+05 4.753221e+00
5.369819e+00 2.085036e+06
-1.527046e+13 4.936926e+12
-2.426237e+07 -1.470680e+07
-4.198148e+08 -1.185775e+08
-2.831578e+00 9.155905e+06
1.393910e+10 -9.080082e+09
-1.159792e+14 -3.819139e+13
7.003387e+06 8.498412e+06
-3.467026e+06 9.631776e+06
-3.852223e+08 3.721365e+10
2.504391e+08 6.428132e+07
4.215093e+06 -7.789988e+05
2.440046e+06 -6.840138e+05
-3.486486e+07 1.534414e+07
-1.798171e+15 -1.942464e+16
-2.230150e+06 4.642700e+00
3.515505e+11 -6.123453e+10
1.477425e+11 -1.058138e+09
-1.477706e+11 1.058191e+09
7.655625e+10 2.528819e+10
-1.177071e+13 4.227603e+12
4.302458e+12 1.358996e+11
5.203861e+10 1.509376e+10
-1.822166e+07 3.512732e+07
3.300460e+10 1.078971e+10
1.329018e+07 -3.180117e+08
4.749296e+06 -9.450926e+06
-2.797292e+09 -1.694028e+08
5.371993e+05 1.197539e+01
4.329998e+09 8.322215e+08
-6.879158e+07 -3.274877e+07
5.089803e+06 -1.995428e+07
1.399286e+01 -8.996633e+06
-1.183561e+06 3.538884e+00
2.086727e+11 4.678894e+11
-6.885133e+07 5.556899e+07
-2.033882e+07 2.110835e+06
5.803209e+07 4.801540e+07
-1.022686e+07 4.440999e+07
-3.356596e+10 4.520024e+10
-5.399493e+08 9.204267e+07
1.615719e+06 -5.840365e+00
1.905766e+08 -1.869563e+08
1.927711e+13 -6.961229e+14
-7.737804e+08 -1.310444e+09
-7.495093e+08 1.529619e+09
-6.987776e+07 5.869088e+06
9.858074e+14 -8.884803e+14
-1.083433e+07 2.002061e+06
2.797704e+09 1.687680e+08
2.314861e+19 4.875461e+19
-2.504666e+08 -6.440751e+07
-6.268712e+07 -1.036587e+08
-5.028767e+06 2.000744e+07
-7.493830e+06 -9.257160e+05
6.649748e+05 5.200355e+06
-3.724187e+09 4.841403e+10
1.853054e+08 -3.234478e+08
2.585938e+11 4.043746e+12
3.356824e+10 -4.519905e+10
1.525991e+08 -5.700418e+08
4.182270e+08 1.197421e+08
-2.818372e+08 -7.283192e+08
9.049542e+05 1.026634e+01
7.076734e+06 2.878204e+00
6.572807e+05 1.326162e+07
-6.896109e+08 -6.096618e+08
9.147890e+07 2.966340e+08
-5.856725e+07 -4.826048e+07
1.753104e+11 -7.997975e+11
-3.783915e+07 -5.880973e+06
5.577735e+06 1.010195e+06
1.517652e+10 1.054255e+10
9.390212e+00 -8.374798e+06
7.480326e+08 -1.529465e+09
8.782711e+08 -3.803472e+07
-5.274703e+06 5.365302e+06
-5.623356e+06 -3.055211e+06
-1.544166e+07 -7.926515e+00
6.537704e+06 4.433314e+06
