8.735429e+05 4.173625e+00
3.470999e+06 -6.111849e+05
3.632931e+09 4.695423e+10
8.619971e+11 9.503051e+11
-6.510400e+11 -8.903124e+11
-2.367856e+09 -4.548932e+08
6.747994e+06 -2.416730e+07
-3.043303e+06 -2.498516e+06
-1.004911e+06 -6.635103e+06
-2.214757e+06 2.063088e+00
3.209555e+05 -7.027450e+05
-1.489648e+07 3.965038e+07
2.036483e+09 -2.647590e+10
2.175895e+09 -6.401487e+08
-2.192913e+10 -4.748958e+09
2.177575e+09 1.043451e+09
-5.809064e+05 1.880915e+07
-2.924570e+06 -1.015786e+06
8.418666e+06 -7.003873e+00
-1.043137e+08 1.020354e+08
-9.493904e+05 -1.903903e+06
-1.676533e+09 6.269891e+08
6.306327e+08 2.042509e+10
-2.996959e+10 -6.336218e+09
-2.299316e+07 4.499497e+07
-5.986336e+06 5.926428e+05
3.258957e+05 -6.138847e+04
3.810353e+07 -2.975954e+07
-9.557319e+12 -2.596032e+12
7.176584e+00 -1.552916e+06
1.873267e+07 -8.458949e+06
-5.726810e+07 1.120697e+07
-1.411438e+10 -4.242529e+09
-1.382059e+09 -7.901568e+08
-1.763290e+07 -2.510306e+06
3.975116e+10 -2.494783e+10
1.374868e+14 2.620370e+14
3.367653e+05 6.263724e+05
2.193531e+10 4.750168e+09
7.386279e+07 5.946812e+07
4.210183e+10 -4.725170e+09
9.269494e+05 1.901004e+06
8.237486e+00 -8.955607e+05
-8.298650e+09 -5.765653e+09
6.301049e+06 4.569744e+07
9.284907e+05 -8.808434e+05
-1.219273e+12 1.698971e+12
5.817106e+05 -4.434523e+05
5.728905e+07 -1.125646e+07
-8.843110e+08 -8.783616e+08
2.955362e+08 -5.098472e+07
1.331335e+07 7.970089e+06
-3.966389e+00 -6.801604e+05
6.764683e+06 -7.606154e+05
1.491977e+13 5.430352e+12
1.675728e+09 -6.273865e+08
-1.922816e+11 3.349125e+10
2.445331e+08 6.202752e+07
1.760285e+06 4.577035e+06
-1.974139e+07 -5.943559e+07
-8.348672e+12 -1.121592e+13
-3.739792e+11 6.990750e+10
2.828875e+07 -5.668209e+07
8.767588e+07 9.734992e+07
-1.704376e+15 2.435489e+15
-1.572709e+08 5.147426e+07
9.430926e+06 -1.917562e+07
-5.992372e+11 -9.043974e+10
-3.912823e+09 -3.344975e+09
3.027325e+09 -4.251316e+08
2.206146e+06 7.384470e+00
-5.793450e+09 -6.446832e+09
9.557556e+12 2.595903e+12
8.363269e+08 2.082030e+08
4.910971e+04 1.054106e+01
-4.186205e+10 -1.383068e+10
-1.411718e+11 -2.208146e+12
-1.410715e+09 -2.747073e+09
-1.563466e+06 1.616250e+06
-2.031561e+08 -6.403953e+07
-2.329533e+09 -9.545731e+09
8.348464e+12 1.121536e+13
-2.308115e+09 1.503202e+09
2.302945e+07 -4.502670e+07
-3.051897e+08 2.228481e+08
-1.184132e+08 -5.897614e+06
8.811934e+00 -7.600822e+06
6.511058e+11 8.903341e+11
-9.189879e+05 -2.881355e+00
-7.303996e+04 2.672001e+00
-2.829697e+07 5.654451e+07
5.793724e+09 6.447954e+09
-1.081095e+09 -7.187648e+08
1.872989e+17 -3.049657e+17
1.411846e+10 4.244674e+09
-4.395302e+00 -1.519081e+06
4.225826e+08 7.172958e+08
1.124017e+06 -1.473732e+06
-4.118695e+04 -1.068372e+06
-7.621595e+09 4.964638e+09
-6.299526e+08 -2.043166e+10
6.294009e+11 -6.067216e+11
-6.998418e+08 -5.201471e+08
-3.074250e+11 4.644921e+11
3.259426e+04 9.583403e+05
1.029734e+07 6.313265e+07
3.074326e+11 -4.644574e+11
3.910641e+05 -1.492131e+01
1.449875e+14 -7.452593e+13
-3.975561e+10 2.494944e+10
1.062072e+11 5.980348e+11
2.001132e+07 -2.197929e+00
-1.634642e+08 1.568966e+08
-3.027454e+09 4.253093e+08
6.436211e+12 -2.311653e+12
-8.361474e+08 -2.086407e+08
-1.346926e+06 4.028389e+05
1.704927e+15 -2.435973e+15
9.028251e+05 1.713249e+06
-2.845773e+10 -8.254700e+09
-1.873268e+17 3.050036e+17
-2.764347e+08 1.703093e+08
8.350577e+12 -2.698827e+12
2.308280e+09 -1.503213e+09
-8.339279e+07 3.117728e+08
2.931584e+11 -2.890269e+11
7.432118e+07 1.392129e+08
1.137020e+10 1.746838e+10
-2.966214e+06 5.124861e+06
2.634496e+08 -2.836116e+08
-1.508176e+06 -7.214731e+06
1.523891e+06 7.200751e+06
-1.991923e+00 -7.486117e+06
-9.123759e+10 1.828835e+11
-4.489835e+07 1.366933e+07
-7.358221e+07 -5.847711e+07
-1.020186e+07 -1.665039e+07
-7.279223e+00 6.726919e+06
1.430051e+09 2.751839e+09
-3.773527e+07 1.016756e+08
1.108554e+15 -5.249036e+15
6.348093e+06 -3.226700e+06
-1.785246e+06 -7.243078e+06
2.756013e+08 -1.702011e+08
-5.773201e+05 -1.853800e+06
-2.382826e+16 -8.864613e+16
-3.769906e+05 6.286880e-01
3.791315e+07 -3.054468e+06
-5.711613e+08 -5.489528e+07
-2.910946e+06 -4.699625e+05
-2.634880e+08 2.836235e+08
-2.505457e+06 -2.865958e+06
-5.523218e+07 6.191509e+07
-1.597960e+11 -3.108054e+10
-3.885010e+10 1.423487e+11
-4.558097e+00 3.975998e+05
-2.352470e+12 -7.430710e+10
7.096763e+07 -2.633432e+07
2.718377e+13 -4.708851e+13
7.223197e-01 -1.778267e+07
2.614259e+06 -3.240790e+06
-1.115623e+05 -9.444280e+05
2.185464e+08 -5.034907e+07
1.689584e+05 9.470757e+05
5.696809e+05 1.835086e+06
-4.208818e+10 4.723927e+09
-3.418857e+06 -9.646381e+04
-1.061859e+11 -5.978857e+11
7.051181e+09 1.419876e+10
-1.141008e+11 -2.558503e+11
-3.808141e+15 1.566253e+14
1.732889e+06 7.492545e+06
5.521581e+07 -6.191813e+07
6.137224e+05 6.776153e+06
3.884716e+10 -1.423275e+11
-1.375812e+08 -1.300139e+08
6.336729e+13 2.086834e+13
2.035326e+08 6.405210e+07
1.663872e+09 -2.893988e+08
3.774848e+07 -1.016557e+08
5.710426e+08 5.503043e+07
1.380894e+08 -1.168250e+08
8.841921e+08 8.782852e+08
-1.012484e+08 1.767648e+08
2.798382e+08 5.106427e+08
-3.174584e+06 -1.463451e+06
1.992069e+07 2.860377e+06
-2.718107e+13 4.708500e+13
-1.990445e+07 -2.773785e+06
-3.095697e+06 -5.024279e+06
3.807857e+15 -1.566254e+14
-1.900025e+07 4.388828e+05
9.894558e+10 -2.203392e+10
-6.293055e+11 6.067441e+11
-9.820616e+06 3.577123e+07
-9.898825e+10 2.203953e+10
1.375830e+08 1.300295e+08
1.108204e+07 1.708733e+07
-2.581533e+05 -7.329059e+06
4.140004e+00 1.344281e+06
1.077379e+06 -1.386017e+06
1.992080e+08 6.735594e+07
1.597882e+11 3.107622e+10
-1.570057e+06 2.454971e+06
1.081539e+09 7.189235e+08
1.219092e+12 -1.698760e+12
-2.183276e+08 5.074037e+07
1.182873e+08 5.408909e+06
-7.051497e+09 -1.419983e+10
4.963118e+20 -4.100242e+20
7.587386e+04 2.017067e+06
-7.893227e+00 1.127249e+06
1.040339e+07 -3.712312e+07
3.018345e+13 -2.100030e+13
-2.193241e+00 4.445315e+05
3.050873e+08 -2.227263e+08
-1.364701e+06 -1.341893e+05
6.287551e+06 -4.173182e+05
4.517775e+07 -1.331231e+07
-1.380768e+08 7.760476e+07
4.145589e+06 3.510901e+05
-1.374697e+14 -2.619719e+14
-1.662994e+09 2.903219e+08
1.244463e+07 -4.767283e+07
3.912848e+09 3.345631e+09
-2.690693e+07 8.085317e+05
1.364321e+07 -3.802115e+07
-4.144371e+07 4.782111e+07
-1.108554e+15 5.248514e+15
3.728608e+07 1.783786e+07
7.623776e+08 2.270906e+09
9.124192e+10 -1.828879e+11
-3.019170e+13 2.100343e+13
-1.804696e+10 -5.901488e+09
1.287444e+10 3.209940e+08
-1.287348e+10 -3.209732e+08
4.164082e+07 -4.759273e+07
-1.956401e+07 7.067427e+07
2.383004e+16 8.863730e+16
-1.862425e+06 -4.702541e+06
7.462789e+00 -1.577638e+06
-7.240306e+06 1.736067e+08
3.835519e+08 -2.262213e+07
1.053734e+06 -6.472933e+05
-1.055550e+06 6.520523e+05
-2.178354e+09 -1.043747e+09
2.688680e+07 -1.426359e+06
-2.739057e+00 1.009782e+07
-1.265711e+19 -2.665383e+19
1.484249e+07 -1.134629e+07
3.151940e+05 -3.730664e+00
-2.526131e+06 -4.622587e+06
-7.058845e+07 2.637535e+07
3.106580e+06 1.504472e+06
8.099041e+05 -8.168821e+00
-2.443410e+08 -6.198021e+07
-9.690498e+05 -3.466151e+06
1.957454e+07 -7.070528e+07
-9.621185e+06 4.051442e+06
9.430839e+05 2.725759e+06
-1.136930e+10 -1.746702e+10
-4.963118e+20 4.100446e+20
6.169387e+04 2.403920e-01
-1.243920e+07 4.770072e+07
-1.492014e+13 -5.430353e+12
2.107660e+08 -2.035314e+10
-8.127205e+00 -1.570251e+06
-3.916131e+06 -4.534330e+07
-3.634244e+09 -4.697729e+10
-7.625640e+08 -2.271261e+09
6.988921e+08 5.198510e+08
-5.059789e+07 -1.617764e+08
3.402122e+07 5.712315e+07
-2.801333e+08 -5.110825e+08
-8.344731e+05 -5.903821e+00
-9.323528e-02 -1.130832e+06
-1.449911e+14 7.452779e+13
9.835383e+14 1.062515e+16
-3.301699e+06 -9.228588e+00
1.381969e+09 7.903067e+08
2.646309e+00 1.352830e+06
-3.852384e+08 1.910773e+07
-1.472491e+07 1.133818e+07
3.323244e+06 -9.506554e+00
-9.096565e+07 7.779050e+07
-2.933726e+11 2.889885e+11
-9.317300e+04 -7.572057e+06
-1.054101e+13 3.806940e+14
-9.588346e+10 4.374516e+11
1.990840e+06 -5.323594e+06
2.090180e+07 3.179717e+06
-3.559018e+07 -6.045780e+07
1.139875e+07 -8.491916e+05
-1.797441e+00 1.512080e+06
-1.859654e+07 -5.383023e+06
2.520677e+06 4.608448e+06
-2.176823e+09 6.405878e+08
-8.622758e+11 -9.505179e+11
2.319812e+07 -5.956622e+06
5.993559e+11 9.045534e+10
9.590986e+06 -4.102529e+06
1.537815e+08 3.990640e+08
-8.666000e+07 -9.187128e+07
-5.402391e+05 -2.979760e+05
-3.767962e+06 7.829143e+05
1.274975e+08 -1.665967e+07
6.448187e+00 4.829193e+05
2.355168e+06 2.050577e+06
2.998868e+10 6.340097e+09
1.884046e+06 2.462765e+06
3.740166e+11 -6.990982e+10
-8.576795e+04 -2.070312e+04
-4.803545e+08 2.079971e+07
3.774854e+08 3.337931e+08
-5.391658e+14 4.859469e+14
-7.450063e+07 -1.390268e+08
-5.788435e+05 -5.499390e+05
1.859526e+07 5.422617e+06
2.307215e+09 9.557124e+09
-3.747434e+05 -4.052228e+00
-6.910159e+00 1.140489e+06
-8.351821e+12 2.700100e+12
-1.326879e+07 -8.042906e+06
-2.295917e+08 -6.485274e+07
1.587179e+00 5.007686e+06
7.622621e+09 -4.965392e+09
-6.339725e+13 -2.087613e+13
3.830182e+06 4.648028e+06
-1.896157e+06 5.268133e+06
-2.107182e+08 2.035636e+10
1.370004e+08 3.516431e+07
2.304615e+06 -4.257117e+05
1.334630e+06 -3.740486e+05
-1.907028e+07 8.392521e+06
-9.836360e+14 -1.062567e+16
-1.219450e+06 8.147706e+00
1.923049e+11 -3.349390e+10
8.078320e+10 -5.786576e+08
-8.081132e+10 5.786930e+08
4.187396e+10 1.383210e+10
-6.437010e+12 2.311826e+12
2.353464e+12 7.433501e+10
2.846375e+10 8.255795e+09
-9.966050e+06 1.921261e+07
1.805127e+10 5.901517e+09
7.264221e+06 -1.738173e+08
2.595490e+06 -5.164524e+06
-1.529984e+09 -9.266317e+07
2.939076e+05 9.930076e+00
2.367943e+09 4.550999e+08
-3.762571e+07 -1.791201e+07
2.784251e+06 -1.091665e+07
-2.016216e+00 -4.920881e+06
-6.472717e+05 -1.031898e+01
1.141405e+11 2.559202e+11
-3.764941e+07 3.038632e+07
-1.112215e+07 1.154313e+06
3.172433e+07 2.624790e+07
-5.592698e+06 2.428814e+07
-1.835718e+10 2.472023e+10
-2.951838e+08 5.032128e+07
8.832483e+05 1.496012e+00
1.042335e+08 -1.022532e+08
1.054257e+13 -3.807129e+14
-4.231720e+08 -7.166673e+08
-4.091870e+08 8.350820e+08
-3.821527e+07 3.209509e+06
5.391926e+14 -4.859590e+14
-5.924460e+06 1.094723e+06
1.530211e+09 9.230804e+07
1.265994e+19 2.666310e+19
-1.370115e+08 -3.523290e+07
-3.428482e+07 -5.669379e+07
-2.750863e+06 1.094422e+07
-4.098368e+06 -5.060608e+05
3.635276e+05 2.844261e+06
-2.037036e+09 2.648257e+10
1.012826e+08 -1.767966e+08
1.413339e+11 2.210181e+12
1.835809e+10 -2.471963e+10
8.346289e+07 -3.117798e+08
2.287423e+08 6.548991e+07
-1.541464e+08 -3.983660e+08
4.949180e+05 9.828264e+00
3.871068e+06 9.076536e+00
3.595326e+05 7.253641e+06
-3.771855e+08 -3.334524e+08
5.001603e+07 1.621842e+08
-3.201676e+07 -2.638272e+07
9.588329e+10 -4.374200e+11
-2.069504e+07 -3.216302e+06
3.049391e+06 5.521448e+05
8.299290e+09 5.765136e+09
1.190420e+00 -4.566884e+06
4.083371e+08 -8.349315e+08
4.803390e+08 -2.080304e+07
-2.881532e+06 2.931028e+06
-3.075572e+06 -1.670811e+06
-8.445744e+06 8.817153e+00
3.575568e+06 2.424735e+06
