8.761782e+05 -8.762120e+00
3.481437e+06 -6.130230e+05
3.643852e+09 4.709540e+10
8.645885e+11 9.531618e+11
-6.529971e+11 -8.929886e+11
-2.374979e+09 -4.562615e+08
6.768285e+06 -2.424004e+07
-3.052458e+06 -2.506031e+06
-1.007932e+06 -6.655050e+06
-2.221418e+06 -5.121654e+00
3.219193e+05 -7.048572e+05
-1.494125e+07 3.976954e+07
2.042604e+09 -2.655547e+10
2.182439e+09 -6.420743e+08
-2.199507e+10 -4.763239e+09
2.184130e+09 1.046592e+09
-5.826558e+05 1.886579e+07
-2.933359e+06 -1.018839e+06
8.443975e+06 -9.553368e+00
-1.046273e+08 1.023421e+08
-9.522454e+05 -1.909627e+06
-1.681573e+09 6.288740e+08
6.325288e+08 2.048652e+10
-3.005971e+10 -6.355270e+09
-2.306232e+07 4.513027e+07
-6.004333e+06 5.944239e+05
3.268757e+05 -6.157307e+04
3.821819e+07 -2.984905e+07
-9.586046e+12 -2.603835e+12
2.329702e+00 -1.557586e+06
1.878901e+07 -8.484387e+06
-5.744024e+07 1.124065e+07
-1.415683e+10 -4.255285e+09
-1.386215e+09 -7.925326e+08
-1.768591e+07 -2.517852e+06
3.987069e+10 -2.502284e+10
1.379001e+14 2.628247e+14
3.377736e+05 6.282561e+05
2.200124e+10 4.764448e+09
7.408491e+07 5.964695e+07
4.222839e+10 -4.739375e+09
9.297342e+05 1.906716e+06
1.041354e+01 -8.982501e+05
-8.323606e+09 -5.782990e+09
6.319987e+06 4.583479e+07
9.312818e+05 -8.834917e+05
-1.222947e+12 1.704091e+12
5.834590e+05 -4.447854e+05
5.746131e+07 -1.129030e+07
-8.869705e+08 -8.810032e+08
2.964256e+08 -5.113817e+07
1.335339e+07 7.994053e+06
9.329817e+00 -6.822032e+05
6.785028e+06 -7.629018e+05
1.496462e+13 5.446679e+12
1.680765e+09 -6.292722e+08
-1.928595e+11 3.359190e+10
2.452683e+08 6.221397e+07
1.765578e+06 4.590801e+06
-1.980073e+07 -5.961422e+07
-8.373780e+12 -1.124964e+13
-3.751035e+11 7.011765e+10
2.837376e+07 -5.685242e+07
8.794116e+07 9.764448e+07
-1.709500e+15 2.442810e+15
-1.577437e+08 5.162899e+07
9.459275e+06 -1.923326e+07
-6.010379e+11 -9.071153e+10
-3.924611e+09 -3.355052e+09
3.036424e+09 -4.264093e+08
2.212780e+06 -2.950332e+00
-5.810862e+09 -6.466210e+09
9.586284e+12 2.603706e+12
8.388523e+08 2.088317e+08
4.925674e+04 2.426753e+00
-4.198789e+10 -1.387225e+10
-1.415973e+11 -2.214799e+12
-1.414958e+09 -2.755336e+09
-1.568167e+06 1.621110e+06
-2.037700e+08 -6.423304e+07
-2.336540e+09 -9.574441e+09
8.373572e+12 1.124909e+13
-2.315053e+09 1.507721e+09
2.309869e+07 -4.516207e+07
-3.061076e+08 2.235183e+08
-1.187694e+08 -5.915355e+06
8.505359e+00 -7.623675e+06
6.530629e+11 8.930103e+11
-9.217518e+05 -6.532507e+00
-7.325978e+04 8.966683e+00
-2.838204e+07 5.671447e+07
5.811136e+09 6.467332e+09
-1.084347e+09 -7.209264e+08
1.878619e+17 -3.058824e+17
1.416091e+10 4.257436e+09
-3.217774e+00 -1.523649e+06
4.238540e+08 7.194534e+08
1.127395e+06 -1.478162e+06
-4.131095e+04 -1.071584e+06
-7.644517e+09 4.979570e+09
-6.318464e+08 -2.049308e+10
6.312929e+11 -6.085455e+11
-7.019460e+08 -5.217110e+08
-3.083495e+11 4.658889e+11
3.269140e+04 9.612204e+05
1.032829e+07 6.332241e+07
3.083571e+11 -4.658542e+11
3.922383e+05 -6.879524e+00
1.454238e+14 -7.475020e+13
-3.987514e+10 2.502445e+10
1.065269e+11 5.998350e+11
2.007145e+07 8.597711e+00
-1.639555e+08 1.573682e+08
-3.036553e+09 4.265873e+08
6.455567e+12 -2.318605e+12
-8.386723e+08 -2.092706e+08
-1.350976e+06 4.040494e+05
1.710051e+15 -2.443294e+15
9.055434e+05 1.718410e+06
-2.854327e+10 -8.279514e+09
-1.878898e+17 3.059203e+17
-2.773262e+08 1.708585e+08
8.375681e+12 -2.706943e+12
2.315218e+09 -1.507732e+09
-8.364351e+07 3.127101e+08
2.940395e+11 -2.898956e+11
7.454460e+07 1.396314e+08
1.140439e+10 1.752091e+10
-2.975152e+06 5.140301e+06
2.642417e+08 -2.844643e+08
-1.512707e+06 -7.236410e+06
1.528468e+06 7.222388e+06
-9.277937e+00 -7.508634e+06
-9.151372e+10 1.834370e+11
-4.503338e+07 1.371044e+07
-7.380347e+07 -5.865296e+07
-1.023253e+07 -1.670046e+07
-6.778709e+00 6.747149e+06
1.434350e+09 2.760112e+09
-3.784871e+07 1.019813e+08
1.111889e+15 -5.264829e+15
6.367170e+06 -3.236397e+06
-1.790613e+06 -7.264861e+06
2.764901e+08 -1.707500e+08
-5.790542e+05 -1.859371e+06
-2.390011e+16 -8.891339e+16
-3.781218e+05 -6.811198e+00
3.802716e+07 -3.063652e+06
-5.728785e+08 -5.506032e+07
-2.919703e+06 -4.713745e+05
-2.642801e+08 2.844761e+08
-2.512986e+06 -2.874571e+06
-5.539818e+07 6.210119e+07
-1.602763e+11 -3.117395e+10
-3.896688e+10 1.427766e+11
7.794860e+00 3.987930e+05
-2.359542e+12 -7.453050e+10
7.118110e+07 -2.641353e+07
2.726554e+13 -4.723016e+13
-3.165020e+00 -1.783621e+07
2.622140e+06 -3.250559e+06
-1.118959e+05 -9.472651e+05
2.192047e+08 -5.050072e+07
1.694649e+05 9.499211e+05
5.713936e+05 1.840603e+06
-4.221475e+10 4.738131e+09
-3.429134e+06 -9.675254e+04
-1.065056e+11 -5.996859e+11
7.072383e+09 1.424146e+10
-1.144438e+11 -2.566194e+11
-3.819587e+15 1.570961e+14
1.738099e+06 7.515076e+06
5.538181e+07 -6.210425e+07
6.155663e+05 6.796521e+06
3.896393e+10 -1.427554e+11
-1.379950e+08 -1.304049e+08
6.355809e+13 2.093117e+13
2.041474e+08 6.424558e+07
1.668881e+09 -2.902699e+08
3.786196e+07 -1.019613e+08
5.727595e+08 5.519590e+07
1.385049e+08 -1.171765e+08
8.868510e+08 8.809264e+08
-1.015532e+08 1.772971e+08
2.806795e+08 5.121780e+08
-3.184131e+06 -1.467852e+06
1.998056e+07 2.868974e+06
-2.726284e+13 4.722665e+13
-1.996429e+07 -2.782122e+06
-3.105005e+06 -5.039384e+06
3.819304e+15 -1.570962e+14
-1.905736e+07 4.402004e+05
9.924311e+10 -2.210016e+10
-6.311975e+11 6.085680e+11
-9.850139e+06 3.587876e+07
-9.928578e+10 2.210578e+10
1.379968e+08 1.304205e+08
1.111536e+07 1.713871e+07
-2.589274e+05 -7.351091e+06
-6.284090e+00 1.348322e+06
1.080617e+06 -1.390182e+06
1.998068e+08 6.755841e+07
1.602686e+11 3.116963e+10
-1.574776e+06 2.462350e+06
1.084793e+09 7.210857e+08
1.222766e+12 -1.703879e+12
-2.189852e+08 5.089323e+07
1.186431e+08 5.425179e+06
-7.072699e+09 -1.424253e+10
4.978040e+20 -4.112570e+20
7.609980e+04 2.023132e+06
1.116872e+01 1.130637e+06
1.043466e+07 -3.723473e+07
3.027422e+13 -2.106345e+13
-6.074754e+00 4.458662e+05
3.060050e+08 -2.233962e+08
-1.368804e+06 -1.345913e+05
6.306448e+06 -4.185705e+05
4.531363e+07 -1.335235e+07
-1.384922e+08 7.783821e+07
4.158052e+06 3.521445e+05
-1.378830e+14 -2.627596e+14
-1.668000e+09 2.911959e+08
1.248206e+07 -4.781620e+07
3.924636e+09 3.355709e+09
-2.698784e+07 8.109618e+05
1.368421e+07 -3.813542e+07
-4.156841e+07 4.796500e+07
-1.111889e+15 5.264307e+15
3.739818e+07 1.789148e+07
7.646696e+08 2.277733e+09
9.151805e+10 -1.834414e+11
-3.028248e+13 2.106659e+13
-1.810123e+10 -5.919230e+09
1.291315e+10 3.219592e+08
-1.291219e+10 -3.219383e+08
4.176615e+07 -4.773594e+07
-1.962282e+07 7.088669e+07
2.390189e+16 8.890456e+16
-1.868026e+06 -4.716684e+06
-8.942585e+00 -1.582383e+06
-7.262106e+06 1.741295e+08
3.847072e+08 -2.269027e+07
1.056901e+06 -6.492385e+05
-1.058723e+06 6.540115e+05
-2.184909e+09 -1.046888e+09
2.696764e+07 -1.430647e+06
-6.980425e+00 1.012817e+07
-1.269517e+19 -2.673399e+19
1.488713e+07 -1.138042e+07
3.161402e+05 -5.638753e+00
-2.533725e+06 -4.636485e+06
-7.080073e+07 2.645466e+07
3.115919e+06 1.508995e+06
8.123375e+05 1.066116e+01
-2.450755e+08 -6.216653e+07
-9.719611e+05 -3.476568e+06
1.963337e+07 -7.091777e+07
-9.650107e+06 4.063619e+06
9.459164e+05 2.733949e+06
-1.140349e+10 -1.751954e+10
-4.978040e+20 4.112774e+20
6.187789e+04 -8.196912e+00
-1.247661e+07 4.784415e+07
-1.496499e+13 -5.446679e+12
2.113995e+08 -2.041432e+10
-2.289086e+00 -1.574969e+06
-3.927898e+06 -4.547957e+07
-3.645166e+09 -4.711846e+10
-7.648563e+08 -2.278089e+09
7.009930e+08 5.214137e+08
-5.075009e+07 -1.622630e+08
3.412350e+07 5.729487e+07
-2.809753e+08 -5.126189e+08
-8.369801e+05 -5.084322e+00
-5.444493e+00 -1.134231e+06
-1.454274e+14 7.475205e+13
9.864938e+14 1.065707e+16
-3.311625e+06 -5.556382e+00
1.386124e+09 7.926825e+08
9.511472e+00 1.356896e+06
-3.863987e+08 1.916527e+07
-1.476920e+07 1.137227e+07
3.333235e+06 8.171682e+00
-9.123922e+07 7.802446e+07
-2.942543e+11 2.898570e+11
-9.345157e+04 -7.594813e+06
-1.057270e+13 3.818385e+14
-9.617409e+10 4.387775e+11
1.996894e+06 -5.339749e+06
2.096516e+07 3.189375e+06
-3.569812e+07 -6.064114e+07
1.143332e+07 -8.517875e+05
5.291692e+00 1.516683e+06
-1.865293e+07 -5.399360e+06
2.528341e+06 4.622441e+06
-2.183422e+09 6.425297e+08
-8.648885e+11 -9.533981e+11
2.326843e+07 -5.974671e+06
6.011716e+11 9.072937e+10
9.620055e+06 -4.114961e+06
1.542475e+08 4.002735e+08
-8.692429e+07 -9.215145e+07
-5.418387e+05 -2.988467e+05
-3.779262e+06 7.852425e+05
1.278809e+08 -1.670975e+07
5.660175e+00 4.843467e+05
2.362224e+06 2.056716e+06
3.007880e+10 6.359150e+09
1.889685e+06 2.470142e+06
3.751408e+11 -7.011996e+10
-8.602454e+04 -2.076355e+04
-4.818102e+08 2.086275e+07
3.786294e+08 3.348046e+08
-5.407998e+14 4.874196e+14
-7.472641e+07 -1.394482e+08
-5.805961e+05 -5.516039e+05
1.865162e+07 5.439051e+06
2.314208e+09 9.586092e+09
-3.758772e+05 -6.180447e+00
3.994569e-01 1.143942e+06
-8.377132e+12 2.708283e+12
-1.330900e+07 -8.067283e+06
-2.302876e+08 -6.504929e+07
3.731704e+00 5.022860e+06
7.645731e+09 -4.980446e+09
-6.358962e+13 -2.093948e+13
3.841788e+06 4.662113e+06
-1.901901e+06 5.284096e+06
-2.113567e+08 2.041804e+10
1.374154e+08 3.527083e+07
2.311601e+06 -4.270018e+05
1.338672e+06 -3.751801e+05
-1.912806e+07 8.417950e+06
-9.866160e+14 -1.065787e+16
-1.223144e+06 9.658227e+00
1.928876e+11 -3.359539e+10
8.102815e+10 -5.804116e+08
-8.105627e+10 5.804472e+08
4.200084e+10 1.387401e+10
-6.456526e+12 2.318835e+12
2.360595e+12 7.456025e+10
2.855001e+10 8.280813e+09
-9.996253e+06 1.927083e+07
1.810598e+10 5.919405e+09
7.286272e+06 -1.743449e+08
2.603370e+06 -5.180206e+06
-1.534621e+09 -9.294398e+07
2.947961e+05 5.148860e+00
2.375123e+09 4.564799e+08
-3.773975e+07 -1.796630e+07
2.792685e+06 -1.094972e+07
-7.610848e+00 -4.935792e+06
-6.492319e+05 3.622322e+00
1.144864e+11 2.566956e+11
-3.776356e+07 3.047844e+07
-1.115587e+07 1.157811e+06
3.182057e+07 2.632753e+07
-5.609650e+06 2.436176e+07
-1.841282e+10 2.479516e+10
-2.960792e+08 5.047393e+07
8.859273e+05 7.333763e+00
1.045494e+08 -1.025630e+08
1.057453e+13 -3.818668e+14
-4.244548e+08 -7.188398e+08
-4.104322e+08 8.376233e+08
-3.833112e+07 3.219239e+06
5.408266e+14 -4.874317e+14
-5.942422e+06 1.098041e+06
1.534849e+09 9.258777e+07
1.269832e+19 2.674392e+19
-1.374266e+08 -3.533964e+07
-3.438872e+07 -5.686560e+07
-2.759195e+06 1.097737e+07
-4.110786e+06 -5.075937e+05
3.646278e+05 2.852878e+06
-2.043208e+09 2.656280e+10
1.015900e+08 -1.773332e+08
1.417629e+11 2.216889e+12
1.841373e+10 -2.479456e+10
8.371587e+07 -3.127248e+08
2.294356e+08 6.568841e+07
-1.546135e+08 -3.995741e+08
4.964189e+05 -8.185847e+00
3.882798e+06 -6.071007e+00
3.606200e+05 7.275624e+06
-3.783285e+08 -3.344629e+08
5.016771e+07 1.626761e+08
-3.211389e+07 -2.646276e+07
9.617392e+10 -4.387459e+11
-2.075776e+07 -3.226048e+06
3.058638e+06 5.538176e+05
8.324452e+09 5.782615e+09
9.711121e+00 -4.580814e+06
4.095800e+08 -8.374724e+08
4.817948e+08 -2.086608e+07
-2.890286e+06 2.939932e+06
-3.084892e+06 -1.675874e+06
-8.471338e+06 3.802496e+00
3.586405e+06 2.432084e+06
