1.283929e+06 -5.077184e+00
5.099240e+06 -8.978705e+05
5.337390e+09 6.898458e+10
1.266440e+12 1.396219e+12
-9.565117e+11 -1.308109e+12
-3.479676e+09 -6.684536e+08
9.916860e+06 -3.550771e+07
-4.471239e+06 -3.670550e+06
-1.476123e+06 -9.748581e+06
-3.254398e+06 4.419034e+00
4.713477e+05 -1.032178e+06
-2.188518e+07 5.825381e+07
2.992069e+09 -3.889734e+10
3.197395e+09 -9.407212e+08
-3.222151e+10 -6.977916e+09
3.200707e+09 1.533643e+09
-8.539238e+05 2.765045e+07
-4.296584e+06 -1.492499e+06
1.237087e+07 7.182180e+00
-1.532928e+08 1.499409e+08
-1.395021e+06 -2.797646e+06
-2.463338e+09 9.212696e+08
9.266664e+08 3.001403e+10
-4.403941e+10 -9.310818e+09
-3.378831e+07 6.610856e+07
-8.795238e+06 8.707070e+05
4.789959e+05 -9.011299e+04
5.600591e+07 -4.373426e+07
-1.404217e+13 -3.813958e+12
-3.014502e+00 -2.281966e+06
2.752196e+07 -1.242836e+07
-8.413589e+07 1.646484e+07
-2.073921e+10 -6.234282e+09
-2.030931e+09 -1.161114e+09
-2.591011e+07 -3.688735e+06
5.841761e+10 -3.666260e+10
2.020184e+14 3.850192e+14
4.945300e+05 9.208110e+05
3.223267e+10 6.980265e+09
1.085547e+08 8.739771e+07
6.186775e+10 -6.943366e+09
1.362063e+06 2.793159e+06
1.807386e+00 -1.315342e+06
-1.219481e+10 -8.472462e+09
9.257779e+06 6.714079e+07
1.364326e+06 -1.294378e+06
-1.792856e+12 2.498176e+12
8.549413e+05 -6.517001e+05
8.417763e+07 -1.653992e+07
-1.299498e+09 -1.290843e+09
4.344102e+08 -7.494203e+07
1.956448e+07 1.171231e+07
8.054681e+00 -9.993080e+05
9.941603e+06 -1.117753e+06
2.192353e+13 7.979764e+12
2.462308e+09 -9.218407e+08
-2.825192e+11 4.920657e+10
3.593025e+08 9.113952e+07
2.586673e+06 6.725495e+06
-2.900403e+07 -8.732414e+07
-1.226819e+13 -1.648121e+13
-5.495126e+11 1.027224e+11
4.156113e+07 -8.327589e+07
1.290922e+08 1.433446e+08
-2.504159e+15 3.578509e+15
-2.310910e+08 7.563466e+07
1.385803e+07 -2.817523e+07
-8.804091e+11 -1.328811e+11
-5.752719e+09 -4.918272e+09
4.448083e+09 -6.246457e+08
3.242264e+06 9.329596e+00
-8.512524e+09 -9.472948e+09
1.404360e+13 3.814152e+12
1.230608e+09 3.063566e+08
7.215425e+04 9.038448e+00
-6.150812e+10 -2.032304e+10
-2.075303e+11 -3.246252e+12
-2.072934e+09 -4.036584e+09
-2.296988e+06 2.374574e+06
-2.989603e+08 -9.423762e+07
-3.422775e+09 -1.402579e+10
1.226799e+13 1.648038e+13
-3.391294e+09 2.208810e+09
3.383926e+07 -6.616294e+07
-4.484722e+08 3.274837e+08
-1.740191e+08 -8.667399e+06
2.163434e+00 -1.116850e+07
9.566265e+11 1.308109e+12
-1.350399e+06 -2.469367e+00
-1.074747e+05 -2.039217e+00
-4.157950e+07 8.307943e+07
8.512792e+09 9.474232e+09
-1.588763e+09 -1.056174e+09
2.751769e+17 -4.480623e+17
2.074444e+10 6.236913e+09
4.430673e+00 -2.232178e+06
6.210348e+08 1.054090e+09
1.651457e+06 -2.165457e+06
-6.054809e+04 -1.569964e+06
-1.120071e+10 7.296096e+09
-9.256083e+08 -3.002211e+10
9.247673e+11 -8.914742e+11
-1.028399e+09 -7.643103e+08
-4.517396e+11 6.825564e+11
4.798468e+04 1.407994e+06
1.512846e+07 9.275424e+07
4.517396e+11 -6.824641e+11
5.744145e+05 3.720429e+00
2.130805e+14 -1.095314e+14
-5.841340e+10 3.665913e+10
1.561131e+11 8.790394e+11
2.939720e+07 -2.935133e+00
-2.401670e+08 2.305180e+08
-4.447976e+09 6.248402e+08
9.458193e+12 -3.397067e+12
-1.230365e+09 -3.069806e+08
-1.979071e+06 5.918592e+05
2.505006e+15 -3.579174e+15
1.327418e+06 2.519165e+06
-4.181487e+10 -1.212910e+10
-2.752280e+17 4.481078e+17
-4.156060e+08 2.560494e+08
1.226881e+13 -3.965170e+12
3.391257e+09 -2.208677e+09
-1.225260e+08 4.580687e+08
4.306899e+11 -4.246346e+11
1.092023e+08 2.045460e+08
1.670761e+10 2.566926e+10
-4.361475e+06 7.535290e+06
3.871228e+08 -4.167393e+08
-2.215637e+06 -1.059954e+07
2.238494e+06 1.057875e+07
8.887905e+00 -1.100176e+07
-1.343438e+11 2.692867e+11
-6.597764e+07 2.008601e+07
-1.081194e+08 -8.592441e+07
-1.498996e+07 -2.446433e+07
9.862819e+00 9.884871e+06
2.101006e+09 4.043045e+09
-5.544083e+07 1.493838e+08
1.629227e+15 -7.714449e+15
9.326278e+06 -4.740701e+06
-2.623304e+06 -1.064342e+07
4.143494e+08 -2.559004e+08
-8.482916e+05 -2.723626e+06
-3.504407e+16 -1.303695e+17
-5.538616e+05 1.021703e+01
5.571169e+07 -4.488504e+06
-8.392226e+08 -8.065826e+07
-4.278117e+06 -6.906666e+05
-3.871472e+08 4.167359e+08
-3.681353e+06 -4.210967e+06
-8.115058e+07 9.097239e+07
-2.347877e+11 -4.566735e+10
-5.708425e+10 2.091452e+11
-4.343041e+00 5.842300e+05
-3.456344e+12 -1.091787e+11
1.042931e+08 -3.870024e+07
3.994918e+13 -6.920167e+13
1.902265e+01 -2.614201e+07
3.844700e+06 -4.765681e+06
-1.638281e+05 -1.387556e+06
3.213210e+08 -7.402508e+07
2.481356e+05 1.391463e+06
8.368917e+05 2.696096e+06
-6.184467e+10 6.941558e+09
-5.023694e+06 -1.417156e+05
-1.560996e+11 -8.789497e+11
1.036151e+10 2.086395e+10
-1.676502e+11 -3.759069e+11
-5.595237e+15 2.301189e+14
2.546396e+06 1.101001e+07
8.112172e+07 -9.097436e+07
9.017548e+05 9.957128e+06
5.708321e+10 -2.091523e+11
-2.022031e+08 -1.910862e+08
9.315955e+13 3.068022e+13
2.995474e+08 9.427049e+07
2.446106e+09 -4.254570e+08
5.547147e+07 -1.493858e+08
8.391459e+08 8.086849e+07
2.029670e+08 -1.717150e+08
1.299446e+09 1.290732e+09
-1.488542e+08 2.598797e+08
4.112295e+08 7.503951e+08
-4.665572e+06 -2.150863e+06
2.927164e+07 4.203210e+06
-3.995188e+13 6.920636e+13
-2.924672e+07 -4.075786e+06
-4.549523e+06 -7.383595e+06
5.595711e+15 -2.301540e+14
-2.791933e+07 6.450761e+05
1.454049e+11 -3.237718e+10
-9.247493e+11 8.915606e+11
-1.443039e+07 5.256329e+07
-1.454529e+11 3.238341e+10
2.021921e+08 1.910949e+08
1.628531e+07 2.511095e+07
-3.792198e+05 -1.077038e+07
2.046359e+00 1.975779e+06
1.583323e+06 -2.036889e+06
2.927151e+08 9.897239e+07
2.347840e+11 4.566204e+10
-2.307036e+06 3.607177e+06
1.589280e+09 1.056441e+09
1.792615e+12 -2.497965e+12
-3.210124e+08 7.460263e+07
1.738329e+08 7.949040e+06
-1.036128e+10 -2.086538e+10
7.292740e+20 -6.024590e+20
1.113505e+05 2.964001e+06
5.751176e+00 1.656343e+06
1.528573e+07 -5.454988e+07
4.435878e+13 -3.086161e+13
9.190910e+00 6.533406e+05
4.483711e+08 -3.273107e+08
-2.005624e+06 -1.972458e+05
9.238577e+06 -6.132579e+05
6.639603e+07 -1.956368e+07
-2.029451e+08 1.140666e+08
6.091669e+06 5.161351e+05
-2.020082e+14 -3.849736e+14
-2.444774e+09 4.267994e+08
1.828943e+07 -7.006392e+07
5.753730e+09 4.919619e+09
-3.954417e+07 1.188530e+06
2.004804e+07 -5.586742e+07
-6.091961e+07 7.029584e+07
-1.629530e+15 7.715232e+15
5.479385e+07 2.621396e+07
1.120315e+09 3.337155e+09
1.343640e+11 -2.693231e+11
-4.436853e+13 3.086579e+13
-2.652222e+10 -8.672750e+09
1.892027e+10 4.717400e+08
-1.891866e+10 -4.716890e+08
6.120428e+07 -6.994975e+07
-2.874428e+07 1.038378e+08
3.504882e+16 1.303651e+17
-2.737152e+06 -6.911051e+06
-6.860200e+00 -2.318688e+06
-1.064421e+07 2.552302e+08
5.639369e+08 -3.326257e+07
1.548541e+06 -9.513111e+05
-1.551360e+06 9.582729e+05
-3.201958e+09 -1.534216e+09
3.951289e+07 -2.096118e+06
-4.416285e-01 1.483871e+07
-1.860161e+19 -3.917156e+19
2.181352e+07 -1.667549e+07
4.632473e+05 -7.492218e+00
-3.712293e+06 -6.793231e+06
-1.037326e+08 3.875803e+07
4.565049e+06 2.210814e+06
1.190117e+06 4.095525e+00
-3.590605e+08 -9.108023e+07
-1.424047e+06 -5.093431e+06
2.876398e+07 -1.038926e+08
-1.413919e+07 5.953787e+06
1.385808e+06 4.005541e+06
-1.670924e+10 -2.567134e+10
-7.293850e+20 6.025914e+20
9.085933e+04 -6.364068e+00
-1.828129e+07 7.010381e+07
-2.192575e+13 -7.980169e+12
3.097043e+08 -2.990736e+10
1.443763e+00 -2.307499e+06
-5.754297e+06 -6.662702e+07
-5.339937e+09 -6.902735e+10
-1.120582e+09 -3.337548e+09
1.027026e+09 7.639240e+08
-7.436916e+07 -2.377801e+08
4.999424e+07 8.394406e+07
-4.116407e+08 -7.510446e+08
-1.226378e+06 2.152473e+00
-2.418842e+00 -1.661899e+06
-2.131310e+14 1.095555e+14
1.445190e+15 1.561238e+16
-4.852670e+06 -7.588947e+00
2.030841e+09 1.161427e+09
-1.047933e+01 1.988208e+06
-5.664566e+08 2.809642e+07
-2.164379e+07 1.666363e+07
4.884110e+06 9.941751e+00
-1.336902e+08 1.143308e+08
-4.310926e+11 4.246364e+11
-1.370826e+05 -1.112655e+07
-1.549052e+13 5.594351e+14
-1.408927e+11 6.427774e+11
2.925178e+06 -7.822582e+06
3.071217e+07 4.672233e+06
-5.230290e+07 -8.884897e+07
1.675075e+07 -1.247971e+06
7.496284e+00 2.221938e+06
-2.732653e+07 -7.910101e+06
3.704380e+06 6.772543e+06
-3.198840e+09 9.413029e+08
-1.266933e+12 -1.396597e+12
3.408771e+07 -8.752165e+06
8.805723e+11 1.329011e+11
1.409314e+07 -6.028170e+06
2.259600e+08 5.863875e+08
-1.275949e+08 -1.352552e+08
-7.937083e+05 -4.375889e+05
-5.535958e+06 1.150101e+06
1.873643e+08 -2.448199e+07
-6.452195e+00 7.095878e+05
3.460690e+06 3.013211e+06
4.406136e+10 9.315364e+09
2.768132e+06 3.618259e+06
5.495686e+11 -1.027242e+11
-1.259915e+05 -3.034042e+04
-7.058308e+08 3.056265e+07
5.546479e+08 4.904542e+08
-7.922274e+14 7.140242e+14
-1.094691e+08 -2.042802e+08
-8.506015e+05 -8.080150e+05
2.732311e+07 7.967977e+06
3.390033e+09 1.404268e+10
-5.506710e+05 4.861530e+00
1.044671e+01 1.675608e+06
-1.227234e+13 3.967651e+12
-1.949855e+07 -1.181926e+07
-3.373861e+08 -9.529661e+07
-7.035805e+00 7.357853e+06
1.120159e+10 -7.296864e+09
-9.319109e+13 -3.068749e+13
5.628198e+06 6.829677e+06
-2.786087e+06 7.740603e+06
-3.096063e+08 2.990965e+10
2.012839e+08 5.166333e+07
3.386941e+06 -6.257056e+05
1.960803e+06 -5.495669e+05
-2.802025e+07 1.233137e+07
-1.445166e+15 -1.561159e+16
-1.792079e+06 1.281885e+00
2.825233e+11 -4.921223e+10
1.187252e+11 -8.503665e+08
-1.187554e+11 8.504119e+08
6.152809e+10 2.032386e+10
-9.459472e+12 3.397354e+12
3.457806e+12 1.092196e+11
4.182178e+10 1.213033e+10
-1.464360e+07 2.823011e+07
2.652395e+10 8.671266e+09
1.067862e+07 -2.555270e+08
3.815819e+06 -7.593433e+06
-2.248073e+09 -1.361497e+08
4.318169e+05 -4.725612e+00
3.479853e+09 6.688221e+08
-5.528653e+07 -2.631938e+07
4.090698e+06 -1.603820e+07
-5.548218e+00 -7.230528e+06
-9.511029e+05 8.913026e-01
1.677070e+11 3.760340e+11
-5.532979e+07 4.465592e+07
-1.634422e+07 1.696317e+06
4.663156e+07 3.858196e+07
-8.218484e+06 3.569020e+07
-2.697546e+10 3.632553e+10
-4.338796e+08 7.396475e+07
1.298321e+06 9.417407e+00
1.531599e+08 -1.502514e+08
1.549183e+13 -5.594257e+14
-6.218403e+08 -1.053124e+09
-6.020325e+08 1.228657e+09
-5.615607e+07 4.716646e+06
7.922676e+14 -7.140363e+14
-8.706216e+06 1.608724e+06
2.248433e+09 1.356338e+08
1.860287e+19 3.918017e+19
-2.012951e+08 -5.176314e+07
-5.037921e+07 -8.330689e+07
-4.041539e+06 1.607963e+07
-6.022138e+06 -7.437556e+05
5.341864e+05 4.179377e+06
-2.993151e+09 3.891130e+10
1.488953e+08 -2.598929e+08
2.077840e+11 3.249221e+12
2.697774e+10 -3.632617e+10
1.226459e+08 -4.581497e+08
3.361320e+08 9.623535e+07
-2.265098e+08 -5.853548e+08
7.274319e+05 -4.812958e+00
5.687662e+06 3.006642e+00
5.281825e+05 1.065780e+07
-5.542353e+08 -4.899658e+08
7.351141e+07 2.383716e+08
-4.706165e+07 -3.878016e+07
1.408925e+11 -6.427571e+11
-3.041001e+07 -4.726366e+06
4.482167e+06 8.116745e+05
1.219649e+10 8.472267e+09
-5.986885e+00 -6.724785e+06
6.008363e+08 -1.228529e+09
7.058434e+08 -3.056773e+07
-4.237720e+06 4.310471e+06
-4.519786e+06 -2.455352e+06
-1.241026e+07 1.996804e+00
5.254100e+06 3.562912e+06
