1.550526e+06 3.999769e+00
6.157853e+06 -1.084266e+06
6.445447e+09 8.330513e+10
1.529408e+12 1.686082e+12
-1.155054e+12 -1.579622e+12
-4.202524e+09 -8.073370e+08
1.197647e+07 -4.288382e+07
-5.400058e+06 -4.432945e+06
-1.782712e+06 -1.177247e+07
-3.930332e+06 6.130230e+00
5.691544e+05 -1.246207e+06
-2.642825e+07 7.034683e+07
3.613056e+09 -4.697158e+10
3.861538e+09 -1.136106e+09
-3.891071e+10 -8.426751e+09
3.865713e+09 1.852201e+09
-1.031096e+06 3.339744e+07
-5.188489e+06 -1.802258e+06
1.493906e+07 -2.387717e+00
-1.851202e+08 1.810724e+08
-1.684486e+06 -3.378628e+06
-2.974783e+09 1.112493e+09
1.119007e+09 3.624455e+10
-5.318394e+10 -1.124387e+10
-4.080620e+07 7.983661e+07
-1.062167e+07 1.051523e+06
5.785163e+05 -1.087990e+05
6.764549e+07 -5.282147e+07
-1.695744e+13 -4.605897e+12
-5.235628e+00 -2.756089e+06
3.323840e+07 -1.500993e+07
-1.016082e+08 1.988430e+07
-2.504597e+10 -7.528979e+09
-2.452648e+09 -1.402208e+09
-3.128939e+07 -4.454514e+06
7.054941e+10 -4.427633e+10
2.439579e+14 4.649329e+14
5.968518e+05 1.111904e+06
3.892138e+10 8.429190e+09
1.310919e+08 1.055403e+08
7.471032e+10 -8.384794e+09
1.644865e+06 3.373056e+06
2.000023e+00 -1.588187e+06
-1.472728e+10 -1.023163e+10
1.117973e+07 8.107883e+07
1.647728e+06 -1.563218e+06
-2.165721e+12 3.017738e+12
1.032479e+06 -7.872253e+05
1.016574e+08 -1.997418e+07
-1.569447e+09 -1.558975e+09
5.246972e+08 -9.051790e+07
2.362860e+07 1.414533e+07
-7.215989e+00 -1.206856e+06
1.200728e+07 -1.350032e+06
2.647741e+13 9.637273e+12
2.973651e+09 -1.113266e+09
-3.411923e+11 5.942223e+10
4.339078e+08 1.100643e+08
3.123878e+06 8.122206e+06
-3.502504e+07 -1.054521e+08
-1.481529e+13 -1.990259e+13
-6.635646e+11 1.240449e+11
5.018648e+07 -1.005574e+08
1.560103e+08 1.732336e+08
-3.023852e+15 4.321099e+15
-2.790617e+08 9.133632e+07
1.673507e+07 -3.402573e+07
-1.063179e+12 -1.604641e+11
-6.948759e+09 -5.940570e+09
5.371267e+09 -7.543078e+08
3.915726e+06 6.721846e+00
-1.027982e+10 -1.143954e+10
1.695911e+13 4.605897e+12
1.486972e+09 3.701767e+08
8.730336e+04 -3.800555e+00
-7.428275e+10 -2.454385e+10
-2.506570e+11 -3.921021e+12
-2.503366e+09 -4.874929e+09
-2.773986e+06 2.867760e+06
-3.612385e+08 -1.138666e+08
-4.133496e+09 -1.693816e+10
1.481488e+13 1.990204e+13
-4.095255e+09 2.667289e+09
4.086345e+07 -7.989870e+07
-5.416322e+08 3.954998e+08
-2.101714e+08 -1.046793e+07
1.097403e+01 -1.348676e+07
1.155185e+12 1.579666e+12
-1.630871e+06 1.102270e+01
-1.298025e+05 1.003543e+01
-5.021256e+07 1.003255e+08
1.027979e+10 1.144050e+10
-1.918663e+09 -1.275497e+09
3.322919e+17 -5.410687e+17
2.505162e+10 7.531884e+09
5.838886e+00 -2.695829e+06
7.500266e+08 1.272997e+09
1.994406e+06 -2.615168e+06
-7.322351e+04 -1.896084e+06
-1.352723e+10 8.811612e+09
-1.117767e+09 -3.625567e+10
1.116779e+12 -1.076591e+12
-1.241953e+09 -9.230274e+08
-5.455655e+11 8.243386e+11
5.806767e+04 1.700426e+06
1.826995e+07 1.120160e+08
5.455884e+11 -8.242232e+11
6.939180e+05 7.197387e+00
2.573653e+14 -1.322988e+14
-7.054833e+10 4.427465e+10
1.885673e+11 1.061794e+12
3.550125e+07 -8.719935e+00
-2.900288e+08 2.783779e+08
-5.371379e+09 7.545444e+08
1.142246e+13 -4.102519e+12
-1.486590e+09 -3.709147e+08
-2.390166e+06 7.148663e+05
3.025038e+15 -4.322188e+15
1.603471e+06 3.042946e+06
-5.049528e+10 -1.464675e+10
-3.323478e+17 5.411142e+17
-5.060808e+08 3.117903e+08
1.481672e+13 -4.788494e+12
4.095428e+09 -2.667233e+09
-1.479606e+08 5.531746e+08
5.200960e+11 -5.127878e+11
1.318785e+08 2.470166e+08
2.017708e+10 3.099977e+10
-5.268386e+06 9.102479e+06
4.675142e+08 -5.032738e+08
-2.675822e+06 -1.280000e+07
2.703244e+06 1.277514e+07
-6.569904e+00 -1.328767e+07
-1.623678e+11 3.254540e+11
-7.968061e+07 2.425787e+07
-1.305732e+08 -1.037689e+08
-1.810307e+07 -2.954486e+07
4.484042e+00 1.193842e+07
2.537272e+09 4.882312e+09
-6.695531e+07 1.804090e+08
1.967825e+15 -9.317509e+15
1.126286e+07 -5.725249e+06
-3.168281e+06 -1.285453e+07
5.045711e+08 -3.116165e+08
-1.024602e+06 -3.289341e+06
-4.233719e+16 -1.574996e+17
-6.691426e+05 4.151593e+00
6.728430e+07 -5.421100e+06
-1.013451e+09 -9.740830e+07
-5.167300e+06 -8.344604e+05
-4.675490e+08 5.032769e+08
-4.445893e+06 -5.085565e+06
-9.800214e+07 1.098585e+08
-2.835330e+11 -5.514869e+10
-6.893635e+10 2.525705e+11
1.648800e+00 7.056492e+05
-4.173810e+12 -1.318486e+11
1.259538e+08 -4.673926e+07
4.824771e+13 -8.357113e+13
2.733174e+00 -3.157508e+07
4.644393e+06 -5.757319e+06
-1.979113e+05 -1.675701e+06
3.881183e+08 -8.941658e+07
2.998235e+05 1.680455e+06
1.010619e+06 3.255858e+06
-7.468095e+10 8.382531e+09
-6.066642e+06 -1.711603e+05
-1.885352e+11 -1.061585e+12
1.251273e+10 2.519531e+10
-2.024502e+11 -4.539255e+11
-6.756647e+15 2.778734e+14
3.075411e+06 1.329632e+07
9.795943e+07 -1.098557e+08
1.089099e+06 1.202306e+07
6.892951e+10 -2.525634e+11
-2.441888e+08 -2.307701e+08
1.125181e+14 3.705480e+13
3.619263e+08 1.139051e+08
2.954364e+09 -5.138609e+08
6.698831e+07 -1.803986e+08
1.013326e+09 9.765545e+07
2.451223e+08 -2.073818e+08
1.569251e+09 1.558762e+09
-1.797886e+08 3.138880e+08
4.966128e+08 9.061867e+08
-5.634675e+06 -2.597790e+06
3.534802e+07 5.076001e+06
-4.825109e+13 8.358050e+13
-3.531709e+07 -4.921935e+06
-5.494135e+06 -8.916403e+06
6.757120e+15 -2.779241e+14
-3.371311e+07 7.792407e+05
1.755885e+11 -3.909713e+10
-1.116714e+12 1.076605e+12
-1.742609e+07 6.347411e+07
-1.756392e+11 3.910450e+10
2.441728e+08 2.307689e+08
1.966621e+07 3.032453e+07
-4.580061e+05 -1.300607e+07
7.623324e+00 2.385965e+06
1.912070e+06 -2.459635e+06
3.534663e+08 1.195135e+08
2.835176e+11 5.513939e+10
-2.785969e+06 4.356083e+06
1.919197e+09 1.275789e+09
2.165298e+12 -3.017273e+12
-3.877315e+08 9.011093e+07
2.099293e+08 9.599602e+06
-1.251232e+10 -2.519710e+10
8.806809e+20 -7.275396e+20
1.344768e+05 3.579666e+06
-7.054772e+00 2.000452e+06
1.845920e+07 -6.587500e+07
5.356994e+13 -3.727089e+13
-5.310130e+00 7.890164e+05
5.414945e+08 -3.952862e+08
-2.422385e+06 -2.383137e+05
1.115704e+07 -7.406650e+05
8.018597e+07 -2.362595e+07
-2.451000e+08 1.377596e+08
7.356273e+06 6.233112e+05
-2.439476e+14 -4.649068e+14
-2.952763e+09 5.154827e+08
2.208748e+07 -8.461457e+07
6.949973e+09 5.942458e+09
-4.775543e+07 1.435418e+06
2.420940e+07 -6.746361e+07
-7.357521e+07 8.489925e+07
-1.967990e+15 9.317379e+15
6.616921e+07 3.165581e+07
1.352890e+09 4.029762e+09
1.623765e+11 -3.254721e+11
-5.357819e+13 3.727298e+13
-3.202783e+10 -1.047314e+10
2.284866e+10 5.696983e+08
-2.284738e+10 -5.696434e+08
7.392055e+07 -8.448335e+07
-3.471239e+07 1.253952e+08
4.234076e+16 1.574864e+17
-3.305818e+06 -8.346671e+06
-8.497010e-01 -2.800585e+06
-1.285677e+07 3.082880e+08
6.811797e+08 -4.017761e+07
1.870275e+06 -1.149041e+06
-1.873584e+06 1.157329e+06
-3.867117e+09 -1.852941e+09
4.771798e+07 -2.531619e+06
-6.519298e+00 1.791871e+07
-2.246323e+19 -4.730384e+19
2.634274e+07 -2.013744e+07
5.596282e+05 1.050253e+01
-4.482997e+06 -8.203568e+06
-1.252680e+08 4.680417e+07
5.512766e+06 2.669778e+06
1.437042e+06 1.037207e+01
-4.335591e+08 -1.099787e+08
-1.719560e+06 -6.150161e+06
3.473212e+07 -1.254545e+08
-1.707456e+07 7.189924e+06
1.673564e+06 4.837067e+06
-2.017897e+10 -3.100270e+10
-8.808412e+20 7.277026e+20
1.097394e+05 5.259836e-01
-2.207776e+07 8.466176e+07
-2.647852e+13 -9.637138e+12
3.740052e+08 -3.611624e+10
-9.564886e+00 -2.786594e+06
-6.949072e+06 -8.045997e+07
-6.448271e+09 -8.335598e+10
-1.353242e+09 -4.030482e+09
1.240255e+09 9.225023e+08
-8.981596e+07 -2.871717e+08
6.037513e+07 1.013739e+08
-4.971017e+08 -9.069647e+08
-1.480989e+06 -8.939573e+00
2.423914e+00 -2.006971e+06
-2.574086e+14 1.323155e+14
1.745142e+15 1.885259e+16
-5.860203e+06 4.490918e+00
2.452412e+09 1.402485e+09
7.184507e+00 2.400917e+06
-6.841779e+08 3.393494e+07
-2.613777e+07 2.012324e+07
5.898243e+06 9.519048e+00
-1.614498e+08 1.380748e+08
-5.205741e+11 5.127692e+11
-1.656244e+05 -1.343602e+07
-1.870717e+13 6.755880e+14
-1.701461e+11 7.762343e+11
3.532600e+06 -9.447017e+06
3.708865e+07 5.642421e+06
-6.316709e+07 -1.073037e+08
2.022988e+07 -1.507253e+06
6.365877e+00 2.683298e+06
-3.300062e+07 -9.552571e+06
4.473836e+06 8.179038e+06
-3.863002e+09 1.136723e+09
-1.529879e+12 -1.686507e+12
4.116467e+07 -1.056860e+07
1.063357e+12 1.604885e+11
1.701985e+07 -7.279963e+06
2.728811e+08 7.081538e+08
-1.542041e+08 -1.634614e+08
-9.586800e+05 -5.284982e+05
-6.685299e+06 1.388889e+06
2.262764e+08 -2.956703e+07
-5.490196e+00 8.568491e+05
4.179153e+06 3.638714e+06
5.320655e+10 1.124901e+10
3.342905e+06 4.369431e+06
6.636857e+11 -1.240533e+11
-1.522095e+05 -3.669659e+04
-8.523618e+08 3.690863e+07
6.698121e+08 5.922779e+08
-9.567162e+14 8.622854e+14
-1.322011e+08 -2.466981e+08
-1.027383e+06 -9.759226e+05
3.299654e+07 9.622632e+06
4.093971e+09 1.695897e+10
-6.652260e+05 8.883303e+00
-5.144143e+00 2.023624e+06
-1.482046e+13 4.791444e+12
-2.354739e+07 -1.427342e+07
-4.074428e+08 -1.150830e+08
9.243900e+00 8.885949e+06
1.352803e+10 -8.812309e+09
-1.125575e+14 -3.706466e+13
6.796903e+06 8.247965e+06
-3.364847e+06 9.347773e+06
-3.738661e+08 3.611706e+10
2.430603e+08 6.238736e+07
4.090844e+06 -7.560089e+05
2.368109e+06 -6.638440e+05
-3.383749e+07 1.489180e+07
-1.745166e+15 -1.885206e+16
-2.164390e+06 -1.012799e+01
3.411867e+11 -5.943019e+10
1.433875e+11 -1.026967e+09
-1.434176e+11 1.027005e+09
7.430046e+10 2.454302e+10
-1.142390e+13 4.103037e+12
4.175623e+12 1.318933e+11
5.050443e+10 1.464897e+10
-1.768442e+07 3.409162e+07
3.203145e+10 1.047153e+10
1.289792e+07 -3.086262e+08
4.609009e+06 -9.171792e+06
-2.714776e+09 -1.644057e+08
5.213218e+05 8.347931e+00
4.202235e+09 8.076651e+08
-6.676222e+07 -3.178264e+07
4.939658e+06 -1.936578e+07
9.077777e+00 -8.731223e+06
-1.148613e+06 5.635308e+00
2.025184e+11 4.540907e+11
-6.682006e+07 5.392956e+07
-1.973872e+07 2.048587e+06
5.631934e+07 4.659830e+07
-9.925183e+06 4.310053e+07
-3.257625e+10 4.386750e+10
-5.240216e+08 8.932750e+07
1.568068e+06 8.725869e+00
1.849576e+08 -1.814442e+08
1.870848e+13 -6.755880e+14
-7.509526e+08 -1.271802e+09
-7.273607e+08 1.484437e+09
-6.781701e+07 5.696019e+06
9.567296e+14 -8.622854e+14
-1.051482e+07 1.943018e+06
2.715224e+09 1.637925e+08
2.246606e+19 4.731643e+19
-2.430805e+08 -6.250820e+07
-6.083896e+07 -1.006012e+08
-4.880460e+06 1.941749e+07
-7.272803e+06 -8.983932e+05
6.453521e+05 5.046973e+06
-3.614355e+09 4.698622e+10
1.798351e+08 -3.138992e+08
2.509600e+11 3.924375e+12
3.257807e+10 -4.386631e+10
1.480994e+08 -5.532328e+08
4.058952e+08 1.162100e+08
-2.735241e+08 -7.068220e+08
8.782457e+05 8.065328e+00
6.867969e+06 8.134078e+00
6.379081e+05 1.287041e+07
-6.692704e+08 -5.916797e+08
8.877963e+07 2.878812e+08
-5.683865e+07 -4.683605e+07
1.701386e+11 -7.762034e+11
-3.672302e+07 -5.707540e+06
5.413178e+06 9.804263e+05
1.472897e+10 1.023151e+10
3.291338e+00 -8.126927e+06
7.259160e+08 -1.484270e+09
8.523652e+08 -3.691282e+07
-5.118920e+06 5.206855e+06
-5.458106e+06 -2.965117e+06
-1.498621e+07 4.289232e+00
6.344971e+06 4.302627e+06
