1.692113e+06 -1.068867e+01
6.720050e+06 -1.183315e+06
7.033546e+09 9.090527e+10
1.668976e+12 1.839961e+12
-1.260479e+12 -1.723783e+12
-4.586139e+09 -8.810190e+08
1.306933e+07 -4.679846e+07
-5.892937e+06 -4.837783e+06
-1.945431e+06 -1.284705e+07
-4.289163e+06 1.087812e+01
6.210613e+05 -1.359908e+06
-2.883982e+07 7.676559e+07
3.942748e+09 -5.125763e+10
4.214028e+09 -1.239814e+09
-4.246048e+10 -9.195545e+09
4.218585e+09 2.021291e+09
-1.125310e+06 3.644738e+07
-5.662005e+06 -1.966742e+06
1.630226e+07 -6.092588e+00
-2.020151e+08 1.975978e+08
-1.838297e+06 -3.687012e+06
-3.246312e+09 1.214039e+09
1.221164e+09 3.955373e+10
-5.803922e+10 -1.227030e+10
-4.453097e+07 8.712393e+07
-1.159119e+07 1.147536e+06
6.314242e+05 -1.188328e+05
7.382306e+07 -5.764404e+07
-1.850518e+13 -5.026274e+12
2.516152e+00 -3.007838e+06
3.627145e+07 -1.638013e+07
-1.108800e+08 2.169930e+07
-2.733107e+10 -8.215703e+09
-2.676471e+09 -1.530186e+09
-3.414484e+07 -4.861074e+06
7.698724e+10 -4.831723e+10
2.662222e+14 5.073569e+14
6.513022e+05 1.213534e+06
4.247282e+10 9.198206e+09
1.430518e+08 1.151704e+08
8.152908e+10 -9.150058e+09
1.794988e+06 3.680871e+06
1.687106e+00 -1.733100e+06
-1.607158e+10 -1.116552e+10
1.219995e+07 8.847864e+07
1.798172e+06 -1.706056e+06
-2.363676e+12 3.293574e+12
1.126806e+06 -8.591913e+05
1.109326e+08 -2.179630e+07
-1.712641e+09 -1.701272e+09
5.725934e+08 -9.878265e+07
2.578524e+07 1.543635e+07
-8.368801e+00 -1.316964e+06
1.310374e+07 -1.473413e+06
2.889392e+13 1.051703e+13
3.245058e+09 -1.214846e+09
-3.723079e+11 6.484369e+10
4.735131e+08 1.201084e+08
3.409128e+06 8.863689e+06
-3.822122e+07 -1.150711e+08
-1.616676e+13 -2.171808e+13
-7.240796e+11 1.353584e+11
5.476178e+07 -1.097261e+08
1.702937e+08 1.890959e+08
-3.299452e+15 4.715175e+15
-3.045084e+08 9.966853e+07
1.826197e+07 -3.713127e+07
-1.160182e+12 -1.751046e+11
-7.583652e+09 -6.483491e+09
5.861396e+09 -8.231357e+08
4.273208e+06 -5.974210e-01
-1.121764e+10 -1.248321e+10
1.850661e+13 5.026210e+12
1.623032e+09 4.040533e+08
9.533662e+04 1.256798e+00
-8.106267e+10 -2.678380e+10
-2.735548e+11 -4.279134e+12
-2.731857e+09 -5.319880e+09
-3.027076e+06 3.129445e+06
-3.942979e+08 -1.242872e+08
-4.510806e+09 -1.848403e+10
1.616697e+13 2.171836e+13
-4.468969e+09 2.910720e+09
4.459304e+07 -8.719063e+07
-5.910646e+08 4.315934e+08
-2.293574e+08 -1.142366e+07
2.221065e+00 -1.471766e+07
1.260594e+12 1.723804e+12
-1.779864e+06 -2.830152e+00
-1.416848e+05 4.361683e+00
-5.479455e+07 1.094767e+08
1.121733e+10 1.248385e+10
-2.093798e+09 -1.391903e+09
3.626128e+17 -5.904393e+17
2.733781e+10 8.219132e+09
-2.821376e+00 -2.941762e+06
8.184677e+08 1.389155e+09
2.176324e+06 -2.853704e+06
-7.985660e+04 -2.069128e+06
-1.476201e+10 9.615955e+09
-1.219730e+09 -3.956382e+10
1.218680e+12 -1.174810e+12
-1.355269e+09 -1.007246e+09
-5.953589e+11 8.995702e+11
6.329802e+04 1.855480e+06
1.993667e+07 1.222349e+08
5.953742e+11 -8.994433e+11
7.571473e+05 -3.799708e+00
2.808707e+14 -1.443813e+14
-7.698821e+10 4.831613e+10
2.057891e+11 1.158750e+12
3.874024e+07 1.788176e+00
-3.164925e+08 3.037770e+08
-5.861505e+09 8.233784e+08
1.246498e+13 -4.477079e+12
-1.622579e+09 -4.048522e+08
-2.608182e+06 7.800409e+05
3.301019e+15 -4.716446e+15
1.749765e+06 3.320749e+06
-5.510273e+10 -1.598298e+10
-3.626640e+17 5.904696e+17
-5.540849e+08 3.413628e+08
1.616838e+13 -5.225208e+12
4.468902e+09 -2.910629e+09
-1.614622e+08 6.036519e+08
5.675443e+11 -5.595674e+11
1.439136e+08 2.695541e+08
2.201819e+10 3.382847e+10
-5.749802e+06 9.934120e+06
5.101677e+08 -5.491977e+08
-2.919995e+06 -1.396793e+07
2.949915e+06 1.394062e+07
1.838039e+00 -1.450036e+07
-1.772424e+11 3.552691e+11
-8.695564e+07 2.647272e+07
-1.424922e+08 -1.132412e+08
-1.975559e+07 -3.224218e+07
7.731262e-01 1.302855e+07
2.768835e+09 5.327962e+09
-7.306791e+07 1.968776e+08
2.147502e+15 -1.016851e+16
1.229090e+07 -6.247863e+06
-3.457571e+06 -1.402849e+07
5.524661e+08 -3.411962e+08
-1.118122e+06 -3.589558e+06
-4.620822e+16 -1.719007e+17
-7.301651e+05 -2.565132e+00
7.342757e+07 -5.916030e+06
-1.105879e+09 -1.062987e+08
-5.639043e+06 -9.105442e+05
-5.102176e+08 5.492002e+08
-4.851378e+06 -5.549566e+06
-1.069428e+08 1.198804e+08
-3.094022e+11 -6.018004e+10
-7.522575e+10 2.756164e+11
3.461810e+00 7.699136e+05
-4.554666e+12 -1.438805e+11
1.374509e+08 -5.100609e+07
5.265174e+13 -9.120246e+13
-2.867944e+00 -3.445980e+07
5.068999e+06 -6.283587e+06
-2.159967e+05 -1.828615e+06
4.235789e+08 -9.758605e+07
3.271959e+05 1.833795e+06
1.102872e+06 3.553111e+06
-8.149761e+10 9.147568e+09
-6.620297e+06 -1.868701e+05
-2.057544e+11 -1.158541e+12
1.365449e+10 2.749491e+10
-2.209246e+11 -4.953469e+11
-7.373253e+15 3.032312e+14
3.356124e+06 1.451008e+07
1.069017e+08 -1.198832e+08
1.188457e+06 1.312026e+07
7.521987e+10 -2.756057e+11
-2.664726e+08 -2.518287e+08
1.227941e+14 4.043913e+13
3.950439e+08 1.243275e+08
3.224118e+09 -5.607952e+08
7.310357e+07 -1.968660e+08
1.105816e+09 1.065686e+08
2.675013e+08 -2.263147e+08
1.712481e+09 1.701039e+09
-1.962107e+08 3.425593e+08
5.419326e+08 9.888787e+08
-6.149040e+06 -2.834949e+06
3.857373e+07 5.539304e+06
-5.265580e+13 9.121065e+13
-3.853913e+07 -5.370916e+06
-5.995737e+06 -9.730233e+06
7.373821e+15 -3.032858e+14
-3.678957e+07 8.503714e+05
1.916159e+11 -4.266570e+10
-1.218645e+12 1.174870e+12
-1.901681e+07 6.926766e+07
-1.916717e+11 4.267419e+10
2.664696e+08 2.518339e+08
2.146109e+07 3.309217e+07
-4.997200e+05 -1.419272e+07
-4.122315e+00 2.603681e+06
2.086560e+06 -2.684035e+06
3.857224e+08 1.304198e+08
3.093868e+11 6.017066e+10
-3.040261e+06 4.753692e+06
2.094412e+09 1.392244e+09
2.363162e+12 -3.292982e+12
-4.231537e+08 9.834523e+07
2.290935e+08 1.047615e+07
-1.365442e+10 -2.749705e+10
9.610769e+20 -7.939667e+20
1.468977e+05 3.906703e+06
7.201572e+00 2.183253e+06
2.014469e+07 -7.188914e+07
5.846135e+13 -4.067334e+13
4.740954e+00 8.610683e+05
5.909268e+08 -4.313693e+08
-2.643492e+06 -2.601018e+05
1.217492e+07 -8.081817e+05
8.750535e+07 -2.578282e+07
-2.674802e+08 1.503373e+08
8.027713e+06 6.802056e+05
-2.662120e+14 -5.073439e+14
-3.222417e+09 5.625618e+08
2.410354e+07 -9.233771e+07
7.585065e+09 6.485362e+09
-5.211376e+07 1.566450e+06
2.641850e+07 -7.362010e+07
-8.029356e+07 9.265163e+07
-2.147613e+15 1.016812e+16
7.220709e+07 3.454384e+07
1.476319e+09 4.397366e+09
1.772442e+11 -3.552734e+11
-5.846585e+13 4.067334e+13
-3.494948e+10 -1.142876e+10
2.493346e+10 6.216804e+08
-2.493186e+10 -6.216154e+08
8.066854e+07 -9.219689e+07
-3.788010e+07 1.368402e+08
4.621000e+16 1.718830e+17
-3.607682e+06 -9.108398e+06
-6.541310e+00 -3.056388e+06
-1.403124e+07 3.364521e+08
7.434247e+08 -4.384857e+07
2.041063e+06 -1.253977e+06
-2.044705e+06 1.263086e+06
-4.220199e+09 -2.022089e+09
5.207303e+07 -2.762675e+06
1.805293e+00 1.955335e+07
-2.451277e+19 -5.162105e+19
2.874750e+07 -2.197546e+07
6.106964e+05 -5.627030e+00
-4.892209e+06 -8.952248e+06
-1.366997e+08 5.107530e+07
6.015812e+06 2.913283e+06
1.568063e+06 6.147351e+00
-4.731121e+08 -1.200139e+08
-1.876448e+06 -6.711283e+06
3.789900e+07 -1.369009e+08
-1.863263e+07 7.846102e+06
1.826258e+06 5.278441e+06
-2.202092e+10 -3.383225e+10
-9.612249e+20 7.940991e+20
1.196506e+05 -1.100951e+01
-2.409265e+07 9.238942e+07
-2.889503e+13 -1.051676e+13
4.081346e+08 -3.941203e+10
-2.535766e+00 -3.040880e+06
-7.583171e+06 -8.780158e+07
-7.036693e+09 -9.096190e+10
-1.476724e+09 -4.398249e+09
1.353423e+09 1.006680e+09
-9.801606e+07 -3.133898e+08
6.588547e+07 1.106260e+08
-5.424661e+08 -9.897369e+08
-1.616146e+06 8.231129e+00
-9.280724e+00 -2.190145e+06
-2.809175e+14 1.443998e+14
1.904399e+15 2.057270e+16
-6.395051e+06 -7.596841e+00
2.676245e+09 1.530466e+09
-9.177710e+00 2.620080e+06
-7.466967e+08 3.703569e+07
-2.852445e+07 2.196036e+07
6.436681e+06 -8.096435e+00
-1.761887e+08 1.506815e+08
-5.680839e+11 5.595666e+11
-1.807465e+05 -1.466211e+07
-2.041490e+13 7.372588e+14
-1.856780e+11 8.470925e+11
3.855030e+06 -1.030930e+07
4.047337e+07 6.157358e+06
-6.893348e+07 -1.170990e+08
2.207646e+07 -1.644790e+06
-3.759527e+00 2.928125e+06
-3.601222e+07 -1.042439e+07
4.882204e+06 8.925483e+06
-4.215610e+09 1.240490e+09
-1.669491e+12 -1.840386e+12
4.492093e+07 -1.153313e+07
1.160375e+12 1.751313e+11
1.857297e+07 -7.944230e+06
2.977836e+08 7.727792e+08
-1.683286e+08 -1.784349e+08
-1.046168e+06 -5.767537e+05
-7.295524e+06 1.515699e+06
2.469366e+08 -3.226627e+07
4.716046e+00 9.350613e+05
4.560677e+06 3.970817e+06
5.806253e+10 1.227551e+10
3.647956e+06 4.768139e+06
7.242564e+11 -1.353770e+11
-1.661924e+05 -4.010916e+04
-9.301498e+08 4.027669e+07
7.309291e+08 6.463196e+08
-1.044017e+15 9.409669e+14
-1.442638e+08 -2.692089e+08
-1.121129e+06 -1.064997e+06
3.600805e+07 1.050083e+07
4.467635e+09 1.850710e+10
-7.259224e+05 9.148510e+00
2.436800e+00 2.208289e+06
-1.617294e+13 5.228695e+12
-2.569640e+07 -1.557610e+07
-4.446273e+08 -1.255859e+08
-9.211464e+00 9.697127e+06
1.476313e+10 -9.616861e+09
-1.228383e+14 -4.045004e+13
7.417188e+06 9.000418e+06
-3.671788e+06 1.020074e+07
-4.079767e+08 3.941188e+10
2.652308e+08 6.807796e+07
4.464118e+06 -8.250845e+05
2.584274e+06 -7.244909e+05
-3.692536e+07 1.625099e+07
-1.904424e+15 -2.057243e+16
-2.362019e+06 -7.480917e+00
3.723261e+11 -6.485320e+10
1.564765e+11 -1.120681e+09
-1.565047e+11 1.120736e+09
8.108029e+10 2.678264e+10
-1.246658e+13 4.477539e+12
4.556713e+12 1.439307e+11
5.511405e+10 1.598580e+10
-1.929862e+07 3.720348e+07
3.495538e+10 1.142753e+10
1.407648e+07 -3.368259e+08
5.030211e+06 -1.000998e+07
-2.962590e+09 -1.794130e+08
5.688934e+05 -2.304994e+00
4.585936e+09 8.814132e+08
-7.285672e+07 -3.468403e+07
5.390532e+06 -2.113314e+07
-1.022227e+01 -9.528265e+06
-1.253526e+06 -1.030126e+01
2.210013e+11 4.955312e+11
-7.292035e+07 5.885305e+07
-2.154095e+07 2.235561e+06
6.146224e+07 5.085349e+07
-1.083104e+07 4.703380e+07
-3.554950e+10 4.787126e+10
-5.718709e+08 9.748442e+07
1.711308e+06 -3.017285e+00
2.018379e+08 -1.980034e+08
2.041620e+13 -7.372588e+14
-8.195098e+08 -1.387889e+09
-7.938984e+08 1.620212e+09
-7.400796e+07 6.216102e+06
1.044057e+15 -9.409789e+14
-1.147474e+07 2.120437e+06
2.963006e+09 1.787396e+08
2.451655e+19 5.163562e+19
-2.652626e+08 -6.821229e+07
-6.639114e+07 -1.097836e+08
-5.325859e+06 2.118923e+07
-7.936596e+06 -9.804719e+05
7.042968e+05 5.507519e+06
-3.944156e+09 5.127360e+10
1.962612e+08 -3.425759e+08
2.738860e+11 4.282873e+12
3.555178e+10 -4.786945e+10
1.616152e+08 -6.037295e+08
4.429420e+08 1.268180e+08
-2.984864e+08 -7.713731e+08
9.586015e+05 6.084481e+00
7.494953e+06 9.583352e+00
6.961690e+05 1.404518e+07
-7.303482e+08 -6.456758e+08
9.688497e+07 3.141640e+08
-6.202939e+07 -5.111339e+07
1.856682e+11 -8.470509e+11
-4.007461e+07 -6.228454e+06
5.907438e+06 1.069928e+06
1.607348e+10 1.116564e+10
5.581268e+00 -8.871430e+06
7.923372e+08 -1.620044e+09
9.301664e+08 -4.028171e+07
-5.586743e+06 5.682678e+06
-5.955580e+06 -3.235693e+06
-1.635407e+07 -1.752903e+00
6.924038e+06 4.695299e+06
