5.259004e+05 1.094662e+00
2.091964e+06 -3.684167e+05
2.189939e+09 2.830508e+10
5.195326e+11 5.727611e+11
-3.924905e+11 -5.366779e+11
-1.426682e+09 -2.740690e+08
4.066699e+06 -1.456283e+07
-1.833739e+06 -1.505457e+06
-6.056177e+05 -3.999166e+06
-1.334469e+06 1.274633e+00
1.934252e+05 -4.235323e+05
-8.979098e+06 2.389973e+07
1.227505e+09 -1.595907e+10
1.310978e+09 -3.856774e+08
-1.321546e+10 -2.861673e+09
1.311377e+09 6.284222e+08
-3.496836e+05 1.132417e+07
-1.762846e+06 -6.123097e+05
5.073569e+06 1.768946e+00
-6.285933e+07 6.148488e+07
-5.719981e+05 -1.147412e+06
-1.010393e+09 3.778664e+08
3.799967e+08 1.230673e+10
-1.805966e+10 -3.818389e+09
-1.385549e+07 2.711842e+07
-3.608255e+06 3.571482e+05
1.962902e+05 -3.695272e+04
2.295305e+07 -1.792932e+07
-5.760745e+12 -1.564855e+12
4.440746e+00 -9.356685e+05
1.128935e+07 -5.097703e+06
-3.451762e+07 6.755089e+06
-8.506164e+09 -2.556924e+09
-8.327868e+08 -4.761401e+08
-1.062666e+07 -1.512865e+06
2.395343e+10 -1.503342e+10
8.286438e+13 1.579265e+14
2.032062e+05 3.771127e+05
1.321884e+10 2.862563e+09
4.450560e+07 3.583190e+07
2.537239e+10 -2.847639e+09
5.585578e+05 1.145587e+06
7.982961e+00 -5.398333e+05
-5.000392e+09 -3.474207e+09
3.797494e+06 2.754231e+07
5.593038e+05 -5.306699e+05
-7.337378e+11 1.022370e+12
3.504445e+05 -2.670318e+05
3.452335e+07 -6.783406e+06
-5.327535e+08 -5.291693e+08
1.779714e+08 -3.070131e+07
8.021733e+06 4.802157e+06
5.490157e+00 -4.098939e+05
4.075370e+06 -4.582353e+05
8.991007e+12 3.272379e+12
1.009991e+09 -3.781432e+08
-1.158895e+11 2.018509e+10
1.473639e+08 3.738114e+07
1.060596e+06 2.757773e+06
-1.190017e+07 -3.582647e+07
-5.030908e+12 -6.759151e+12
-2.254003e+11 4.213277e+10
1.705352e+07 -3.416928e+07
5.261520e+07 5.841972e+07
-1.027275e+15 1.468058e+15
-9.479321e+07 3.102606e+07
5.683496e+06 -1.155645e+07
-3.612091e+11 -5.451452e+10
-2.355059e+09 -2.013198e+09
1.824862e+09 -2.562617e+08
1.329209e+06 -5.782971e+00
-3.492273e+09 -3.886260e+09
5.760745e+12 1.564726e+12
5.025308e+08 1.251068e+08
2.954069e+04 3.005392e+00
-2.523205e+10 -8.336478e+09
-8.499283e+10 -1.329440e+12
-8.502025e+08 -1.655591e+09
-9.422318e+05 9.741241e+05
-1.220448e+08 -3.847099e+07
-1.403777e+09 -5.752115e+09
5.030700e+12 6.758036e+12
-1.391005e+09 9.059027e+08
1.387964e+07 -2.713598e+07
-1.838694e+08 1.342650e+08
-7.133582e+07 -3.553055e+06
7.745699e+00 -4.580928e+06
3.924750e+11 5.366997e+11
-5.538178e+05 -4.959284e+00
-4.403929e+04 -7.441913e+00
-1.706204e+07 3.408746e+07
3.492697e+09 3.887221e+09
-6.514414e+08 -4.331096e+08
1.129042e+17 -1.838309e+17
8.508751e+09 2.558301e+09
-8.469001e+00 -9.153920e+05
2.546003e+08 4.321606e+08
6.774159e+05 -8.882327e+05
-2.481916e+04 -6.437455e+05
-4.591295e+09 2.991049e+09
-3.796525e+08 -1.231331e+10
3.793480e+11 -3.656820e+11
-4.217345e+08 -3.134531e+08
-1.852297e+11 2.798704e+11
1.957433e+04 5.774360e+05
6.205891e+06 3.804952e+07
1.852450e+11 -2.798820e+11
2.357232e+05 -9.325354e+00
8.731845e+13 -4.488422e+13
-2.395571e+10 1.503389e+10
6.394787e+10 3.600855e+11
1.206325e+07 4.389854e+00
-9.853730e+07 9.458149e+07
-1.825075e+09 2.563981e+08
3.877979e+12 -1.392864e+12
-5.024647e+08 -1.253978e+08
-8.115999e+05 2.427387e+05
1.027784e+15 -1.468542e+15
5.434040e+05 1.031315e+06
-1.715297e+10 -4.975624e+09
-1.129274e+17 1.838537e+17
-1.585943e+08 9.771461e+07
5.032545e+12 -1.626392e+12
1.391368e+09 -9.062454e+08
-5.025202e+07 1.878647e+08
1.766858e+11 -1.741958e+11
4.478732e+07 8.389651e+07
6.850769e+09 1.052514e+10
-1.785120e+06 3.084092e+06
1.587531e+08 -1.709125e+08
-9.091645e+05 -4.349340e+06
9.187236e+05 4.340809e+06
-6.520939e+00 -4.509760e+06
-5.474027e+10 1.097273e+11
-2.705084e+07 8.235799e+06
-4.433508e+07 -3.523390e+07
-6.147589e+06 -1.003335e+07
4.366420e+00 4.052666e+06
8.618391e+08 1.658570e+09
-2.274269e+07 6.127706e+07
6.677125e+14 -3.161482e+15
3.826150e+06 -1.944857e+06
-1.075563e+06 -4.363680e+06
1.581192e+08 -9.764920e+07
-3.480008e+05 -1.117381e+06
-1.433270e+16 -5.331932e+16
-2.272390e+05 6.274743e+00
2.284231e+07 -1.840192e+06
-3.441840e+08 -3.307950e+07
-1.753126e+06 -2.830423e+05
-1.587932e+08 1.709394e+08
-1.510191e+06 -1.727623e+06
-3.329664e+07 3.732606e+07
-9.633169e+10 -1.873572e+10
-2.341854e+10 8.581450e+10
7.992581e+00 2.397652e+05
-1.417981e+12 -4.479141e+10
4.275843e+07 -1.586759e+07
1.637879e+13 -2.837251e+13
6.015198e+00 -1.070758e+07
1.573068e+06 -1.950166e+06
-6.740785e+04 -5.694305e+05
1.315545e+08 -3.030779e+07
1.018894e+05 5.709743e+05
3.434814e+05 1.106346e+06
-2.536713e+10 2.847199e+09
-2.060894e+06 -5.835798e+04
-6.393453e+10 -3.599811e+11
4.249002e+09 8.556873e+09
-6.877513e+10 -1.542132e+11
-2.295480e+15 9.441564e+13
1.044436e+06 4.514896e+06
3.328435e+07 -3.732738e+07
3.701915e+05 4.085110e+06
2.341754e+10 -8.580034e+10
-8.290799e+07 -7.834327e+07
3.816040e+13 1.256743e+13
1.222884e+08 3.848221e+07
1.002049e+09 -1.742843e+08
2.275217e+07 -6.127018e+07
3.441467e+08 3.316622e+07
8.318947e+07 -7.037612e+07
5.327962e+08 5.292281e+08
-6.095660e+07 1.064239e+08
1.686385e+08 3.077382e+08
-1.912624e+06 -8.817189e+05
1.200733e+07 1.724482e+06
-1.637676e+13 2.836900e+13
-1.199857e+07 -1.671988e+06
-1.865671e+06 -3.028080e+06
2.295101e+15 -9.440011e+13
-1.145348e+07 2.646786e+05
5.963685e+10 -1.328167e+10
-3.793314e+11 3.657468e+11
-5.919954e+06 2.156274e+07
-5.966934e+10 1.328449e+10
8.290136e+07 7.834933e+07
6.678837e+06 1.029834e+07
-1.557765e+05 -4.417659e+06
1.056113e+01 8.104570e+05
6.495831e+05 -8.355180e+05
1.200822e+08 4.060380e+07
9.631991e+10 1.873312e+10
-9.463334e+05 1.479498e+06
6.516875e+08 4.331912e+08
7.336169e+11 -1.022243e+12
-1.314053e+08 3.054036e+07
7.126063e+07 3.258240e+06
-4.249332e+09 -8.556880e+09
2.990894e+20 -2.470843e+20
4.580678e+04 1.215446e+06
-4.844986e+00 6.793753e+05
6.270307e+06 -2.237429e+07
1.818749e+13 -1.265415e+13
-9.401119e+00 2.680567e+05
1.838124e+08 -1.342017e+08
-8.224072e+05 -8.099736e+04
3.789915e+06 -2.517577e+05
2.722075e+07 -8.021108e+06
-8.318196e+07 4.675592e+07
2.498839e+06 2.117300e+05
-8.285414e+13 -1.578940e+14
-1.001520e+09 1.748346e+08
7.499205e+06 -2.872768e+07
2.355269e+09 2.013859e+09
-1.621512e+07 4.872913e+05
8.224376e+06 -2.291751e+07
-2.496272e+07 2.880354e+07
-6.677125e+14 3.161482e+15
2.247176e+07 1.075092e+07
4.594876e+08 1.368626e+09
5.474926e+10 -1.097364e+11
-1.819499e+13 1.265780e+13
-1.087670e+10 -3.556788e+09
7.758576e+09 1.934436e+08
-7.758255e+09 -1.934358e+08
2.507992e+07 -2.866686e+07
-1.179200e+07 4.260011e+07
1.433448e+16 5.331932e+16
-1.122115e+06 -2.833178e+06
3.283580e-01 -9.504385e+05
-4.358940e+06 1.045166e+08
2.308664e+08 -1.361567e+07
6.350856e+05 -3.901561e+05
-6.362697e+05 3.930666e+05
-1.312061e+09 -6.286778e+08
1.620191e+07 -8.595796e+05
8.415153e+00 6.086163e+06
-7.627293e+18 -1.606119e+19
8.943372e+06 -6.836563e+06
1.900216e+05 -1.379956e+00
-1.522156e+06 -2.785207e+06
-4.252852e+07 1.589160e+07
1.871811e+06 9.065441e+05
4.881847e+05 6.633457e+00
-1.472554e+08 -3.735357e+07
-5.841701e+05 -2.089284e+06
1.179818e+07 -4.261958e+07
-5.798293e+06 2.441834e+06
5.685889e+05 1.642981e+06
-6.850741e+09 -1.052510e+10
-2.991141e+20 2.471149e+20
3.723862e+04 1.037607e+01
-7.495926e+06 2.874376e+07
-8.992119e+12 -3.272649e+12
1.270366e+08 -1.226760e+10
1.061327e+01 -9.463366e+05
-2.360683e+06 -2.733235e+07
-2.190674e+09 -2.831775e+10
-4.595996e+08 -1.368884e+09
4.212313e+08 3.133210e+08
-3.048081e+07 -9.745602e+07
2.050372e+07 3.442666e+07
-1.688413e+08 -3.080437e+08
-5.029565e+05 5.707862e+00
7.966270e+00 -6.814563e+05
-8.732566e+13 4.488608e+13
5.928929e+14 6.404957e+15
-1.989620e+06 6.945313e-01
8.327730e+08 4.762457e+08
-6.367281e+00 8.152555e+05
-2.318661e+08 1.150070e+07
-8.870076e+06 6.831463e+06
2.002477e+06 -4.805753e+00
-5.480465e+07 4.686732e+07
-1.768280e+11 1.741841e+11
-5.621963e+04 -4.563951e+06
-6.352105e+12 2.294020e+14
-5.778497e+10 2.636317e+11
1.199879e+06 -3.208514e+06
1.259708e+07 1.916458e+06
-2.144174e+07 -3.642413e+07
6.867927e+06 -5.116978e+05
-6.376991e+00 9.112722e+05
-1.120674e+07 -3.243767e+06
1.518716e+06 2.776601e+06
-1.311665e+09 3.859699e+08
-5.197041e+11 -5.728793e+11
1.398029e+07 -3.589829e+06
3.612982e+11 5.453017e+10
5.780654e+06 -2.472453e+06
9.268077e+07 2.404992e+08
-5.200727e+07 -5.513565e+07
-3.254690e+05 -1.795137e+05
-2.270834e+06 4.718883e+05
7.681661e+07 -1.003719e+07
-4.616649e-01 2.909882e+05
1.419247e+06 1.235751e+06
1.807737e+10 3.821789e+09
1.135394e+06 1.484332e+06
2.254190e+11 -4.213554e+10
-5.156430e+04 -1.240376e+04
-2.895180e+08 1.253567e+07
2.275152e+08 2.011846e+08
-3.249460e+14 2.928646e+14
-4.489921e+07 -8.378566e+07
-3.488430e+05 -3.314732e+05
1.120670e+07 3.267986e+06
1.390451e+09 5.759444e+09
-2.257895e+05 1.105934e+01
-9.664519e+00 6.873426e+05
-5.032960e+12 1.627130e+12
-7.995640e+06 -4.846706e+06
-1.383562e+08 -3.908109e+07
-4.132946e+00 3.017597e+06
4.592440e+09 -2.991402e+09
-3.817459e+13 -1.257054e+13
2.308119e+06 2.801151e+06
-1.142690e+06 3.174589e+06
-1.270012e+08 1.226922e+10
8.258259e+07 2.119671e+07
1.388384e+06 -2.563714e+05
8.045910e+05 -2.255375e+05
-1.149404e+07 5.058286e+06
-5.929417e+14 -6.405748e+15
-7.350626e+05 -1.096247e+00
1.159227e+11 -2.018968e+10
4.869198e+10 -3.487014e+08
-4.869400e+10 3.486853e+08
2.523691e+10 8.336636e+09
-3.878299e+12 1.392864e+12
1.418566e+12 4.480816e+10
1.715673e+10 4.976362e+09
-6.006634e+06 1.157909e+07
1.087866e+10 3.556540e+09
4.373335e+06 -1.046415e+08
1.562270e+06 -3.108606e+06
-9.221179e+08 -5.585167e+07
1.772888e+05 -4.022184e+00
1.426757e+09 2.742024e+08
-2.267567e+07 -1.079518e+07
1.678435e+06 -6.581065e+06
-1.293695e+00 -2.965633e+06
-3.899292e+05 8.473983e+00
6.880069e+10 1.542576e+11
-2.268409e+07 1.830800e+07
-6.701045e+06 6.954678e+05
1.910574e+07 1.580867e+07
-3.370413e+06 1.463721e+07
-1.106292e+10 1.489785e+10
-1.777958e+08 3.031020e+07
5.319005e+05 1.403489e+01
6.281617e+07 -6.162367e+07
6.353151e+12 -2.294114e+14
-2.549863e+08 -4.318346e+08
-2.459307e+08 5.018949e+08
-2.302543e+07 1.933765e+06
3.249728e+14 -2.928888e+14
-3.569599e+06 6.596151e+05
9.222927e+08 5.563387e+07
7.628866e+18 1.606715e+19
-8.259412e+07 -2.123974e+07
-2.066209e+07 -3.416759e+07
-1.658394e+06 6.597759e+06
-2.470076e+06 -3.050554e+05
2.191822e+05 1.714522e+06
-1.227888e+09 1.596373e+10
6.098228e+07 -1.064466e+08
8.509149e+10 1.330705e+12
1.106293e+10 -1.489602e+10
5.029555e+07 -1.878813e+08
1.378387e+08 3.946784e+07
-9.289916e+07 -2.400534e+08
2.982175e+05 -1.004019e+01
2.333280e+06 1.016261e+01
2.167128e+05 4.371842e+06
-2.273157e+08 -2.009593e+08
3.012747e+07 9.769265e+07
-1.928165e+07 -1.588862e+07
5.778249e+10 -2.636105e+11
-1.247265e+07 -1.938395e+06
1.836768e+06 3.325865e+05
5.000611e+09 3.473638e+09
-1.491234e+00 -2.740607e+06
2.454220e+08 -5.018170e+08
2.894993e+08 -1.253765e+07
-1.733754e+06 1.763550e+06
-1.853423e+06 -1.006881e+06
-5.090229e+06 -8.622124e+00
2.154614e+06 1.461202e+06
