1.776987e+06 -1.615333e+00
7.056903e+06 -1.242650e+06
7.386442e+09 9.546605e+10
1.752692e+12 1.932269e+12
-1.323657e+12 -1.810262e+12
-4.816297e+09 -9.252328e+08
1.372521e+07 -4.914650e+07
-6.188598e+06 -5.080593e+06
-2.043103e+06 -1.349183e+07
-4.504504e+06 -2.362530e+00
6.523012e+05 -1.428230e+06
-3.028655e+07 8.061611e+07
4.140604e+09 -5.382978e+10
4.425565e+09 -1.302035e+09
-4.459121e+10 -9.657010e+09
4.430448e+09 2.122797e+09
-1.181803e+06 3.827703e+07
-5.946133e+06 -2.065436e+06
1.712011e+07 -5.687150e+00
-2.121499e+08 2.075110e+08
-1.930483e+06 -3.871931e+06
-3.409129e+09 1.274914e+09
1.282421e+09 4.153750e+10
-6.094986e+10 -1.288563e+10
-4.676449e+07 9.149269e+07
-1.217227e+07 1.205063e+06
6.630662e+05 -1.247698e+05
7.752537e+07 -6.053646e+07
-1.943254e+13 -5.278346e+12
-7.930219e+00 -3.158748e+06
3.809059e+07 -1.720145e+07
-1.164399e+08 2.278727e+07
-2.870129e+10 -8.627695e+09
-2.810724e+09 -1.606938e+09
-3.585780e+07 -5.104986e+06
8.084975e+10 -5.074190e+10
2.795746e+14 5.328100e+14
6.839665e+05 1.274458e+06
4.460357e+10 9.659662e+09
1.502277e+08 1.209491e+08
8.561782e+10 -9.608934e+09
1.884953e+06 3.865486e+06
-8.401283e+00 -1.820004e+06
-1.687820e+10 -1.172573e+10
1.281199e+07 9.291695e+07
1.888432e+06 -1.791723e+06
-2.482388e+12 3.458991e+12
1.183418e+06 -9.023578e+05
1.164977e+08 -2.288958e+07
-1.798558e+09 -1.786611e+09
6.013267e+08 -1.037426e+08
2.707929e+07 1.621098e+07
-7.338361e+00 -1.383081e+06
1.376142e+07 -1.547383e+06
3.034368e+13 1.104475e+13
3.407860e+09 -1.275797e+09
-3.909869e+11 6.809640e+10
4.972738e+08 1.261352e+08
3.580206e+06 9.308494e+06
-4.013846e+07 -1.208445e+08
-1.697768e+13 -2.280754e+13
-7.603904e+11 1.421492e+11
5.750933e+07 -1.152304e+08
1.788659e+08 1.986143e+08
-3.464990e+15 4.951693e+15
-3.197811e+08 1.046684e+08
1.917814e+07 -3.899391e+07
-1.218357e+12 -1.838871e+11
-7.964569e+09 -6.808711e+09
6.155414e+09 -8.644239e+08
4.487482e+06 7.406839e+00
-1.178045e+10 -1.310954e+10
1.943515e+13 5.278410e+12
1.704639e+09 4.243689e+08
1.001089e+05 1.599390e+00
-8.512813e+10 -2.812762e+10
-2.872998e+11 -4.494068e+12
-2.868986e+09 -5.586810e+09
-3.178965e+06 3.286575e+06
-4.141306e+08 -1.305387e+08
-4.737134e+09 -1.941131e+10
1.697830e+13 2.280809e+13
-4.693128e+09 3.056750e+09
4.683099e+07 -9.156611e+07
-6.207272e+08 4.532351e+08
-2.408595e+08 -1.199666e+07
-4.759285e-01 -1.545592e+07
1.323837e+12 1.810283e+12
-1.869242e+06 -9.749463e+00
-1.488775e+05 -6.835339e+00
-5.754214e+07 1.149660e+08
1.177970e+10 1.310986e+10
-2.198793e+09 -1.461700e+09
3.808044e+17 -6.200601e+17
2.870910e+10 8.631418e+09
-1.042576e+01 -3.089393e+06
8.595388e+08 1.458861e+09
2.285493e+06 -2.996899e+06
-8.390842e+04 -2.172954e+06
-1.550272e+10 1.009846e+10
-1.280924e+09 -4.154861e+10
1.279817e+12 -1.233747e+12
-1.423265e+09 -1.057769e+09
-6.252334e+11 9.447069e+11
6.648175e+04 1.948570e+06
2.093686e+07 1.283669e+08
6.252487e+11 -9.445684e+11
7.951014e+05 -7.829905e+00
2.949652e+14 -1.516263e+14
-8.084977e+10 5.073953e+10
2.161175e+11 1.216905e+12
4.068277e+07 2.388475e+00
-3.323658e+08 3.190157e+08
-6.155595e+09 8.646873e+08
1.309062e+13 -4.701735e+12
-1.704190e+09 -4.252126e+08
-2.739174e+06 8.192464e+05
3.466600e+15 -4.952964e+15
1.837694e+06 3.487590e+06
-5.786706e+10 -1.678460e+10
-3.808509e+17 6.200904e+17
-5.828874e+08 3.591064e+08
1.697937e+13 -5.487330e+12
4.692998e+09 -3.056585e+09
-1.695599e+08 6.339259e+08
5.960089e+11 -5.876309e+11
1.511314e+08 2.830676e+08
2.312269e+10 3.552499e+10
-6.038634e+06 1.043292e+07
5.357561e+08 -5.767437e+08
-3.066504e+06 -1.466836e+07
3.097827e+06 1.463964e+07
9.468329e+00 -1.522787e+07
-1.861676e+11 3.731590e+11
-9.132021e+07 2.780080e+07
-1.496403e+08 -1.189219e+08
-2.074659e+07 -3.385950e+07
-7.266040e+00 1.368211e+07
2.907708e+09 5.595160e+09
-7.673260e+07 2.067511e+08
2.255259e+15 -1.067871e+16
1.290723e+07 -6.561102e+06
-3.630972e+06 -1.473209e+07
5.811736e+08 -3.589258e+08
-1.174206e+06 -3.769490e+06
-4.852822e+16 -1.805347e+17
-7.668128e+05 -2.123371e+00
7.711077e+07 -6.212832e+06
-1.161353e+09 -1.116306e+08
-5.922022e+06 -9.562719e+05
-5.358005e+08 5.767388e+08
-5.094604e+06 -5.827762e+06
-1.123043e+08 1.258912e+08
-3.249190e+11 -6.319869e+10
-7.899920e+10 2.894431e+11
-1.252036e+00 8.085373e+05
-4.783086e+12 -1.510992e+11
1.443506e+08 -5.356641e+07
5.529470e+13 -9.577961e+13
9.561238e+00 -3.618997e+07
5.323614e+06 -6.599163e+06
-2.268010e+05 -1.920381e+06
4.448563e+08 -1.024880e+08
3.435889e+05 1.925763e+06
1.158187e+06 3.731341e+06
-8.558635e+10 9.606566e+09
-6.952460e+06 -1.962425e+05
-2.160827e+11 -1.216711e+12
1.433961e+10 2.887459e+10
-2.320087e+11 -5.201921e+11
-7.743046e+15 3.184334e+14
3.524356e+06 1.523777e+07
1.122631e+08 -1.258975e+08
1.248110e+06 1.377851e+07
7.899331e+10 -2.894325e+11
-2.798443e+08 -2.644653e+08
1.289579e+14 4.246880e+13
4.149105e+08 1.305797e+08
3.385963e+09 -5.889457e+08
7.677189e+07 -2.067440e+08
1.161313e+09 1.119168e+08
2.809293e+08 -2.376720e+08
1.798402e+09 1.786366e+09
-2.060620e+08 3.597585e+08
5.691189e+08 1.038491e+09
-6.457609e+06 -2.977318e+06
4.050901e+07 5.817211e+06
-5.529808e+13 9.578898e+13
-4.047239e+07 -5.640268e+06
-6.296464e+06 -1.021828e+07
7.743614e+15 -3.184958e+14
-3.863507e+07 8.930813e+05
2.012304e+11 -4.480640e+10
-1.279782e+12 1.233792e+12
-1.997090e+07 7.274254e+07
-2.012863e+11 4.481490e+10
2.798408e+08 2.644705e+08
2.253792e+07 3.475252e+07
-5.248902e+05 -1.490457e+07
-3.824369e-01 2.734399e+06
2.191278e+06 -2.818737e+06
4.050721e+08 1.369624e+08
3.249075e+11 6.318849e+10
-3.192779e+06 4.992134e+06
2.199482e+09 1.462114e+09
2.481874e+12 -3.458314e+12
-4.443842e+08 1.032809e+08
2.405826e+08 1.100151e+07
-1.433937e+10 -2.887638e+10
1.009273e+21 -8.337821e+20
1.542399e+05 4.102695e+06
-4.037510e+00 2.292791e+06
2.115488e+07 -7.549381e+07
6.139319e+13 -4.271303e+13
1.076979e+01 9.042641e+05
6.205649e+08 -4.530036e+08
-2.776040e+06 -2.731552e+05
1.278547e+07 -8.486838e+05
9.189613e+07 -2.707671e+07
-2.809036e+08 1.578793e+08
8.430189e+06 7.143347e+05
-2.795678e+14 -5.327970e+14
-3.384176e+09 5.907891e+08
2.531265e+07 -9.696830e+07
7.965790e+09 6.810955e+09
-5.472689e+07 1.644980e+06
2.774207e+07 -7.730887e+07
-8.431895e+07 9.729659e+07
-2.255287e+15 1.067793e+16
7.582594e+07 3.627507e+07
1.550328e+09 4.617759e+09
1.861557e+11 -3.731404e+11
-6.139619e+13 4.271199e+13
-3.670158e+10 -1.200167e+10
2.618331e+10 6.528522e+08
-2.618203e+10 -6.527859e+08
8.471629e+07 -9.682358e+07
-3.977984e+07 1.437029e+08
4.853119e+16 1.805170e+17
-3.788668e+06 -9.565341e+06
-5.971859e+00 -3.209745e+06
-1.473554e+07 3.533445e+08
7.807582e+08 -4.605060e+07
2.143405e+06 -1.316858e+06
-2.147233e+06 1.326374e+06
-4.432006e+09 -2.123572e+09
5.468543e+07 -2.901280e+06
-1.456009e+00 2.053444e+07
-2.574294e+19 -5.421191e+19
3.018999e+07 -2.307815e+07
6.412879e+05 6.650245e+00
-5.137623e+06 -9.401318e+06
-1.435559e+08 5.363760e+07
6.317485e+06 3.059432e+06
1.646743e+06 -3.931169e+00
-4.968525e+08 -1.260363e+08
-1.970658e+06 -7.048105e+06
3.980077e+07 -1.437692e+08
-1.956764e+07 8.239835e+06
1.917878e+06 5.543252e+06
-2.312598e+10 -3.553007e+10
-1.009458e+21 8.339452e+20
1.256657e+05 4.748560e+00
-2.530166e+07 9.702552e+07
-3.034479e+13 -1.104448e+13
4.286102e+08 -4.138931e+10
-7.134027e+00 -3.193436e+06
-7.963556e+06 -9.220604e+07
-7.389620e+09 -9.552499e+10
-1.550798e+09 -4.618920e+09
1.421311e+09 1.057163e+09
-1.029343e+08 -3.291109e+08
6.918961e+07 1.161738e+08
-5.696680e+08 -1.039382e+09
-1.697202e+06 -5.758521e+00
1.902511e+00 -2.299998e+06
-2.950121e+14 1.516467e+14
1.999905e+15 2.160439e+16
-6.715862e+06 -2.584371e+00
2.810497e+09 1.607238e+09
-8.910527e+00 2.751508e+06
-7.841888e+08 3.889564e+07
-2.995569e+07 2.306205e+07
6.759474e+06 -1.032423e+00
-1.850266e+08 1.582417e+08
-5.965751e+11 5.876307e+11
-1.897705e+05 -1.539745e+07
-2.143927e+13 7.742518e+14
-1.949924e+11 8.895965e+11
4.048420e+06 -1.082650e+07
4.250396e+07 6.466279e+06
-7.239299e+07 -1.229756e+08
2.318432e+07 -1.727334e+06
7.590650e+00 3.075037e+06
-3.781901e+07 -1.094745e+07
5.127226e+06 9.373435e+06
-4.427153e+09 1.302728e+09
-1.753228e+12 -1.932718e+12
4.717484e+07 -1.211180e+07
1.218580e+12 1.839161e+11
1.950464e+07 -8.342700e+06
3.127197e+08 8.115406e+08
-1.767989e+08 -1.874121e+08
-1.098589e+06 -6.056045e+05
-7.661168e+06 1.591569e+06
2.593200e+08 -3.388431e+07
9.941846e+00 9.818422e+05
4.789326e+06 4.169908e+06
6.097389e+10 1.289104e+10
3.830869e+06 5.007190e+06
7.605766e+11 -1.421660e+11
-1.745064e+05 -4.210651e+04
-9.768058e+08 4.229708e+07
7.675919e+08 6.787380e+08
-1.096386e+15 9.881661e+14
-1.514999e+08 -2.827127e+08
-1.177321e+06 -1.118378e+06
3.781427e+07 1.102755e+07
4.691753e+09 1.943551e+10
-7.622825e+05 -5.374319e+00
2.833283e+00 2.319000e+06
-1.698435e+13 5.491018e+12
-2.698562e+07 -1.635760e+07
-4.669356e+08 -1.318870e+08
7.466056e+00 1.018355e+07
1.550401e+10 -1.009947e+10
-1.290052e+14 -4.248074e+13
7.789388e+06 9.452040e+06
-3.856040e+06 1.071254e+07
-4.284440e+08 4.138917e+10
2.785359e+08 7.149305e+07
4.688165e+06 -8.665505e+05
2.713957e+06 -7.608743e+05
-3.877794e+07 1.706629e+07
-1.999954e+15 -2.160413e+16
-2.480495e+06 2.440328e+00
3.909954e+11 -6.810501e+10
1.643272e+11 -1.176898e+09
-1.643553e+11 1.176955e+09
8.514674e+10 2.812593e+10
-1.309190e+13 4.702137e+12
4.785191e+12 1.511477e+11
5.787771e+10 1.678740e+10
-2.026643e+07 3.906918e+07
3.670840e+10 1.200068e+10
1.478307e+07 -3.537327e+08
5.282663e+06 -1.051243e+07
-3.111164e+09 -1.884104e+08
5.973384e+05 -7.772728e+00
4.815980e+09 9.256280e+08
-7.651053e+07 -3.642346e+07
5.660754e+06 -2.219270e+07
-9.128085e+00 -1.000603e+07
-1.316332e+06 9.087115e+00
2.320854e+11 5.203827e+11
-7.657860e+07 6.180560e+07
-2.262139e+07 2.347750e+06
6.454692e+07 5.340571e+07
-1.137416e+07 4.939325e+07
-3.733281e+10 5.027326e+10
-6.005774e+08 1.023780e+08
1.797235e+06 -5.023671e+00
2.119650e+08 -2.079379e+08
2.144031e+13 -7.742423e+14
-8.606230e+08 -1.457517e+09
-8.337964e+08 1.701639e+09
-7.772018e+07 6.527911e+06
1.096413e+15 -9.881782e+14
-1.205012e+07 2.226779e+06
3.111583e+09 1.877001e+08
2.574577e+19 5.422449e+19
-2.785582e+08 -7.163211e+07
-6.972047e+07 -1.152888e+08
-5.592971e+06 2.225176e+07
-8.333535e+06 -1.029667e+06
7.395705e+05 5.783655e+06
-4.142016e+09 5.384510e+10
2.061159e+08 -3.597775e+08
2.876380e+11 4.497917e+12
3.733509e+10 -5.027085e+10
1.697230e+08 -6.340167e+08
4.651622e+08 1.331779e+08
-3.134584e+08 -8.100501e+08
1.006679e+06 3.857389e+00
7.870968e+06 -1.070755e+01
7.311310e+05 1.474985e+07
-7.669819e+08 -6.780620e+08
1.017465e+08 3.299201e+08
-6.514196e+07 -5.367891e+07
1.949825e+11 -8.895442e+11
-4.208493e+07 -6.540945e+06
6.203964e+06 1.123699e+06
1.687990e+10 1.172584e+10
8.065346e+00 -9.317826e+06
8.321594e+08 -1.701458e+09
9.768114e+08 -4.230181e+07
-5.867282e+06 5.968087e+06
-6.254343e+06 -3.397998e+06
-1.717417e+07 -6.085986e+00
7.271198e+06 4.930825e+06
