2.088534e+06 7.446459e+00
8.294268e+06 -1.460536e+06
8.681777e+09 1.122041e+11
2.060141e+12 2.271166e+12
-1.555826e+12 -2.127713e+12
-5.661405e+09 -1.087603e+09
1.613345e+07 -5.776829e+07
-7.274243e+06 -5.971658e+06
-2.401380e+06 -1.585709e+07
-5.294500e+06 -5.589382e+00
7.666047e+05 -1.678543e+06
-3.559667e+07 9.475365e+07
4.866868e+09 -6.327264e+10
5.202157e+09 -1.530520e+09
-5.241226e+10 -1.135074e+10
5.208022e+09 2.495391e+09
-1.389381e+06 4.499625e+07
-6.988855e+06 -2.427665e+06
2.012228e+07 -8.384943e+00
-2.493636e+08 2.439110e+08
-2.268749e+06 -4.550589e+06
-4.007001e+09 1.498537e+09
1.507372e+09 4.882337e+10
-7.164206e+10 -1.514618e+10
-5.496843e+07 1.075411e+08
-1.430697e+07 1.416550e+06
7.794668e+05 -1.467781e+05
9.113045e+07 -7.115879e+07
-2.284094e+13 -6.204220e+12
8.924488e+00 -3.712936e+06
4.476940e+07 -2.021835e+07
-1.368557e+08 2.678348e+07
-3.373595e+10 -1.014093e+10
-3.303672e+09 -1.888754e+09
-4.214746e+07 -6.000512e+06
9.503135e+10 -5.964205e+10
3.285917e+14 6.262249e+14
8.036302e+05 1.497944e+06
5.242414e+10 1.135312e+10
1.765741e+08 1.421569e+08
1.006298e+11 -1.129348e+10
2.215422e+06 4.543363e+06
-6.373402e+00 -2.138990e+06
-1.983884e+10 -1.378249e+10
1.505900e+07 1.092114e+08
2.219678e+06 -2.105935e+06
-2.918131e+12 4.065999e+12
1.390800e+06 -1.060264e+06
1.369197e+08 -2.690233e+07
-2.113981e+09 -2.099999e+09
7.068217e+08 -1.219486e+08
3.182996e+07 1.905527e+07
5.786513e+00 -1.625605e+06
1.617481e+07 -1.818601e+06
3.566451e+13 1.298157e+13
4.005413e+09 -1.499544e+09
-4.595463e+11 8.003658e+10
5.844794e+08 1.482573e+08
4.208110e+06 1.094132e+07
-4.717899e+07 -1.420415e+08
-1.995514e+13 -2.680751e+13
-8.937593e+11 1.670808e+11
6.759459e+07 -1.354373e+08
2.103333e+08 2.335594e+08
-4.072810e+15 5.820197e+15
-3.758669e+08 1.230259e+08
2.254117e+07 -4.583224e+07
-1.432008e+12 -2.161354e+11
-9.362855e+09 -8.004153e+09
7.234705e+09 -1.015965e+09
5.274410e+06 1.114689e+01
-1.384577e+10 -1.540843e+10
2.284331e+13 6.203961e+12
2.004227e+09 4.989492e+08
1.174790e+05 1.850167e+00
-1.000566e+11 -3.306038e+10
-3.377016e+11 -5.282709e+12
-3.372016e+09 -6.566166e+09
-3.736150e+06 3.862390e+06
-4.868702e+08 -1.534714e+08
-5.567736e+09 -2.281508e+10
1.995555e+13 2.680751e+13
-5.516193e+09 3.592799e+09
5.504487e+07 -1.076233e+08
-7.295754e+08 5.327115e+08
-2.831027e+08 -1.410043e+07
-6.429942e-02 -1.816646e+07
1.555958e+12 2.127689e+12
-2.196863e+06 7.812140e+00
-1.749248e+05 7.006621e+00
-6.763331e+07 1.351209e+08
1.384516e+10 1.540908e+10
-2.584616e+09 -1.718165e+09
4.476061e+17 -7.288314e+17
3.374594e+10 1.014545e+10
5.845625e+00 -3.631659e+06
1.010353e+09 1.714841e+09
2.686553e+06 -3.522696e+06
-9.878052e+04 -2.554123e+06
-1.822234e+10 1.187016e+10
-1.505573e+09 -4.883447e+10
1.504226e+12 -1.450081e+12
-1.672783e+09 -1.243214e+09
-7.348676e+11 1.110350e+12
7.802533e+04 2.290142e+06
2.460790e+07 1.508795e+08
7.349517e+11 -1.110270e+12
9.345641e+05 -5.126527e+00
3.467174e+14 -1.782321e+14
-9.503155e+10 5.963960e+10
2.540437e+11 1.430411e+12
4.781414e+07 4.060811e+00
-3.906453e+08 3.749586e+08
-7.235180e+09 1.016329e+09
1.538730e+13 -5.526410e+12
-2.003734e+09 -4.999438e+08
-3.219631e+06 9.630222e+05
4.074504e+15 -5.821286e+15
2.160228e+06 4.099773e+06
-6.801518e+10 -1.972819e+10
-4.476387e+17 7.288390e+17
-6.886733e+08 4.242659e+08
1.995757e+13 -6.449228e+12
5.516098e+09 -3.592713e+09
-1.993023e+08 7.451215e+08
7.005320e+11 -6.906594e+11
1.776333e+08 3.327081e+08
2.717760e+10 4.175455e+10
-7.098559e+06 1.226452e+07
6.297236e+08 -6.778930e+08
-3.603983e+06 -1.723976e+07
3.641017e+06 1.720673e+07
-3.470599e-01 -1.789936e+07
-2.189269e+11 4.388316e+11
-1.073387e+08 3.267601e+07
-1.758903e+08 -1.397818e+08
-2.438582e+07 -3.979918e+07
5.358995e+00 1.608256e+07
3.417727e+09 6.576504e+09
-9.019042e+07 2.430148e+08
2.650975e+15 -1.255234e+16
1.517084e+07 -7.711811e+06
-4.267994e+06 -1.731690e+07
6.866379e+08 -4.240601e+08
-1.380026e+06 -4.430631e+06
-5.705349e+16 -2.122458e+17
-9.014129e+05 -5.007524e-01
9.063845e+07 -7.302875e+06
-1.365043e+09 -1.312095e+08
-6.960951e+06 -1.124021e+06
-6.297724e+08 6.778803e+08
-5.987983e+06 -6.849623e+06
-1.319968e+08 1.479686e+08
-3.818971e+11 -7.427969e+10
-9.285190e+10 3.401956e+11
4.428449e+00 9.503162e+05
-5.622010e+12 -1.776000e+11
1.696736e+08 -6.296281e+07
6.499480e+13 -1.125828e+14
3.388718e+00 -4.254152e+07
6.258250e+06 -7.757703e+06
-2.663268e+05 -2.256975e+06
5.229422e+08 -1.204787e+08
4.037877e+05 2.263439e+06
1.361084e+06 4.385489e+06
-1.005951e+11 1.129113e+10
-8.171451e+06 -2.307400e+05
-2.540061e+11 -1.430262e+12
1.685513e+10 3.394026e+10
-2.727023e+11 -6.114374e+11
-9.101035e+15 3.742891e+14
4.142526e+06 1.791051e+07
1.319475e+08 -1.479688e+08
1.466776e+06 1.619381e+07
9.284310e+10 -3.401814e+11
-3.289227e+08 -3.108453e+08
1.515804e+14 4.992026e+13
4.878320e+08 1.535322e+08
3.980110e+09 -6.922960e+08
9.023487e+07 -2.430001e+08
1.364980e+09 1.315466e+08
3.302158e+08 -2.793659e+08
2.113825e+09 2.099690e+09
-2.422242e+08 4.228987e+08
6.689366e+08 1.220637e+09
-7.590498e+06 -3.499645e+06
4.761219e+07 6.837205e+06
-6.499750e+13 1.125933e+14
-4.757105e+07 -6.629668e+06
-7.401093e+06 -1.201070e+07
9.101698e+15 -3.743553e+14
-4.541197e+07 1.049883e+06
2.365360e+11 -5.266733e+10
-1.504254e+12 1.450220e+12
-2.347425e+07 8.550196e+07
-2.365872e+11 5.267478e+10
3.289314e+08 3.108668e+08
2.649166e+07 4.084851e+07
-6.169990e+05 -1.751863e+07
-3.697975e+00 3.214108e+06
2.575739e+06 -3.313229e+06
4.761167e+08 1.609821e+08
3.818897e+11 7.427010e+10
-3.752699e+06 5.867759e+06
2.585322e+09 1.718629e+09
2.917739e+12 -4.065661e+12
-5.224143e+08 1.214169e+08
2.827986e+08 1.293228e+07
-1.685435e+10 -3.394241e+10
1.186319e+21 -9.800236e+20
1.812203e+05 4.822440e+06
7.447565e+00 2.694836e+06
2.486499e+07 -8.873466e+07
7.216254e+13 -5.020688e+13
-1.307876e+00 1.062972e+06
7.294556e+08 -5.324941e+08
-3.263391e+06 -3.212989e+05
1.502828e+07 -9.976785e+05
1.080208e+08 -3.182716e+07
-3.301926e+08 1.855836e+08
9.908798e+06 8.397385e+05
-3.286053e+14 -6.262510e+14
-3.978092e+09 6.944673e+08
2.975161e+07 -1.139729e+08
9.363695e+09 8.006210e+09
-6.432226e+07 1.933548e+06
3.260703e+07 -9.086581e+07
-9.911624e+07 1.143712e+08
-2.651030e+15 1.255182e+16
8.912474e+07 4.263754e+07
1.822228e+09 5.427559e+09
2.189058e+11 -4.387947e+11
-7.216479e+13 5.020427e+13
-4.313863e+10 -1.410647e+10
3.077550e+10 7.673373e+08
-3.077358e+10 -7.672744e+08
9.957842e+07 -1.138095e+08
-4.675425e+07 1.688996e+08
5.705468e+16 2.122259e+17
-4.453338e+06 -1.124364e+07
7.634019e+00 -3.772789e+06
-1.732135e+07 4.153623e+08
9.178038e+08 -5.413514e+07
2.519250e+06 -1.547844e+06
-2.523813e+06 1.558965e+06
-5.209676e+09 -2.496180e+09
6.427879e+07 -3.410321e+06
2.936256e+00 2.413664e+07
-3.025911e+19 -6.372276e+19
3.548685e+07 -2.712727e+07
7.538979e+05 -3.735819e+00
-6.039089e+06 -1.105096e+07
-1.687421e+08 6.304909e+07
7.425874e+06 3.596436e+06
1.935778e+06 4.279773e+00
-5.840076e+08 -1.481454e+08
-2.316444e+06 -8.284484e+06
4.678184e+07 -1.689856e+08
-2.300053e+07 9.685558e+06
2.254438e+06 6.515532e+06
-2.718286e+10 -4.176308e+10
-1.186529e+21 9.802274e+20
1.477045e+05 5.503230e+00
-2.973937e+07 1.140433e+08
-3.566674e+13 -1.298171e+13
5.037799e+08 -4.864774e+10
7.596318e+00 -3.753647e+06
-9.360189e+06 -1.083746e+08
-8.685430e+09 -1.122734e+11
-1.822769e+09 -5.428989e+09
1.670584e+09 1.242577e+09
-1.209936e+08 -3.868558e+08
8.132613e+07 1.365514e+08
-6.695895e+08 -1.221700e+09
-1.994998e+06 4.635422e+00
-4.670924e+00 -2.703687e+06
-3.467859e+14 1.782636e+14
2.350687e+15 2.539370e+16
-7.894145e+06 -9.738634e+00
3.303520e+09 1.889176e+09
6.888196e+00 3.234222e+06
-9.218643e+08 4.572424e+07
-3.521178e+07 2.710798e+07
7.945508e+06 3.962302e-01
-2.174936e+08 1.860096e+08
-7.012204e+11 6.907071e+11
-2.231232e+05 -1.809804e+07
-2.520019e+13 9.100693e+14
-2.291936e+11 1.045615e+12
4.758346e+06 -1.272520e+07
4.995876e+07 7.600422e+06
-8.509535e+07 -1.445543e+08
2.725222e+07 -2.030585e+06
-3.715122e+00 3.614625e+06
-4.445322e+07 -1.286822e+07
6.027047e+06 1.101832e+07
-5.203930e+09 1.531336e+09
-2.060784e+12 -2.271757e+12
5.545119e+07 -1.423677e+07
1.432260e+12 2.161755e+11
2.292652e+07 -9.806114e+06
3.675710e+08 9.538871e+08
-2.079031e+08 -2.203859e+08
-1.291268e+06 -7.118059e+05
-9.005038e+06 1.870748e+06
3.048166e+08 -3.982974e+07
1.997366e+00 1.153925e+06
5.629274e+06 4.901196e+06
7.166674e+10 1.515174e+10
4.502638e+06 5.885223e+06
8.939734e+11 -1.671007e+11
-2.049703e+05 -4.936526e+04
-1.148121e+09 4.971507e+07
9.022125e+08 7.977739e+08
-1.288681e+15 1.161487e+15
-1.780701e+08 -3.322968e+08
-1.383835e+06 -1.314657e+06
4.444817e+07 1.296198e+07
5.514743e+09 2.284450e+10
-8.961086e+05 9.720182e+00
3.854583e+00 2.725751e+06
-1.996296e+13 6.454056e+12
-3.171920e+07 -1.922705e+07
-5.488452e+08 -1.550229e+08
6.880248e-01 1.196999e+07
1.822446e+10 -1.187158e+10
-1.516513e+14 -4.993740e+13
9.155970e+06 1.111050e+07
-4.532624e+06 1.259161e+07
-5.035523e+08 4.864767e+10
3.273780e+08 8.403145e+07
5.510936e+06 -1.018849e+06
3.190153e+06 -8.945313e+05
-4.558104e+07 2.006022e+07
-2.350712e+15 -2.539264e+16
-2.915682e+06 -8.736103e-01
4.595737e+11 -8.004912e+10
1.931556e+11 -1.383318e+09
-1.931838e+11 1.383397e+09
1.000813e+11 3.305934e+10
-1.538874e+13 5.527042e+12
5.624466e+12 1.776578e+11
6.803021e+10 1.973176e+10
-2.382137e+07 4.592240e+07
4.314868e+10 1.410622e+10
1.737889e+07 -4.158412e+08
6.210391e+06 -1.235875e+07
-3.656924e+09 -2.214610e+08
7.022214e+05 8.017389e+00
5.661006e+09 1.088032e+09
-8.993144e+07 -4.281282e+07
6.653796e+06 -2.608565e+07
1.050793e+01 -1.176159e+07
-1.547283e+06 -3.841364e+00
2.727960e+11 6.116598e+11
-9.001496e+07 7.264990e+07
-2.659080e+07 2.759650e+06
7.587645e+07 6.277971e+07
-1.336971e+07 5.805998e+07
-4.388318e+10 5.909332e+10
-7.059867e+08 1.203446e+08
2.112657e+06 -1.714404e-01
2.491434e+08 -2.444116e+08
2.520123e+13 -9.100599e+14
-1.011575e+09 -1.713163e+09
-9.803136e+08 2.000685e+09
-9.135141e+07 7.672779e+06
1.288694e+15 -1.161463e+15
-1.416339e+07 2.617219e+06
3.657243e+09 2.206162e+08
3.026132e+19 6.373534e+19
-3.274063e+08 -8.419505e+07
-8.195000e+07 -1.355125e+08
-6.573872e+06 2.615378e+07
-9.795346e+06 -1.210231e+06
8.692833e+05 6.798119e+06
-4.868398e+09 6.328799e+10
2.422965e+08 -4.229320e+08
3.381279e+11 5.287439e+12
4.388409e+10 -5.908845e+10
1.994938e+08 -7.452194e+08
5.467515e+08 1.565352e+08
-3.684374e+08 -9.520739e+08
1.183226e+06 -1.676658e+00
9.250537e+06 7.811698e+00
8.593600e+05 1.733655e+07
-9.014768e+08 -7.969628e+08
1.195947e+08 3.878036e+08
-7.657202e+07 -6.309826e+07
2.291789e+11 -1.045563e+12
-4.946590e+07 -7.688008e+06
7.292497e+06 1.320841e+06
1.984116e+10 1.378137e+10
-2.815663e-01 -1.095729e+07
9.784184e+08 -2.000458e+09
1.148117e+09 -4.972135e+07
-6.897564e+06 7.015940e+06
-7.351562e+06 -3.994042e+06
-2.018682e+07 1.118142e-02
8.546520e+06 5.794908e+06
