2.145685e+06 -5.118915e+00
8.520622e+06 -1.500396e+06
8.918605e+09 1.152656e+11
2.116337e+12 2.333114e+12
-1.598268e+12 -2.185749e+12
-5.815863e+09 -1.117275e+09
1.657348e+07 -5.934575e+07
-7.472792e+06 -6.134634e+06
-2.466898e+06 -1.628966e+07
-5.438948e+06 8.802551e+00
7.875044e+05 -1.724349e+06
-3.656752e+07 9.733770e+07
4.999615e+09 -6.499837e+10
5.344083e+09 -1.572277e+09
-5.384220e+10 -1.166043e+10
5.350168e+09 2.563494e+09
-1.427318e+06 4.622446e+07
-7.179455e+06 -2.493866e+06
2.067113e+07 1.006163e+01
-2.561651e+08 2.505637e+08
-2.330661e+06 -4.674720e+06
-4.116296e+09 1.539411e+09
1.548492e+09 5.015536e+10
-7.359639e+10 -1.555933e+10
-5.646814e+07 1.104752e+08
-1.469726e+07 1.455176e+06
8.007181e+05 -1.507815e+05
9.361698e+07 -7.309990e+07
-2.346392e+13 -6.373428e+12
3.606709e+00 -3.814197e+06
4.599117e+07 -2.077001e+07
-1.405888e+08 2.751399e+07
-3.465645e+10 -1.041756e+10
-3.393792e+09 -1.940276e+09
-4.329698e+07 -6.164156e+06
9.762347e+10 -6.126883e+10
3.375548e+14 6.433065e+14
8.254967e+05 1.538795e+06
5.385409e+10 1.166281e+10
1.813911e+08 1.460349e+08
1.033744e+11 -1.160151e+10
2.275813e+06 4.667228e+06
-3.535333e+00 -2.197311e+06
-2.038003e+10 -1.415845e+10
1.546969e+07 1.121899e+08
2.280207e+06 -2.163366e+06
-2.997799e+12 4.177010e+12
1.428717e+06 -1.089173e+06
1.406554e+08 -2.763621e+07
-2.171655e+09 -2.157285e+09
7.261095e+08 -1.252763e+08
3.269813e+07 1.957497e+07
-6.540613e+00 -1.669905e+06
1.661601e+07 -1.868184e+06
3.663719e+13 1.333563e+13
4.114641e+09 -1.540438e+09
-4.720785e+11 8.221947e+10
6.004211e+08 1.523008e+08
4.322891e+06 1.123984e+07
-4.846567e+07 -1.459151e+08
-2.049963e+13 -2.753883e+13
-9.181400e+11 1.716382e+11
6.943796e+07 -1.391313e+08
2.160861e+08 2.399471e+08
-4.183931e+15 5.978965e+15
-3.861190e+08 1.263813e+08
2.315595e+07 -4.708224e+07
-1.471059e+12 -2.220293e+11
-9.618488e+09 -8.222688e+09
7.432020e+09 -1.043674e+09
5.418262e+06 -5.074236e+00
-1.422337e+10 -1.582866e+10
2.346630e+13 6.373170e+12
2.058994e+09 5.125829e+08
1.206675e+05 1.073167e+00
-1.027857e+11 -3.396199e+10
-3.469282e+11 -5.426989e+12
-3.464044e+09 -6.745348e+09
-3.838094e+06 3.967780e+06
-5.001833e+08 -1.576678e+08
-5.719703e+09 -2.343770e+10
2.050004e+13 2.753883e+13
-5.666665e+09 3.690799e+09
5.654628e+07 -1.105588e+08
-7.494818e+08 5.472464e+08
-2.908278e+08 -1.448517e+07
-5.049484e+00 -1.866203e+07
1.598400e+12 2.185725e+12
-2.256799e+06 -3.545331e+00
-1.796918e+05 9.718289e+00
-6.947816e+07 1.388066e+08
1.422276e+10 1.582930e+10
-2.655132e+09 -1.765042e+09
4.598145e+17 -7.487099e+17
3.466645e+10 1.042221e+10
-1.512781e+00 -3.730729e+06
1.037923e+09 1.761632e+09
2.759821e+06 -3.618763e+06
-1.014697e+05 -2.623789e+06
-1.871943e+10 1.219397e+10
-1.546640e+09 -5.016646e+10
1.545256e+12 -1.489634e+12
-1.718415e+09 -1.277129e+09
-7.549164e+11 1.140642e+12
8.013192e+04 2.352601e+06
2.527909e+07 1.549947e+08
7.550005e+11 -1.140561e+12
9.600266e+05 8.307387e+00
3.561786e+14 -1.830955e+14
-9.762371e+10 6.126636e+10
2.609768e+11 1.469450e+12
4.911808e+07 -5.575364e+00
-4.013006e+08 3.851853e+08
-7.432493e+09 1.044044e+09
1.580706e+13 -5.677176e+12
-2.058489e+09 -5.136041e+08
-3.307457e+06 9.892730e+05
4.185625e+15 -5.980054e+15
2.219177e+06 4.211679e+06
-6.987032e+10 -2.026629e+10
-4.598471e+17 7.487175e+17
-7.080076e+08 4.361766e+08
2.050196e+13 -6.625228e+12
5.666565e+09 -3.690714e+09
-2.047394e+08 7.654488e+08
7.196394e+11 -7.094976e+11
1.824784e+08 3.417840e+08
2.791902e+10 4.289367e+10
-7.292369e+06 1.259935e+07
6.469002e+08 -6.963837e+08
-3.702245e+06 -1.770990e+07
3.740276e+06 1.767595e+07
-4.228827e+00 -1.838767e+07
-2.249150e+11 4.508345e+11
-1.102669e+08 3.356748e+07
-1.806886e+08 -1.435950e+08
-2.505103e+07 -4.088483e+07
-4.853966e+00 1.652126e+07
3.510949e+09 6.755912e+09
-9.265039e+07 2.496425e+08
2.723309e+15 -1.289483e+16
1.558454e+07 -7.922103e+06
-4.384392e+06 -1.778928e+07
7.059133e+08 -4.359645e+08
-1.417633e+06 -4.551447e+06
-5.861164e+16 -2.180416e+17
-9.259447e+05 7.249349e+00
9.311079e+07 -7.502034e+06
-1.402281e+09 -1.347885e+08
-7.150846e+06 -1.154642e+06
-6.469498e+08 6.963708e+08
-6.151265e+06 -7.036401e+06
-1.355966e+08 1.520045e+08
-3.923131e+11 -7.630551e+10
-9.538426e+10 3.494747e+11
7.127493e+00 9.761916e+05
-5.775381e+12 -1.824445e+11
1.743027e+08 -6.468051e+07
6.676803e+13 -1.156545e+14
4.650010e+00 -4.370261e+07
6.429151e+06 -7.969540e+06
-2.735625e+05 -2.318499e+06
5.372178e+08 -1.237675e+08
4.147712e+05 2.325144e+06
1.398225e+06 4.505129e+06
-1.033398e+11 1.159916e+10
-8.394321e+06 -2.370013e+05
-2.609393e+11 -1.469300e+12
1.731492e+10 3.486617e+10
-2.801408e+11 -6.281153e+11
-9.349267e+15 3.844991e+14
4.255499e+06 1.839910e+07
1.355474e+08 -1.520050e+08
1.506764e+06 1.663550e+07
9.537545e+10 -3.494606e+11
-3.378964e+08 -3.193256e+08
1.557179e+14 5.128272e+13
5.011644e+08 1.577280e+08
4.088723e+09 -7.111878e+08
9.269595e+07 -2.496274e+08
1.402214e+09 1.351348e+08
3.392250e+08 -2.869878e+08
2.171487e+09 2.156968e+09
-2.488353e+08 4.344410e+08
6.871813e+08 1.253932e+09
-7.797534e+06 -3.595074e+06
4.891052e+07 7.023649e+06
-6.677073e+13 1.156651e+14
-4.886876e+07 -6.810446e+06
-7.602933e+06 -1.233827e+07
9.349929e+15 -3.845654e+14
-4.665040e+07 1.078456e+06
2.429883e+11 -5.410396e+10
-1.545283e+12 1.489773e+12
-2.411447e+07 8.783388e+07
-2.430396e+11 5.411142e+10
3.379047e+08 3.193471e+08
2.721421e+07 4.196266e+07
-6.337856e+05 -1.799641e+07
1.103875e+01 3.301728e+06
2.645940e+06 -3.403567e+06
4.891022e+08 1.653727e+08
3.923057e+11 7.629589e+10
-3.855035e+06 6.027773e+06
2.655871e+09 1.765519e+09
2.997406e+12 -4.176672e+12
-5.366766e+08 1.247318e+08
2.905148e+08 1.328512e+07
-1.731413e+10 -3.486831e+10
1.218680e+21 -1.006757e+21
1.861201e+05 4.953959e+06
-2.920089e+00 2.768306e+06
2.554324e+07 -9.115496e+07
7.413111e+13 -5.157642e+13
1.061330e+01 1.091916e+06
7.493558e+08 -5.470203e+08
-3.352359e+06 -3.300162e+05
1.543807e+07 -1.024836e+06
1.109674e+08 -3.269545e+07
-3.392010e+08 1.906463e+08
1.017908e+07 8.626034e+05
-3.375684e+14 -6.433326e+14
-4.086649e+09 7.134202e+08
3.056320e+07 -1.170820e+08
9.619330e+09 8.224771e+09
-6.607681e+07 1.986246e+06
3.349620e+07 -9.334387e+07
-1.018205e+08 1.174916e+08
-2.723364e+15 1.289431e+16
9.155581e+07 4.380052e+07
1.871933e+09 5.575616e+09
2.248939e+11 -4.507976e+11
-7.413336e+13 5.157381e+13
-4.431536e+10 -1.449124e+10
3.161492e+10 7.882673e+08
-3.161300e+10 -7.882036e+08
1.022962e+08 -1.169152e+08
-4.802946e+07 1.735063e+08
5.861283e+16 2.180217e+17
-4.574798e+06 -1.155034e+07
-1.068913e+01 -3.875689e+06
-1.779409e+07 4.266987e+08
9.428583e+08 -5.561292e+07
2.587931e+06 -1.590029e+06
-2.592619e+06 1.601452e+06
-5.351819e+09 -2.564285e+09
6.603197e+07 -3.503308e+06
7.704728e-01 2.479486e+07
-3.108447e+19 -6.546104e+19
3.645489e+07 -2.786727e+07
7.744181e+05 -7.415555e+00
-6.203783e+06 -1.135237e+07
-1.733456e+08 6.476904e+07
7.628416e+06 3.694511e+06
1.988548e+06 -2.802363e+00
-5.999356e+08 -1.521860e+08
-2.379577e+06 -8.510377e+06
4.805770e+07 -1.735936e+08
-2.362775e+07 9.949635e+06
2.315863e+06 6.693156e+06
-2.792427e+10 -4.290220e+10
-1.218889e+21 1.006961e+21
1.516951e+05 5.298501e+00
-3.055050e+07 1.171537e+08
-3.663942e+13 -1.333577e+13
5.175175e+08 -4.997435e+10
-8.278567e+00 -3.855956e+06
-9.615370e+06 -1.113297e+08
-8.922280e+09 -1.153349e+11
-1.872480e+09 -5.577043e+09
1.716143e+09 1.276465e+09
-1.242942e+08 -3.974089e+08
8.354407e+07 1.402755e+08
-6.878493e+08 -1.255017e+09
-2.049365e+06 -4.204019e+00
8.797171e-01 -2.777379e+06
-3.562471e+14 1.831270e+14
2.414781e+15 2.608607e+16
-8.109412e+06 4.662602e+00
3.393616e+09 1.940698e+09
-2.791785e+00 3.322393e+06
-9.470252e+08 4.697208e+07
-3.617225e+07 2.784729e+07
8.162160e+06 8.808384e+00
-2.234262e+08 1.910832e+08
-7.203409e+11 7.095409e+11
-2.291642e+05 -1.859153e+07
-2.588747e+13 9.348890e+14
-2.354445e+11 1.074132e+12
4.888082e+06 -1.307219e+07
5.132113e+07 7.807656e+06
-8.741640e+07 -1.484970e+08
2.799548e+07 -2.085936e+06
-6.665690e+00 3.713163e+06
-4.566541e+07 -1.321912e+07
6.191394e+06 1.131880e+07
-5.345860e+09 1.573104e+09
-2.116980e+12 -2.333705e+12
5.696334e+07 -1.462497e+07
1.471311e+12 2.220694e+11
2.355173e+07 -1.007350e+07
3.775947e+08 9.798998e+08
-2.135876e+08 -2.264120e+08
-1.326442e+06 -7.311725e+05
-9.250563e+06 1.921720e+06
3.131314e+08 -4.091620e+07
9.671643e+00 1.185366e+06
5.782775e+06 5.034825e+06
7.362105e+10 1.556492e+10
4.625408e+06 6.045691e+06
9.183541e+11 -1.716579e+11
-2.105348e+05 -5.067567e+04
-1.179431e+09 5.107091e+07
9.268168e+08 8.195298e+08
-1.323826e+15 1.193163e+15
-1.829262e+08 -3.413592e+08
-1.421530e+06 -1.350466e+06
4.566032e+07 1.331544e+07
5.665149e+09 2.346755e+10
-9.204949e+05 -1.229960e+00
-4.617732e+00 2.800019e+06
-2.050736e+13 6.630056e+12
-3.258416e+07 -1.975134e+07
-5.638125e+08 -1.592505e+08
8.323183e+00 1.229637e+07
1.872154e+10 -1.219538e+10
-1.557889e+14 -5.129985e+13
9.405599e+06 1.141343e+07
-4.656184e+06 1.293495e+07
-5.172844e+08 4.997429e+10
3.363047e+08 8.632267e+07
5.661195e+06 -1.046594e+06
3.277086e+06 -9.188669e+05
-4.682389e+07 2.060717e+07
-2.414806e+15 -2.608501e+16
-2.995146e+06 -8.341010e+00
4.721059e+11 -8.223197e+10
1.984242e+11 -1.421045e+09
-1.984523e+11 1.421125e+09
1.028103e+11 3.396082e+10
-1.580850e+13 5.677809e+12
5.777837e+12 1.825023e+11
6.988537e+10 2.026985e+10
-2.447098e+07 4.717473e+07
4.432543e+10 1.449097e+10
1.785317e+07 -4.271903e+08
6.379870e+06 -1.269604e+07
-3.756658e+09 -2.275007e+08
7.213307e+05 1.075380e+01
5.815428e+09 1.117712e+09
-9.238414e+07 -4.398046e+07
6.835189e+06 -2.679689e+07
6.746265e+00 -1.208230e+07
-1.589443e+06 8.621158e+00
2.802345e+11 6.283377e+11
-9.247000e+07 7.463133e+07
-2.731606e+07 2.834894e+06
7.794652e+07 6.449247e+07
-1.373431e+07 5.964341e+07
-4.507996e+10 6.070489e+10
-7.252467e+08 1.236278e+08
2.170277e+06 -1.024231e+01
2.559380e+08 -2.510769e+08
2.588851e+13 -9.348795e+14
-1.039166e+09 -1.759890e+09
-1.007096e+09 2.055344e+09
-9.384330e+07 7.882057e+06
1.323839e+15 -1.193139e+15
-1.454973e+07 2.688588e+06
3.756979e+09 2.266327e+08
3.108667e+19 6.547362e+19
-3.363336e+08 -8.649065e+07
-8.418483e+07 -1.392079e+08
-6.753071e+06 2.686677e+07
-1.006244e+07 -1.243201e+06
8.929465e+05 6.983451e+06
-5.001148e+09 6.501373e+10
2.489082e+08 -4.344730e+08
3.473545e+11 5.431718e+12
4.508087e+10 -6.070003e+10
2.049350e+08 -7.655451e+08
5.616634e+08 1.608044e+08
-3.784851e+08 -9.780567e+08
1.215508e+06 9.012173e-01
9.502836e+06 -5.668267e+00
8.827480e+05 1.780936e+07
-9.260615e+08 -8.186970e+08
1.228572e+08 3.983828e+08
-7.866131e+07 -6.481988e+07
2.354298e+11 -1.074080e+12
-5.081492e+07 -7.897630e+06
7.491391e+06 1.356822e+06
2.038235e+10 1.415731e+10
8.130167e+00 -1.125688e+07
1.005150e+09 -2.055109e+09
1.179429e+09 -5.107736e+07
-7.085852e+06 7.207448e+06
-7.552031e+06 -4.102935e+06
-2.073730e+07 6.157753e+00
8.779604e+06 5.952964e+06
