5.893063e+04 -5.184828e-01
2.358075e+05 -4.155575e+04
2.476588e+08 3.202697e+09
5.868005e+10 6.468676e+10
-4.444754e+10 -6.075640e+10
-1.598741e+08 -3.070088e+07
4.576532e+05 -1.638048e+06
-2.061377e+05 -1.692178e+05
-6.837229e+04 -4.518134e+05
-1.497715e+05 -6.992488e+00
2.193393e+04 -4.795751e+04
-1.015644e+06 2.703249e+06
1.389189e+08 -1.806625e+09
1.471727e+08 -4.330040e+07
-1.490969e+09 -3.227894e+08
1.460998e+08 7.002365e+07
-3.876747e+04 1.253745e+06
-1.995898e+05 -6.931998e+04
5.725159e+05 -4.580082e+00
-7.078800e+06 6.921502e+06
-6.463750e+04 -1.297252e+05
-1.142930e+08 4.269646e+07
4.285910e+07 1.388340e+09
-2.041468e+09 -4.317358e+08
-1.564897e+06 3.062771e+06
-4.081400e+05 4.039876e+04
2.205250e+04 -4.178565e+03
2.578443e+06 -2.013606e+06
-6.529034e+11 -1.773334e+11
-6.421105e+00 -1.052479e+05
1.274404e+06 -5.753934e+05
-3.906724e+06 7.644511e+05
-9.601358e+08 -2.885422e+08
-9.369195e+07 -5.356328e+07
-1.197695e+06 -1.703902e+05
2.691896e+09 -1.689392e+09
9.345684e+12 1.781719e+13
2.364200e+04 4.189010e+04
1.490982e+09 3.230195e+08
5.000559e+06 4.025867e+06
2.862853e+09 -3.212957e+08
6.314088e+04 1.294432e+05
-2.613604e+00 -6.144240e+04
-5.616031e+08 -3.901462e+08
4.291543e+05 3.112414e+06
6.273553e+04 -5.952787e+04
-8.036595e+10 1.119843e+11
3.933468e+04 -2.998716e+04
3.909319e+06 -7.679946e+05
-5.993726e+07 -5.953400e+07
1.981705e+07 -3.418975e+06
9.032301e+05 5.406861e+05
1.093561e+01 -4.644631e+04
4.564872e+05 -5.128608e+04
1.013458e+12 3.687701e+11
1.141823e+08 -4.274836e+07
-1.310533e+10 2.282719e+09
1.661609e+07 4.216144e+06
1.188531e+05 3.090444e+05
-1.345577e+06 -4.050757e+06
-5.662754e+11 -7.611430e+11
-2.542130e+10 4.751855e+09
1.933341e+06 -3.874230e+06
5.434972e+06 6.034814e+06
-1.164144e+14 1.663311e+14
-1.072103e+07 3.508893e+06
6.413062e+05 -1.303829e+06
-4.092642e+10 -6.174718e+09
-2.587506e+08 -2.211161e+08
2.067896e+08 -2.903899e+07
1.491735e+05 3.898252e-01
-3.961690e+08 -4.408816e+08
6.526660e+11 1.772689e+11
5.346207e+07 1.330903e+07
3.373499e+03 -7.805984e-01
-2.852789e+09 -9.425010e+08
-9.400672e+09 -1.470008e+11
-9.585032e+07 -1.866253e+08
-1.065148e+05 1.101152e+05
-1.291224e+07 -4.071662e+06
-1.582790e+08 -6.484832e+08
5.664829e+11 7.611430e+11
-1.572959e+08 1.024444e+08
1.567846e+06 -3.065390e+06
-2.065759e+07 1.507774e+07
-7.990000e+06 -3.981147e+05
-7.596204e+00 -5.171512e+05
4.446379e+10 6.080061e+10
-6.240189e+04 -9.758142e-01
-4.902824e+03 -5.442362e+00
-1.934144e+06 3.864111e+06
3.963120e+08 4.410418e+08
-7.325726e+07 -4.871680e+07
1.279460e+16 -2.083306e+16
9.605014e+08 2.887792e+08
-1.051043e+01 -1.030665e+05
2.859946e+07 4.852110e+07
7.656839e+04 -1.004196e+05
-2.763728e+03 -7.240769e+04
-5.147114e+08 3.355335e+08
-4.283569e+07 -1.389353e+09
4.287425e+10 -4.133141e+10
-4.752792e+07 -3.533648e+07
-2.082813e+10 3.146868e+10
2.165168e+03 6.506424e+04
7.015884e+05 4.303370e+06
2.083577e+10 -3.148023e+10
2.672086e+04 1.072043e+01
9.717274e+12 -4.994961e+12
-2.693906e+09 1.690615e+09
7.079777e+09 3.986403e+10
1.366569e+06 9.716232e+00
-1.116697e+07 1.071774e+07
-2.069386e+08 2.906724e+07
4.351169e+11 -1.562821e+11
-5.345056e+07 -1.333495e+07
-9.099209e+04 2.718399e+04
1.164144e+14 -1.663311e+14
5.974951e+04 1.133894e+05
-1.937857e+09 -5.620980e+08
-1.278994e+16 2.082549e+16
-2.947190e+04 1.814852e+04
5.674243e+11 -1.834454e+11
1.572341e+08 -1.024078e+08
-5.654637e+06 2.114063e+07
1.996672e+10 -1.968533e+10
5.048156e+06 9.456317e+06
7.699556e+08 1.182965e+09
-1.962936e+05 3.391387e+05
1.791632e+07 -1.928701e+07
-1.031357e+05 -4.934411e+05
1.041717e+05 4.924673e+05
-5.913772e-01 -5.050627e+05
-5.632176e+09 1.128927e+10
-3.034272e+06 9.237526e+05
-4.981148e+06 -3.958587e+06
-6.920702e+05 -1.129039e+06
-9.265064e+00 4.535373e+05
9.712960e+07 1.869976e+08
-2.566846e+06 6.915743e+06
7.440162e+13 -3.522764e+14
4.326043e+05 -2.199004e+05
-1.206619e+05 -4.896913e+05
2.938461e+04 -1.815521e+04
-3.949711e+04 -1.267370e+05
-1.555178e+15 -5.784727e+15
-2.561796e+04 3.842511e+00
2.562831e+06 -2.064970e+05
-3.881350e+07 -3.730506e+06
-1.956585e+05 -3.160274e+04
-1.792375e+07 1.929393e+07
-1.707189e+05 -1.952437e+05
-3.765952e+06 4.222035e+06
-1.089626e+10 -2.119233e+09
-2.647204e+09 9.699970e+09
1.922696e+00 2.719054e+04
-1.604435e+11 -5.067904e+09
4.800357e+06 -1.781260e+06
1.838111e+12 -3.184108e+12
-1.015579e+01 -1.185692e+06
1.716164e+05 -2.127088e+05
-7.610400e+03 -6.436698e+04
1.447148e+07 -3.333980e+06
1.152476e+04 6.453942e+04
3.890806e+04 1.253329e+05
-2.862850e+09 3.212988e+08
-2.328206e+05 -6.570814e+03
-7.077121e+09 -3.984913e+10
4.787114e+08 9.640155e+08
-7.775862e+09 -1.743423e+10
-2.595836e+14 1.068085e+13
1.171459e+05 5.065051e+05
3.764562e+06 -4.222358e+06
4.185642e+04 4.615928e+05
2.647200e+09 -9.699969e+09
-9.308882e+06 -8.797080e+06
4.236890e+12 1.395169e+12
1.294118e+07 4.072723e+06
1.113663e+08 -1.937052e+07
2.568039e+06 -6.915271e+06
3.880926e+07 3.739983e+06
9.309665e+06 -7.876062e+06
5.994674e+07 5.954772e+07
-6.744699e+06 1.177555e+07
1.903039e+07 3.471616e+07
-2.146917e+05 -9.898616e+04
1.360690e+06 1.954150e+05
-1.837435e+12 3.182938e+12
-1.360050e+06 -1.894844e+05
-2.103253e+05 -3.412996e+05
2.595836e+14 -1.067697e+13
-1.297475e+06 2.995626e+04
6.744892e+09 -1.501777e+09
-4.287414e+10 4.133192e+10
-6.689854e+05 2.436761e+06
-6.744951e+09 1.501787e+09
9.308537e+06 8.797046e+06
7.520772e+05 1.159681e+06
-1.758472e+04 -4.985776e+05
-6.622441e+00 9.147306e+04
7.331738e+04 -9.428623e+04
1.357947e+07 4.591441e+06
1.089628e+10 2.119202e+09
-1.068278e+05 1.670659e+05
7.331791e+07 4.873001e+07
8.036602e+10 -1.119843e+11
-1.445809e+07 3.360400e+06
7.983868e+06 3.651554e+05
-4.788844e+08 -9.643692e+08
3.371724e+19 -2.785455e+19
5.150731e+03 1.365475e+05
9.146359e+00 7.637540e+04
7.090455e+05 -2.530111e+06
2.048840e+12 -1.425386e+12
-1.034577e+01 3.032659e+04
2.065113e+07 -1.507434e+07
-9.247197e+04 -9.105058e+03
4.285802e+05 -2.848281e+04
3.053360e+06 -8.997552e+05
-9.301918e+06 5.231534e+06
2.820896e+05 2.389224e+04
-9.352516e+12 -1.782370e+13
-1.113075e+08 1.943327e+07
8.434757e+05 -3.231199e+06
2.588497e+08 2.213096e+08
-1.822826e+06 5.479848e+04
9.305573e+05 -2.593308e+06
-2.781551e+06 3.209666e+06
-7.440162e+13 3.522764e+14
2.532997e+06 1.211826e+06
5.180765e+07 1.543203e+08
5.634443e+09 -1.129384e+10
-2.048840e+12 1.424864e+12
-1.225613e+09 -4.009012e+08
8.736515e+08 2.178352e+07
-8.736515e+08 -2.178264e+07
2.795530e+06 -3.194511e+06
-1.333037e+06 4.815663e+06
1.555178e+15 5.784727e+15
-1.257164e+05 -3.174471e+05
9.394515e+00 -1.061248e+05
-4.810102e+05 1.153513e+07
2.536956e+07 -1.496405e+06
7.161145e+04 -4.399875e+04
-7.173813e+04 4.429986e+04
-1.461517e+08 -7.002609e+07
1.820656e+06 -9.653734e+04
4.842432e+00 6.865461e+05
-8.574375e+17 -1.805187e+18
1.003098e+06 -7.667746e+05
2.137208e+04 4.878126e+00
-1.706551e+05 -3.123368e+05
-4.771966e+06 1.782908e+06
2.100487e+05 1.017168e+05
5.496712e+04 -4.744381e+00
-1.660179e+07 -4.211431e+06
-6.601720e+04 -2.361518e+05
1.332749e+06 -4.815267e+06
-6.530525e+05 2.750990e+05
6.428125e+04 1.858005e+05
-7.702350e+08 -1.183395e+09
-3.370490e+19 2.784436e+19
4.012380e+03 -5.175422e+00
-8.429837e+05 3.232568e+06
-1.013828e+12 -3.689051e+11
1.435535e+07 -1.385761e+09
-4.800791e+00 -1.067805e+05
-2.668804e+05 -3.090209e+06
-2.478612e+08 -3.203845e+09
-5.179489e+07 -1.542611e+08
4.746898e+07 3.530842e+07
-3.403750e+06 -1.088289e+07
2.309230e+06 3.877330e+06
-1.903924e+07 -3.473918e+07
-5.657615e+04 -2.221635e+00
5.376184e+00 -7.651850e+04
-9.710062e+12 4.991254e+12
6.709829e+13 7.248256e+14
-2.232176e+05 -5.858193e+00
9.366716e+07 5.356411e+07
6.037199e+00 9.149344e+04
-2.547735e+07 1.263537e+06
-9.952433e+05 7.661175e+05
2.247947e+05 4.964080e+00
-6.136116e+06 5.247648e+06
-1.998761e+10 1.968794e+10
-6.329205e+03 -5.155163e+05
-7.139963e+11 2.579389e+13
-6.512929e+09 2.971263e+10
1.352747e+05 -3.616955e+05
1.421113e+06 2.161795e+05
-2.401569e+06 -4.077972e+06
7.704697e+05 -5.737205e+04
5.009278e+00 1.026739e+05
-1.263009e+06 -3.655952e+05
1.702996e+05 3.113634e+05
-1.472310e+08 4.331175e+07
-5.870149e+10 -6.471038e+10
1.575567e+06 -4.044870e+05
4.091151e+10 6.174710e+09
6.512361e+05 -2.785270e+05
1.044387e+07 2.710323e+07
-5.372503e+06 -5.695431e+06
-3.638781e+04 -2.010278e+04
-2.560393e+05 5.316064e+04
8.603103e+06 -1.124170e+06
8.334234e+00 3.273833e+04
1.598150e+05 1.391083e+05
2.043684e+09 4.320790e+08
1.283313e+05 1.677077e+05
2.542131e+10 -4.751776e+09
-5.696468e+03 -1.408337e+03
-3.265925e+07 1.413217e+06
2.568266e+07 2.270944e+07
-3.663193e+13 3.301532e+13
-5.061605e+06 -9.445773e+06
-3.942020e+04 -3.745189e+04
1.263006e+06 3.683543e+05
1.567109e+08 6.491721e+08
-2.544226e+04 4.236907e+00
9.563949e+00 7.766290e+04
-5.674243e+11 1.834453e+11
-9.003051e+05 -5.457428e+05
-1.557765e+07 -4.398374e+06
-8.417703e+00 3.399858e+05
5.152596e+08 -3.356412e+08
-4.236890e+12 -1.395169e+12
2.602543e+05 3.157896e+05
-1.288478e+05 3.579503e+05
-1.435492e+07 1.386784e+09
9.358823e+06 2.402177e+06
1.553630e+05 -2.848013e+04
9.108650e+04 -2.552385e+04
-1.296929e+06 5.707772e+05
-6.714714e+13 -7.253533e+14
-8.268282e+04 6.931021e+00
1.311485e+10 -2.284337e+09
5.475364e+09 -3.920785e+07
-5.475364e+09 3.920929e+07
2.852750e+09 9.423635e+08
-4.351168e+11 1.562821e+11
1.604435e+11 5.067919e+09
1.938589e+09 5.622939e+08
-6.778405e+05 1.306754e+06
1.226080e+09 4.008732e+08
4.828220e+05 -1.155237e+07
1.718761e+05 -3.419926e+05
-1.040666e+08 -6.302135e+06
2.000341e+04 -9.018105e+00
1.598952e+08 3.073211e+07
-2.555566e+06 -1.216658e+06
1.902252e+05 -7.457366e+05
8.245533e+00 -3.342413e+05
-4.373001e+04 9.042202e+00
7.778702e+09 1.744058e+10
-2.546805e+06 2.055487e+06
-7.521044e+05 7.807567e+04
2.125328e+06 1.758491e+06
-3.794754e+05 1.648035e+06
-1.245582e+09 1.677290e+09
-1.979586e+07 3.374627e+06
5.872886e+04 4.184565e+00
7.071676e+06 -6.937128e+06
7.142580e+11 -2.578443e+13
-2.862153e+07 -4.847229e+07
-2.621083e+07 5.349323e+07
-2.582113e+06 2.166894e+05
3.663193e+13 -3.301532e+13
-3.997507e+05 7.386092e+04
1.040692e+08 6.277890e+06
8.577520e+17 1.806512e+18
-9.359375e+06 -2.406751e+06
-2.327693e+06 -3.849010e+06
-1.879308e+05 7.475676e+05
-2.787846e+05 -3.450256e+04
2.485117e+04 1.941156e+05
-1.390234e+08 1.806631e+09
6.742758e+06 -1.176972e+07
9.404210e+09 1.471108e+11
1.245583e+09 -1.676678e+09
5.660972e+06 -2.114682e+07
1.551431e+07 4.443388e+06
-1.046894e+07 -2.704229e+07
3.340761e+04 9.176392e+00
2.636020e+05 -9.865108e+00
2.446057e+04 4.932478e+05
-2.566226e+07 -2.268682e+07
3.365756e+06 1.091392e+07
-2.145101e+06 -1.767631e+06
6.510535e+09 -2.970183e+10
-1.407173e+06 -2.187178e+05
2.049474e+05 3.707963e+04
5.613982e+08 3.899873e+08
-1.092985e+01 -2.830194e+05
2.616092e+07 -5.350574e+07
3.265980e+07 -1.414419e+06
-1.890524e+05 1.922957e+05
-2.086790e+05 -1.133704e+05
-5.742231e+05 1.462490e+00
2.423538e+05 1.643532e+05
