3.864708e+05 -2.766909e+00
1.538049e+06 -2.708940e+05
1.610414e+09 2.081462e+10
3.820414e+11 4.211722e+11
-2.886502e+11 -3.947065e+11
-1.048836e+09 -2.014612e+08
2.990235e+06 -1.070704e+07
-1.348252e+06 -1.106981e+06
-4.453681e+05 -2.941099e+06
-9.811434e+05 -2.949763e+00
1.423516e+05 -3.116039e+05
-6.603391e+06 1.757443e+07
9.026696e+08 -1.173615e+10
9.637350e+08 -2.835292e+08
-9.716914e+09 -2.103973e+09
9.635978e+08 4.617720e+08
-2.568877e+05 8.319183e+06
-1.296516e+06 -4.503647e+05
3.730664e+06 9.200916e+00
-4.621328e+07 4.520539e+07
-4.205909e+05 -8.436884e+05
-7.430291e+08 2.778621e+08
2.794070e+08 9.048321e+09
-1.327885e+10 -2.807699e+09
-1.018920e+07 1.994306e+07
-2.653717e+06 2.627041e+05
1.444096e+05 -2.725341e+04
1.687131e+07 -1.318243e+07
-4.237462e+12 -1.150991e+12
-6.617583e+00 -6.879960e+05
8.302487e+06 -3.748689e+06
-2.538386e+07 4.967486e+06
-6.254388e+09 -1.880321e+09
-6.122948e+08 -3.500660e+08
-7.813676e+06 -1.112377e+06
1.761043e+10 -1.105327e+10
6.093482e+13 1.161274e+14
1.496087e+05 2.770597e+05
9.719719e+09 2.104878e+09
3.272203e+07 2.634374e+07
1.865614e+10 -2.093880e+09
4.106664e+05 8.423488e+05
-3.264088e-01 -3.970537e+05
-3.675891e+09 -2.554075e+09
2.792405e+06 2.025369e+07
4.110758e+05 -3.899996e+05
-5.388193e+11 7.507644e+11
2.575402e+05 -1.962680e+05
2.539495e+07 -4.989928e+06
-3.917791e+08 -3.891214e+08
1.308029e+08 -2.256467e+07
5.898556e+06 3.531204e+06
9.390527e+00 -3.015189e+05
2.996010e+06 -3.368556e+05
6.611198e+12 2.406249e+12
7.427050e+08 -2.780748e+08
-8.522286e+10 1.484433e+10
1.083601e+08 2.748644e+07
7.795902e+05 2.027280e+06
-8.751521e+06 -2.634762e+07
-3.698947e+12 -4.969587e+12
-1.657402e+11 3.098258e+10
1.254339e+07 -2.512855e+07
3.853338e+07 4.278618e+07
-7.554019e+14 1.079670e+15
-6.970193e+07 2.281520e+07
4.178677e+06 -8.497056e+06
-2.656645e+11 -4.009411e+10
-1.729907e+09 -1.478688e+09
1.342253e+09 -1.884792e+08
9.771994e+05 -4.900639e+00
-2.568839e+09 -2.858764e+09
4.236749e+12 1.150926e+12
3.685783e+08 9.176023e+07
2.174196e+04 2.145142e+00
-1.855613e+10 -6.130895e+09
-6.243966e+10 -9.767155e+11
-6.252190e+08 -1.217469e+09
-6.929435e+05 7.164329e+05
-8.949787e+07 -2.821364e+07
-1.032375e+09 -4.230208e+09
3.699569e+12 4.969308e+12
-1.023083e+09 6.663554e+08
1.020736e+07 -1.995717e+07
-1.351958e+08 9.872000e+07
-5.244137e+07 -2.612100e+06
-7.596308e+00 -3.368649e+06
2.886507e+11 3.947284e+11
-4.071745e+05 4.178975e+00
-3.235371e+04 5.865174e+00
-1.254836e+07 2.506978e+07
2.568689e+09 2.858764e+09
-4.789671e+08 -3.184367e+08
8.303460e+16 -1.351952e+17
6.256589e+09 1.881178e+09
-5.517535e+00 -6.730617e+05
1.871572e+08 3.176786e+08
4.981792e+05 -6.532114e+05
-1.826107e+04 -4.733434e+05
-3.374893e+09 2.198676e+09
-2.791442e+08 -9.053384e+09
2.789485e+11 -2.688953e+11
-3.100707e+08 -2.304627e+08
-1.361698e+11 2.057470e+11
1.437473e+04 4.245517e+05
4.563512e+06 2.798117e+07
1.361927e+11 -2.057701e+11
1.733711e+05 7.929649e-01
6.417006e+13 -3.298157e+13
-1.761164e+10 1.105254e+10
4.697965e+10 2.645427e+11
8.871313e+06 -3.186311e+00
-7.246744e+07 6.956421e+07
-1.342318e+09 1.885886e+08
2.850815e+12 -1.023992e+12
-3.684574e+08 -9.196007e+07
-5.965409e+05 1.783905e+05
7.558678e+14 -1.080033e+15
3.990872e+05 7.573222e+05
-1.261269e+10 -3.658661e+09
-8.304856e+16 1.352028e+17
-1.112754e+08 6.855953e+07
3.700187e+12 -1.195916e+12
1.023169e+09 -6.663976e+08
-3.694509e+07 1.381232e+08
1.299293e+11 -1.280982e+11
3.293130e+07 6.168755e+07
5.036781e+09 7.738112e+09
-1.310994e+06 2.265083e+06
1.167345e+08 -1.256721e+08
-6.686390e+05 -3.198741e+06
6.756553e+05 3.192567e+06
-9.926809e+00 -3.315214e+06
-4.009160e+10 8.036060e+10
-1.988639e+07 6.054258e+06
-3.259342e+07 -2.590256e+07
-4.519656e+06 -7.376611e+06
-4.826954e+00 2.978827e+06
6.336875e+08 1.219553e+09
-1.672209e+07 4.505606e+07
4.906813e+14 -2.323275e+15
2.813557e+06 -1.430052e+06
-7.905537e+05 -3.207631e+06
1.109515e+08 -6.852320e+07
-2.559141e+05 -8.218362e+05
-1.052106e+16 -3.914133e+16
-1.671420e+05 -9.358023e+00
1.679231e+07 -1.352732e+06
-2.530467e+08 -2.432128e+07
-1.288336e+06 -2.079786e+05
-1.167661e+08 1.256924e+08
-1.110416e+06 -1.270273e+06
-2.448474e+07 2.744852e+07
-7.083960e+10 -1.377772e+10
-1.722082e+10 6.310462e+10
-3.156124e+00 1.762488e+05
-1.042795e+12 -3.294045e+10
3.143240e+07 -1.166487e+07
1.204030e+13 -2.085708e+13
3.046090e-01 -7.866209e+06
1.154800e+06 -1.431787e+06
-4.958997e+04 -4.187688e+05
9.662163e+07 -2.225861e+07
7.487828e+04 4.198016e+05
2.525206e+05 8.136512e+05
-1.865402e+10 2.093666e+09
-1.515455e+06 -4.283495e+04
-4.697163e+10 -2.644682e+11
3.124240e+09 6.291507e+09
-5.057570e+10 -1.134019e+11
-1.688050e+15 6.943139e+13
7.676343e+05 3.318691e+06
2.447508e+07 -2.744897e+07
2.721172e+05 3.003868e+06
1.722080e+10 -6.309400e+10
-6.094548e+07 -5.759149e+07
2.803727e+13 9.233974e+12
8.966869e+07 2.821803e+07
7.363920e+08 -1.280773e+08
1.673162e+07 -4.505795e+07
2.530620e+08 2.438854e+07
6.115055e+07 -5.173101e+07
3.916973e+08 3.890901e+08
-4.477892e+07 7.817495e+07
1.239862e+08 2.262515e+08
-1.405811e+06 -6.480291e+05
8.829618e+06 1.268001e+06
-1.203828e+13 2.085240e+13
-8.823418e+06 -1.229529e+06
-1.371652e+06 -2.226426e+06
1.687766e+15 -6.941974e+13
-8.423386e+06 1.945818e+05
4.385287e+10 -9.766755e+09
-2.789477e+11 2.689589e+11
-4.353190e+06 1.585541e+07
-4.387538e+10 9.768460e+09
6.094321e+07 5.759772e+07
4.910301e+06 7.571400e+06
-1.144691e+05 -3.248149e+06
2.394072e+00 5.958357e+05
4.775938e+05 -6.143109e+05
8.830121e+07 2.985802e+07
7.082779e+10 1.377520e+10
-6.957688e+05 1.087832e+06
4.790800e+08 3.184693e+08
5.386982e+11 -7.506798e+11
-9.651582e+07 2.243126e+07
5.237879e+07 2.394759e+06
-3.124225e+09 -6.291159e+09
2.199143e+20 -1.816760e+20
3.372918e+04 8.935995e+05
-7.570769e+00 4.995090e+05
4.611103e+06 -1.645356e+07
1.337185e+13 -9.303369e+12
1.085271e+01 1.970747e+05
1.351233e+08 -9.865553e+07
-6.045098e+05 -5.948349e+04
2.786777e+06 -1.850573e+05
2.000782e+07 -5.895534e+06
-6.113115e+07 3.436527e+07
1.837427e+06 1.556760e+05
-6.092799e+13 -1.161079e+14
-7.359619e+08 1.284778e+08
5.513742e+06 -2.112191e+07
1.729821e+09 1.479118e+09
-1.192236e+07 3.583369e+05
6.048912e+06 -1.685555e+07
-1.834650e+07 2.116901e+07
-4.907364e+14 2.323536e+15
1.652476e+07 7.905438e+06
3.378770e+08 1.006383e+09
4.009834e+10 -8.037427e+10
-1.337861e+13 9.307023e+12
-7.997653e+09 -2.615389e+09
5.704807e+09 1.422271e+08
-5.704167e+09 -1.422214e+08
1.843247e+07 -2.106817e+07
-8.671975e+06 3.132908e+07
1.052284e+16 3.913912e+16
-8.248977e+05 -2.082806e+06
1.102807e+01 -6.985964e+05
-3.202055e+06 7.677599e+07
1.695573e+08 -1.000062e+07
4.670722e+05 -2.869846e+05
-4.679722e+05 2.891755e+05
-9.643415e+08 -4.620739e+08
1.191318e+07 -6.321079e+05
-7.223580e-01 4.475945e+06
-5.608258e+18 -1.180890e+19
6.575208e+06 -5.026279e+06
1.397712e+05 8.784799e+00
-1.118970e+06 -2.047439e+06
-3.126705e+07 1.168344e+07
1.376120e+06 6.665072e+05
3.590094e+05 7.872158e+00
-1.082791e+08 -2.746622e+07
-4.295696e+05 -1.536427e+06
8.675523e+06 -3.134000e+07
-4.263191e+06 1.795362e+06
4.181657e+05 1.208286e+06
-5.036478e+09 -7.738085e+09
-2.199267e+20 1.816964e+20
2.736006e+04 -8.146672e-01
-5.510949e+06 2.113223e+07
-6.611569e+12 -2.406384e+12
9.342540e+07 -9.021349e+09
-5.547379e+00 -6.958494e+05
-1.736136e+06 -2.010113e+07
-1.611098e+09 -2.082616e+10
-3.379364e+08 -1.006534e+09
3.097294e+08 2.303834e+08
-2.240273e+07 -7.162805e+07
1.507533e+07 2.531221e+07
-1.241449e+08 -2.264903e+08
-3.696991e+05 -3.605498e+00
-5.501230e+00 -5.009165e+05
-6.416646e+13 3.298157e+13
4.360045e+14 4.710179e+15
-1.462559e+06 8.673414e+00
6.122361e+08 3.501304e+08
5.277732e+00 5.992068e+05
-1.702870e+08 8.446037e+06
-6.518836e+06 5.021606e+06
1.471981e+06 -3.879896e+00
-4.028270e+07 3.444805e+07
-1.300251e+11 1.280828e+11
-4.129839e+04 -3.355891e+06
-4.669787e+12 1.686487e+14
-4.248411e+10 1.938276e+11
8.821779e+05 -2.359017e+06
9.262130e+06 1.409037e+06
-1.576011e+07 -2.677297e+07
5.048339e+06 -3.759851e+05
3.095082e+00 6.699094e+05
-8.239794e+06 -2.384989e+06
1.116375e+06 2.041131e+06
-9.643036e+08 2.837470e+08
-3.821700e+11 -4.212903e+11
1.027993e+07 -2.639441e+06
2.657090e+11 4.010304e+10
4.250120e+06 -1.817923e+06
6.814493e+07 1.768353e+08
-3.809285e+07 -4.038489e+07
-2.392814e+05 -1.320187e+05
-1.669730e+06 3.470069e+05
5.646382e+07 -7.377695e+06
5.517091e+00 2.139383e+05
1.043568e+06 9.086387e+05
1.329438e+10 2.810560e+09
8.349954e+05 1.091640e+06
1.657588e+11 -3.098381e+10
-3.794780e+04 -9.152432e+03
-2.128995e+08 9.218375e+06
1.673077e+08 1.479473e+08
-2.389313e+14 2.153420e+14
-3.301423e+07 -6.160635e+07
-2.565348e+05 -2.438256e+05
8.240021e+06 2.402896e+06
1.022346e+09 4.234815e+09
-1.660262e+05 6.535050e-01
7.321191e+00 5.055630e+05
-3.700809e+12 1.196452e+12
-5.878999e+06 -3.563670e+06
-1.017252e+08 -2.873448e+07
6.491910e-01 2.218765e+06
3.376086e+09 -2.199067e+09
-2.804989e+13 -9.236570e+12
1.697039e+06 2.059550e+06
-8.401529e+05 2.334055e+06
-9.338786e+07 9.021935e+09
6.073521e+07 1.558998e+07
1.020425e+06 -1.883439e+05
5.916846e+05 -1.659243e+05
-8.451729e+06 3.719381e+06
-4.361022e+14 -4.711234e+15
-5.404542e+05 -3.181604e-01
8.525607e+10 -1.484902e+10
3.580169e+10 -2.563824e+08
-3.580169e+10 2.563629e+08
1.855900e+10 6.130688e+09
-2.850975e+12 1.023992e+12
1.043263e+12 3.295347e+10
1.261709e+10 3.659832e+09
-4.417308e+06 8.515074e+06
7.999565e+09 2.615207e+09
3.212886e+06 -7.687441e+07
1.147549e+06 -2.283423e+06
-6.781050e+08 -4.107221e+07
1.303264e+05 -1.044556e+01
1.048823e+09 2.015741e+08
-1.667371e+07 -7.937846e+06
1.234428e+06 -4.840262e+06
1.094633e+01 -2.180758e+06
-2.867024e+05 1.151855e+00
5.059558e+10 1.134401e+11
-1.667652e+07 1.345938e+07
-4.926595e+06 5.113419e+05
1.404024e+07 1.161751e+07
-2.478237e+06 1.076190e+07
-8.133913e+09 1.095306e+10
-1.306513e+08 2.227347e+07
3.907904e+05 1.412768e+00
4.618453e+07 -4.530844e+07
4.670833e+12 -1.686582e+14
-1.874491e+08 -3.174563e+08
-1.803730e+08 3.681410e+08
-1.692676e+07 1.421575e+06
2.389581e+14 -2.153661e+14
-2.624026e+06 4.849012e+05
6.781978e+08 4.091149e+07
5.609201e+18 1.181354e+19
-6.075232e+07 -1.562233e+07
-1.519164e+07 -2.512182e+07
-1.219664e+06 4.852353e+06
-1.816259e+06 -2.242877e+05
1.611122e+05 1.260920e+06
-9.030447e+08 1.174014e+10
4.480059e+07 -7.820102e+07
6.251013e+10 9.775404e+11
8.133458e+09 -1.095245e+10
3.697877e+07 -1.381359e+08
1.013431e+08 2.901921e+07
-6.830829e+07 -1.764926e+08
2.192161e+05 6.831417e+00
1.715883e+06 -8.219755e+00
1.593701e+05 3.214545e+06
-1.671466e+08 -1.477667e+08
2.214149e+07 7.179694e+07
-1.416829e+07 -1.167508e+07
4.248404e+10 -1.938172e+11
-9.171042e+06 -1.425318e+06
1.349928e+06 2.444376e+05
3.676107e+09 2.553543e+09
-4.268036e+00 -2.007292e+06
1.799993e+08 -3.680630e+08
2.128675e+08 -9.218888e+06
-1.272869e+06 1.294762e+06
-1.362802e+06 -7.402641e+05
-3.742863e+06 7.688016e+00
1.584141e+06 1.074239e+06
