1.111327e+06 -9.809812e-01
4.414490e+06 -7.772128e+05
4.620678e+09 5.972068e+10
1.096375e+12 1.208745e+12
-8.280700e+11 -1.132431e+12
-3.012238e+09 -5.786691e+08
8.584804e+06 -3.074011e+07
-3.871145e+06 -3.177802e+06
-1.278010e+06 -8.439323e+06
-2.817200e+06 -6.636278e+00
4.081307e+05 -8.936811e+05
-1.894755e+07 5.043474e+07
2.590338e+09 -3.367543e+10
2.767939e+09 -8.143687e+08
-2.789464e+10 -6.040942e+09
2.770588e+09 1.327595e+09
-7.391299e+05 2.393305e+07
-3.719918e+06 -1.292085e+06
1.070915e+07 -5.594040e+00
-1.326990e+08 1.298000e+08
-1.207520e+06 -2.421806e+06
-2.132497e+09 7.975260e+08
8.021790e+08 2.598251e+10
-3.812355e+10 -8.060170e+09
-2.924974e+07 5.723014e+07
-7.614364e+06 7.537994e+05
4.145919e+05 -7.799453e+04
4.847802e+07 -3.785764e+07
-1.215635e+13 -3.301884e+12
-8.425796e+00 -1.975338e+06
2.382698e+07 -1.075914e+07
-7.283678e+07 1.425322e+07
-1.795282e+10 -5.396592e+09
-1.758063e+09 -1.005117e+09
-2.242949e+07 -3.193203e+06
5.057011e+10 -3.173763e+10
1.748934e+14 3.333187e+14
4.282327e+05 7.970321e+05
2.790414e+10 6.042718e+09
9.396971e+07 7.565570e+07
5.355847e+10 -6.010470e+09
1.179029e+06 2.418028e+06
-9.646870e+00 -1.138734e+06
-1.055641e+10 -7.334118e+09
8.014207e+06 5.812234e+07
1.181033e+06 -1.120396e+06
-1.551637e+12 2.162097e+12
7.399782e+05 -5.640904e+05
7.287236e+07 -1.431838e+07
-1.124939e+09 -1.117415e+09
3.760247e+08 -6.487012e+07
1.693604e+07 1.013840e+07
6.447635e+00 -8.651200e+05
8.605976e+06 -9.675943e+05
1.897916e+13 6.907997e+12
2.131583e+09 -7.980371e+08
-2.445787e+11 4.259716e+10
3.110399e+08 7.889647e+07
2.239092e+06 5.821847e+06
-2.510971e+07 -7.560012e+07
-1.062021e+13 -1.426718e+13
-4.757016e+11 8.892534e+10
3.598042e+07 -7.209265e+07
1.116758e+08 1.240061e+08
-2.167959e+15 3.097909e+15
-2.000610e+08 6.547762e+07
1.199695e+07 -2.439133e+07
-7.621987e+11 -1.150375e+11
-4.979195e+09 -4.256839e+09
3.850649e+09 -5.407492e+08
2.806519e+06 6.656146e+00
-7.369347e+09 -8.200589e+09
1.215730e+13 3.301884e+12
1.064848e+09 2.650917e+08
6.245894e+04 -7.220999e+00
-5.324928e+10 -1.759415e+10
-1.796360e+11 -2.809951e+12
-1.794607e+09 -3.494530e+09
-1.988681e+06 2.055861e+06
-2.586863e+08 -8.154138e+07
-2.963112e+09 -1.214204e+10
1.061938e+13 1.426635e+13
-2.935807e+09 1.912084e+09
2.929312e+07 -5.727451e+07
-3.882065e+08 2.834746e+08
-1.506350e+08 -7.502373e+06
-5.980728e+00 -9.667822e+06
8.281360e+11 1.132409e+12
-1.168810e+06 8.058395e+00
-9.290864e+04 -1.553098e+01
-3.599489e+07 7.192095e+07
7.369474e+09 8.201872e+09
-1.375307e+09 -9.142750e+08
2.382214e+17 -3.878889e+17
1.795836e+10 5.399263e+09
1.731419e+01 -1.932241e+06
5.376004e+08 9.124858e+08
1.429662e+06 -1.874580e+06
-5.236415e+04 -1.359207e+06
-9.696354e+09 6.316151e+09
-8.013268e+08 -2.599060e+10
8.006165e+11 -7.717910e+11
-8.903016e+08 -6.616871e+08
-3.910889e+11 5.909093e+11
4.163348e+04 1.219114e+06
1.309810e+07 8.030379e+07
3.910813e+11 -5.908055e+11
4.973128e+05 3.739033e+00
1.844479e+14 -9.481345e+13
-5.056877e+10 3.173608e+10
1.351314e+11 7.609128e+11
2.545213e+07 8.544460e+00
-2.079250e+08 1.995689e+08
-3.850847e+09 5.409762e+08
8.187876e+12 -2.940803e+12
-1.064619e+09 -2.656351e+08
-1.713238e+06 5.123070e+05
2.168636e+15 -3.098514e+15
1.148842e+06 2.180370e+06
-3.619926e+10 -1.050022e+10
-2.382726e+17 3.879495e+17
-3.571023e+08 2.200039e+08
1.062152e+13 -3.432877e+12
2.936012e+09 -1.912135e+09
-1.060737e+08 3.965601e+08
3.728724e+11 -3.676318e+11
9.453784e+07 1.770798e+08
1.446386e+10 2.222151e+10
-3.774950e+06 6.521990e+06
3.351215e+08 -3.607596e+08
-1.918063e+06 -9.176130e+06
1.937882e+06 9.158059e+06
-3.220762e+00 -9.523280e+06
-1.162173e+11 2.329533e+11
-5.711351e+07 1.738809e+07
-9.359825e+07 -7.438424e+07
-1.297705e+07 -2.117875e+07
2.521423e+00 8.557330e+06
1.818925e+09 3.500171e+09
-4.799807e+07 1.293261e+08
1.410350e+15 -6.678112e+15
8.074203e+06 -4.104307e+06
-2.271069e+06 -9.214120e+06
3.560309e+08 -2.198694e+08
-7.343245e+05 -2.357893e+06
-3.032806e+16 -1.128276e+17
-4.794105e+05 -5.587623e+00
4.822854e+07 -3.885556e+06
-7.265287e+08 -6.982678e+07
-3.703165e+06 -5.978761e+05
-3.351566e+08 3.607708e+08
-3.186865e+06 -3.645333e+06
-7.025331e+07 7.875538e+07
-2.032580e+11 -3.953431e+10
-4.941769e+10 1.810531e+11
-2.847069e-01 5.057025e+05
-2.992198e+12 -9.451595e+10
9.028006e+07 -3.350050e+07
3.458149e+13 -5.990338e+13
1.442260e+00 -2.262710e+07
3.327325e+06 -4.124511e+06
-1.418384e+05 -1.201232e+06
2.781133e+08 -6.407086e+07
2.148026e+05 1.204568e+06
7.244609e+05 2.334029e+06
-5.353644e+10 6.009005e+09
-4.348729e+06 -1.226750e+05
-1.351126e+11 -7.607784e+11
8.969706e+09 1.806118e+10
-1.451334e+11 -3.254220e+11
-4.843826e+15 1.992125e+14
2.204309e+06 9.530938e+06
7.022725e+07 -7.875498e+07
7.805831e+05 8.619760e+06
4.941762e+10 -1.810637e+11
-1.750356e+08 -1.654091e+08
8.063495e+13 2.655546e+13
2.591842e+08 8.156620e+07
2.117243e+09 -3.682560e+08
4.802058e+07 -1.293219e+08
7.264215e+08 7.000537e+07
1.756954e+08 -1.486400e+08
1.124880e+09 1.117371e+09
-1.288444e+08 2.249447e+08
3.560016e+08 6.495963e+08
-4.038818e+06 -1.861888e+06
2.534038e+07 3.638537e+06
-3.458284e+13 5.990572e+13
-2.531791e+07 -3.528424e+06
-3.938355e+06 -6.391773e+06
4.844110e+15 -1.992398e+14
-2.416936e+07 5.582951e+05
1.258784e+11 -2.802953e+10
-8.005519e+11 7.718306e+11
-1.249255e+07 4.550427e+07
-1.259213e+11 2.803573e+10
1.750360e+08 1.654310e+08
1.409861e+07 2.173870e+07
-3.283672e+05 -9.324015e+06
9.598171e+00 1.710436e+06
1.370754e+06 -1.763441e+06
2.534170e+08 8.568505e+07
2.032622e+11 3.953141e+10
-1.997359e+06 3.122926e+06
1.375859e+09 9.145938e+08
1.551577e+12 -2.162097e+12
-2.778502e+08 6.457088e+07
1.504814e+08 6.881190e+06
-8.970013e+09 -1.806331e+10
6.313287e+20 -5.215443e+20
9.649797e+04 2.565864e+06
4.074807e+00 1.433873e+06
1.323200e+07 -4.722147e+07
3.839831e+13 -2.671489e+13
-5.566187e+00 5.655708e+05
3.881166e+08 -2.833279e+08
-1.736088e+06 -1.707426e+05
7.997813e+06 -5.308602e+05
5.747525e+07 -1.693483e+07
-1.756657e+08 9.873555e+07
5.273021e+06 4.466584e+05
-1.748695e+14 -3.332601e+14
-2.116084e+09 3.694131e+08
1.583192e+07 -6.064986e+07
4.979909e+09 4.257940e+09
-3.423160e+07 1.028814e+06
1.735534e+07 -4.836518e+07
-5.273063e+07 6.084647e+07
-1.410488e+15 6.678112e+15
4.743296e+07 2.269252e+07
9.698166e+08 2.888808e+09
1.162329e+11 -2.329760e+11
-3.840732e+13 2.671855e+13
-2.295883e+10 -7.507585e+09
1.637833e+10 4.083595e+08
-1.637705e+10 -4.083191e+08
5.297613e+07 -6.054717e+07
-2.488356e+07 8.989118e+07
3.033162e+16 1.128187e+17
-2.369326e+06 -5.982275e+06
-3.383717e+00 -2.007156e+06
-9.213051e+06 2.209097e+08
4.880858e+08 -2.878852e+07
1.340455e+06 -8.234506e+05
-1.342918e+06 8.295264e+05
-2.771628e+09 -1.328005e+09
3.420441e+07 -1.814377e+06
-9.460686e+00 1.284531e+07
-1.610227e+19 -3.390902e+19
1.888271e+07 -1.443479e+07
4.009370e+05 -8.623146e+00
-3.213578e+06 -5.880595e+06
-8.979557e+07 3.355084e+07
3.951756e+06 1.913786e+06
1.030246e+06 1.081093e+01
-3.108271e+08 -7.884611e+07
-1.232690e+06 -4.409201e+06
2.490029e+07 -8.993839e+07
-1.223971e+07 5.153953e+06
1.199642e+06 3.467504e+06
-1.446437e+10 -2.222230e+10
-6.314027e+20 5.216462e+20
7.862135e+04 -8.675693e+00
-1.582552e+07 6.068571e+07
-1.898064e+13 -6.908401e+12
2.681144e+08 -2.589113e+10
4.802165e+00 -1.997630e+06
-4.981641e+06 -5.768067e+07
-4.622890e+09 -5.975766e+10
-9.700847e+08 -2.889322e+09
8.890983e+08 6.613305e+08
-6.437660e+07 -2.058310e+08
4.328029e+07 7.266958e+07
-3.563600e+08 -6.501663e+08
-1.061631e+06 6.007281e+00
1.090931e+01 -1.438688e+06
-1.844876e+14 9.483013e+13
1.251125e+15 1.351574e+16
-4.200644e+06 1.056274e+01
1.758046e+09 1.005408e+09
2.165349e+00 1.721073e+06
-4.902642e+08 2.431757e+07
-1.873508e+07 1.442467e+07
4.227866e+06 1.103841e+01
-1.157249e+08 9.896670e+07
-3.731919e+11 3.676039e+11
-1.185209e+05 -9.631935e+06
-1.340930e+13 4.842762e+14
-1.219709e+11 5.564434e+11
2.532253e+06 -6.771774e+06
2.658701e+07 4.044609e+06
-4.527597e+07 -7.691247e+07
1.450044e+07 -1.080285e+06
6.747705e-02 1.923428e+06
-2.365606e+07 -6.847505e+06
3.206587e+06 5.862553e+06
-2.769155e+09 8.148535e+08
-1.096825e+12 -1.209076e+12
2.951017e+07 -7.577120e+06
7.623620e+11 1.150576e+11
1.220027e+07 -5.218617e+06
1.956141e+08 5.076255e+08
-1.103834e+08 -1.170161e+08
-6.871455e+05 -3.789126e+05
-4.792745e+06 9.957124e+05
1.621950e+08 -2.119354e+07
-6.282361e+00 6.142237e+05
2.995796e+06 2.608450e+06
3.814406e+10 8.064319e+09
2.396434e+06 3.132446e+06
4.757669e+11 -8.892734e+10
-1.090335e+05 -2.621671e+04
-6.110390e+08 2.645775e+07
4.801597e+08 4.245894e+08
-6.858274e+14 6.181289e+14
-9.476921e+07 -1.768477e+08
-7.362948e+05 -6.994457e+05
2.365412e+07 6.897712e+06
2.934746e+09 1.215666e+10
-4.765748e+05 -8.685952e+00
-1.091225e+01 1.450527e+06
-1.062401e+13 3.434687e+12
-1.687899e+07 -1.023130e+07
-2.920676e+08 -8.249609e+07
7.117088e+00 6.369848e+06
9.697298e+09 -6.316841e+09
-8.066648e+13 -2.656325e+13
4.872399e+06 5.912485e+06
-2.411956e+06 6.701268e+06
-2.680384e+08 2.589389e+10
1.742621e+08 4.472837e+07
2.931897e+06 -5.415611e+05
1.697449e+06 -4.757003e+05
-2.425736e+07 1.067531e+07
-1.251125e+15 -1.351548e+16
-1.551296e+06 1.031692e+01
2.446115e+11 -4.260463e+10
1.027730e+11 -7.361216e+08
-1.028011e+11 7.361628e+08
5.326416e+10 1.759434e+10
-8.188835e+12 2.940976e+12
2.993543e+12 9.455315e+10
3.620538e+10 1.050128e+10
-1.267688e+07 2.443918e+07
2.296231e+10 7.506916e+09
9.243345e+06 -2.211771e+08
3.302884e+06 -6.572352e+06
-1.946212e+09 -1.178694e+08
3.738375e+05 7.442957e+00
3.012408e+09 5.789785e+08
-4.786199e+07 -2.278524e+07
3.541500e+06 -1.388546e+07
1.077965e+01 -6.259610e+06
-8.233712e+05 8.428521e+00
1.451845e+11 3.255364e+11
-4.789722e+07 3.865717e+07
-1.414845e+07 1.468435e+06
4.036522e+07 3.339730e+07
-7.114787e+06 3.089705e+07
-2.335273e+10 3.144720e+10
-3.755783e+08 6.402610e+07
1.123811e+06 6.174006e+00
1.325924e+08 -1.300752e+08
1.341139e+13 -4.842952e+14
-5.383205e+08 -9.116783e+08
-5.209606e+08 1.063199e+09
-4.861295e+07 4.083024e+06
6.858676e+14 -6.181410e+14
-7.536680e+06 1.392592e+06
1.946450e+09 1.174171e+08
1.610385e+19 3.391763e+19
-1.742685e+08 -4.481338e+07
-4.361342e+07 -7.211921e+07
-3.498935e+06 1.392047e+07
-5.213285e+06 -6.438266e+05
4.624714e+05 3.618113e+06
-2.591157e+09 3.368607e+10
1.288787e+08 -2.249663e+08
1.798439e+11 2.812370e+12
2.335365e+10 -3.144661e+10
1.061710e+08 -3.966149e+08
2.909814e+08 8.330884e+07
-1.960833e+08 -5.067530e+08
6.297185e+05 -6.135990e+00
4.924212e+06 -1.091795e+01
4.573858e+05 9.227275e+06
-4.798064e+08 -4.241750e+08
6.363436e+07 2.063436e+08
-4.073796e+07 -3.356929e+07
1.219731e+11 -5.564447e+11
-2.632631e+07 -4.091670e+06
3.879948e+06 7.026161e+05
1.055850e+10 7.334398e+09
-9.421350e+00 -5.817815e+06
5.199186e+08 -1.063076e+09
6.110499e+08 -2.646336e+07
-3.667655e+06 3.730615e+06
-3.912708e+06 -2.125635e+06
-1.074398e+07 2.338979e+00
4.548542e+06 3.084481e+06
