2.049094e+06 -9.081320e+00
8.137292e+06 -1.432912e+06
8.517514e+09 1.100830e+11
2.021142e+12 2.228152e+12
-1.526388e+12 -2.087459e+12
-5.554214e+09 -1.067011e+09
1.582782e+07 -5.667477e+07
-7.136311e+06 -5.858426e+06
-2.355867e+06 -1.555722e+07
-5.194366e+06 -9.879164e+00
7.520863e+05 -1.646812e+06
-3.492250e+07 9.296035e+07
4.774744e+09 -6.207567e+10
5.103663e+09 -1.501542e+09
-5.142101e+10 -1.113606e+10
5.109485e+09 2.448155e+09
-1.363045e+06 4.414433e+07
-6.856633e+06 -2.381726e+06
1.974160e+07 6.123765e+00
-2.446462e+08 2.392941e+08
-2.225875e+06 -4.464515e+06
-3.931153e+09 1.470156e+09
1.478836e+09 4.789950e+10
-7.028580e+10 -1.485946e+10
-5.392823e+07 1.055071e+08
-1.403629e+07 1.389782e+06
7.647270e+05 -1.439790e+05
8.940481e+07 -6.981166e+07
-2.240859e+13 -6.086793e+12
-3.034799e+00 -3.642740e+06
4.392341e+07 -1.983617e+07
-1.342707e+08 2.627738e+07
-3.309820e+10 -9.949276e+09
-3.241268e+09 -1.853078e+09
-4.135059e+07 -5.887048e+06
9.323444e+10 -5.851434e+10
3.223817e+14 6.143902e+14
7.884803e+05 1.469641e+06
5.143397e+10 1.113868e+10
1.732386e+08 1.394716e+08
9.872817e+10 -1.107994e+10
2.173444e+06 4.457289e+06
8.019594e+00 -2.098516e+06
-1.946368e+10 -1.352187e+10
1.477414e+07 1.071455e+08
2.177672e+06 -2.066100e+06
-2.862935e+12 3.989044e+12
1.364538e+06 -1.040246e+06
1.343301e+08 -2.639362e+07
-2.074001e+09 -2.060288e+09
6.934437e+08 -1.196405e+08
3.122815e+07 1.869457e+07
6.470640e-01 -1.594817e+06
1.586858e+07 -1.784147e+06
3.498949e+13 1.273586e+13
3.929610e+09 -1.471164e+09
-4.508492e+11 7.852170e+10
5.734161e+08 1.454512e+08
4.128410e+06 1.073415e+07
-4.628606e+07 -1.393533e+08
-1.957769e+13 -2.630054e+13
-8.768582e+11 1.639216e+11
6.631600e+07 -1.328752e+08
2.063431e+08 2.291288e+08
-3.995737e+15 5.710076e+15
-3.687560e+08 1.206986e+08
2.211502e+07 -4.496575e+07
-1.404937e+12 -2.120496e+11
-9.185646e+09 -7.852662e+09
7.097923e+09 -9.967574e+08
5.174713e+06 -4.613309e+00
-1.358401e+10 -1.511713e+10
2.241144e+13 6.086728e+12
1.966241e+09 4.894929e+08
1.153358e+05 -7.189482e+00
-9.816380e+10 -3.243502e+10
-3.313020e+11 -5.182638e+12
-3.308186e+09 -6.441886e+09
-3.665487e+06 3.789399e+06
-4.776465e+08 -1.505625e+08
-5.462391e+09 -2.238347e+10
1.957790e+13 2.630054e+13
-5.411769e+09 3.524789e+09
5.400292e+07 -1.055872e+08
-7.157683e+08 5.226302e+08
-2.777447e+08 -1.383363e+07
-4.695486e+00 -1.782277e+07
1.526520e+12 2.087436e+12
-2.155336e+06 3.934039e+00
-1.716650e+05 4.171396e+00
-6.635376e+07 1.325645e+08
1.358340e+10 1.511777e+10
-2.535733e+09 -1.685651e+09
4.391384e+17 -7.150437e+17
3.310713e+10 9.953389e+09
8.821801e+00 -3.562906e+06
9.912204e+08 1.682369e+09
2.635707e+06 -3.456027e+06
-9.691429e+04 -2.505777e+06
-1.787737e+10 1.164545e+10
-1.477073e+09 -4.791009e+10
1.475753e+12 -1.422633e+12
-1.641115e+09 -1.219678e+09
-7.209542e+11 1.089329e+12
7.656340e+04 2.246751e+06
2.414184e+07 1.480221e+08
7.210306e+11 -1.089237e+12
9.168393e+05 -1.109670e+00
3.401551e+14 -1.748589e+14
-9.323265e+10 5.851066e+10
2.492322e+11 1.403319e+12
4.690919e+07 -8.626337e+00
-3.832466e+08 3.678576e+08
-7.098173e+09 9.970847e+08
1.509584e+13 -5.421781e+12
-1.965715e+09 -4.904585e+08
-3.158603e+06 9.447500e+05
3.997346e+15 -5.711104e+15
2.119296e+06 4.022089e+06
-6.672775e+10 -1.935475e+10
-4.391663e+17 7.150437e+17
-6.752557e+08 4.160001e+08
1.957977e+13 -6.327155e+12
5.411619e+09 -3.524665e+09
-1.955270e+08 7.310071e+08
6.872645e+11 -6.775861e+11
1.742710e+08 3.264097e+08
2.666307e+10 4.096403e+10
-6.964037e+06 1.203216e+07
6.178034e+08 -6.650608e+08
-3.535813e+06 -1.691368e+07
3.572111e+06 1.688110e+07
1.006737e+01 -1.756048e+07
-2.147712e+11 4.304973e+11
-1.053065e+08 3.205766e+07
-1.725603e+08 -1.371354e+08
-2.392413e+07 -3.904572e+07
-4.941386e+00 1.577826e+07
3.353069e+09 6.452067e+09
-8.848511e+07 2.384202e+08
2.600831e+15 -1.231506e+16
1.488391e+07 -7.565975e+06
-4.187282e+06 -1.698944e+07
6.732759e+08 -4.158077e+08
-1.353956e+06 -4.346834e+06
-5.597277e+16 -2.082259e+17
-8.843754e+05 -8.159993e+00
8.892362e+07 -7.164693e+06
-1.339214e+09 -1.287270e+08
-6.829218e+06 -1.102760e+06
-6.178516e+08 6.650482e+08
-5.874646e+06 -6.719981e+06
-1.294985e+08 1.451678e+08
-3.746687e+11 -7.287382e+10
-9.109450e+10 3.337561e+11
6.749026e+00 9.323691e+05
-5.515632e+12 -1.742399e+11
1.664628e+08 -6.177142e+07
6.376488e+13 -1.104523e+14
1.398040e+00 -4.173624e+07
6.139758e+06 -7.610899e+06
-2.613556e+05 -2.214371e+06
5.130408e+08 -1.181976e+08
3.961472e+05 2.220641e+06
1.335396e+06 4.302483e+06
-9.869040e+10 1.107736e+10
-8.016785e+06 -2.263947e+05
-2.491947e+11 -1.403170e+12
1.653605e+10 3.329770e+10
-2.675401e+11 -5.998633e+11
-8.928768e+15 3.672035e+14
4.064081e+06 1.757140e+07
1.294492e+08 -1.451678e+08
1.439004e+06 1.588726e+07
9.108570e+10 -3.337419e+11
-3.226985e+08 -3.049634e+08
1.487122e+14 4.897526e+13
4.785847e+08 1.506219e+08
3.904775e+09 -6.791928e+08
8.852785e+07 -2.384034e+08
1.339168e+09 1.290578e+08
3.239670e+08 -2.740764e+08
2.073810e+09 2.059941e+09
-2.376387e+08 4.148929e+08
6.562751e+08 1.197531e+09
-7.446775e+06 -3.433329e+06
4.671109e+07 6.707751e+06
-6.376759e+13 1.104616e+14
-4.667037e+07 -6.504100e+06
-7.260931e+06 -1.178328e+07
8.929430e+15 -3.672698e+14
-4.455243e+07 1.029887e+06
2.320558e+11 -5.167034e+10
-1.475781e+12 1.422771e+12
-2.302986e+07 8.388357e+07
-2.321094e+11 5.167779e+10
3.227040e+08 3.049816e+08
2.599020e+07 4.007527e+07
-6.053494e+05 -1.718706e+07
9.961103e+00 3.153257e+06
2.527021e+06 -3.250491e+06
4.671050e+08 1.579351e+08
3.746612e+11 7.286425e+10
-3.681657e+06 5.756690e+06
2.536363e+09 1.686089e+09
2.862451e+12 -3.988621e+12
-5.125165e+08 1.191165e+08
2.774437e+08 1.268739e+07
-1.653526e+10 -3.329985e+10
1.163861e+21 -9.614709e+20
1.777976e+05 4.731146e+06
2.022005e+00 2.643805e+06
2.439424e+07 -8.705495e+07
7.079715e+13 -4.925645e+13
1.667593e+00 1.042819e+06
7.156451e+08 -5.224131e+08
-3.201583e+06 -3.151597e+05
1.474380e+07 -9.787644e+05
1.059758e+08 -3.122488e+07
-3.239410e+08 1.820702e+08
9.721140e+06 8.238037e+05
-3.223851e+14 -6.143967e+14
-3.902756e+09 6.813143e+08
2.918869e+07 -1.118164e+08
9.186387e+09 7.854616e+09
-6.310531e+07 1.896996e+06
3.199030e+07 -8.914703e+07
-9.723847e+07 1.122044e+08
-2.600831e+15 1.231414e+16
8.743854e+07 4.183089e+07
1.787753e+09 5.324867e+09
2.147524e+11 -4.304604e+11
-7.079790e+13 4.925331e+13
-4.232200e+10 -1.383945e+10
3.019296e+10 7.528124e+08
-3.019104e+10 -7.527500e+08
9.769231e+07 -1.116541e+08
-4.586875e+07 1.657008e+08
5.597277e+16 2.082016e+17
-4.369002e+06 -1.103059e+07
2.597860e+00 -3.701295e+06
-1.699305e+07 4.074907e+08
9.004069e+08 -5.310898e+07
2.471515e+06 -1.518486e+06
-2.475969e+06 1.529396e+06
-5.110977e+09 -2.448890e+09
6.306134e+07 -3.345687e+06
-1.388686e+00 2.367952e+07
-2.968633e+19 -6.251643e+19
3.481495e+07 -2.661366e+07
7.395679e+05 1.510665e+00
-5.924705e+06 -1.084159e+07
-1.655455e+08 6.185478e+07
7.285193e+06 3.528292e+06
1.899092e+06 5.515992e+00
-5.729478e+08 -1.453398e+08
-2.272562e+06 -8.127588e+06
4.589589e+07 -1.657859e+08
-2.256493e+07 9.502105e+06
2.211697e+06 6.392108e+06
-2.666833e+10 -4.097256e+10
-1.164071e+21 9.616747e+20
1.448888e+05 9.105156e+00
-2.917605e+07 1.118834e+08
-3.499135e+13 -1.273586e+13
4.942409e+08 -4.772660e+10
-1.064398e+01 -3.682518e+06
-9.182912e+06 -1.063227e+08
-8.520972e+09 -1.101476e+11
-1.788252e+09 -5.326185e+09
1.638949e+09 1.219047e+09
-1.187017e+08 -3.795281e+08
7.978600e+07 1.339655e+08
-6.569105e+08 -1.198566e+09
-1.957158e+06 5.046659e+00
1.803113e+00 -2.652406e+06
-3.402200e+14 1.748867e+14
2.306183e+15 2.491294e+16
-7.744583e+06 -3.496103e+00
3.240995e+09 1.853421e+09
-4.954150e+00 3.172988e+06
-9.044031e+08 4.485775e+07
-3.454484e+07 2.659459e+07
7.795029e+06 9.365711e+00
-2.133742e+08 1.824867e+08
-6.879440e+11 6.776296e+11
-2.188839e+05 -1.775555e+07
-2.472323e+13 8.928450e+14
-2.248556e+11 1.025825e+12
4.668267e+06 -1.248437e+07
4.901329e+07 7.456561e+06
-8.348455e+07 -1.418181e+08
2.673636e+07 -1.992127e+06
-1.018909e+01 3.546198e+06
-4.361191e+07 -1.262464e+07
5.912926e+06 1.080975e+07
-5.105433e+09 1.502350e+09
-2.021785e+12 -2.228766e+12
5.440179e+07 -1.396754e+07
1.405159e+12 2.120852e+11
2.249287e+07 -9.620658e+06
3.606225e+08 9.358547e+08
-2.039627e+08 -2.162062e+08
-1.266894e+06 -6.983658e+05
-8.834650e+06 1.835352e+06
2.990496e+08 -3.907621e+07
-4.075395e+00 1.132162e+06
5.522851e+06 4.808555e+06
7.031123e+10 1.486515e+10
4.417530e+06 5.773945e+06
8.770630e+11 -1.639398e+11
-2.011555e+05 -4.847872e+04
-1.126392e+09 4.877415e+07
8.851377e+08 7.826757e+08
-1.264290e+15 1.139505e+15
-1.747000e+08 -3.260078e+08
-1.357675e+06 -1.289806e+06
4.360697e+07 1.271669e+07
5.410365e+09 2.241235e+10
-8.792075e+05 8.312016e+00
-8.842901e+00 2.674211e+06
-1.958516e+13 6.331915e+12
-3.111894e+07 -1.886320e+07
-5.384582e+08 -1.520891e+08
8.651908e+00 1.174347e+07
1.787951e+10 -1.164687e+10
-1.487800e+14 -4.899188e+13
8.982733e+06 1.090025e+07
-4.446854e+06 1.235330e+07
-4.940225e+08 4.772702e+10
3.211831e+08 8.244135e+07
5.406593e+06 -9.995489e+05
3.129778e+06 -8.776205e+05
-4.471798e+07 1.968061e+07
-2.306232e+15 -2.491242e+16
-2.860521e+06 -2.892147e+00
4.508766e+11 -7.853427e+10
1.894994e+11 -1.357136e+09
-1.895275e+11 1.357214e+09
9.818639e+10 3.243338e+10
-1.509727e+13 5.422356e+12
5.517971e+12 1.742939e+11
6.674206e+10 1.935833e+10
-2.337052e+07 4.505326e+07
4.233159e+10 1.383907e+10
1.704945e+07 -4.079608e+08
6.092578e+06 -1.212443e+07
-3.587673e+09 -2.172671e+08
6.888184e+05 7.208101e+00
5.553781e+09 1.067423e+09
-8.822832e+07 -4.200199e+07
6.527754e+06 -2.559170e+07
-1.980398e+00 -1.153884e+07
-1.517942e+06 -6.768322e+00
2.676310e+11 6.000793e+11
-8.831026e+07 7.127406e+07
-2.608719e+07 2.707380e+06
7.443904e+07 6.159039e+07
-1.311653e+07 5.696049e+07
-4.305218e+10 5.797431e+10
-6.926132e+08 1.180648e+08
2.072669e+06 -1.106079e+01
2.444282e+08 -2.397861e+08
2.472428e+13 -8.928356e+14
-9.924377e+08 -1.680753e+09
-9.617374e+08 1.962773e+09
-8.962403e+07 7.527726e+06
1.264331e+15 -1.139505e+15
-1.389560e+07 2.567745e+06
3.588104e+09 2.164432e+08
2.968885e+19 6.252901e+19
-3.212144e+08 -8.260283e+07
-8.039994e+07 -1.329479e+08
-6.449534e+06 2.565900e+07
-9.610012e+06 -1.187373e+06
8.528839e+05 6.669525e+06
-4.776272e+09 6.209037e+10
2.377081e+08 -4.149228e+08
3.317248e+11 5.187312e+12
4.305355e+10 -5.797067e+10
1.957220e+08 -7.311294e+08
5.364144e+08 1.535757e+08
-3.614684e+08 -9.340821e+08
1.160928e+06 5.399763e+00
9.075780e+06 1.130486e+00
8.431561e+05 1.700919e+07
-8.844530e+08 -7.819129e+08
1.173356e+08 3.804699e+08
-7.512367e+07 -6.190477e+07
2.248457e+11 -1.025784e+12
-4.853018e+07 -7.542547e+06
7.154478e+06 1.295885e+06
1.946580e+10 1.352061e+10
2.371590e+00 -1.074952e+07
9.598776e+08 -1.962572e+09
1.126412e+09 -4.878188e+07
-6.767134e+06 6.883206e+06
-7.212615e+06 -3.918578e+06
-1.980498e+07 7.371398e+00
8.384832e+06 5.685235e+06
