2.210166e+05 -7.699400e+00
8.804489e+05 -1.551643e+05
9.222222e+08 1.192057e+10
2.187438e+11 2.411825e+11
-1.653358e+11 -2.261058e+11
-6.000579e+08 -1.152387e+08
1.711529e+06 -6.126264e+06
-7.714442e+05 -6.334104e+05
-2.549614e+05 -1.683822e+06
-5.612514e+05 -2.151275e+00
8.158293e+04 -1.784939e+05
-3.782172e+06 1.006547e+07
5.171266e+08 -6.723380e+09
5.514243e+08 -1.622213e+08
-5.562798e+09 -1.204766e+09
5.509215e+08 2.639773e+08
-1.467505e+05 4.751114e+06
-7.426862e+05 -2.579739e+05
2.135925e+06 4.075482e+00
-2.645172e+07 2.587593e+07
-2.409123e+05 -4.832397e+05
-4.255164e+08 1.591032e+08
1.599656e+08 5.179244e+09
-7.602813e+09 -1.607594e+09
-5.833587e+06 1.141904e+07
-1.520052e+06 1.504845e+05
8.265005e+04 -1.560080e+04
9.648615e+06 -7.544071e+06
-2.428088e+12 -6.595514e+11
-9.918415e+00 -3.939217e+05
4.754999e+06 -2.146993e+06
-1.454295e+07 2.846175e+06
-3.581303e+09 -1.076683e+09
-3.504519e+08 -2.003715e+08
-4.473290e+06 -6.367797e+05
1.007806e+10 -6.325456e+09
3.488919e+13 6.649059e+13
8.600036e+04 1.583005e+05
5.565569e+09 1.205333e+09
1.872828e+07 1.507775e+07
1.068366e+10 -1.198901e+09
2.352005e+05 4.824128e+05
6.152943e+00 -2.276035e+05
-2.103485e+09 -1.461436e+09
1.599008e+06 1.159854e+07
2.351864e+05 -2.231777e+05
-3.073459e+11 4.282225e+11
1.473497e+05 -1.122956e+05
1.454245e+07 -2.857628e+06
-2.242097e+08 -2.226794e+08
7.476235e+07 -1.289858e+07
3.376387e+06 2.021377e+06
-9.252780e-01 -1.726772e+05
1.713806e+06 -1.927061e+05
3.785082e+12 1.377524e+12
4.253425e+08 -1.592428e+08
-4.880590e+10 8.501131e+09
6.202942e+07 1.573500e+07
4.459856e+05 1.159652e+06
-5.012085e+06 -1.508854e+07
-2.117152e+12 -2.844462e+12
-9.488388e+10 1.773783e+10
7.186054e+06 -1.439724e+07
2.182087e+07 2.422673e+07
-4.326686e+14 6.183112e+14
-3.991843e+07 1.306482e+07
2.392119e+06 -4.864183e+06
-1.521719e+11 -2.296483e+10
-9.869737e+08 -8.436558e+08
7.689567e+08 -1.079724e+08
5.590972e+05 6.886730e+00
-1.471855e+09 -1.637972e+09
2.427139e+12 6.593579e+11
2.094757e+08 5.215279e+07
1.252492e+04 -9.491542e-01
-1.062906e+10 -3.511959e+09
-3.565996e+10 -5.577343e+11
-3.579394e+08 -6.969258e+08
-3.968071e+05 4.102015e+05
-5.082201e+07 -1.602275e+07
-5.909545e+08 -2.421431e+09
2.117567e+12 2.844462e+12
-5.858885e+08 3.815802e+08
5.843807e+06 -1.142569e+07
-7.735013e+07 5.648346e+07
-2.999343e+07 -1.494206e+06
-1.769860e+00 -1.928791e+06
1.653361e+11 2.261057e+11
-2.330974e+05 1.059477e+01
-1.854973e+04 -1.056820e+01
-7.188180e+06 1.436091e+07
1.471564e+09 1.637812e+09
-2.740563e+08 -1.822011e+08
4.755867e+16 -7.744596e+16
3.582410e+09 1.077174e+09
9.740911e+00 -3.853338e+05
1.070956e+08 1.817803e+08
2.854081e+05 -3.742059e+05
-1.047113e+04 -2.709353e+05
-1.930784e+09 1.258097e+09
-1.598553e+08 -5.185328e+09
1.598012e+11 -1.540356e+11
-1.775560e+08 -1.319755e+08
-7.794884e+10 1.177824e+11
8.301989e+03 2.431724e+05
2.614145e+06 1.602934e+07
7.796412e+10 -1.177825e+11
9.926566e+04 8.455862e+00
3.668406e+13 -1.885667e+13
-1.008214e+10 6.327253e+09
2.684080e+10 1.511322e+11
5.083241e+06 9.869439e+00
-4.151678e+07 3.985068e+07
-7.690265e+08 1.080517e+08
1.631208e+12 -5.859429e+11
-2.093682e+08 -5.227016e+07
-3.413735e+05 1.020643e+05
4.330073e+14 -6.186742e+14
2.277894e+05 4.322456e+05
-7.222601e+09 -2.095205e+09
-4.757728e+16 7.746111e+16
-5.511461e+07 3.395300e+07
2.118453e+12 -6.846168e+11
5.859295e+08 -3.816203e+08
-2.114761e+07 7.906257e+07
7.441282e+10 -7.336412e+10
1.885402e+07 3.531773e+07
2.882601e+09 4.429283e+09
-7.482007e+05 1.292616e+06
6.684102e+07 -7.194750e+07
-3.830489e+05 -1.832642e+06
3.870652e+05 1.829184e+06
-8.719434e+00 -1.896170e+06
-2.268845e+10 4.547729e+10
-1.137603e+07 3.463695e+06
-1.865199e+07 -1.482307e+07
-2.587137e+06 -4.222231e+06
7.803478e+00 1.703950e+06
3.627974e+08 6.982156e+08
-9.574616e+06 2.579647e+07
2.804878e+14 -1.328052e+15
1.611324e+06 -8.188807e+05
-4.522695e+05 -1.835238e+06
5.494684e+07 -3.393496e+07
-1.466083e+05 -4.707433e+05
-5.993286e+15 -2.229516e+16
-9.559120e+04 -2.766401e+00
9.605907e+06 -7.736470e+05
-1.448515e+08 -1.392215e+07
-7.364411e+05 -1.188649e+05
-6.685060e+07 7.196111e+07
-6.358047e+05 -7.274308e+05
-1.402108e+07 1.572071e+07
-4.057220e+10 -7.890958e+09
-9.861148e+09 3.613354e+10
8.214960e+00 1.009367e+05
-5.970602e+11 -1.886110e+10
1.798048e+07 -6.672569e+06
6.887510e+12 -1.193104e+13
9.348263e-01 -4.492543e+06
6.582911e+05 -8.161417e+05
-2.838219e+04 -2.398552e+05
5.514945e+07 -1.270293e+07
4.290295e+04 2.403845e+05
1.447735e+05 4.662875e+05
-1.068156e+10 1.198796e+09
-8.679510e+05 -2.457788e+04
-2.683017e+10 -1.510726e+11
1.788685e+09 3.602002e+09
-2.897168e+10 -6.495728e+10
-9.669111e+14 3.977013e+13
4.391921e+05 1.898763e+06
1.401686e+07 -1.572178e+07
1.558444e+05 1.720431e+06
9.862100e+09 -3.613353e+10
-3.487238e+07 -3.295191e+07
1.601882e+13 5.275889e+12
5.093152e+07 1.602869e+07
4.208162e+08 -7.318752e+07
9.579942e+06 -2.579713e+07
1.448926e+08 1.396303e+07
3.497774e+07 -2.958856e+07
2.241849e+08 2.226927e+08
-2.557544e+07 4.465197e+07
7.099724e+07 1.295512e+08
-8.044857e+05 -3.708681e+05
5.058832e+06 7.265060e+05
-6.886834e+12 1.193104e+13
-5.054372e+06 -7.044644e+05
-7.852420e+05 -1.274744e+06
9.667219e+14 -3.976236e+13
-4.826078e+06 1.115415e+05
2.511815e+10 -5.593751e+09
-1.597539e+11 1.540224e+11
-2.492622e+06 9.078989e+06
-2.512574e+10 5.594335e+09
3.487115e+07 3.295824e+07
2.810801e+06 4.334109e+06
-6.551676e+04 -1.859776e+06
-7.100924e+00 3.411331e+05
2.735004e+05 -3.517681e+05
5.057166e+07 1.709924e+07
4.056432e+10 7.889297e+09
-3.983873e+05 6.227618e+05
2.741825e+08 1.822505e+08
3.072550e+11 -4.281803e+11
-5.507667e+07 1.280121e+07
2.995938e+07 1.369670e+06
-1.788326e+09 -3.600947e+09
1.258785e+20 -1.039910e+20
1.935488e+04 5.112893e+05
4.759222e+00 2.858870e+05
2.640907e+06 -9.423206e+06
7.654456e+12 -5.325755e+12
-3.732238e+00 1.129348e+05
7.732611e+07 -5.644977e+07
-3.459592e+05 -3.404677e+04
1.595921e+06 -1.059714e+05
1.144632e+07 -3.372617e+06
-3.496421e+07 1.965754e+07
1.052102e+06 8.916166e+04
-3.489260e+13 -6.649059e+13
-4.206354e+08 7.343916e+07
3.156573e+06 -1.209188e+07
9.872724e+08 8.441749e+08
-6.824474e+06 2.051552e+05
3.465370e+06 -9.655486e+06
-1.049035e+07 1.210373e+07
-2.805980e+14 1.328574e+15
9.463143e+06 4.527220e+06
1.934974e+08 5.763172e+08
2.270208e+10 -4.550471e+10
-7.659707e+12 5.328364e+12
-4.579121e+09 -1.497441e+09
3.265876e+09 8.142309e+07
-3.265556e+09 -8.141187e+07
1.053584e+07 -1.204441e+07
-4.966831e+06 1.794426e+07
5.995661e+15 2.229958e+16
-4.720413e+05 -1.191800e+06
-6.385298e+00 -3.995958e+05
-1.828437e+06 4.383373e+07
9.675212e+07 -5.706307e+06
2.674254e+05 -1.642971e+05
-2.679128e+05 1.655618e+05
-5.511838e+08 -2.641163e+08
6.817155e+06 -3.616937e+05
-8.726470e+00 2.562569e+06
-3.209572e+18 -6.759016e+18
3.762037e+06 -2.875799e+06
7.997786e+04 -5.676733e+00
-6.401882e+05 -1.171423e+06
-1.789142e+07 6.684670e+06
7.873948e+05 3.813274e+05
2.054889e+05 -4.884585e+00
-6.198822e+07 -1.572490e+07
-2.460233e+05 -8.801374e+05
4.968952e+06 -1.794949e+07
-2.440728e+06 1.027878e+06
2.396269e+05 6.922474e+05
-2.882589e+09 -4.428833e+09
-1.259155e+20 1.040216e+20
1.562958e+04 -9.107780e+00
-3.154833e+06 1.209596e+07
-3.785824e+12 -1.377929e+12
5.351087e+07 -5.166902e+09
7.104059e+00 -3.985470e+05
-9.944277e+05 -1.151408e+07
-9.228451e+08 -1.192867e+10
-1.934638e+08 -5.761942e+08
1.773057e+08 1.318838e+08
-1.280896e+07 -4.095793e+07
8.631053e+06 1.449051e+07
-7.108416e+07 -1.296879e+08
-2.116475e+05 1.090379e+01
-3.464730e+00 -2.866198e+05
-3.667324e+13 1.884926e+13
2.497317e+14 2.697977e+15
-8.368285e+05 1.041936e+01
3.503593e+08 2.003746e+08
-8.699886e+00 3.429027e+05
-9.716305e+07 4.819404e+06
-3.731761e+06 2.873153e+06
8.423079e+05 -4.302121e+00
-2.304322e+07 1.970475e+07
-7.446350e+10 7.335425e+10
-2.367697e+04 -1.921820e+06
-2.672640e+12 9.652609e+13
-2.432224e+10 1.109713e+11
5.051593e+05 -1.350659e+06
5.303223e+06 8.067749e+05
-9.015395e+06 -1.531428e+07
2.888432e+06 -2.150959e+05
7.237815e+00 3.835874e+05
-4.717723e+06 -1.365586e+06
6.388210e+05 1.168012e+06
-5.518188e+08 1.623595e+08
-2.188510e+11 -2.412533e+11
5.885140e+06 -1.511124e+06
1.522164e+11 2.297378e+10
2.433210e+06 -1.040854e+06
3.901367e+07 1.012357e+08
-2.157457e+07 -2.287139e+07
-1.368650e+05 -7.557050e+04
-9.562018e+05 1.987537e+05
3.229903e+07 -4.220523e+06
-1.188823e+00 1.225650e+05
5.974478e+05 5.201895e+05
7.614661e+09 1.609746e+09
4.780841e+05 6.252126e+05
9.490250e+10 -1.773927e+10
-2.171099e+04 -5.277470e+03
-1.219024e+08 5.277863e+06
9.581069e+07 8.471894e+07
-1.367905e+14 1.232854e+14
-1.890094e+07 -3.527219e+07
-1.469352e+05 -1.395774e+05
4.717077e+06 1.375624e+06
5.852870e+08 2.424541e+09
-9.509588e+04 9.417905e+00
-6.468291e+00 2.895603e+05
-2.118661e+12 6.849519e+11
-3.365106e+06 -2.039821e+06
-5.822644e+07 -1.644636e+07
-5.468749e+00 1.270086e+06
1.931465e+09 -1.258161e+09
-1.602670e+13 -5.277446e+12
9.714419e+05 1.178978e+06
-4.809464e+05 1.336266e+06
-5.347887e+07 5.166442e+09
3.479189e+07 8.931058e+06
5.836106e+05 -1.076301e+05
3.389120e+05 -9.505552e+04
-4.839053e+06 2.129699e+06
-2.498049e+14 -2.698768e+15
-3.093459e+05 7.522173e+00
4.882965e+10 -8.504288e+09
2.048794e+10 -1.467240e+08
-2.048995e+10 1.467294e+08
1.062891e+10 3.511103e+09
-1.631208e+12 5.858855e+11
5.974694e+11 1.887223e+10
7.224816e+09 2.095785e+09
-2.528996e+06 4.875369e+06
4.579188e+09 1.497043e+09
1.834411e+06 -4.389117e+07
6.548894e+05 -1.303263e+06
-3.882923e+08 -2.351690e+07
7.464837e+04 1.023328e+01
5.999746e+08 1.153048e+08
-9.544522e+06 -4.543878e+06
7.072099e+05 -2.772817e+06
-6.599092e+00 -1.248416e+06
-1.640639e+05 6.240622e+00
2.897453e+10 6.496363e+10
-9.541491e+06 7.700799e+06
-2.818471e+06 2.925214e+05
8.023201e+06 6.639045e+06
-1.418585e+06 6.159999e+06
-4.655313e+09 6.268804e+09
-7.466938e+07 1.273018e+07
2.231521e+05 -2.838918e+00
2.643521e+07 -2.593486e+07
2.673164e+12 -9.651663e+13
-1.072625e+08 -1.816555e+08
-1.025367e+08 2.092862e+08
-9.684680e+06 8.132703e+05
1.368039e+14 -1.232974e+14
-1.500971e+06 2.773236e+05
3.883398e+08 2.342615e+07
3.210515e+18 6.761666e+18
-3.480750e+07 -8.950653e+06
-8.697472e+06 -1.438333e+07
-6.988461e+05 2.780136e+06
-1.040204e+06 -1.284967e+05
9.238610e+04 7.225814e+05
-5.174421e+08 6.726034e+09
2.559023e+07 -4.466870e+07
3.570576e+10 5.583942e+11
4.657138e+09 -6.270651e+09
2.117169e+07 -7.908756e+07
5.802241e+07 1.661337e+07
-3.911102e+07 -1.010496e+08
1.254473e+05 6.376978e-01
9.826976e+05 -2.361433e+00
9.132730e+04 1.840934e+06
-9.571588e+07 -8.461804e+07
1.266233e+07 4.105920e+07
-8.098683e+06 -6.673570e+06
2.432220e+10 -1.109607e+11
-5.251433e+06 -8.162183e+05
7.719781e+05 1.398738e+05
2.103491e+09 1.461235e+09
3.946550e+00 -1.136808e+06
1.023212e+08 -2.092536e+08
1.218807e+08 -5.278491e+06
-7.258008e+05 7.382207e+05
-7.801651e+05 -4.237911e+05
-2.142959e+06 5.896282e+00
9.066966e+05 6.148421e+05
