4.921857e+05 -9.604667e+00
1.958257e+06 -3.448715e+05
2.050045e+09 2.649663e+10
4.863377e+11 5.361682e+11
-3.674201e+11 -5.023959e+11
-1.335502e+09 -2.565532e+08
3.806938e+06 -1.363227e+07
-1.716651e+06 -1.409355e+06
-5.670108e+05 -3.743997e+06
-1.249298e+06 -2.474684e+00
1.811101e+05 -3.965147e+05
-8.405613e+06 2.237330e+07
1.149091e+09 -1.493967e+10
1.227196e+09 -3.610275e+08
-1.237134e+10 -2.678857e+09
1.227466e+09 5.882196e+08
-3.273110e+05 1.059916e+07
-1.650354e+06 -5.732300e+05
4.749342e+06 9.791497e-01
-5.884167e+07 5.755763e+07
-5.354499e+05 -1.074135e+06
-9.458742e+08 3.537221e+08
3.557073e+08 1.151992e+10
-1.690524e+10 -3.574337e+09
-1.297020e+07 2.538636e+07
-3.377881e+06 3.343319e+05
1.837370e+05 -3.458792e+04
2.148426e+07 -1.678347e+07
-5.392982e+12 -1.464968e+12
-5.952364e+00 -8.759145e+05
1.056764e+07 -4.771838e+06
-3.231243e+07 6.323575e+06
-7.962426e+09 -2.393519e+09
-7.795527e+08 -4.457064e+08
-9.947611e+06 -1.416177e+06
2.242226e+10 -1.407248e+10
7.756986e+13 1.478364e+14
1.902672e+05 3.529596e+05
1.237417e+10 2.679633e+09
4.166020e+07 3.354113e+07
2.375112e+10 -2.665685e+09
5.228846e+05 1.072420e+06
9.306114e+00 -5.053832e+05
-4.680713e+09 -3.252126e+09
3.554897e+06 2.578290e+07
5.235492e+05 -4.967450e+05
-6.866780e+11 9.567952e+11
3.280467e+05 -2.499552e+05
3.231669e+07 -6.349907e+06
-4.986858e+08 -4.953308e+08
1.665780e+08 -2.873564e+07
7.508904e+06 4.495174e+06
8.323530e+00 -3.837259e+05
3.814752e+06 -4.289464e+05
8.416442e+12 3.063234e+12
9.454692e+08 -3.539871e+08
-1.084867e+11 1.889565e+10
1.379471e+08 3.499263e+07
9.927952e+05 2.581435e+06
-1.114013e+07 -3.353835e+07
-4.709278e+12 -6.327158e+12
-2.109986e+11 3.944074e+10
1.596464e+07 -3.198725e+07
4.921699e+07 5.464646e+07
-9.616362e+14 1.374274e+15
-8.873725e+07 2.904401e+07
5.320322e+06 -1.081806e+07
-3.381415e+11 -5.103296e+10
-2.204056e+09 -1.884109e+09
1.708308e+09 -2.398942e+08
1.244214e+06 3.713652e+00
-3.269221e+09 -3.638034e+09
5.392745e+12 1.464774e+12
4.701802e+08 1.170533e+08
2.765723e+04 -6.147998e+00
-2.362001e+10 -7.803894e+09
-7.954617e+10 -1.244215e+12
-7.958417e+08 -1.549748e+09
-8.819909e+05 9.118478e+05
-1.141859e+08 -3.599381e+07
-1.314069e+09 -5.384333e+09
4.709071e+12 6.326044e+12
-1.302178e+09 8.480513e+08
1.299275e+07 -2.540195e+07
-1.721182e+08 1.256793e+08
-6.677265e+07 -3.325790e+06
8.900917e+00 -4.288193e+06
3.674045e+11 5.024178e+11
-5.184132e+05 1.076544e+01
-4.120104e+04 8.204021e+00
-1.597227e+07 3.191027e+07
3.269646e+09 3.638995e+09
-6.097874e+08 -4.054195e+08
1.056927e+17 -1.720887e+17
7.965005e+09 2.394821e+09
5.470136e+00 -8.569087e+05
2.383253e+08 4.045209e+08
6.341648e+05 -8.315220e+05
-2.325405e+04 -6.026429e+05
-4.297850e+09 2.799897e+09
-3.553940e+08 -1.152650e+10
3.551120e+11 -3.423181e+11
-3.947794e+08 -2.934196e+08
-1.733869e+11 2.619774e+11
1.832997e+04 5.405416e+05
5.809701e+06 3.562029e+07
1.734098e+11 -2.620004e+11
2.207145e+05 6.855346e+00
8.173327e+13 -4.201142e+13
-2.242452e+10 1.407296e+10
5.985246e+10 3.370255e+11
1.129299e+07 -3.433305e+00
-9.224318e+07 8.854054e+07
-1.708522e+09 2.400267e+08
3.630027e+12 -1.303806e+12
-4.701210e+08 -1.173286e+08
-7.597542e+05 2.272200e+05
9.621868e+14 -1.374818e+15
5.085829e+05 9.652323e+05
-1.605784e+10 -4.657970e+09
-1.057206e+17 1.721190e+17
-1.471809e+08 9.067888e+07
4.711178e+12 -1.522496e+12
1.302543e+09 -8.483936e+08
-4.704238e+07 1.758651e+08
1.654063e+11 -1.630752e+11
4.192720e+07 7.853885e+07
6.413095e+09 9.852690e+09
-1.670710e+06 2.886438e+06
1.486134e+08 -1.599971e+08
-8.511582e+05 -4.071802e+06
8.601290e+05 4.063818e+06
-8.234606e+00 -4.221498e+06
-5.120533e+10 1.026418e+11
-2.532223e+07 7.709546e+06
-4.150257e+07 -3.298284e+07
-5.754899e+06 -9.392475e+06
1.070601e+01 3.793502e+06
8.067730e+08 1.552593e+09
-2.128956e+07 5.736197e+07
6.249846e+14 -2.959174e+15
3.581735e+06 -1.820592e+06
-1.006761e+06 -4.084597e+06
1.467331e+08 -9.062178e+07
-3.258005e+05 -1.046061e+06
-1.341289e+16 -4.989796e+16
-2.127574e+05 -1.353985e+00
2.138283e+07 -1.722624e+06
-3.222015e+08 -3.096672e+07
-1.641049e+06 -2.649887e+05
-1.486531e+08 1.600240e+08
-1.413802e+06 -1.617270e+06
-3.117017e+07 3.494205e+07
-9.017897e+10 -1.753906e+10
-2.192267e+10 8.033329e+10
8.494566e+00 2.244582e+05
-1.327385e+12 -4.192975e+10
4.002395e+07 -1.485292e+07
1.533133e+13 -2.655804e+13
-4.802381e+00 -1.002170e+07
1.472095e+06 -1.825012e+06
-6.311133e+04 -5.330660e+05
1.231218e+08 -2.836507e+07
9.540559e+04 5.345030e+05
3.215197e+05 1.035674e+06
-2.374586e+10 2.665243e+09
-1.929222e+06 -5.463701e+04
-5.983912e+10 -3.369212e+11
3.977580e+09 8.010291e+09
-6.438403e+10 -1.443679e+11
-2.148944e+15 8.838845e+13
9.776806e+05 4.226287e+06
3.115927e+07 -3.494319e+07
3.465860e+05 3.824181e+06
2.192168e+10 -8.031914e+10
-7.760720e+07 -7.333717e+07
3.571634e+13 1.176262e+13
1.144130e+08 3.600370e+07
9.379318e+08 -1.631322e+08
2.129935e+07 -5.735796e+07
3.221808e+08 3.104946e+07
7.787463e+07 -6.587973e+07
4.987575e+08 4.954160e+08
-5.705395e+07 9.960584e+07
1.578613e+08 2.880708e+08
-1.790328e+06 -8.253484e+05
1.124041e+07 1.614350e+06
-1.532998e+13 2.655570e+13
-1.123253e+07 -1.565202e+06
-1.746444e+06 -2.834586e+06
2.148565e+15 -8.836903e+13
-1.072194e+07 2.477783e+05
5.582794e+10 -1.243305e+10
-3.550955e+11 3.423826e+11
-5.541755e+06 2.018525e+07
-5.585793e+10 1.243587e+10
7.760078e+07 7.334327e+07
6.252024e+06 9.640212e+06
-1.458606e+05 -4.135432e+06
3.645664e+00 7.586773e+05
6.080929e+05 -7.821549e+05
1.124117e+08 3.801025e+07
9.016719e+10 1.753649e+10
-8.858833e+05 1.384977e+06
6.100144e+08 4.054935e+08
6.865571e+11 -9.566683e+11
-1.229805e+08 2.858224e+07
6.670263e+07 3.049793e+06
-3.977736e+09 -8.009945e+09
2.799739e+20 -2.312926e+20
4.289008e+04 1.137736e+06
-4.907482e+00 6.359543e+05
5.869646e+06 -2.094459e+07
1.702466e+13 -1.184516e+13
6.872125e+00 2.509708e+05
1.720649e+08 -1.256266e+08
-7.698876e+05 -7.585132e+04
3.547982e+06 -2.356708e+05
2.548015e+07 -7.508212e+06
-7.786068e+07 4.376537e+07
2.339310e+06 1.982548e+05
-7.756303e+13 -1.478104e+14
-9.374367e+08 1.636463e+08
7.020127e+06 -2.689231e+07
2.204265e+09 1.884755e+09
-1.517869e+07 4.561399e+05
7.699119e+06 -2.145369e+07
-2.336533e+07 2.696030e+07
-6.249846e+14 2.959174e+15
2.103571e+07 1.006392e+07
4.301268e+08 1.281169e+09
5.121204e+10 -1.026463e+11
-1.703216e+13 1.184881e+13
-1.018160e+10 -3.329503e+09
7.262728e+09 1.810801e+08
-7.262408e+09 -1.810729e+08
2.347448e+07 -2.683227e+07
-1.103871e+07 3.987889e+07
1.341408e+16 4.989575e+16
-1.050368e+06 -2.652008e+06
-9.061373e+00 -8.896558e+05
-4.079689e+06 9.782011e+07
2.160666e+08 -1.274274e+07
5.945153e+05 -3.652378e+05
-5.956254e+05 3.679691e+05
-1.228097e+09 -5.884478e+08
1.516625e+07 -8.046072e+05
2.502253e+00 5.697303e+06
-7.139755e+18 -1.503439e+19
8.371501e+06 -6.399399e+06
1.778556e+05 4.952209e+00
-1.424871e+06 -2.607146e+06
-3.980919e+07 1.487560e+07
1.752147e+06 8.486111e+05
4.570132e+05 -4.317479e+00
-1.378467e+08 -3.496683e+07
-5.468773e+05 -1.955848e+06
1.104453e+07 -3.989760e+07
-5.427773e+06 2.285821e+06
5.322823e+05 1.538036e+06
-6.412786e+09 -9.852221e+09
-2.799986e+20 2.313231e+20
3.485898e+04 1.858658e-01
-7.016772e+06 2.690639e+07
-8.417555e+12 -3.063504e+12
1.189217e+08 -1.148397e+10
-5.591258e+00 -8.859026e+05
-2.209947e+06 -2.558680e+07
-2.050767e+09 -2.650931e+10
-4.302353e+08 -1.281428e+09
3.943195e+08 2.933034e+08
-2.853114e+07 -9.122228e+07
1.919356e+07 3.222686e+07
-1.580552e+08 -2.883633e+08
-4.708420e+05 -5.159451e+00
5.630445e-01 -6.379262e+05
-8.173687e+13 4.201328e+13
5.550325e+14 5.995973e+15
-1.862439e+06 1.020237e+01
7.795530e+08 4.458116e+08
-8.932300e+00 7.631501e+05
-2.170132e+08 1.076358e+07
-8.302700e+06 6.394728e+06
1.874478e+06 -1.372525e+00
-5.130022e+07 4.387031e+07
-1.655336e+11 1.630589e+11
-5.262885e+04 -4.272426e+06
-5.946127e+12 2.147410e+14
-5.409256e+10 2.467865e+11
1.123221e+06 -3.003523e+06
1.179228e+07 1.794000e+06
-2.007062e+07 -3.409508e+07
6.428810e+06 -4.789345e+05
1.022758e+01 8.530213e+05
-1.049065e+07 -3.036450e+06
1.421569e+06 2.599061e+06
-1.227827e+09 3.612976e+08
-4.865092e+11 -5.362864e+11
1.308702e+07 -3.360474e+06
3.382306e+11 5.104861e+10
5.411293e+06 -2.314465e+06
8.675976e+07 2.251433e+08
-4.864945e+07 -5.157600e+07
-3.046694e+05 -1.680514e+05
-2.125780e+06 4.417565e+05
7.190507e+07 -9.395397e+06
-1.824834e+00 2.723937e+05
1.328633e+06 1.156867e+06
1.692370e+10 3.577878e+09
1.062943e+06 1.389605e+06
2.110266e+11 -3.944530e+10
-4.827946e+04 -1.163020e+04
-2.710346e+08 1.173529e+07
2.129813e+08 1.883334e+08
-3.041857e+14 2.741539e+14
-4.203069e+07 -7.843252e+07
-3.265764e+05 -3.103209e+05
1.049068e+07 3.059195e+06
1.301606e+09 5.391405e+09
-2.113621e+05 -5.156897e+00
-7.591343e+00 6.434726e+05
-4.711385e+12 1.523166e+12
-7.484686e+06 -4.536980e+06
-1.295150e+08 -3.658387e+07
-8.285136e+00 2.824803e+06
4.298818e+09 -2.800136e+09
-3.573053e+13 -1.176574e+13
2.160662e+06 2.622210e+06
-1.069703e+06 2.971778e+06
-1.188897e+08 1.148559e+10
7.730957e+07 1.984329e+07
1.299626e+06 -2.399820e+05
7.532393e+05 -2.111624e+05
-1.075989e+07 4.735202e+06
-5.550814e+14 -5.996764e+15
-6.881228e+05 -5.257975e+00
1.085199e+11 -1.890027e+10
4.557984e+10 -3.264160e+08
-4.558186e+10 3.263991e+08
2.362489e+10 7.804130e+09
-3.630346e+12 1.303864e+12
1.328028e+12 4.194834e+10
1.606159e+10 4.658713e+09
-5.623183e+06 1.083984e+07
1.018400e+10 3.329418e+09
4.093356e+06 -9.794195e+07
1.462223e+06 -2.909471e+06
-8.632431e+08 -5.228630e+07
1.659858e+05 4.997415e+00
1.335539e+09 2.566816e+08
-2.122777e+07 -1.010588e+07
1.571333e+06 -6.160885e+06
-4.627758e+00 -2.776144e+06
-3.649806e+05 -5.159542e+00
6.440674e+10 1.444060e+11
-2.123385e+07 1.713752e+07
-6.272589e+06 6.509983e+05
1.788292e+07 1.479691e+07
-3.155001e+06 1.370186e+07
-1.035599e+10 1.394589e+10
-1.664189e+08 2.837077e+07
4.978416e+05 -1.115723e+00
5.880261e+07 -5.768646e+07
5.947173e+12 -2.147504e+14
-2.386882e+08 -4.042328e+08
-2.301103e+08 4.696073e+08
-2.155344e+07 1.810122e+06
3.042124e+14 -2.741781e+14
-3.341366e+06 6.174349e+05
8.633785e+08 5.207995e+07
7.141328e+18 1.504035e+19
-7.732079e+07 -1.988373e+07
-1.934197e+07 -3.198469e+07
-1.552541e+06 6.176595e+06
-2.312305e+06 -2.855800e+05
2.052043e+05 1.605046e+06
-1.149472e+09 1.494433e+10
5.707673e+07 -9.962929e+07
7.964130e+10 1.245479e+12
1.035599e+10 -1.394406e+10
4.708147e+07 -1.758749e+08
1.290302e+08 3.694601e+07
-8.696399e+07 -2.247054e+08
2.791264e+05 -6.245462e+00
2.184225e+06 -2.667465e+00
2.028752e+05 4.092507e+06
-2.127934e+08 -1.881208e+08
2.820028e+07 9.144349e+07
-1.804751e+07 -1.487166e+07
5.409009e+10 -2.467654e+11
-1.167578e+07 -1.814548e+06
1.719259e+06 3.113103e+05
4.680931e+09 3.251566e+09
-9.306270e+00 -2.563593e+06
2.296317e+08 -4.695344e+08
2.710036e+08 -1.173664e+07
-1.622509e+06 1.650381e+06
-1.734961e+06 -9.425133e+05
-4.765014e+06 1.034097e-01
2.016909e+06 1.367816e+06
