2.109748e+06 4.588909e+00
8.378288e+06 -1.475332e+06
8.769685e+09 1.133405e+11
2.081000e+12 2.294161e+12
-1.571580e+12 -2.149255e+12
-5.718738e+09 -1.098617e+09
1.629678e+07 -5.835382e+07
-7.347942e+06 -6.032153e+06
-2.425700e+06 -1.601766e+07
-5.348117e+06 -9.092676e+00
7.743624e+05 -1.695546e+06
-3.595704e+07 9.571282e+07
4.916142e+09 -6.391321e+10
5.254838e+09 -1.546020e+09
-5.294304e+10 -1.146569e+10
5.260785e+09 2.520670e+09
-1.403462e+06 4.545215e+07
-7.059604e+06 -2.452238e+06
2.032600e+07 4.171695e+00
-2.518883e+08 2.463804e+08
-2.291730e+06 -4.596665e+06
-4.047570e+09 1.513709e+09
1.522636e+09 4.931779e+10
-7.236749e+10 -1.529954e+10
-5.552510e+07 1.086302e+08
-1.445184e+07 1.430888e+06
7.873551e+05 -1.482641e+05
9.205342e+07 -7.187931e+07
-2.307218e+13 -6.267028e+12
-3.479852e+00 -3.750523e+06
4.522291e+07 -2.042312e+07
-1.382414e+08 2.705464e+07
-3.407763e+10 -1.024362e+10
-3.337123e+09 -1.907878e+09
-4.257415e+07 -6.061255e+06
9.599351e+10 -6.024589e+10
3.319187e+14 6.325654e+14
8.117468e+05 1.513108e+06
5.295492e+10 1.146808e+10
1.783621e+08 1.435964e+08
1.016485e+11 -1.140781e+10
2.237839e+06 4.589341e+06
-6.841910e-01 -2.160638e+06
-2.003972e+10 -1.392204e+10
1.521144e+07 1.103170e+08
2.242145e+06 -2.127252e+06
-2.947703e+12 4.107205e+12
1.404875e+06 -1.070995e+06
1.383064e+08 -2.717474e+07
-2.135389e+09 -2.121263e+09
7.139811e+08 -1.231838e+08
3.215222e+07 1.924818e+07
7.295242e+00 -1.642048e+06
1.633858e+07 -1.837006e+06
3.602556e+13 1.311300e+13
4.045957e+09 -1.514723e+09
-4.641981e+11 8.084685e+10
5.903968e+08 1.497582e+08
4.250716e+06 1.105213e+07
-4.765659e+07 -1.434794e+08
-2.015725e+13 -2.707897e+13
-9.028091e+11 1.687725e+11
6.827883e+07 -1.368085e+08
2.124687e+08 2.359304e+08
-4.114057e+15 5.879130e+15
-3.796723e+08 1.242714e+08
2.276937e+07 -4.629623e+07
-1.446503e+12 -2.183231e+11
-9.457743e+09 -8.085271e+09
7.307946e+09 -1.026250e+09
5.327806e+06 5.756385e+00
-1.398593e+10 -1.556442e+10
2.307456e+13 6.266770e+12
2.024556e+09 5.040099e+08
1.186626e+05 1.008335e+01
-1.010696e+11 -3.339505e+10
-3.411264e+11 -5.336264e+12
-3.406176e+09 -6.632676e+09
-3.773991e+06 3.901510e+06
-4.918119e+08 -1.550291e+08
-5.624144e+09 -2.304619e+10
2.015766e+13 2.707897e+13
-5.572047e+09 3.629176e+09
5.560217e+07 -1.087129e+08
-7.369644e+08 5.381067e+08
-2.859702e+08 -1.424324e+07
-1.103286e+01 -1.835041e+07
1.571712e+12 2.149232e+12
-2.219110e+06 -5.110400e-01
-1.766943e+05 1.127709e+00
-6.831810e+07 1.364890e+08
1.398532e+10 1.556506e+10
-2.610791e+09 -1.735565e+09
4.521377e+17 -7.362101e+17
3.408763e+10 1.024818e+10
-5.373249e+00 -3.668433e+06
1.020587e+09 1.732209e+09
2.713749e+06 -3.558355e+06
-9.977870e+04 -2.579982e+06
-1.840686e+10 1.199036e+10
-1.520817e+09 -4.932889e+10
1.519456e+12 -1.464763e+12
-1.689721e+09 -1.255803e+09
-7.423095e+11 1.121594e+12
7.880727e+04 2.313326e+06
2.485704e+07 1.524070e+08
7.423936e+11 -1.121513e+12
9.440155e+05 2.860743e-01
3.502293e+14 -1.800373e+14
-9.599373e+10 6.024343e+10
2.566172e+11 1.444902e+12
4.829815e+07 -2.362246e+00
-3.946004e+08 3.787547e+08
-7.308421e+09 1.026617e+09
1.554311e+13 -5.582373e+12
-2.024059e+09 -5.050143e+08
-3.252231e+06 9.727662e+05
4.115751e+15 -5.880219e+15
2.182109e+06 4.141311e+06
-6.870379e+10 -1.992792e+10
-4.521703e+17 7.362177e+17
-6.958500e+08 4.286870e+08
2.015964e+13 -6.514557e+12
5.571949e+09 -3.629090e+09
-2.013205e+08 7.526668e+08
7.076245e+11 -6.976519e+11
1.794318e+08 3.360770e+08
2.745280e+10 4.217738e+10
-7.170499e+06 1.238880e+07
6.360993e+08 -6.847565e+08
-3.640457e+06 -1.741427e+07
3.677861e+06 1.738089e+07
-4.480755e+00 -1.808061e+07
-2.211496e+11 4.432870e+11
-1.084256e+08 3.300691e+07
-1.776713e+08 -1.411972e+08
-2.463274e+07 -4.020216e+07
-9.646371e+00 1.624540e+07
3.452330e+09 6.643098e+09
-9.110353e+07 2.454749e+08
2.677824e+15 -1.267947e+16
1.532440e+07 -7.789869e+06
-4.311199e+06 -1.749224e+07
6.937927e+08 -4.284789e+08
-1.393985e+06 -4.475477e+06
-5.763186e+16 -2.143971e+17
-9.105189e+05 7.062881e+00
9.155615e+07 -7.376800e+06
-1.378865e+09 -1.325380e+08
-7.031438e+06 -1.135387e+06
-6.361485e+08 6.847438e+08
-6.048591e+06 -6.918953e+06
-1.333330e+08 1.494667e+08
-3.857634e+11 -7.503165e+10
-9.379189e+10 3.436399e+11
3.333991e+00 9.599209e+05
-5.678939e+12 -1.793983e+11
1.713919e+08 -6.360040e+07
6.565300e+13 -1.137230e+14
6.839456e+00 -4.297250e+07
6.321686e+06 -7.836335e+06
-2.690126e+05 -2.279812e+06
5.282412e+08 -1.216995e+08
4.078646e+05 2.286343e+06
1.374871e+06 4.429898e+06
-1.016139e+11 1.140546e+10
-8.254178e+06 -2.330641e+05
-2.565796e+11 -1.444752e+12
1.702580e+10 3.428395e+10
-2.754634e+11 -6.176281e+11
-9.193176e+15 3.780789e+14
4.184461e+06 1.809187e+07
1.332837e+08 -1.494670e+08
1.481619e+06 1.635776e+07
9.378308e+10 -3.436257e+11
-3.322536e+08 -3.139931e+08
1.531162e+14 5.042599e+13
4.927809e+08 1.550896e+08
4.020426e+09 -6.993084e+08
9.114840e+07 -2.454601e+08
1.378801e+09 1.328785e+08
3.335599e+08 -2.821951e+08
2.135229e+09 2.120951e+09
-2.446782e+08 4.271831e+08
6.757088e+08 1.232996e+09
-7.667348e+06 -3.535067e+06
4.809412e+07 6.906411e+06
-6.565570e+13 1.137335e+14
-4.805274e+07 -6.696771e+06
-7.476014e+06 -1.213229e+07
9.193839e+15 -3.781452e+14
-4.587166e+07 1.060489e+06
2.389310e+11 -5.320059e+10
-1.519483e+12 1.464902e+12
-2.371189e+07 8.636754e+07
-2.389823e+11 5.320805e+10
3.322622e+08 3.140146e+08
2.675986e+07 4.126207e+07
-6.232300e+05 -1.769598e+07
1.089025e+01 3.246632e+06
2.601797e+06 -3.346761e+06
4.809368e+08 1.626118e+08
3.857560e+11 7.502205e+10
-3.790685e+06 5.927154e+06
2.611509e+09 1.736034e+09
2.947311e+12 -4.106867e+12
-5.277083e+08 1.226474e+08
2.856627e+08 1.306325e+07
-1.702501e+10 -3.428609e+10
1.198331e+21 -9.899469e+20
1.830391e+05 4.871258e+06
-8.757115e+00 2.722107e+06
2.511675e+07 -8.963305e+07
7.289325e+13 -5.071524e+13
5.265686e-01 1.073716e+06
7.368423e+08 -5.378860e+08
-3.296415e+06 -3.245346e+05
1.518039e+07 -1.007759e+06
1.091145e+08 -3.214946e+07
-3.335365e+08 1.874629e+08
1.000912e+07 8.482257e+05
-3.319323e+14 -6.325915e+14
-4.018387e+09 7.015024e+08
3.005286e+07 -1.151270e+08
9.458584e+09 8.087337e+09
-6.497353e+07 1.953109e+06
3.293708e+07 -9.178564e+07
-1.001200e+08 1.155295e+08
-2.677879e+15 1.267895e+16
9.002713e+07 4.306922e+07
1.840678e+09 5.482517e+09
2.211285e+11 -4.432501e+11
-7.289550e+13 5.071263e+13
-4.357542e+10 -1.424929e+10
3.108709e+10 7.751063e+08
-3.108517e+10 -7.750431e+08
1.005872e+08 -1.149623e+08
-4.722759e+07 1.706096e+08
5.763305e+16 2.143772e+17
-4.498423e+06 -1.135748e+07
-1.058628e+01 -3.810984e+06
-1.749683e+07 4.195703e+08
9.271038e+08 -5.468367e+07
2.544744e+06 -1.563503e+06
-2.549353e+06 1.574736e+06
-5.262438e+09 -2.521460e+09
6.492955e+07 -3.444837e+06
1.689218e+00 2.438096e+07
-3.056548e+19 -6.436799e+19
3.584617e+07 -2.740195e+07
7.615148e+05 4.374323e+00
-6.100222e+06 -1.116284e+07
-1.704509e+08 6.368752e+07
7.501056e+06 3.632841e+06
1.955366e+06 1.078612e+01
-5.899199e+08 -1.496452e+08
-2.339878e+06 -8.368333e+06
4.725542e+07 -1.706961e+08
-2.323335e+07 9.783581e+06
2.277238e+06 6.581464e+06
-2.745806e+10 -4.218591e+10
-1.198540e+21 9.901507e+20
1.491858e+05 -7.713071e+00
-3.004046e+07 1.151978e+08
-3.602779e+13 -1.311313e+13
5.088791e+08 -4.914017e+10
7.651812e+00 -3.791623e+06
-9.454910e+06 -1.094715e+08
-8.773346e+09 -1.134098e+11
-1.841221e+09 -5.483945e+09
1.687495e+09 1.255156e+09
-1.222187e+08 -3.907730e+08
8.214941e+07 1.379338e+08
-6.763673e+08 -1.234067e+09
-2.015178e+06 -9.280639e+00
-3.394574e+00 -2.731040e+06
-3.502978e+14 1.800688e+14
2.374478e+15 2.565070e+16
-7.974050e+06 5.406787e+00
3.336963e+09 1.908301e+09
-6.964914e+00 3.266950e+06
-9.312037e+08 4.618743e+07
-3.556830e+07 2.738241e+07
8.025927e+06 -5.205091e-01
-2.196957e+08 1.878929e+08
-7.083178e+11 6.976980e+11
-2.253656e+05 -1.828122e+07
-2.545530e+13 9.192821e+14
-2.315139e+11 1.056200e+12
4.806502e+06 -1.285399e+07
5.046446e+07 7.677345e+06
-8.595690e+07 -1.460178e+08
2.752811e+07 -2.051131e+06
5.960962e+00 3.651201e+06
-4.490317e+07 -1.299847e+07
6.088051e+06 1.112986e+07
-5.256613e+09 1.546840e+09
-2.081643e+12 -2.294752e+12
5.601248e+07 -1.438087e+07
1.446756e+12 2.183632e+11
2.315859e+07 -9.905364e+06
3.712917e+08 9.635428e+08
-2.100131e+08 -2.226227e+08
-1.304324e+06 -7.189946e+05
-9.096174e+06 1.889668e+06
3.079030e+08 -4.023302e+07
8.220527e+00 1.165595e+06
5.686252e+06 4.950797e+06
7.239216e+10 1.530511e+10
4.548209e+06 5.944787e+06
9.030232e+11 -1.687923e+11
-2.070358e+05 -4.985167e+04
-1.159743e+09 5.021834e+07
9.113454e+08 8.058494e+08
-1.301726e+15 1.173245e+15
-1.798726e+08 -3.356607e+08
-1.397827e+06 -1.327949e+06
4.489811e+07 1.309318e+07
5.570572e+09 2.307577e+10
-9.051605e+05 -9.836660e+00
-8.902613e+00 2.753319e+06
-2.016503e+13 6.519385e+12
-3.204027e+07 -1.942166e+07
-5.544009e+08 -1.565921e+08
5.345734e+00 1.209114e+07
1.840897e+10 -1.199177e+10
-1.531872e+14 -5.044313e+13
9.248630e+06 1.122295e+07
-4.578488e+06 1.271906e+07
-5.086495e+08 4.914010e+10
3.306915e+08 8.488193e+07
5.566711e+06 -1.029148e+06
3.222421e+06 -9.035644e+05
-4.604237e+07 2.026324e+07
-2.374503e+15 -2.564964e+16
-2.945178e+06 1.655008e+00
4.642255e+11 -8.085937e+10
1.951113e+11 -1.397321e+09
-1.951394e+11 1.397401e+09
1.010943e+11 3.339396e+10
-1.554455e+13 5.583005e+12
5.681395e+12 1.794560e+11
6.871882e+10 1.993149e+10
-2.406250e+07 4.638725e+07
4.358548e+10 1.424904e+10
1.755494e+07 -4.200539e+08
6.273300e+06 -1.248395e+07
-3.693944e+09 -2.237028e+08
7.093146e+05 4.670055e+00
5.718326e+09 1.099049e+09
-9.084186e+07 -4.324623e+07
6.721127e+06 -2.634965e+07
1.033164e+00 -1.188063e+07
-1.562932e+06 -1.094113e+01
2.755571e+11 6.178504e+11
-9.092624e+07 7.338539e+07
-2.686001e+07 2.787580e+06
7.664484e+07 6.341547e+07
-1.350504e+07 5.864773e+07
-4.432741e+10 5.969152e+10
-7.131358e+08 1.215633e+08
2.134045e+06 4.646052e+00
2.516655e+08 -2.468857e+08
2.545634e+13 -9.192726e+14
-1.021816e+09 -1.730508e+09
-9.902549e+08 2.020974e+09
-9.227637e+07 7.750461e+06
1.301739e+15 -1.173221e+15
-1.430679e+07 2.643710e+06
3.694264e+09 2.228495e+08
3.056768e+19 6.438057e+19
-3.307200e+08 -8.504715e+07
-8.277955e+07 -1.368842e+08
-6.640389e+06 2.641843e+07
-9.894487e+06 -1.222469e+06
8.780668e+05 6.866913e+06
-4.917673e+09 6.392857e+10
2.447507e+08 -4.272159e+08
3.415527e+11 5.340993e+12
4.432832e+10 -5.968665e+10
2.015135e+08 -7.527641e+08
5.522867e+08 1.581199e+08
-3.721670e+08 -9.617185e+08
1.195209e+06 -8.764170e+00
9.344187e+06 1.493436e-01
8.680414e+05 1.751205e+07
-9.106024e+08 -8.050303e+08
1.208057e+08 3.917305e+08
-7.734755e+07 -6.373730e+07
2.314992e+11 -1.056148e+12
-4.996664e+07 -7.765817e+06
7.366324e+06 1.334197e+06
2.004204e+10 1.392092e+10
-7.402187e+00 -1.106850e+07
9.883408e+08 -2.020743e+09
1.159740e+09 -5.022469e+07
-6.967454e+06 7.087025e+06
-7.425974e+06 -4.034462e+06
-2.039115e+07 2.986667e-01
8.633038e+06 5.853576e+06
