3.394068e+05 6.480420e+00
1.350967e+06 -2.379683e+05
1.414652e+09 1.828396e+10
3.355899e+11 3.699658e+11
-2.536001e+11 -3.467782e+11
-9.212189e+08 -1.769457e+08
2.626524e+06 -9.405001e+06
-1.184327e+06 -9.724339e+05
-3.912581e+05 -2.583534e+06
-8.617648e+05 6.091428e+00
1.250982e+05 -2.737633e+05
-5.800905e+06 1.543847e+07
7.929915e+08 -1.031032e+10
8.464728e+08 -2.490290e+08
-8.535473e+09 -1.848102e+09
8.461546e+08 4.055040e+08
-2.255513e+05 7.303947e+06
-1.138966e+06 -3.956429e+05
3.276986e+06 3.897674e+00
-4.059121e+07 3.970625e+07
-3.695282e+05 -7.412212e+05
-6.527278e+08 2.440913e+08
2.454332e+08 7.947294e+09
-1.166415e+10 -2.466342e+09
-8.950128e+06 1.751881e+07
-2.331467e+06 2.308278e+05
1.268514e+05 -2.394574e+04
1.481786e+07 -1.157946e+07
-3.722974e+12 -1.011252e+12
-5.191474e+00 -6.043769e+05
7.292542e+06 -3.292920e+06
-2.229802e+07 4.363645e+06
-5.493506e+09 -1.651659e+09
-5.378014e+08 -3.074785e+08
-6.863502e+06 -9.771080e+05
1.546778e+10 -9.708580e+09
5.352590e+13 1.020078e+14
1.315338e+05 2.432699e+05
8.538268e+09 1.849012e+09
2.874215e+07 2.313966e+07
1.638845e+10 -1.839262e+09
3.607247e+05 7.399394e+05
6.010180e-01 -3.488903e+05
-3.228547e+09 -2.243305e+09
2.452949e+06 1.779165e+07
3.610425e+05 -3.425267e+05
-4.729659e+11 6.590024e+11
2.261754e+05 -1.724052e+05
2.230703e+07 -4.383309e+06
-3.441062e+08 -3.417693e+08
1.148596e+08 -1.981401e+07
5.181302e+06 3.101627e+06
4.079346e+00 -2.648613e+05
2.631123e+06 -2.958511e+05
5.806808e+12 2.113445e+12
6.523749e+08 -2.442564e+08
-7.485895e+10 1.303912e+10
9.517655e+07 2.414253e+07
6.846460e+05 1.780362e+06
-7.687438e+06 -2.314424e+07
-3.248666e+12 -4.364797e+12
-1.455778e+11 2.721375e+10
1.101894e+07 -2.207511e+07
3.377809e+07 3.750610e+07
-6.635493e+14 9.484321e+14
-6.122753e+07 2.004164e+07
3.670500e+06 -7.463337e+06
-2.333699e+11 -3.521993e+10
-1.518504e+09 -1.298047e+09
1.179227e+09 -1.655859e+08
8.582919e+05 4.343032e+00
-2.256854e+09 -2.511568e+09
3.722024e+12 1.011123e+12
3.233291e+08 8.049582e+07
1.915227e+04 -1.040403e+01
-1.630031e+10 -5.385622e+09
-5.481645e+10 -8.574543e+11
-5.491490e+08 -1.069357e+09
-6.086764e+05 6.293176e+05
-7.849330e+07 -2.474331e+07
-9.067016e+08 -3.715313e+09
3.249288e+12 4.364519e+12
-8.986451e+08 5.853112e+08
8.965693e+06 -1.752949e+07
-1.187410e+08 8.670543e+07
-4.605585e+07 -2.294054e+06
7.508792e+00 -2.958986e+06
2.535681e+11 3.467559e+11
-3.576533e+05 -7.093621e+00
-2.845983e+04 7.975536e-02
-1.102343e+07 2.202315e+07
2.256561e+09 2.511408e+09
-4.206515e+08 -2.796705e+08
7.293850e+16 -1.187636e+17
5.495345e+09 1.652306e+09
-2.056920e+00 -5.911098e+05
1.643575e+08 2.789830e+08
4.375885e+05 -5.737652e+05
-1.603718e+04 -4.157089e+05
-2.963806e+09 1.930891e+09
-2.451981e+08 -7.952358e+09
2.450493e+11 -2.362161e+11
-2.723684e+08 -2.024417e+08
-1.196051e+11 1.807198e+11
1.265578e+04 3.729456e+05
4.008712e+06 2.457958e+07
1.196204e+11 -1.807314e+11
1.523238e+05 2.445320e+00
5.634937e+13 -2.896336e+13
-1.546897e+10 9.707863e+09
4.124872e+10 2.322587e+11
7.792982e+06 -7.223250e-01
-6.365569e+07 6.110693e+07
-1.179144e+09 1.656686e+08
2.503682e+12 -8.993114e+11
-3.231762e+08 -8.066322e+07
-5.238877e+05 1.566591e+05
6.639728e+14 -9.487347e+14
3.503152e+05 6.647774e+05
-1.107852e+10 -3.213659e+09
-7.295246e+16 1.187712e+17
-9.529366e+07 5.870955e+07
3.249982e+12 -1.050367e+12
8.987349e+08 -5.853528e+08
-3.244870e+07 1.213129e+08
1.141278e+11 -1.125194e+11
2.892454e+07 5.418198e+07
4.423642e+09 6.796081e+09
-1.150717e+06 1.988190e+06
1.025297e+08 -1.103807e+08
-5.873553e+05 -2.809915e+06
5.935476e+05 2.804508e+06
7.088334e+00 -2.911365e+06
-3.513948e+10 7.043446e+10
-1.746475e+07 5.317368e+06
-2.862714e+07 -2.275049e+07
-3.969789e+06 -6.479214e+06
-8.809408e+00 2.616195e+06
5.566304e+08 1.071254e+09
-1.468868e+07 3.957498e+07
4.308623e+14 -2.040045e+15
2.471439e+06 -1.256144e+06
-6.942942e+05 -2.816979e+06
9.501104e+07 -5.867841e+07
-2.247689e+05 -7.218795e+05
-9.232499e+15 -3.434833e+16
-1.467876e+05 -2.149698e+00
1.474766e+07 -1.187986e+06
-2.222656e+08 -2.136138e+07
-1.131229e+06 -1.826112e+05
-1.025606e+08 1.104010e+08
-9.753175e+05 -1.115766e+06
-2.150764e+07 2.411087e+07
-6.222579e+10 -1.210240e+10
-1.512660e+10 5.543093e+10
6.490927e+00 1.548056e+05
-9.159599e+11 -2.893413e+10
2.760409e+07 -1.024429e+07
1.057387e+13 -1.831682e+13
1.029750e+01 -6.906429e+06
1.013511e+06 -1.256557e+06
-4.356142e+04 -3.678452e+05
8.482141e+07 -1.953878e+07
6.577695e+04 3.687283e+05
2.217973e+05 7.147339e+05
-1.638425e+10 1.838928e+09
-1.331124e+06 -3.763454e+04
-4.123807e+10 -2.321842e+11
2.744005e+09 5.525799e+09
-4.442418e+10 -9.960964e+10
-1.482767e+15 6.098788e+13
6.741184e+05 2.914593e+06
2.149795e+07 -2.411106e+07
2.390035e+05 2.638722e+06
1.512658e+10 -5.542031e+10
-5.352434e+07 -5.057838e+07
2.461559e+13 8.107246e+12
7.864300e+07 2.474811e+07
6.465704e+08 -1.124541e+08
1.469631e+07 -3.957720e+07
2.222699e+08 2.142112e+07
5.370348e+07 -4.542779e+07
3.440123e+08 3.417226e+08
-3.931162e+07 6.862959e+07
1.088981e+08 1.987298e+08
-1.234574e+06 -5.691104e+05
7.755926e+06 1.113794e+06
-1.057184e+13 1.831330e+13
-7.750189e+06 -1.079984e+06
-1.204690e+06 -1.955468e+06
1.482484e+15 -6.097622e+13
-7.399202e+06 1.709304e+05
3.851695e+10 -8.578692e+09
-2.450174e+11 2.362492e+11
-3.823719e+06 1.392691e+07
-3.853942e+10 8.580389e+09
5.352238e+07 5.058462e+07
4.312719e+06 6.649949e+06
-1.004974e+05 -2.852941e+06
-7.287575e+00 5.232636e+05
4.194271e+05 -5.394908e+05
7.756229e+07 2.622696e+07
6.221794e+10 1.210068e+10
-6.111328e+05 9.555197e+05
4.207645e+08 2.796926e+08
4.728145e+11 -6.588755e+11
-8.472109e+07 1.968991e+07
4.599761e+07 2.102942e+06
-2.743992e+09 -5.525451e+09
1.931527e+20 -1.595676e+20
2.965475e+04 7.848136e+05
5.758144e+00 4.387788e+05
4.050209e+06 -1.445201e+07
1.174388e+13 -8.170785e+12
-2.141834e+00 1.731390e+05
1.186662e+08 -8.664261e+07
-5.309127e+05 -5.225202e+04
2.447840e+06 -1.625535e+05
1.757098e+07 -5.177436e+06
-5.368827e+07 3.018042e+07
1.613969e+06 1.367224e+05
-5.351907e+13 -1.019883e+14
-6.462291e+08 1.128113e+08
4.842834e+06 -1.855187e+07
1.518513e+09 1.298455e+09
-1.047134e+07 3.147339e+05
5.313562e+06 -1.480621e+07
-1.611117e+07 1.858964e+07
-4.309450e+14 2.040306e+15
1.451429e+07 6.943649e+06
2.967718e+08 8.839985e+08
3.514852e+10 -7.045270e+10
-1.175139e+13 8.174960e+12
-7.024966e+09 -2.297337e+09
5.010940e+09 1.249263e+08
-5.010300e+09 -1.249213e+08
1.618593e+07 -1.850096e+07
-7.617888e+06 2.752115e+07
9.234874e+15 3.434833e+16
-7.244982e+05 -1.829285e+06
6.284580e+00 -6.135174e+05
-2.811263e+06 6.740527e+07
1.488472e+08 -8.779083e+06
4.102999e+05 -2.521150e+05
-4.110964e+05 2.540552e+05
-8.467918e+08 -4.057519e+08
1.046329e+07 -5.551866e+05
-5.614601e-02 3.931582e+06
-4.925705e+18 -1.037204e+19
5.774607e+06 -4.414290e+06
1.227790e+05 -2.387134e-01
-9.827259e+05 -1.798162e+06
-2.746178e+07 1.026105e+07
1.208600e+06 5.853785e+05
3.153245e+05 5.957255e+00
-9.510691e+07 -2.412633e+07
-3.773836e+05 -1.349703e+06
7.620898e+06 -2.752920e+07
-3.744732e+06 1.577077e+06
3.674135e+05 1.061484e+06
-4.423624e+09 -6.796491e+09
-1.931773e+20 1.595982e+20
2.403750e+04 7.279729e+00
-4.840141e+06 1.855991e+07
-5.807179e+12 -2.113580e+12
8.206464e+07 -7.924268e+09
-1.400906e+00 -6.112193e+05
-1.525084e+06 -1.765734e+07
-1.415228e+09 -1.829435e+10
-2.968263e+08 -8.840958e+08
2.720528e+08 2.023588e+08
-1.967315e+07 -6.290078e+07
1.324107e+07 2.223242e+07
-1.090443e+08 -1.989376e+08
-3.246493e+05 -9.311922e-01
-6.921474e+00 -4.399073e+05
-5.634216e+13 2.895966e+13
3.830001e+14 4.137601e+15
-1.284515e+06 -9.320567e+00
5.377281e+08 3.075226e+08
6.158840e+00 5.262683e+05
-1.494794e+08 7.414078e+06
-5.724541e+06 4.410187e+06
1.292769e+06 9.870896e+00
-3.537652e+07 3.025225e+07
-1.142128e+11 1.125076e+11
-3.628024e+04 -2.947765e+06
-4.101419e+12 1.481233e+14
-3.731474e+10 1.702445e+11
7.748885e+05 -2.072038e+06
8.135454e+06 1.237636e+06
-1.384062e+07 -2.351237e+07
4.433647e+06 -3.301880e+05
-4.963464e+00 5.883983e+05
-7.237306e+06 -2.094785e+06
9.804402e+05 1.792614e+06
-8.469299e+08 2.492059e+08
-3.356971e+11 -3.700603e+11
9.029393e+06 -2.318385e+06
2.334144e+11 3.522886e+10
3.733077e+06 -1.596802e+06
5.985558e+07 1.553232e+08
-3.339194e+07 -3.540139e+07
-2.101708e+05 -1.159805e+05
-1.466686e+06 3.048537e+05
4.958769e+07 -6.479198e+06
-8.634824e-01 1.879150e+05
9.166034e+05 7.981075e+05
1.167820e+10 2.468865e+09
7.334448e+05 9.589135e+05
1.455965e+11 -2.721504e+10
-3.332369e+04 -8.068747e+03
-1.870060e+08 8.097123e+06
1.469604e+08 1.299555e+08
-2.098668e+14 1.891470e+14
-2.899827e+07 -5.411192e+07
-2.253168e+05 -2.141677e+05
7.237557e+06 2.110567e+06
8.979636e+08 3.719561e+09
-1.458592e+05 4.783587e+00
-3.192770e+00 4.441227e+05
-3.250604e+12 1.050904e+12
-5.163651e+06 -3.130041e+06
-8.934747e+07 -2.523832e+07
7.793572e+00 1.948978e+06
2.965205e+09 -1.931418e+09
-2.462978e+13 -8.110361e+12
1.490578e+06 1.808987e+06
-7.379267e+05 2.050074e+06
-8.203165e+07 7.924843e+09
5.335297e+07 1.369516e+07
8.961414e+05 -1.653763e+05
5.197699e+05 -1.457769e+05
-7.423889e+06 3.267042e+06
-3.830978e+14 -4.138656e+15
-4.746937e+05 7.271828e+00
7.489218e+10 -1.304385e+10
3.144469e+10 -2.251829e+08
-3.144469e+10 2.251623e+08
1.630217e+10 5.385180e+09
-2.503842e+12 8.993115e+11
9.164276e+11 2.894714e+10
1.108291e+10 3.214836e+09
-3.880076e+06 7.479418e+06
7.026415e+09 2.297030e+09
2.820663e+06 -6.748896e+07
1.007393e+06 -2.004486e+06
-5.956272e+08 -3.607748e+07
1.145233e+05 2.016801e+00
9.211185e+08 1.770292e+08
-1.464537e+07 -6.972229e+06
1.084419e+06 -4.252074e+06
1.075077e+01 -1.915492e+06
-2.517924e+05 -4.518671e+00
4.444406e+10 9.964776e+10
-1.464716e+07 1.182151e+07
-4.326776e+06 4.490711e+05
1.232829e+07 1.020106e+07
-2.176723e+06 9.452412e+06
-7.144198e+09 9.620314e+09
-1.147236e+08 1.955829e+07
3.431168e+05 -6.381679e+00
4.056555e+07 -3.979638e+07
4.102465e+12 -1.481328e+14
-1.646318e+08 -2.788138e+08
-1.582244e+08 3.229384e+08
-1.486599e+07 1.248461e+06
2.098936e+14 -1.891712e+14
-2.304486e+06 4.258356e+05
5.957559e+08 3.593830e+07
4.926963e+18 1.037668e+19
-5.337306e+07 -1.372476e+07
-1.334431e+07 -2.206715e+07
-1.071515e+06 4.262973e+06
-1.595605e+06 -1.970696e+05
1.416149e+05 1.107795e+06
-7.933640e+08 1.031430e+10
3.933786e+07 -6.866560e+07
5.488690e+10 8.583342e+11
7.144654e+09 -9.620936e+09
3.248323e+07 -1.213424e+08
8.902260e+07 2.549027e+07
-6.000288e+07 -1.550351e+08
1.925322e+05 1.769113e+00
1.507332e+06 -4.678475e+00
1.400376e+05 2.823719e+06
-1.468249e+08 -1.298011e+08
1.944473e+07 6.304812e+07
-1.244128e+07 -1.025198e+07
3.731468e+10 -1.702340e+11
-8.055404e+06 -1.251942e+06
1.185500e+06 2.146959e+05
3.228556e+09 2.242785e+09
-2.162718e+00 -1.759627e+06
1.578928e+08 -3.228674e+08
1.869735e+08 -8.097474e+06
-1.117136e+06 1.136344e+06
-1.196995e+06 -6.502532e+05
-3.287603e+06 -2.456917e+00
1.391362e+06 9.435067e+05
