5.170578e+05 -2.994446e+00
2.056942e+06 -3.622493e+05
2.153296e+09 2.783138e+10
5.108377e+11 5.631761e+11
-3.859237e+11 -5.276982e+11
-1.402784e+09 -2.694780e+08
3.998615e+06 -1.431875e+07
-1.803018e+06 -1.480240e+06
-5.954804e+05 -3.932236e+06
-1.312119e+06 -6.218517e+00
1.901915e+05 -4.164450e+05
-8.828882e+06 2.349991e+07
1.206966e+09 -1.569205e+10
1.289019e+09 -3.792165e+08
-1.299421e+10 -2.813756e+09
1.289384e+09 6.178849e+08
-3.438137e+05 1.113413e+07
-1.733355e+06 -6.020667e+05
4.988648e+06 -6.862857e+00
-6.180697e+07 6.045553e+07
-5.624186e+05 -1.128206e+06
-9.934824e+08 3.715421e+08
3.736344e+08 1.210064e+10
-1.775727e+10 -3.754463e+09
-1.362344e+07 2.666443e+07
-3.547867e+06 3.511718e+05
1.930021e+05 -3.633329e+04
2.256832e+07 -1.762898e+07
-5.664352e+12 -1.538674e+12
8.876701e+00 -9.200008e+05
1.110031e+07 -5.012347e+06
-3.394000e+07 6.642060e+06
-8.363740e+09 -2.514123e+09
-8.188429e+08 -4.681684e+08
-1.044880e+07 -1.487545e+06
2.355236e+10 -1.478172e+10
8.147756e+13 1.552836e+14
1.998228e+05 3.707920e+05
1.299759e+10 2.814647e+09
4.376030e+07 3.523187e+07
2.494772e+10 -2.799979e+09
5.492137e+05 1.126422e+06
3.453471e+00 -5.308096e+05
-4.916657e+09 -3.416036e+09
3.733949e+06 2.708146e+07
5.499384e+05 -5.217838e+05
-7.214112e+11 1.005193e+12
3.445777e+05 -2.625588e+05
3.394535e+07 -6.669857e+06
-5.238300e+08 -5.203058e+08
1.749871e+08 -3.018643e+07
7.887405e+06 4.721747e+06
-2.163756e+00 -4.030396e+05
4.007105e+06 -4.505635e+05
8.840508e+12 3.217597e+12
9.930902e+08 -3.718158e+08
-1.139505e+11 1.984734e+10
1.448973e+08 3.675550e+07
1.042837e+06 2.711583e+06
-1.170109e+07 -3.522713e+07
-4.946662e+12 -6.645997e+12
-2.216280e+11 4.142763e+10
1.676830e+07 -3.359771e+07
5.172507e+07 5.743136e+07
-1.010082e+15 1.443493e+15
-9.320693e+07 3.050687e+07
5.588351e+06 -1.136302e+07
-3.551669e+11 -5.360257e+10
-2.315506e+09 -1.979385e+09
1.794333e+09 -2.519744e+08
1.306930e+06 -1.065285e+01
-3.433848e+09 -3.821241e+09
5.664352e+12 1.538545e+12
4.940570e+08 1.229973e+08
2.904734e+04 2.512059e+00
-2.480980e+10 -8.196975e+09
-8.356524e+10 -1.307117e+12
-8.359634e+08 -1.627867e+09
-9.264361e+05 9.577952e+05
-1.199850e+08 -3.782171e+07
-1.380264e+09 -5.655780e+09
4.946454e+12 6.644882e+12
-1.367723e+09 8.907395e+08
1.364733e+07 -2.668178e+07
-1.807894e+08 1.320161e+08
-7.014056e+07 -3.493526e+06
1.006797e+01 -4.504250e+06
3.859082e+11 5.277201e+11
-5.445441e+05 -9.525020e+00
-4.327934e+04 -3.430245e+00
-1.677657e+07 3.351716e+07
3.434272e+09 3.822202e+09
-6.405307e+08 -4.258566e+08
1.110152e+17 -1.807552e+17
8.366325e+09 2.515480e+09
9.201438e+00 -9.000409e+05
2.503345e+08 4.249208e+08
6.660572e+05 -8.733462e+05
-2.440307e+04 -6.329664e+05
-4.514381e+09 2.940947e+09
-3.732983e+08 -1.210722e+10
3.729998e+11 -3.595622e+11
-4.146740e+08 -3.082056e+08
-1.821277e+11 2.751836e+11
1.924839e+04 5.677721e+05
6.102042e+06 3.741280e+07
1.821430e+11 -2.751951e+11
2.317835e+05 -2.490331e+00
8.585455e+13 -4.413173e+13
-2.355464e+10 1.478219e+10
6.287513e+10 3.540452e+11
1.186148e+07 7.159057e+00
-9.688863e+07 9.299913e+07
-1.794545e+09 2.521098e+08
3.813032e+12 -1.369537e+12
-4.939927e+08 -1.232842e+08
-7.980444e+05 2.386871e+05
1.010633e+15 -1.444037e+15
5.343055e+05 1.014043e+06
-1.686664e+10 -4.892570e+09
-1.110431e+17 1.807779e+17
-1.556028e+08 9.587169e+07
4.948313e+12 -1.599161e+12
1.368086e+09 -8.910822e+08
-4.941073e+07 1.847195e+08
1.737294e+11 -1.712811e+11
4.403765e+07 8.249222e+07
6.736052e+09 1.034888e+10
-1.755110e+06 3.032264e+06
1.560955e+08 -1.680515e+08
-8.939384e+05 -4.276574e+06
9.033433e+05 4.268186e+06
1.108878e+01 -4.434183e+06
-5.381375e+10 1.078702e+11
-2.659774e+07 8.097844e+06
-4.359266e+07 -3.464387e+07
-6.044641e+06 -9.865355e+06
1.208616e+00 3.984765e+06
8.474153e+08 1.630811e+09
-2.236205e+07 6.025155e+07
6.565205e+14 -3.108490e+15
3.762119e+06 -1.912297e+06
-1.057531e+06 -4.290568e+06
1.551368e+08 -9.580725e+07
-3.421596e+05 -1.098665e+06
-1.409161e+16 -5.242257e+16
-2.234210e+05 -8.678259e+00
2.245975e+07 -1.809377e+06
-3.384223e+08 -3.252572e+07
-1.723744e+06 -2.783045e+05
-1.561354e+08 1.680784e+08
-1.484905e+06 -1.698701e+06
-3.273963e+07 3.670159e+07
-9.472007e+10 -1.842227e+10
-2.302672e+10 8.437878e+10
1.286029e+00 2.357392e+05
-1.394251e+12 -4.404184e+10
4.204216e+07 -1.560179e+07
1.610442e+13 -2.789724e+13
1.133164e+00 -1.052791e+07
1.546603e+06 -1.917367e+06
-6.626594e+04 -5.598888e+05
1.293456e+08 -2.979891e+07
1.001676e+05 5.614046e+05
3.377124e+05 1.087835e+06
-2.494246e+10 2.799538e+09
-2.026388e+06 -5.736683e+04
-6.286179e+10 -3.539409e+11
4.178036e+09 8.413964e+09
-6.762704e+10 -1.516390e+11
-2.257166e+15 9.283978e+13
1.026956e+06 4.439299e+06
3.272735e+07 -3.670288e+07
3.640044e+05 4.016769e+06
2.302572e+10 -8.436462e+10
-8.151953e+07 -7.703115e+07
3.752021e+13 1.235662e+13
1.202256e+08 3.783301e+07
9.852433e+08 -1.713613e+08
2.237138e+07 -6.024477e+07
3.383998e+08 3.261242e+07
8.179897e+07 -6.919975e+07
5.238745e+08 5.203658e+08
-5.993369e+07 1.046380e+08
1.658155e+08 3.025866e+08
-1.880590e+06 -8.669535e+05
1.180645e+07 1.695635e+06
-1.610239e+13 2.789372e+13
-1.179778e+07 -1.644017e+06
-1.834441e+06 -2.977397e+06
2.256694e+15 -9.282036e+13
-1.126187e+07 2.602576e+05
5.863852e+10 -1.305939e+10
-3.729832e+11 3.596269e+11
-5.820874e+06 2.120191e+07
-5.867100e+10 1.306221e+10
8.151295e+07 7.703721e+07
6.567039e+06 1.012596e+07
-1.531792e+05 -4.343734e+06
6.730047e+00 7.968776e+05
6.386989e+05 -8.215403e+05
1.180731e+08 3.992446e+07
9.470830e+10 1.841968e+10
-9.304994e+05 1.454740e+06
6.407718e+08 4.259362e+08
7.212903e+11 -1.005067e+12
-1.291986e+08 3.002744e+07
7.006671e+07 3.203624e+06
-4.178191e+09 -8.413618e+09
2.940824e+20 -2.429479e+20
4.502629e+04 1.195075e+06
6.593082e+00 6.679853e+05
6.165343e+06 -2.199978e+07
1.788290e+13 -1.244224e+13
8.797173e+00 2.635895e+05
1.807409e+08 -1.319596e+08
-8.086754e+05 -7.965188e+04
3.726665e+06 -2.475333e+05
2.676481e+07 -7.886762e+06
-8.178811e+07 4.597257e+07
2.457145e+06 2.082233e+05
-8.147073e+13 -1.552575e+14
-9.847646e+08 1.719093e+08
7.373962e+06 -2.824782e+07
2.315716e+09 1.980042e+09
-1.594363e+07 4.791152e+05
8.086798e+06 -2.253409e+07
-2.454431e+07 2.832073e+07
-6.565205e+14 3.108490e+15
2.209561e+07 1.057097e+07
4.517970e+08 1.345718e+09
5.382274e+10 -1.078793e+11
-1.789041e+13 1.244590e+13
-1.069463e+10 -3.497254e+09
7.628696e+09 1.902051e+08
-7.628375e+09 -1.901975e+08
2.465941e+07 -2.818632e+07
-1.159469e+07 4.188733e+07
1.409340e+16 5.242257e+16
-1.103322e+06 -2.785723e+06
-7.641971e+00 -9.345174e+05
-4.285794e+06 1.027625e+08
2.269898e+08 -1.338702e+07
6.244588e+05 -3.836291e+05
-6.256235e+05 3.864927e+05
-1.290068e+09 -6.181401e+08
1.593062e+07 -8.451698e+05
3.057826e+00 5.984296e+06
-7.499590e+18 -1.579224e+19
8.793568e+06 -6.722043e+06
1.868242e+05 -2.923964e+00
-1.496674e+06 -2.738573e+06
-4.181623e+07 1.562548e+07
1.840473e+06 8.913694e+05
4.800198e+05 2.957149e+00
-1.447909e+08 -3.672840e+07
-5.744018e+05 -2.054332e+06
1.160077e+07 -4.190660e+07
-5.701224e+06 2.400952e+06
5.590624e+05 1.615476e+06
-6.736025e+09 -1.034885e+10
-2.941070e+20 2.429785e+20
3.659880e+04 -1.047018e+01
-7.370402e+06 2.826247e+07
-8.841620e+12 -3.217867e+12
1.249110e+08 -1.206234e+10
6.916929e+00 -9.305068e+05
-2.321200e+06 -2.687513e+07
-2.154027e+09 -2.784405e+10
-4.519081e+08 -1.345977e+09
4.141822e+08 3.080777e+08
-2.997012e+07 -9.582318e+07
2.016053e+07 3.385046e+07
-1.660161e+08 -3.028887e+08
-4.945446e+05 4.621329e+00
-1.243725e+00 -6.700543e+05
-8.586176e+13 4.413359e+13
5.829759e+14 6.297829e+15
-1.956290e+06 2.232839e+00
8.188328e+08 4.682739e+08
-1.110735e+01 8.015907e+05
-2.279731e+08 1.130761e+07
-8.721444e+06 6.717050e+06
1.968933e+06 -2.954337e+00
-5.388670e+07 4.608228e+07
-1.738696e+11 1.712700e+11
-5.526258e+04 -4.487573e+06
-6.245765e+12 2.255617e+14
-5.681780e+10 2.592193e+11
1.179783e+06 -3.154803e+06
1.238626e+07 1.884371e+06
-2.108257e+07 -3.581404e+07
6.752879e+06 -5.030888e+05
-6.874882e+00 8.960036e+05
-1.101916e+07 -3.189453e+06
1.493243e+06 2.730064e+06
-1.289705e+09 3.795074e+08
-5.110092e+11 -5.632943e+11
1.374628e+07 -3.529720e+06
3.552560e+11 5.361822e+10
5.683872e+06 -2.431037e+06
9.112981e+07 2.364743e+08
-5.112772e+07 -5.420323e+07
-3.200044e+05 -1.764948e+05
-2.232823e+06 4.639792e+05
7.553009e+07 -9.869063e+06
9.019972e+00 2.861012e+05
1.395474e+06 1.215053e+06
1.777499e+10 3.757859e+09
1.116398e+06 1.459504e+06
2.216467e+11 -4.143042e+10
-5.070333e+04 -1.220101e+04
-2.846734e+08 1.232589e+07
2.237082e+08 1.978184e+08
-3.195081e+14 2.879636e+14
-4.414784e+07 -8.238348e+07
-3.430106e+05 -3.259326e+05
1.101915e+07 3.213296e+06
1.367179e+09 5.663041e+09
-2.219939e+05 -1.081714e+01
-2.831638e+00 6.758515e+05
-4.948728e+12 1.599898e+12
-7.861809e+06 -4.765583e+06
-1.360404e+08 -3.842698e+07
7.791921e+00 2.967097e+06
4.515530e+09 -2.941303e+09
-3.753440e+13 -1.235973e+13
2.269495e+06 2.754280e+06
-1.123572e+06 3.121466e+06
-1.248765e+08 1.206396e+10
8.120140e+07 2.084220e+07
1.365135e+06 -2.520784e+05
7.911401e+05 -2.217722e+05
-1.130174e+07 4.973659e+06
-5.830248e+14 -6.298621e+15
-7.227674e+05 4.507426e+00
1.139836e+11 -1.985193e+10
4.787680e+10 -3.428640e+08
-4.787882e+10 3.428477e+08
2.481466e+10 8.197154e+09
-3.813351e+12 1.369594e+12
1.394894e+12 4.406043e+10
1.687039e+10 4.893310e+09
-5.906394e+06 1.138582e+07
1.069703e+10 3.497157e+09
4.300154e+06 -1.028899e+08
1.536134e+06 -3.056546e+06
-9.067246e+08 -5.491949e+07
1.743394e+05 8.917336e+00
1.402864e+09 2.696214e+08
-2.229711e+07 -1.061497e+07
1.650438e+06 -6.470994e+06
5.594315e+00 -2.915988e+06
-3.833836e+05 8.999932e+00
6.764976e+10 1.516771e+11
-2.230421e+07 1.800140e+07
-6.588807e+06 6.838031e+05
1.878542e+07 1.554364e+07
-3.313979e+06 1.439219e+07
-1.087775e+10 1.464850e+10
-1.748158e+08 2.980218e+07
5.229628e+05 8.537223e+00
6.176486e+07 -6.059236e+07
6.246811e+12 -2.255712e+14
-2.507172e+08 -4.246047e+08
-2.417868e+08 4.934376e+08
-2.263985e+07 1.901362e+06
3.195349e+14 -2.879878e+14
-3.509800e+06 6.485501e+05
9.068610e+08 5.470297e+07
7.501162e+18 1.579820e+19
-8.121285e+07 -2.088456e+07
-2.031630e+07 -3.359581e+07
-1.630667e+06 6.487441e+06
-2.428750e+06 -2.999541e+05
2.155209e+05 1.685847e+06
-1.207348e+09 1.569671e+10
5.995928e+07 -1.046609e+08
8.366389e+10 1.308382e+12
1.087775e+10 -1.464667e+10
4.945367e+07 -1.847364e+08
1.355314e+08 3.880728e+07
-9.134453e+07 -2.360332e+08
2.932227e+05 -1.057540e+01
2.294243e+06 4.544096e-01
2.130717e+05 4.298663e+06
-2.235117e+08 -1.975965e+08
2.962266e+07 9.605578e+07
-1.895839e+07 -1.562224e+07
5.681532e+10 -2.591982e+11
-1.226392e+07 -1.905961e+06
1.805994e+06 3.270194e+05
4.916875e+09 3.415470e+09
1.010896e+01 -2.694230e+06
2.412860e+08 -4.933611e+08
2.846546e+08 -1.232782e+07
-1.704598e+06 1.733897e+06
-1.822383e+06 -9.900103e+05
-5.005033e+06 9.532272e+00
2.118528e+06 1.436725e+06
