1.875758e+06 6.157740e+00
7.448341e+06 -1.311622e+06
7.796108e+09 1.007619e+11
1.849899e+12 2.039427e+12
-1.397073e+12 -1.910653e+12
-5.083421e+09 -9.765593e+08
1.448640e+07 -5.187523e+07
-6.531898e+06 -5.362173e+06
-2.156317e+06 -1.424012e+07
-4.754415e+06 7.846909e+00
6.885063e+05 -1.507447e+06
-3.196556e+07 8.508603e+07
4.370230e+09 -5.681561e+10
4.671123e+09 -1.374282e+09
-4.706472e+10 -1.019271e+10
4.676332e+09 2.240602e+09
-1.247448e+06 4.040212e+07
-6.275972e+06 -2.180042e+06
1.806956e+07 -7.241065e+00
-2.239151e+08 2.190164e+08
-2.037441e+06 -4.086583e+06
-3.598229e+09 1.345633e+09
1.353565e+09 4.384210e+10
-6.433121e+10 -1.360046e+10
-4.935814e+07 9.656708e+07
-1.284727e+07 1.271923e+06
6.998938e+05 -1.317142e+05
8.182568e+07 -6.389500e+07
-2.051043e+13 -5.571107e+12
1.849430e-01 -3.333993e+06
4.020358e+07 -1.815548e+07
-1.228975e+08 2.405121e+07
-3.029356e+10 -9.106209e+09
-2.966614e+09 -1.696080e+09
-3.784671e+07 -5.388166e+06
8.533361e+10 -5.355590e+10
2.950756e+14 5.623513e+14
7.218276e+05 1.345129e+06
4.707655e+10 1.019512e+10
1.585582e+08 1.276542e+08
9.036554e+10 -1.014153e+10
1.989462e+06 4.079840e+06
3.188949e+00 -1.920887e+06
-1.781414e+10 -1.237607e+10
1.352245e+07 9.806921e+07
1.993158e+06 -1.891091e+06
-2.620197e+12 3.650976e+12
1.249060e+06 -9.523760e+05
1.229553e+08 -2.415819e+07
-1.898299e+09 -1.885725e+09
6.346835e+08 -1.095001e+08
2.858147e+07 1.711021e+07
-1.499683e+00 -1.459796e+06
1.452449e+07 -1.633155e+06
3.202622e+13 1.165708e+13
3.596763e+09 -1.346519e+09
-4.126556e+11 7.187154e+10
5.248437e+08 1.331296e+08
3.778666e+06 9.824721e+06
-4.236365e+07 -1.275450e+08
-1.791912e+13 -2.407258e+13
-8.025641e+11 1.500325e+11
6.069803e+07 -1.216188e+08
1.888128e+08 2.096589e+08
-3.657123e+15 5.226209e+15
-3.375113e+08 1.104713e+08
2.024107e+07 -4.115517e+07
-1.285878e+12 -1.940802e+11
-8.406666e+09 -7.186648e+09
6.496579e+09 -9.123224e+08
4.736262e+06 4.560580e+00
-1.243335e+10 -1.383628e+10
2.051256e+13 5.571107e+12
1.799354e+09 4.479526e+08
1.056220e+05 3.255825e+00
-8.984672e+10 -2.968723e+10
-3.032495e+11 -4.743587e+12
-3.028141e+09 -5.896691e+09
-3.355443e+06 3.468865e+06
-4.371546e+08 -1.377960e+08
-4.999890e+09 -2.048808e+10
1.791995e+13 2.407341e+13
-4.953415e+09 3.226270e+09
4.942882e+07 -9.664523e+07
-6.551614e+08 4.783720e+08
-2.542223e+08 -1.266220e+07
1.056664e+01 -1.631346e+07
1.397269e+12 1.910696e+12
-1.973010e+06 7.379263e+00
-1.572148e+05 -6.643063e+00
-6.073417e+07 1.213431e+08
1.243288e+10 1.383693e+10
-2.320799e+09 -1.542806e+09
4.019271e+17 -6.544536e+17
3.030175e+10 9.110044e+09
6.211091e+00 -3.260832e+06
9.072081e+08 1.539765e+09
2.412248e+06 -3.163085e+06
-8.862721e+04 -2.293484e+06
-1.636241e+10 1.065847e+10
-1.351931e+09 -4.385168e+10
1.350758e+12 -1.302135e+12
-1.502131e+09 -1.116370e+09
-6.598833e+11 9.970470e+11
7.016724e+04 2.056516e+06
2.209681e+07 1.354805e+08
6.599139e+11 -9.969200e+11
8.391270e+05 -1.017206e+01
3.113205e+14 -1.600371e+14
-8.533270e+10 5.355227e+10
2.280999e+11 1.284375e+12
4.293624e+07 -2.106405e-02
-3.507892e+08 3.367020e+08
-6.496909e+09 9.126292e+08
1.381672e+13 -4.962530e+12
-1.798905e+09 -4.488423e+08
-2.890985e+06 8.646575e+05
3.658774e+15 -5.227480e+15
1.939664e+06 3.681124e+06
-6.107537e+10 -1.771501e+10
-4.019597e+17 6.544612e+17
-6.163319e+08 3.797051e+08
1.792106e+13 -5.791776e+12
4.953277e+09 -3.226144e+09
-1.789671e+08 6.690881e+08
6.290610e+11 -6.202172e+11
1.595125e+08 2.987671e+08
2.440519e+10 3.749544e+10
-6.373812e+06 1.101214e+07
5.654683e+08 -6.087290e+08
-3.236501e+06 -1.548165e+07
3.269570e+06 1.545133e+07
6.638011e+00 -1.607258e+07
-1.965260e+11 3.939216e+11
-9.638552e+07 2.934285e+07
-1.579404e+08 -1.255182e+08
-2.189728e+07 -3.573745e+07
1.160702e+00 1.444119e+07
3.068999e+09 5.905500e+09
-8.098790e+07 2.182185e+08
2.380411e+15 -1.127128e+16
1.362307e+07 -6.925013e+06
-3.832430e+06 -1.554944e+07
6.145237e+08 -3.795227e+08
-1.239223e+06 -3.978477e+06
-5.122350e+16 -1.905602e+17
-8.092927e+05 -1.610412e+00
8.138759e+07 -6.557383e+06
-1.225754e+09 -1.178204e+08
-6.250452e+06 -1.009273e+06
-5.655075e+08 6.087168e+08
-5.377033e+06 -6.150824e+06
-1.185300e+08 1.328709e+08
-3.429326e+11 -6.670218e+10
-8.337871e+10 3.054907e+11
-8.463365e+00 8.533637e+05
-5.048329e+12 -1.594774e+11
1.523565e+08 -5.653702e+07
5.836138e+13 -1.010919e+14
8.282774e+00 -3.819803e+07
5.619043e+06 -6.965415e+06
-2.392895e+05 -2.026735e+06
4.695393e+08 -1.081744e+08
3.625351e+05 2.032430e+06
1.222288e+06 3.938046e+06
-9.032987e+10 1.013905e+10
-7.337788e+06 -2.070687e+05
-2.280704e+11 -1.284210e+12
1.513461e+10 3.047552e+10
-2.448674e+11 -5.490288e+11
-8.172248e+15 3.360909e+14
3.719735e+06 1.608262e+07
1.184862e+08 -1.328746e+08
1.317190e+06 1.454219e+07
8.337185e+10 -3.054730e+11
-2.953601e+08 -2.791281e+08
1.361103e+14 4.482506e+13
4.379728e+08 1.378377e+08
3.573843e+09 -6.216246e+08
8.102815e+07 -2.182080e+08
1.225692e+09 1.181223e+08
2.965101e+08 -2.508534e+08
1.898123e+09 1.885423e+09
-2.174954e+08 3.797201e+08
6.006786e+08 1.096085e+09
-6.815785e+06 -3.142379e+06
4.275443e+07 6.139739e+06
-5.836476e+13 1.011013e+14
-4.271672e+07 -5.952976e+06
-6.645574e+06 -1.078495e+07
8.173005e+15 -3.361572e+14
-4.077742e+07 9.426181e+05
2.123916e+11 -4.729148e+10
-1.350754e+12 1.302227e+12
-2.107869e+07 7.677729e+07
-2.124500e+11 4.730054e+10
2.953631e+08 2.791430e+08
2.378815e+07 3.667989e+07
-5.540460e+05 -1.573091e+07
7.750668e+00 2.886054e+06
2.312801e+06 -2.975038e+06
4.275346e+08 1.445574e+08
3.429251e+11 6.669270e+10
-3.369823e+06 5.268995e+06
2.321518e+09 1.543241e+09
2.619714e+12 -3.650384e+12
-4.690607e+08 1.090163e+08
2.539331e+08 1.161215e+07
-1.513453e+10 -3.047802e+10
1.065250e+21 -8.800264e+20
1.628274e+05 4.330308e+06
8.970434e+00 2.419979e+06
2.232857e+07 -7.968150e+07
6.479842e+13 -4.508207e+13
3.612236e-02 9.545429e+05
6.549962e+08 -4.781368e+08
-2.930149e+06 -2.884168e+05
1.349464e+07 -8.958285e+05
9.699440e+07 -2.857878e+07
-2.964864e+08 1.666388e+08
8.897705e+06 7.540206e+05
-2.950756e+14 -5.623513e+14
-3.571957e+09 6.235741e+08
2.671639e+07 -1.023467e+08
8.407987e+09 7.189022e+09
-5.776202e+07 1.736314e+06
2.928063e+07 -8.159653e+07
-8.899787e+07 1.026956e+08
-2.380411e+15 1.127050e+16
8.003221e+07 3.828733e+07
1.636326e+09 4.873868e+09
1.965140e+11 -3.939030e+11
-6.480142e+13 4.508102e+13
-3.873709e+10 -1.266724e+10
2.763535e+10 6.890491e+08
-2.763375e+10 -6.889893e+08
8.941662e+07 -1.021948e+08
-4.198523e+07 1.516717e+08
5.122707e+16 1.905448e+17
-3.998885e+06 -1.009606e+07
1.082063e+01 -3.387847e+06
-1.555354e+07 3.729586e+08
8.241072e+08 -4.860746e+07
2.262259e+06 -1.389867e+06
-2.266304e+06 1.399929e+06
-4.677939e+09 -2.241407e+09
5.771880e+07 -3.062254e+06
-6.991921e+00 2.167336e+07
-2.717064e+19 -5.721878e+19
3.186463e+07 -2.435829e+07
6.768732e+05 -8.578836e+00
-5.422687e+06 -9.922935e+06
-1.515209e+08 5.661357e+07
6.667976e+06 3.229231e+06
1.738179e+06 -4.458838e+00
-5.244110e+08 -1.330257e+08
-2.080000e+06 -7.438968e+06
4.200786e+07 -1.517421e+08
-2.065300e+07 8.696892e+06
2.024312e+06 5.850640e+06
-2.440848e+10 -3.750052e+10
-1.065435e+21 8.801894e+20
1.326582e+05 -7.390955e+00
-2.670481e+07 1.024061e+08
-3.202733e+13 -1.165694e+13
4.523736e+08 -4.368408e+10
1.006728e+01 -3.370433e+06
-8.404871e+06 -9.731657e+07
-7.799322e+09 -1.008208e+11
-1.636788e+09 -4.875025e+09
1.500119e+09 1.115769e+09
-1.086425e+08 -3.473658e+08
7.302538e+07 1.226143e+08
-6.012470e+08 -1.097002e+09
-1.791225e+06 6.496179e+00
6.150341e+00 -2.427494e+06
-3.113782e+14 1.600593e+14
2.110775e+15 2.280206e+16
-7.088276e+06 8.581572e+00
2.966346e+09 1.696361e+09
-3.447684e+00 2.904050e+06
-8.277121e+08 4.105417e+07
-3.161714e+07 2.434093e+07
7.134260e+06 -5.373452e+00
-1.952912e+08 1.670201e+08
-6.296571e+11 6.202167e+11
-2.002673e+05 -1.625127e+07
-2.262839e+13 8.171943e+14
-2.058076e+11 9.389365e+11
4.272888e+06 -1.142686e+07
4.486111e+07 6.824831e+06
-7.640885e+07 -1.297973e+08
2.447033e+07 -1.823147e+06
9.302907e+00 3.245592e+06
-3.991640e+07 -1.155460e+07
5.411621e+06 9.893461e+06
-4.672665e+09 1.374994e+09
-1.850457e+12 -2.039900e+12
4.979129e+07 -1.278361e+07
1.286145e+12 1.941136e+11
2.058652e+07 -8.805433e+06
3.300625e+08 8.565475e+08
-1.866341e+08 -1.978361e+08
-1.159545e+06 -6.392167e+05
-8.085988e+06 1.679875e+06
2.737061e+08 -3.576418e+07
5.182050e-01 1.036308e+06
5.054955e+06 4.401156e+06
6.435520e+10 1.360592e+10
4.043328e+06 5.284874e+06
8.027596e+11 -1.500509e+11
-1.841319e+05 -4.441849e+04
-1.030979e+09 4.464299e+07
8.101619e+08 7.163798e+08
-1.157194e+15 1.042970e+15
-1.599021e+08 -2.983923e+08
-1.242697e+06 -1.180445e+06
3.991163e+07 1.163924e+07
4.951983e+09 2.051351e+10
-8.046541e+05 -6.492880e+00
-8.144039e+00 2.447697e+06
-1.792625e+13 5.795531e+12
-2.848236e+07 -1.726491e+07
-4.928319e+08 -1.392016e+08
8.257394e+00 1.074828e+07
1.636385e+10 -1.065969e+10
-1.361639e+14 -4.483805e+13
8.221472e+06 9.976368e+06
-4.069999e+06 1.130681e+07
-4.521771e+08 4.368447e+10
2.939810e+08 7.545748e+07
4.948297e+06 -9.146899e+05
2.864502e+06 -8.031359e+05
-4.092846e+07 1.801277e+07
-2.110848e+15 -2.280206e+16
-2.618095e+06 3.666217e+00
4.126783e+11 -7.188174e+10
1.734427e+11 -1.242172e+09
-1.734709e+11 1.242217e+09
8.986839e+10 2.968565e+10
-1.381816e+13 4.962990e+12
5.050551e+12 1.595296e+11
6.108748e+10 1.771820e+10
-2.139040e+07 4.123599e+07
3.874439e+10 1.266636e+10
1.560369e+07 -3.733686e+08
5.575914e+06 -1.109610e+07
-3.283722e+09 -1.988603e+08
6.305129e+05 2.319714e-01
5.083159e+09 9.769688e+08
-8.075331e+07 -3.844333e+07
5.974709e+06 -2.342337e+07
-3.978904e+00 -1.056101e+07
-1.389365e+06 9.925024e+00
2.449554e+11 5.492385e+11
-8.082632e+07 6.523387e+07
-2.387627e+07 2.477960e+06
6.812857e+07 5.636913e+07
-1.200503e+07 5.213289e+07
-3.940346e+10 5.306158e+10
-6.339009e+08 1.080574e+08
1.896907e+06 -1.954507e+00
2.237156e+08 -2.194649e+08
2.262891e+13 -8.171659e+14
-9.083395e+08 -1.538328e+09
-8.801144e+08 1.796169e+09
-8.202968e+07 6.889819e+06
1.157207e+15 -1.042970e+15
-1.271841e+07 2.350233e+06
3.284107e+09 1.981073e+08
2.717347e+19 5.723137e+19
-2.940006e+08 -7.560304e+07
-7.358627e+07 -1.216812e+08
-5.903085e+06 2.348543e+07
-8.795720e+06 -1.086743e+06
7.805478e+05 6.104310e+06
-4.371648e+09 5.683029e+10
2.175554e+08 -3.797456e+08
3.036018e+11 4.747547e+12
3.940529e+10 -5.305855e+10
1.791352e+08 -6.691762e+08
4.909626e+08 1.405630e+08
-3.308390e+08 -8.549655e+08
1.062676e+06 -5.249785e+00
8.306715e+06 -1.036412e+01
7.716680e+05 1.556765e+07
-8.095087e+08 -7.156580e+08
1.073913e+08 3.482201e+08
-6.875614e+07 -5.665711e+07
2.057929e+11 -9.388625e+11
-4.441751e+07 -6.903413e+06
6.547979e+06 1.186005e+06
1.781604e+10 1.237458e+10
-7.173428e+00 -9.835856e+06
8.783791e+08 -1.795953e+09
1.030950e+09 -4.464747e+07
-6.192933e+06 6.299307e+06
-6.601061e+06 -3.586278e+06
-1.812621e+07 -5.664856e+00
7.674143e+06 5.204155e+06
