4.108637e+05 9.689935e-02
1.634922e+06 -2.879752e+05
1.711770e+09 2.212486e+10
4.060917e+11 4.476843e+11
-3.068142e+11 -4.195443e+11
-1.114940e+09 -2.141599e+08
3.178580e+06 -1.138157e+07
-1.433150e+06 -1.176607e+06
-4.734304e+05 -3.126085e+06
-1.042986e+06 -7.723624e+00
1.512961e+05 -3.311279e+05
-7.018890e+06 1.868033e+07
9.594311e+08 -1.247406e+10
1.024421e+09 -3.013840e+08
-1.032834e+10 -2.236394e+09
1.024378e+09 4.908923e+08
-2.731092e+05 8.844376e+06
-1.378037e+06 -4.786716e+05
3.965347e+06 9.008545e+00
-4.912414e+07 4.805260e+07
-4.470877e+05 -8.968130e+05
-7.898043e+08 2.953550e+08
2.969894e+08 9.618378e+09
-1.411525e+10 -2.984519e+09
-1.082984e+07 2.119879e+07
-2.820750e+06 2.792348e+05
1.534741e+05 -2.894133e+04
1.793453e+07 -1.401243e+07
-4.503846e+12 -1.223407e+12
9.751816e+00 -7.313552e+05
8.823933e+06 -3.984340e+06
-2.697871e+07 5.279846e+06
-6.647984e+09 -1.998605e+09
-6.508293e+08 -3.721158e+08
-8.305663e+06 -1.182435e+06
1.871979e+10 -1.174887e+10
6.476737e+13 1.234379e+14
1.589363e+05 2.945272e+05
1.033115e+10 2.237178e+09
3.477800e+07 2.800042e+07
1.982973e+10 -2.225591e+09
4.364668e+05 8.952902e+05
-4.763309e-01 -4.219688e+05
-3.907297e+09 -2.714833e+09
2.967992e+06 2.152728e+07
4.369575e+05 -4.146011e+05
-5.728845e+11 7.982319e+11
2.737533e+05 -2.085735e+05
2.698938e+07 -5.303099e+06
-4.164177e+08 -4.136162e+08
1.390576e+08 -2.398756e+07
6.270131e+06 3.753618e+06
-3.034767e+00 -3.204781e+05
3.184832e+06 -3.580758e+05
7.027479e+12 2.557778e+12
7.894519e+08 -2.955763e+08
-9.058631e+10 1.577855e+10
1.151766e+08 2.921541e+07
8.286471e+05 2.154904e+06
-9.301672e+06 -2.800390e+07
-3.931558e+12 -5.282294e+12
-1.761651e+11 3.293126e+10
1.333158e+07 -2.670802e+07
4.099543e+07 4.551995e+07
-8.029586e+14 1.147558e+15
-7.408562e+07 2.424993e+07
4.441552e+06 -9.031541e+06
-2.823476e+11 -4.261207e+10
-1.839019e+09 -1.571965e+09
1.426473e+09 -2.003165e+08
1.038654e+06 -6.214738e+00
-2.730155e+09 -3.038287e+09
4.503371e+12 1.223343e+12
3.920168e+08 9.759510e+07
2.310655e+04 7.559291e-01
-1.972407e+10 -6.516760e+09
-6.638488e+10 -1.038408e+12
-6.645692e+08 -1.294086e+09
-7.365116e+05 7.614968e+05
-9.519042e+07 -3.000798e+07
-1.097355e+09 -4.496435e+09
3.932388e+12 5.282015e+12
-1.087423e+09 7.082220e+08
1.084935e+07 -2.121236e+07
-1.437076e+08 1.049350e+08
-5.574450e+07 -2.776588e+06
9.888794e+00 -3.580740e+06
3.068147e+11 4.195662e+11
-4.328256e+05 2.301005e-01
-3.439387e+04 -1.018794e+01
-1.333790e+07 2.664717e+07
2.730293e+09 3.038608e+09
-5.091460e+08 -3.384987e+08
8.825945e+16 -1.437027e+17
6.650542e+09 1.999622e+09
-7.524836e+00 -7.154611e+05
1.989563e+08 3.377041e+08
5.295355e+05 -6.943257e+05
-1.941195e+04 -5.031094e+05
-3.587636e+09 2.337258e+09
-2.967199e+08 -9.623440e+09
2.965078e+11 -2.858228e+11
-3.296002e+08 -2.449773e+08
-1.447501e+11 2.187108e+11
1.527629e+04 4.512823e+05
4.850760e+06 2.974234e+07
1.447730e+11 -2.187339e+11
1.842683e+05 7.607511e+00
6.821923e+13 -3.506296e+13
-1.872102e+10 1.174875e+10
4.994685e+10 2.812501e+11
9.429361e+06 7.934814e+00
-7.702354e+07 7.393704e+07
-1.426688e+09 2.004394e+08
3.030461e+12 -1.088516e+12
-3.918910e+08 -9.780634e+07
-6.341506e+05 1.896474e+05
8.034245e+14 -1.147981e+15
4.243381e+05 8.052375e+05
-1.340663e+10 -3.888956e+09
-8.827340e+16 1.437102e+17
-1.195499e+08 7.365701e+07
3.933174e+12 -1.271105e+12
1.087565e+09 -7.083392e+08
-3.927203e+07 1.468227e+08
1.381068e+11 -1.361605e+11
3.500487e+07 6.557179e+07
5.354088e+09 8.225624e+09
-1.393888e+06 2.408274e+06
1.240791e+08 -1.335857e+08
-7.107374e+05 -3.399974e+06
7.181801e+05 3.393381e+06
-7.139824e+00 -3.524199e+06
-4.265437e+10 8.549749e+10
-2.113963e+07 6.435805e+06
-3.464698e+07 -2.753457e+07
-4.804372e+06 -7.841283e+06
-3.692867e+00 3.166624e+06
6.735838e+08 1.296266e+09
-1.777489e+07 4.789257e+07
5.216383e+14 -2.469851e+15
2.990608e+06 -1.520073e+06
-8.403692e+05 -3.409821e+06
1.192009e+08 -7.361799e+07
-2.720313e+05 -8.735642e+05
-1.118790e+16 -4.162176e+16
-1.776409e+05 -9.231224e+00
1.785040e+07 -1.437966e+06
-2.689837e+08 -2.585305e+07
-1.369628e+06 -2.211058e+05
-1.241176e+08 1.336058e+08
-1.180319e+06 -1.350231e+06
-2.602541e+07 2.917578e+07
-7.529734e+10 -1.464471e+10
-1.830460e+10 6.707230e+10
3.938549e+00 1.873228e+05
-1.108317e+12 -3.501008e+10
3.341179e+07 -1.239934e+07
1.279852e+13 -2.217052e+13
-1.184214e+00 -8.362681e+06
1.227876e+06 -1.522367e+06
-5.270904e+04 -4.451216e+05
1.027312e+08 -2.366615e+07
7.960128e+04 4.462318e+05
2.683653e+05 8.647405e+05
-1.982657e+10 2.225262e+09
-1.610752e+06 -4.551227e+04
-4.993353e+10 -2.811458e+11
3.320666e+09 6.687064e+09
-5.375352e+10 -1.205333e+11
-1.794192e+15 7.379712e+13
8.160506e+05 3.527860e+06
2.601582e+07 -2.917641e+07
2.892978e+05 3.192966e+06
1.830458e+10 -6.706169e+10
-6.478258e+07 -6.121763e+07
2.980488e+13 9.816030e+12
9.536442e+07 3.001214e+07
7.828344e+08 -1.361552e+08
1.778397e+07 -4.789172e+07
2.689972e+08 2.592425e+07
6.500629e+07 -5.499301e+07
4.163748e+08 4.136034e+08
-4.760832e+07 8.311479e+07
1.317944e+08 2.405009e+08
-1.494439e+06 -6.888928e+05
9.385288e+06 1.347816e+06
-1.279650e+13 2.216701e+13
-9.378308e+06 -1.306828e+06
-1.457957e+06 -2.366469e+06
1.793908e+15 -7.378547e+13
-8.952907e+06 2.067768e+05
4.660935e+10 -1.038104e+10
-2.964914e+11 2.858866e+11
-4.627185e+06 1.685341e+07
-4.663680e+10 1.038275e+10
6.478014e+07 6.122707e+07
5.219555e+06 8.048249e+06
-1.217204e+05 -3.452694e+06
9.135586e+00 6.334018e+05
5.076826e+05 -6.530180e+05
9.385871e+07 3.173711e+07
7.528553e+10 1.464218e+10
-7.395659e+05 1.156337e+06
5.092460e+08 3.385188e+08
5.727635e+11 -7.981473e+11
-1.026143e+08 2.384993e+07
5.568112e+07 2.545765e+06
-3.321001e+09 -6.687422e+09
2.337638e+20 -1.931174e+20
3.584854e+04 9.499083e+05
-3.601591e+00 5.309464e+05
4.900832e+06 -1.748749e+07
1.421285e+13 -9.888451e+12
-1.090998e+01 2.094284e+05
1.436325e+08 -1.048668e+08
-6.426080e+05 -6.323665e+04
2.962181e+06 -1.967025e+05
2.126893e+07 -6.267180e+06
-6.498653e+07 3.653005e+07
1.952996e+06 1.654528e+05
-6.476054e+13 -1.234118e+14
-7.823797e+08 1.365820e+08
5.860795e+06 -2.245133e+07
1.839128e+09 1.572572e+09
-1.267188e+07 3.808479e+05
6.429091e+06 -1.791512e+07
-1.950383e+07 2.250447e+07
-5.216934e+14 2.470112e+15
1.756424e+07 8.402698e+06
3.591494e+08 1.069747e+09
4.265883e+10 -8.550658e+10
-1.422035e+13 9.892626e+12
-8.500814e+09 -2.779914e+09
6.063737e+09 1.511766e+08
-6.063096e+09 -1.511705e+08
1.959350e+07 -2.239614e+07
-9.217243e+06 3.329888e+07
1.118850e+16 4.161734e+16
-8.768795e+05 -2.213927e+06
-3.000415e+00 -7.426568e+05
-3.404399e+06 8.162767e+07
1.802799e+08 -1.063251e+07
4.964398e+05 -3.049998e+05
-4.973711e+05 3.073204e+05
-1.025121e+09 -4.911952e+08
1.266281e+07 -6.718461e+05
6.702740e+00 4.757375e+06
-5.961172e+18 -1.255217e+19
6.989136e+06 -5.342675e+06
1.485231e+05 -2.640998e+00
-1.189455e+06 -2.176432e+06
-3.323545e+07 1.241886e+07
1.462725e+06 7.084432e+05
3.815512e+05 -4.735821e-01
-1.150897e+08 -2.919389e+07
-4.565425e+05 -1.632995e+06
9.221047e+06 -3.331212e+07
-4.531623e+06 1.908380e+06
4.444765e+05 1.284236e+06
-5.353501e+09 -8.225161e+09
-2.337761e+20 1.931378e+20
2.909031e+04 -2.120360e-01
-5.858110e+06 2.246344e+07
-7.027850e+12 -2.557913e+12
9.930474e+07 -9.589102e+09
-8.651541e+00 -7.396572e+05
-1.845369e+06 -2.136585e+07
-1.712462e+09 -2.213640e+10
-3.592113e+08 -1.069898e+09
3.292275e+08 2.448865e+08
-2.381532e+07 -7.614452e+07
1.602456e+07 2.690602e+07
-1.319597e+08 -2.407491e+08
-3.929890e+05 -4.349103e-01
-5.085676e+00 -5.324772e+05
-6.821562e+13 3.506296e+13
4.634350e+14 5.006495e+15
-1.554687e+06 5.795330e+00
6.507949e+08 3.721805e+08
-2.154372e+00 6.369641e+05
-1.810552e+08 8.980099e+06
-6.929915e+06 5.338033e+06
1.564724e+06 -1.037782e+01
-4.282172e+07 3.661943e+07
-1.382082e+11 1.361432e+11
-4.392849e+04 -3.567111e+06
-4.963924e+12 1.792708e+14
-4.515932e+10 2.060322e+11
9.377237e+05 -2.507564e+06
9.845230e+06 1.497772e+06
-1.675350e+07 -2.846038e+07
5.366482e+06 -3.997188e+05
6.399898e+00 7.120655e+05
-8.758142e+06 -2.534849e+06
1.186626e+06 2.169593e+06
-1.025046e+09 3.016225e+08
-4.062203e+11 -4.477789e+11
1.092649e+07 -2.805580e+06
2.824219e+11 4.262549e+10
4.517696e+06 -1.932356e+06
7.243476e+07 1.879680e+08
-4.052563e+07 -4.296390e+07
-2.543348e+05 -1.403071e+05
-1.774808e+06 3.688217e+05
6.002230e+07 -7.842666e+06
-5.122825e+00 2.273941e+05
1.109262e+06 9.658284e+05
1.413077e+10 2.987391e+09
8.875599e+05 1.160338e+06
1.761931e+11 -3.293419e+10
-4.032926e+04 -9.713251e+03
-2.262997e+08 9.798636e+06
1.778377e+08 1.572582e+08
-2.539725e+14 2.288982e+14
-3.509254e+07 -6.548481e+07
-2.726529e+05 -2.591372e+05
8.758807e+06 2.554191e+06
1.086716e+09 4.501227e+09
-1.764536e+05 -1.048806e+01
1.112934e+01 5.373192e+05
-3.933588e+12 1.271709e+12
-6.248847e+06 -3.787855e+06
-1.081250e+08 -3.054214e+07
-8.953697e+00 2.358322e+06
3.588442e+09 -2.337395e+09
-2.981749e+13 -9.818626e+12
1.803779e+06 2.189219e+06
-8.930553e+05 2.481017e+06
-9.926482e+07 9.589692e+09
6.455562e+07 1.657055e+07
1.084732e+06 -2.002183e+05
6.288897e+05 -1.763393e+05
-8.983636e+06 3.953482e+06
-4.635082e+14 -5.007286e+15
-5.744549e+05 -6.221026e+00
9.061472e+10 -1.578156e+10
3.805247e+10 -2.725142e+08
-3.805449e+10 2.724952e+08
1.972589e+10 6.516153e+09
-3.030461e+12 1.088459e+12
1.108843e+12 3.502495e+10
1.341034e+10 3.889712e+09
-4.694781e+06 9.050039e+06
8.502285e+09 2.779574e+09
3.415461e+06 -8.172279e+07
1.219907e+06 -2.427475e+06
-7.207122e+08 -4.365474e+07
1.385198e+05 -2.730909e+00
1.114852e+09 2.142651e+08
-1.772244e+07 -8.437097e+06
1.311967e+06 -5.144363e+06
6.781389e+00 -2.317868e+06
-3.047072e+05 7.298796e+00
5.377623e+10 1.205714e+11
-1.772625e+07 1.430660e+07
-5.236687e+06 5.434935e+05
1.492618e+07 1.235053e+07
-2.634274e+06 1.143956e+07
-8.646103e+09 1.164277e+10
-1.388940e+08 2.367863e+07
4.154728e+05 -3.868749e+00
4.909241e+07 -4.816100e+07
4.964971e+12 -1.792803e+14
-1.992573e+08 -3.374542e+08
-1.918351e+08 3.915339e+08
-1.799322e+07 1.511141e+06
2.539992e+14 -2.289223e+14
-2.789368e+06 5.154452e+05
7.208821e+08 4.348405e+07
5.962116e+18 1.255681e+19
-6.456951e+07 -1.660391e+07
-1.614808e+07 -2.670339e+07
-1.296378e+06 5.157516e+06
-1.930589e+06 -2.384202e+05
1.712617e+05 1.340237e+06
-9.598581e+08 1.247871e+10
4.763024e+07 -8.314025e+07
6.645888e+10 1.039288e+12
8.645647e+09 -1.164155e+10
3.930742e+07 -1.468347e+08
1.077250e+08 3.084633e+07
-7.260844e+07 -1.876026e+08
2.329847e+05 -9.315007e+00
1.823763e+06 -9.455318e+00
1.693795e+05 3.416918e+06
-1.776682e+08 -1.570683e+08
2.353776e+07 7.632457e+07
-1.506247e+07 -1.241189e+07
4.515924e+10 -2.060218e+11
-9.748386e+06 -1.515053e+06
1.435071e+06 2.598811e+05
3.907720e+09 2.714438e+09
-3.914775e+00 -2.135532e+06
1.914396e+08 -3.914523e+08
2.262679e+08 -9.799244e+06
-1.353473e+06 1.376745e+06
-1.448619e+06 -7.868896e+05
-3.978477e+06 -8.005204e+00
1.683805e+06 1.141905e+06
