2.142723e+06 2.213273e+00
8.508890e+06 -1.498330e+06
8.906331e+09 1.151069e+11
2.113424e+12 2.329904e+12
-1.596068e+12 -2.182741e+12
-5.807858e+09 -1.115737e+09
1.655068e+07 -5.926399e+07
-7.462502e+06 -6.126187e+06
-2.463503e+06 -1.626724e+07
-5.431461e+06 -7.145907e+00
7.864212e+05 -1.721975e+06
-3.651720e+07 9.720377e+07
4.992735e+09 -6.490892e+10
5.336727e+09 -1.570113e+09
-5.376809e+10 -1.164438e+10
5.342800e+09 2.559965e+09
-1.425351e+06 4.616080e+07
-7.169576e+06 -2.490435e+06
2.064268e+07 8.492004e+00
-2.558126e+08 2.502189e+08
-2.327453e+06 -4.668287e+06
-4.110631e+09 1.537292e+09
1.546361e+09 5.008633e+10
-7.349510e+10 -1.553792e+10
-5.639041e+07 1.103232e+08
-1.467703e+07 1.453174e+06
7.996167e+05 -1.505740e+05
9.348811e+07 -7.299929e+07
-2.343163e+13 -6.364658e+12
9.608841e+00 -3.808948e+06
4.592785e+07 -2.074142e+07
-1.403953e+08 2.747613e+07
-3.460874e+10 -1.040323e+10
-3.389121e+09 -1.937605e+09
-4.323740e+07 -6.155675e+06
9.748912e+10 -6.118451e+10
3.370902e+14 6.424212e+14
8.243634e+05 1.536678e+06
5.377997e+10 1.164676e+10
1.811414e+08 1.458339e+08
1.032322e+11 -1.158554e+10
2.272683e+06 4.660808e+06
1.226014e+00 -2.194288e+06
-2.035198e+10 -1.413897e+10
1.544840e+07 1.120355e+08
2.277069e+06 -2.160389e+06
-2.993670e+12 4.171257e+12
1.426752e+06 -1.087675e+06
1.404618e+08 -2.759817e+07
-2.168666e+09 -2.154316e+09
7.251098e+08 -1.251038e+08
3.265313e+07 1.954803e+07
7.528335e+00 -1.667609e+06
1.659314e+07 -1.865615e+06
3.658678e+13 1.331728e+13
4.108980e+09 -1.538318e+09
-4.714290e+11 8.210633e+10
5.995948e+08 1.520913e+08
4.316942e+06 1.122437e+07
-4.839898e+07 -1.457143e+08
-2.047141e+13 -2.750093e+13
-9.168763e+11 1.714020e+11
6.934242e+07 -1.389398e+08
2.157879e+08 2.396160e+08
-4.178171e+15 5.970736e+15
-3.855876e+08 1.262074e+08
2.312409e+07 -4.701745e+07
-1.469035e+12 -2.217238e+11
-9.605238e+09 -8.211361e+09
7.421793e+09 -1.042238e+09
5.410806e+06 2.106564e+00
-1.420380e+10 -1.580688e+10
2.343401e+13 6.364400e+12
2.056155e+09 5.118763e+08
1.205023e+05 5.203807e+00
-1.026442e+11 -3.391526e+10
-3.464500e+11 -5.419511e+12
-3.459274e+09 -6.736061e+09
-3.832811e+06 3.962318e+06
-4.994933e+08 -1.574503e+08
-5.711826e+09 -2.340543e+10
2.047182e+13 2.750093e+13
-5.658867e+09 3.685720e+09
5.646846e+07 -1.104067e+08
-7.484501e+08 5.464931e+08
-2.904274e+08 -1.446523e+07
-5.813698e+00 -1.863634e+07
1.596200e+12 2.182717e+12
-2.253693e+06 -7.387914e+00
-1.794448e+05 9.850436e+00
-6.938254e+07 1.386156e+08
1.420319e+10 1.580752e+10
-2.651478e+09 -1.762612e+09
4.591817e+17 -7.476796e+17
3.461874e+10 1.040786e+10
4.186078e+00 -3.725595e+06
1.036494e+09 1.759207e+09
2.756023e+06 -3.613784e+06
-1.013303e+05 -2.620178e+06
-1.869367e+10 1.217719e+10
-1.544512e+09 -5.009742e+10
1.543129e+12 -1.487584e+12
-1.716050e+09 -1.275371e+09
-7.538773e+11 1.139072e+12
8.002273e+04 2.349364e+06
2.524430e+07 1.547814e+08
7.539613e+11 -1.138991e+12
9.587069e+05 2.225465e+00
3.556883e+14 -1.828434e+14
-9.748936e+10 6.118204e+10
2.606175e+11 1.467426e+12
4.905049e+07 3.172981e+00
-4.007483e+08 3.846553e+08
-7.422267e+09 1.042608e+09
1.578530e+13 -5.669362e+12
-2.055651e+09 -5.128961e+08
-3.302905e+06 9.879125e+05
4.179865e+15 -5.971825e+15
2.216121e+06 4.205879e+06
-6.977417e+10 -2.023840e+10
-4.592143e+17 7.476872e+17
-7.070055e+08 4.355593e+08
2.047375e+13 -6.616106e+12
5.658767e+09 -3.685634e+09
-2.044576e+08 7.643953e+08
7.186491e+11 -7.085212e+11
1.822273e+08 3.413136e+08
2.788059e+10 4.283463e+10
-7.282324e+06 1.258199e+07
6.460099e+08 -6.954253e+08
-3.697152e+06 -1.768554e+07
3.735131e+06 1.765163e+07
-9.345117e+00 -1.836236e+07
-2.246047e+11 4.502124e+11
-1.101152e+08 3.352127e+07
-1.804399e+08 -1.433974e+08
-2.501656e+07 -4.082856e+07
8.628197e+00 1.649853e+07
3.506117e+09 6.746614e+09
-9.252289e+07 2.492990e+08
2.719560e+15 -1.287708e+16
1.556310e+07 -7.911204e+06
-4.378359e+06 -1.776480e+07
7.049143e+08 -4.353475e+08
-1.415684e+06 -4.545185e+06
-5.853088e+16 -2.177412e+17
-9.246732e+05 -7.673140e+00
9.298265e+07 -7.491712e+06
-1.400351e+09 -1.346030e+08
-7.141004e+06 -1.153055e+06
-6.460595e+08 6.954125e+08
-6.142802e+06 -7.026721e+06
-1.354101e+08 1.517953e+08
-3.917732e+11 -7.620051e+10
-9.525301e+10 3.489938e+11
-1.397652e+00 9.748505e+05
-5.767432e+12 -1.821935e+11
1.740628e+08 -6.459149e+07
6.667613e+13 -1.154953e+14
-1.075424e+01 -4.364243e+07
6.420293e+06 -7.958561e+06
-2.731875e+05 -2.315310e+06
5.364779e+08 -1.235971e+08
4.142019e+05 2.321946e+06
1.396300e+06 4.498928e+06
-1.031975e+11 1.158319e+10
-8.382770e+06 -2.366768e+05
-2.605799e+11 -1.467277e+12
1.729108e+10 3.481818e+10
-2.797553e+11 -6.272509e+11
-9.336401e+15 3.839699e+14
4.249644e+06 1.837377e+07
1.353608e+08 -1.517958e+08
1.504691e+06 1.661261e+07
9.524420e+10 -3.489796e+11
-3.374313e+08 -3.188861e+08
1.555035e+14 5.121210e+13
5.004734e+08 1.575105e+08
4.083094e+09 -7.102086e+08
9.256839e+07 -2.492839e+08
1.400284e+09 1.349488e+08
3.387580e+08 -2.865928e+08
2.168498e+09 2.153999e+09
-2.484927e+08 4.338428e+08
6.862357e+08 1.252207e+09
-7.786804e+06 -3.590128e+06
4.884323e+07 7.013985e+06
-6.667883e+13 1.155059e+14
-4.880150e+07 -6.801076e+06
-7.592471e+06 -1.232129e+07
9.337064e+15 -3.840362e+14
-4.658622e+07 1.076975e+06
2.426538e+11 -5.402950e+10
-1.543156e+12 1.487723e+12
-2.408129e+07 8.771301e+07
-2.427051e+11 5.403696e+10
3.374397e+08 3.189075e+08
2.717676e+07 4.190492e+07
-6.329156e+05 -1.797165e+07
-1.106314e+01 3.297187e+06
2.642301e+06 -3.398885e+06
4.884292e+08 1.651452e+08
3.917658e+11 7.619089e+10
-3.849731e+06 6.019480e+06
2.652214e+09 1.763089e+09
2.993277e+12 -4.170918e+12
-5.359374e+08 1.245600e+08
2.901149e+08 1.326684e+07
-1.729030e+10 -3.482033e+10
1.217002e+21 -1.005372e+21
1.858662e+05 4.947142e+06
-2.723605e+00 2.764498e+06
2.550808e+07 -9.102952e+07
7.402908e+13 -5.150543e+13
1.054082e+01 1.090416e+06
7.483244e+08 -5.462674e+08
-3.347748e+06 -3.295644e+05
1.541683e+07 -1.023429e+06
1.108147e+08 -3.265044e+07
-3.387341e+08 1.903839e+08
1.016507e+07 8.614183e+05
-3.371039e+14 -6.424472e+14
-4.081022e+09 7.124379e+08
3.052114e+07 -1.169209e+08
9.606080e+09 8.213443e+09
-6.598587e+07 1.983515e+06
3.345011e+07 -9.321544e+07
-1.016803e+08 1.173299e+08
-2.719615e+15 1.287656e+16
9.142981e+07 4.374024e+07
1.869357e+09 5.567943e+09
2.245836e+11 -4.501755e+11
-7.403133e+13 5.150283e+13
-4.425437e+10 -1.447130e+10
3.157142e+10 7.871826e+08
-3.156950e+10 -7.871189e+08
1.021554e+08 -1.167543e+08
-4.796336e+07 1.732675e+08
5.853207e+16 2.177213e+17
-4.568503e+06 -1.153445e+07
-8.512343e+00 -3.870355e+06
-1.776959e+07 4.261112e+08
9.415597e+08 -5.553633e+07
2.584372e+06 -1.587842e+06
-2.589053e+06 1.599250e+06
-5.344452e+09 -2.560755e+09
6.594111e+07 -3.498489e+06
-9.615888e+00 2.476075e+07
-3.104169e+19 -6.537094e+19
3.640472e+07 -2.782892e+07
7.733545e+05 -8.042911e+00
-6.195247e+06 -1.133674e+07
-1.731070e+08 6.467990e+07
7.617918e+06 3.689428e+06
1.985813e+06 -7.889126e+00
-5.991100e+08 -1.519765e+08
-2.376305e+06 -8.498670e+06
4.799157e+07 -1.733548e+08
-2.359524e+07 9.935948e+06
2.312680e+06 6.683950e+06
-2.788584e+10 -4.284316e+10
-1.217212e+21 1.005576e+21
1.514883e+05 -1.016611e+01
-3.050846e+07 1.169925e+08
-3.658901e+13 -1.331742e+13
5.168055e+08 -4.990560e+10
-9.296449e+00 -3.850654e+06
-9.602144e+06 -1.111765e+08
-8.910004e+09 -1.151763e+11
-1.869904e+09 -5.569370e+09
1.713782e+09 1.274709e+09
-1.241231e+08 -3.968620e+08
8.342911e+07 1.400825e+08
-6.869029e+08 -1.253290e+09
-2.046547e+06 -9.745084e+00
7.818349e+00 -2.773559e+06
-3.557568e+14 1.828749e+14
2.411459e+15 2.605018e+16
-8.098255e+06 -8.150390e+00
3.388947e+09 1.938028e+09
5.754313e+00 3.317823e+06
-9.457211e+08 4.690740e+07
-3.612247e+07 2.780898e+07
8.150931e+06 3.961705e-01
-2.231187e+08 1.908203e+08
-7.193499e+11 7.085648e+11
-2.288511e+05 -1.856595e+07
-2.585185e+13 9.336026e+14
-2.351205e+11 1.072654e+12
4.881358e+06 -1.305420e+07
5.125052e+07 7.796915e+06
-8.729611e+07 -1.482927e+08
2.795696e+07 -2.083068e+06
-7.603530e+00 3.708056e+06
-4.560259e+07 -1.320093e+07
6.182876e+06 1.130323e+07
-5.338504e+09 1.570939e+09
-2.114067e+12 -2.330495e+12
5.688496e+07 -1.460485e+07
1.469287e+12 2.217639e+11
2.351933e+07 -1.005964e+07
3.770751e+08 9.785516e+08
-2.132930e+08 -2.260997e+08
-1.324619e+06 -7.301688e+05
-9.237837e+06 1.919078e+06
3.127004e+08 -4.085989e+07
1.502191e+00 1.183736e+06
5.774819e+06 5.027899e+06
7.351976e+10 1.554350e+10
4.619045e+06 6.037374e+06
9.170904e+11 -1.714217e+11
-2.102464e+05 -5.060775e+04
-1.177809e+09 5.100064e+07
9.255416e+08 8.184022e+08
-1.322004e+15 1.191521e+15
-1.826745e+08 -3.408895e+08
-1.419577e+06 -1.348610e+06
4.559749e+07 1.329712e+07
5.657353e+09 2.343526e+10
-9.192310e+05 5.541303e+00
3.729427e+00 2.796170e+06
-2.047914e+13 6.620934e+12
-3.253933e+07 -1.972417e+07
-5.630367e+08 -1.590313e+08
8.131977e+00 1.227946e+07
1.869578e+10 -1.217859e+10
-1.555745e+14 -5.122924e+13
9.392661e+06 1.139773e+07
-4.649780e+06 1.291716e+07
-5.165727e+08 4.990553e+10
3.358421e+08 8.620392e+07
5.653407e+06 -1.045156e+06
3.272580e+06 -9.176056e+05
-4.675948e+07 2.057882e+07
-2.411484e+15 -2.604913e+16
-2.991028e+06 -9.658300e+00
4.714564e+11 -8.211883e+10
1.981511e+11 -1.419089e+09
-1.981793e+11 1.419170e+09
1.026688e+11 3.391409e+10
-1.578674e+13 5.669995e+12
5.769888e+12 1.822512e+11
6.978922e+10 2.024196e+10
-2.443731e+07 4.710982e+07
4.426444e+10 1.447103e+10
1.782859e+07 -4.266021e+08
6.371086e+06 -1.267856e+07
-3.751489e+09 -2.271876e+08
7.203403e+05 -8.476412e+00
5.807424e+09 1.116174e+09
-9.225702e+07 -4.391994e+07
6.825787e+06 -2.676003e+07
-9.011207e+00 -1.206568e+07
-1.587258e+06 -8.386239e+00
2.798490e+11 6.274733e+11
-9.234276e+07 7.452863e+07
-2.727847e+07 2.830994e+06
7.783923e+07 6.440370e+07
-1.371541e+07 5.956134e+07
-4.501793e+10 6.062137e+10
-7.242485e+08 1.234577e+08
2.167291e+06 3.777875e+00
2.555858e+08 -2.507315e+08
2.585289e+13 -9.335931e+14
-1.037736e+09 -1.757468e+09
-1.005708e+09 2.052511e+09
-9.371414e+07 7.871211e+06
1.322018e+15 -1.191497e+15
-1.452970e+07 2.684889e+06
3.751810e+09 2.263208e+08
3.104389e+19 6.538353e+19
-3.358709e+08 -8.637167e+07
-8.406900e+07 -1.390164e+08
-6.743783e+06 2.682982e+07
-1.004859e+07 -1.241492e+06
8.917200e+05 6.973846e+06
-4.994268e+09 6.492428e+10
2.485655e+08 -4.338749e+08
3.468763e+11 5.424240e+12
4.501884e+10 -6.061650e+10
2.046530e+08 -7.644917e+08
5.608905e+08 1.605831e+08
-3.779643e+08 -9.767100e+08
1.213834e+06 -5.776981e+00
9.489759e+06 -8.792420e-01
8.815358e+05 1.778485e+07
-9.247873e+08 -8.175706e+08
1.226881e+08 3.978345e+08
-7.855303e+07 -6.473065e+07
2.351058e+11 -1.072602e+12
-5.074500e+07 -7.886766e+06
7.481082e+06 1.354957e+06
2.035430e+10 1.413783e+10
9.262167e+00 -1.124135e+07
1.003764e+09 -2.052276e+09
1.177806e+09 -5.100708e+07
-7.076093e+06 7.197522e+06
-7.541641e+06 -4.097291e+06
-2.070877e+07 3.316787e+00
8.767523e+06 5.944772e+06
