1.071429e+06 6.698353e+00
4.255833e+06 -7.492543e+05
4.454519e+09 5.757505e+10
1.056969e+12 1.165282e+12
-7.983089e+11 -1.091713e+12
-2.903811e+09 -5.578400e+08
8.275695e+06 -2.963339e+07
-3.731789e+06 -3.063418e+06
-1.232017e+06 -8.135687e+06
-2.715822e+06 1.408820e+00
3.935201e+05 -8.615662e+05
-1.826603e+07 4.862079e+07
2.497202e+09 -3.246466e+10
2.668363e+09 -7.850563e+08
-2.689140e+10 -5.823664e+09
2.670859e+09 1.279814e+09
-7.125212e+05 2.307089e+07
-3.586026e+06 -1.245544e+06
1.032362e+07 7.345424e+00
-1.279219e+08 1.251274e+08
-1.164128e+06 -2.334646e+06
-2.055774e+09 7.688332e+08
7.733451e+08 2.504849e+10
-3.675165e+10 -7.770299e+09
-2.819755e+07 5.517269e+07
-7.340558e+06 7.267589e+05
3.997572e+05 -7.525436e+04
4.673157e+07 -3.649426e+07
-1.171902e+13 -3.183167e+12
-5.274308e+00 -1.904377e+06
2.297076e+07 -1.037256e+07
-7.022047e+07 1.374127e+07
-1.730665e+10 -5.202404e+09
-1.694801e+09 -9.689499e+08
-2.162211e+07 -3.078243e+06
4.874950e+10 -3.059505e+10
1.685981e+14 3.213213e+14
4.128521e+05 7.683398e+05
2.689980e+10 5.825208e+09
9.058642e+07 7.293191e+07
5.163073e+10 -5.794356e+09
1.136658e+06 2.331076e+06
1.044885e+01 -1.097861e+06
-1.017650e+10 -7.070343e+09
7.726109e+06 5.603382e+07
1.138655e+06 -1.080191e+06
-1.495772e+12 2.084253e+12
7.133978e+05 -5.438526e+05
7.025001e+07 -1.380321e+07
-1.084454e+09 -1.077223e+09
3.624924e+08 -6.253541e+07
1.632729e+07 9.774025e+06
7.980818e+00 -8.340167e+05
8.296216e+06 -9.327877e+05
1.829636e+13 6.659316e+12
2.054865e+09 -7.693148e+08
-2.357766e+11 4.106648e+10
2.998613e+08 7.606111e+07
2.158650e+06 5.612562e+06
-2.420751e+07 -7.288394e+07
-1.023840e+13 -1.375409e+13
-4.585961e+11 8.572617e+10
3.468643e+07 -6.950102e+07
1.076397e+08 1.195245e+08
-2.089996e+15 2.986457e+15
-1.928643e+08 6.312223e+07
1.156541e+07 -2.351438e+07
-7.347855e+11 -1.109001e+11
-4.799745e+09 -4.103515e+09
3.712212e+09 -5.213090e+08
2.705638e+06 3.948353e+00
-7.104275e+09 -7.905601e+09
1.171997e+13 3.183167e+12
1.026424e+09 2.555263e+08
6.024302e+04 8.936013e+00
-5.133252e+10 -1.696089e+10
-1.731661e+11 -2.708669e+12
-1.730005e+09 -3.368748e+09
-1.917140e+06 1.981839e+06
-2.493408e+08 -7.859562e+07
-2.856434e+09 -1.170521e+10
1.023736e+13 1.375325e+13
-2.830236e+09 1.843252e+09
2.823915e+07 -5.521381e+07
-3.742553e+08 2.732825e+08
-1.452181e+08 -7.232655e+06
-3.166747e+00 -9.320384e+06
7.983749e+11 1.091713e+12
-1.126849e+06 -5.319805e+00
-8.963299e+04 -4.243775e-01
-3.470057e+07 6.933363e+07
7.104259e+09 7.906403e+09
-1.325752e+09 -8.813684e+08
2.296514e+17 -3.739345e+17
1.731183e+10 5.204881e+09
2.510634e+00 -1.862657e+06
5.182258e+08 8.796212e+08
1.378124e+06 -1.807010e+06
-5.045097e+04 -1.310201e+06
-9.346835e+09 6.088472e+09
-7.724671e+08 -2.505404e+10
7.717835e+11 -7.439804e+11
-8.582162e+08 -6.378407e+08
-3.769998e+11 5.696224e+11
4.008520e+04 1.175223e+06
1.262667e+07 7.741504e+07
3.770151e+11 -5.695416e+11
4.794386e+05 4.275542e+00
1.778099e+14 -9.139945e+13
-4.874913e+10 3.059412e+10
1.302645e+11 7.335086e+11
2.453629e+07 -3.613924e+00
-2.004411e+08 1.923822e+08
-3.712186e+09 5.214994e+08
7.892892e+12 -2.834853e+12
-1.026161e+09 -2.560406e+08
-1.651574e+06 4.938917e+05
2.090589e+15 -2.987002e+15
1.107461e+06 2.101706e+06
-3.489557e+10 -1.012207e+10
-2.296932e+17 3.739875e+17
-3.435226e+08 2.116337e+08
1.023916e+13 -3.309328e+12
2.830330e+09 -1.843265e+09
-1.022549e+08 3.822830e+08
3.594374e+11 -3.543862e+11
9.113117e+07 1.707052e+08
1.394284e+10 2.142101e+10
-3.638706e+06 6.286650e+06
3.230507e+08 -3.477654e+08
-1.848988e+06 -8.845669e+06
1.868083e+06 8.828272e+06
-2.878921e+00 -9.180098e+06
-1.120091e+11 2.245184e+11
-5.505567e+07 1.676119e+07
-9.022438e+07 -7.170442e+07
-1.250953e+07 -2.041619e+07
1.735452e+00 8.248923e+06
1.753450e+09 3.374162e+09
-4.626925e+07 1.246683e+08
1.359518e+15 -6.437431e+15
7.783414e+06 -3.956481e+06
-2.189271e+06 -8.882268e+06
3.424850e+08 -2.115036e+08
-7.078292e+05 -2.272946e+06
-2.923367e+16 -1.087546e+17
-4.621486e+05 9.111104e+00
4.649107e+07 -3.745553e+06
-7.003739e+08 -6.731433e+07
-3.569884e+06 -5.763362e+05
-3.230983e+08 3.477837e+08
-3.072181e+06 -3.514125e+06
-6.772347e+07 7.591916e+07
-1.959382e+11 -3.811068e+10
-4.763809e+10 1.745393e+11
-2.529801e+00 4.874516e+05
-2.884476e+12 -9.111334e+10
8.702690e+07 -3.229333e+07
3.333604e+13 -5.774591e+13
-4.582150e+00 -2.181159e+07
3.207203e+06 -3.975621e+06
-1.367311e+05 -1.157928e+06
2.680757e+08 -6.175962e+07
2.070435e+05 1.161183e+06
6.984250e+05 2.250067e+06
-5.160975e+10 5.792653e+09
-4.192149e+06 -1.182325e+05
-1.302404e+11 -7.333445e+11
8.646594e+09 1.741085e+10
-1.399088e+11 -3.137081e+11
-4.669383e+15 1.920414e+14
2.124851e+06 9.187497e+06
6.769879e+07 -7.591854e+07
7.524374e+05 8.309342e+06
4.763803e+10 -1.745429e+11
-1.687328e+08 -1.594496e+08
7.772731e+13 2.559748e+13
2.498099e+08 7.861598e+07
2.040874e+09 -3.549800e+08
4.629203e+07 -1.246646e+08
7.002696e+08 6.748517e+07
1.693643e+08 -1.432838e+08
1.084359e+09 1.077120e+09
-1.241985e+08 2.168333e+08
3.431733e+08 6.262238e+08
-3.893483e+06 -1.794898e+06
2.442896e+07 3.507658e+06
-3.333739e+13 5.774942e+13
-2.440690e+07 -3.401316e+06
-3.796446e+06 -6.161533e+06
4.669572e+15 -1.920648e+14
-2.329901e+07 5.381711e+05
1.213417e+11 -2.701940e+10
-7.717033e+11 7.440198e+11
-1.204315e+07 4.386730e+07
-1.213870e+11 2.702614e+10
1.687300e+08 1.594715e+08
1.359078e+07 2.095567e+07
-3.165546e+05 -8.988029e+06
-1.089577e+01 1.648805e+06
1.321420e+06 -1.699979e+06
2.442915e+08 8.259958e+07
1.959464e+11 3.810780e+10
-1.925443e+06 3.010560e+06
1.326309e+09 8.816604e+08
1.495622e+12 -2.084126e+12
-2.678329e+08 6.224264e+07
1.450618e+08 6.633524e+06
-8.647077e+09 -1.741299e+10
6.085998e+20 -5.027878e+20
9.305651e+04 2.473562e+06
7.722509e+00 1.382271e+06
1.275619e+07 -4.552248e+07
3.701567e+13 -2.575298e+13
5.290094e+00 5.452753e+05
3.741470e+08 -2.731308e+08
-1.673679e+06 -1.646679e+05
7.710010e+06 -5.118078e+05
5.540572e+07 -1.632534e+07
-1.693385e+08 9.517970e+07
5.083460e+06 4.306524e+05
-1.685741e+14 -3.212562e+14
-2.039797e+09 3.560940e+08
1.526157e+07 -5.846492e+07
4.800166e+09 4.104264e+09
-3.299789e+07 9.917159e+05
1.673007e+07 -4.662371e+07
-5.083023e+07 5.865357e+07
-1.359656e+15 6.437431e+15
4.572545e+07 2.187566e+07
9.349246e+08 2.784874e+09
1.120293e+11 -2.245503e+11
-3.702542e+13 2.575715e+13
-2.213189e+10 -7.237189e+09
1.578843e+10 3.936511e+08
-1.578715e+10 -3.936112e+08
5.106829e+07 -5.836822e+07
-2.398891e+07 8.665915e+07
2.923724e+16 1.087480e+17
-2.284016e+06 -5.766858e+06
-1.507084e+00 -1.934906e+06
-8.881036e+06 2.129474e+08
4.704884e+08 -2.775058e+07
1.292216e+06 -7.938443e+05
-1.294590e+06 7.996623e+05
-2.671792e+09 -1.280170e+09
3.297304e+07 -1.749088e+06
5.984775e+00 1.238272e+07
-1.552226e+19 -3.268812e+19
1.820279e+07 -1.391507e+07
3.865467e+05 -7.095315e+00
-3.097881e+06 -5.668901e+06
-8.656223e+07 3.234281e+07
3.809421e+06 1.844864e+06
9.932040e+05 -8.961565e+00
-2.996338e+08 -7.600664e+07
-1.188346e+06 -4.250456e+06
2.400369e+07 -8.670011e+07
-1.179868e+07 4.968274e+06
1.156430e+06 3.342589e+06
-1.394306e+10 -2.142136e+10
-6.086491e+20 5.028489e+20
7.574834e+04 2.997982e+00
-1.525513e+07 5.849863e+07
-1.829673e+13 -6.659451e+12
2.584552e+08 -2.495836e+10
-6.047101e+00 -1.925694e+06
-4.802216e+06 -5.560291e+07
-4.456356e+09 -5.760504e+10
-9.351316e+08 -2.785221e+09
8.570645e+08 6.375031e+08
-6.205582e+07 -1.984108e+08
4.172078e+07 7.005109e+07
-3.435210e+08 -6.267402e+08
-1.023404e+06 6.632343e+00
4.910200e+00 -1.386828e+06
-1.778351e+14 9.141243e+13
1.206059e+15 1.302892e+16
-4.049262e+06 4.280113e+00
1.694697e+09 9.691811e+08
-2.907525e+00 1.659122e+06
-4.725921e+08 2.344012e+07
-1.805966e+07 1.390508e+07
4.075571e+06 -9.632596e+00
-1.115557e+08 9.540123e+07
-3.597551e+11 3.543685e+11
-1.142556e+05 -9.285307e+06
-1.292658e+13 4.668439e+14
-1.175805e+11 5.364140e+11
2.441154e+06 -6.528082e+06
2.563015e+07 3.899078e+06
-4.364577e+07 -7.414325e+07
1.397842e+07 -1.041409e+06
-9.517703e+00 1.854136e+06
-2.280415e+07 -6.600873e+06
3.091048e+06 5.651346e+06
-2.669414e+09 7.855173e+08
-1.057355e+12 -1.165566e+12
2.844749e+07 -7.304270e+06
7.349190e+11 1.109157e+11
1.176114e+07 -5.030693e+06
1.885700e+08 4.893452e+08
-1.063887e+08 -1.127812e+08
-6.623468e+05 -3.652730e+05
-4.620089e+06 9.598501e+05
1.563487e+08 -2.042961e+07
9.983571e+00 5.920946e+05
2.887844e+06 2.514469e+06
3.676993e+10 7.773800e+09
2.310089e+06 3.019594e+06
4.586242e+11 -8.572302e+10
-1.050986e+05 -2.527297e+04
-5.890236e+08 2.550549e+07
4.628692e+08 4.093005e+08
-6.611293e+14 5.958692e+14
-9.135658e+07 -1.704792e+08
-7.097824e+05 -6.742949e+05
2.280228e+07 6.649319e+06
2.829049e+09 1.171881e+10
-4.594375e+05 5.519696e+00
-6.352696e+00 1.398263e+06
-1.024123e+13 3.310936e+12
-1.627080e+07 -9.862604e+06
-2.815437e+08 -7.952355e+07
4.194317e+00 6.140317e+06
9.347793e+09 -6.089173e+09
-7.775727e+13 -2.560527e+13
4.696767e+06 5.699602e+06
-2.325103e+06 6.459989e+06
-2.583829e+08 2.496111e+10
1.679854e+08 4.311732e+07
2.826202e+06 -5.220300e+05
1.636280e+06 -4.585446e+05
-2.338341e+07 1.029069e+07
-1.206059e+15 -1.302865e+16
-1.495378e+06 5.435252e+00
2.357998e+11 -4.106981e+10
9.906854e+10 -7.095948e+08
-9.909667e+10 7.096351e+08
5.134534e+10 1.696048e+10
-7.893691e+12 2.834969e+12
2.885704e+12 9.114684e+10
3.490097e+10 1.012293e+10
-1.222013e+07 2.355863e+07
2.213491e+10 7.236393e+09
8.909864e+06 -2.131973e+08
3.183675e+06 -6.335146e+06
-1.876087e+09 -1.136227e+08
3.603342e+05 -5.661422e+00
2.903830e+09 5.581096e+08
-4.613833e+07 -2.196462e+07
3.413938e+06 -1.338528e+07
1.545463e+00 -6.034044e+06
-7.936606e+05 5.255981e+00
1.399543e+11 3.138097e+11
-4.617095e+07 3.726391e+07
-1.363954e+07 1.415461e+06
3.890964e+07 3.219299e+07
-6.858408e+06 2.978369e+07
-2.251125e+10 3.031406e+10
-3.620361e+08 6.171757e+07
1.083296e+06 6.966142e+00
1.278150e+08 -1.253886e+08
1.292815e+13 -4.668439e+14
-5.189205e+08 -8.788232e+08
-5.021292e+08 1.024766e+09
-4.686082e+07 3.935808e+06
6.611561e+14 -5.958692e+14
-7.264991e+06 1.342366e+06
1.876323e+09 1.131867e+08
1.552352e+19 3.269541e+19
-1.679915e+08 -4.319926e+07
-4.204204e+07 -6.952083e+07
-3.372936e+06 1.341912e+07
-5.025486e+06 -6.206446e+05
4.458109e+05 3.487779e+06
-2.497817e+09 3.247267e+10
1.242298e+08 -2.168515e+08
1.733564e+11 2.710979e+12
2.251261e+10 -3.031347e+10
1.023473e+08 -3.823311e+08
2.805021e+08 8.030863e+07
-1.890223e+08 -4.884937e+08
6.069536e+05 -5.153474e+00
4.746770e+06 5.547866e+00
4.408740e+05 8.894785e+06
-4.625202e+08 -4.088930e+08
6.134035e+07 1.989050e+08
-3.926884e+07 -3.235868e+07
1.175779e+11 -5.363935e+11
-2.537772e+07 -3.944213e+06
3.740034e+06 6.772277e+05
1.017797e+10 7.070061e+09
2.482817e+00 -5.607096e+06
5.011229e+08 -1.024649e+09
5.890340e+08 -2.550985e+07
-3.535175e+06 3.595871e+06
-3.771686e+06 -2.049002e+06
-1.035685e+07 -1.071747e+01
4.384610e+06 2.973302e+06
