5.119613e+05 7.977065e+00
2.036756e+06 -3.586948e+05
2.132176e+09 2.755837e+10
5.058264e+11 5.576518e+11
-3.821389e+11 -5.225227e+11
-1.389010e+09 -2.668320e+08
3.959374e+06 -1.417808e+07
-1.785312e+06 -1.465706e+06
-5.896377e+05 -3.893661e+06
-1.299238e+06 -9.325566e+00
1.883277e+05 -4.123602e+05
-8.742304e+06 2.326947e+07
1.195128e+09 -1.553816e+10
1.276362e+09 -3.754928e+08
-1.286670e+10 -2.786139e+09
1.276708e+09 6.118117e+08
-3.404306e+05 1.102461e+07
-1.716358e+06 -5.961631e+05
4.939704e+06 4.905135e+00
-6.120044e+07 5.986226e+07
-5.568975e+05 -1.117136e+06
-9.837358e+08 3.678971e+08
3.699675e+08 1.198186e+10
-1.758299e+10 -3.717619e+09
-1.348970e+07 2.640278e+07
-3.513062e+06 3.477273e+05
1.911070e+05 -3.597628e+04
2.234658e+07 -1.745588e+07
-5.608796e+12 -1.523584e+12
9.010060e+00 -9.109707e+05
1.099136e+07 -4.963152e+06
-3.360709e+07 6.576916e+06
-8.281653e+09 -2.489454e+09
-8.108063e+08 -4.635739e+08
-1.034629e+07 -1.472951e+06
2.332121e+10 -1.463664e+10
8.067826e+13 1.537603e+14
1.978729e+05 3.671490e+05
1.287007e+10 2.787031e+09
4.333074e+07 3.488604e+07
2.470296e+10 -2.772510e+09
5.438282e+05 1.115376e+06
-9.070724e+00 -5.256088e+05
-4.868396e+09 -3.382509e+09
3.697325e+06 2.681585e+07
5.445406e+05 -5.166622e+05
-7.143067e+11 9.952938e+11
3.411964e+05 -2.599808e+05
3.361221e+07 -6.604413e+06
-5.186869e+08 -5.151973e+08
1.732670e+08 -2.988968e+07
7.809984e+06 4.675403e+06
-4.592405e+00 -3.990890e+05
3.967760e+06 -4.461419e+05
8.753767e+12 3.186023e+12
9.833495e+08 -3.681691e+08
-1.128329e+11 1.965268e+10
1.434756e+08 3.639492e+07
1.032601e+06 2.684962e+06
-1.158635e+07 -3.488170e+07
-4.898106e+12 -6.580780e+12
-2.194538e+11 4.102122e+10
1.660392e+07 -3.326830e+07
5.121205e+07 5.686172e+07
-1.000173e+15 1.429334e+15
-9.229267e+07 3.020765e+07
5.533527e+06 -1.125155e+07
-3.516844e+11 -5.307697e+10
-2.292709e+09 -1.959897e+09
1.776737e+09 -2.495035e+08
1.294101e+06 -6.189658e+00
-3.400175e+09 -3.783766e+09
5.608796e+12 1.523455e+12
4.891731e+08 1.217815e+08
2.876300e+04 -1.043966e+01
-2.456643e+10 -8.116572e+09
-8.274244e+10 -1.294250e+12
-8.277567e+08 -1.611888e+09
-9.173450e+05 9.483969e+05
-1.187977e+08 -3.744749e+07
-1.366712e+09 -5.600257e+09
4.897899e+12 6.579665e+12
-1.354304e+09 8.820002e+08
1.351344e+07 -2.642000e+07
-1.790142e+08 1.307199e+08
-6.945167e+07 -3.459217e+06
6.780068e+00 -4.460057e+06
3.821233e+11 5.225446e+11
-5.391991e+05 3.264655e+00
-4.285424e+04 -1.558706e+00
-1.661206e+07 3.318848e+07
3.400598e+09 3.784728e+09
-6.342423e+08 -4.216763e+08
1.099265e+17 -1.789825e+17
8.284237e+09 2.490799e+09
9.141822e+00 -8.912062e+05
2.478759e+08 4.207481e+08
6.595235e+05 -8.647792e+05
-2.416326e+04 -6.267539e+05
-4.470052e+09 2.912071e+09
-3.696361e+08 -1.198844e+10
3.693409e+11 -3.560350e+11
-4.106047e+08 -3.051812e+08
-1.803398e+11 2.724823e+11
1.906053e+04 5.622022e+05
6.042188e+06 3.704583e+07
1.803551e+11 -2.724939e+11
2.295128e+05 -7.693477e+00
8.501082e+13 -4.369803e+13
-2.332348e+10 1.463712e+10
6.225686e+10 3.505639e+11
1.174520e+07 3.467846e+00
-9.593842e+07 9.208715e+07
-1.776950e+09 2.496383e+08
3.775599e+12 -1.356092e+12
-4.891099e+08 -1.220660e+08
-7.902123e+05 2.363461e+05
1.000723e+15 -1.429879e+15
5.290486e+05 1.004064e+06
-1.670120e+10 -4.844584e+09
-1.099544e+17 1.790052e+17
-1.538786e+08 9.480953e+07
4.899766e+12 -1.583466e+12
1.354668e+09 -8.823428e+08
-4.892587e+07 1.829068e+08
1.720255e+11 -1.696011e+11
4.360558e+07 8.168286e+07
6.669935e+09 1.024730e+10
-1.737827e+06 3.002405e+06
1.545637e+08 -1.664026e+08
-8.851757e+05 -4.234648e+06
8.944917e+05 4.226342e+06
9.704227e-01 -4.390637e+06
-5.327974e+10 1.067998e+11
-2.633661e+07 8.018345e+06
-4.316476e+07 -3.430381e+07
-5.985319e+06 -9.768540e+06
4.675856e+00 3.945643e+06
8.391021e+08 1.614811e+09
-2.214363e+07 5.966305e+07
6.500976e+14 -3.078079e+15
3.725407e+06 -1.893624e+06
-1.047195e+06 -4.248622e+06
1.534252e+08 -9.475477e+07
-3.388793e+05 -1.088028e+06
-1.395385e+16 -5.191014e+16
-2.212744e+05 6.202529e+00
2.224118e+07 -1.791791e+06
-3.351299e+08 -3.220930e+07
-1.706977e+06 -2.756195e+05
-1.546167e+08 1.664436e+08
-1.470491e+06 -1.682116e+06
-3.241997e+07 3.634322e+07
-9.379518e+10 -1.824239e+10
-2.280185e+10 8.355483e+10
5.588378e+00 2.334416e+05
-1.380632e+12 -4.361167e+10
4.163111e+07 -1.544927e+07
1.594696e+13 -2.762448e+13
-6.350018e+00 -1.042481e+07
1.531428e+06 -1.898557e+06
-6.562343e+04 -5.544258e+05
1.280780e+08 -2.950688e+07
9.919230e+04 5.559255e+05
3.344144e+05 1.077211e+06
-2.469875e+10 2.772186e+09
-2.006598e+06 -5.681084e+04
-6.224616e+10 -3.504745e+11
4.137209e+09 8.331748e+09
-6.696653e+10 -1.501581e+11
-2.235125e+15 9.193317e+13
1.016925e+06 4.395914e+06
3.240769e+07 -3.634449e+07
3.604536e+05 3.977549e+06
2.280086e+10 -8.354067e+10
-8.072270e+07 -7.627813e+07
3.715281e+13 1.223564e+13
1.190417e+08 3.746044e+07
9.755989e+08 -1.696838e+08
2.215285e+07 -5.965629e+07
3.350936e+08 3.229381e+07
8.099899e+07 -6.852296e+07
5.187544e+08 5.152798e+08
-5.934665e+07 1.036131e+08
1.641955e+08 2.996301e+08
-1.862206e+06 -8.584798e+05
1.169116e+07 1.679079e+06
-1.594494e+13 2.762097e+13
-1.168255e+07 -1.627964e+06
-1.816518e+06 -2.948311e+06
2.234652e+15 -9.191375e+13
-1.115190e+07 2.577205e+05
5.806558e+10 -1.293182e+10
-3.693399e+11 3.561147e+11
-5.764025e+06 2.099484e+07
-5.809806e+10 1.293464e+10
8.071615e+07 7.628420e+07
6.502880e+06 1.002702e+07
-1.516886e+05 -4.301308e+06
6.844596e+00 7.890973e+05
6.324653e+05 -8.135186e+05
1.169200e+08 3.953459e+07
9.378340e+10 1.823980e+10
-9.214124e+05 1.440531e+06
6.345074e+08 4.217726e+08
7.142162e+11 -9.952092e+11
-1.279321e+08 2.973310e+07
6.938154e+07 3.172293e+06
-4.137364e+09 -8.331402e+09
2.912089e+20 -2.405740e+20
4.459121e+04 1.183396e+06
6.107622e+00 6.614615e+05
6.105118e+06 -2.178487e+07
1.770810e+13 -1.232064e+13
9.988326e+00 2.610194e+05
1.789738e+08 -1.306698e+08
-8.007755e+05 -7.887782e+04
3.690277e+06 -2.451218e+05
2.650317e+07 -7.809662e+06
-8.098821e+07 4.552303e+07
2.433145e+06 2.061930e+05
-8.067484e+13 -1.537408e+14
-9.751253e+08 1.702264e+08
7.301896e+06 -2.797175e+07
2.293016e+09 1.960635e+09
-1.578783e+07 4.744358e+05
8.007844e+06 -2.231405e+07
-2.430418e+07 2.804365e+07
-6.500976e+14 3.078079e+15
2.187975e+07 1.046771e+07
4.473834e+08 1.332571e+09
5.329101e+10 -1.068135e+11
-1.771560e+13 1.232429e+13
-1.059014e+10 -3.463088e+09
7.554159e+09 1.883466e+08
-7.553838e+09 -1.883391e+08
2.441808e+07 -2.791054e+07
-1.148146e+07 4.147828e+07
1.395504e+16 5.190793e+16
-1.092537e+06 -2.758489e+06
-6.543293e+00 -9.253804e+05
-4.243816e+06 1.017559e+08
2.247651e+08 -1.325580e+07
6.183602e+05 -3.798833e+05
-6.195138e+05 3.827200e+05
-1.277446e+09 -6.120927e+08
1.577495e+07 -8.369129e+05
-6.515616e+00 5.925849e+06
-7.426302e+18 -1.563788e+19
8.707610e+06 -6.656334e+06
1.850021e+05 2.413482e+00
-1.482050e+06 -2.711809e+06
-4.140746e+07 1.547276e+07
1.822488e+06 8.826608e+05
4.753340e+05 6.244751e+00
-1.433766e+08 -3.636961e+07
-5.687958e+05 -2.034274e+06
1.148748e+07 -4.149743e+07
-5.645530e+06 2.377503e+06
5.536081e+05 1.599704e+06
-6.670190e+09 -1.024770e+10
-2.912335e+20 2.406046e+20
3.624445e+04 -1.615097e+00
-7.298378e+06 2.798628e+07
-8.755250e+12 -3.186427e+12
1.236912e+08 -1.194454e+10
-7.651450e+00 -9.214222e+05
-2.298541e+06 -2.661273e+07
-2.132996e+09 -2.757220e+10
-4.474939e+08 -1.332830e+09
4.101367e+08 3.050686e+08
-2.967704e+07 -9.488611e+07
1.996358e+07 3.351978e+07
-1.643947e+08 -2.999303e+08
-4.897170e+05 5.815270e+00
8.506366e+00 -6.635107e+05
-8.502164e+13 4.370174e+13
5.772846e+14 6.236350e+15
-1.937176e+06 -4.099239e+00
8.108326e+08 4.636990e+08
6.164792e+00 7.937615e+05
-2.257389e+08 1.119680e+07
-8.636158e+06 6.651402e+06
1.949695e+06 5.323075e+00
-5.335991e+07 4.563177e+07
-1.721718e+11 1.695976e+11
-5.472616e+04 -4.443754e+06
-6.184737e+12 2.233579e+14
-5.626275e+10 2.566871e+11
1.168263e+06 -3.123992e+06
1.226529e+07 1.865970e+06
-2.087647e+07 -3.546394e+07
6.686880e+06 -4.981738e+05
-8.317204e+00 8.872539e+05
-1.091152e+07 -3.158295e+06
1.478649e+06 2.703383e+06
-1.277102e+09 3.757986e+08
-5.060192e+11 -5.577936e+11
1.361201e+07 -3.495249e+06
3.517884e+11 5.309487e+10
5.628355e+06 -2.407295e+06
9.023976e+07 2.341645e+08
-5.062296e+07 -5.366814e+07
-3.168811e+05 -1.747751e+05
-2.211021e+06 4.594531e+05
7.479178e+07 -9.772591e+06
7.026202e+00 2.833093e+05
1.381844e+06 1.203187e+06
1.760146e+10 3.721170e+09
1.105497e+06 1.445255e+06
2.194818e+11 -4.102575e+10
-5.020923e+04 -1.208465e+04
-2.818932e+08 1.220550e+07
2.215235e+08 1.958866e+08
-3.163874e+14 2.851510e+14
-4.371664e+07 -8.157879e+07
-3.396635e+05 -3.227530e+05
1.091151e+07 3.181911e+06
1.353824e+09 5.607717e+09
-2.198285e+05 7.360299e+00
-5.794750e+00 6.692569e+05
-4.900388e+12 1.584270e+12
-7.785004e+06 -4.719028e+06
-1.347114e+08 -3.805159e+07
-6.017834e+00 2.938116e+06
4.471392e+09 -2.912551e+09
-3.716701e+13 -1.223875e+13
2.247329e+06 2.727381e+06
-1.112601e+06 3.090979e+06
-1.236572e+08 1.194616e+10
8.040874e+07 2.063875e+07
1.351793e+06 -2.496147e+05
7.834208e+05 -2.196113e+05
-1.119138e+07 4.925092e+06
-5.773335e+14 -6.237141e+15
-7.157113e+05 9.320519e+00
1.128708e+11 -1.965811e+10
4.740898e+10 -3.395140e+08
-4.741099e+10 3.394976e+08
2.457234e+10 8.117106e+09
-3.776078e+12 1.356207e+12
1.381275e+12 4.363026e+10
1.670566e+10 4.845529e+09
-5.848712e+06 1.127462e+07
1.059254e+10 3.462994e+09
4.258040e+06 -1.018821e+08
1.521085e+06 -3.026596e+06
-8.978687e+08 -5.438319e+07
1.726426e+05 -5.778280e+00
1.389152e+09 2.669859e+08
-2.207932e+07 -1.051128e+07
1.634331e+06 -6.407838e+06
1.616405e+00 -2.887510e+06
-3.796400e+05 7.484277e+00
6.698925e+10 1.501962e+11
-2.208621e+07 1.782546e+07
-6.524407e+06 6.771217e+05
1.860161e+07 1.539155e+07
-3.281604e+06 1.425159e+07
-1.077148e+10 1.450540e+10
-1.731056e+08 2.951064e+07
5.178463e+05 3.619742e+00
6.116154e+07 -6.000051e+07
6.185783e+12 -2.233673e+14
-2.482672e+08 -4.204555e+08
-2.394086e+08 4.885841e+08
-2.241858e+07 1.882779e+06
3.164142e+14 -2.851751e+14
-3.475495e+06 6.422128e+05
8.980048e+08 5.416874e+07
7.427875e+18 1.564385e+19
-8.042015e+07 -2.068072e+07
-2.011786e+07 -3.326767e+07
-1.614755e+06 6.424131e+06
-2.405034e+06 -2.970265e+05
2.134197e+05 1.669390e+06
-1.195560e+09 1.554347e+10
5.937219e+07 -1.036361e+08
8.284460e+10 1.295570e+12
1.077148e+10 -1.450357e+10
4.897052e+07 -1.829315e+08
1.342073e+08 3.842820e+07
-9.045234e+07 -2.337261e+08
2.903562e+05 9.715714e+00
2.271840e+06 -1.041453e+00
2.109950e+05 4.256680e+06
-2.213287e+08 -1.956666e+08
2.933297e+07 9.511639e+07
-1.877287e+07 -1.546937e+07
5.626026e+10 -2.566660e+11
-1.214413e+07 -1.887347e+06
1.788333e+06 3.238245e+05
4.868820e+09 3.382087e+09
-6.530753e+00 -2.667628e+06
2.389124e+08 -4.885083e+08
2.818743e+08 -1.220742e+07
-1.687879e+06 1.716891e+06
-1.804582e+06 -9.803411e+05
-4.956152e+06 9.761949e+00
2.097831e+06 1.422690e+06
