1.435311e+06 4.869858e+00
5.701418e+06 -1.003953e+06
5.967639e+09 7.713075e+10
1.416010e+12 1.561099e+12
-1.069442e+12 -1.462555e+12
-3.890781e+09 -7.474391e+08
1.108829e+07 -3.970002e+07
-4.999206e+06 -4.103904e+06
-1.650455e+06 -1.089958e+07
-3.638749e+06 -7.237160e+00
5.269726e+05 -1.153860e+06
-2.446919e+07 6.513249e+07
3.345235e+09 -4.348921e+10
3.575090e+09 -1.051845e+09
-3.602522e+10 -7.801826e+09
3.578822e+09 1.714827e+09
-9.547200e+05 3.091954e+07
-4.804015e+06 -1.668763e+06
1.383181e+07 -6.916876e+00
-1.713955e+08 1.676478e+08
-1.559666e+06 -3.128120e+06
-2.754277e+09 1.030028e+09
1.036063e+09 3.355722e+10
-4.923953e+10 -1.041015e+10
-3.777999e+07 7.391582e+07
-9.833970e+06 9.735875e+05
5.356474e+05 -1.007429e+05
6.262500e+07 -4.890223e+07
-1.570007e+13 -4.264321e+12
-8.714797e+00 -2.551654e+06
3.077250e+07 -1.389655e+07
-9.407216e+07 1.840964e+07
-2.318849e+10 -6.970660e+09
-2.270793e+09 -1.298243e+09
-2.896982e+07 -4.124361e+06
6.531676e+10 -4.099240e+10
2.258677e+14 4.304572e+14
5.527187e+05 1.029477e+06
3.603642e+10 7.804041e+09
1.213718e+08 9.771488e+07
6.917080e+10 -7.762981e+09
1.522843e+06 3.122948e+06
6.350293e-01 -1.470523e+06
-1.363501e+10 -9.472830e+09
1.035081e+07 7.506614e+07
1.525495e+06 -1.447238e+06
-2.004898e+12 2.793642e+12
9.559140e+05 -7.288004e+05
9.411628e+07 -1.849271e+07
-1.453001e+09 -1.443313e+09
4.857539e+08 -8.379900e+07
2.187594e+07 1.309600e+07
-1.060151e+01 -1.117345e+06
1.111639e+07 -1.249831e+06
2.451351e+13 8.922402e+12
2.753112e+09 -1.030699e+09
-3.158891e+11 5.501652e+10
4.017328e+08 1.019033e+08
2.892217e+06 7.519926e+06
-3.242815e+07 -9.763408e+07
-1.371698e+13 -1.842713e+13
-6.143759e+11 1.148504e+11
4.646744e+07 -9.310624e+07
1.444038e+08 1.603462e+08
-2.799705e+15 4.000901e+15
-2.583818e+08 8.456544e+07
1.549448e+07 -3.150334e+07
-9.843771e+11 -1.485706e+11
-6.433011e+09 -5.499753e+09
4.973178e+09 -6.984050e+08
3.625402e+06 -1.096766e+01
-9.517841e+09 -1.059157e+10
1.570197e+13 4.264385e+12
1.376416e+09 3.426492e+08
8.073263e+04 -1.312304e+00
-6.877374e+10 -2.272379e+10
-2.320561e+11 -3.630043e+12
-2.317768e+09 -4.513492e+09
-2.568266e+06 2.655065e+06
-3.343892e+08 -1.054051e+08
-3.827073e+09 -1.568271e+10
1.371698e+13 1.842713e+13
-3.791731e+09 2.469608e+09
3.783371e+07 -7.397387e+07
-5.014627e+08 3.661697e+08
-1.945800e+08 -9.691330e+06
-9.243553e+00 -1.248692e+07
1.069541e+12 1.462554e+12
-1.509880e+06 -7.623233e+00
-1.201607e+05 -2.083319e+00
-4.648976e+07 9.288653e+07
9.517531e+09 1.059237e+10
-1.776394e+09 -1.180904e+09
3.076565e+17 -5.009556e+17
2.319411e+10 6.973416e+09
6.783051e+00 -2.495936e+06
6.944037e+08 1.178612e+09
1.846560e+06 -2.421312e+06
-6.779702e+04 -1.755478e+06
-1.252395e+10 8.158068e+09
-1.034881e+09 -3.356681e+10
1.033954e+12 -9.967321e+11
-1.149836e+09 -8.545515e+08
-5.050859e+11 7.631790e+11
5.372491e+04 1.574299e+06
1.691498e+07 1.037088e+08
5.051088e+11 -7.630751e+11
6.423514e+05 1.769573e+00
2.382661e+14 -1.224794e+14
-6.531462e+10 4.099013e+10
1.745689e+11 9.829730e+11
3.286889e+07 -7.405280e+00
-2.685231e+08 2.577373e+08
-4.973143e+09 6.986068e+08
1.057526e+13 -3.798229e+12
-1.376058e+09 -3.433389e+08
-2.212918e+06 6.618174e+05
2.800763e+15 -4.001688e+15
1.484383e+06 2.817018e+06
-4.675036e+10 -1.356049e+10
-3.077030e+17 5.009859e+17
-4.670511e+08 2.877463e+08
1.371777e+13 -4.433341e+12
3.791625e+09 -2.469365e+09
-1.369868e+08 5.121326e+08
4.815243e+11 -4.747525e+11
1.220960e+08 2.286919e+08
1.868011e+10 2.869982e+10
-4.877036e+06 8.426444e+06
4.328335e+08 -4.659541e+08
-2.477372e+06 -1.185104e+07
2.502904e+06 1.182807e+07
-7.188788e+00 -1.230188e+07
-1.502819e+11 3.012287e+11
-7.377163e+07 2.245894e+07
-1.208906e+08 -9.607398e+07
-1.676066e+07 -2.735362e+07
-2.458177e+00 1.105269e+07
2.349124e+09 4.520351e+09
-6.198934e+07 1.670295e+08
1.821806e+15 -8.626139e+15
1.042770e+07 -5.300693e+06
-2.933221e+06 -1.190085e+07
4.656602e+08 -2.875852e+08
-9.485734e+05 -3.045342e+06
-3.919180e+16 -1.457998e+17
-6.194644e+05 -3.900588e+00
6.229329e+07 -5.018906e+06
-9.382930e+08 -9.018453e+07
-4.783785e+06 -7.724344e+05
-4.328667e+08 4.659432e+08
-4.116082e+06 -4.708294e+06
-9.073363e+07 1.017128e+08
-2.625106e+11 -5.105923e+10
-6.382434e+10 2.338389e+11
-9.388830e+00 6.532909e+05
-3.864321e+12 -1.220691e+11
1.166089e+08 -4.327099e+07
4.466745e+13 -7.737149e+13
1.111317e+01 -2.923162e+07
4.299463e+06 -5.329681e+06
-1.832432e+05 -1.551462e+06
3.593114e+08 -8.277746e+07
2.775885e+05 1.555940e+06
9.357589e+05 3.014548e+06
-6.914457e+10 7.761181e+09
-5.616934e+06 -1.585973e+05
-1.745474e+11 -9.828237e+11
1.158492e+10 2.332727e+10
-1.874399e+11 -4.202838e+11
-6.255927e+15 2.572821e+14
2.847375e+06 1.231032e+07
9.069787e+07 -1.017142e+08
1.008423e+06 1.113175e+07
6.381944e+10 -2.338354e+11
-2.260772e+08 -2.136543e+08
1.041704e+14 3.430600e+13
3.350278e+08 1.054367e+08
2.735150e+09 -4.757319e+08
6.202210e+07 -1.670227e+08
9.382054e+08 9.041483e+07
2.269391e+08 -1.919986e+08
1.452873e+09 1.443159e+09
-1.664480e+08 2.905965e+08
4.597895e+08 8.389875e+08
-5.216794e+06 -2.405162e+06
3.272756e+07 4.699615e+06
-4.467083e+13 7.737851e+13
-3.269887e+07 -4.557028e+06
-5.086806e+06 -8.255540e+06
6.256211e+15 -2.573250e+14
-3.121487e+07 7.213601e+05
1.625684e+11 -3.619760e+10
-1.033889e+12 9.967896e+11
-1.613379e+07 5.876744e+07
-1.626165e+11 3.620495e+10
2.260619e+08 2.136531e+08
1.820778e+07 2.807576e+07
-4.240874e+05 -1.204188e+07
-3.017167e+00 2.209088e+06
1.770366e+06 -2.277329e+06
3.272675e+08 1.106552e+08
2.625030e+11 5.105230e+10
-2.579419e+06 4.033037e+06
1.776863e+09 1.181152e+09
2.004505e+12 -2.793219e+12
-3.589458e+08 8.342050e+07
1.943586e+08 8.887688e+06
-1.158434e+10 -2.332835e+10
8.153676e+20 -6.735828e+20
1.245428e+05 3.314083e+06
5.037239e+00 1.852079e+06
1.709027e+07 -6.099004e+07
4.959679e+13 -3.450676e+13
-1.556054e+00 7.305106e+05
5.013299e+08 -3.659681e+08
-2.242642e+06 -2.206457e+05
1.032953e+07 -6.857422e+05
7.423769e+07 -2.187308e+07
-2.269115e+08 1.275377e+08
6.810932e+06 5.771670e+05
-2.258540e+14 -4.304247e+14
-2.733623e+09 4.772227e+08
2.044938e+07 -7.833813e+07
6.433929e+09 5.501255e+09
-4.421347e+07 1.328883e+06
2.241437e+07 -6.246210e+07
-6.811619e+07 7.860004e+07
-1.821999e+15 8.626270e+15
6.126254e+07 2.930850e+07
1.252571e+09 3.730939e+09
1.502929e+11 -3.012514e+11
-4.960579e+13 3.450884e+13
-2.965329e+10 -9.696558e+09
2.115414e+10 5.274473e+08
-2.115286e+10 -5.273941e+08
6.843618e+07 -7.821377e+07
-3.213758e+07 1.160939e+08
3.919537e+16 1.457888e+17
-3.060630e+06 -7.727470e+06
-2.484778e-01 -2.592860e+06
-1.190263e+07 2.854034e+08
6.306028e+08 -3.719553e+07
1.731589e+06 -1.063834e+06
-1.734645e+06 1.071510e+06
-3.580230e+09 -1.715484e+09
4.417948e+07 -2.343889e+06
-4.790635e+00 1.659040e+07
-2.079773e+19 -4.379615e+19
2.438883e+07 -1.864382e+07
5.181084e+05 9.917604e+00
-4.150632e+06 -7.595252e+06
-1.159784e+08 4.333335e+07
5.103988e+06 2.471849e+06
1.330556e+06 9.460655e+00
-4.014239e+08 -1.018268e+08
-1.592095e+06 -5.694261e+06
3.215751e+07 -1.161540e+08
-1.580835e+07 6.656773e+06
1.549476e+06 4.478413e+06
-1.868230e+10 -2.870319e+10
-8.155156e+20 6.737459e+20
1.015479e+05 1.070510e+01
-2.043994e+07 7.838144e+07
-2.451463e+13 -8.922267e+12
3.462682e+08 -3.343825e+10
-7.111719e+00 -2.580021e+06
-6.433781e+06 -7.449350e+07
-5.970241e+09 -7.717697e+10
-1.252911e+09 -3.731665e+09
1.148303e+09 8.541067e+08
-8.315431e+07 -2.658724e+08
5.589862e+07 9.385758e+07
-4.602479e+08 -8.397337e+08
-1.371193e+06 1.398630e+00
-3.597772e+00 -1.858126e+06
-2.383130e+14 1.224998e+14
1.615781e+15 1.745518e+16
-5.425710e+06 -4.640513e+00
2.270640e+09 1.298538e+09
9.705048e+00 2.222962e+06
-6.334150e+08 3.141735e+07
-2.419994e+07 1.863129e+07
5.460865e+06 -8.958943e+00
-1.494760e+08 1.278328e+08
-4.819761e+11 4.747499e+11
-1.533602e+05 -1.244000e+07
-1.731952e+13 6.254853e+14
-1.575276e+11 7.186674e+11
3.270566e+06 -8.746332e+06
3.433788e+07 5.223960e+06
-5.848072e+07 -9.934306e+07
1.872913e+07 -1.395428e+06
-9.022879e-01 2.484323e+06
-3.055306e+07 -8.844033e+06
4.141920e+06 7.572256e+06
-3.576437e+09 1.052392e+09
-1.416417e+12 -1.561430e+12
3.811143e+07 -9.785037e+06
9.845105e+11 1.485884e+11
1.575736e+07 -6.740136e+06
2.526428e+08 6.556326e+08
-1.427268e+08 -1.512966e+08
-8.875860e+05 -4.893882e+05
-6.189875e+06 1.286053e+06
2.095012e+08 -2.737467e+07
-9.253411e+00 7.934387e+05
3.869505e+06 3.369062e+06
4.926367e+10 1.041524e+10
3.095097e+06 4.045515e+06
6.144691e+11 -1.148554e+11
-1.409808e+05 -3.400708e+04
-7.891674e+08 3.417154e+07
6.201345e+08 5.483597e+08
-8.857695e+14 7.983310e+14
-1.223962e+08 -2.284040e+08
-9.511765e+05 -9.035468e+05
3.054955e+07 8.909039e+06
3.790351e+09 1.570123e+10
-6.159311e+05 -8.867457e+00
1.593201e+00 1.873692e+06
-1.372171e+13 4.436224e+12
-2.180161e+07 -1.321519e+07
-3.772344e+08 -1.065505e+08
7.059440e+00 8.226959e+06
1.252478e+10 -8.158796e+09
-1.042051e+14 -3.431431e+13
6.292944e+06 7.636472e+06
-3.115356e+06 8.654810e+06
-3.461558e+08 3.344006e+10
2.250435e+08 5.776290e+07
3.787408e+06 -6.999098e+05
2.192585e+06 -6.146829e+05
-3.132902e+07 1.378785e+07
-1.615806e+15 -1.745466e+16
-2.003932e+06 -5.697226e+00
3.158883e+11 -5.502373e+10
1.327520e+11 -9.508090e+08
-1.327821e+11 9.508436e+08
6.879256e+10 2.272357e+10
-1.057670e+13 3.798746e+12
3.866075e+12 1.221156e+11
4.676016e+10 1.356272e+10
-1.637300e+07 3.156400e+07
2.965642e+10 9.695150e+09
1.194092e+07 -2.857292e+08
4.267016e+06 -8.491181e+06
-2.513485e+09 -1.522181e+08
4.827608e+05 6.916466e+00
3.890566e+09 7.477619e+08
-6.181189e+07 -2.942593e+07
4.573465e+06 -1.793084e+07
-3.970833e+00 -8.084326e+06
-1.063554e+06 -4.247000e+00
1.875081e+11 4.204299e+11
-6.186509e+07 4.993049e+07
-1.827496e+07 1.896699e+06
5.214215e+07 4.314211e+07
-9.189322e+06 3.990471e+07
-3.016034e+10 4.061426e+10
-4.851345e+08 8.270093e+07
1.451728e+06 8.927641e+00
1.712442e+08 -1.679917e+08
1.732108e+13 -6.254853e+14
-6.952657e+08 -1.177492e+09
-6.733060e+08 1.374118e+09
-6.278761e+07 5.273816e+06
8.858096e+14 -7.983431e+14
-9.735074e+06 1.798975e+06
2.513927e+09 1.516495e+08
2.079994e+19 4.380741e+19
-2.250593e+08 -5.787409e+07
-5.632754e+07 -9.314270e+07
-4.518717e+06 1.797808e+07
-6.733520e+06 -8.317761e+05
5.974587e+05 4.672829e+06
-3.346426e+09 4.350318e+10
1.664907e+08 -2.906060e+08
2.323380e+11 3.633233e+12
3.016262e+10 -4.061429e+10
1.371238e+08 -5.122328e+08
3.758156e+08 1.075966e+08
-2.532487e+08 -6.544407e+08
8.132209e+05 3.067922e+00
6.358904e+06 8.304938e+00
5.907088e+05 1.191668e+07
-6.196793e+08 -5.478218e+08
8.219616e+07 2.665332e+08
-5.262340e+07 -4.336257e+07
1.575297e+11 -7.186582e+11
-3.400080e+07 -5.284473e+06
5.011762e+06 9.077086e+05
1.363690e+10 9.472882e+09
-9.824045e-01 -7.522422e+06
6.719845e+08 -1.373988e+09
7.891935e+08 -3.417755e+07
-4.739115e+06 4.820555e+06
-5.053729e+06 -2.745464e+06
-1.387602e+07 -4.504684e+00
5.874806e+06 3.983825e+06
