1.256552e+06 3.116192e+00
4.990635e+06 -8.787457e+05
5.223760e+09 6.751566e+10
1.239498e+12 1.366520e+12
-9.361804e+11 -1.280308e+12
-3.405684e+09 -6.542396e+08
9.705898e+06 -3.475209e+07
-4.376073e+06 -3.592438e+06
-1.444734e+06 -9.541219e+06
-3.185246e+06 -1.112470e+01
4.613806e+05 -1.010280e+06
-2.142015e+07 5.701599e+07
2.928478e+09 -3.807065e+10
3.129407e+09 -9.207181e+08
-3.153651e+10 -6.829563e+09
3.132614e+09 1.501019e+09
-8.357952e+05 2.706214e+07
-4.205542e+06 -1.460831e+06
1.210776e+07 5.804923e+00
-1.500294e+08 1.467515e+08
-1.365385e+06 -2.738136e+06
-2.410940e+09 9.016738e+08
9.069528e+08 2.937544e+10
-4.310247e+10 -9.112742e+09
-3.306934e+07 6.470076e+07
-8.607976e+06 8.521743e+05
4.687771e+05 -8.816980e+04
5.481285e+07 -4.280289e+07
-1.374326e+13 -3.732837e+12
-8.986649e+00 -2.233442e+06
2.693673e+07 -1.216367e+07
-8.234471e+07 1.611434e+07
-2.029756e+10 -6.101555e+09
-1.987691e+09 -1.136394e+09
-2.535854e+07 -3.610218e+06
5.717489e+10 -3.588269e+10
1.977213e+14 3.768299e+14
4.840161e+05 9.011883e+05
3.154658e+10 6.831678e+09
1.062435e+08 8.553702e+07
6.055086e+10 -6.795573e+09
1.333042e+06 2.733753e+06
6.718655e+00 -1.287381e+06
-1.193536e+10 -8.292219e+09
9.060884e+06 6.571283e+07
1.335307e+06 -1.266867e+06
-1.754662e+12 2.444955e+12
8.367854e+05 -6.378629e+05
8.238525e+07 -1.618781e+07
-1.271826e+09 -1.263357e+09
4.251559e+08 -7.334537e+07
1.914791e+07 1.146294e+07
-1.017243e+01 -9.780305e+05
9.729892e+06 -1.093940e+06
2.145683e+13 7.810019e+12
2.409941e+09 -9.022354e+08
-2.765158e+11 4.816004e+10
3.516597e+08 8.920100e+07
2.531644e+06 6.582399e+06
-2.838719e+07 -8.546709e+07
-1.200716e+13 -1.613060e+13
-5.378240e+11 1.005375e+11
4.067738e+07 -8.150492e+07
1.263341e+08 1.402822e+08
-2.450885e+15 3.502331e+15
-2.261719e+08 7.402472e+07
1.356304e+07 -2.757546e+07
-8.616722e+11 -1.300532e+11
-5.630066e+09 -4.813502e+09
4.353486e+09 -6.113617e+08
3.173221e+06 -4.845822e-01
-8.331349e+09 -9.271325e+09
1.374468e+13 3.732965e+12
1.204352e+09 2.998203e+08
7.060204e+04 -7.802379e+00
-6.019873e+10 -1.989045e+10
-2.031104e+11 -3.177082e+12
-2.028814e+09 -3.950680e+09
-2.248136e+06 2.324048e+06
-2.925778e+08 -9.222579e+07
-3.349919e+09 -1.372706e+10
1.200674e+13 1.612949e+13
-3.319098e+09 2.161790e+09
3.311886e+07 -6.475444e+07
-4.389210e+08 3.205099e+08
-1.703126e+08 -8.482780e+06
-7.212996e+00 -1.093073e+07
9.362628e+11 1.280263e+12
-1.321641e+06 -2.363075e+00
-1.051874e+05 -8.214636e+00
-4.069434e+07 8.131101e+07
8.331617e+09 9.272608e+09
-1.554957e+09 -1.033700e+09
2.693239e+17 -4.385322e+17
2.030313e+10 6.104231e+09
1.243424e+00 -2.184681e+06
6.078173e+08 1.031658e+09
1.616354e+06 -2.119423e+06
-5.928121e+04 -1.536587e+06
-1.096239e+10 7.140855e+09
-9.059198e+08 -2.938352e+10
9.050971e+11 -8.725118e+11
-1.006539e+09 -7.480638e+08
-4.421354e+11 6.680457e+11
4.702026e+04 1.378119e+06
1.480699e+07 9.078297e+07
4.421354e+11 -6.679418e+11
5.622073e+05 -3.017666e+01
2.085446e+14 -1.071998e+14
-5.717067e+10 3.587923e+10
1.527892e+11 8.603236e+11
2.877205e+07 5.314851e+00
-2.350586e+08 2.256151e+08
-4.353380e+09 6.115529e+08
9.256952e+12 -3.324786e+12
-1.204114e+09 -3.004315e+08
-1.936943e+06 5.792516e+05
2.451732e+15 -3.503058e+15
1.299135e+06 2.465492e+06
-4.092548e+10 -1.187112e+10
-2.693751e+17 4.385776e+17
-4.063368e+08 2.503391e+08
1.200782e+13 -3.880859e+12
3.319177e+09 -2.161730e+09
-1.199214e+08 4.483311e+08
4.215367e+11 -4.156103e+11
1.068795e+08 2.001949e+08
1.635216e+10 2.512314e+10
-4.268536e+06 7.374746e+06
3.788879e+08 -4.078744e+08
-2.168505e+06 -1.037412e+07
2.190885e+06 1.035378e+07
6.283587e+00 -1.076763e+07
-1.314730e+11 2.635323e+11
-6.457375e+07 1.965860e+07
-1.058189e+08 -8.409621e+07
-1.467102e+07 -2.394383e+07
4.087486e-01 9.674526e+06
2.056314e+09 3.957033e+09
-5.426147e+07 1.462063e+08
1.594549e+15 -7.550254e+15
9.127944e+06 -4.639882e+06
-2.567567e+06 -1.041715e+07
4.051157e+08 -2.501932e+08
-8.302620e+05 -2.665705e+06
-3.429706e+16 -1.275909e+17
-5.421005e+05 -4.832254e+00
5.452640e+07 -4.393023e+06
-8.213699e+08 -7.894238e+07
-4.187078e+06 -6.759865e+05
-3.789120e+08 4.078712e+08
-3.603072e+06 -4.121399e+06
-7.942470e+07 8.903749e+07
-2.297901e+11 -4.469535e+10
-5.586922e+10 2.046931e+11
2.397822e+00 5.717702e+05
-3.382815e+12 -1.068543e+11
1.020719e+08 -3.787606e+07
3.909838e+13 -6.772785e+13
6.802538e+00 -2.558485e+07
3.762657e+06 -4.664122e+06
-1.603591e+05 -1.358060e+06
3.144770e+08 -7.244836e+07
2.428698e+05 1.361880e+06
8.190855e+05 2.638738e+06
-6.052883e+10 6.793880e+09
-4.916739e+06 -1.387138e+05
-1.527757e+11 -8.602339e+11
1.014108e+10 2.042005e+10
-1.640840e+11 -3.679112e+11
-5.476230e+15 2.252201e+14
2.492147e+06 1.077554e+07
7.939443e+07 -8.903776e+07
8.825240e+05 9.745160e+06
5.586818e+10 -2.047001e+11
-1.978974e+08 -1.870173e+08
9.117435e+13 3.002651e+13
2.931504e+08 9.225891e+07
2.394035e+09 -4.163998e+08
5.429158e+07 -1.462086e+08
8.212950e+08 7.914827e+07
1.986478e+08 -1.680609e+08
1.271802e+09 1.263272e+09
-1.456847e+08 2.543460e+08
4.024826e+08 7.344200e+08
-4.566315e+06 -2.105053e+06
2.864868e+07 4.113732e+06
-3.910108e+13 6.773254e+13
-2.862457e+07 -3.989117e+06
-4.452757e+06 -7.226406e+06
5.476609e+15 -2.252552e+14
-2.732511e+07 6.313445e+05
1.423091e+11 -3.168843e+10
-9.050635e+11 8.725828e+11
-1.412317e+07 5.144439e+07
-1.423571e+11 3.169411e+10
1.978866e+08 1.870261e+08
1.593861e+07 2.457638e+07
-3.711655e+05 -1.054114e+07
-4.436356e+00 1.933738e+06
1.549618e+06 -1.993545e+06
2.864846e+08 9.686575e+07
2.297864e+11 4.469006e+10
-2.257935e+06 3.530402e+06
1.555457e+09 1.033962e+09
1.754420e+12 -2.444744e+12
-3.141692e+08 7.301215e+07
1.701306e+08 7.779745e+06
-1.014068e+10 -2.042113e+10
7.137473e+20 -5.896321e+20
1.089772e+05 2.900875e+06
7.734514e+00 1.621070e+06
1.496029e+07 -5.338859e+07
4.341426e+13 -3.020450e+13
-6.874342e-01 6.394311e+05
4.388229e+08 -3.203410e+08
-1.962892e+06 -1.930408e+05
9.041934e+06 -6.002052e+05
6.498223e+07 -1.914706e+07
-1.986228e+08 1.116375e+08
5.961966e+06 5.051421e+05
-1.977077e+14 -3.767843e+14
-2.392688e+09 4.177057e+08
1.790001e+07 -6.857215e+07
5.631076e+09 4.814754e+09
-3.870233e+07 1.163245e+06
1.962141e+07 -5.467844e+07
-5.962212e+07 6.879865e+07
-1.594824e+15 7.550906e+15
5.362742e+07 2.565592e+07
1.096466e+09 3.266117e+09
1.314909e+11 -2.635641e+11
-4.342401e+13 3.020868e+13
-2.595762e+10 -8.488136e+09
1.851751e+10 4.616977e+08
-1.851591e+10 -4.616471e+08
5.990025e+07 -6.845958e+07
-2.813241e+07 1.016275e+08
3.430122e+16 1.275843e+17
-2.678875e+06 -6.763895e+06
9.345073e+00 -2.269317e+06
-1.041738e+07 2.497909e+08
5.519157e+08 -3.255353e+07
1.515565e+06 -9.310710e+05
-1.518395e+06 9.379258e+05
-3.133812e+09 -1.501564e+09
3.867237e+07 -2.051480e+06
-8.793285e+00 1.452287e+07
-1.820561e+19 -3.833753e+19
2.134903e+07 -1.632042e+07
4.533793e+05 3.306223e+00
-3.633249e+06 -6.648595e+06
-1.015238e+08 3.793277e+07
4.467847e+06 2.163735e+06
1.164775e+06 -9.617827e+00
-3.514182e+08 -8.914156e+07
-1.393733e+06 -4.985024e+06
2.815180e+07 -1.016817e+08
-1.383822e+07 5.827060e+06
1.356314e+06 3.920294e+06
-1.635351e+10 -2.512479e+10
-7.138583e+20 5.897645e+20
8.892225e+04 -7.063517e-02
-1.789208e+07 6.861138e+07
-2.145906e+13 -7.810289e+12
3.031129e+08 -2.927085e+10
3.530043e+00 -2.258366e+06
-5.631816e+06 -6.520916e+07
-5.226296e+09 -6.755843e+10
-1.096730e+09 -3.266511e+09
1.005166e+09 7.476645e+08
-7.278548e+07 -2.327166e+08
4.893002e+07 8.215723e+07
-4.028795e+08 -7.350590e+08
-1.200270e+06 -6.559180e+00
4.104236e+00 -1.626519e+06
-2.085915e+14 1.072221e+14
1.414438e+15 1.528018e+16
-4.749363e+06 4.836826e+00
1.987613e+09 1.136706e+09
5.498873e+00 1.945881e+06
-5.543843e+08 2.749769e+07
-2.118293e+07 1.630889e+07
4.780138e+06 8.027463e+00
-1.308437e+08 1.118965e+08
-4.219186e+11 4.155999e+11
-1.341618e+05 -1.088976e+07
-1.516077e+13 5.475266e+14
-1.378935e+11 6.290948e+11
2.862930e+06 -7.656095e+06
3.005850e+07 4.572802e+06
-5.118926e+07 -8.695724e+07
1.639413e+07 -1.221413e+06
3.253630e+00 2.174660e+06
-2.674492e+07 -7.741742e+06
3.625526e+06 6.628370e+06
-3.130742e+09 9.212627e+08
-1.239970e+12 -1.366874e+12
3.336218e+07 -8.565906e+06
8.618355e+11 1.300732e+11
1.379314e+07 -5.899879e+06
2.211507e+08 5.739065e+08
-1.248675e+08 -1.323662e+08
-7.768452e+05 -4.283041e+05
-5.418248e+06 1.125664e+06
1.833781e+08 -2.396112e+07
-9.347416e+00 6.944800e+05
3.387017e+06 2.949096e+06
4.312368e+10 9.117118e+09
2.709204e+06 3.541244e+06
5.378707e+11 -1.005376e+11
-1.232992e+05 -2.968932e+04
-6.908078e+08 2.991209e+07
5.428426e+08 4.800157e+08
-7.753647e+14 6.988263e+14
-1.071392e+08 -1.999320e+08
-8.325153e+05 -7.908339e+05
2.674152e+07 7.798363e+06
3.317868e+09 1.374374e+10
-5.389481e+05 -8.518712e-01
1.729344e+00 1.639974e+06
-1.201114e+13 3.883205e+12
-1.908354e+07 -1.156770e+07
-3.302048e+08 -9.326822e+07
7.306974e+00 7.201255e+06
1.096328e+10 -7.141630e+09
-9.120589e+13 -3.003378e+13
5.508426e+06 6.684330e+06
-2.726803e+06 7.575868e+06
-3.030176e+08 2.927313e+10
1.970008e+08 5.056400e+07
3.314847e+06 -6.123932e+05
1.919092e+06 -5.378906e+05
-2.742393e+07 1.206894e+07
-1.414413e+15 -1.527939e+16
-1.753952e+06 1.089688e+00
2.765103e+11 -4.816490e+10
1.161974e+11 -8.322650e+08
-1.162275e+11 8.323097e+08
6.021871e+10 1.989133e+10
-9.258071e+12 3.325016e+12
3.384218e+12 1.068952e+11
4.093167e+10 1.187215e+10
-1.433190e+07 2.762922e+07
2.595935e+10 8.486812e+09
1.045126e+07 -2.500860e+08
3.734590e+06 -7.431749e+06
-2.200259e+09 -1.332565e+08
4.226778e+05 -9.309799e+00
3.405819e+09 6.545928e+08
-5.411065e+07 -2.575959e+07
4.003735e+06 -1.569721e+07
5.219926e+00 -7.076774e+06
-9.308907e+05 9.764463e-02
1.641408e+11 3.680382e+11
-5.415281e+07 4.370598e+07
-1.599651e+07 1.660220e+06
4.563910e+07 3.776085e+07
-8.043712e+06 3.493109e+07
-2.640170e+10 3.555291e+10
-4.246459e+08 7.239070e+07
1.270696e+06 4.940001e+00
1.499025e+08 -1.470559e+08
1.516233e+13 -5.475266e+14
-6.086125e+08 -1.030722e+09
-5.891925e+08 1.202452e+09
-5.496140e+07 4.616314e+06
7.754183e+14 -6.988505e+14
-8.520997e+06 1.574509e+06
2.200617e+09 1.327495e+08
1.820718e+19 3.834680e+19
-1.970152e+08 -5.066261e+07
-4.930781e+07 -8.153525e+07
-3.955650e+06 1.573752e+07
-5.893987e+06 -7.279365e+05
5.228641e+05 4.090525e+06
-2.929457e+09 3.808394e+10
1.457255e+08 -2.543599e+08
2.033570e+11 3.180051e+12
2.640352e+10 -3.555293e+10
1.200352e+08 -4.484052e+08
3.289772e+08 9.418695e+07
-2.216889e+08 -5.728882e+08
7.119208e+05 7.516560e+00
5.566564e+06 9.031231e+00
5.169163e+05 1.043095e+07
-5.424395e+08 -4.795377e+08
7.194605e+07 2.332957e+08
-4.605921e+07 -3.795412e+07
1.378933e+11 -6.290745e+11
-2.976273e+07 -4.625789e+06
4.386737e+06 7.943886e+05
1.193683e+10 8.291888e+09
-5.208145e+00 -6.581018e+06
5.880105e+08 -1.202307e+09
6.908201e+08 -2.991707e+07
-4.147335e+06 4.218540e+06
-4.423556e+06 -2.403083e+06
-1.214612e+07 1.510410e+00
5.142244e+06 3.487053e+06
