1.048604e+06 1.738054e-01
4.165539e+06 -7.333723e+05
4.360023e+09 5.635231e+10
1.034525e+12 1.140541e+12
-7.813742e+11 -1.068556e+12
-2.842240e+09 -5.460007e+08
8.100140e+06 -2.900459e+07
-3.652468e+06 -2.998304e+06
-1.205828e+06 -7.962900e+06
-2.658109e+06 1.004528e+01
3.851506e+05 -8.432719e+05
-1.787828e+07 4.758874e+07
2.444184e+09 -3.177542e+10
2.611679e+09 -7.683790e+08
-2.632030e+10 -5.699977e+09
2.614087e+09 1.252614e+09
-6.973695e+05 2.258036e+07
-3.509902e+06 -1.219104e+06
1.010439e+07 5.772730e+00
-1.252054e+08 1.224703e+08
-1.139379e+06 -2.285047e+06
-2.012122e+09 7.525085e+08
7.569223e+08 2.451651e+10
-3.597111e+10 -7.605288e+09
-2.759917e+07 5.400194e+07
-7.184828e+06 7.113469e+05
3.912777e+05 -7.363461e+04
4.573943e+07 -3.571974e+07
-1.147068e+13 -3.115652e+12
-6.641585e-01 -1.863928e+06
2.248273e+07 -1.015216e+07
-6.872942e+07 1.344945e+07
-1.693901e+10 -5.091920e+09
-1.658808e+09 -9.483727e+08
-2.116296e+07 -3.012840e+06
4.771423e+10 -2.994533e+10
1.650183e+14 3.144990e+14
4.040741e+05 7.519796e+05
2.632869e+10 5.701523e+09
8.866255e+07 7.138305e+07
5.053454e+10 -5.671449e+09
1.112562e+06 2.281653e+06
-1.727564e+00 -1.074613e+06
-9.960566e+09 -6.920331e+09
7.562261e+06 5.484536e+07
1.114458e+06 -1.057254e+06
-1.463954e+12 2.039916e+12
6.982540e+05 -5.323066e+05
6.875947e+07 -1.351041e+07
-1.061441e+09 -1.054344e+09
3.547890e+08 -6.120763e+07
1.598055e+07 9.566465e+06
-4.616259e+00 -8.163237e+05
8.120005e+06 -9.129847e+05
1.790788e+13 6.517907e+12
2.011240e+09 -7.529822e+08
-2.307713e+11 4.019465e+10
2.934943e+08 7.444617e+07
2.112808e+06 5.493335e+06
-2.369362e+07 -7.133687e+07
-1.002115e+13 -1.346200e+13
-4.488587e+11 8.390602e+10
3.395021e+07 -6.802570e+07
1.053421e+08 1.169733e+08
-2.045616e+15 2.923047e+15
-1.887697e+08 6.178212e+07
1.131987e+07 -2.301514e+07
-7.192037e+11 -1.085461e+11
-4.697745e+09 -4.016235e+09
3.633407e+09 -5.102425e+08
2.648185e+06 2.723387e+00
-6.953464e+09 -7.737768e+09
1.147116e+13 3.115587e+12
1.004550e+09 2.500811e+08
5.896956e+04 7.882883e+00
-5.024257e+10 -1.660080e+10
-1.694811e+11 -2.651046e+12
-1.693250e+09 -3.297184e+09
-1.876425e+06 1.939747e+06
-2.440237e+08 -7.691962e+07
-2.795740e+09 -1.145654e+10
1.001990e+13 1.346117e+13
-2.770139e+09 1.804112e+09
2.763950e+07 -5.404139e+07
-3.663049e+08 2.674774e+08
-1.421328e+08 -7.078972e+06
7.062775e+00 -9.122668e+06
7.814402e+11 1.068556e+12
-1.102956e+06 -5.142609e+00
-8.772909e+04 5.855272e+00
-3.396375e+07 6.786158e+07
6.953447e+09 7.738570e+09
-1.297589e+09 -8.626641e+08
2.247801e+17 -3.660028e+17
1.694453e+10 5.094453e+09
3.963947e+00 -1.823150e+06
5.072253e+08 8.609511e+08
1.348912e+06 -1.768700e+06
-4.940033e+04 -1.282426e+06
-9.148490e+09 5.959268e+09
-7.560809e+08 -2.452206e+10
7.553968e+11 -7.281835e+11
-8.399911e+08 -6.242955e+08
-3.689925e+11 5.575244e+11
3.922149e+04 1.150256e+06
1.235858e+07 7.577146e+07
3.690078e+11 -5.574436e+11
4.693012e+05 -1.097829e+01
1.740347e+14 -8.945892e+13
-4.771483e+10 2.994441e+10
1.274954e+11 7.179170e+11
2.401551e+07 -6.515763e-01
-1.961854e+08 1.882977e+08
-3.633381e+09 5.104302e+08
7.725244e+12 -2.774639e+12
-1.004293e+09 -2.505848e+08
-1.616497e+06 4.834074e+05
2.046208e+15 -2.923591e+15
1.083918e+06 2.057012e+06
-3.415464e+10 -9.907158e+09
-2.248173e+17 3.660483e+17
-3.358007e+08 2.068767e+08
1.002173e+13 -3.239035e+12
2.770234e+09 -1.804125e+09
-1.000834e+08 3.741645e+08
3.518061e+11 -3.468624e+11
8.919608e+07 1.670804e+08
1.364672e+10 2.096605e+10
-3.561301e+06 6.152924e+06
3.161905e+08 -3.403804e+08
-1.809742e+06 -8.657896e+06
1.828440e+06 8.640870e+06
-1.073643e+01 -8.985070e+06
-1.096198e+11 2.197292e+11
-5.388615e+07 1.640512e+07
-8.830798e+07 -7.018143e+07
-1.224385e+07 -1.998257e+07
-2.229982e+00 8.073687e+06
1.716218e+09 3.302508e+09
-4.528772e+07 1.220213e+08
1.330628e+15 -6.300645e+15
7.618188e+06 -3.872470e+06
-2.142760e+06 -8.693602e+06
3.347866e+08 -2.067491e+08
-6.928236e+05 -2.224740e+06
-2.861196e+16 -1.064399e+17
-4.523285e+05 -5.914452e+00
4.550360e+07 -3.665988e+06
-6.855156e+08 -6.588488e+07
-3.494020e+06 -5.640843e+05
-3.162379e+08 3.403988e+08
-3.006945e+06 -3.439692e+06
-6.628845e+07 7.431035e+07
-1.917861e+11 -3.730313e+10
-4.662862e+10 1.708404e+11
-9.894656e+00 4.771370e+05
-2.823338e+12 -8.918219e+10
8.518160e+07 -3.160862e+07
3.262917e+13 -5.652143e+13
3.921915e+00 -2.134831e+07
3.139100e+06 -3.891200e+06
-1.338440e+05 -1.133380e+06
2.623796e+08 -6.044608e+07
2.026344e+05 1.136516e+06
6.835688e+05 2.202261e+06
-5.051356e+10 5.669628e+09
-4.103115e+06 -1.157094e+05
-1.274714e+11 -7.177530e+11
8.462959e+09 1.704106e+10
-1.369379e+11 -3.070471e+11
-4.570242e+15 1.879636e+14
2.079686e+06 8.992337e+06
6.626099e+07 -7.430651e+07
7.364444e+05 8.132913e+06
4.662663e+10 -1.708369e+11
-1.651487e+08 -1.560626e+08
7.607481e+13 2.505333e+13
2.444851e+08 7.694022e+07
1.997495e+09 -3.474348e+08
4.530910e+07 -1.220177e+08
6.853987e+08 6.605209e+07
1.657661e+08 -1.402397e+08
1.061329e+09 1.054243e+09
-1.215580e+08 2.122234e+08
3.358865e+08 6.129261e+08
-3.810795e+06 -1.756785e+06
2.391042e+07 3.433194e+06
-3.262917e+13 5.652260e+13
-2.388858e+07 -3.329093e+06
-3.715811e+06 -6.030706e+06
4.570431e+15 -1.879870e+14
-2.280437e+07 5.267372e+05
1.187647e+11 -2.644563e+10
-7.553167e+11 7.282226e+11
-1.178743e+07 4.293591e+07
-1.188100e+11 2.645291e+10
1.651495e+08 1.560845e+08
1.330217e+07 2.051067e+07
-3.098565e+05 -8.797184e+06
1.082852e+01 1.613788e+06
1.293383e+06 -1.663876e+06
2.391052e+08 8.084599e+07
1.917864e+11 3.729872e+10
-1.884571e+06 2.946652e+06
1.298132e+09 8.629333e+08
1.463803e+12 -2.039790e+12
-2.621366e+08 6.091872e+07
1.419800e+08 6.492602e+06
-8.463444e+09 -1.704319e+10
5.956753e+20 -4.921106e+20
9.109957e+04 2.421035e+06
2.659920e+00 1.352928e+06
1.248529e+07 -4.455581e+07
3.622944e+13 -2.520600e+13
-7.106463e+00 5.336709e+05
3.661990e+08 -2.673347e+08
-1.638124e+06 -1.611639e+05
7.546320e+06 -5.009389e+05
5.422886e+07 -1.597891e+07
-1.657407e+08 9.315772e+07
4.975638e+06 4.215515e+05
-1.649978e+14 -3.144340e+14
-1.996441e+09 3.485244e+08
1.493743e+07 -5.722316e+07
4.698068e+09 4.016973e+09
-3.229714e+07 9.706463e+05
1.637495e+07 -4.563399e+07
-4.975020e+07 5.740728e+07
-1.330766e+15 6.300645e+15
4.475448e+07 2.141115e+07
9.150919e+08 2.725798e+09
1.096400e+11 -2.197610e+11
-3.623994e+13 2.521069e+13
-2.166237e+10 -7.083662e+09
1.545349e+10 3.852998e+08
-1.545221e+10 -3.852683e+08
4.998494e+07 -5.713023e+07
-2.348063e+07 8.482282e+07
2.861611e+16 1.064376e+17
-2.235643e+06 -5.644642e+06
-1.848378e+00 -1.893909e+06
-8.692609e+06 2.084284e+08
4.605010e+08 -2.716093e+07
1.264833e+06 -7.769963e+05
-1.267109e+06 7.826932e+05
-2.615076e+09 -1.252995e+09
3.227353e+07 -1.712008e+06
-8.284595e+00 1.212011e+07
-1.519262e+19 -3.199387e+19
1.781616e+07 -1.361949e+07
3.783511e+05 -5.352973e+00
-3.032103e+06 -5.548524e+06
-8.472363e+07 3.165588e+07
3.728528e+06 1.805694e+06
9.721056e+05 3.138473e+00
-2.932724e+08 -7.439290e+07
-1.163109e+06 -4.160214e+06
2.349410e+07 -8.485968e+07
-1.154815e+07 4.862782e+06
1.131875e+06 3.271626e+06
-1.364695e+10 -2.096641e+10
-5.957246e+20 4.921717e+20
7.413215e+04 1.010155e+01
-1.493118e+07 5.725634e+07
-1.790825e+13 -6.518042e+12
2.529685e+08 -2.442852e+10
-4.683441e+00 -1.884833e+06
-4.700300e+06 -5.442269e+07
-4.361761e+09 -5.638231e+10
-9.152776e+08 -2.726089e+09
8.388686e+08 6.239686e+08
-6.073759e+07 -1.941960e+08
4.083496e+07 6.856374e+07
-3.362282e+08 -6.134337e+08
-1.001691e+06 4.708906e+00
-3.442224e+00 -1.357396e+06
-1.740564e+14 8.947004e+13
1.180461e+15 1.275239e+16
-3.963264e+06 8.140765e+00
1.658713e+09 9.486036e+08
-5.449679e+00 1.623885e+06
-4.625431e+08 2.294172e+07
-1.767603e+07 1.360980e+07
3.989043e+06 -4.743419e+00
-1.091863e+08 9.337488e+07
-3.521186e+11 3.468465e+11
-1.117982e+05 -9.088170e+06
-1.265209e+13 4.569406e+14
-1.150864e+11 5.250354e+11
2.389410e+06 -6.389497e+06
2.508604e+07 3.816311e+06
-4.271877e+07 -7.256856e+07
1.368187e+07 -1.019345e+06
6.931433e+00 1.814841e+06
-2.232049e+07 -6.460886e+06
3.025579e+06 5.531609e+06
-2.612837e+09 7.688357e+08
-1.034911e+12 -1.140824e+12
2.784356e+07 -7.149227e+06
7.193223e+11 1.085617e+11
1.151143e+07 -4.923903e+06
1.845667e+08 4.789560e+08
-1.041184e+08 -1.103744e+08
-6.482987e+05 -3.575382e+05
-4.522029e+06 9.394923e+05
1.530279e+08 -1.999569e+07
-1.671233e+00 5.795374e+05
2.826537e+06 2.461099e+06
3.599015e+10 7.608936e+09
2.261125e+06 2.955588e+06
4.488961e+11 -8.390463e+10
-1.028783e+05 -2.472724e+04
-5.765183e+08 2.496396e+07
4.530518e+08 4.006197e+08
-6.471195e+14 5.832425e+14
-8.941892e+07 -1.668633e+08
-6.947416e+05 -6.600068e+05
2.231862e+07 6.508284e+06
2.769093e+09 1.147045e+10
-4.496979e+05 -1.491782e+00
9.302169e+00 1.368652e+06
-1.002380e+13 3.240644e+12
-1.592534e+07 -9.653205e+06
-2.755659e+08 -7.783674e+07
1.735810e+00 6.010110e+06
9.149456e+09 -5.959976e+09
-7.610635e+13 -2.506164e+13
4.597184e+06 5.578753e+06
-2.275824e+06 6.322993e+06
-2.529037e+08 2.443177e+10
1.644236e+08 4.220312e+07
2.766349e+06 -5.110145e+05
1.601670e+06 -4.488885e+05
-2.288800e+07 1.007269e+07
-1.180510e+15 -1.275266e+16
-1.463723e+06 -5.682760e+00
2.308041e+11 -4.019967e+10
9.696835e+10 -6.945558e+08
-9.699647e+10 6.945956e+08
5.025749e+10 1.660113e+10
-7.726363e+12 2.774869e+12
2.824566e+12 8.921568e+10
3.416145e+10 9.908430e+09
-1.196122e+07 2.305896e+07
2.166538e+10 7.082876e+09
8.720621e+06 -2.086646e+08
3.115965e+06 -6.200410e+06
-1.836254e+09 -1.112105e+08
3.526797e+05 -7.845082e+00
2.842155e+09 5.462556e+08
-4.515872e+07 -2.149826e+07
3.341469e+06 -1.310119e+07
-2.815026e+00 -5.905955e+06
-7.768224e+05 5.732396e+00
1.369862e+11 3.071487e+11
-4.519043e+07 3.647255e+07
-1.334988e+07 1.385460e+06
3.808287e+07 3.150960e+07
-6.712792e+06 2.915191e+07
-2.203326e+10 2.967041e+10
-3.543438e+08 6.040628e+07
1.060283e+06 -4.691397e+00
1.251013e+08 -1.227266e+08
1.265366e+13 -4.569311e+14
-5.079009e+08 -8.601609e+08
-4.914325e+08 1.002936e+09
-4.586558e+07 3.852224e+06
6.471195e+14 -5.832184e+14
-7.110691e+06 1.313839e+06
1.836489e+09 1.107838e+08
1.519388e+19 3.200116e+19
-1.644260e+08 -4.228242e+07
-4.114947e+07 -6.804491e+07
-3.301366e+06 1.313436e+07
-4.918790e+06 -6.074544e+05
4.363377e+05 3.413715e+06
-2.444798e+09 3.178342e+10
1.215891e+08 -2.122421e+08
1.696714e+11 2.653355e+12
2.203463e+10 -2.966982e+10
1.001741e+08 -3.742132e+08
2.745464e+08 7.860353e+07
-1.850094e+08 -4.781164e+08
5.940383e+05 -4.001522e+00
4.645982e+06 9.568176e+00
4.315108e+05 8.705926e+06
-4.527013e+08 -4.002125e+08
6.003732e+07 1.946798e+08
-3.843438e+07 -3.167106e+07
1.150814e+11 -5.250040e+11
-2.483889e+07 -3.860469e+06
3.660576e+06 6.628350e+05
9.961829e+09 6.919911e+09
-3.262795e+00 -5.487420e+06
4.904467e+08 -1.002822e+09
5.765286e+08 -2.496827e+07
-3.459975e+06 3.519385e+06
-3.691598e+06 -2.005489e+06
-1.013697e+07 8.165738e+00
4.291497e+06 2.910154e+06
