7.800430e+05 -8.978112e+00
3.100133e+06 -5.458588e+05
3.244926e+09 4.194542e+10
7.699294e+11 8.488366e+11
-5.815867e+11 -7.953183e+11
-2.115036e+09 -4.063260e+08
6.027784e+06 -2.158658e+07
-2.718261e+06 -2.231713e+06
-8.976198e+05 -5.926545e+06
-1.978135e+06 -1.551549e-01
2.867003e+05 -6.277571e+05
-1.330668e+07 3.541782e+07
1.819049e+09 -2.364922e+10
1.943426e+09 -5.717529e+08
-1.958641e+10 -4.241583e+09
1.944747e+09 9.319014e+08
-5.187003e+05 1.679733e+07
-2.612354e+06 -9.073292e+05
7.519654e+06 6.515770e+00
-9.317055e+07 9.113588e+07
-8.479580e+05 -1.700652e+06
-1.497513e+09 5.600393e+08
5.632803e+08 1.824334e+10
-2.676923e+10 -5.659643e+09
-2.053848e+07 4.019239e+07
-5.347547e+06 5.294273e+05
2.911256e+05 -5.485804e+04
3.403455e+07 -2.658081e+07
-8.537365e+12 -2.319005e+12
-1.842103e+00 -1.387132e+06
1.673238e+07 -7.555777e+06
-5.115475e+07 1.001070e+07
-1.260735e+10 -3.789633e+09
-1.234481e+09 -7.057671e+08
-1.574999e+07 -2.242219e+06
3.550636e+10 -2.228386e+10
1.228090e+14 2.340646e+14
3.008594e+05 5.593484e+05
1.959311e+10 4.242920e+09
6.597461e+07 5.311607e+07
3.760620e+10 -4.220629e+09
8.279641e+05 1.697962e+06
9.993656e-01 -7.999220e+05
-7.412419e+09 -5.149987e+09
5.628262e+06 4.081870e+07
8.292796e+05 -7.867282e+05
-1.088781e+12 1.517140e+12
5.195958e+05 -3.960002e+05
5.117012e+07 -1.005434e+07
-7.898443e+08 -7.845086e+08
2.639361e+08 -4.553403e+07
1.189089e+07 7.118569e+06
-5.573336e+00 -6.074926e+05
6.041949e+06 -6.793141e+05
1.332619e+13 4.850278e+12
1.496816e+09 -5.603886e+08
-1.717496e+11 2.991493e+10
2.184152e+08 5.540287e+07
1.572213e+06 4.087930e+06
-1.763338e+07 -5.308937e+07
-7.456824e+12 -1.001805e+13
-3.340448e+11 6.244104e+10
2.526863e+07 -5.063155e+07
7.825296e+07 8.688705e+07
-1.522407e+15 2.175495e+15
-1.404823e+08 4.597953e+07
8.423876e+06 -1.712814e+07
-5.352729e+11 -8.078571e+10
-3.494107e+09 -2.987025e+09
2.704132e+09 -3.797462e+08
1.970479e+06 -6.387272e+00
-5.175092e+09 -5.758845e+09
8.537365e+12 2.318812e+12
7.466426e+08 1.858768e+08
4.386470e+04 -3.934165e+00
-3.739306e+10 -1.235422e+10
-1.260660e+11 -1.971878e+12
-1.260013e+09 -2.453648e+09
-1.396463e+06 1.443644e+06
-1.813549e+08 -5.716600e+07
-2.080676e+09 -8.525906e+09
7.456617e+12 1.001749e+13
-2.061648e+09 1.342683e+09
2.057077e+07 -4.021841e+07
-2.725837e+08 1.990406e+08
-1.057599e+08 -5.267408e+06
6.029097e+00 -6.788840e+06
5.815876e+11 7.952737e+11
-8.207922e+05 -4.951706e+00
-6.520942e+04 -7.291592e+00
-2.527937e+07 5.050601e+07
5.175080e+09 5.759487e+09
-9.655661e+08 -6.419648e+08
1.672975e+17 -2.723980e+17
1.261035e+10 3.791255e+09
3.109723e+00 -1.356770e+06
3.774140e+08 6.406356e+08
1.003958e+06 -1.316341e+06
-3.678119e+04 -9.542135e+05
-6.807187e+09 4.434127e+09
-5.626707e+08 -1.824941e+10
5.621812e+11 -5.419208e+11
-6.250805e+08 -4.645832e+08
-2.745859e+11 4.148648e+11
2.914296e+04 8.560579e+05
9.197721e+06 5.639060e+07
2.745935e+11 -4.148533e+11
3.493450e+05 -1.935799e+00
1.294867e+14 -6.655809e+13
-3.550878e+10 2.228425e+10
9.484841e+10 5.340768e+11
1.787490e+07 -8.950247e+00
-1.460071e+08 1.401457e+08
-2.704263e+09 3.799128e+08
5.748662e+12 -2.064705e+12
-7.464615e+08 -1.862656e+08
-1.203003e+06 3.597964e+05
1.522915e+15 -2.175979e+15
8.062247e+05 1.529949e+06
-2.541979e+10 -7.373512e+09
-1.673300e+17 2.724434e+17
-2.447586e+08 1.507954e+08
7.458673e+12 -2.410680e+12
2.061935e+09 -1.342655e+09
-7.448491e+07 2.784698e+08
2.618539e+11 -2.581636e+11
6.638334e+07 1.243436e+08
1.015550e+10 1.560212e+10
-2.648644e+06 4.576261e+06
2.353084e+08 -2.533175e+08
-1.347166e+06 -6.444469e+06
1.361249e+06 6.431985e+06
3.328091e+00 -6.686048e+06
-8.142693e+10 1.632187e+11
-4.010087e+07 1.220880e+07
-6.572094e+07 -5.222963e+07
-9.112266e+06 -1.487215e+07
7.097209e+00 6.008322e+06
1.277358e+09 2.458044e+09
-3.370590e+07 9.081953e+07
9.900735e+14 -4.688057e+15
5.670411e+06 -2.882228e+06
-1.594545e+06 -6.469289e+06
2.440289e+08 -1.507021e+08
-5.156906e+05 -1.655911e+06
-2.127667e+16 -7.915070e+16
-3.367098e+05 1.428519e-01
3.386253e+07 -2.728110e+06
-5.101525e+08 -4.903145e+07
-2.599722e+06 -4.196837e+05
-2.353454e+08 2.533296e+08
-2.237833e+06 -2.559863e+06
-4.933424e+07 5.530599e+07
-1.427390e+11 -2.776234e+10
-3.470221e+10 1.271534e+11
8.490265e+00 3.551276e+05
-2.101313e+12 -6.637385e+10
6.338516e+07 -2.352005e+07
2.427928e+13 -4.205832e+13
-2.383258e+00 -1.588078e+07
2.334264e+06 -2.893744e+06
-9.964334e+04 -8.435880e+05
1.951635e+08 -4.496338e+07
1.509009e+05 8.459616e+05
5.088229e+05 1.639188e+06
-3.759256e+10 4.219263e+09
-3.053699e+06 -8.623029e+04
-9.482708e+10 -5.339426e+11
6.297894e+09 1.268252e+10
-1.019196e+11 -2.285327e+11
-3.401643e+15 1.399095e+14
1.547953e+06 6.692238e+06
4.932070e+07 -5.530861e+07
5.482773e+05 6.052852e+06
3.469927e+10 -1.271322e+11
-1.228826e+08 -1.161266e+08
5.659016e+13 1.863670e+13
1.816896e+08 5.717789e+07
1.486009e+09 -2.584621e+08
3.371828e+07 -9.080286e+07
5.100687e+08 4.915448e+07
1.233362e+08 -1.043407e+08
7.897452e+08 7.844669e+08
-9.041956e+07 1.578588e+08
2.499470e+08 4.561068e+08
-2.835402e+06 -1.307096e+06
1.779407e+07 2.555275e+06
-2.427726e+13 4.205364e+13
-1.777937e+07 -2.477656e+06
-2.765070e+06 -4.487863e+06
3.401170e+15 -1.398978e+14
-1.697218e+07 3.920483e+05
8.837948e+10 -1.968133e+10
-5.621172e+11 5.419576e+11
-8.771922e+06 3.195161e+07
-8.841960e+10 1.968639e+10
1.228884e+08 1.161424e+08
9.898787e+06 1.526280e+07
-2.306415e+05 -6.546630e+06
-2.480608e+00 1.200752e+06
9.623976e+05 -1.238036e+06
1.779432e+08 6.016588e+07
1.427313e+11 2.775884e+10
-1.402390e+06 2.192724e+06
9.659838e+08 6.421028e+08
1.088569e+12 -1.516886e+12
-1.949610e+08 4.531079e+07
1.056484e+08 4.830991e+06
-6.298389e+09 -1.268324e+10
4.433064e+20 -3.662353e+20
6.782391e+04 1.801573e+06
6.374109e+00 1.006859e+06
9.292456e+06 -3.315872e+07
2.695902e+13 -1.875705e+13
7.774019e-01 3.970786e+05
2.724915e+08 -1.989330e+08
-1.218897e+06 -1.198659e+05
5.616145e+06 -3.728451e+05
4.035132e+07 -1.189039e+07
-1.233249e+08 6.931420e+07
3.703089e+06 3.136248e+05
-1.227919e+14 -2.339995e+14
-1.485183e+09 2.592778e+08
1.111523e+07 -4.258018e+07
3.494129e+09 2.987554e+09
-2.403232e+07 7.221268e+05
1.218674e+07 -3.396117e+07
-3.701320e+07 4.270873e+07
-9.900460e+14 4.687404e+15
3.330313e+07 1.593245e+07
6.809629e+08 2.028395e+09
8.143356e+10 -1.632232e+11
-2.696652e+13 1.875966e+13
-1.611953e+10 -5.271102e+09
1.149919e+10 2.867115e+08
-1.149887e+10 -2.867000e+08
3.719119e+07 -4.250681e+07
-1.747528e+07 6.313044e+07
2.127845e+16 7.914628e+16
-1.663546e+06 -4.200174e+06
2.580907e+00 -1.409194e+06
-6.466152e+06 1.550425e+08
3.425328e+08 -2.020215e+07
9.412622e+05 -5.782134e+05
-9.430270e+05 5.824757e+05
-1.945584e+09 -9.322194e+08
2.401583e+07 -1.274108e+06
-5.685881e+00 9.019946e+06
-1.130553e+19 -2.380726e+19
1.325720e+07 -1.013444e+07
2.815459e+05 7.682238e+00
-2.256323e+06 -4.128834e+06
-6.304803e+07 2.355809e+07
2.774759e+06 1.343763e+06
7.234013e+05 7.658129e+00
-2.182516e+08 -5.536195e+07
-8.655956e+05 -3.096080e+06
1.748467e+07 -6.315744e+07
-8.593807e+06 3.618874e+06
8.424488e+05 2.434796e+06
-1.015490e+10 -1.560163e+10
-4.433188e+20 3.662659e+20
5.513651e+04 -4.494700e+00
-1.111090e+07 4.260708e+07
-1.332730e+13 -4.850683e+12
1.882643e+08 -1.818021e+10
9.029758e+00 -1.402607e+06
-3.498209e+06 -4.050301e+07
-3.246295e+09 -4.196267e+10
-6.811584e+08 -2.028754e+09
6.242856e+08 4.643441e+08
-4.519283e+07 -1.444948e+08
3.038825e+07 5.102324e+07
-2.502243e+08 -4.565359e+08
-7.453778e+05 -9.695505e+00
-7.378370e+00 -1.010061e+06
-1.294939e+14 6.656180e+13
8.785552e+14 9.491073e+15
-2.949034e+06 -1.067808e+01
1.234395e+09 7.059157e+08
-7.438048e+00 1.208364e+06
-3.440259e+08 1.706374e+07
-1.315206e+07 1.012750e+07
2.968461e+06 7.830266e+00
-8.125057e+07 6.948211e+07
-2.620614e+11 2.581467e+11
-8.330508e+04 -6.763915e+06
-9.415793e+12 3.400499e+14
-8.564477e+10 3.907417e+11
1.778337e+06 -4.755213e+06
1.867025e+07 2.840255e+06
-3.178837e+07 -5.399973e+07
1.018128e+07 -7.584833e+05
8.352942e+00 1.350635e+06
-1.661097e+07 -4.808209e+06
2.251439e+06 4.116201e+06
-1.944347e+09 5.721740e+08
-7.702295e+11 -8.490493e+11
2.072122e+07 -5.320700e+06
5.353917e+11 8.080581e+10
8.567600e+06 -3.664545e+06
1.373632e+08 3.564563e+08
-7.734913e+07 -8.200075e+07
-4.825453e+05 -2.661351e+05
-3.365598e+06 6.993149e+05
1.138751e+08 -1.487958e+07
-2.699192e+00 4.312968e+05
2.103673e+06 1.831580e+06
2.678686e+10 5.663163e+09
1.682796e+06 2.199729e+06
3.340728e+11 -6.244348e+10
-7.653960e+04 -1.846679e+04
-4.290566e+08 1.857828e+07
3.371752e+08 2.981495e+08
-4.815860e+14 4.340519e+14
-6.654465e+07 -1.241796e+08
-5.170637e+05 -4.912273e+05
1.660931e+07 4.843481e+06
2.060799e+09 8.536352e+09
-3.347234e+05 -1.098674e+01
1.277930e+00 1.018747e+06
-7.459917e+12 2.411753e+12
-1.185198e+07 -7.184063e+06
-2.050759e+08 -5.792814e+07
2.448598e+00 4.472896e+06
6.808435e+09 -4.434906e+09
-5.661854e+13 -1.864397e+13
3.421137e+06 4.151750e+06
-1.693682e+06 4.705492e+06
-1.882203e+08 1.818290e+10
1.223753e+08 3.141043e+07
2.058373e+06 -3.801877e+05
1.192114e+06 -3.340892e+05
-1.703395e+07 7.496299e+06
-8.786285e+14 -9.491600e+15
-1.089245e+06 -4.390458e+00
1.717778e+11 -2.991849e+10
7.217561e+10 -5.168624e+08
-7.217964e+10 5.168812e+08
3.740295e+10 1.235551e+10
-5.749461e+12 2.064877e+12
2.102248e+12 6.640174e+10
2.542578e+10 7.374416e+09
-8.901962e+06 1.716129e+07
1.612380e+10 5.271322e+09
6.487320e+06 -1.552279e+08
2.317824e+06 -4.611980e+06
-1.366624e+09 -8.277031e+07
2.625402e+05 1.356541e+00
2.115006e+09 4.064851e+08
-3.360827e+07 -1.599942e+07
2.487093e+06 -9.751294e+06
-1.015258e+01 -4.395361e+06
-5.780880e+05 -4.694795e+00
1.019566e+11 2.286026e+11
-3.362810e+07 2.714077e+07
-9.934138e+06 1.030998e+06
2.833357e+07 2.344309e+07
-4.995622e+06 2.169513e+07
-1.639736e+10 2.208115e+10
-2.636440e+08 4.494476e+07
7.888902e+05 -8.003059e+00
9.310432e+07 -9.133571e+07
9.416838e+12 -3.400594e+14
-3.779790e+08 -6.401302e+08
-3.653186e+08 7.455516e+08
-3.413361e+07 2.866675e+06
4.816262e+14 -4.340760e+14
-5.291654e+06 9.777517e+05
1.366848e+09 8.245105e+07
1.130773e+19 2.381521e+19
-1.223856e+08 -3.147194e+07
-3.062430e+07 -5.064084e+07
-2.457275e+06 9.776099e+06
-3.660781e+06 -4.520799e+05
3.247683e+05 2.540788e+06
-1.819648e+09 2.365654e+10
9.045288e+07 -1.578973e+08
1.262246e+11 1.973913e+12
1.639827e+10 -2.208055e+10
7.455053e+07 -2.784871e+08
2.043115e+08 5.849711e+07
-1.376887e+08 -3.558173e+08
4.420323e+05 8.129190e+00
3.457865e+06 3.370589e+00
3.211124e+05 6.479085e+06
-3.369072e+08 -2.978443e+08
4.467086e+07 1.448518e+08
-2.859452e+07 -2.356268e+07
8.564462e+10 -3.907100e+11
-1.848533e+07 -2.872803e+06
2.723447e+06 4.931291e+05
7.412644e+09 5.149208e+09
-5.298465e+00 -4.076301e+06
3.645726e+08 -7.454150e+08
4.290523e+08 -1.858191e+07
-2.573124e+06 2.617369e+06
-2.747211e+06 -1.492449e+06
-7.544289e+06 3.072126e+00
3.193898e+06 2.165928e+06
