1.114202e+06 -8.631800e-01
4.425876e+06 -7.792179e+05
4.632592e+09 5.987469e+10
1.099202e+12 1.211862e+12
-8.302050e+11 -1.135351e+12
-3.020008e+09 -5.801618e+08
8.606940e+06 -3.081947e+07
-3.881133e+06 -3.186001e+06
-1.281306e+06 -8.461084e+06
-2.824466e+06 -4.310232e+00
4.091821e+05 -8.959853e+05
-1.899639e+07 5.056473e+07
2.597015e+09 -3.376224e+10
2.775078e+09 -8.164693e+08
-2.796658e+10 -6.056521e+09
2.777738e+09 1.331021e+09
-7.410383e+05 2.399483e+07
-3.729506e+06 -1.295416e+06
1.073676e+07 3.821427e+00
-1.330412e+08 1.301347e+08
-1.210635e+06 -2.428050e+06
-2.137995e+09 7.995822e+08
8.042475e+08 2.604952e+10
-3.822186e+10 -8.080953e+09
-2.932519e+07 5.737775e+07
-7.633997e+06 7.557424e+05
4.156609e+05 -7.819592e+04
4.860311e+07 -3.795529e+07
-1.218769e+13 -3.310396e+12
-9.647726e+00 -1.980432e+06
2.388845e+07 -1.078689e+07
-7.302457e+07 1.428997e+07
-1.799913e+10 -5.410508e+09
-1.762597e+09 -1.007709e+09
-2.248732e+07 -3.201435e+06
5.070051e+10 -3.181947e+10
1.753443e+14 3.341780e+14
4.293327e+05 7.990871e+05
2.797607e+10 6.058296e+09
9.421202e+07 7.585078e+07
5.369654e+10 -6.025966e+09
1.182067e+06 2.424259e+06
8.581647e-01 -1.141668e+06
-1.058363e+10 -7.353031e+09
8.034867e+06 5.827218e+07
1.184077e+06 -1.123285e+06
-1.555644e+12 2.167681e+12
7.418856e+05 -5.655447e+05
7.306028e+07 -1.435530e+07
-1.127840e+09 -1.120296e+09
3.769950e+08 -6.503752e+07
1.697972e+07 1.016454e+07
2.657485e+00 -8.673485e+05
8.628170e+06 -9.700886e+05
1.902809e+13 6.925808e+12
2.137078e+09 -8.000943e+08
-2.452092e+11 4.270697e+10
3.118419e+08 7.909988e+07
2.244866e+06 5.836865e+06
-2.517443e+07 -7.579498e+07
-1.064760e+13 -1.430397e+13
-4.769281e+11 8.915459e+10
3.607315e+07 -7.227847e+07
1.119652e+08 1.243274e+08
-2.173549e+15 3.105896e+15
-2.005768e+08 6.564641e+07
1.202788e+07 -2.445421e+07
-7.641632e+11 -1.153340e+11
-4.992055e+09 -4.267832e+09
3.860575e+09 -5.421431e+08
2.813756e+06 7.578551e+00
-7.388343e+09 -8.221729e+09
1.218864e+13 3.310396e+12
1.067603e+09 2.657776e+08
6.261933e+04 -7.941814e+00
-5.338553e+10 -1.763917e+10
-1.800966e+11 -2.817154e+12
-1.799201e+09 -3.503476e+09
-1.993748e+06 2.061100e+06
-2.593509e+08 -8.175085e+07
-2.970699e+09 -1.217312e+10
1.064656e+13 1.430286e+13
-2.943319e+09 1.916976e+09
2.936805e+07 -5.742104e+07
-3.892003e+08 2.842003e+08
-1.510206e+08 -7.521581e+06
-5.573444e+00 -9.692563e+06
8.302549e+11 1.135306e+12
-1.171803e+06 -5.504053e+00
-9.312245e+04 -4.148128e+00
-3.608626e+07 7.210353e+07
7.388181e+09 8.222691e+09
-1.378800e+09 -9.165974e+08
2.388262e+17 -3.888737e+17
1.800396e+10 5.412974e+09
9.893750e+00 -1.937127e+06
5.389662e+08 9.148039e+08
1.433292e+06 -1.879339e+06
-5.249738e+04 -1.362658e+06
-9.720981e+09 6.332193e+09
-8.033614e+08 -2.605659e+10
8.026492e+11 -7.737505e+11
-8.925623e+08 -6.633673e+08
-3.920822e+11 5.924101e+11
4.173784e+04 1.222209e+06
1.313135e+07 8.050767e+07
3.920746e+11 -5.923062e+11
4.985743e+05 1.660630e+00
1.849166e+14 -9.505439e+13
-5.069719e+10 3.181667e+10
1.354749e+11 7.628468e+11
2.551673e+07 3.141573e+00
-2.084529e+08 2.000756e+08
-3.860622e+09 5.423493e+08
8.208672e+12 -2.948273e+12
-1.067332e+09 -2.663118e+08
-1.717589e+06 5.136075e+05
2.174141e+15 -3.106380e+15
1.151763e+06 2.185914e+06
-3.629116e+10 -1.052688e+10
-2.388774e+17 3.889343e+17
-3.580601e+08 2.205940e+08
1.064849e+13 -3.441596e+12
2.943467e+09 -1.916990e+09
-1.063431e+08 3.975671e+08
3.738190e+11 -3.685651e+11
9.477788e+07 1.775294e+08
1.450060e+10 2.227795e+10
-3.784552e+06 6.538579e+06
3.359725e+08 -3.616757e+08
-1.922931e+06 -9.199422e+06
1.942799e+06 9.181305e+06
-7.537529e+00 -9.547473e+06
-1.165139e+11 2.335480e+11
-5.725858e+07 1.743226e+07
-9.383597e+07 -7.457316e+07
-1.301001e+07 -2.123254e+07
8.048739e+00 8.579064e+06
1.823543e+09 3.509060e+09
-4.811994e+07 1.296545e+08
1.413934e+15 -6.695079e+15
8.094698e+06 -4.114726e+06
-2.276836e+06 -9.237523e+06
3.569858e+08 -2.204592e+08
-7.361877e+05 -2.363878e+06
-3.040525e+16 -1.131147e+17
-4.806259e+05 9.334189e+00
4.835103e+07 -3.895423e+06
-7.283736e+08 -7.000409e+07
-3.712573e+06 -5.993931e+05
-3.360076e+08 3.616869e+08
-3.194954e+06 -3.654586e+06
-7.043165e+07 7.895533e+07
-2.037740e+11 -3.963467e+10
-4.954315e+10 1.815129e+11
-3.644845e+00 5.069844e+05
-2.999796e+12 -9.475596e+10
9.050941e+07 -3.358560e+07
3.466934e+13 -6.005556e+13
4.657740e+00 -2.268462e+07
3.335792e+06 -4.135006e+06
-1.421968e+05 -1.204280e+06
2.788206e+08 -6.423379e+07
2.153468e+05 1.207625e+06
7.263010e+05 2.339956e+06
-5.367242e+10 6.024265e+09
-4.359771e+06 -1.229852e+05
-1.354561e+11 -7.627125e+11
8.992485e+09 1.810705e+10
-1.455019e+11 -3.262483e+11
-4.856124e+15 1.997184e+14
2.209906e+06 9.555144e+06
7.040560e+07 -7.895495e+07
7.825642e+05 8.641642e+06
4.954308e+10 -1.815234e+11
-1.754801e+08 -1.658292e+08
8.083993e+13 2.662296e+13
2.598448e+08 8.177407e+07
2.122624e+09 -3.691920e+08
4.814251e+07 -1.296502e+08
7.282662e+08 7.018314e+07
1.761418e+08 -1.490176e+08
1.127737e+09 1.120209e+09
-1.291720e+08 2.255165e+08
3.569055e+08 6.512458e+08
-4.049075e+06 -1.866616e+06
2.540470e+07 3.647774e+06
-3.467069e+13 6.005790e+13
-2.538221e+07 -3.537380e+06
-3.948354e+06 -6.408002e+06
4.856408e+15 -1.997457e+14
-2.423071e+07 5.597106e+05
1.261981e+11 -2.810070e+10
-8.025846e+11 7.737902e+11
-1.252426e+07 4.561980e+07
-1.262410e+11 2.810691e+10
1.754805e+08 1.658512e+08
1.413441e+07 2.179390e+07
-3.291989e+05 -9.347686e+06
8.011182e-01 1.714776e+06
1.374232e+06 -1.767917e+06
2.540603e+08 8.590258e+07
2.037782e+11 3.963177e+10
-2.002429e+06 3.130853e+06
1.379355e+09 9.169168e+08
1.555524e+12 -2.167596e+12
-2.785568e+08 6.473510e+07
1.508636e+08 6.898671e+06
-8.992792e+09 -1.810918e+10
6.329320e+20 -5.228688e+20
9.674072e+04 2.572380e+06
-6.306848e+00 1.437513e+06
1.326561e+07 -4.734137e+07
3.849584e+13 -2.678274e+13
6.341105e+00 5.670047e+05
3.891025e+08 -2.840475e+08
-1.740496e+06 -1.711745e+05
8.018115e+06 -5.322056e+05
5.762124e+07 -1.697785e+07
-1.761120e+08 9.898637e+07
5.286411e+06 4.477912e+05
-1.753136e+14 -3.341064e+14
-2.121463e+09 3.703521e+08
1.587213e+07 -6.080389e+07
4.992574e+09 4.268768e+09
-3.431852e+07 1.031425e+06
1.739939e+07 -4.848795e+07
-5.286460e+07 6.100107e+07
-1.414072e+15 6.695079e+15
4.755340e+07 2.275014e+07
9.722792e+08 2.896143e+09
1.165296e+11 -2.335707e+11
-3.850485e+13 2.678640e+13
-2.301713e+10 -7.526648e+09
1.641991e+10 4.093965e+08
-1.641863e+10 -4.093560e+08
5.311078e+07 -6.070104e+07
-2.494673e+07 9.011940e+07
3.040882e+16 1.131059e+17
-2.375343e+06 -5.997470e+06
-6.779802e+00 -2.012254e+06
-9.236472e+06 2.214713e+08
4.893270e+08 -2.886173e+07
1.343858e+06 -8.255405e+05
-1.346326e+06 8.316313e+05
-2.778671e+09 -1.331379e+09
3.429127e+07 -1.818984e+06
-9.397553e+00 1.287792e+07
-1.614316e+19 -3.399514e+19
1.893067e+07 -1.447145e+07
4.019536e+05 -9.009969e+00
-3.221738e+06 -5.895528e+06
-9.002364e+07 3.363606e+07
3.961790e+06 1.918645e+06
1.032860e+06 3.506440e+00
-3.116163e+08 -7.904629e+07
-1.235818e+06 -4.420392e+06
2.496350e+07 -9.016669e+07
-1.227078e+07 5.167036e+06
1.202686e+06 3.476304e+06
-1.450110e+10 -2.227874e+10
-6.330060e+20 5.229706e+20
7.881906e+04 -2.771845e+00
-1.586571e+07 6.083981e+07
-1.902883e+13 -6.925943e+12
2.687950e+08 -2.595686e+10
7.748141e+00 -2.002699e+06
-4.994283e+06 -5.782707e+07
-4.634625e+09 -5.990934e+10
-9.725476e+08 -2.896657e+09
8.913554e+08 6.630094e+08
-6.454012e+07 -2.063538e+08
4.339017e+07 7.285408e+07
-3.572646e+08 -6.518170e+08
-1.064324e+06 9.659720e+00
4.605627e+00 -1.442339e+06
-1.849563e+14 9.507107e+13
1.254301e+15 1.355004e+16
-4.211308e+06 -7.113398e+00
1.762509e+09 1.007960e+09
-4.688380e+00 1.725441e+06
-4.915107e+08 2.437939e+07
-1.878267e+07 1.446130e+07
4.238600e+06 5.268485e+00
-1.160188e+08 9.921806e+07
-3.741392e+11 3.685369e+11
-1.188202e+05 -9.656384e+06
-1.344335e+13 4.855059e+14
-1.222806e+11 5.578562e+11
2.538681e+06 -6.788965e+06
2.665450e+07 4.054876e+06
-4.539096e+07 -7.710780e+07
1.453726e+07 -1.083028e+06
-5.941563e+00 1.928310e+06
-2.371611e+07 -6.864889e+06
3.214729e+06 5.877440e+06
-2.776186e+09 8.169228e+08
-1.099609e+12 -1.212145e+12
2.958508e+07 -7.596352e+06
7.642967e+11 1.153496e+11
1.223124e+07 -5.231864e+06
1.961107e+08 5.089143e+08
-1.106650e+08 -1.173146e+08
-6.888881e+05 -3.798721e+05
-4.804909e+06 9.982377e+05
1.626070e+08 -2.124736e+07
-1.064017e+01 6.157814e+05
3.003401e+06 2.615070e+06
3.824088e+10 8.084789e+09
2.402516e+06 3.140396e+06
4.769747e+11 -8.915312e+10
-1.093091e+05 -2.628163e+04
-6.125902e+08 2.652493e+07
4.813786e+08 4.256672e+08
-6.875686e+14 6.196982e+14
-9.500979e+07 -1.772967e+08
-7.381623e+05 -7.012197e+05
2.371418e+07 6.915224e+06
2.942197e+09 1.218753e+10
-4.777829e+05 -6.898080e-01
-9.354979e+00 1.454206e+06
-1.065098e+13 3.443406e+12
-1.692185e+07 -1.025727e+07
-2.928092e+08 -8.270554e+07
-7.826483e+00 6.386018e+06
9.721924e+09 -6.332883e+09
-8.087147e+13 -2.663075e+13
4.884766e+06 5.927493e+06
-2.418078e+06 6.718278e+06
-2.687187e+08 2.595961e+10
1.747043e+08 4.484189e+07
2.939341e+06 -5.429357e+05
1.701756e+06 -4.769060e+05
-2.431894e+07 1.070241e+07
-1.254301e+15 -1.354978e+16
-1.555233e+06 5.328257e+00
2.452324e+11 -4.271277e+10
1.030340e+11 -7.379907e+08
-1.030621e+11 7.380320e+08
5.339936e+10 1.763900e+10
-8.209631e+12 2.948445e+12
3.001141e+12 9.479316e+10
3.629729e+10 1.052794e+10
-1.270906e+07 2.450123e+07
2.302061e+10 7.525977e+09
9.266842e+06 -2.217394e+08
3.311281e+06 -6.589062e+06
-1.951153e+09 -1.181687e+08
3.747843e+05 -2.783740e+00
3.020058e+09 5.804490e+08
-4.798351e+07 -2.284309e+07
3.550487e+06 -1.392070e+07
-1.780073e+00 -6.275499e+06
-8.254600e+05 4.955580e+00
1.455530e+11 3.263626e+11
-4.801885e+07 3.875533e+07
-1.418438e+07 1.472162e+06
4.046778e+07 3.348215e+07
-7.132850e+06 3.097550e+07
-2.341202e+10 3.152704e+10
-3.765325e+08 6.418876e+07
1.126665e+06 6.643670e-01
1.329290e+08 -1.304054e+08
1.344544e+13 -4.855248e+14
-5.396874e+08 -9.139933e+08
-5.222874e+08 1.065907e+09
-4.873641e+07 4.093392e+06
6.876088e+14 -6.197103e+14
-7.555820e+06 1.396128e+06
1.951391e+09 1.177151e+08
1.614474e+19 3.400375e+19
-1.747107e+08 -4.492711e+07
-4.372414e+07 -7.230229e+07
-3.507813e+06 1.395579e+07
-5.226518e+06 -6.454600e+05
4.636438e+05 3.627295e+06
-2.597733e+09 3.377157e+10
1.292062e+08 -2.255381e+08
1.803010e+11 2.819518e+12
2.341294e+10 -3.152645e+10
1.064406e+08 -3.976219e+08
2.917201e+08 8.352035e+07
-1.965811e+08 -5.080402e+08
6.313179e+05 9.126087e+00
4.936712e+06 -1.056319e+01
4.585445e+05 9.250699e+06
-4.810244e+08 -4.252517e+08
6.379599e+07 2.068677e+08
-4.084147e+07 -3.365458e+07
1.222828e+11 -5.578575e+11
-2.639315e+07 -4.102056e+06
3.889802e+06 7.043986e+05
1.058531e+10 7.353024e+09
9.555436e+00 -5.832657e+06
5.212429e+08 -1.065783e+09
6.126012e+08 -2.653054e+07
-3.676983e+06 3.740103e+06
-3.922640e+06 -2.131030e+06
-1.077125e+07 -7.769899e+00
4.560090e+06 3.092311e+06
