9.833742e+05 -9.953485e+00
3.907185e+06 -6.879360e+05
4.089349e+09 5.285676e+10
9.703197e+11 1.069740e+12
-7.328830e+11 -1.002204e+12
-2.665648e+09 -5.120771e+08
7.596649e+06 -2.720301e+07
-3.425415e+06 -2.811975e+06
-1.130944e+06 -7.468343e+06
-2.493039e+06 -1.029476e+01
3.612337e+05 -7.909026e+05
-1.676789e+07 4.463339e+07
2.292365e+09 -2.980174e+10
2.449362e+09 -7.206228e+08
-2.468492e+10 -5.345794e+09
2.451519e+09 1.174700e+09
-6.540189e+05 2.117716e+07
-3.292108e+06 -1.143487e+06
9.477152e+06 -3.848521e+00
-1.174294e+08 1.148643e+08
-1.068663e+06 -2.143082e+06
-1.887167e+09 7.057775e+08
7.098947e+08 2.299314e+10
-3.373674e+10 -7.132772e+09
-2.588399e+07 5.064738e+07
-6.738634e+06 6.671716e+05
3.669732e+05 -6.907994e+04
4.289661e+07 -3.350051e+07
-1.075842e+13 -2.922262e+12
1.117419e+01 -1.748195e+06
2.108683e+07 -9.521967e+06
-6.446423e+07 1.261488e+07
-1.588802e+10 -4.775968e+09
-1.555843e+09 -8.894885e+08
-1.984920e+07 -2.825853e+06
4.474870e+10 -2.808421e+10
1.547640e+14 2.949568e+14
3.790128e+05 7.051991e+05
2.469275e+10 5.347229e+09
8.315352e+07 6.694788e+07
4.739554e+10 -5.319162e+09
1.043494e+06 2.139992e+06
-1.001601e+01 -1.007980e+06
-9.341834e+09 -6.490497e+09
7.092764e+06 5.144005e+07
1.045278e+06 -9.916816e+05
-1.372870e+12 1.912998e+12
6.549035e+05 -4.992552e+05
6.448849e+07 -1.267138e+07
-9.955038e+08 -9.888282e+08
3.327226e+08 -5.740049e+07
1.498725e+07 8.972063e+06
3.798045e+00 -7.656143e+05
7.615540e+06 -8.562518e+05
1.679582e+13 6.113245e+12
1.886401e+09 -7.062442e+08
-2.164481e+11 3.769980e+10
2.752744e+08 6.982482e+07
1.981646e+06 5.152149e+06
-2.222203e+07 -6.690672e+07
-9.398637e+12 -1.262589e+13
-4.209845e+11 7.869565e+10
3.184341e+07 -6.380388e+07
9.876716e+07 1.096702e+08
-1.918614e+15 2.741589e+15
-1.770446e+08 5.794466e+07
1.061674e+07 -2.158556e+07
-6.745418e+11 -1.018054e+11
-4.405482e+09 -3.766303e+09
3.407743e+09 -4.785529e+08
2.483554e+06 -1.113258e+01
-6.521606e+09 -7.257170e+09
1.075866e+13 2.922068e+12
9.419153e+08 2.344833e+08
5.523228e+04 -1.096451e+01
-4.712353e+10 -1.556931e+10
-1.589324e+11 -2.486038e+12
-1.588001e+09 -3.092258e+09
-1.759789e+06 1.819149e+06
-2.287979e+08 -7.212029e+07
-2.621998e+09 -1.074470e+10
9.397184e+12 1.262450e+13
-2.597991e+09 1.691994e+09
2.592174e+07 -5.068290e+07
-3.435383e+08 2.508542e+08
-1.332979e+08 -6.638892e+06
3.024011e+00 -8.555661e+06
7.328842e+11 1.002159e+12
-1.034408e+06 9.674584e+00
-8.225300e+04 -9.313611e+00
-3.185385e+07 6.364631e+07
6.521591e+09 7.257972e+09
-1.216995e+09 -8.090882e+08
2.108270e+17 -3.432834e+17
1.589247e+10 4.778146e+09
-6.546803e+00 -1.710026e+06
4.757260e+08 8.074905e+08
1.265319e+06 -1.658948e+06
-4.637158e+04 -1.202752e+06
-8.580167e+09 5.588935e+09
-7.091291e+08 -2.299971e+10
7.085041e+11 -6.829782e+11
-7.878199e+08 -5.855339e+08
-3.460708e+11 5.228811e+11
3.678988e+04 1.078823e+06
1.159097e+07 7.106508e+07
3.460785e+11 -5.228119e+11
4.402125e+05 8.637633e-01
1.632250e+14 -8.390052e+13
-4.475223e+10 2.808517e+10
1.195715e+11 6.732997e+11
2.252527e+07 5.649274e+00
-1.840074e+08 1.766134e+08
-3.407869e+09 4.787436e+08
7.245336e+12 -2.602269e+12
-9.416922e+08 -2.349723e+08
-1.516142e+06 4.534174e+05
1.919122e+15 -2.742013e+15
1.016499e+06 1.929004e+06
-3.203297e+10 -9.291741e+09
-2.108549e+17 3.433137e+17
-3.136885e+08 1.932547e+08
9.399119e+12 -3.037815e+12
2.598148e+09 -1.692007e+09
-9.386500e+07 3.509167e+08
3.299534e+11 -3.253177e+11
8.365491e+07 1.567006e+08
1.279878e+10 1.966327e+10
-3.339793e+06 5.770228e+06
2.965526e+08 -3.192401e+08
-1.697444e+06 -8.120424e+06
1.715063e+06 8.104636e+06
-3.862733e+00 -8.426784e+06
-1.027735e+11 2.060064e+11
-5.053828e+07 1.538627e+07
-8.282399e+07 -6.582325e+07
-1.148361e+07 -1.874182e+07
-7.794987e-01 7.572123e+06
1.609674e+09 3.097391e+09
-4.247528e+07 1.144438e+08
1.247902e+15 -5.908951e+15
7.145056e+06 -3.631942e+06
-2.009571e+06 -8.153327e+06
3.127418e+08 -1.931389e+08
-6.498642e+05 -2.086681e+06
-2.683113e+16 -9.981580e+16
-4.243356e+05 8.653747e+00
4.267798e+07 -3.438434e+06
-6.429557e+08 -6.179574e+07
-3.277148e+06 -5.291664e+05
-2.966122e+08 3.192728e+08
-2.820457e+06 -3.226337e+06
-6.217553e+07 6.969777e+07
-1.798816e+11 -3.498703e+10
-4.373339e+10 1.602316e+11
-4.595199e+00 4.475762e+05
-2.647990e+12 -8.364349e+10
7.988909e+07 -2.964479e+07
3.060117e+13 -5.300838e+13
-8.359587e+00 -2.002038e+07
2.943688e+06 -3.649111e+06
-1.255742e+05 -1.062996e+06
2.460584e+08 -5.668729e+07
1.901036e+05 1.066016e+06
6.411786e+05 2.065591e+06
-4.737666e+10 5.317455e+09
-3.848288e+06 -1.085284e+05
-1.195448e+11 -6.731059e+11
7.937112e+09 1.598247e+10
-1.284335e+11 -2.879857e+11
-4.286440e+15 1.762905e+14
1.950526e+06 8.433761e+06
6.214665e+07 -6.969354e+07
6.907269e+05 7.627955e+06
4.373140e+10 -1.602245e+11
-1.548857e+08 -1.463638e+08
7.134280e+13 2.349513e+13
2.292372e+08 7.214157e+07
1.873276e+09 -3.258216e+08
4.249345e+07 -1.144356e+08
6.428149e+08 6.194697e+07
1.554590e+08 -1.315198e+08
9.953836e+08 9.887366e+08
-1.139971e+08 1.990183e+08
3.150135e+08 5.748347e+08
-3.573867e+06 -1.647541e+06
2.242495e+07 3.219875e+06
-3.060049e+13 5.300838e+13
-2.240488e+07 -3.122274e+06
-3.484806e+06 -5.655885e+06
4.286441e+15 -1.763061e+14
-2.138747e+07 4.939815e+05
1.113854e+11 -2.480314e+10
-7.083928e+11 6.830017e+11
-1.105498e+07 4.026805e+07
-1.114282e+11 2.480932e+10
1.548835e+08 1.463826e+08
1.247551e+07 1.923599e+07
-2.906581e+05 -8.250552e+06
-5.161897e+00 1.513479e+06
1.213002e+06 -1.560479e+06
2.242539e+08 7.582451e+07
1.798739e+11 3.498188e+10
-1.767509e+06 2.763625e+06
1.217448e+09 8.093071e+08
1.372659e+12 -1.912787e+12
-2.458197e+08 5.712762e+07
1.331552e+08 6.089022e+06
-7.937600e+09 -1.598425e+10
5.586652e+20 -4.615358e+20
8.542867e+04 2.270503e+06
-2.539159e+00 1.268830e+06
1.170953e+07 -4.178772e+07
3.397804e+13 -2.363969e+13
-2.129227e+00 5.004795e+05
3.434395e+08 -2.507214e+08
-1.536307e+06 -1.511237e+05
7.077424e+06 -4.698464e+05
5.085775e+07 -1.498583e+07
-1.554380e+08 8.736763e+07
4.666357e+06 3.953034e+05
-1.547435e+14 -2.948917e+14
-1.872246e+09 3.268411e+08
1.400886e+07 -5.366606e+07
4.405608e+09 3.766927e+09
-3.028977e+07 9.103318e+05
1.535798e+07 -4.279987e+07
-4.665743e+07 5.383850e+07
-1.248040e+15 5.908951e+15
4.197414e+07 2.008108e+07
8.582456e+08 2.556469e+09
1.027915e+11 -2.060337e+11
-3.398854e+13 2.364439e+13
-2.031657e+10 -6.643609e+09
1.449347e+10 3.613627e+08
-1.449219e+10 -3.613322e+08
4.687767e+07 -5.357825e+07
-2.202218e+07 7.955422e+07
2.683410e+16 9.980917e+16
-2.096687e+06 -5.293829e+06
1.067094e+01 -1.776137e+06
-8.151855e+06 1.954632e+08
4.318468e+08 -2.547135e+07
1.186265e+06 -7.287066e+05
-1.188323e+06 7.340566e+05
-2.452511e+09 -1.175105e+09
3.026842e+07 -1.605864e+06
-4.581360e+00 1.136752e+07
-1.424900e+19 -3.000651e+19
1.670975e+07 -1.277367e+07
3.548536e+05 2.022675e+00
-2.843872e+06 -5.204025e+06
-7.946042e+07 2.968940e+07
3.496842e+06 1.693566e+06
9.116663e+05 -1.016544e+01
-2.750498e+08 -6.977026e+07
-1.090814e+06 -3.901712e+06
2.203438e+07 -7.958775e+07
-1.083051e+07 4.560597e+06
1.061533e+06 3.068370e+06
-1.279873e+10 -1.966320e+10
-5.587022e+20 4.615867e+20
6.947718e+04 -1.064441e+01
-1.400312e+07 5.369771e+07
-1.679545e+13 -6.112975e+12
2.372518e+08 -2.291081e+10
-1.502675e+00 -1.767674e+06
-4.408247e+06 -5.104186e+07
-4.090792e+09 -5.287978e+10
-8.584054e+08 -2.556707e+09
7.867464e+08 5.851989e+08
-5.696147e+07 -1.821226e+08
3.829747e+07 6.430317e+07
-3.153379e+08 -5.753171e+08
-9.394250e+05 6.368284e+00
8.648281e+00 -1.273043e+06
-1.632322e+14 8.390608e+13
1.107134e+15 1.196028e+16
-3.716920e+06 -4.057196e+00
1.555672e+09 8.896595e+08
-9.539263e-01 1.522945e+06
-4.337576e+08 2.151406e+07
-1.657713e+07 1.276392e+07
3.741114e+06 1.015778e+01
-1.023990e+08 8.757036e+07
-3.302437e+11 3.252996e+11
-1.048870e+05 -8.523551e+06
-1.186580e+13 4.285456e+14
-1.079350e+11 4.924211e+11
2.240963e+06 -5.992497e+06
2.352739e+07 3.579224e+06
-4.006336e+07 -6.805785e+07
1.283153e+07 -9.560198e+05
-2.918478e+00 1.702109e+06
-2.093367e+07 -6.059445e+06
2.837557e+06 5.187839e+06
-2.450461e+09 7.211149e+08
-9.706197e+11 -1.069952e+12
2.611357e+07 -6.705105e+06
6.746456e+11 1.018209e+11
1.079641e+07 -4.618104e+06
1.731030e+08 4.492060e+08
-9.761727e+07 -1.034826e+08
-6.080579e+05 -3.353817e+05
-4.241113e+06 8.811547e+05
1.435154e+08 -1.875268e+07
6.421742e+00 5.435450e+05
2.650901e+06 2.308175e+06
3.375505e+10 7.136231e+09
2.120672e+06 2.772043e+06
4.210033e+11 -7.869088e+10
-9.648980e+04 -2.320570e+04
-5.406970e+08 2.341276e+07
4.249031e+08 3.757297e+08
-6.069114e+14 5.470041e+14
-8.386317e+07 -1.564954e+08
-6.515492e+05 -6.189725e+05
2.093180e+07 6.103836e+06
2.597078e+09 1.075788e+10
-4.217632e+05 6.564723e-01
-6.706186e+00 1.283641e+06
-9.400986e+12 3.039290e+12
-1.493576e+07 -9.053359e+06
-2.584425e+08 -7.300014e+07
2.118882e+00 5.636690e+06
8.580776e+09 -5.589536e+09
-7.137276e+13 -2.350291e+13
4.311550e+06 5.232138e+06
-2.134421e+06 5.930149e+06
-2.371934e+08 2.291405e+10
1.542109e+08 3.958180e+07
2.594400e+06 -4.792495e+05
1.502191e+06 -4.210025e+05
-2.146604e+07 9.446881e+06
-1.107183e+15 -1.196055e+16
-1.372745e+06 7.001853e+00
2.164666e+11 -3.770237e+10
9.094083e+10 -6.513941e+08
-9.096895e+10 6.514322e+08
4.713538e+10 1.557013e+10
-7.246295e+12 2.602441e+12
2.649159e+12 8.367512e+10
3.204046e+10 9.293229e+09
-1.121851e+07 2.162714e+07
2.032001e+10 6.643000e+09
8.178309e+06 -1.956893e+08
2.922156e+06 -5.814738e+06
-1.722229e+09 -1.043053e+08
3.307874e+05 -6.113338e-01
2.665606e+09 5.123111e+08
-4.235352e+07 -2.016274e+07
3.133903e+06 -1.228764e+07
1.053703e+01 -5.539079e+06
-7.285160e+05 -7.838935e+00
1.284790e+11 2.880683e+11
-4.238168e+07 3.420565e+07
-1.252010e+07 1.299309e+06
3.571453e+07 2.955004e+07
-6.295607e+06 2.734031e+07
-2.066408e+10 2.782668e+10
-3.323092e+08 5.664999e+07
9.942949e+05 4.887301e+00
1.173279e+08 -1.151011e+08
1.186737e+13 -4.285456e+14
-4.763457e+08 -8.067202e+08
-4.608022e+08 9.404227e+08
-4.301664e+07 3.612833e+06
6.069248e+14 -5.470041e+14
-6.668993e+06 1.232266e+06
1.722462e+09 1.039053e+08
1.425026e+19 3.001379e+19
-1.542196e+08 -3.965790e+07
-3.859444e+07 -6.381996e+07
-3.096511e+06 1.231920e+07
-4.613403e+06 -5.697154e+05
4.092614e+05 3.201781e+06
-2.293025e+09 2.980974e+10
1.140274e+08 -1.990430e+08
1.591191e+11 2.488347e+12
2.066545e+10 -2.782732e+10
9.395330e+07 -3.509750e+08
2.574977e+08 7.372257e+07
-1.735219e+08 -4.484204e+08
5.571312e+05 -3.881994e+00
4.357486e+06 1.083900e+01
4.047268e+05 8.165297e+06
-4.245937e+08 -3.753639e+08
5.630734e+07 1.825847e+08
-3.604571e+07 -2.970271e+07
1.079348e+11 -4.924005e+11
-2.329651e+07 -3.620685e+06
3.433062e+06 6.216401e+05
9.342888e+09 6.490094e+09
7.083036e+00 -5.144739e+06
4.598746e+08 -9.402976e+08
5.407185e+08 -2.341745e+07
-3.244707e+06 3.300435e+06
-3.462259e+06 -1.880907e+06
-9.507357e+06 4.502098e+00
4.025036e+06 2.729554e+06
