1.993864e+06 1.691166e+00
7.917517e+06 -1.394214e+06
8.287455e+09 1.071113e+11
1.966553e+12 2.167974e+12
-1.485192e+12 -2.031126e+12
-5.404170e+09 -1.038176e+09
1.540010e+07 -5.514611e+07
-6.943904e+06 -5.700361e+06
-2.292272e+06 -1.513739e+07
-5.054079e+06 1.094796e+01
7.318972e+05 -1.602458e+06
-3.398016e+07 9.044913e+07
4.645690e+09 -6.039795e+10
4.965739e+09 -1.460963e+09
-5.003249e+10 -1.083534e+10
4.971348e+09 2.381973e+09
-1.326207e+06 4.295172e+07
-6.671599e+06 -2.317487e+06
1.920867e+07 8.272806e+00
-2.380365e+08 2.328290e+08
-2.165732e+06 -4.343980e+06
-3.825024e+09 1.430465e+09
1.438907e+09 4.660609e+10
-6.838659e+10 -1.445795e+10
-5.247073e+07 1.026557e+08
-1.365715e+07 1.352238e+06
7.440527e+05 -1.400677e+05
8.698835e+07 -6.792527e+07
-2.180341e+13 -5.922356e+12
-7.888390e+00 -3.544268e+06
4.273698e+07 -1.929981e+07
-1.306442e+08 2.556743e+07
-3.220401e+10 -9.680553e+09
-3.153723e+09 -1.803030e+09
-4.023346e+07 -5.727996e+06
9.071542e+10 -5.693344e+10
3.136748e+14 5.977904e+14
7.671717e+05 1.429875e+06
5.004434e+10 1.083773e+10
1.685593e+08 1.357044e+08
9.606300e+10 -1.078084e+10
2.114824e+06 4.336939e+06
-7.144807e+00 -2.041930e+06
-1.893776e+10 -1.315651e+10
1.437503e+07 1.042521e+08
2.118873e+06 -2.010310e+06
-2.785544e+12 3.881248e+12
1.327682e+06 -1.012253e+06
1.307042e+08 -2.568133e+07
-2.017998e+09 -2.004618e+09
6.747071e+08 -1.164066e+08
3.038442e+07 1.818949e+07
1.031250e+01 -1.551783e+06
1.544018e+07 -1.736022e+06
3.404498e+13 1.239205e+13
3.823545e+09 -1.431439e+09
-4.386800e+11 7.640203e+10
5.579362e+08 1.415233e+08
4.016955e+06 1.044418e+07
-4.503569e+07 -1.355890e+08
-1.904856e+13 -2.558985e+13
-8.531651e+11 1.594928e+11
6.452460e+07 -1.292854e+08
2.007547e+08 2.229212e+08
-3.887877e+15 5.555906e+15
-3.587969e+08 1.174378e+08
2.151760e+07 -4.375101e+07
-1.366987e+12 -2.063218e+11
-8.937319e+09 -7.640290e+09
6.906173e+09 -9.698409e+08
5.034951e+06 5.017151e+00
-1.321719e+10 -1.470876e+10
2.180602e+13 5.922292e+12
1.913019e+09 4.762384e+08
1.121689e+05 8.768141e+00
-9.551174e+10 -3.155884e+10
-3.223743e+11 -5.042922e+12
-3.219070e+09 -6.268440e+09
-3.566885e+06 3.687392e+06
-4.647598e+08 -1.465006e+08
-5.315231e+09 -2.178007e+10
1.905001e+13 2.559124e+13
-5.265713e+09 3.429665e+09
5.254499e+07 -1.027378e+08
-6.964613e+08 5.085275e+08
-2.702494e+08 -1.346056e+07
1.025855e+01 -1.734219e+07
1.485356e+12 2.031169e+12
-2.097406e+06 3.083177e+00
-1.671104e+05 -1.045601e+01
-6.456379e+07 1.289898e+08
1.321659e+10 1.470940e+10
-2.467206e+09 -1.640096e+09
4.272744e+17 -6.957258e+17
3.221293e+10 9.684544e+09
4.158949e+00 -3.466562e+06
9.644491e+08 1.636915e+09
2.564462e+06 -3.362624e+06
-9.425625e+04 -2.438080e+06
-1.739429e+10 1.133077e+10
-1.437164e+09 -4.661617e+10
1.435912e+12 -1.384225e+12
-1.596804e+09 -1.186746e+09
-7.014861e+11 1.059915e+12
7.451702e+04 2.186077e+06
2.348952e+07 1.440214e+08
7.015396e+11 -1.059788e+12
8.920501e+05 -3.342298e+00
3.309606e+14 -1.701326e+14
-9.071360e+10 5.692916e+10
2.424920e+11 1.365367e+12
4.564147e+07 -6.152217e+00
-3.728999e+08 3.579192e+08
-6.906349e+09 9.701404e+08
1.468775e+13 -5.275210e+12
-1.912504e+09 -4.771834e+08
-3.073153e+06 9.191847e+05
3.889359e+15 -5.556814e+15
2.061920e+06 3.913251e+06
-6.492422e+10 -1.883162e+10
-4.272976e+17 6.957258e+17
-6.564667e+08 4.044252e+08
1.905073e+13 -6.156252e+12
5.265337e+09 -3.429391e+09
-1.902432e+08 7.112453e+08
6.686886e+11 -6.592791e+11
1.695607e+08 3.175897e+08
2.594256e+10 3.985746e+10
-6.775745e+06 1.170661e+07
6.011045e+08 -6.470845e+08
-3.440239e+06 -1.645677e+07
3.475502e+06 1.642482e+07
8.878620e+00 -1.708564e+07
-2.089496e+11 4.188284e+11
-1.024596e+08 3.119235e+07
-1.678991e+08 -1.334310e+08
-2.327791e+07 -3.799065e+07
1.881695e+00 1.535207e+07
3.262512e+09 6.277855e+09
-8.609447e+07 2.319768e+08
2.530537e+15 -1.198210e+16
1.448165e+07 -7.361466e+06
-4.074055e+06 -1.653013e+07
6.545366e+08 -4.042344e+08
-1.317401e+06 -4.229404e+06
-5.445797e+16 -2.025913e+17
-8.604143e+05 -9.947254e-01
8.651997e+07 -6.970985e+06
-1.303026e+09 -1.252474e+08
-6.644516e+06 -1.072880e+06
-6.011520e+08 6.470861e+08
-5.715856e+06 -6.538425e+06
-1.260014e+08 1.412472e+08
-3.645465e+11 -7.090590e+10
-8.863452e+10 3.247457e+11
9.017497e+00 9.071787e+05
-5.366644e+12 -1.695320e+11
1.619642e+08 -6.010213e+07
6.204165e+13 -1.074672e+14
7.151989e+00 -4.060878e+07
5.973895e+06 -7.405176e+06
-2.543294e+05 -2.154583e+06
4.991732e+08 -1.150028e+08
3.854287e+05 2.160610e+06
1.299286e+06 4.186173e+06
-9.602419e+10 1.077813e+10
-7.800196e+06 -2.201781e+05
-2.424598e+11 -1.365247e+12
1.608922e+10 3.239791e+10
-2.603114e+11 -5.836558e+11
-8.687537e+15 3.572853e+14
3.954315e+06 1.709671e+07
1.259535e+08 -1.412469e+08
1.400092e+06 1.545832e+07
8.862669e+10 -3.247315e+11
-3.139847e+08 -2.967287e+08
1.446960e+14 4.765227e+13
4.656334e+08 1.465459e+08
3.799266e+09 -6.608409e+08
8.613703e+07 -2.319654e+08
1.302984e+09 1.255708e+08
3.152118e+08 -2.666724e+08
2.017796e+09 2.004300e+09
-2.312166e+08 4.036804e+08
6.385518e+08 1.165188e+09
-7.245635e+06 -3.340641e+06
4.544979e+07 6.526641e+06
-6.204436e+13 1.074765e+14
-4.541023e+07 -6.328535e+06
-7.064916e+06 -1.146518e+07
8.688388e+15 -3.573555e+14
-4.334884e+07 1.002031e+06
2.257879e+11 -5.027423e+10
-1.435924e+12 1.384348e+12
-2.240783e+07 8.161815e+07
-2.258415e+11 5.028222e+10
3.139870e+08 2.967436e+08
2.528819e+07 3.899285e+07
-5.889595e+05 -1.672302e+07
-9.742375e-01 3.068163e+06
2.458715e+06 -3.162667e+06
4.544955e+08 1.536716e+08
3.645470e+11 7.089714e+10
-3.582218e+06 5.601326e+06
2.467884e+09 1.640558e+09
2.785091e+12 -3.880783e+12
-4.986617e+08 1.158963e+08
2.699480e+08 1.234459e+07
-1.608897e+10 -3.240040e+10
1.132426e+21 -9.355114e+20
1.730397e+05 4.603364e+06
5.540217e+00 2.572536e+06
2.373567e+07 -8.470380e+07
6.888485e+13 -4.792605e+13
3.085268e-01 1.014692e+06
6.963060e+08 -5.082965e+08
-3.115057e+06 -3.066692e+05
1.434565e+07 -9.523381e+05
1.031123e+08 -3.038135e+07
-3.151865e+08 1.771502e+08
9.458497e+06 8.014942e+05
-3.136748e+14 -5.977969e+14
-3.797261e+09 6.629102e+08
2.840089e+07 -1.087984e+08
8.938449e+09 7.642552e+09
-6.140291e+07 1.845822e+06
3.112650e+07 -8.673972e+07
-9.461152e+07 1.091732e+08
-2.530565e+15 1.198144e+16
8.507787e+07 4.070157e+07
1.739468e+09 5.181098e+09
2.089377e+11 -4.188052e+11
-6.888560e+13 4.792292e+13
-4.117890e+10 -1.346567e+10
2.937753e+10 7.324805e+08
-2.937593e+10 -7.324270e+08
9.505424e+07 -1.086383e+08
-4.463046e+07 1.612275e+08
5.445975e+16 2.025737e+17
-4.251014e+06 -1.073261e+07
1.048122e+01 -3.601315e+06
-1.653398e+07 3.964783e+08
8.760781e+08 -5.167343e+07
2.404774e+06 -1.477463e+06
-2.409155e+06 1.488139e+06
-4.972897e+09 -2.382731e+09
6.135685e+07 -3.255277e+06
-6.067174e+00 2.303979e+07
-2.888426e+19 -6.082717e+19
3.387418e+07 -2.589446e+07
7.195593e+05 -4.662083e+00
-5.764610e+06 -1.054864e+07
-1.610736e+08 6.018396e+07
7.088419e+06 3.432998e+06
1.847807e+06 -6.008254e+00
-5.574750e+08 -1.414132e+08
-2.211233e+06 -7.908042e+06
4.465597e+07 -1.613077e+08
-2.195513e+07 9.245352e+06
2.151935e+06 6.219471e+06
-2.594754e+10 -3.986514e+10
-1.132611e+21 9.356846e+20
1.409868e+05 -6.938059e+00
-2.838776e+07 1.088606e+08
-3.404609e+13 -1.239178e+13
4.808907e+08 -4.643740e+10
3.811755e+00 -3.582966e+06
-8.934741e+06 -1.034509e+08
-8.290892e+09 -1.071736e+11
-1.739961e+09 -5.182306e+09
1.594675e+09 1.186115e+09
-1.154942e+08 -3.692766e+08
7.763141e+07 1.303464e+08
-6.391656e+08 -1.166175e+09
-1.904259e+06 -4.034112e-01
-4.019189e+00 -2.580652e+06
-3.310219e+14 1.701586e+14
2.243872e+15 2.423984e+16
-7.535283e+06 1.018999e+01
3.153405e+09 1.803332e+09
2.769255e+00 3.087225e+06
-8.799422e+08 4.364461e+07
-3.361107e+07 2.587573e+07
7.584293e+06 -5.382570e+00
-2.076087e+08 1.775541e+08
-6.693554e+11 6.593198e+11
-2.129215e+05 -1.727573e+07
-2.405507e+13 8.687159e+14
-2.187834e+11 9.981118e+11
4.542122e+06 -1.214712e+07
4.768875e+07 7.255003e+06
-8.122798e+07 -1.379849e+08
2.601396e+07 -1.938247e+06
-1.100306e+01 3.450289e+06
-4.243332e+07 -1.228340e+07
5.753039e+06 1.051776e+07
-4.967451e+09 1.461745e+09
-1.967153e+12 -2.168542e+12
5.293220e+07 -1.359000e+07
1.367195e+12 2.063552e+11
2.188493e+07 -9.360624e+06
3.508777e+08 9.105656e+08
-1.984363e+08 -2.103477e+08
-1.232609e+06 -6.794485e+05
-8.595867e+06 1.785708e+06
2.909661e+08 -3.801989e+07
-6.318028e+00 1.101563e+06
5.373634e+06 4.678599e+06
6.841129e+10 1.446346e+10
4.298131e+06 5.617874e+06
8.533606e+11 -1.595093e+11
-1.956808e+05 -4.713819e+04
-1.095964e+09 4.745646e+07
8.612177e+08 7.615250e+08
-1.230123e+15 1.108711e+15
-1.699808e+08 -3.172009e+08
-1.320954e+06 -1.254882e+06
4.242842e+07 1.237290e+07
5.264143e+09 2.180663e+10
-8.553431e+05 -1.564264e-01
5.836042e+00 2.601853e+06
-1.905591e+13 6.160811e+12
-3.027791e+07 -1.835357e+07
-5.239073e+08 -1.479790e+08
-1.182452e+00 1.142603e+07
1.739626e+10 -1.133209e+10
-1.447575e+14 -4.766733e+13
8.739936e+06 1.060561e+07
-4.326667e+06 1.201953e+07
-4.806829e+08 4.643832e+10
3.125115e+08 8.021379e+07
5.260380e+06 -9.724633e+05
3.045129e+06 -8.538054e+05
-4.350955e+07 1.914872e+07
-2.243921e+15 -2.423931e+16
-2.783155e+06 3.595114e-01
4.386979e+11 -7.641381e+10
1.843814e+11 -1.320487e+09
-1.844095e+11 1.320550e+09
9.553437e+10 3.155733e+10
-1.468935e+13 5.275899e+12
5.368925e+12 1.695860e+11
6.493850e+10 1.883520e+10
-2.273892e+07 4.383568e+07
4.118758e+10 1.346503e+10
1.658827e+07 -3.969274e+08
5.927769e+06 -1.179643e+07
-3.490714e+09 -2.113954e+08
6.701736e+05 1.000269e+01
5.403714e+09 1.038580e+09
-8.584474e+07 -4.086723e+07
6.351432e+06 -2.490015e+07
-6.744158e+00 -1.122696e+07
-1.476949e+06 9.753193e+00
2.603994e+11 5.838654e+11
-8.592349e+07 6.934772e+07
-2.538208e+07 2.634207e+06
7.242651e+07 5.992523e+07
-1.276203e+07 5.542107e+07
-4.188870e+10 5.640757e+10
-6.738890e+08 1.148742e+08
2.016607e+06 7.268544e+00
2.378226e+08 -2.333062e+08
2.405612e+13 -8.687064e+14
-9.656142e+08 -1.635326e+09
-9.357001e+08 1.909634e+09
-8.720145e+07 7.324247e+06
1.230163e+15 -1.108711e+15
-1.351998e+07 2.498339e+06
3.491143e+09 2.105941e+08
2.888646e+19 6.083909e+19
-3.125355e+08 -8.037105e+07
-7.822722e+07 -1.293552e+08
-6.275254e+06 2.496612e+07
-9.350475e+06 -1.155298e+06
8.298343e+05 6.489304e+06
-4.647215e+09 6.041264e+10
2.312803e+08 -4.037029e+08
3.227548e+11 5.047047e+12
4.189007e+10 -5.640392e+10
1.904322e+08 -7.113691e+08
5.219173e+08 1.494252e+08
-3.517002e+08 -9.088321e+08
1.129534e+06 1.018809e+01
8.830389e+06 -4.108185e+00
8.203741e+05 1.654947e+07
-8.605522e+08 -7.607832e+08
1.141638e+08 3.701850e+08
-7.309249e+07 -6.023100e+07
2.187687e+11 -9.980597e+11
-4.721862e+07 -7.338836e+06
6.961149e+06 1.260852e+06
1.893966e+10 1.315512e+10
2.723995e+00 -1.045821e+07
9.338898e+08 -1.909442e+09
1.095971e+09 -4.746356e+07
-6.584039e+06 6.696981e+06
-7.017634e+06 -3.812647e+06
-1.926975e+07 -8.923833e+00
8.158254e+06 5.531486e+06
