2.060201e+06 -1.048868e+01
8.181350e+06 -1.440652e+06
8.563634e+09 1.106792e+11
2.032107e+12 2.240239e+12
-1.534669e+12 -2.098783e+12
-5.584352e+09 -1.072801e+09
1.591368e+07 -5.698194e+07
-7.175052e+06 -5.890227e+06
-2.368651e+06 -1.564163e+07
-5.222551e+06 -1.034328e+01
7.561643e+05 -1.655710e+06
-3.511194e+07 9.346456e+07
4.800646e+09 -6.241174e+10
5.131302e+09 -1.509674e+09
-5.169947e+10 -1.119649e+10
5.137221e+09 2.461444e+09
-1.370448e+06 4.438349e+07
-6.893728e+06 -2.394596e+06
1.984846e+07 -1.131930e+00
-2.459707e+08 2.405922e+08
-2.237909e+06 -4.488666e+06
-3.952437e+09 1.478131e+09
1.486860e+09 4.815940e+10
-7.066713e+10 -1.494007e+10
-5.422086e+07 1.060796e+08
-1.411244e+07 1.397318e+06
7.688736e+05 -1.447602e+05
8.988998e+07 -7.019041e+07
-2.253015e+13 -6.119809e+12
-1.116239e+01 -3.662498e+06
4.416132e+07 -1.994358e+07
-1.349976e+08 2.641962e+07
-3.327746e+10 -1.000315e+10
-3.258818e+09 -1.863111e+09
-4.157489e+07 -5.918979e+06
9.374022e+10 -5.883176e+10
3.241272e+14 6.177167e+14
7.927162e+05 1.477574e+06
5.171243e+10 1.119899e+10
1.741767e+08 1.402268e+08
9.926266e+10 -1.113993e+10
2.185228e+06 4.481458e+06
8.708627e+00 -2.109874e+06
-1.956907e+10 -1.359508e+10
1.485430e+07 1.077267e+08
2.189505e+06 -2.077329e+06
-2.878479e+12 4.010705e+12
1.371959e+06 -1.045910e+06
1.350591e+08 -2.653684e+07
-2.085255e+09 -2.071466e+09
6.972072e+08 -1.202898e+08
3.139722e+07 1.879600e+07
4.240978e+00 -1.603483e+06
1.595469e+07 -1.793844e+06
3.517928e+13 1.280494e+13
3.950923e+09 -1.479144e+09
-4.532945e+11 7.894763e+10
5.765267e+08 1.462402e+08
4.150829e+06 1.079240e+07
-4.653712e+07 -1.401092e+08
-1.968373e+13 -2.644296e+13
-8.816061e+11 1.648091e+11
6.667570e+07 -1.335960e+08
2.074656e+08 2.303752e+08
-4.017419e+15 5.741055e+15
-3.707564e+08 1.213533e+08
2.223500e+07 -4.520968e+07
-1.412557e+12 -2.131996e+11
-9.235525e+09 -7.895303e+09
7.136424e+09 -1.002164e+09
5.202804e+06 9.128449e+00
-1.365768e+10 -1.519912e+10
2.253300e+13 6.119680e+12
1.976928e+09 4.921531e+08
1.159579e+05 3.566557e+00
-9.869630e+10 -3.261095e+10
-3.331023e+11 -5.210790e+12
-3.326143e+09 -6.476848e+09
-3.685378e+06 3.809963e+06
-4.802442e+08 -1.513813e+08
-5.492043e+09 -2.250496e+10
1.968414e+13 2.644324e+13
-5.441130e+09 3.543911e+09
5.429587e+07 -1.061600e+08
-7.196525e+08 5.254663e+08
-2.792521e+08 -1.390870e+07
-8.395117e+00 -1.791947e+07
1.534801e+12 2.098760e+12
-2.167031e+06 -6.126119e+00
-1.725951e+05 -9.479442e+00
-6.671372e+07 1.332837e+08
1.365708e+10 1.519977e+10
-2.549493e+09 -1.694798e+09
4.415206e+17 -7.189224e+17
3.328674e+10 1.000739e+10
-7.947216e-01 -3.582237e+06
9.965999e+08 1.691499e+09
2.650004e+06 -3.474772e+06
-9.743901e+04 -2.519370e+06
-1.797436e+10 1.170863e+10
-1.485086e+09 -4.816999e+10
1.483759e+12 -1.430350e+12
-1.650019e+09 -1.226296e+09
-7.248661e+11 1.095239e+12
7.697444e+04 2.258938e+06
2.427280e+07 1.488251e+08
7.249425e+11 -1.095147e+12
9.218299e+05 2.056964e+00
3.420012e+14 -1.758078e+14
-9.373844e+10 5.882808e+10
2.505850e+11 1.410937e+12
4.716364e+07 -3.416595e+00
-3.853257e+08 3.698531e+08
-7.136674e+09 1.002493e+09
1.517774e+13 -5.451142e+12
-1.976399e+09 -4.931240e+08
-3.175740e+06 9.498721e+05
4.019028e+15 -5.742083e+15
2.130798e+06 4.043925e+06
-6.708973e+10 -1.945975e+10
-4.415485e+17 7.189224e+17
-6.790283e+08 4.183242e+08
1.968599e+13 -6.361429e+12
5.440978e+09 -3.543787e+09
-1.965879e+08 7.349734e+08
6.909928e+11 -6.812546e+11
1.752145e+08 3.281771e+08
2.680745e+10 4.118586e+10
-7.001780e+06 1.209736e+07
6.211483e+08 -6.686617e+08
-3.554926e+06 -1.700522e+07
3.591418e+06 1.697245e+07
-1.016894e+01 -1.765555e+07
-2.159396e+11 4.328394e+11
-1.058778e+08 3.223161e+07
-1.734966e+08 -1.378794e+08
-2.405393e+07 -3.925756e+07
-1.021960e+01 1.586367e+07
3.371223e+09 6.487005e+09
-8.896416e+07 2.397109e+08
2.614918e+15 -1.238175e+16
1.496463e+07 -7.607008e+06
-4.209994e+06 -1.708161e+07
6.770369e+08 -4.181306e+08
-1.361294e+06 -4.370408e+06
-5.627679e+16 -2.093567e+17
-8.891621e+05 -6.485714e-01
8.940602e+07 -7.203576e+06
-1.346480e+09 -1.294253e+08
-6.866271e+06 -1.108735e+06
-6.212033e+08 6.686561e+08
-5.906506e+06 -6.756425e+06
-1.302009e+08 1.459553e+08
-3.767010e+11 -7.326910e+10
-9.158862e+10 3.355666e+11
7.275669e+00 9.374180e+05
-5.545558e+12 -1.751852e+11
1.673661e+08 -6.210658e+07
6.411088e+13 -1.110516e+14
7.157141e+00 -4.196233e+07
6.173017e+06 -7.652130e+06
-2.627423e+05 -2.226330e+06
5.158262e+08 -1.188393e+08
3.982903e+05 2.232681e+06
1.342643e+06 4.325828e+06
-9.922594e+10 1.113746e+10
-8.060272e+06 -2.276164e+05
-2.505475e+11 -1.410787e+12
1.662576e+10 3.347837e+10
-2.689915e+11 -6.031175e+11
-8.977203e+15 3.691957e+14
4.086124e+06 1.766673e+07
1.301516e+08 -1.459553e+08
1.446806e+06 1.597345e+07
9.157982e+10 -3.355524e+11
-3.244495e+08 -3.066181e+08
1.495195e+14 4.924111e+13
4.811862e+08 1.514406e+08
3.925968e+09 -6.828790e+08
8.900806e+07 -2.396965e+08
1.346419e+09 1.297566e+08
3.257214e+08 -2.755636e+08
2.085061e+09 2.071117e+09
-2.389262e+08 4.171407e+08
6.598351e+08 1.204028e+09
-7.487173e+06 -3.451949e+06
4.696443e+07 6.744152e+06
-6.411358e+13 1.110610e+14
-4.692361e+07 -6.539396e+06
-7.300315e+06 -1.184720e+07
8.977866e+15 -3.692620e+14
-4.479408e+07 1.035485e+06
2.333148e+11 -5.195066e+10
-1.483786e+12 1.430488e+12
-2.315478e+07 8.433858e+07
-2.333684e+11 5.195811e+10
3.244549e+08 3.066363e+08
2.613118e+07 4.029266e+07
-6.086248e+05 -1.728029e+07
-6.797207e+00 3.170353e+06
2.540719e+06 -3.268140e+06
4.696388e+08 1.587918e+08
3.766936e+11 7.325953e+10
-3.701625e+06 5.787912e+06
2.550128e+09 1.695238e+09
2.877996e+12 -4.010282e+12
-5.152994e+08 1.197633e+08
2.789493e+08 1.275626e+07
-1.662498e+10 -3.348051e+10
1.170176e+21 -9.666873e+20
1.787760e+05 4.756831e+06
6.543638e+00 2.658163e+06
2.452660e+07 -8.752723e+07
7.118126e+13 -4.952367e+13
-2.005530e+00 1.048489e+06
7.195281e+08 -5.252475e+08
-3.218964e+06 -3.168830e+05
1.482378e+07 -9.840859e+05
1.065508e+08 -3.139432e+07
-3.256987e+08 1.830580e+08
9.773900e+06 8.282875e+05
-3.241340e+14 -6.177297e+14
-3.923938e+09 6.850124e+08
2.934705e+07 -1.124230e+08
9.236267e+09 7.897262e+09
-6.344766e+07 1.907279e+06
3.216380e+07 -8.963055e+07
-9.776612e+07 1.128133e+08
-2.614945e+15 1.238097e+16
8.791292e+07 4.205784e+07
1.797451e+09 5.353756e+09
2.159208e+11 -4.328025e+11
-7.118201e+13 4.952054e+13
-4.255161e+10 -1.391452e+10
3.035675e+10 7.568963e+08
-3.035483e+10 -7.568338e+08
9.822264e+07 -1.122602e+08
-4.611759e+07 1.665997e+08
5.627679e+16 2.093324e+17
-4.392724e+06 -1.109045e+07
2.294906e+00 -3.721396e+06
-1.708532e+07 4.097027e+08
9.052956e+08 -5.339733e+07
2.484917e+06 -1.526717e+06
-2.489395e+06 1.537686e+06
-5.138713e+09 -2.462179e+09
6.340345e+07 -3.363853e+06
7.460224e+00 2.380796e+07
-2.984738e+19 -6.285560e+19
3.500386e+07 -2.675805e+07
7.435942e+05 -1.388862e+00
-5.956863e+06 -1.090040e+07
-1.664438e+08 6.219038e+07
7.324713e+06 3.547429e+06
1.909388e+06 -2.955860e+00
-5.760557e+08 -1.461282e+08
-2.284881e+06 -8.171665e+06
4.614484e+07 -1.666850e+08
-2.268731e+07 9.553632e+06
2.223682e+06 6.426766e+06
-2.681300e+10 -4.119483e+10
-1.170385e+21 9.668910e+20
1.456675e+05 -2.387822e+00
-2.933432e+07 1.124903e+08
-3.518114e+13 -1.280495e+13
4.969215e+08 -4.798545e+10
3.710722e+00 -3.702481e+06
-9.232704e+06 -1.068993e+08
-8.567186e+09 -1.107450e+11
-1.797951e+09 -5.355074e+09
1.647839e+09 1.225659e+09
-1.193457e+08 -3.815872e+08
8.021877e+07 1.346921e+08
-6.604734e+08 -1.205067e+09
-1.967766e+06 2.231125e+00
7.249225e+00 -2.666785e+06
-3.420661e+14 1.758356e+14
2.318689e+15 2.504804e+16
-7.786587e+06 -1.050299e+01
3.258575e+09 1.863474e+09
-2.983379e-01 3.190192e+06
-9.093126e+08 4.510123e+07
-3.473225e+07 2.673885e+07
7.837303e+06 -1.026281e+01
-2.145317e+08 1.834767e+08
-6.916748e+11 6.813045e+11
-2.200626e+05 -1.785184e+07
-2.485734e+13 8.976879e+14
-2.260753e+11 1.031389e+12
4.693581e+06 -1.255207e+07
4.927911e+07 7.496997e+06
-8.393744e+07 -1.425874e+08
2.688139e+07 -2.002928e+06
1.233602e+00 3.565424e+06
-4.384844e+07 -1.269311e+07
5.944994e+06 1.086838e+07
-5.133127e+09 1.510500e+09
-2.032750e+12 -2.240854e+12
5.469684e+07 -1.404329e+07
1.412779e+12 2.132353e+11
2.261486e+07 -9.672830e+06
3.625783e+08 9.409304e+08
-2.050718e+08 -2.173820e+08
-1.273757e+06 -7.021447e+05
-8.882557e+06 1.845298e+06
3.006720e+08 -3.928820e+07
-9.418274e-01 1.138297e+06
5.552802e+06 4.834629e+06
7.069256e+10 1.494577e+10
4.441485e+06 5.805255e+06
8.818202e+11 -1.648290e+11
-2.022412e+05 -4.873441e+04
-1.132501e+09 4.903870e+07
8.899385e+08 7.869208e+08
-1.271148e+15 1.145686e+15
-1.756476e+08 -3.277760e+08
-1.365031e+06 -1.296793e+06
4.384349e+07 1.278565e+07
5.439712e+09 2.253392e+10
-8.839657e+05 7.811550e+00
3.138525e+00 2.688702e+06
-1.969139e+13 6.366257e+12
-3.128771e+07 -1.896550e+07
-5.413787e+08 -1.529139e+08
1.068708e+01 1.180718e+07
1.797650e+10 -1.171005e+10
-1.495873e+14 -4.925772e+13
9.031441e+06 1.095936e+07
-4.470963e+06 1.242031e+07
-4.967020e+08 4.798587e+10
3.229249e+08 8.288842e+07
5.435911e+06 -1.004963e+06
3.146741e+06 -8.823373e+05
-4.496052e+07 1.978735e+07
-2.318738e+15 -2.504725e+16
-2.875996e+06 1.235294e+00
4.533172e+11 -7.895936e+10
1.905254e+11 -1.364483e+09
-1.905535e+11 1.364561e+09
9.871888e+10 3.260928e+10
-1.517918e+13 5.451774e+12
5.547897e+12 1.752392e+11
6.710404e+10 1.946312e+10
-2.349700e+07 4.529712e+07
4.256120e+10 1.391414e+10
1.714202e+07 -4.101753e+08
6.125669e+06 -1.219027e+07
-3.607134e+09 -2.184456e+08
6.925695e+05 -5.892526e+00
5.583912e+09 1.073215e+09
-8.870690e+07 -4.222982e+07
6.563148e+06 -2.573048e+07
-5.328512e-01 -1.160141e+07
-1.526168e+06 -3.245845e+00
2.690824e+11 6.033336e+11
-8.878929e+07 7.166068e+07
-2.622870e+07 2.722062e+06
7.484295e+07 6.192459e+07
-1.318767e+07 5.726945e+07
-4.328570e+10 5.828876e+10
-6.963713e+08 1.187055e+08
2.083912e+06 6.087215e-01
2.457540e+08 -2.410867e+08
2.485838e+13 -8.976784e+14
-9.978213e+08 -1.689871e+09
-9.669632e+08 1.973438e+09
-9.010928e+07 7.568459e+06
1.271175e+15 -1.145674e+15
-1.397081e+07 2.581621e+06
3.607527e+09 2.176172e+08
2.984990e+19 6.286819e+19
-3.229563e+08 -8.305075e+07
-8.083600e+07 -1.336690e+08
-6.484500e+06 2.579812e+07
-9.662128e+06 -1.193806e+06
8.575011e+05 6.705688e+06
-4.802175e+09 6.242710e+10
2.389982e+08 -4.171747e+08
3.335251e+11 5.215464e+12
4.328707e+10 -5.828512e+10
1.967816e+08 -7.350876e+08
5.393183e+08 1.544071e+08
-3.634289e+08 -9.391420e+08
1.167192e+06 -1.011883e+01
9.124891e+06 1.026519e+01
8.477106e+05 1.710125e+07
-8.892407e+08 -7.861454e+08
1.179709e+08 3.825341e+08
-7.553136e+07 -6.224070e+07
2.260654e+11 -1.031348e+12
-4.879342e+07 -7.583471e+06
7.193309e+06 1.302906e+06
1.957139e+10 1.359397e+10
7.406095e-01 -1.080797e+07
9.650935e+08 -1.973236e+09
1.132521e+09 -4.904595e+07
-6.803801e+06 6.920478e+06
-7.251655e+06 -3.939761e+06
-1.991242e+07 -5.609215e+00
8.430334e+06 5.716098e+06
