2.973533e+05 1.033838e+01
1.183273e+06 -2.084380e+05
1.239106e+09 1.601699e+10
2.939357e+11 3.240712e+11
-2.221407e+11 -3.037820e+11
-8.067876e+08 -1.549519e+08
2.300333e+06 -8.236958e+06
-1.037231e+06 -8.516697e+05
-3.427438e+05 -2.263038e+06
-7.547274e+05 4.359749e+00
1.096305e+05 -2.398231e+05
-5.081577e+06 1.352403e+07
6.946959e+08 -9.032465e+09
7.413804e+08 -2.181092e+08
-7.476645e+09 -1.618786e+09
7.409541e+08 3.550755e+08
-1.974154e+05 6.393982e+06
-9.975976e+05 -3.464831e+05
2.870071e+06 6.441037e+00
-3.554967e+07 3.477496e+07
-3.236154e+05 -6.492138e+05
-5.717563e+08 2.138096e+08
2.149851e+08 6.961496e+09
-1.021777e+10 -2.160411e+09
-7.840228e+06 1.534388e+07
-2.042103e+06 2.021300e+05
1.110321e+05 -2.093357e+04
1.297568e+07 -1.014134e+07
-3.261905e+12 -8.859578e+11
-3.128556e+00 -5.294569e+05
6.388825e+06 -2.884898e+06
-1.953660e+07 3.823022e+06
-4.812606e+09 -1.446928e+09
-4.710700e+08 -2.693284e+08
-6.012312e+06 -8.558265e+05
1.354740e+10 -8.503377e+09
4.688897e+13 8.935934e+13
1.152975e+05 2.129761e+05
7.479431e+09 1.619700e+09
2.517535e+07 2.026813e+07
1.435611e+10 -1.611174e+09
3.160066e+05 6.481958e+05
9.270809e+00 -3.056832e+05
-2.828021e+09 -1.964772e+09
2.148842e+06 1.558617e+07
3.162224e+05 -3.000668e+05
-4.140046e+11 5.768439e+11
1.980987e+05 -1.509989e+05
1.954232e+07 -3.839852e+06
-3.014006e+08 -2.993510e+08
1.005775e+08 -1.734990e+07
4.538380e+06 2.716742e+06
-6.062690e-01 -2.319520e+05
2.304147e+06 -2.590277e+05
5.086193e+12 1.851137e+12
5.714941e+08 -2.139600e+08
-6.557442e+10 1.142191e+10
8.336601e+07 2.114687e+07
5.995878e+05 1.559178e+06
-6.733684e+06 -2.027299e+07
-2.845487e+12 -3.822995e+12
-1.275153e+11 2.383743e+10
9.653283e+06 -1.933985e+07
2.951832e+07 3.277372e+07
-5.813097e+14 8.308084e+14
-5.364005e+07 1.755575e+07
3.214994e+06 -6.537210e+06
-2.044386e+11 -3.085338e+10
-1.329117e+09 -1.136145e+09
1.033046e+09 -1.450579e+08
7.516745e+05 -6.185301e+00
-1.977247e+09 -2.200404e+09
3.260718e+12 8.858288e+11
2.827760e+08 7.040040e+07
1.679248e+04 1.555883e+00
-1.428058e+10 -4.718003e+09
-4.799494e+10 -7.506746e+11
-4.810051e+08 -9.366775e+08
-5.331895e+05 5.511944e+05
-6.863022e+07 -2.163599e+07
-7.942326e+08 -3.254280e+09
2.845902e+12 3.822716e+12
-7.871674e+08 5.126701e+08
7.852704e+06 -1.535352e+07
-1.039856e+08 7.593160e+07
-4.032973e+07 -2.008975e+06
-6.045635e+00 -2.591861e+06
2.221248e+11 3.037597e+11
-3.132492e+05 1.116085e+00
-2.492817e+04 -3.292650e+00
-9.656645e+06 1.929254e+07
1.976811e+09 2.200084e+09
-3.684093e+08 -2.449417e+08
6.389388e+16 -1.040365e+17
4.813382e+09 1.447271e+09
-8.321322e-01 -5.177508e+05
1.439639e+08 2.443531e+08
3.833863e+05 -5.026297e+05
-1.404593e+04 -3.641235e+05
-2.595722e+09 1.691242e+09
-2.147890e+08 -6.966563e+09
2.146684e+11 -2.069284e+11
-2.385789e+08 -1.773288e+08
-1.047595e+11 1.582900e+11
1.111827e+04 3.266967e+05
3.511720e+06 2.153243e+07
1.047748e+11 -1.583016e+11
1.334248e+05 -1.579612e+00
4.934356e+13 -2.536402e+13
-1.355053e+10 8.503912e+09
3.611757e+10 2.033668e+11
6.827995e+06 8.778331e+00
-5.577392e+07 5.353434e+07
-1.033039e+09 1.451356e+08
2.192861e+12 -7.876732e+11
-2.826318e+08 -7.054813e+07
-4.588547e+05 1.372435e+05
5.817332e+14 -8.311714e+14
3.066875e+05 5.819582e+05
-9.704839e+09 -2.815207e+09
-6.391249e+16 1.040517e+17
-8.097714e+07 4.988997e+07
2.846872e+12 -9.201110e+11
7.872603e+08 -5.127486e+08
-2.842265e+07 1.062611e+08
9.997925e+10 -9.857024e+10
2.533687e+07 4.746156e+07
3.874643e+09 5.953029e+09
-1.007162e+06 1.740217e+06
8.980423e+07 -9.668167e+07
-5.144900e+05 -2.461335e+06
5.198616e+05 2.456861e+06
8.891914e+00 -2.549365e+06
-3.070083e+10 6.153752e+10
-1.529416e+07 4.656534e+06
-2.507045e+07 -1.992393e+07
-3.476963e+06 -5.674908e+06
1.074777e+00 2.290992e+06
4.875312e+08 9.382699e+08
-1.286618e+07 3.466474e+07
3.772457e+14 -1.786181e+15
2.164727e+06 -1.100201e+06
-6.080152e+05 -2.467169e+06
8.073072e+07 -4.985896e+07
-1.968771e+05 -6.323060e+05
-8.077546e+15 -3.005231e+16
-1.284920e+05 5.084055e+00
1.291497e+07 -1.040250e+06
-1.946917e+08 -1.871110e+07
-9.905495e+05 -1.598927e+05
-8.984113e+07 9.670917e+07
-8.543890e+05 -9.774620e+05
-1.883926e+07 2.112085e+07
-5.450910e+10 -1.060157e+10
-1.325049e+10 4.855289e+10
3.442145e+00 1.356134e+05
-8.023343e+11 -2.534506e+10
2.417449e+07 -8.971657e+06
9.260836e+12 -1.604229e+13
-3.385251e+00 -6.046165e+06
8.869417e+05 -1.099550e+06
-3.817843e+04 -3.222429e+05
7.424527e+07 -1.710225e+07
5.763978e+04 3.230143e+05
1.943176e+05 6.262337e+05
-1.435295e+10 1.610955e+09
-1.166202e+06 -3.299816e+04
-3.610692e+10 -2.032923e+11
2.403720e+09 4.840543e+09
-3.892183e+10 -8.726648e+10
-1.298959e+15 5.342762e+13
5.903774e+05 2.552390e+06
1.883092e+07 -2.112239e+07
2.094161e+05 2.311494e+06
1.325048e+10 -4.854582e+10
-4.687612e+07 -4.429568e+07
2.155185e+13 7.097864e+12
6.876564e+07 2.163959e+07
5.661036e+08 -9.845810e+07
1.287203e+07 -3.466474e+07
1.946990e+08 1.876278e+07
4.702896e+07 -3.978403e+07
3.013157e+08 2.993102e+08
-3.441629e+07 6.008281e+07
9.538840e+07 1.740630e+08
-1.081247e+06 -4.984249e+05
6.794529e+06 9.757376e+05
-9.258133e+12 1.603877e+13
-6.789225e+06 -9.461003e+05
-1.055134e+06 -1.712767e+06
1.298675e+15 -5.341596e+13
-6.482154e+06 1.497508e+05
3.374413e+10 -7.514362e+09
-2.146209e+11 2.069460e+11
-3.349322e+06 1.219830e+07
-3.375672e+10 7.516053e+09
4.687781e+07 4.430516e+07
3.777622e+06 5.824905e+06
-8.802260e+04 -2.499111e+06
-9.576082e-01 4.583385e+05
3.674005e+05 -4.725529e+05
6.794680e+07 2.297412e+07
5.450123e+10 1.059987e+10
-5.352943e+05 8.368666e+05
3.684983e+08 2.449544e+08
4.137924e+11 -5.765901e+11
-7.414927e+07 1.723277e+07
4.027804e+07 1.841337e+06
-2.403183e+09 -4.839136e+09
1.691658e+20 -1.397516e+20
2.595574e+04 6.872603e+05
-7.217301e+00 3.842814e+05
3.547642e+06 -1.265981e+07
1.028621e+13 -7.156679e+12
-4.492724e+00 1.516625e+05
1.039305e+08 -7.588079e+07
-4.650120e+05 -4.572663e+04
2.144152e+06 -1.423440e+05
1.538788e+07 -4.534077e+06
-4.701429e+07 2.642965e+07
1.413687e+06 1.197693e+05
-4.688213e+13 -8.933981e+13
-5.658461e+08 9.878440e+07
4.241894e+06 -1.624965e+07
1.329223e+09 1.136533e+09
-9.171473e+06 2.756697e+05
4.654794e+06 -1.297030e+07
-1.410772e+07 1.627784e+07
-3.773560e+14 1.786573e+15
1.271319e+07 6.082003e+06
2.599476e+08 7.743098e+08
3.071216e+10 -6.156035e+10
-1.029297e+13 7.159810e+12
-6.152731e+09 -2.012131e+09
4.388731e+09 1.094202e+08
-4.388411e+09 -1.094078e+08
1.417135e+07 -1.619882e+07
-6.672615e+06 2.410644e+07
8.079921e+15 3.005231e+16
-6.345136e+05 -1.602063e+06
9.793802e+00 -5.372840e+05
-2.460826e+06 5.900229e+07
1.302759e+08 -7.683676e+06
3.593684e+05 -2.208242e+05
-3.600720e+05 2.225172e+05
-7.414303e+08 -3.552697e+08
9.163727e+06 -4.862164e+05
-3.580796e+00 3.443637e+06
-4.314238e+18 -9.084891e+18
5.057404e+06 -3.866035e+06
1.075240e+05 6.408771e+00
-8.606891e+05 -1.574845e+06
-2.405122e+07 8.986792e+06
1.058546e+06 5.126596e+05
2.762293e+05 1.072417e+01
-8.330659e+07 -2.113288e+07
-3.306112e+05 -1.182458e+06
6.676160e+06 -2.411529e+07
-3.280034e+06 1.381289e+06
3.219060e+05 9.298911e+05
-3.874344e+09 -5.952573e+09
-1.692028e+20 1.397923e+20
2.103629e+04 -4.635183e+00
-4.239857e+06 1.625670e+07
-5.086934e+12 -1.851542e+12
7.189233e+07 -6.941950e+09
-3.118640e+00 -5.354846e+05
-1.335913e+06 -1.546691e+07
-1.239667e+09 -1.602506e+10
-2.599787e+08 -7.743526e+08
2.382828e+08 1.772398e+08
-1.722656e+07 -5.508242e+07
1.159872e+07 1.947486e+07
-9.552341e+07 -1.742800e+08
-2.844128e+05 -9.107785e+00
-2.443914e+00 -3.852730e+05
-4.933635e+13 2.535661e+13
3.354914e+14 3.624392e+15
-1.124885e+06 -2.006165e+00
4.709455e+08 2.693326e+08
-5.221444e-01 4.608678e+05
-1.308292e+08 6.489094e+06
-5.012560e+06 3.862117e+06
1.132112e+06 -3.565238e+00
-3.097899e+07 2.649147e+07
-1.000401e+11 9.854735e+10
-3.178008e+04 -2.581954e+06
-3.591983e+12 1.297261e+14
-3.268375e+10 1.491174e+11
6.786788e+05 -1.814791e+06
7.125575e+06 1.084061e+06
-1.212013e+07 -2.058982e+07
3.882972e+06 -2.891582e+05
2.676300e+00 5.154339e+05
-6.339707e+06 -1.834959e+06
8.587455e+05 1.570091e+06
-7.417803e+08 2.182620e+08
-2.940642e+11 -3.241421e+11
7.908491e+06 -2.030571e+06
2.044683e+11 3.086007e+10
3.269794e+06 -1.398643e+06
5.242563e+07 1.360416e+08
-2.918059e+07 -3.093691e+07
-1.840317e+05 -1.015358e+05
-1.284744e+06 2.670235e+05
4.342446e+07 -5.673816e+06
-7.046176e+00 1.645996e+05
8.028594e+05 6.990122e+05
1.022959e+10 2.162599e+09
6.423765e+05 8.399243e+05
1.275247e+11 -2.383704e+10
-2.917673e+04 -7.052704e+03
-1.637973e+08 7.092085e+06
1.287228e+08 1.138292e+08
-1.838159e+14 1.656681e+14
-2.539868e+07 -4.739800e+07
-1.973455e+05 -1.875579e+05
6.339008e+06 1.848636e+06
7.865349e+08 3.258208e+09
-1.277702e+05 2.972549e+00
-4.991274e+00 3.890058e+05
-2.847287e+12 9.205132e+11
-4.522844e+06 -2.741614e+06
-7.825892e+07 -2.210469e+07
6.045542e+00 1.707009e+06
2.596756e+09 -1.691533e+09
-2.156446e+13 -7.100980e+12
1.305617e+06 1.584515e+06
-6.463649e+05 1.795665e+06
-7.185813e+07 6.942011e+09
4.673957e+07 1.199770e+07
7.847418e+05 -1.447878e+05
4.553096e+05 -1.277161e+05
-6.502619e+06 2.861602e+06
-3.355891e+14 -3.625447e+15
-4.157695e+05 -5.812772e+00
6.560290e+10 -1.142584e+10
2.753945e+10 -1.972184e+08
-2.753946e+10 1.972111e+08
1.428039e+10 4.717314e+09
-2.192861e+12 7.876157e+11
8.027436e+11 2.535621e+10
9.707794e+09 2.815981e+09
-3.398523e+06 6.551100e+06
6.154167e+09 2.011844e+09
2.469063e+06 -5.907661e+07
8.817246e+05 -1.754426e+06
-5.217011e+08 -3.160061e+07
1.003141e+05 -1.010110e+01
8.066554e+08 1.550292e+08
-1.282730e+07 -6.106688e+06
9.499888e+05 -3.724806e+06
-8.624562e-01 -1.677704e+06
-2.204974e+05 8.740700e+00
3.893036e+10 8.728554e+10
-1.282737e+07 1.035279e+07
-3.789167e+06 3.932524e+05
1.079384e+07 8.931457e+06
-1.906427e+06 8.278676e+06
-6.257102e+09 8.425759e+09
-1.004474e+08 1.712458e+07
3.003394e+05 2.088746e+00
3.552916e+07 -3.485579e+07
3.593029e+12 -1.297356e+14
-1.441908e+08 -2.441958e+08
-1.383826e+08 2.824436e+08
-1.301988e+07 1.093394e+06
1.838427e+14 -1.656923e+14
-2.018074e+06 3.728897e+05
5.218280e+08 3.147868e+07
4.315181e+18 9.088204e+18
-4.675585e+07 -1.202314e+07
-1.168861e+07 -1.932937e+07
-9.387330e+05 3.734457e+06
-1.397627e+06 -1.726661e+05
1.241063e+05 9.704207e+05
-6.949650e+08 9.035129e+09
3.443699e+07 -6.011099e+07
4.804779e+10 7.513895e+11
6.257558e+09 -8.426380e+09
2.845007e+07 -1.062763e+08
7.796937e+07 2.232579e+07
-5.255519e+07 -1.357857e+08
1.686164e+05 -1.070848e+01
1.320275e+06 7.217045e+00
1.226569e+05 2.473210e+06
-1.286017e+08 -1.136909e+08
1.702641e+07 5.521049e+07
-1.089342e+07 -8.976507e+06
3.268370e+10 -1.491069e+11
-7.055954e+06 -1.096620e+06
1.038028e+06 1.880034e+05
2.827410e+09 1.964121e+09
2.024130e+00 -1.537514e+06
1.380785e+08 -2.823580e+08
1.637644e+08 -7.092311e+06
-9.776199e+05 9.944424e+05
-1.048377e+06 -5.694934e+05
-2.879522e+06 -7.737305e+00
1.218570e+06 8.263272e+05
