1.192544e+06 2.349581e+00
4.736096e+06 -8.338812e+05
4.957509e+09 6.407378e+10
1.176300e+12 1.296851e+12
-8.884332e+11 -1.214995e+12
-3.231859e+09 -6.208588e+08
9.210669e+06 -3.298052e+07
-4.153097e+06 -3.409428e+06
-1.371099e+06 -9.054530e+06
-3.022597e+06 2.209275e+00
4.378108e+05 -9.587439e+05
-2.032792e+07 5.410892e+07
2.779138e+09 -3.613052e+10
2.969848e+09 -8.737576e+08
-2.992838e+10 -6.481281e+09
2.972755e+09 1.424429e+09
-7.930859e+05 2.567985e+07
-3.990882e+06 -1.386192e+06
1.148978e+07 8.541041e+00
-1.423725e+08 1.392619e+08
-1.295576e+06 -2.598260e+06
-2.287900e+09 8.556593e+08
8.606617e+08 2.787695e+10
-4.090236e+10 -8.647784e+09
-3.138210e+07 6.140210e+07
-8.169263e+06 8.086533e+05
4.447719e+05 -8.364364e+04
5.201545e+07 -4.061834e+07
-1.304216e+13 -3.542477e+12
3.781073e+00 -2.119396e+06
2.556364e+07 -1.154346e+07
-7.814625e+07 1.529215e+07
-1.926200e+10 -5.790136e+09
-1.886237e+09 -1.078413e+09
-2.406438e+07 -3.425926e+06
5.425677e+10 -3.405132e+10
1.876413e+14 3.576131e+14
4.594162e+05 8.552309e+05
2.993843e+10 6.483285e+09
1.008244e+08 8.117422e+07
5.746417e+10 -6.448921e+09
1.265080e+06 2.594404e+06
-1.528770e+01 -1.221815e+06
-1.132673e+10 -7.869262e+09
8.598832e+06 6.236200e+07
1.267212e+06 -1.202189e+06
-1.665036e+12 2.320110e+12
7.940167e+05 -6.053066e+05
7.818832e+07 -1.536271e+07
-1.206988e+09 -1.198933e+09
4.034643e+08 -6.960292e+07
1.817149e+07 1.087819e+07
3.920968e+00 -9.281597e+05
9.233811e+06 -1.038152e+06
2.036331e+13 7.411834e+12
2.287059e+09 -8.562297e+08
-2.624171e+11 4.570429e+10
3.337252e+08 8.465201e+07
2.402471e+06 6.246674e+06
-2.694068e+07 -8.111229e+07
-1.139502e+13 -1.530787e+13
-5.103957e+11 9.541051e+10
3.860360e+07 -7.734921e+07
1.198622e+08 1.330960e+08
-2.326043e+15 3.323778e+15
-2.146461e+08 7.025115e+07
1.287160e+07 -2.616968e+07
-8.177545e+11 -1.234247e+11
-5.342771e+09 -4.567817e+09
4.131431e+09 -5.801790e+08
3.011366e+06 9.378931e+00
-7.906543e+09 -8.798574e+09
1.304406e+13 3.542670e+12
1.142782e+09 2.844928e+08
6.701861e+04 -3.895453e+00
-5.713170e+10 -1.887682e+10
-1.927445e+11 -3.014988e+12
-1.925388e+09 -3.749168e+09
-2.133465e+06 2.205543e+06
-2.776056e+08 -8.750644e+07
-3.179131e+09 -1.302732e+10
1.139419e+13 1.530675e+13
-3.149874e+09 2.051502e+09
3.142970e+07 -6.145186e+07
-4.165261e+08 3.041525e+08
-1.616219e+08 -8.049737e+06
1.006331e+01 -1.037289e+07
8.885156e+11 1.214950e+12
-1.254123e+06 4.137988e+00
-9.971092e+04 9.287805e+00
-3.861805e+07 7.716305e+07
7.906668e+09 8.799697e+09
-1.475626e+09 -9.809458e+08
2.555848e+17 -4.161612e+17
1.926756e+10 5.792880e+09
-7.535809e+00 -2.073122e+06
5.768117e+08 9.790173e+08
1.533861e+06 -2.011302e+06
-5.621118e+04 -1.458218e+06
-1.040316e+10 6.776568e+09
-8.597348e+08 -2.788503e+10
8.589549e+11 -8.280300e+11
-9.552025e+08 -7.099226e+08
-4.195958e+11 6.339796e+11
4.467431e+04 1.307923e+06
1.405244e+07 8.615502e+07
4.195882e+11 -6.338758e+11
5.335396e+05 2.226627e+00
1.979007e+14 -1.017304e+14
-5.425548e+10 3.404975e+10
1.449921e+11 8.164353e+11
2.730614e+07 7.212716e+00
-2.230796e+08 2.141139e+08
-4.131477e+09 5.803838e+08
8.784882e+12 -3.155232e+12
-1.142494e+09 -2.850636e+08
-1.838094e+06 5.496747e+05
2.326721e+15 -3.324383e+15
1.232750e+06 2.339532e+06
-3.883774e+10 -1.126554e+10
-2.556360e+17 4.162143e+17
-3.846005e+08 2.369441e+08
1.139579e+13 -3.683127e+12
3.150073e+09 -2.051554e+09
-1.138088e+08 4.254784e+08
4.000554e+11 -3.944317e+11
1.014306e+08 1.899915e+08
1.551863e+10 2.384207e+10
-4.050619e+06 6.998069e+06
3.595576e+08 -3.870653e+08
-2.057878e+06 -9.845002e+06
2.079136e+06 9.825635e+06
1.094179e+01 -1.021804e+07
-1.247363e+11 2.500245e+11
-6.127828e+07 1.865567e+07
-1.004208e+08 -7.980624e+07
-1.392290e+07 -2.272241e+07
6.308160e+00 9.180919e+06
1.951475e+09 3.755336e+09
-5.149581e+07 1.387525e+08
1.513200e+15 -7.165086e+15
8.662605e+06 -4.403419e+06
-2.436640e+06 -9.886016e+06
3.834455e+08 -2.368006e+08
-7.878564e+05 -2.529699e+06
-3.254414e+16 -1.210706e+17
-5.143904e+05 -5.165864e+00
5.174493e+07 -4.168856e+06
-7.794768e+08 -7.491582e+07
-3.973334e+06 -6.414712e+05
-3.595874e+08 3.870692e+08
-3.419290e+06 -3.911184e+06
-7.537476e+07 8.449708e+07
-2.180721e+11 -4.241631e+10
-5.302032e+10 1.942540e+11
-9.023858e+00 5.426381e+05
-3.210331e+12 -1.014061e+11
9.686402e+07 -3.594362e+07
3.710349e+13 -6.427216e+13
2.588499e+00 -2.427855e+07
3.570479e+06 -4.425842e+06
-1.521518e+05 -1.288779e+06
2.984169e+08 -6.874843e+07
2.304463e+05 1.292350e+06
7.772934e+05 2.504233e+06
-5.744109e+10 6.447225e+09
-4.665881e+06 -1.316474e+05
-1.449733e+11 -8.163009e+11
9.623641e+09 1.937805e+10
-1.557128e+11 -3.491422e+11
-5.196875e+15 2.137338e+14
2.365030e+06 1.022588e+07
7.534730e+07 -8.449699e+07
8.374709e+05 9.248191e+06
5.301928e+10 -1.942611e+11
-1.877985e+08 -1.774703e+08
8.651803e+13 2.849271e+13
2.781413e+08 8.753535e+07
2.271761e+09 -3.951322e+08
5.152188e+07 -1.387503e+08
7.793923e+08 7.511011e+07
1.885089e+08 -1.594833e+08
1.206911e+09 1.198834e+09
-1.382472e+08 2.413609e+08
3.819573e+08 6.969631e+08
-4.333422e+06 -1.997717e+06
2.718750e+07 3.903845e+06
-3.710551e+13 6.427567e+13
-2.716361e+07 -3.785559e+06
-4.225489e+06 -6.857724e+06
5.197159e+15 -2.137611e+14
-2.593084e+07 5.990444e+05
1.350528e+11 -3.007223e+10
-8.589057e+11 8.280855e+11
-1.340288e+07 4.882000e+07
-1.350957e+11 3.007845e+10
1.877950e+08 1.774890e+08
1.512601e+07 2.332293e+07
-3.522581e+05 -1.000341e+07
8.541666e-01 1.835043e+06
1.470548e+06 -1.891869e+06
2.718808e+08 9.192796e+07
2.180724e+11 4.241182e+10
-2.142846e+06 3.350447e+06
1.476171e+09 9.812646e+08
1.664855e+12 -2.319941e+12
-2.981295e+08 6.928420e+07
1.614528e+08 7.382910e+06
-9.623770e+09 -1.937983e+10
6.773539e+20 -5.595667e+20
1.034668e+05 2.752917e+06
1.117873e+01 1.538366e+06
1.419666e+07 -5.066381e+07
4.119812e+13 -2.866273e+13
-1.015382e+01 6.067582e+05
4.164198e+08 -3.039878e+08
-1.862646e+06 -1.831633e+05
8.580669e+06 -5.695080e+05
6.166608e+07 -1.816978e+07
-1.884814e+08 1.059380e+08
5.657642e+06 4.792539e+05
-1.876208e+14 -3.575610e+14
-2.270521e+09 3.963763e+08
1.698656e+07 -6.507311e+07
5.343585e+09 4.568873e+09
-3.672778e+07 1.103874e+06
1.862035e+07 -5.188964e+07
-5.657777e+07 6.528575e+07
-1.513393e+15 7.165347e+15
5.089152e+07 2.434707e+07
1.040529e+09 3.099439e+09
1.247519e+11 -2.500517e+11
-4.120787e+13 2.866690e+13
-2.463290e+10 -8.054975e+09
1.757252e+10 4.381355e+08
-1.757092e+10 -4.380858e+08
5.684058e+07 -6.496320e+07
-2.669679e+07 9.644139e+07
3.254711e+16 1.210596e+17
-2.542117e+06 -6.418575e+06
-5.242580e+00 -2.153555e+06
-9.885346e+06 2.370288e+08
5.237102e+08 -3.088988e+07
1.438223e+06 -8.835592e+05
-1.440913e+06 8.900664e+05
-2.973792e+09 -1.424894e+09
3.669866e+07 -1.946776e+06
6.972655e+00 1.378184e+07
-1.727645e+19 -3.638130e+19
2.025959e+07 -1.548763e+07
4.302639e+05 -3.734414e+00
-3.447946e+06 -6.309494e+06
-9.634484e+07 3.599780e+07
4.239966e+06 2.053401e+06
1.105431e+06 -1.650424e+00
-3.334870e+08 -8.459441e+07
-1.322595e+06 -4.730633e+06
2.671544e+07 -9.649404e+07
-1.313208e+07 5.529706e+06
1.287096e+06 3.720243e+06
-1.551913e+10 -2.384285e+10
-6.774402e+20 5.596787e+20
8.438804e+04 -8.225570e+00
-1.697955e+07 6.511086e+07
-2.036442e+13 -7.411969e+12
2.876581e+08 -2.777842e+10
-9.677995e+00 -2.143268e+06
-5.344715e+06 -6.188470e+07
-4.959841e+09 -6.411307e+10
-1.040805e+09 -3.099950e+09
9.539124e+08 7.095406e+08
-6.907223e+07 -2.208443e+08
4.643565e+07 7.796760e+07
-3.823372e+08 -6.975645e+08
-1.138998e+06 -4.383139e+00
3.449934e+00 -1.543570e+06
-1.979475e+14 1.017489e+14
1.342308e+15 1.450073e+16
-4.506957e+06 1.057307e+01
1.886220e+09 1.078705e+09
-3.544316e+00 1.846576e+06
-5.260591e+08 2.609286e+07
-2.010158e+07 1.547655e+07
4.536195e+06 2.221666e+00
-1.241649e+08 1.061847e+08
-4.003934e+11 3.943975e+11
-1.272492e+05 -1.033410e+07
-1.438705e+13 5.195856e+14
-1.308613e+11 5.970021e+11
2.716838e+06 -7.265507e+06
2.852525e+07 4.339518e+06
-4.857808e+07 -8.252165e+07
1.555795e+07 -1.159142e+06
6.573019e+00 2.063723e+06
-2.538067e+07 -7.346787e+06
3.440483e+06 6.290122e+06
-2.971070e+09 8.742739e+08
-1.176771e+12 -1.297206e+12
3.166150e+07 -8.129454e+06
8.179178e+11 1.234425e+11
1.308977e+07 -5.599073e+06
2.098741e+08 5.446323e+08
-1.184704e+08 -1.255868e+08
-7.372746e+05 -4.065166e+05
-5.142011e+06 1.068298e+06
1.740240e+08 -2.273882e+07
-1.210467e+00 6.590644e+05
3.214262e+06 2.798623e+06
4.092433e+10 8.652129e+09
2.571135e+06 3.360778e+06
5.104517e+11 -9.541067e+10
-1.170168e+05 -2.819275e+04
-6.555831e+08 2.838675e+07
5.151628e+08 4.555402e+08
-7.358263e+14 6.631915e+14
-1.016778e+08 -1.897403e+08
-7.900555e+05 -7.505228e+05
2.537870e+07 7.400696e+06
3.148719e+09 1.304280e+10
-5.114017e+05 -2.508386e+00
8.035775e-02 1.556216e+06
-1.139848e+13 3.685071e+12
-1.810963e+07 -1.097729e+07
-3.133550e+08 -8.850884e+07
-1.032691e+01 6.833818e+06
1.040389e+10 -6.777237e+09
-8.654956e+13 -2.850050e+13
5.227386e+06 6.343260e+06
-2.587687e+06 7.189346e+06
-2.875637e+08 2.778018e+10
1.869548e+08 4.798539e+07
3.145636e+06 -5.810792e+05
1.821125e+06 -5.103920e+05
-2.602511e+07 1.145330e+07
-1.342283e+15 -1.450021e+16
-1.664360e+06 -2.860116e+00
2.624355e+11 -4.571003e+10
1.102682e+11 -7.897934e+08
-1.102964e+11 7.898366e+08
5.714652e+10 1.887647e+10
-8.785681e+12 3.155347e+12
3.211617e+12 1.014433e+11
3.884390e+10 1.126679e+10
-1.360107e+07 2.622032e+07
2.463595e+10 8.053974e+09
9.917717e+06 -2.373184e+08
3.543949e+06 -7.052269e+06
-2.088059e+09 -1.264618e+08
4.011127e+05 9.972420e+00
3.232095e+09 6.212027e+08
-5.135136e+07 -2.444599e+07
3.799646e+06 -1.489704e+07
3.861628e+00 -6.715930e+06
-8.834163e+05 -6.155742e+00
1.557668e+11 3.492629e+11
-5.138898e+07 4.147533e+07
-1.518002e+07 1.575541e+06
4.330948e+07 3.583333e+07
-7.633403e+06 3.314914e+07
-2.505486e+10 3.373927e+10
-4.029710e+08 6.869572e+07
1.205807e+06 -1.026270e+01
1.422560e+08 -1.395550e+08
1.438888e+13 -5.195951e+14
-5.775621e+08 -9.781363e+08
-5.590520e+08 1.140939e+09
-5.215706e+07 4.380774e+06
7.358665e+14 -6.632036e+14
-8.086366e+06 1.494169e+06
2.088338e+09 1.259763e+08
1.727803e+19 3.638991e+19
-1.869653e+08 -4.807831e+07
-4.679191e+07 -7.737506e+07
-3.753915e+06 1.493486e+07
-5.593305e+06 -6.907979e+05
4.962026e+05 3.881863e+06
-2.780012e+09 3.614117e+10
1.382848e+08 -2.413851e+08
1.929700e+11 3.017627e+12
2.505623e+10 -3.373868e+10
1.139098e+08 -4.255233e+08
3.121899e+08 8.938077e+07
-2.103775e+08 -5.436873e+08
6.756165e+05 3.185804e+00
5.282802e+06 -1.020213e+01
4.905914e+05 9.898990e+06
-5.147723e+08 -4.550866e+08
6.827448e+07 2.213900e+08
-4.370792e+07 -3.601659e+07
1.308587e+11 -5.969818e+11
-2.824450e+07 -4.389817e+06
4.162839e+06 7.538071e+05
1.132779e+10 7.868804e+09
7.921544e-01 -6.243706e+06
5.579273e+08 -1.140804e+09
6.555828e+08 -2.839094e+07
-3.935327e+06 4.002887e+06
-4.197817e+06 -2.280448e+06
-1.152651e+07 -1.035787e+01
4.879847e+06 3.309135e+06
