2.109574e+06 -2.871790e+00
8.377598e+06 -1.475210e+06
8.768963e+09 1.133312e+11
2.080829e+12 2.293972e+12
-1.571450e+12 -2.149078e+12
-5.718267e+09 -1.098526e+09
1.629544e+07 -5.834901e+07
-7.347337e+06 -6.031656e+06
-2.425500e+06 -1.601634e+07
-5.347677e+06 8.383857e+00
7.742987e+05 -1.695406e+06
-3.595408e+07 9.570495e+07
4.915738e+09 -6.390795e+10
5.254405e+09 -1.545892e+09
-5.293868e+10 -1.146475e+10
5.260352e+09 2.520463e+09
-1.403347e+06 4.544840e+07
-7.059022e+06 -2.452036e+06
2.032433e+07 -2.497306e+00
-2.518675e+08 2.463601e+08
-2.291541e+06 -4.596287e+06
-4.047237e+09 1.513584e+09
1.522510e+09 4.931373e+10
-7.236153e+10 -1.529828e+10
-5.552053e+07 1.086213e+08
-1.445065e+07 1.430770e+06
7.872903e+05 -1.482519e+05
9.204584e+07 -7.187339e+07
-2.307028e+13 -6.266512e+12
6.080553e+00 -3.750214e+06
4.521918e+07 -2.042144e+07
-1.382300e+08 2.705241e+07
-3.407482e+10 -1.024277e+10
-3.336848e+09 -1.907721e+09
-4.257064e+07 -6.060756e+06
9.598561e+10 -6.024093e+10
3.318913e+14 6.325134e+14
8.116801e+05 1.512983e+06
5.295056e+10 1.146713e+10
1.783475e+08 1.435846e+08
1.016402e+11 -1.140687e+10
2.237655e+06 4.588963e+06
7.487893e+00 -2.160460e+06
-2.003807e+10 -1.392090e+10
1.521019e+07 1.103079e+08
2.241961e+06 -2.127077e+06
-2.947460e+12 4.106867e+12
1.404759e+06 -1.070907e+06
1.382950e+08 -2.717250e+07
-2.135213e+09 -2.121088e+09
7.139223e+08 -1.231736e+08
3.214957e+07 1.924659e+07
5.492159e+00 -1.641913e+06
1.633723e+07 -1.836855e+06
3.602260e+13 1.311192e+13
4.045624e+09 -1.514598e+09
-4.641599e+11 8.084019e+10
5.903481e+08 1.497459e+08
4.250366e+06 1.105122e+07
-4.765266e+07 -1.434675e+08
-2.015559e+13 -2.707674e+13
-9.027348e+11 1.687586e+11
6.827321e+07 -1.367972e+08
2.124511e+08 2.359109e+08
-4.113718e+15 5.878646e+15
-3.796411e+08 1.242612e+08
2.276750e+07 -4.629242e+07
-1.446384e+12 -2.183052e+11
-9.456964e+09 -8.084605e+09
7.307345e+09 -1.026166e+09
5.327368e+06 -3.978856e-01
-1.398478e+10 -1.556314e+10
2.307266e+13 6.266254e+12
2.024389e+09 5.039683e+08
1.186529e+05 -5.457676e+00
-1.010613e+11 -3.339230e+10
-3.410983e+11 -5.335824e+12
-3.405896e+09 -6.632130e+09
-3.773680e+06 3.901188e+06
-4.917713e+08 -1.550163e+08
-5.623681e+09 -2.304429e+10
2.015600e+13 2.707674e+13
-5.571588e+09 3.628877e+09
5.559760e+07 -1.087039e+08
-7.369037e+08 5.380624e+08
-2.859466e+08 -1.424207e+07
-7.131809e+00 -1.834890e+07
1.571582e+12 2.149055e+12
-2.218928e+06 -5.998411e+00
-1.766797e+05 9.027487e+00
-6.831248e+07 1.364778e+08
1.398417e+10 1.556378e+10
-2.610576e+09 -1.735422e+09
4.521005e+17 -7.361495e+17
3.408482e+10 1.024734e+10
-7.668690e+00 -3.668131e+06
1.020503e+09 1.732067e+09
2.713526e+06 -3.558062e+06
-9.977050e+04 -2.579770e+06
-1.840534e+10 1.198937e+10
-1.520692e+09 -4.932483e+10
1.519331e+12 -1.464642e+12
-1.689582e+09 -1.255700e+09
-7.422484e+11 1.121502e+12
7.880085e+04 2.313136e+06
2.485499e+07 1.523945e+08
7.423324e+11 -1.121421e+12
9.439379e+05 -1.059436e+01
3.502004e+14 -1.800225e+14
-9.598583e+10 6.023847e+10
2.565960e+11 1.444783e+12
4.829417e+07 2.098365e+00
-3.945679e+08 3.787235e+08
-7.307819e+09 1.026532e+09
1.554183e+13 -5.581913e+12
-2.023892e+09 -5.049727e+08
-3.251963e+06 9.726862e+05
4.115412e+15 -5.879735e+15
2.181929e+06 4.140970e+06
-6.869813e+10 -1.992628e+10
-4.521331e+17 7.361571e+17
-6.957910e+08 4.286507e+08
2.015798e+13 -6.514021e+12
5.571491e+09 -3.628791e+09
-2.013039e+08 7.526048e+08
7.075662e+11 -6.975945e+11
1.794170e+08 3.360493e+08
2.745054e+10 4.217391e+10
-7.169908e+06 1.238778e+07
6.360470e+08 -6.847002e+08
-3.640157e+06 -1.741284e+07
3.677558e+06 1.737946e+07
-2.151045e+00 -1.807913e+07
-2.211314e+11 4.432504e+11
-1.084167e+08 3.300419e+07
-1.776567e+08 -1.411856e+08
-2.463071e+07 -4.019885e+07
8.246041e+00 1.624407e+07
3.452046e+09 6.642551e+09
-9.109603e+07 2.454547e+08
2.677604e+15 -1.267843e+16
1.532314e+07 -7.789228e+06
-4.310845e+06 -1.749080e+07
6.937340e+08 -4.284426e+08
-1.393871e+06 -4.475108e+06
-5.762711e+16 -2.143794e+17
-9.104441e+05 -3.915834e-01
9.154861e+07 -7.376193e+06
-1.378752e+09 -1.325271e+08
-7.030859e+06 -1.135294e+06
-6.360961e+08 6.846874e+08
-6.048093e+06 -6.918384e+06
-1.333220e+08 1.494544e+08
-3.857316e+11 -7.502548e+10
-9.378416e+10 3.436116e+11
-5.059493e+00 9.598420e+05
-5.678472e+12 -1.793835e+11
1.713778e+08 -6.359517e+07
6.564759e+13 -1.137136e+14
-1.958681e+00 -4.296896e+07
6.321165e+06 -7.835689e+06
-2.689905e+05 -2.279625e+06
5.281976e+08 -1.216894e+08
4.078311e+05 2.286155e+06
1.374757e+06 4.429533e+06
-1.016055e+11 1.140452e+10
-8.253499e+06 -2.330450e+05
-2.565585e+11 -1.444633e+12
1.702439e+10 3.428112e+10
-2.754407e+11 -6.175772e+11
-9.192419e+15 3.780478e+14
4.184116e+06 1.809038e+07
1.332728e+08 -1.494547e+08
1.481497e+06 1.635641e+07
9.377536e+10 -3.435974e+11
-3.322262e+08 -3.139673e+08
1.531036e+14 5.042184e+13
4.927402e+08 1.550768e+08
4.020095e+09 -6.992508e+08
9.114089e+07 -2.454399e+08
1.378687e+09 1.328675e+08
3.335324e+08 -2.821718e+08
2.135053e+09 2.120777e+09
-2.446580e+08 4.271479e+08
6.756532e+08 1.232895e+09
-7.666717e+06 -3.534776e+06
4.809016e+07 6.905843e+06
-6.565030e+13 1.137242e+14
-4.804879e+07 -6.696220e+06
-7.475398e+06 -1.213129e+07
9.193082e+15 -3.781141e+14
-4.586789e+07 1.060402e+06
2.389113e+11 -5.319621e+10
-1.519358e+12 1.464781e+12
-2.370994e+07 8.636043e+07
-2.389626e+11 5.320367e+10
3.322348e+08 3.139887e+08
2.675766e+07 4.125868e+07
-6.231788e+05 -1.769452e+07
6.959468e+00 3.246364e+06
2.601583e+06 -3.346486e+06
4.808972e+08 1.625985e+08
3.857242e+11 7.501588e+10
-3.790373e+06 5.926666e+06
2.611294e+09 1.735891e+09
2.947068e+12 -4.106528e+12
-5.276648e+08 1.226373e+08
2.856392e+08 1.306218e+07
-1.702361e+10 -3.428327e+10
1.198232e+21 -9.898654e+20
1.830241e+05 4.870857e+06
-7.430223e+00 2.721883e+06
2.511468e+07 -8.962567e+07
7.288725e+13 -5.071106e+13
-6.054366e+00 1.073628e+06
7.367817e+08 -5.378417e+08
-3.296144e+06 -3.245081e+05
1.517914e+07 -1.007676e+06
1.091055e+08 -3.214681e+07
-3.335090e+08 1.874474e+08
1.000830e+07 8.481560e+05
-3.319050e+14 -6.325394e+14
-4.018056e+09 7.014446e+08
3.005039e+07 -1.151175e+08
9.457804e+09 8.086671e+09
-6.496818e+07 1.952948e+06
3.293436e+07 -9.177808e+07
-1.001118e+08 1.155200e+08
-2.677659e+15 1.267791e+16
9.001972e+07 4.306568e+07
1.840526e+09 5.482065e+09
2.211102e+11 -4.432135e+11
-7.288950e+13 5.070845e+13
-4.357183e+10 -1.424812e+10
3.108453e+10 7.750425e+08
-3.108261e+10 -7.749793e+08
1.005790e+08 -1.149528e+08
-4.722370e+07 1.705955e+08
5.762830e+16 2.143596e+17
-4.498052e+06 -1.135655e+07
2.695110e+00 -3.810671e+06
-1.749539e+07 4.195357e+08
9.270274e+08 -5.467917e+07
2.544534e+06 -1.563374e+06
-2.549143e+06 1.574606e+06
-5.262004e+09 -2.521252e+09
6.492421e+07 -3.444553e+06
1.028559e+01 2.437896e+07
-3.056296e+19 -6.436269e+19
3.584322e+07 -2.739969e+07
7.614522e+05 3.022086e+00
-6.099720e+06 -1.116192e+07
-1.704369e+08 6.368227e+07
7.500438e+06 3.632542e+06
1.955205e+06 9.171562e+00
-5.898713e+08 -1.496329e+08
-2.339686e+06 -8.367644e+06
4.725153e+07 -1.706820e+08
-2.323143e+07 9.782776e+06
2.277051e+06 6.580922e+06
-2.745580e+10 -4.218244e+10
-1.198442e+21 9.900692e+20
1.491736e+05 1.899919e+00
-3.003798e+07 1.151884e+08
-3.602482e+13 -1.311205e+13
5.088372e+08 -4.913612e+10
1.022260e+01 -3.791311e+06
-9.454132e+06 -1.094625e+08
-8.772624e+09 -1.134005e+11
-1.841070e+09 -5.483494e+09
1.687356e+09 1.255053e+09
-1.222087e+08 -3.907408e+08
8.214264e+07 1.379224e+08
-6.763116e+08 -1.233965e+09
-2.015012e+06 -4.345247e+00
4.905585e+00 -2.730816e+06
-3.502689e+14 1.800540e+14
2.374283e+15 2.564859e+16
-7.973393e+06 2.022413e+00
3.336688e+09 1.908144e+09
2.745137e+00 3.266681e+06
-9.311270e+08 4.618362e+07
-3.556537e+07 2.738015e+07
8.025266e+06 2.930657e+00
-2.196776e+08 1.878774e+08
-7.082595e+11 6.976406e+11
-2.253472e+05 -1.827972e+07
-2.545321e+13 9.192064e+14
-2.314948e+11 1.056113e+12
4.806107e+06 -1.285294e+07
5.046031e+07 7.676713e+06
-8.594982e+07 -1.460058e+08
2.752584e+07 -2.050962e+06
-3.301543e+00 3.650901e+06
-4.489948e+07 -1.299740e+07
6.087550e+06 1.112894e+07
-5.256180e+09 1.546713e+09
-2.081472e+12 -2.294563e+12
5.600787e+07 -1.437968e+07
1.446636e+12 2.183453e+11
2.315669e+07 -9.904549e+06
3.712611e+08 9.634635e+08
-2.099958e+08 -2.226043e+08
-1.304217e+06 -7.189355e+05
-9.095426e+06 1.889513e+06
3.078776e+08 -4.022971e+07
6.424637e+00 1.165499e+06
5.685784e+06 4.950390e+06
7.238620e+10 1.530385e+10
4.547835e+06 5.944297e+06
9.029489e+11 -1.687784e+11
-2.070188e+05 -4.984767e+04
-1.159647e+09 5.021421e+07
9.112704e+08 8.057831e+08
-1.301619e+15 1.173148e+15
-1.798578e+08 -3.356331e+08
-1.397712e+06 -1.327839e+06
4.489441e+07 1.309210e+07
5.570113e+09 2.307387e+10
-9.050862e+05 2.399656e+00
-3.150267e+00 2.753092e+06
-2.016337e+13 6.518848e+12
-3.203763e+07 -1.942006e+07
-5.543552e+08 -1.565792e+08
7.315037e-02 1.209015e+07
1.840746e+10 -1.199078e+10
-1.531745e+14 -5.043897e+13
9.247869e+06 1.122202e+07
-4.578111e+06 1.271801e+07
-5.086077e+08 4.913605e+10
3.306643e+08 8.487494e+07
5.566253e+06 -1.029063e+06
3.222156e+06 -9.034902e+05
-4.603858e+07 2.026158e+07
-2.374307e+15 -2.564753e+16
-2.944936e+06 8.154191e+00
4.641873e+11 -8.085271e+10
1.950952e+11 -1.397206e+09
-1.951234e+11 1.397286e+09
1.010859e+11 3.339121e+10
-1.554327e+13 5.582545e+12
5.680928e+12 1.794412e+11
6.871317e+10 1.992985e+10
-2.406052e+07 4.638343e+07
4.358189e+10 1.424786e+10
1.755349e+07 -4.200193e+08
6.272783e+06 -1.248292e+07
-3.693640e+09 -2.236844e+08
7.092563e+05 1.011554e+01
5.717855e+09 1.098959e+09
-9.083438e+07 -4.324267e+07
6.720574e+06 -2.634749e+07
7.998259e+00 -1.187966e+07
-1.562804e+06 6.473107e+00
2.755344e+11 6.177996e+11
-9.091876e+07 7.337935e+07
-2.685780e+07 2.787350e+06
7.663853e+07 6.341025e+07
-1.350393e+07 5.864291e+07
-4.432376e+10 5.968660e+10
-7.130770e+08 1.215533e+08
2.133869e+06 -6.367239e+00
2.516448e+08 -2.468654e+08
2.545425e+13 -9.191970e+14
-1.021732e+09 -1.730365e+09
-9.901733e+08 2.020807e+09
-9.226877e+07 7.749823e+06
1.301632e+15 -1.173124e+15
-1.430562e+07 2.643493e+06
3.693960e+09 2.228311e+08
3.056516e+19 6.437527e+19
-3.306928e+08 -8.504016e+07
-8.277273e+07 -1.368729e+08
-6.639842e+06 2.641626e+07
-9.893673e+06 -1.222369e+06
8.779947e+05 6.866348e+06
-4.917269e+09 6.392330e+10
2.447305e+08 -4.271807e+08
3.415245e+11 5.340554e+12
4.432468e+10 -5.968174e+10
2.014969e+08 -7.527022e+08
5.522412e+08 1.581069e+08
-3.721363e+08 -9.616392e+08
1.195110e+06 2.681002e+00
9.343418e+06 7.007721e+00
8.679701e+05 1.751061e+07
-9.105274e+08 -8.049641e+08
1.207958e+08 3.916982e+08
-7.734118e+07 -6.373206e+07
2.314801e+11 -1.056061e+12
-4.996253e+07 -7.765178e+06
7.365718e+06 1.334087e+06
2.004039e+10 1.391977e+10
4.502408e+00 -1.106758e+07
9.882593e+08 -2.020577e+09
1.159644e+09 -5.022055e+07
-6.966880e+06 7.086442e+06
-7.425363e+06 -4.034130e+06
-2.038947e+07 5.392887e+00
8.632328e+06 5.853095e+06
