9.796716e+04 5.881541e+00
3.908855e+05 -6.886818e+04
4.098464e+08 5.300493e+09
9.716475e+10 1.071345e+11
-7.352930e+10 -1.005455e+11
-2.657701e+08 -5.104374e+07
7.591487e+05 -2.718299e+06
-3.420662e+05 -2.807847e+05
-1.132438e+05 -7.483829e+05
-2.488044e+05 9.632172e+00
3.626268e+04 -7.936160e+04
-1.681257e+06 4.474859e+06
2.299296e+08 -2.989776e+09
2.444765e+08 -7.192863e+07
-2.471325e+09 -5.351105e+08
2.435539e+08 1.167147e+08
-6.477682e+04 2.095797e+06
-3.302863e+05 -1.147070e+05
9.488033e+05 1.092152e+01
-1.174185e+07 1.148258e+07
-1.070844e+05 -2.148285e+05
-1.891832e+08 7.070384e+07
7.103485e+07 2.301040e+09
-3.380600e+09 -7.148360e+08
-2.592496e+06 5.073262e+06
-6.755500e+05 6.684328e+04
3.659179e+04 -6.899375e+03
4.268936e+06 -3.344418e+06
-1.080021e+12 -2.933417e+11
7.078515e+00 -1.746718e+05
2.112048e+06 -9.536071e+05
-6.466163e+06 1.265286e+06
-1.591222e+09 -4.781977e+08
-1.554778e+08 -8.888599e+07
-1.985802e+06 -2.825841e+05
4.469042e+09 -2.804701e+09
1.549075e+13 2.952823e+13
3.863357e+04 6.989733e+04
2.471346e+09 5.353366e+08
8.303031e+06 6.684607e+06
4.744575e+09 -5.323623e+08
1.044994e+05 2.142949e+05
1.105680e+01 -1.013822e+05
-9.324303e+08 -6.477602e+08
7.105443e+05 5.153310e+06
1.041885e+05 -9.885839e+04
-1.349553e+11 1.880507e+11
6.529373e+04 -4.977363e+04
6.469024e+06 -1.271133e+06
-9.947782e+07 -9.880855e+07
3.304067e+07 -5.700426e+06
1.498442e+06 8.969840e+05
5.526413e+00 -7.684050e+04
7.589939e+05 -8.530244e+04
1.680323e+12 6.115134e+11
1.890688e+08 -7.078495e+07
-2.169735e+10 3.779297e+09
2.754566e+07 6.988371e+06
1.975686e+05 5.137326e+05
-2.227740e+06 -6.706482e+06
-9.395732e+11 -1.262533e+12
-4.213654e+10 7.876339e+09
3.197163e+06 -6.406774e+06
9.379065e+06 1.041421e+07
-1.925983e+14 2.751815e+14
-1.774982e+07 5.809322e+06
1.062796e+06 -2.160816e+06
-6.769974e+10 -1.021558e+10
-4.340112e+08 -3.709420e+08
3.420676e+08 -4.802521e+07
2.477199e+05 2.790150e+00
-6.549092e+08 -7.288238e+08
1.079546e+12 2.932128e+11
9.098879e+07 2.265624e+07
5.559525e+03 2.947495e+00
-4.723794e+09 -1.560641e+09
-1.572287e+10 -2.458628e+11
-1.589088e+08 -3.094033e+08
-1.763460e+05 1.823298e+05
-2.203451e+07 -6.947100e+06
-2.624084e+08 -1.075111e+09
9.395732e+11 1.262254e+12
-2.604013e+08 1.695953e+08
2.596634e+06 -5.076863e+06
-3.429777e+07 2.503726e+07
-1.328331e+07 -6.617641e+05
4.480150e+00 -8.567465e+05
7.354560e+10 1.005676e+11
-1.034711e+05 -3.116806e+00
-8.146889e+03 -7.025985e+00
-3.198960e+06 6.391051e+06
6.551955e+08 7.291443e+08
-1.216028e+08 -8.083737e+07
2.115993e+16 -3.446167e+16
1.591598e+09 4.785212e+08
2.561610e+00 -1.709887e+05
4.749063e+07 8.058318e+07
1.268000e+05 -1.662831e+05
-4.607403e+03 -1.201700e+05
-8.553265e+08 5.574126e+08
-7.097546e+07 -2.302560e+09
7.100364e+10 -6.844855e+10
-7.881324e+07 -5.858826e+07
-3.456583e+10 5.223616e+10
3.609434e+03 1.078856e+05
1.161747e+06 7.124692e+06
3.458111e+10 -5.224771e+10
4.417780e+04 -2.216989e+00
1.620387e+13 -8.329260e+12
-4.471074e+09 2.805913e+09
1.183310e+10 6.662850e+10
2.260540e+06 1.686617e+00
-1.846813e+07 1.772915e+07
-3.422157e+08 4.806869e+07
7.229019e+11 -2.596466e+11
-9.099013e+07 -2.270041e+07
-1.512278e+05 4.520378e+04
1.925983e+14 -2.751815e+14
1.001869e+05 1.901120e+05
-3.209730e+09 -9.310197e+08
-2.115993e+16 3.445410e+16
-1.328496e+07 8.184098e+06
9.406588e+11 -3.041102e+11
2.603939e+08 -1.695965e+08
-9.382291e+06 3.507688e+07
3.306670e+10 -3.260069e+10
8.369892e+06 1.567867e+07
1.278268e+09 1.963939e+09
-3.290722e+05 5.685425e+05
2.968596e+07 -3.195708e+07
-1.704442e+05 -8.155705e+05
1.721629e+05 8.139615e+05
1.282275e+00 -8.396397e+05
-9.735357e+09 1.951379e+10
-5.040730e+06 1.534940e+06
-8.270837e+06 -6.572959e+06
-1.148160e+06 -1.873353e+06
-1.069389e+01 7.543313e+05
1.610419e+08 3.099990e+08
-4.253432e+06 1.145976e+07
1.239935e+14 -5.870839e+14
7.162762e+05 -3.641204e+05
-2.004866e+05 -8.135775e+05
1.324454e+07 -8.179783e+06
-6.526609e+04 -2.095212e+05
-2.623436e+15 -9.758275e+15
-4.243682e+04 -3.407854e+00
4.256889e+06 -3.429414e+05
-6.432959e+07 -6.182917e+06
-3.257548e+05 -5.256204e+04
-2.969391e+07 3.196390e+07
-2.826022e+05 -3.232265e+05
-6.232638e+06 6.987461e+06
-1.803341e+10 -3.507350e+09
-4.382411e+09 1.605817e+10
-6.709451e+00 4.488847e+04
-2.654770e+11 -8.385581e+09
7.970518e+06 -2.957554e+06
3.052481e+12 -5.287727e+12
6.771202e+00 -1.980799e+06
2.886101e+05 -3.577367e+05
-1.254607e+04 -1.065014e+05
2.425327e+07 -5.587492e+06
1.902844e+04 1.067978e+05
6.433535e+04 2.072898e+05
-4.743524e+09 5.323676e+08
-3.855113e+05 -1.081498e+04
-1.182779e+10 -6.659871e+10
7.937637e+08 1.598459e+09
-1.287284e+10 -2.886213e+10
-4.296752e+14 1.767691e+13
1.945340e+05 8.412694e+05
6.231249e+06 -6.987976e+06
6.923407e+04 7.644130e+05
4.383370e+09 -1.606171e+10
-1.546124e+07 -1.460793e+07
7.071996e+12 2.329263e+12
2.208182e+07 6.947764e+06
1.857899e+08 -3.230815e+07
4.253418e+06 -1.145384e+07
6.432260e+07 6.198627e+06
1.548287e+07 -1.309572e+07
9.943506e+07 9.877319e+07
-1.127216e+07 1.968008e+07
3.152491e+07 5.751766e+07
-3.564541e+05 -1.643172e+05
2.249803e+06 3.230525e+05
-3.051805e+12 5.286556e+12
-2.248742e+06 -3.132648e+05
-3.485292e+05 -5.657973e+05
4.296752e+14 -1.767303e+13
-2.146583e+06 4.953459e+04
1.116608e+10 -2.486173e+09
-7.098782e+10 6.844940e+10
-1.107649e+06 4.034599e+06
-1.116618e+10 2.486188e+09
1.545718e+07 1.460785e+07
1.247157e+06 1.923091e+06
-2.908717e+04 -8.259613e+05
1.027678e+01 1.515116e+05
1.214424e+05 -1.562321e+05
2.248235e+07 7.601702e+06
1.803344e+10 3.507298e+09
-1.768663e+05 2.766043e+05
1.216587e+08 8.085923e+07
1.349554e+11 -1.880930e+11
-2.423089e+07 5.631856e+06
1.327118e+07 6.065912e+05
-7.939353e+08 -1.598813e+09
5.589119e+19 -4.617294e+19
8.554751e+03 2.267607e+05
7.040532e+00 1.267179e+05
1.173831e+06 -4.188583e+06
3.396979e+12 -2.363291e+12
-1.070336e+01 5.014802e+04
3.427946e+07 -2.502788e+07
-1.534340e+05 -1.505596e+04
7.093550e+05 -4.706941e+04
5.072382e+06 -1.494691e+06
-1.547456e+07 8.700522e+06
4.672662e+05 3.953720e+04
-1.549758e+13 -2.953474e+13
-1.857332e+08 3.242731e+07
1.399900e+06 -5.362812e+06
4.341115e+08 3.711538e+08
-3.025736e+06 9.095057e+04
1.540168e+06 -4.292257e+06
-4.635547e+06 5.347823e+06
-1.239935e+14 5.870839e+14
4.199721e+06 2.009161e+06
8.588514e+07 2.558275e+08
9.739896e+09 -1.952293e+10
-3.398479e+12 2.363813e+12
-2.032374e+09 -6.646982e+08
1.449155e+09 3.613303e+07
-1.449155e+09 -3.613158e+07
4.658854e+06 -5.323795e+06
-2.207312e+06 7.974002e+06
2.623436e+15 9.758275e+15
-2.089892e+05 -5.277211e+05
-8.877207e+00 -1.766944e+05
-8.051431e+05 1.930735e+07
4.254681e+07 -2.509588e+06
1.187215e+05 -7.294241e+04
-1.189341e+05 7.345146e+04
-2.436043e+08 -1.167188e+08
3.022649e+06 -1.603113e+05
3.136021e+00 1.137845e+06
-1.423296e+18 -2.996941e+18
1.666807e+06 -1.274160e+06
3.550769e+04 -4.087011e+00
-2.835911e+05 -5.189994e+05
-7.928135e+06 2.962144e+06
3.489547e+05 1.690012e+05
9.119094e+04 6.148063e+00
-2.752196e+07 -6.981631e+06
-1.093457e+05 -3.910902e+05
2.207515e+06 -7.974567e+06
-1.082830e+06 4.560479e+05
1.064615e+05 3.076455e+05
-1.278545e+09 -1.963932e+09
-5.587886e+19 4.616275e+19
6.769190e+03 -7.055971e-01
-1.399153e+06 5.365149e+06
-1.680694e+12 -6.116484e+11
2.377382e+07 -2.295277e+09
-1.530147e+00 -1.769678e+05
-4.418757e+05 -5.116196e+06
-4.102436e+08 -5.302796e+09
-8.587652e+07 -2.557665e+08
7.870412e+07 5.854180e+07
-5.666671e+06 -1.811810e+07
3.829879e+06 6.430587e+06
-3.155813e+07 -5.756849e+07
-9.382903e+04 -1.018738e+01
8.789680e+00 -1.269911e+05
-1.619305e+13 8.323700e+12
1.110163e+14 1.199247e+15
-3.707211e+05 1.068341e-01
1.554023e+08 8.886772e+07
-5.662364e+00 1.519880e+05
-4.271795e+07 2.118615e+06
-1.653373e+06 1.273030e+06
3.733745e+05 8.711787e+00
-1.020350e+07 8.726105e+06
-3.309651e+10 3.260029e+10
-1.051560e+04 -8.538694e+05
-1.185192e+12 4.281010e+13
-1.079850e+10 4.926384e+10
2.242210e+05 -5.995913e+05
2.355145e+06 3.582579e+05
-3.992914e+06 -6.781140e+06
1.280073e+06 -9.534317e+04
8.372037e+00 1.702754e+05
-2.094086e+06 -6.061653e+05
2.829752e+05 5.173733e+05
-2.445376e+08 7.194747e+07
-9.722902e+10 -1.071817e+11
2.612288e+06 -6.706346e+05
6.768482e+10 1.021556e+10
1.079881e+06 -4.618434e+05
1.731601e+07 4.493741e+07
-9.269714e+06 -9.826919e+06
-6.052518e+04 -3.340281e+04
-4.244142e+05 8.815175e+04
1.430368e+07 -1.869057e+06
-7.077727e+00 5.431634e+04
2.650767e+05 2.307238e+05
3.383549e+09 7.153552e+08
2.122432e+05 2.777461e+05
4.213656e+10 -7.876208e+09
-9.556185e+03 -2.351468e+03
-5.412581e+07 2.342816e+06
4.255128e+07 3.762523e+07
-6.072730e+13 5.473180e+13
-8.390978e+06 -1.565891e+07
-6.530854e+04 -6.202458e+04
2.094067e+06 6.107088e+05
2.598282e+08 1.076334e+09
-4.218370e+04 1.637548e-01
-1.050806e+00 1.286251e+05
-9.406587e+11 3.041101e+11
-1.493315e+06 -9.051978e+05
-2.583912e+07 -7.296760e+06
-2.271270e+00 5.637507e+05
8.560507e+08 -5.576333e+08
-7.073573e+12 -2.329263e+12
4.313989e+05 5.234775e+05
-2.135595e+05 5.933420e+05
-2.376957e+07 2.296309e+09
1.547892e+07 3.973023e+06
2.583798e+05 -4.750246e+04
1.506875e+05 -4.220821e+04
-2.149023e+06 9.457623e+05
-1.110896e+14 -1.200039e+15
-1.371633e+05 -6.718709e+00
2.170684e+10 -3.780885e+09
9.087457e+09 -6.507323e+07
-9.087458e+09 6.507561e+07
4.723730e+09 1.560414e+09
-7.229018e+11 2.596466e+11
2.655939e+11 8.389298e+09
3.210479e+09 9.312095e+08
-1.123205e+06 2.165347e+06
2.032853e+09 6.646519e+08
8.079881e+05 -1.933321e+07
2.880698e+05 -5.732410e+05
-1.724434e+08 -1.044293e+07
3.310469e+04 1.856773e+00
2.657661e+08 5.108066e+07
-4.237124e+06 -2.017186e+06
3.145871e+05 -1.233386e+06
1.627318e+00 -5.541629e+05
-7.267919e+04 -1.063710e+01
1.287851e+10 2.887484e+10
-4.229031e+06 3.413185e+06
-1.249061e+06 1.296344e+05
3.543768e+06 2.932100e+06
-6.294627e+05 2.733019e+06
-2.065633e+09 2.781563e+09
-3.299311e+07 5.625617e+06
9.831278e+04 3.962805e+00
1.173000e+07 -1.150683e+07
1.185454e+12 -4.280064e+13
-4.753784e+07 -8.050819e+07
-4.456248e+07 9.096768e+07
-4.289567e+06 3.601695e+05
6.072730e+13 -5.473180e+13
-6.646222e+05 1.227911e+05
1.724477e+08 1.040275e+07
1.423610e+18 2.998266e+18
-1.547984e+07 -3.980601e+06
-3.859876e+06 -6.382581e+06
-3.107885e+05 1.236390e+06
-4.619014e+05 -5.710656e+04
4.107452e+04 3.212006e+05
-2.300361e+08 2.989787e+09
1.127571e+07 -1.968218e+07
1.572994e+10 2.460278e+11
2.066089e+09 -2.781565e+09
9.391380e+06 -3.508200e+07
2.573782e+07 7.370357e+06
-1.735757e+07 -4.485597e+07
5.558431e+04 6.921574e+00
4.366213e+05 -9.255928e+00
4.053993e+04 8.174269e+05
-4.251743e+07 -3.758769e+07
5.602511e+06 1.816696e+07
-3.577528e+06 -2.947990e+06
1.079610e+10 -4.925309e+10
-2.332077e+06 -3.623316e+05
3.412094e+05 6.171173e+04
9.322263e+08 6.475910e+08
7.974287e+00 -4.882818e+05
4.447763e+07 -9.095348e+07
5.411475e+07 -2.343550e+06
-3.180698e+05 3.234972e+05
-3.460210e+05 -1.879629e+05
-9.513982e+05 -8.659129e+00
4.020658e+05 2.726333e+05
