1.684663e+05 -4.269811e+00
6.708944e+05 -1.181764e+05
7.028131e+08 9.085393e+09
1.666813e+11 1.837671e+11
-1.260156e+11 -1.723164e+11
-4.568421e+08 -8.773778e+07
1.303580e+06 -4.667234e+06
-5.875068e+05 -4.822695e+05
-1.942425e+05 -1.283351e+06
-4.274379e+05 -2.131308e+00
6.213096e+04 -1.360300e+05
-2.882267e+06 7.670477e+06
3.940421e+08 -5.123264e+09
4.198829e+08 -1.235358e+08
-4.238582e+09 -9.179730e+08
4.192312e+08 2.008833e+08
-1.116407e+05 3.613713e+06
-5.658484e+05 -1.965975e+05
1.627565e+06 7.597946e+00
-2.015300e+07 1.970982e+07
-1.836020e+05 -3.683113e+05
-3.243854e+08 1.212667e+08
1.218860e+08 3.947251e+09
-5.795953e+09 -1.225456e+09
-4.446536e+06 8.701803e+06
-1.158207e+06 1.146474e+05
6.294760e+04 -1.187409e+04
7.344905e+06 -5.744931e+06
-1.850447e+12 -5.026597e+11
7.521994e+00 -2.999420e+05
3.622530e+06 -1.635634e+06
-1.108287e+07 2.168725e+06
-2.728862e+09 -8.204001e+08
-2.669259e+08 -1.526201e+08
-3.407878e+06 -4.850866e+05
7.675609e+09 -4.817092e+09
2.657850e+13 5.065888e+13
6.573382e+04 1.204609e+05
4.239707e+09 9.181919e+08
1.426187e+07 1.148193e+07
8.139833e+09 -9.134093e+08
1.792052e+05 3.674966e+05
-9.757859e-01 -1.735722e+05
-1.601899e+09 -1.112841e+09
1.218119e+06 8.836769e+06
1.789962e+05 -1.699265e+05
-2.334772e+11 3.253341e+11
1.122293e+05 -8.554664e+04
1.108446e+07 -2.178405e+06
-1.707783e+08 -1.695856e+08
5.688585e+07 -9.814392e+06
2.571743e+06 1.539491e+06
9.954481e+00 -1.316301e+05
1.304676e+06 -1.466872e+05
2.883201e+12 1.049369e+12
3.241478e+08 -1.213568e+08
-3.719068e+10 6.477963e+09
4.726023e+07 1.198891e+07
3.395809e+05 8.829720e+05
-3.818995e+06 -1.149685e+07
-1.612920e+12 -2.166930e+12
-7.228717e+10 1.351222e+10
5.476824e+06 -1.097354e+07
1.649117e+07 1.831126e+07
-3.298902e+14 4.714630e+14
-3.042824e+07 9.958834e+06
1.822858e+06 -3.706675e+06
-1.159929e+11 -1.750439e+10
-7.501429e+08 -6.411950e+08
5.860794e+08 -8.229130e+07
4.256823e+05 5.131053e+00
-1.121735e+09 -1.248337e+09
1.849735e+12 5.024662e+11
1.586956e+08 3.951138e+07
9.523782e+03 1.030399e+01
-8.098675e+09 -2.675974e+09
-2.712253e+10 -4.242322e+11
-2.726807e+08 -5.309227e+08
-3.023776e+05 3.125587e+05
-3.849320e+07 -1.213662e+07
-4.502235e+08 -1.844606e+09
1.612920e+12 2.166652e+12
-4.464841e+08 2.907882e+08
4.453375e+06 -8.707157e+06
-5.891538e+07 4.301204e+07
-2.283658e+07 -1.137576e+06
-9.840008e+00 -1.469647e+06
1.260320e+11 1.723384e+11
-1.776146e+05 6.053833e-01
-1.408680e+04 -1.100115e+01
-5.480454e+06 1.094910e+07
1.122164e+09 1.248818e+09
-2.088074e+08 -1.388081e+08
3.625756e+16 -5.904468e+16
2.729957e+09 8.207741e+08
5.681726e+00 -2.935501e+05
8.157463e+07 1.384662e+08
2.174795e+05 -2.851676e+05
-7.978732e+03 -2.064162e+05
-1.470252e+09 9.579797e+08
-1.217774e+08 -3.950291e+09
1.217585e+11 -1.173770e+11
-1.352626e+08 -1.005424e+08
-5.936704e+10 8.970768e+10
6.282458e+03 1.852168e+05
1.992073e+06 1.221533e+07
5.938232e+10 -8.971922e+10
7.567598e+04 7.464752e+00
2.790787e+13 -1.434545e+13
-7.677681e+09 4.818284e+09
2.040968e+10 1.149206e+11
3.873587e+06 3.008825e+00
-3.164512e+07 3.038003e+07
-5.863009e+08 8.235368e+07
1.242163e+12 -4.461509e+11
-1.587241e+08 -3.959885e+07
-2.598952e+05 7.772189e+04
3.300596e+14 -4.715841e+14
1.731315e+05 3.285475e+05
-5.503910e+09 -1.596678e+09
-3.626221e+16 5.903711e+16
-3.719495e+07 2.291368e+07
1.613892e+12 -5.216287e+11
4.464716e+08 -2.907903e+08
-1.610620e+07 6.021486e+07
5.669617e+10 -5.589715e+10
1.436157e+07 2.690242e+07
2.195151e+09 3.372645e+09
-5.686529e+05 9.826068e+05
5.092765e+07 -5.482385e+07
-2.919617e+05 -1.396985e+06
2.949350e+05 1.394229e+06
6.331333e+00 -1.443728e+06
-1.714299e+10 3.436184e+10
-8.663131e+06 2.637749e+06
-1.420656e+07 -1.129019e+07
-1.970805e+06 -3.216368e+06
-8.909207e+00 1.297046e+06
2.763611e+08 5.319347e+08
-7.296541e+06 1.965867e+07
2.134739e+14 -1.010755e+15
1.228057e+06 -6.241807e+05
-3.444323e+05 -1.397757e+06
3.708176e+07 -2.290155e+07
-1.117959e+05 -3.589971e+05
-4.550931e+15 -1.692789e+16
-7.282840e+04 -3.041019e+00
7.315346e+06 -5.892567e+05
-1.103665e+08 -1.060768e+07
-5.605408e+05 -9.041773e+04
-5.093000e+07 5.482342e+07
-4.844426e+05 -5.542077e+05
-1.068447e+07 1.197846e+07
-3.091442e+10 -6.012600e+09
-7.514082e+09 2.753335e+10
7.459307e+00 7.688756e+04
-4.551451e+11 -1.437660e+10
1.369526e+07 -5.081793e+06
5.245374e+12 -9.086415e+12
6.192072e+00 -3.416719e+06
4.999137e+05 -6.198549e+05
-2.156408e+04 -1.826758e+05
4.191286e+07 -9.655975e+06
3.268258e+04 1.832184e+05
1.103335e+05 3.553797e+05
-8.138778e+09 9.134185e+08
-6.612997e+05 -1.865002e+04
-2.040435e+10 -1.148908e+11
1.362540e+09 2.743845e+09
-2.207460e+10 -4.949338e+10
-7.367482e+14 3.030717e+13
3.343308e+05 1.445487e+06
1.068315e+07 -1.198092e+07
1.187228e+05 1.310847e+06
7.515038e+09 -2.753688e+10
-2.655866e+07 -2.509524e+07
1.218875e+13 4.014681e+12
3.857460e+07 1.213821e+07
3.201498e+08 -5.567806e+07
7.297918e+06 -1.965215e+07
1.103829e+08 1.063735e+07
2.662765e+07 -2.252431e+07
1.707426e+08 1.696061e+08
-1.944788e+07 3.395407e+07
5.408743e+07 9.869235e+07
-6.125095e+05 -2.823539e+05
3.855416e+06 5.536643e+05
-5.244698e+12 9.085244e+12
-3.853077e+06 -5.368486e+05
-5.981364e+05 -9.710335e+05
7.367482e+14 -3.030329e+13
-3.678622e+06 8.491394e+04
1.914290e+10 -4.262792e+09
-1.217426e+11 1.173784e+11
-1.899693e+06 6.919367e+06
-1.914799e+10 4.263367e+09
2.655770e+07 2.509838e+07
2.141052e+06 3.301413e+06
-4.989131e+04 -1.416862e+06
3.115272e+00 2.599128e+05
2.083243e+05 -2.679727e+05
3.853617e+07 1.302976e+07
3.091050e+10 6.011739e+09
-3.034049e+05 4.743438e+05
2.088228e+08 1.388098e+08
2.334167e+11 -3.252918e+11
-4.185771e+07 9.730001e+06
2.281060e+07 1.042691e+06
-1.362534e+09 -2.743847e+09
9.589803e+19 -7.922347e+19
1.477071e+04 3.893994e+05
-1.138833e-01 2.177316e+05
2.012462e+06 -7.180873e+06
5.830680e+12 -4.056947e+12
-5.027881e+00 8.598602e+04
5.888181e+07 -4.298635e+07
-2.634232e+05 -2.585877e+04
1.216334e+06 -8.068724e+04
8.717463e+06 -2.568838e+06
-2.661833e+07 1.496326e+07
8.016356e+05 6.785802e+04
-2.658533e+13 -5.065888e+13
-3.199807e+08 5.586574e+07
2.403611e+06 -9.207795e+06
7.502452e+08 6.415230e+08
-5.196233e+06 1.561855e+05
2.640155e+06 -7.356786e+06
-7.980801e+06 9.207946e+06
-2.134739e+14 1.010755e+15
7.207072e+06 3.447868e+06
1.473724e+08 4.389805e+08
1.714751e+10 -3.437097e+10
-5.833681e+12 4.057991e+12
-3.488042e+09 -1.140677e+09
2.487556e+09 6.201643e+07
-2.487236e+09 -6.201397e+07
8.019948e+06 -9.164620e+06
-3.784356e+06 1.367100e+07
4.550337e+15 1.692568e+16
-3.592860e+05 -9.071709e+05
2.304075e+00 -3.040747e+05
-1.390037e+06 3.333108e+07
7.354038e+07 -4.337758e+06
2.037731e+05 -1.252156e+05
-2.041182e+05 1.261222e+05
-4.194414e+08 -2.009683e+08
5.191520e+06 -2.754525e+05
-2.167799e+00 1.952210e+06
-2.444294e+18 -5.147266e+18
2.864433e+06 -2.189662e+06
6.098150e+04 7.926990e+00
-4.874370e+05 -8.919370e+05
-1.362297e+07 5.089889e+06
5.995740e+05 2.903913e+05
1.565596e+05 1.613873e+00
-4.722568e+07 -1.198003e+07
-1.875336e+05 -6.706196e+05
3.785896e+06 -1.367504e+07
-1.858815e+06 7.828338e+05
1.825371e+05 5.274632e+05
-2.195707e+09 -3.373067e+09
-9.591037e+19 7.923365e+19
1.186232e+04 4.759216e+00
-2.402705e+06 9.213077e+06
-2.883943e+12 -1.049504e+12
4.076795e+07 -3.936350e+09
6.322626e+00 -3.036402e+05
-7.576570e+05 -8.771807e+06
-7.032362e+08 -9.090007e+09
-1.473712e+08 -4.389164e+08
1.350628e+08 1.004626e+08
-9.749793e+06 -3.117291e+07
6.573649e+06 1.103749e+07
-5.414640e+07 -9.878318e+07
-1.611055e+05 5.328904e+00
6.921301e-01 -2.181740e+05
-2.789705e+13 1.433804e+13
1.902787e+14 2.055739e+15
-6.370597e+05 -7.455549e+00
2.668210e+08 1.525831e+08
-4.445475e+00 2.610822e+05
-7.384309e+07 3.662286e+06
-2.841588e+06 2.187656e+06
6.414264e+05 -1.082692e+01
-1.754244e+07 1.500241e+07
-5.674936e+10 5.589852e+10
-1.805565e+04 -1.464399e+06
-2.035387e+12 7.351306e+13
-1.852635e+10 8.452993e+10
3.847054e+05 -1.028680e+06
4.039933e+06 6.145584e+05
-6.863269e+06 -1.165698e+07
2.199266e+06 -1.637733e+05
7.723910e+00 2.921401e+05
-3.593231e+06 -1.040190e+06
4.861770e+05 8.890147e+05
-4.201114e+08 1.236160e+08
-1.667456e+11 -1.838143e+11
4.482948e+06 -1.150921e+06
1.159928e+11 1.750662e+10
1.853108e+06 -7.925281e+05
2.971185e+07 7.710635e+07
-1.629945e+07 -1.727922e+07
-1.040904e+05 -5.741989e+04
-7.282277e+05 1.512962e+05
2.458944e+07 -3.213087e+06
-5.117414e+00 9.325468e+04
4.549500e+05 3.960735e+05
5.801114e+09 1.226481e+09
3.641369e+05 4.762743e+05
7.229649e+10 -1.351373e+10
-1.650680e+04 -4.017223e+03
-9.285867e+07 4.020089e+06
7.298789e+07 6.453827e+07
-1.042034e+14 9.391561e+13
-1.439825e+07 -2.686944e+07
-1.119615e+05 -1.063663e+05
3.593583e+06 1.048002e+06
4.458865e+08 1.847078e+09
-7.241761e+04 -6.240937e+00
7.216101e+00 2.205867e+05
-1.614099e+12 5.218298e+11
-2.563393e+06 -1.553865e+06
-4.435432e+07 -1.252649e+07
1.634706e+00 9.675424e+05
1.470763e+09 -9.580582e+08
-1.219190e+13 -4.014681e+12
7.401284e+05 8.981231e+05
-3.663607e+05 1.017959e+06
-4.075154e+07 3.936890e+09
2.651830e+07 6.807424e+06
4.442790e+05 -8.184749e+04
2.582949e+05 -7.237949e+04
-3.686554e+06 1.622428e+06
-1.903764e+14 -2.056531e+15
-2.355538e+05 5.978398e+00
3.720968e+10 -6.480329e+09
1.560288e+10 -1.117431e+08
-1.560489e+10 1.117472e+08
8.098565e+09 2.675240e+09
-1.242003e+12 4.460934e+11
4.552621e+11 1.438033e+10
5.504689e+09 1.596857e+09
-1.926611e+06 3.714126e+06
3.488094e+09 1.140451e+09
1.394764e+06 -3.337252e+07
4.977892e+05 -9.904291e+05
-2.958182e+08 -1.791440e+07
5.683324e+04 1.150419e+00
4.567340e+08 8.778501e+07
-7.270330e+06 -3.461207e+06
5.389535e+05 -2.113297e+06
4.166209e+00 -9.509839e+05
-1.249059e+05 8.456150e+00
2.207745e+10 4.949973e+10
-7.265152e+06 5.863603e+06
-2.146004e+06 2.227537e+05
6.103788e+06 5.050255e+06
-1.080389e+06 4.691226e+06
-3.545646e+09 4.774535e+09
-5.681129e+07 9.685935e+06
1.696813e+05 6.059608e+00
2.013261e+07 -1.975218e+07
2.035648e+12 -7.350360e+13
-8.166925e+07 -1.383117e+08
-7.769350e+07 1.585842e+08
-7.372208e+06 6.191007e+05
1.042034e+14 -9.391561e+13
-1.142584e+06 2.111000e+05
2.958255e+08 1.784535e+07
2.444609e+18 5.148591e+18
-2.652322e+07 -6.820355e+06
-6.624447e+06 -1.095399e+07
-5.324651e+05 2.118389e+06
-7.923279e+05 -9.791412e+04
7.036925e+04 5.504866e+05
-3.942536e+08 5.124598e+09
1.945470e+07 -3.395891e+07
2.714369e+10 4.245072e+11
3.546558e+09 -4.775153e+09
1.612233e+07 -6.022577e+07
4.418448e+07 1.265155e+07
-2.978699e+07 -7.698784e+07
9.554021e+04 -8.296142e+00
7.488151e+05 3.042222e+00
6.956124e+04 1.402382e+06
-7.292988e+07 -6.447393e+07
9.638418e+06 3.125396e+07
-6.162157e+06 -5.077805e+06
1.852870e+10 -8.453012e+10
-4.000964e+06 -6.216530e+05
5.872627e+05 1.062971e+05
1.601491e+09 1.112510e+09
-7.690822e+00 -8.588435e+05
7.753541e+07 -1.585595e+08
9.283642e+07 -4.020560e+06
-5.510795e+05 5.605125e+05
-5.940996e+05 -3.227351e+05
-1.632435e+06 -1.686157e+00
6.904673e+05 4.682232e+05
