1.231266e+06 2.077400e+00
4.890162e+06 -8.610489e+05
5.118703e+09 6.615641e+10
1.214527e+12 1.339016e+12
-9.173209e+11 -1.254519e+12
-3.337049e+09 -6.410546e+08
9.510342e+06 -3.405296e+07
-4.288117e+06 -3.520249e+06
-1.415693e+06 -9.349166e+06
-3.121014e+06 9.323148e+00
4.520568e+05 -9.899609e+05
-2.098909e+07 5.586871e+07
2.869541e+09 -3.730446e+10
3.066395e+09 -9.021789e+08
-3.090165e+10 -6.692068e+09
3.069505e+09 1.470783e+09
-8.188705e+05 2.651631e+07
-4.120802e+06 -1.431324e+06
1.186379e+07 -1.028299e+01
-1.470071e+08 1.437952e+08
-1.337806e+06 -2.682910e+06
-2.362374e+09 8.835110e+08
8.886808e+08 2.878356e+10
-4.223404e+10 -8.929152e+09
-3.240346e+07 6.339690e+07
-8.434695e+06 8.349582e+05
4.592668e+05 -8.634614e+04
5.370789e+07 -4.194030e+07
-1.346643e+13 -3.657647e+12
9.260622e+00 -2.188356e+06
2.639424e+07 -1.191847e+07
-8.068573e+07 1.578964e+07
-1.988853e+10 -5.978632e+09
-1.947645e+09 -1.113500e+09
-2.484767e+07 -3.537434e+06
5.602305e+10 -3.515981e+10
1.937419e+14 3.692460e+14
4.742547e+05 8.829910e+05
3.091171e+10 6.694067e+09
1.041030e+08 8.381374e+07
5.933229e+10 -6.658696e+09
1.306207e+06 2.678737e+06
-5.395121e-01 -1.261533e+06
-1.169529e+10 -8.125300e+09
8.878523e+06 6.439043e+07
1.308433e+06 -1.241324e+06
-1.719291e+12 2.395669e+12
8.199062e+05 -6.250389e+05
8.072810e+07 -1.586194e+07
-1.246242e+09 -1.237924e+09
4.165924e+08 -7.186790e+07
1.876242e+07 1.123216e+07
6.987484e+00 -9.583567e+05
9.534155e+06 -1.071968e+06
2.102535e+13 7.652958e+12
2.361446e+09 -8.840794e+08
-2.709518e+11 4.719089e+10
3.445819e+08 8.740577e+07
2.480684e+06 6.449997e+06
-2.781696e+07 -8.375030e+07
-1.176562e+13 -1.580591e+13
-5.269995e+11 9.851415e+10
3.985897e+07 -7.986489e+07
1.237800e+08 1.374462e+08
-2.401592e+15 3.431842e+15
-2.216241e+08 7.253628e+07
1.329032e+07 -2.702099e+07
-8.443492e+11 -1.274386e+11
-5.516765e+09 -4.716561e+09
4.265807e+09 -5.990491e+08
3.109332e+06 5.220486e-01
-8.163700e+09 -9.084755e+09
1.346833e+13 3.657840e+12
1.180037e+09 2.937672e+08
6.916405e+04 -4.151027e+00
-5.898710e+10 -1.949015e+10
-1.990140e+11 -3.113025e+12
-1.987956e+09 -3.871058e+09
-2.202814e+06 2.277257e+06
-2.866670e+08 -9.036266e+07
-3.282450e+09 -1.345063e+10
1.176479e+13 1.580452e+13
-3.252234e+09 2.118242e+09
3.245165e+07 -6.344993e+07
-4.300753e+08 3.140511e+08
-1.668799e+08 -8.311773e+06
7.938010e+00 -1.071045e+07
9.174033e+11 1.254474e+12
-1.294986e+06 8.427287e+00
-1.030244e+05 8.373510e+00
-3.987452e+07 7.967317e+07
8.163825e+09 9.085878e+09
-1.523649e+09 -1.012870e+09
2.638990e+17 -4.296989e+17
1.989445e+10 5.981357e+09
2.093069e+00 -2.140636e+06
5.955768e+08 1.010865e+09
1.583752e+06 -2.076712e+06
-5.806390e+04 -1.505657e+06
-1.074150e+10 6.996967e+09
-8.876869e+08 -2.879164e+10
8.868810e+11 -8.549512e+11
-9.862618e+08 -7.330064e+08
-4.332418e+11 6.545971e+11
4.608498e+04 1.350435e+06
1.450927e+07 8.895595e+07
4.332342e+11 -6.544932e+11
5.508704e+05 -6.030819e+00
2.043404e+14 -1.050406e+14
-5.601981e+10 3.515698e+10
1.497111e+11 8.430063e+11
2.819369e+07 -4.748747e+00
-2.303320e+08 2.210746e+08
-4.265777e+09 5.992480e+08
9.070587e+12 -3.257849e+12
-1.179784e+09 -2.943666e+08
-1.897928e+06 5.675744e+05
2.402397e+15 -3.432508e+15
1.272940e+06 2.415788e+06
-4.010113e+10 -1.163201e+10
-2.639502e+17 4.297444e+17
-3.977602e+08 2.450510e+08
1.176633e+13 -3.802853e+12
3.252430e+09 -2.118258e+09
-1.175074e+08 4.393062e+08
4.130534e+11 -4.072466e+11
1.047284e+08 1.961688e+08
1.602327e+10 2.461783e+10
-4.182608e+06 7.226114e+06
3.712553e+08 -3.996579e+08
-2.124841e+06 -1.016521e+07
2.146778e+06 1.014527e+07
-7.517175e-01 -1.055064e+07
-1.288121e+11 2.581987e+11
-6.327256e+07 1.926283e+07
-1.036886e+08 -8.240321e+07
-1.437597e+07 -2.346182e+07
-1.823065e+00 9.479752e+06
2.014925e+09 3.877448e+09
-5.317021e+07 1.432637e+08
1.562434e+15 -7.398197e+15
8.944250e+06 -4.546619e+06
-2.515933e+06 -1.020761e+07
3.965652e+08 -2.449033e+08
-8.135428e+05 -2.612021e+06
-3.360468e+16 -1.250155e+17
-5.311548e+05 9.943094e+00
5.342775e+07 -4.304479e+06
-8.048227e+08 -7.735057e+07
-4.102556e+06 -6.623235e+05
-3.712790e+08 3.996547e+08
-3.530472e+06 -4.038358e+06
-7.782501e+07 8.724408e+07
-2.251616e+11 -4.379516e+10
-5.474394e+10 2.005698e+11
3.294789e+00 5.602723e+05
-3.314721e+12 -1.047035e+11
1.000149e+08 -3.711281e+07
3.831042e+13 -6.636290e+13
-6.557373e+00 -2.506888e+07
3.686781e+06 -4.569968e+06
-1.571215e+05 -1.330677e+06
3.081335e+08 -7.098694e+07
2.379445e+05 1.334416e+06
8.025956e+05 2.585620e+06
-5.931026e+10 6.657002e+09
-4.817682e+06 -1.359091e+05
-1.496949e+11 -8.428868e+11
9.936766e+09 2.000861e+10
-1.607786e+11 -3.605002e+11
-5.365926e+15 2.206832e+14
2.441946e+06 1.055843e+07
7.779615e+07 -8.724420e+07
8.647104e+05 9.548846e+06
5.474291e+10 -2.005768e+11
-1.939098e+08 -1.832457e+08
8.933579e+13 2.942057e+13
2.872209e+08 9.039280e+07
2.345730e+09 -4.079979e+08
5.319795e+07 -1.432636e+08
8.047496e+08 7.755378e+07
1.946444e+08 -1.646740e+08
1.246180e+09 1.237842e+09
-1.427495e+08 2.492215e+08
3.943823e+08 7.196377e+08
-4.474417e+06 -2.062707e+06
2.807173e+07 4.030862e+06
-3.831313e+13 6.636758e+13
-2.804738e+07 -3.908673e+06
-4.362946e+06 -7.080656e+06
5.366210e+15 -2.207144e+14
-2.677424e+07 6.185030e+05
1.394420e+11 -3.104951e+10
-8.868162e+11 8.550070e+11
-1.383864e+07 5.040720e+07
-1.394875e+11 3.105628e+10
1.939027e+08 1.832610e+08
1.561781e+07 2.408127e+07
-3.637062e+05 -1.032865e+07
7.438665e-01 1.894748e+06
1.518375e+06 -1.953345e+06
2.807144e+08 9.491473e+07
2.251580e+11 4.378988e+10
-2.212461e+06 3.459298e+06
1.524135e+09 1.013144e+09
1.719019e+12 -2.395415e+12
-3.078262e+08 7.153790e+07
1.666989e+08 7.622800e+06
-9.936368e+09 -2.000934e+10
6.993552e+20 -5.777424e+20
1.067534e+05 2.842361e+06
-5.541406e+00 1.588373e+06
1.465860e+07 -5.231215e+07
4.253876e+13 -2.959541e+13
9.213266e+00 6.264916e+05
4.299724e+08 -3.138805e+08
-1.923257e+06 -1.890967e+05
8.859592e+06 -5.880151e+05
6.367167e+07 -1.876083e+07
-1.946164e+08 1.093859e+08
5.841797e+06 4.949148e+05
-1.937248e+14 -3.691940e+14
-2.344450e+09 4.092837e+08
1.753930e+07 -6.719053e+07
5.517580e+09 4.717634e+09
-3.792266e+07 1.139763e+06
1.922589e+07 -5.357726e+07
-5.841940e+07 6.741083e+07
-1.562654e+15 7.398588e+15
5.254713e+07 2.513909e+07
1.074379e+09 3.200269e+09
1.288300e+11 -2.582259e+11
-4.254851e+13 2.959959e+13
-2.543428e+10 -8.317012e+09
1.814418e+10 4.523893e+08
-1.814258e+10 -4.523391e+08
5.869150e+07 -6.707831e+07
-2.756525e+07 9.957869e+07
3.360824e+16 1.250066e+17
-2.624857e+06 -6.627491e+06
1.090847e+01 -2.223553e+06
-1.020711e+07 2.447491e+08
5.407729e+08 -3.189628e+07
1.484997e+06 -9.122876e+05
-1.487772e+06 9.190075e+05
-3.070595e+09 -1.471275e+09
3.789262e+07 -2.010125e+06
6.980469e+00 1.423011e+07
-1.783854e+19 -3.756444e+19
2.091846e+07 -1.599129e+07
4.442084e+05 7.294713e+00
-3.559958e+06 -6.514504e+06
-9.947640e+07 3.716779e+07
4.377724e+06 2.120095e+06
1.141283e+06 -4.763792e+00
-3.443344e+08 -8.734455e+07
-1.365635e+06 -4.884516e+06
2.758432e+07 -9.963222e+07
-1.355925e+07 5.709592e+06
1.328951e+06 3.841253e+06
-1.602377e+10 -2.461818e+10
-6.994662e+20 5.778749e+20
8.710272e+04 -3.703523e+00
-1.753132e+07 6.722799e+07
-2.102646e+13 -7.652823e+12
2.970032e+08 -2.868085e+10
-1.587114e+00 -2.212842e+06
-5.518282e+06 -6.389488e+07
-5.120960e+09 -6.619686e+10
-1.074622e+09 -3.200665e+09
9.849044e+08 7.325931e+08
-7.131752e+07 -2.280232e+08
4.794442e+07 8.050092e+07
-3.947586e+08 -7.202415e+08
-1.176024e+06 6.234546e+00
-6.562141e+00 -1.593700e+06
-2.043836e+14 1.050591e+14
1.385933e+15 1.497225e+16
-4.653580e+06 -2.090843e+00
1.947577e+09 1.113792e+09
1.043455e+01 1.906623e+06
-5.431942e+08 2.694266e+07
-2.075570e+07 1.598006e+07
4.683761e+06 -3.421733e-02
-1.282052e+08 1.096400e+08
-4.134149e+11 4.072238e+11
-1.314080e+05 -1.067022e+07
-1.485510e+13 5.364883e+14
-1.351159e+11 6.164121e+11
2.805164e+06 -7.501706e+06
2.945253e+07 4.480569e+06
-5.015697e+07 -8.520372e+07
1.606354e+07 -1.196774e+06
-6.273608e+00 2.130791e+06
-2.620576e+07 -7.585641e+06
3.552366e+06 6.494666e+06
-3.067673e+09 9.026868e+08
-1.214977e+12 -1.339323e+12
3.268957e+07 -8.393338e+06
8.444678e+11 1.274519e+11
1.351503e+07 -5.780918e+06
2.166927e+08 5.623376e+08
-1.223394e+08 -1.296861e+08
-7.611796e+05 -4.196686e+05
-5.309031e+06 1.102950e+06
1.796801e+08 -2.347788e+07
-8.584896e+00 6.804523e+05
3.318705e+06 2.889621e+06
4.225452e+10 8.933358e+09
2.654581e+06 3.469855e+06
5.270276e+11 -9.851079e+10
-1.208245e+05 -2.910653e+04
-6.768826e+08 2.930909e+07
5.319001e+08 4.703399e+08
-7.597342e+14 6.847390e+14
-1.049813e+08 -1.959051e+08
-8.157427e+05 -7.748771e+05
2.620285e+07 7.641231e+06
3.251033e+09 1.346688e+10
-5.280447e+05 -6.729489e-01
-3.981920e+00 1.606877e+06
-1.176902e+13 3.804931e+12
-1.869879e+07 -1.133446e+07
-3.235481e+08 -9.138799e+07
-7.158252e+00 7.056033e+06
1.074221e+10 -6.997625e+09
-8.936575e+13 -2.942784e+13
5.397338e+06 6.549515e+06
-2.671854e+06 7.423103e+06
-2.969104e+08 2.868313e+10
1.930307e+08 4.954493e+07
3.247953e+06 -6.000088e+05
1.880362e+06 -5.270005e+05
-2.687111e+07 1.182562e+07
-1.385908e+15 -1.497146e+16
-1.718544e+06 -6.761072e+00
2.709367e+11 -4.719493e+10
1.138542e+11 -8.154863e+08
-1.138844e+11 8.155304e+08
5.900502e+10 1.949040e+10
-9.071386e+12 3.257964e+12
3.316008e+12 1.047407e+11
4.010660e+10 1.163284e+10
-1.404297e+07 2.707223e+07
2.543645e+10 8.315700e+09
1.024033e+07 -2.450387e+08
3.659216e+06 -7.281695e+06
-2.155903e+09 -1.305704e+08
4.140897e+05 -3.164129e+00
3.337142e+09 6.413928e+08
-5.301981e+07 -2.524025e+07
3.922995e+06 -1.538082e+07
-1.748011e+00 -6.934074e+06
-9.120958e+05 8.053267e+00
1.608326e+11 3.606209e+11
-5.306094e+07 4.282474e+07
-1.567394e+07 1.626734e+06
4.471843e+07 3.699909e+07
-7.881539e+06 3.422686e+07
-2.586944e+10 3.483617e+10
-4.160802e+08 7.093047e+07
1.245048e+06 5.550120e+00
1.468806e+08 -1.440916e+08
1.485667e+13 -5.364883e+14
-5.963417e+08 -1.009941e+09
-5.772813e+08 1.178143e+09
-5.385316e+07 4.523239e+06
7.597878e+14 -6.847631e+14
-8.349346e+06 1.542768e+06
2.156261e+09 1.300737e+08
1.784011e+19 3.757372e+19
-1.930449e+08 -4.964166e+07
-4.831389e+07 -7.989173e+07
-3.875953e+06 1.542042e+07
-5.775200e+06 -7.132511e+05
5.123178e+05 4.008078e+06
-2.870418e+09 3.731644e+10
1.427850e+08 -2.492271e+08
1.992536e+11 3.115884e+12
2.587126e+10 -3.483620e+10
1.176153e+08 -4.393655e+08
3.223452e+08 9.228822e+07
-2.172202e+08 -5.613424e+08
6.975192e+05 3.000323e-02
5.454312e+06 2.409216e+00
5.065012e+05 1.022083e+07
-5.315150e+08 -4.698798e+08
7.049631e+07 2.285947e+08
-4.513079e+07 -3.718908e+07
1.351156e+11 -6.164026e+11
-2.916326e+07 -4.532619e+06
4.298335e+06 7.783778e+05
1.169635e+10 8.124832e+09
-3.066077e+00 -6.447846e+06
5.761321e+08 -1.178022e+09
6.769066e+08 -2.931447e+07
-4.063623e+06 4.133397e+06
-4.334431e+06 -2.354651e+06
-1.190146e+07 -1.067986e+01
5.038648e+06 3.416842e+06
