1.235775e+06 7.852303e+00
4.908018e+06 -8.641933e+05
5.137206e+09 6.639676e+10
1.218960e+12 1.343879e+12
-9.206690e+11 -1.259097e+12
-3.349234e+09 -6.433954e+08
9.545077e+06 -3.417680e+07
-4.303682e+06 -3.533022e+06
-1.420814e+06 -9.383290e+06
-3.132432e+06 -6.848883e+00
4.537279e+05 -9.935967e+05
-2.106570e+07 5.607258e+07
2.880013e+09 -3.744060e+10
3.077591e+09 -9.054730e+08
-3.101445e+10 -6.716498e+09
3.080718e+09 1.476155e+09
-8.218856e+05 2.661322e+07
-4.135860e+06 -1.436569e+06
1.190711e+07 -2.632592e+00
-1.475436e+08 1.443200e+08
-1.342691e+06 -2.692702e+06
-2.370996e+09 8.867354e+08
8.919246e+08 2.888864e+10
-4.238821e+10 -8.961745e+09
-3.252176e+07 6.362836e+07
-8.465484e+06 8.380053e+05
4.609433e+05 -8.666196e+04
5.390404e+07 -4.209343e+07
-1.351558e+13 -3.670996e+12
2.262441e+00 -2.196367e+06
2.649064e+07 -1.196201e+07
-8.098025e+07 1.584729e+07
-1.996114e+10 -6.000454e+09
-1.954755e+09 -1.117564e+09
-2.493838e+07 -3.550365e+06
5.622754e+10 -3.528815e+10
1.944456e+14 3.705871e+14
4.759797e+05 8.862136e+05
3.102452e+10 6.718497e+09
1.044830e+08 8.411967e+07
5.954881e+10 -6.682996e+09
1.310994e+06 2.688531e+06
7.045956e+00 -1.266111e+06
-1.173777e+10 -8.154958e+09
8.910943e+06 6.462540e+07
1.313208e+06 -1.245877e+06
-1.725576e+12 2.404426e+12
8.229197e+05 -6.273418e+05
8.102281e+07 -1.591985e+07
-1.250792e+09 -1.242443e+09
4.181140e+08 -7.213044e+07
1.883093e+07 1.127318e+07
5.356427e-01 -9.618738e+05
9.568982e+06 -1.075879e+06
2.110208e+13 7.680889e+12
2.370063e+09 -8.873054e+08
-2.719404e+11 4.736309e+10
3.458395e+08 8.772475e+07
2.489739e+06 6.473410e+06
-2.791795e+07 -8.405438e+07
-1.180858e+13 -1.586360e+13
-5.289228e+11 9.887367e+10
4.000441e+07 -8.015632e+07
1.242339e+08 1.379501e+08
-2.410358e+15 3.444367e+15
-2.224329e+08 7.280100e+07
1.333885e+07 -2.711962e+07
-8.474298e+11 -1.279036e+11
-5.536931e+09 -4.733800e+09
4.281373e+09 -6.012350e+08
3.120625e+06 -5.146215e+00
-8.193488e+09 -9.117905e+09
1.351747e+13 3.671189e+12
1.184357e+09 2.948427e+08
6.941558e+04 1.030878e+01
-5.920135e+10 -1.956093e+10
-1.997419e+11 -3.124406e+12
-1.995216e+09 -3.885194e+09
-2.210856e+06 2.285571e+06
-2.877172e+08 -9.069370e+07
-3.294438e+09 -1.349975e+10
1.180775e+13 1.586221e+13
-3.264104e+09 2.125973e+09
3.257011e+07 -6.368153e+07
-4.316457e+08 3.151977e+08
-1.674893e+08 -8.342146e+06
4.826352e+00 -1.074957e+07
9.207514e+11 1.259052e+12
-1.299736e+06 -8.906840e+00
-1.034229e+05 -8.762553e+00
-4.002008e+07 7.996395e+07
8.193613e+09 9.119028e+09
-1.529212e+09 -1.016568e+09
2.648621e+17 -4.312671e+17
1.996706e+10 6.003189e+09
5.585910e+00 -2.148474e+06
5.977518e+08 1.014557e+09
1.589554e+06 -2.084291e+06
-5.827604e+04 -1.511176e+06
-1.078071e+10 7.022511e+09
-8.909266e+08 -2.889672e+10
8.901177e+11 -8.580714e+11
-9.898616e+08 -7.356818e+08
-4.348234e+11 6.569866e+11
4.625116e+04 1.355362e+06
1.456222e+07 8.928058e+07
4.348158e+11 -6.568828e+11
5.528791e+05 7.172226e+00
2.050868e+14 -1.054243e+14
-5.622429e+10 3.528531e+10
1.502580e+11 8.460859e+11
2.829656e+07 2.816686e+00
-2.311726e+08 2.218814e+08
-4.281342e+09 6.014343e+08
9.103701e+12 -3.269743e+12
-1.184103e+09 -2.954390e+08
-1.904800e+06 5.696129e+05
2.411120e+15 -3.445032e+15
1.277590e+06 2.424616e+06
-4.024748e+10 -1.167445e+10
-2.649133e+17 4.313126e+17
-3.992780e+08 2.459906e+08
1.180927e+13 -3.816737e+12
3.264300e+09 -2.125989e+09
-1.179363e+08 4.409098e+08
4.145607e+11 -4.087327e+11
1.051106e+08 1.968848e+08
1.608176e+10 2.470770e+10
-4.197897e+06 7.252527e+06
3.726103e+08 -4.011165e+08
-2.132593e+06 -1.020229e+07
2.154631e+06 1.018231e+07
4.589056e-01 -1.058918e+07
-1.292844e+11 2.591456e+11
-6.350358e+07 1.933318e+07
-1.040672e+08 -8.270406e+07
-1.442847e+07 -2.354749e+07
1.989970e+00 9.514382e+06
2.022279e+09 3.891601e+09
-5.336429e+07 1.437866e+08
1.568140e+15 -7.425214e+15
8.976908e+06 -4.563231e+06
-2.525138e+06 -1.024489e+07
3.980858e+08 -2.458425e+08
-8.165319e+05 -2.621574e+06
-3.372760e+16 -1.254727e+17
-5.331125e+05 9.966487e+00
5.362281e+07 -4.320190e+06
-8.077603e+08 -7.763291e+07
-4.117559e+06 -6.647615e+05
-3.726341e+08 4.011134e+08
-3.543375e+06 -4.053115e+06
-7.810902e+07 8.756248e+07
-2.259833e+11 -4.395497e+10
-5.494371e+10 2.013018e+11
-3.355327e-01 5.623135e+05
-3.326820e+12 -1.050856e+11
1.003800e+08 -3.724831e+07
3.845031e+13 -6.660522e+13
2.827125e-01 -2.516048e+07
3.700263e+06 -4.586679e+06
-1.576923e+05 -1.335530e+06
3.092596e+08 -7.124639e+07
2.388110e+05 1.339284e+06
8.055255e+05 2.595058e+06
-5.952678e+10 6.681302e+09
-4.835264e+06 -1.364030e+05
-1.502418e+11 -8.459665e+11
9.973038e+09 2.008166e+10
-1.613654e+11 -3.618159e+11
-5.385508e+15 2.214886e+14
2.450859e+06 1.059697e+07
7.808014e+07 -8.756260e+07
8.678649e+05 9.583689e+06
5.494268e+10 -2.013088e+11
-1.946177e+08 -1.839147e+08
8.966219e+13 2.952805e+13
2.882727e+08 9.072379e+07
2.354298e+09 -4.094882e+08
5.339210e+07 -1.437865e+08
8.076869e+08 7.783684e+07
1.953551e+08 -1.652753e+08
1.250729e+09 1.242360e+09
-1.432710e+08 2.501320e+08
3.958216e+08 7.222643e+08
-4.490750e+06 -2.070235e+06
2.817415e+07 4.045570e+06
-3.845301e+13 6.660990e+13
-2.814978e+07 -3.922956e+06
-4.378891e+06 -7.106520e+06
5.385792e+15 -2.215198e+14
-2.687196e+07 6.207793e+05
1.399510e+11 -3.116284e+10
-8.900528e+11 8.581272e+11
-1.388916e+07 5.059118e+07
-1.399965e+11 3.116961e+10
1.946106e+08 1.839300e+08
1.567481e+07 2.416916e+07
-3.650304e+05 -1.036634e+07
-6.555544e+00 1.901660e+06
1.523913e+06 -1.960472e+06
2.817388e+08 9.526110e+07
2.259797e+11 4.394969e+10
-2.220534e+06 3.471921e+06
1.529701e+09 1.016843e+09
1.725304e+12 -2.404172e+12
-3.089513e+08 7.179940e+07
1.673076e+08 7.650657e+06
-9.972639e+09 -2.008238e+10
7.019080e+20 -5.798514e+20
1.071623e+05 2.852759e+06
1.043679e+01 1.594191e+06
1.471213e+07 -5.250311e+07
4.269405e+13 -2.970345e+13
-7.775753e+00 6.287973e+05
4.315423e+08 -3.150265e+08
-1.930298e+06 -1.898068e+05
8.891942e+06 -5.901799e+05
6.390414e+07 -1.882935e+07
-1.953271e+08 1.097853e+08
5.863016e+06 4.967099e+05
-1.944285e+14 -3.705350e+14
-2.352972e+09 4.107717e+08
1.760301e+07 -6.743461e+07
5.537649e+09 4.734792e+09
-3.806040e+07 1.143943e+06
1.929606e+07 -5.377277e+07
-5.863275e+07 6.765701e+07
-1.568361e+15 7.425606e+15
5.273893e+07 2.523085e+07
1.078300e+09 3.211949e+09
1.293024e+11 -2.591728e+11
-4.270380e+13 2.970763e+13
-2.552711e+10 -8.347366e+09
1.821040e+10 4.540404e+08
-1.820880e+10 -4.539901e+08
5.890590e+07 -6.732331e+07
-2.766585e+07 9.994210e+07
3.373116e+16 1.254639e+17
-2.634438e+06 -6.651686e+06
-2.927403e+00 -2.231671e+06
-1.024441e+07 2.456434e+08
5.427494e+08 -3.201286e+07
1.490415e+06 -9.156154e+05
-1.493200e+06 9.223592e+05
-3.081808e+09 -1.476648e+09
3.803092e+07 -2.017460e+06
-5.819396e+00 1.428203e+07
-1.790365e+19 -3.770157e+19
2.099482e+07 -1.604966e+07
4.458272e+05 -2.437504e+00
-3.572951e+06 -6.538281e+06
-9.983956e+07 3.730348e+07
4.393702e+06 2.127832e+06
1.145446e+06 -2.118360e+00
-3.455909e+08 -8.766330e+07
-1.370638e+06 -4.902358e+06
2.768500e+07 -9.999576e+07
-1.360873e+07 5.730424e+06
1.333796e+06 3.855265e+06
-1.608226e+10 -2.470804e+10
-7.020190e+20 5.799838e+20
8.741753e+04 -9.267236e+00
-1.759531e+07 6.747336e+07
-2.110320e+13 -7.680754e+12
2.980869e+08 -2.878551e+10
-1.024338e+00 -2.220913e+06
-5.538412e+06 -6.412800e+07
-5.139644e+09 -6.643837e+10
-1.078543e+09 -3.212345e+09
9.884985e+08 7.352665e+08
-7.157792e+07 -2.288557e+08
4.811941e+07 8.079473e+07
-3.961991e+08 -7.228698e+08
-1.180335e+06 4.310116e+00
-6.107223e+00 -1.599536e+06
-2.051300e+14 1.054428e+14
1.390989e+15 1.502687e+16
-4.670562e+06 -1.167810e+00
1.954685e+09 1.117857e+09
7.949564e+00 1.913578e+06
-5.451791e+08 2.704112e+07
-2.083147e+07 1.603838e+07
4.700852e+06 -2.685509e+00
-1.286732e+08 1.100402e+08
-4.149233e+11 4.087095e+11
-1.319069e+05 -1.070915e+07
-1.490932e+13 5.384462e+14
-1.356090e+11 6.186617e+11
2.815399e+06 -7.529079e+06
2.956001e+07 4.496917e+06
-5.034007e+07 -8.551475e+07
1.612218e+07 -1.201140e+06
9.786930e+00 2.138565e+06
-2.630139e+07 -7.613322e+06
3.565331e+06 6.518370e+06
-3.078870e+09 9.059817e+08
-1.219410e+12 -1.344210e+12
3.280886e+07 -8.423962e+06
8.475485e+11 1.279169e+11
1.356435e+07 -5.802011e+06
2.174835e+08 5.643896e+08
-1.227878e+08 -1.301615e+08
-7.639544e+05 -4.211964e+05
-5.328400e+06 1.106993e+06
1.803361e+08 -2.356361e+07
-1.247429e+00 6.829549e+05
3.330836e+06 2.900185e+06
4.240869e+10 8.965953e+09
2.664266e+06 3.482514e+06
5.289509e+11 -9.887030e+10
-1.212635e+05 -2.920991e+04
-6.793526e+08 2.941605e+07
5.338411e+08 4.720562e+08
-7.625067e+14 6.872378e+14
-1.053644e+08 -1.966200e+08
-8.187164e+05 -7.777243e+05
2.629850e+07 7.669137e+06
3.262899e+09 1.351603e+10
-5.299908e+05 -7.033207e+00
-1.027453e+01 1.612758e+06
-1.181197e+13 3.818815e+12
-1.876705e+07 -1.137584e+07
-3.247289e+08 -9.172151e+07
6.959466e-01 7.081803e+06
1.078143e+10 -7.023169e+09
-8.969215e+13 -2.953532e+13
5.417053e+06 6.573434e+06
-2.681601e+06 7.450189e+06
-2.979936e+08 2.878778e+10
1.937349e+08 4.972570e+07
3.259829e+06 -6.022199e+05
1.887242e+06 -5.289426e+05
-2.696918e+07 1.186879e+07
-1.390964e+15 -1.502608e+16
-1.724835e+06 -1.632161e+00
2.719254e+11 -4.736713e+10
1.142699e+11 -8.184625e+08
-1.143000e+11 8.185067e+08
5.922030e+10 1.956152e+10
-9.104500e+12 3.269858e+12
3.328107e+12 1.051228e+11
4.025295e+10 1.167529e+10
-1.409421e+07 2.717102e+07
2.552928e+10 8.346052e+09
1.027774e+07 -2.459340e+08
3.672586e+06 -7.308303e+06
-2.163771e+09 -1.310468e+08
4.156195e+05 -4.311717e+00
3.349324e+09 6.437342e+08
-5.321332e+07 -2.533238e+07
3.937327e+06 -1.543696e+07
-8.674564e+00 -6.959396e+06
-9.154441e+05 1.026351e+01
1.614194e+11 3.619366e+11
-5.325463e+07 4.298107e+07
-1.573117e+07 1.632692e+06
4.488176e+07 3.713423e+07
-7.910323e+06 3.435179e+07
-2.596385e+10 3.496331e+10
-4.175996e+08 7.118950e+07
1.249616e+06 2.625257e+00
1.474167e+08 -1.446174e+08
1.491089e+13 -5.384463e+14
-5.985183e+08 -1.013627e+09
-5.793941e+08 1.182455e+09
-5.404974e+07 4.539749e+06
7.625603e+14 -6.872619e+14
-8.379823e+06 1.548398e+06
2.164128e+09 1.305483e+08
1.790522e+19 3.771085e+19
-1.937492e+08 -4.982275e+07
-4.849019e+07 -8.018326e+07
-3.890089e+06 1.547667e+07
-5.796270e+06 -7.158520e+05
5.141845e+05 4.022698e+06
-2.880890e+09 3.745257e+10
1.433066e+08 -2.501376e+08
1.999814e+11 3.127266e+12
2.596567e+10 -3.496333e+10
1.180445e+08 -4.409689e+08
3.235216e+08 9.262500e+07
-2.180129e+08 -5.633921e+08
7.000658e+05 -5.424978e+00
5.474215e+06 3.834127e+00
5.083462e+05 1.025813e+07
-5.334545e+08 -4.715944e+08
7.075368e+07 2.294293e+08
-4.529561e+07 -3.732489e+07
1.356087e+11 -6.186522e+11
-2.926968e+07 -4.549155e+06
4.314025e+06 7.812163e+05
1.173904e+10 8.154489e+09
-3.638131e+00 -6.471503e+06
5.782409e+08 -1.182334e+09
6.793767e+08 -2.942146e+07
-4.078498e+06 4.148527e+06
-4.350268e+06 -2.363263e+06
-1.194491e+07 5.651592e-02
5.057058e+06 3.429310e+06
