1.696992e+06 1.000763e+01
6.739373e+06 -1.186718e+06
7.053763e+09 9.116662e+10
1.673774e+12 1.845249e+12
-1.264102e+12 -1.728737e+12
-4.599325e+09 -8.835520e+08
1.310689e+07 -4.693249e+07
-5.909789e+06 -4.851696e+06
-1.951046e+06 -1.288400e+07
-4.301516e+06 -8.890521e+00
6.228678e+05 -1.363841e+06
-2.892272e+07 7.698620e+07
3.954080e+09 -5.140495e+10
4.226144e+09 -1.243378e+09
-4.258255e+10 -9.221981e+09
4.230719e+09 2.027105e+09
-1.128548e+06 3.655223e+07
-5.678298e+06 -1.972416e+06
1.634913e+07 1.754018e+00
-2.025957e+08 1.981657e+08
-1.843536e+06 -3.697609e+06
-3.255642e+09 1.217513e+09
1.224659e+09 3.966693e+10
-5.820531e+10 -1.230541e+10
-4.465840e+07 8.737327e+07
-1.162434e+07 1.150797e+06
6.332302e+05 -1.191507e+05
7.403437e+07 -5.780900e+07
-1.855813e+13 -5.040654e+12
-1.242159e+00 -3.016421e+06
3.637528e+07 -1.642701e+07
-1.111973e+08 2.176138e+07
-2.740930e+10 -8.239212e+09
-2.684130e+09 -1.534565e+09
-3.424299e+07 -4.875066e+06
7.720852e+10 -4.845610e+10
2.669873e+14 5.088151e+14
6.531913e+05 1.217044e+06
4.259489e+10 9.224642e+09
1.434630e+08 1.155015e+08
8.176338e+10 -9.176353e+09
1.800166e+06 3.691467e+06
-3.524444e+00 -1.738101e+06
-1.611778e+10 -1.119761e+10
1.223503e+07 8.873293e+07
1.803362e+06 -1.710958e+06
-2.370477e+12 3.303050e+12
1.130043e+06 -8.616591e+05
1.112515e+08 -2.185895e+07
-1.717565e+09 -1.706162e+09
5.742399e+08 -9.906672e+07
2.585935e+07 1.548072e+07
-2.603837e+00 -1.320746e+06
1.314140e+07 -1.477646e+06
2.897695e+13 1.054726e+13
3.254382e+09 -1.218337e+09
-3.733778e+11 6.503003e+10
4.748740e+08 1.204536e+08
3.418926e+06 8.889173e+06
-3.833105e+07 -1.154017e+08
-1.621303e+13 -2.178023e+13
-7.261516e+11 1.357474e+11
5.491914e+07 -1.100414e+08
1.707848e+08 1.896412e+08
-3.308938e+15 4.728728e+15
-3.053836e+08 9.995498e+07
1.831447e+07 -3.723800e+07
-1.163516e+12 -1.756077e+11
-7.605475e+09 -6.501730e+09
5.878240e+09 -8.255010e+08
4.285488e+06 -7.163285e+00
-1.124988e+10 -1.251908e+10
1.855979e+13 5.040654e+12
1.627708e+09 4.052172e+08
9.560881e+04 -1.080795e+01
-8.129460e+10 -2.686076e+10
-2.743424e+11 -4.291396e+12
-2.739678e+09 -5.335108e+09
-3.035739e+06 3.138379e+06
-3.954293e+08 -1.246438e+08
-4.523720e+09 -1.853694e+10
1.621345e+13 2.178079e+13
-4.481757e+09 2.919086e+09
4.472121e+07 -8.744123e+07
-5.927639e+08 4.328342e+08
-2.300168e+08 -1.145650e+07
4.795104e+00 -1.475996e+07
1.264218e+12 1.728759e+12
-1.784981e+06 -5.708531e+00
-1.420917e+05 6.774697e+00
-5.495204e+07 1.097913e+08
1.124956e+10 1.251973e+10
-2.099818e+09 -1.395905e+09
3.636550e+17 -5.921362e+17
2.741639e+10 8.242652e+09
5.262347e+00 -2.950159e+06
8.208107e+08 1.393132e+09
2.182528e+06 -2.861846e+06
-8.006277e+04 -2.075026e+06
-1.480425e+10 9.643474e+09
-1.223236e+09 -3.967753e+10
1.222182e+12 -1.178186e+12
-1.359164e+09 -1.010128e+09
-5.970704e+11 9.021561e+11
6.347785e+04 1.860834e+06
1.999399e+07 1.225862e+08
5.970857e+11 -9.020291e+11
7.593209e+05 1.016358e+01
2.816783e+14 -1.447964e+14
-7.720949e+10 4.845500e+10
2.063810e+11 1.162082e+12
3.885155e+07 1.105515e+01
-3.174021e+08 3.046500e+08
-5.878349e+09 8.257443e+08
1.250081e+13 -4.489950e+12
-1.627254e+09 -4.060183e+08
-2.615679e+06 7.822818e+05
3.310505e+15 -4.729999e+15
1.754797e+06 3.330302e+06
-5.526110e+10 -1.602892e+10
-3.637061e+17 5.921665e+17
-5.557354e+08 3.423796e+08
1.621485e+13 -5.240233e+12
4.481747e+09 -2.918995e+09
-1.619264e+08 6.053872e+08
5.691754e+11 -5.611755e+11
1.443272e+08 2.703288e+08
2.208148e+10 3.392571e+10
-5.766346e+06 9.962703e+06
5.116340e+08 -5.507762e+08
-2.928383e+06 -1.400807e+07
2.958388e+06 1.398067e+07
3.688198e+00 -1.454204e+07
-1.777536e+11 3.562937e+11
-8.720563e+07 2.654885e+07
-1.429018e+08 -1.135667e+08
-1.981238e+07 -3.233485e+07
-8.279448e+00 1.306600e+07
2.776793e+09 5.343277e+09
-7.327793e+07 1.974434e+08
2.153677e+15 -1.019774e+16
1.232624e+07 -6.265837e+06
-3.467530e+06 -1.406883e+07
5.541116e+08 -3.422125e+08
-1.121355e+06 -3.599894e+06
-4.634123e+16 -1.723955e+17
-7.322593e+05 4.913742e+00
7.363864e+07 -5.933054e+06
-1.109058e+09 -1.066043e+08
-5.655276e+06 -9.131805e+05
-5.116840e+08 5.507787e+08
-4.865317e+06 -5.565510e+06
-1.072529e+08 1.202280e+08
-3.102993e+11 -6.035452e+10
-7.544386e+10 2.764155e+11
-1.097992e+01 7.721422e+05
-4.567876e+12 -1.442977e+11
1.378496e+08 -5.115406e+07
5.280447e+13 -9.146702e+13
-5.878217e+00 -3.455980e+07
5.083718e+06 -6.301833e+06
-2.166199e+05 -1.833913e+06
4.248084e+08 -9.786930e+07
3.281419e+05 1.839110e+06
1.106034e+06 3.563347e+06
-8.173295e+10 9.174098e+09
-6.639493e+06 -1.873846e+05
-2.063489e+11 -1.161888e+12
1.369392e+10 2.757430e+10
-2.215625e+11 -4.967770e+11
-7.394538e+15 3.041067e+14
3.365854e+06 1.455216e+07
1.072117e+08 -1.202308e+08
1.191902e+06 1.315830e+07
7.543797e+10 -2.764049e+11
-2.672455e+08 -2.525591e+08
1.231505e+14 4.055648e+13
3.961922e+08 1.246889e+08
3.233473e+09 -5.624223e+08
7.331554e+07 -1.974368e+08
1.109023e+09 1.068776e+08
2.682772e+08 -2.269682e+08
1.717425e+09 1.705951e+09
-1.967776e+08 3.435490e+08
5.434970e+08 9.917337e+08
-6.166770e+06 -2.843168e+06
3.868555e+07 5.555362e+06
-5.280852e+13 9.147521e+13
-3.865090e+07 -5.386486e+06
-6.013121e+06 -9.758445e+06
7.395200e+15 -3.041652e+14
-3.689626e+07 8.528546e+05
1.921717e+11 -4.278943e+10
-1.222179e+12 1.178276e+12
-1.907197e+07 6.946853e+07
-1.922274e+11 4.279792e+10
2.672424e+08 2.525643e+08
2.152335e+07 3.318815e+07
-5.011882e+05 -1.423390e+07
-1.047138e+01 2.611249e+06
2.092629e+06 -2.691838e+06
3.868408e+08 1.307980e+08
3.102839e+11 6.034513e+10
-3.049097e+06 4.767496e+06
2.100488e+09 1.396282e+09
2.370023e+12 -3.302543e+12
-4.243821e+08 9.863076e+07
2.297581e+08 1.050656e+07
-1.369402e+10 -2.757679e+10
9.638640e+20 -7.962692e+20
1.473420e+05 3.918053e+06
3.257893e+00 2.189603e+06
2.020313e+07 -7.209761e+07
5.863089e+13 -4.079129e+13
-3.031133e+00 8.635501e+05
5.926332e+08 -4.326149e+08
-2.651121e+06 -2.608749e+05
1.221024e+07 -8.105208e+05
8.775915e+07 -2.585763e+07
-2.682561e+08 1.507714e+08
8.050888e+06 6.821662e+05
-2.669839e+14 -5.088151e+14
-3.231767e+09 5.641870e+08
2.417314e+07 -9.260431e+07
7.606985e+09 6.504103e+09
-5.226419e+07 1.570946e+06
2.649473e+07 -7.383257e+07
-8.052542e+07 9.291917e+07
-2.153815e+15 1.019748e+16
7.241555e+07 3.464356e+07
1.480600e+09 4.410118e+09
1.777599e+11 -3.563072e+11
-5.863465e+13 4.079077e+13
-3.505083e+10 -1.146190e+10
2.500576e+10 6.234831e+08
-2.500415e+10 -6.234180e+08
8.090262e+07 -9.246438e+07
-3.798994e+07 1.372370e+08
4.634420e+16 1.723822e+17
-3.618143e+06 -9.134813e+06
9.571396e+00 -3.065250e+06
-1.407176e+07 3.374242e+08
7.455730e+08 -4.397526e+07
2.046930e+06 -1.257572e+06
-2.050583e+06 1.266706e+06
-4.232388e+09 -2.027929e+09
5.222334e+07 -2.770626e+06
-2.385568e+00 1.961004e+07
-2.458386e+19 -5.177076e+19
2.883048e+07 -2.203889e+07
6.124336e+05 1.004397e+01
-4.906309e+06 -8.978070e+06
-1.370944e+08 5.122276e+07
6.033157e+06 2.921671e+06
1.572566e+06 -4.143158e+00
-4.744840e+08 -1.203619e+08
-1.881885e+06 -6.730738e+06
3.800889e+07 -1.372978e+08
-1.868665e+07 7.868846e+06
1.831548e+06 5.293739e+06
-2.208478e+10 -3.393036e+10
-9.640120e+20 7.964016e+20
1.199943e+05 -8.658142e+00
-2.416251e+07 9.265732e+07
-2.897881e+13 -1.054726e+13
4.093178e+08 -3.952629e+10
-8.078623e+00 -3.049692e+06
-7.605149e+06 -8.805609e+07
-7.057093e+09 -9.122559e+10
-1.481006e+09 -4.411000e+09
1.357347e+09 1.009598e+09
-9.830035e+07 -3.142987e+08
6.607652e+07 1.109467e+08
-5.440388e+08 -9.926065e+08
-1.620851e+06 -2.619770e+00
-3.382920e+00 -2.196492e+06
-2.817324e+14 1.448187e+14
1.909920e+15 2.063233e+16
-6.413591e+06 -7.021175e+00
2.684005e+09 1.534903e+09
1.612035e+00 2.627674e+06
-7.488638e+08 3.714316e+07
-2.860718e+07 2.202404e+07
6.455341e+06 -1.055899e+01
-1.766997e+08 1.511185e+08
-5.697307e+11 5.611887e+11
-1.812668e+05 -1.470461e+07
-2.047409e+13 7.393964e+14
-1.862164e+11 8.495486e+11
3.866204e+06 -1.033918e+07
4.059071e+07 6.175206e+06
-6.913339e+07 -1.174386e+08
2.214047e+07 -1.649557e+06
-1.042190e+01 2.936612e+06
-3.611662e+07 -1.045461e+07
4.896358e+06 8.951363e+06
-4.227834e+09 1.244087e+09
-1.674331e+12 -1.845721e+12
4.505117e+07 -1.156656e+07
1.163738e+12 1.756389e+11
1.862682e+07 -7.967259e+06
2.986469e+08 7.750196e+08
-1.688181e+08 -1.789539e+08
-1.049197e+06 -5.784218e+05
-7.316670e+06 1.520089e+06
2.476527e+08 -3.235985e+07
-4.517584e-01 9.377692e+05
4.573897e+06 3.982326e+06
5.823085e+10 1.231110e+10
3.658530e+06 4.781960e+06
7.263563e+11 -1.357695e+11
-1.666717e+05 -4.022203e+04
-9.328466e+08 4.039347e+07
7.330483e+08 6.481934e+08
-1.047044e+15 9.436950e+14
-1.446821e+08 -2.699895e+08
-1.124398e+06 -1.068103e+06
3.611247e+07 1.053130e+07
4.480589e+09 1.856077e+10
-7.280451e+05 4.472935e+00
2.047961e+00 2.214708e+06
-1.621983e+13 5.243853e+12
-2.577092e+07 -1.562128e+07
-4.459164e+08 -1.259500e+08
-5.605389e+00 9.725260e+06
1.480594e+10 -9.644749e+09
-1.231946e+14 -4.056738e+13
7.438711e+06 9.026531e+06
-3.682430e+06 1.023031e+07
-4.091594e+08 3.952614e+10
2.659997e+08 6.827530e+07
4.477060e+06 -8.274742e+05
2.591761e+06 -7.265869e+05
-3.703241e+07 1.629809e+07
-1.909944e+15 -2.063180e+16
-2.368810e+06 -5.794826e+00
3.734007e+11 -6.504038e+10
1.569283e+11 -1.123916e+09
-1.569564e+11 1.123971e+09
8.131430e+10 2.685994e+10
-1.250257e+13 4.490467e+12
4.569864e+12 1.443461e+11
5.527313e+10 1.603194e+10
-1.935430e+07 3.731084e+07
3.505629e+10 1.146052e+10
1.411713e+07 -3.377990e+08
5.044721e+06 -1.003888e+07
-2.971142e+09 -1.799309e+08
5.705096e+05 -4.524576e+00
4.599177e+09 8.839582e+08
-7.306701e+07 -3.478413e+07
5.406063e+06 -2.119411e+07
7.207324e-01 -9.555742e+06
-1.257119e+06 8.628642e+00
2.216391e+11 4.969613e+11
-7.313084e+07 5.902293e+07
-2.160311e+07 2.241991e+06
6.163972e+07 5.100033e+07
-1.086228e+07 4.716955e+07
-3.565212e+10 4.801006e+10
-5.735297e+08 9.776720e+07
1.716271e+06 -1.053152e+01
2.024231e+08 -1.985775e+08
2.047540e+13 -7.393964e+14
-8.218861e+08 -1.391914e+09
-7.962051e+08 1.624920e+09
-7.422258e+07 6.234149e+06
1.047084e+15 -9.437071e+14
-1.150804e+07 2.126607e+06
2.971596e+09 1.792578e+08
2.458763e+19 5.178534e+19
-2.660315e+08 -6.841003e+07
-6.658365e+07 -1.101019e+08
-5.341293e+06 2.125066e+07
-7.959600e+06 -9.833116e+05
7.063349e+05 5.523504e+06
-3.955589e+09 5.142223e+10
1.968307e+08 -3.435699e+08
2.746806e+11 4.295300e+12
3.565486e+10 -4.800825e+10
1.620839e+08 -6.054801e+08
4.442263e+08 1.271857e+08
-2.993518e+08 -7.736010e+08
9.613471e+05 -2.761457e+00
7.516564e+06 -4.423088e+00
6.981521e+05 1.408570e+07
-7.324563e+08 -6.475394e+08
9.716469e+07 3.150711e+08
-6.220851e+07 -5.126100e+07
1.862042e+11 -8.494962e+11
-4.019026e+07 -6.246407e+06
5.924470e+06 1.072990e+06
1.611989e+10 1.119788e+10
-1.059579e+01 -8.897097e+06
7.946293e+08 -1.624730e+09
9.328513e+08 -4.039796e+07
-5.602865e+06 5.699077e+06
-5.972748e+06 -3.245007e+06
-1.640125e+07 3.111641e+00
6.944001e+06 4.708829e+06
