9.241805e+05 6.583632e-01
3.671819e+06 -6.465331e+05
3.842954e+09 4.967039e+10
9.118324e+11 1.005242e+12
-6.886943e+11 -9.417795e+11
-2.504832e+09 -4.811954e+08
7.138458e+06 -2.556496e+07
-3.219357e+06 -2.642859e+06
-1.063060e+06 -7.018902e+06
-2.342933e+06 -7.733657e+00
3.395200e+05 -7.432864e+05
-1.575784e+07 4.194296e+07
2.154205e+09 -2.800630e+10
2.301757e+09 -6.771792e+08
-2.319722e+10 -5.023595e+09
2.303632e+09 1.103846e+09
-6.145350e+05 1.989885e+07
-3.093714e+06 -1.074564e+06
8.905647e+06 1.065712e+01
-1.103480e+08 1.079377e+08
-1.004249e+06 -2.013915e+06
-1.773415e+09 6.632212e+08
6.670825e+08 2.160632e+10
-3.170197e+10 -6.702611e+09
-2.432251e+07 4.759357e+07
-6.332086e+06 6.268967e+05
3.447721e+05 -6.491483e+04
4.030867e+07 -3.148099e+07
-1.011003e+13 -2.746153e+12
-6.572194e+00 -1.642761e+06
1.981572e+07 -8.948001e+06
-6.058023e+07 1.185516e+07
-1.493069e+10 -4.487953e+09
-1.462013e+09 -8.358466e+08
-1.865234e+07 -2.655451e+06
4.204989e+10 -2.639047e+10
1.454320e+14 2.771787e+14
3.561792e+05 6.626220e+05
2.320340e+10 5.024681e+09
7.813641e+07 6.290872e+07
4.453687e+10 -4.998336e+09
9.805268e+05 2.010869e+06
6.252757e+00 -9.472137e+05
-8.778374e+09 -6.099061e+09
6.665302e+06 4.833888e+07
9.822134e+05 -9.318416e+05
-1.289924e+12 1.797418e+12
6.153585e+05 -4.691340e+05
6.060049e+07 -1.190759e+07
-9.354786e+08 -9.291850e+08
3.126409e+08 -5.393581e+07
1.408330e+07 8.430981e+06
-2.175508e+00 -7.194855e+05
7.156136e+06 -8.046278e+05
1.578273e+13 5.744475e+12
1.772635e+09 -6.636673e+08
-2.033953e+11 3.542706e+10
2.586766e+08 6.561492e+07
1.862163e+06 4.841633e+06
-2.088293e+07 -6.287221e+07
-8.831531e+12 -1.186447e+13
-3.956004e+11 7.395074e+10
2.992420e+07 -5.995792e+07
9.277759e+07 1.030171e+08
-1.802920e+15 2.576287e+15
-1.663666e+08 5.445116e+07
9.976378e+06 -2.028462e+07
-6.338684e+11 -9.566658e+10
-4.139425e+09 -3.538691e+09
3.202232e+09 -4.496933e+08
2.333616e+06 -8.886266e+00
-6.128315e+09 -6.819491e+09
1.010979e+13 2.745895e+12
8.848737e+08 2.202884e+08
5.193611e+04 1.910466e+00
-4.428219e+10 -1.463058e+10
-1.493471e+11 -2.336095e+12
-1.492326e+09 -2.905906e+09
-1.653788e+06 1.709627e+06
-2.149572e+08 -6.775768e+07
-2.464241e+09 -1.009764e+10
8.831116e+12 1.186363e+13
-2.441440e+09 1.590035e+09
2.435972e+07 -4.762768e+07
-3.228278e+08 2.357322e+08
-1.252608e+08 -6.238613e+06
9.386560e+00 -8.040070e+06
6.887277e+11 9.417790e+11
-9.720952e+05 2.854250e+00
-7.726742e+04 -6.001335e+00
-2.993303e+07 5.981024e+07
6.128589e+09 6.820614e+09
-1.143603e+09 -7.603179e+08
1.981208e+17 -3.225943e+17
1.493478e+10 4.490105e+09
3.651097e+00 -1.606915e+06
4.470319e+08 7.587911e+08
1.189014e+06 -1.558927e+06
-4.357174e+04 -1.130174e+06
-8.062424e+09 5.251797e+09
-6.663716e+08 -2.161289e+10
6.657862e+11 -6.417975e+11
-7.403093e+08 -5.502232e+08
-3.252045e+11 4.913547e+11
3.448478e+04 1.013660e+06
1.089202e+07 6.678042e+07
3.252045e+11 -4.912970e+11
4.136670e+05 -2.931236e+00
1.533815e+14 -7.884069e+13
-4.205536e+10 2.639269e+10
1.123583e+11 6.326694e+11
2.116819e+07 -3.316260e+00
-1.729176e+08 1.659697e+08
-3.202510e+09 4.498981e+08
6.808460e+12 -2.445355e+12
-8.847047e+08 -2.207549e+08
-1.424678e+06 4.260637e+05
1.803428e+15 -2.576710e+15
9.550347e+05 1.812402e+06
-3.010147e+10 -8.731489e+09
-1.981441e+17 3.226170e+17
-2.935658e+08 1.808628e+08
8.832939e+12 -2.854772e+12
2.441659e+09 -1.590084e+09
-8.821240e+07 3.297915e+08
3.100959e+11 -3.057257e+11
7.861597e+07 1.472581e+08
1.202741e+10 1.847813e+10
-3.138110e+06 5.421833e+06
2.786821e+08 -3.000095e+08
-1.595279e+06 -7.631306e+06
1.611839e+06 7.616505e+06
-2.653328e+00 -7.918789e+06
-9.654343e+10 1.935186e+11
-4.749291e+07 1.445919e+07
-7.783558e+07 -6.185736e+07
-1.079153e+07 -1.761275e+07
-5.049729e+00 7.115822e+06
1.512686e+09 2.910804e+09
-3.991591e+07 1.075482e+08
1.172646e+15 -5.552628e+15
6.714851e+06 -3.413155e+06
-1.888493e+06 -7.661882e+06
2.926877e+08 -1.807536e+08
-6.107011e+05 -1.960917e+06
-2.520945e+16 -9.378369e+16
-3.987587e+05 -6.562007e+00
4.010476e+07 -3.231010e+06
-6.041847e+08 -5.806928e+07
-3.079370e+06 -4.971620e+05
-2.787212e+08 3.000212e+08
-2.650280e+06 -3.031711e+06
-5.842602e+07 6.549417e+07
-1.690330e+11 -3.287706e+10
-4.109584e+10 1.505706e+11
2.377466e+00 4.205911e+05
-2.488306e+12 -7.859959e+10
7.506934e+07 -2.785699e+07
2.875563e+13 -4.981139e+13
-7.107310e+00 -1.881194e+07
2.765796e+06 -3.428592e+06
-1.179986e+05 -9.989411e+05
2.312007e+08 -5.326438e+07
1.786946e+05 1.001817e+06
6.025452e+05 1.941071e+06
-4.452009e+10 4.996860e+09
-3.616331e+06 -1.020117e+05
-1.123290e+11 -6.324757e+11
7.458576e+09 1.501881e+10
-1.206889e+11 -2.706214e+11
-4.027992e+15 1.656680e+14
1.832989e+06 7.925437e+06
5.840271e+07 -6.549591e+07
6.491463e+05 7.168063e+06
4.109385e+10 -1.505599e+11
-1.455427e+08 -1.375344e+08
6.703495e+13 2.207659e+13
2.153560e+08 6.777304e+07
1.760192e+09 -3.061523e+08
3.993104e+07 -1.075355e+08
6.040766e+08 5.821389e+07
1.460824e+08 -1.235872e+08
9.353490e+08 9.291016e+08
-1.071138e+08 1.870008e+08
2.960179e+08 5.401692e+08
-3.358310e+06 -1.548161e+06
2.107265e+07 3.025691e+06
-2.875427e+13 4.981022e+13
-2.105425e+07 -2.934011e+06
-3.274614e+06 -5.314769e+06
4.027992e+15 -1.656759e+14
-2.009806e+07 4.642329e+05
1.046651e+11 -2.330739e+10
-6.656750e+11 6.418054e+11
-1.038815e+07 3.783925e+07
-1.047078e+11 2.331301e+10
1.455373e+08 1.375500e+08
1.172286e+07 1.807545e+07
-2.730846e+05 -7.752809e+06
7.601985e+00 1.422085e+06
1.139751e+06 -1.466276e+06
2.107289e+08 7.125140e+07
1.690292e+11 3.287272e+10
-1.660938e+06 2.597002e+06
1.144049e+09 7.604878e+08
1.289712e+12 -1.797206e+12
-2.309757e+08 5.367880e+07
1.251272e+08 5.721702e+06
-7.459066e+09 -1.502059e+10
5.249973e+20 -4.337220e+20
8.021537e+04 2.133527e+06
-2.375174e+00 1.192347e+06
1.100437e+07 -3.926865e+07
3.192920e+13 -2.221431e+13
-6.214896e+00 4.702550e+05
3.227276e+08 -2.356028e+08
-1.443621e+06 -1.419647e+05
6.651008e+06 -4.414916e+05
4.779092e+07 -1.408201e+07
-1.460656e+08 8.209445e+07
4.385070e+06 3.713943e+05
-1.454149e+14 -2.771136e+14
-1.759263e+09 3.071152e+08
1.316406e+07 -5.043006e+07
4.139549e+09 3.539454e+09
-2.846289e+07 8.553302e+05
1.443215e+07 -4.021972e+07
-4.384290e+07 5.058956e+07
-1.172728e+15 5.552367e+15
3.944293e+07 1.886967e+07
8.064757e+08 2.402262e+09
9.655459e+10 -1.935368e+11
-3.193820e+13 2.221848e+13
-1.909096e+10 -6.242855e+09
1.361917e+10 3.395631e+08
-1.361821e+10 -3.395415e+08
4.405107e+07 -5.034699e+07
-2.069493e+07 7.475961e+07
2.521242e+16 9.377928e+16
-1.970251e+06 -4.974736e+06
1.097670e+01 -1.669019e+06
-7.659789e+06 1.836644e+08
4.057802e+08 -2.393328e+07
1.114735e+06 -6.847861e+05
-1.116662e+06 6.898141e+05
-2.304463e+09 -1.104170e+09
2.844228e+07 -1.508924e+06
1.115669e-01 1.068188e+07
-1.338936e+19 -2.819602e+19
1.570140e+07 -1.200286e+07
3.334140e+05 9.638857e+00
-2.672291e+06 -4.890034e+06
-7.466738e+07 2.789929e+07
3.286042e+06 1.591491e+06
8.567016e+05 -2.519118e+00
-2.584662e+08 -6.556338e+07
-1.025015e+06 -3.666454e+06
2.070596e+07 -7.478999e+07
-1.017743e+07 4.285629e+06
9.975571e+05 2.883368e+06
-1.202680e+10 -1.847720e+10
-5.250097e+20 4.337526e+20
6.527756e+04 -3.648061e+00
-1.315856e+07 5.045919e+07
-1.578273e+13 -5.744340e+12
2.229487e+08 -2.152960e+10
4.356553e+00 -1.661025e+06
-4.142496e+06 -4.796395e+07
-3.844195e+09 -4.969110e+10
-8.066294e+08 -2.402502e+09
7.392947e+08 5.499033e+08
-5.352495e+07 -1.711351e+08
3.598816e+07 6.042575e+07
-2.963264e+08 -5.406287e+08
-8.827311e+05 3.573131e+00
-7.833947e+00 -1.196229e+06
-1.533815e+14 7.884255e+13
1.040402e+15 1.123941e+16
-3.492749e+06 -8.245777e+00
1.461902e+09 8.360168e+08
-5.532685e+00 1.431100e+06
-4.075611e+08 2.021485e+07
-1.557708e+07 1.199414e+07
3.515501e+06 -7.565329e+00
-9.622678e+07 8.228987e+07
-3.103362e+11 3.056977e+11
-9.857726e+04 -8.009920e+06
-1.115076e+13 4.027138e+14
-1.014292e+11 4.627519e+11
2.105963e+06 -5.631466e+06
2.211051e+07 3.363597e+06
-3.764852e+07 -6.395428e+07
1.205789e+07 -8.983216e+05
1.031015e+01 1.599524e+06
-1.967202e+07 -5.694355e+06
2.666423e+06 4.874921e+06
-2.302689e+09 6.776280e+08
-9.121110e+11 -1.005454e+12
2.453972e+07 -6.301053e+06
6.340020e+11 9.568441e+10
1.014572e+07 -4.339817e+06
1.626744e+08 4.221425e+08
-9.170324e+07 -9.721304e+07
-5.714050e+05 -3.151582e+05
-3.985532e+06 8.281009e+05
1.348648e+08 -1.762234e+07
8.492941e+00 5.107998e+05
2.491119e+06 2.169075e+06
3.172105e+10 6.706199e+09
1.992827e+06 2.604948e+06
3.956191e+11 -7.394605e+10
-9.069627e+04 -2.184135e+04
-5.080975e+08 2.200110e+07
3.992861e+08 3.530783e+08
-5.703196e+14 5.140250e+14
-7.880528e+07 -1.470565e+08
-6.122434e+05 -5.816675e+05
1.966928e+07 5.735825e+06
2.440482e+09 1.010918e+10
-3.963956e+05 9.091789e+00
1.160417e+00 1.206316e+06
-8.834184e+12 2.856046e+12
-1.403523e+07 -8.507505e+06
-2.428536e+08 -6.859698e+07
-9.614118e+00 5.296752e+06
8.063054e+09 -5.252291e+09
-6.706334e+13 -2.208386e+13
4.051506e+06 4.916601e+06
-2.005706e+06 5.572525e+06
-2.228908e+08 2.153232e+10
1.449133e+08 3.719534e+07
2.437832e+06 -4.503288e+05
1.411713e+06 -3.956653e+05
-2.017203e+07 8.877399e+06
-1.040451e+15 -1.123941e+16
-1.289934e+06 7.987730e+00
2.034139e+11 -3.542885e+10
8.545342e+10 -6.121000e+08
-8.548154e+10 6.121367e+08
4.429303e+10 1.463120e+10
-6.809099e+12 2.445470e+12
2.489417e+12 7.862936e+10
3.010823e+10 8.732781e+09
-1.054190e+07 2.032276e+07
1.909438e+10 6.242420e+09
7.684505e+06 -1.838731e+08
2.745702e+06 -5.463408e+06
-1.618353e+09 -9.801467e+07
3.108619e+05 9.355074e+00
2.504769e+09 4.813981e+08
-3.979893e+07 -1.894660e+07
2.944975e+06 -1.154685e+07
-8.195460e+00 -5.205047e+06
-6.846050e+05 -1.049032e+00
1.207315e+11 2.706977e+11
-3.982466e+07 3.214192e+07
-1.176502e+07 1.220990e+06
3.355928e+07 2.776613e+07
-5.915866e+06 2.569174e+07
-1.941804e+10 2.614878e+10
-3.122565e+08 5.323163e+07
9.343028e+05 -1.073752e+01
1.102564e+08 -1.081615e+08
1.115180e+13 -4.027138e+14
-4.476191e+08 -7.580699e+08
-4.329175e+08 8.835133e+08
-4.042219e+07 3.394919e+06
5.703330e+14 -5.140250e+14
-6.266731e+06 1.157915e+06
1.618621e+09 9.764119e+07
1.339093e+19 2.820397e+19
-1.449249e+08 -3.726778e+07
-3.626671e+07 -5.997098e+07
-2.909802e+06 1.157655e+07
-4.335273e+06 -5.353661e+05
3.845795e+05 3.008683e+06
-2.154761e+09 2.801298e+10
1.071435e+08 -1.870269e+08
1.495127e+11 2.338130e+12
1.941941e+10 -2.614880e+10
8.828820e+07 -3.298049e+08
2.419663e+08 6.927595e+07
-1.630568e+08 -4.213881e+08
5.235334e+05 -8.474810e+00
4.094758e+06 4.246372e+00
3.803628e+05 7.673004e+06
-3.989877e+08 -3.527267e+08
5.290930e+07 1.715660e+08
-3.386963e+07 -2.790955e+07
1.014267e+11 -4.627095e+11
-2.189141e+07 -3.402288e+06
3.225862e+06 5.841200e+05
8.779221e+09 6.098531e+09
-1.243516e+00 -4.832657e+06
4.320328e+08 -8.833761e+08
5.081064e+08 -2.200507e+07
-3.048553e+06 3.100927e+06
-3.253418e+06 -1.767446e+06
-8.933964e+06 -2.112840e+00
3.782203e+06 2.564864e+06
