1.231441e+06 9.538099e+00
4.890852e+06 -8.611704e+05
5.119425e+09 6.616574e+10
1.214699e+12 1.339205e+12
-9.174503e+11 -1.254696e+12
-3.337520e+09 -6.411451e+08
9.511684e+06 -3.405777e+07
-4.288723e+06 -3.520746e+06
-1.415893e+06 -9.350485e+06
-3.121455e+06 -8.153385e+00
4.521205e+05 -9.901005e+05
-2.099205e+07 5.587659e+07
2.869946e+09 -3.730972e+10
3.066828e+09 -9.023063e+08
-3.090601e+10 -6.693012e+09
3.069938e+09 1.470990e+09
-8.189861e+05 2.652005e+07
-4.121383e+06 -1.431526e+06
1.186546e+07 -3.613993e+00
-1.470278e+08 1.438155e+08
-1.337995e+06 -2.683288e+06
-2.362707e+09 8.836356e+08
8.888062e+08 2.878762e+10
-4.224000e+10 -8.930412e+09
-3.240803e+07 6.340584e+07
-8.435885e+06 8.350760e+05
4.593316e+05 -8.635834e+04
5.371547e+07 -4.194622e+07
-1.346833e+13 -3.658163e+12
-2.997838e-01 -2.188665e+06
2.639796e+07 -1.192015e+07
-8.069711e+07 1.579187e+07
-1.989133e+10 -5.979475e+09
-1.947920e+09 -1.113657e+09
-2.485118e+07 -3.537932e+06
5.603096e+10 -3.516477e+10
1.937692e+14 3.692981e+14
4.743214e+05 8.831156e+05
3.091607e+10 6.695012e+09
1.041177e+08 8.382557e+07
5.934066e+10 -6.659635e+09
1.306391e+06 2.679114e+06
-8.711596e+00 -1.261711e+06
-1.169694e+10 -8.126446e+09
8.879775e+06 6.439952e+07
1.308618e+06 -1.241499e+06
-1.719534e+12 2.396007e+12
8.200218e+05 -6.251271e+05
8.073948e+07 -1.586417e+07
-1.246418e+09 -1.238098e+09
4.166512e+08 -7.187805e+07
1.876507e+07 1.123374e+07
8.790567e+00 -9.584918e+05
9.535500e+06 -1.072119e+06
2.102832e+13 7.654037e+12
2.361779e+09 -8.842040e+08
-2.709900e+11 4.719754e+10
3.446305e+08 8.741810e+07
2.481034e+06 6.450907e+06
-2.782088e+07 -8.376211e+07
-1.176728e+13 -1.580814e+13
-5.270738e+11 9.852804e+10
3.986459e+07 -7.987615e+07
1.237976e+08 1.374657e+08
-2.401931e+15 3.432326e+15
-2.216554e+08 7.254651e+07
1.329220e+07 -2.702480e+07
-8.444683e+11 -1.274566e+11
-5.517544e+09 -4.717227e+09
4.266409e+09 -5.991336e+08
3.109771e+06 6.676319e+00
-8.164851e+09 -9.086036e+09
1.347023e+13 3.658356e+12
1.180204e+09 2.938088e+08
6.917377e+04 -1.097068e+01
-5.899542e+10 -1.949290e+10
-1.990421e+11 -3.113465e+12
-1.988236e+09 -3.871605e+09
-2.203125e+06 2.277579e+06
-2.867076e+08 -9.037546e+07
-3.282913e+09 -1.345253e+10
1.176645e+13 1.580675e+13
-3.252693e+09 2.118541e+09
3.245622e+07 -6.345888e+07
-4.301360e+08 3.140954e+08
-1.669034e+08 -8.312946e+06
4.036961e+00 -1.071196e+07
9.175327e+11 1.254651e+12
-1.295168e+06 -8.446022e+00
-1.030390e+05 4.737322e-01
-3.988014e+07 7.968441e+07
8.164976e+09 9.087159e+09
-1.523864e+09 -1.013013e+09
2.639362e+17 -4.297595e+17
1.989725e+10 5.982201e+09
4.388510e+00 -2.140938e+06
5.956609e+08 1.011008e+09
1.583976e+06 -2.077005e+06
-5.807210e+04 -1.505870e+06
-1.074302e+10 6.997954e+09
-8.878121e+08 -2.879570e+10
8.870061e+11 -8.550718e+11
-9.864009e+08 -7.331098e+08
-4.333030e+11 6.546894e+11
4.609140e+04 1.350625e+06
1.451132e+07 8.896850e+07
4.332953e+11 -6.545855e+11
5.509481e+05 4.849614e+00
2.043692e+14 -1.050554e+14
-5.602771e+10 3.516194e+10
1.497322e+11 8.431253e+11
2.819767e+07 -9.209358e+00
-2.303645e+08 2.211058e+08
-4.266378e+09 5.993325e+08
9.071867e+12 -3.258309e+12
-1.179950e+09 -2.944082e+08
-1.898195e+06 5.676545e+05
2.402735e+15 -3.432992e+15
1.273120e+06 2.416129e+06
-4.010678e+10 -1.163365e+10
-2.639874e+17 4.298050e+17
-3.978192e+08 2.450873e+08
1.176799e+13 -3.803389e+12
3.252889e+09 -2.118556e+09
-1.175240e+08 4.393682e+08
4.131117e+11 -4.073040e+11
1.047431e+08 1.961965e+08
1.602553e+10 2.462131e+10
-4.183198e+06 7.227134e+06
3.713077e+08 -3.997142e+08
-2.125141e+06 -1.016664e+07
2.147081e+06 1.014670e+07
-3.081428e+00 -1.055213e+07
-1.288303e+11 2.582353e+11
-6.328148e+07 1.926555e+07
-1.037033e+08 -8.241484e+07
-1.437800e+07 -2.346513e+07
2.645203e+00 9.481089e+06
2.015209e+09 3.877995e+09
-5.317771e+07 1.432839e+08
1.562654e+15 -7.399241e+15
8.945511e+06 -4.547261e+06
-2.516288e+06 -1.020905e+07
3.966240e+08 -2.449396e+08
-8.136575e+05 -2.612389e+06
-3.360943e+16 -1.250331e+17
-5.312296e+05 -4.963122e+00
5.343529e+07 -4.305087e+06
-8.049362e+08 -7.736148e+07
-4.103135e+06 -6.624169e+05
-3.713314e+08 3.997110e+08
-3.530969e+06 -4.038927e+06
-7.783598e+07 8.725638e+07
-2.251934e+11 -4.380134e+10
-5.475166e+10 2.005981e+11
-1.067241e+01 5.603511e+05
-3.315189e+12 -1.047182e+11
1.000290e+08 -3.711804e+07
3.831583e+13 -6.637227e+13
2.240764e+00 -2.507242e+07
3.687302e+06 -4.570614e+06
-1.571435e+05 -1.330864e+06
3.081770e+08 -7.099697e+07
2.379780e+05 1.334604e+06
8.027088e+05 2.585984e+06
-5.931863e+10 6.657942e+09
-4.818362e+06 -1.359282e+05
-1.497160e+11 -8.430059e+11
9.938168e+09 2.001144e+10
-1.608013e+11 -3.605510e+11
-5.366683e+15 2.207143e+14
2.442291e+06 1.055992e+07
7.780712e+07 -8.725650e+07
8.648323e+05 9.550192e+06
5.475063e+10 -2.006051e+11
-1.939372e+08 -1.832716e+08
8.934840e+13 2.942472e+13
2.872616e+08 9.040559e+07
2.346061e+09 -4.080555e+08
5.320545e+07 -1.432838e+08
8.048632e+08 7.756472e+07
1.946719e+08 -1.646973e+08
1.246356e+09 1.238016e+09
-1.427697e+08 2.492567e+08
3.944380e+08 7.197393e+08
-4.475049e+06 -2.062998e+06
2.807569e+07 4.031430e+06
-3.831853e+13 6.637695e+13
-2.805134e+07 -3.909224e+06
-4.363562e+06 -7.081655e+06
5.366967e+15 -2.207455e+14
-2.677801e+07 6.185901e+05
1.394617e+11 -3.105389e+10
-8.869412e+11 8.551276e+11
-1.384059e+07 5.041431e+07
-1.395071e+11 3.106066e+10
1.939300e+08 1.832869e+08
1.562001e+07 2.408466e+07
-3.637574e+05 -1.033011e+07
4.674645e+00 1.895015e+06
1.518589e+06 -1.953620e+06
2.807539e+08 9.492812e+07
2.251897e+11 4.379606e+10
-2.212773e+06 3.459786e+06
1.524350e+09 1.013287e+09
1.719262e+12 -2.395753e+12
-3.078697e+08 7.154801e+07
1.667224e+08 7.623875e+06
-9.937770e+09 -2.001216e+10
6.994538e+20 -5.778239e+20
1.067683e+05 2.842762e+06
-6.868298e+00 1.588597e+06
1.466067e+07 -5.231953e+07
4.254476e+13 -2.959959e+13
-6.566480e+00 6.265799e+05
4.300331e+08 -3.139248e+08
-1.923528e+06 -1.891233e+05
8.860841e+06 -5.880979e+05
6.368066e+07 -1.876348e+07
-1.946439e+08 1.094013e+08
5.842621e+06 4.949845e+05
-1.937522e+14 -3.692460e+14
-2.344781e+09 4.093415e+08
1.754177e+07 -6.720001e+07
5.518359e+09 4.718300e+09
-3.792801e+07 1.139924e+06
1.922860e+07 -5.358482e+07
-5.842764e+07 6.742034e+07
-1.562875e+15 7.399632e+15
5.255454e+07 2.514263e+07
1.074531e+09 3.200721e+09
1.288482e+11 -2.582625e+11
-4.255451e+13 2.960376e+13
-2.543787e+10 -8.318185e+09
1.814674e+10 4.524531e+08
-1.814514e+10 -4.524029e+08
5.869978e+07 -6.708778e+07
-2.756914e+07 9.959273e+07
3.361299e+16 1.250243e+17
-2.625227e+06 -6.628426e+06
-2.372921e+00 -2.223867e+06
-1.020856e+07 2.447837e+08
5.408493e+08 -3.190078e+07
1.485206e+06 -9.124162e+05
-1.487981e+06 9.191370e+05
-3.071028e+09 -1.471483e+09
3.789796e+07 -2.010408e+06
-1.615908e+00 1.423211e+07
-1.784105e+19 -3.756974e+19
2.092141e+07 -1.599354e+07
4.442710e+05 8.646951e+00
-3.560460e+06 -6.515423e+06
-9.949044e+07 3.717304e+07
4.378341e+06 2.120394e+06
1.141444e+06 -3.149237e+00
-3.443829e+08 -8.735687e+07
-1.365827e+06 -4.885204e+06
2.758821e+07 -9.964627e+07
-1.356116e+07 5.710397e+06
1.329138e+06 3.841794e+06
-1.602603e+10 -2.462165e+10
-6.995648e+20 5.779564e+20
8.711489e+04 9.044167e+00
-1.753380e+07 6.723747e+07
-2.102943e+13 -7.653903e+12
2.970451e+08 -2.868490e+10
-4.157907e+00 -2.213154e+06
-5.519060e+06 -6.390389e+07
-5.121682e+09 -6.620619e+10
-1.074773e+09 -3.201117e+09
9.850433e+08 7.326965e+08
-7.132758e+07 -2.280553e+08
4.795118e+07 8.051228e+07
-3.948142e+08 -7.203430e+08
-1.176190e+06 1.299154e+00
7.498379e+00 -1.593924e+06
-2.044125e+14 1.050740e+14
1.386128e+15 1.497436e+16
-4.654237e+06 1.293530e+00
1.947852e+09 1.113950e+09
7.245037e-01 1.906891e+06
-5.432709e+08 2.694646e+07
-2.075863e+07 1.598232e+07
4.684422e+06 -3.485384e+00
-1.282233e+08 1.096555e+08
-4.134732e+11 4.072812e+11
-1.314264e+05 -1.067172e+07
-1.485720e+13 5.365640e+14
-1.351349e+11 6.164990e+11
2.805560e+06 -7.502764e+06
2.945669e+07 4.481201e+06
-5.016405e+07 -8.521574e+07
1.606581e+07 -1.196942e+06
2.988898e+00 2.131092e+06
-2.620945e+07 -7.586711e+06
3.552868e+06 6.495582e+06
-3.068106e+09 9.028141e+08
-1.215149e+12 -1.339512e+12
3.269418e+07 -8.394522e+06
8.445869e+11 1.274699e+11
1.351694e+07 -5.781734e+06
2.167233e+08 5.624169e+08
-1.223567e+08 -1.297044e+08
-7.612868e+05 -4.197277e+05
-5.309780e+06 1.103105e+06
1.797055e+08 -2.348120e+07
-6.789006e+00 6.805482e+05
3.319173e+06 2.890028e+06
4.226047e+10 8.934618e+09
2.654956e+06 3.470344e+06
5.271019e+11 -9.852468e+10
-1.208415e+05 -2.911053e+04
-6.769780e+08 2.931323e+07
5.319751e+08 4.704063e+08
-7.598413e+14 6.848356e+14
-1.049961e+08 -1.959327e+08
-8.158577e+05 -7.749863e+05
2.620655e+07 7.642309e+06
3.251492e+09 1.346878e+10
-5.281191e+05 9.451414e+00
-9.734266e+00 1.607103e+06
-1.177068e+13 3.805467e+12
-1.870143e+07 -1.133606e+07
-3.235938e+08 -9.140087e+07
-1.885668e+00 7.057028e+06
1.074373e+10 -6.998612e+09
-8.937836e+13 -2.943199e+13
5.398099e+06 6.550438e+06
-2.672230e+06 7.424150e+06
-2.969522e+08 2.868717e+10
1.930579e+08 4.955192e+07
3.248411e+06 -6.000934e+05
1.880627e+06 -5.270747e+05
-2.687490e+07 1.182729e+07
-1.386104e+15 -1.497357e+16
-1.718786e+06 9.100425e+00
2.709749e+11 -4.720159e+10
1.138703e+11 -8.156013e+08
-1.139004e+11 8.156454e+08
5.901334e+10 1.949315e+10
-9.072666e+12 3.258424e+12
3.316475e+12 1.047554e+11
4.011226e+10 1.163448e+10
-1.404495e+07 2.707605e+07
2.544003e+10 8.316873e+09
1.024178e+07 -2.450733e+08
3.659733e+06 -7.282723e+06
-2.156207e+09 -1.305888e+08
4.141479e+05 -8.609611e+00
3.337612e+09 6.414833e+08
-5.302729e+07 -2.524381e+07
3.923548e+06 -1.538299e+07
-8.713106e+00 -6.935052e+06
-9.122244e+05 -9.360975e+00
1.608553e+11 3.606718e+11
-5.306842e+07 4.283078e+07
-1.567615e+07 1.626963e+06
4.472474e+07 3.700431e+07
-7.882650e+06 3.423169e+07
-2.587309e+10 3.484109e+10
-4.161389e+08 7.094048e+07
1.245224e+06 -5.797270e+00
1.469014e+08 -1.441119e+08
1.485877e+13 -5.365640e+14
-5.964258e+08 -1.010083e+09
-5.773629e+08 1.178309e+09
-5.386076e+07 4.523877e+06
7.598949e+14 -6.848597e+14
-8.350524e+06 1.542985e+06
2.156565e+09 1.300920e+08
1.784263e+19 3.757902e+19
-1.930721e+08 -4.964866e+07
-4.832071e+07 -7.990300e+07
-3.876499e+06 1.542259e+07
-5.776014e+06 -7.133516e+05
5.123899e+05 4.008643e+06
-2.870822e+09 3.732170e+10
1.428052e+08 -2.492623e+08
1.992817e+11 3.116324e+12
2.587491e+10 -3.484111e+10
1.176319e+08 -4.394275e+08
3.223907e+08 9.230123e+07
-2.172509e+08 -5.614217e+08
6.976176e+05 1.094551e+01
5.455081e+06 -4.449162e+00
5.065725e+05 1.022227e+07
-5.315900e+08 -4.699461e+08
7.050626e+07 2.286269e+08
-4.513716e+07 -3.719433e+07
1.351347e+11 -6.164895e+11
-2.916737e+07 -4.533258e+06
4.298941e+06 7.784875e+05
1.169800e+10 8.125978e+09
7.390008e+00 -6.448760e+06
5.762136e+08 -1.178189e+09
6.770020e+08 -2.931861e+07
-4.064197e+06 4.133981e+06
-4.335042e+06 -2.354983e+06
-1.190337e+07 1.992525e+01
5.039470e+06 3.417406e+06
