2.088578e+06 3.721464e+00
8.294441e+06 -1.460567e+06
8.681958e+09 1.122064e+11
2.060184e+12 2.271213e+12
-1.555858e+12 -2.127757e+12
-5.661522e+09 -1.087625e+09
1.613378e+07 -5.776949e+07
-7.274394e+06 -5.971782e+06
-2.401430e+06 -1.585742e+07
-5.294610e+06 -9.958516e+00
7.666206e+05 -1.678578e+06
-3.559741e+07 9.475562e+07
4.866969e+09 -6.327395e+10
5.202265e+09 -1.530552e+09
-5.241335e+10 -1.135098e+10
5.208131e+09 2.495443e+09
-1.389410e+06 4.499719e+07
-6.989000e+06 -2.427716e+06
2.012270e+07 1.005282e+01
-2.493688e+08 2.439161e+08
-2.268796e+06 -4.550684e+06
-4.007084e+09 1.498568e+09
1.507404e+09 4.882439e+10
-7.164355e+10 -1.514649e+10
-5.496957e+07 1.075433e+08
-1.430727e+07 1.416579e+06
7.794830e+05 -1.467812e+05
9.113235e+07 -7.116027e+07
-2.284141e+13 -6.204349e+12
-4.645953e+00 -3.713013e+06
4.477033e+07 -2.021877e+07
-1.368585e+08 2.678404e+07
-3.373665e+10 -1.014115e+10
-3.303740e+09 -1.888794e+09
-4.214834e+07 -6.000636e+06
9.503332e+10 -5.964329e+10
3.285985e+14 6.262380e+14
8.036468e+05 1.497975e+06
5.242523e+10 1.135336e+10
1.765778e+08 1.421599e+08
1.006319e+11 -1.129371e+10
2.215468e+06 4.543458e+06
-2.826253e+00 -2.139034e+06
-1.983925e+10 -1.378278e+10
1.505931e+07 1.092137e+08
2.219724e+06 -2.105978e+06
-2.918192e+12 4.066083e+12
1.390829e+06 -1.060286e+06
1.369226e+08 -2.690289e+07
-2.114025e+09 -2.100043e+09
7.068364e+08 -1.219511e+08
3.183062e+07 1.905567e+07
6.471141e-01 -1.625639e+06
1.617514e+07 -1.818639e+06
3.566525e+13 1.298184e+13
4.005496e+09 -1.499575e+09
-4.595558e+11 8.003824e+10
5.844915e+08 1.482604e+08
4.208198e+06 1.094154e+07
-4.717997e+07 -1.420445e+08
-1.995555e+13 -2.680807e+13
-8.937779e+11 1.670843e+11
6.759600e+07 -1.354401e+08
2.103377e+08 2.335642e+08
-4.072895e+15 5.820318e+15
-3.758747e+08 1.230285e+08
2.254164e+07 -4.583320e+07
-1.432038e+12 -2.161398e+11
-9.363050e+09 -8.004320e+09
7.234855e+09 -1.015987e+09
5.274520e+06 7.095289e+00
-1.384606e+10 -1.540876e+10
2.284378e+13 6.204090e+12
2.004269e+09 4.989596e+08
1.174815e+05 -1.103508e+01
-1.000587e+11 -3.306107e+10
-3.377086e+11 -5.282819e+12
-3.372087e+09 -6.566302e+09
-3.736228e+06 3.862470e+06
-4.868804e+08 -1.534746e+08
-5.567852e+09 -2.281555e+10
1.995597e+13 2.680807e+13
-5.516308e+09 3.592874e+09
5.504601e+07 -1.076255e+08
-7.295905e+08 5.327226e+08
-2.831086e+08 -1.410073e+07
4.550608e+00 -1.816683e+07
1.555990e+12 2.127734e+12
-2.196908e+06 -7.586527e+00
-1.749284e+05 1.062185e+01
-6.763472e+07 1.351237e+08
1.384545e+10 1.540940e+10
-2.584670e+09 -1.718201e+09
4.476154e+17 -7.288466e+17
3.374664e+10 1.014566e+10
6.419485e+00 -3.631734e+06
1.010374e+09 1.714876e+09
2.686609e+06 -3.522769e+06
-9.878257e+04 -2.554176e+06
-1.822272e+10 1.187041e+10
-1.505604e+09 -4.883548e+10
1.504258e+12 -1.450111e+12
-1.672817e+09 -1.243240e+09
-7.348829e+11 1.110373e+12
7.802693e+04 2.290190e+06
2.460842e+07 1.508827e+08
7.349669e+11 -1.110293e+12
9.345835e+05 -2.406419e+00
3.467246e+14 -1.782358e+14
-9.503353e+10 5.964084e+10
2.540489e+11 1.430441e+12
4.781513e+07 2.945658e+00
-3.906534e+08 3.749664e+08
-7.235330e+09 1.016350e+09
1.538762e+13 -5.526525e+12
-2.003776e+09 -4.999542e+08
-3.219698e+06 9.630422e+05
4.074588e+15 -5.821407e+15
2.160273e+06 4.099858e+06
-6.801659e+10 -1.972860e+10
-4.476480e+17 7.288541e+17
-6.886881e+08 4.242750e+08
1.995798e+13 -6.449362e+12
5.516212e+09 -3.592788e+09
-1.993065e+08 7.451370e+08
7.005465e+11 -6.906737e+11
1.776370e+08 3.327150e+08
2.717816e+10 4.175542e+10
-7.098707e+06 1.226478e+07
6.297366e+08 -6.779071e+08
-3.604058e+06 -1.724011e+07
3.641093e+06 1.720708e+07
1.025085e+01 -1.789973e+07
-2.189314e+11 4.388408e+11
-1.073409e+08 3.267669e+07
-1.758939e+08 -1.397847e+08
-2.438633e+07 -3.980001e+07
6.476062e+00 1.608290e+07
3.417798e+09 6.576641e+09
-9.019230e+07 2.430198e+08
2.651030e+15 -1.255261e+16
1.517116e+07 -7.711971e+06
-4.268082e+06 -1.731726e+07
6.866526e+08 -4.240692e+08
-1.380054e+06 -4.430724e+06
-5.705468e+16 -2.122502e+17
-9.014316e+05 6.953034e+00
9.064033e+07 -7.303026e+06
-1.365071e+09 -1.312122e+08
-6.961096e+06 -1.124044e+06
-6.297855e+08 6.778944e+08
-5.988107e+06 -6.849765e+06
-1.319995e+08 1.479717e+08
-3.819051e+11 -7.428124e+10
-9.285383e+10 3.402027e+11
9.366497e-01 9.503359e+05
-5.622127e+12 -1.776037e+11
1.696771e+08 -6.296412e+07
6.499615e+13 -1.125851e+14
-1.917483e-03 -4.254241e+07
6.258380e+06 -7.757865e+06
-2.663323e+05 -2.257022e+06
5.229531e+08 -1.204812e+08
4.037960e+05 2.263486e+06
1.361113e+06 4.385580e+06
-1.005972e+11 1.129136e+10
-8.171621e+06 -2.307447e+05
-2.540114e+11 -1.430291e+12
1.685548e+10 3.394097e+10
-2.727080e+11 -6.114501e+11
-9.101224e+15 3.742968e+14
4.142612e+06 1.791088e+07
1.319502e+08 -1.479719e+08
1.466807e+06 1.619415e+07
9.284503e+10 -3.401885e+11
-3.289295e+08 -3.108518e+08
1.515835e+14 4.992130e+13
4.878422e+08 1.535353e+08
3.980192e+09 -6.923104e+08
9.023675e+07 -2.430051e+08
1.365008e+09 1.315493e+08
3.302226e+08 -2.793717e+08
2.113869e+09 2.099734e+09
-2.422292e+08 4.229075e+08
6.689505e+08 1.220663e+09
-7.590656e+06 -3.499717e+06
4.761318e+07 6.837348e+06
-6.499885e+13 1.125957e+14
-4.757204e+07 -6.629806e+06
-7.401247e+06 -1.201095e+07
9.101887e+15 -3.743631e+14
-4.541291e+07 1.049905e+06
2.365409e+11 -5.266842e+10
-1.504285e+12 1.450250e+12
-2.347474e+07 8.550374e+07
-2.365921e+11 5.267588e+10
3.289382e+08 3.108733e+08
2.649221e+07 4.084936e+07
-6.170117e+05 -1.751899e+07
-8.305450e+00 3.214175e+06
2.575792e+06 -3.313297e+06
4.761266e+08 1.609854e+08
3.818976e+11 7.427165e+10
-3.752777e+06 5.867881e+06
2.585376e+09 1.718665e+09
2.917800e+12 -4.065745e+12
-5.224252e+08 1.214195e+08
2.828045e+08 1.293255e+07
-1.685470e+10 -3.394311e+10
1.186344e+21 -9.800440e+20
1.812240e+05 4.822540e+06
-4.064498e+00 2.694892e+06
2.486551e+07 -8.873650e+07
7.216404e+13 -5.020792e+13
-5.252812e+00 1.062994e+06
7.294707e+08 -5.325051e+08
-3.263459e+06 -3.213055e+05
1.502859e+07 -9.976992e+05
1.080230e+08 -3.182783e+07
-3.301995e+08 1.855875e+08
9.909004e+06 8.397559e+05
-3.286122e+14 -6.262640e+14
-3.978175e+09 6.944817e+08
2.975223e+07 -1.139752e+08
9.363890e+09 8.006376e+09
-6.432359e+07 1.933588e+06
3.260770e+07 -9.086770e+07
-9.911830e+07 1.143736e+08
-2.651085e+15 1.255208e+16
8.912660e+07 4.263842e+07
1.822266e+09 5.427672e+09
2.189103e+11 -4.388039e+11
-7.216629e+13 5.020531e+13
-4.313952e+10 -1.410676e+10
3.077614e+10 7.673533e+08
-3.077422e+10 -7.672904e+08
9.958049e+07 -1.138118e+08
-4.675522e+07 1.689031e+08
5.705587e+16 2.122303e+17
-4.453430e+06 -1.124387e+07
-6.866668e+00 -3.772868e+06
-1.732171e+07 4.153710e+08
9.178229e+08 -5.413626e+07
2.519302e+06 -1.547877e+06
-2.523865e+06 1.558997e+06
-5.209784e+09 -2.496231e+09
6.428013e+07 -3.410392e+06
6.377332e+00 2.413714e+07
-3.025974e+19 -6.372408e+19
3.548758e+07 -2.712783e+07
7.539135e+05 -3.397760e+00
-6.039214e+06 -1.105119e+07
-1.687456e+08 6.305040e+07
7.426029e+06 3.596511e+06
1.935818e+06 -6.496928e+00
-5.840197e+08 -1.481485e+08
-2.316492e+06 -8.284656e+06
4.678281e+07 -1.689891e+08
-2.300101e+07 9.685760e+06
2.254485e+06 6.515667e+06
-2.718342e+10 -4.176395e+10
-1.186553e+21 9.802478e+20
1.477075e+05 8.690153e+00
-2.973999e+07 1.140456e+08
-3.566748e+13 -1.298198e+13
5.037903e+08 -4.864875e+10
6.953620e+00 -3.753725e+06
-9.360384e+06 -1.083769e+08
-8.685611e+09 -1.122758e+11
-1.822807e+09 -5.429102e+09
1.670619e+09 1.242603e+09
-1.209961e+08 -3.868638e+08
8.132782e+07 1.365543e+08
-6.696034e+08 -1.221725e+09
-1.995039e+06 -2.188595e+00
1.002455e+01 -2.703743e+06
-3.467931e+14 1.782673e+14
2.350736e+15 2.539423e+16
-7.894309e+06 7.877969e+00
3.303589e+09 1.889216e+09
-1.129487e+00 3.234289e+06
-9.218834e+08 4.572519e+07
-3.521251e+07 2.710855e+07
7.945673e+06 5.123609e+00
-2.174981e+08 1.860135e+08
-7.012350e+11 6.907214e+11
-2.231278e+05 -1.809842e+07
-2.520072e+13 9.100882e+14
-2.291984e+11 1.045637e+12
4.758444e+06 -1.272546e+07
4.995980e+07 7.600580e+06
-8.509712e+07 -1.445573e+08
2.725278e+07 -2.030627e+06
-1.399496e+00 3.614700e+06
-4.445414e+07 -1.286849e+07
6.027172e+06 1.101855e+07
-5.204038e+09 1.531368e+09
-2.060827e+12 -2.271804e+12
5.545234e+07 -1.423707e+07
1.432290e+12 2.161800e+11
2.292699e+07 -9.806318e+06
3.675787e+08 9.539070e+08
-2.079075e+08 -2.203905e+08
-1.291295e+06 -7.118206e+05
-9.005226e+06 1.870787e+06
3.048230e+08 -3.983057e+07
-8.734001e+00 1.153949e+06
5.629391e+06 4.901297e+06
7.166823e+10 1.515205e+10
4.502732e+06 5.885345e+06
8.939920e+11 -1.671041e+11
-2.049745e+05 -4.936626e+04
-1.148144e+09 4.971610e+07
9.022313e+08 7.977905e+08
-1.288707e+15 1.161512e+15
-1.780738e+08 -3.323038e+08
-1.383864e+06 -1.314684e+06
4.444910e+07 1.296225e+07
5.514858e+09 2.284497e+10
-8.961272e+05 -1.010941e+01
8.006666e+00 2.725808e+06
-1.996338e+13 6.454190e+12
-3.171986e+07 -1.922745e+07
-5.488566e+08 -1.550261e+08
-9.174169e+00 1.197024e+07
1.822484e+10 -1.187183e+10
-1.516545e+14 -4.993843e+13
9.156160e+06 1.111073e+07
-4.532718e+06 1.259187e+07
-5.035628e+08 4.864868e+10
3.273848e+08 8.403320e+07
5.511051e+06 -1.018870e+06
3.190219e+06 -8.945498e+05
-4.558199e+07 2.006064e+07
-2.350761e+15 -2.539317e+16
-2.915742e+06 8.681934e+00
4.595833e+11 -8.005078e+10
1.931597e+11 -1.383346e+09
-1.931878e+11 1.383426e+09
1.000834e+11 3.306002e+10
-1.538906e+13 5.527157e+12
5.624583e+12 1.776615e+11
6.803162e+10 1.973217e+10
-2.382187e+07 4.592335e+07
4.314958e+10 1.410652e+10
1.737925e+07 -4.158499e+08
6.210520e+06 -1.235900e+07
-3.657000e+09 -2.214656e+08
7.022359e+05 -4.524321e+00
5.661124e+09 1.088055e+09
-8.993331e+07 -4.281371e+07
6.653934e+06 -2.608619e+07
-2.413684e+00 -1.176183e+07
-1.547315e+06 2.985415e+00
2.728017e+11 6.116725e+11
-9.001683e+07 7.265141e+07
-2.659135e+07 2.759707e+06
7.587803e+07 6.278101e+07
-1.336999e+07 5.806119e+07
-4.388409e+10 5.909455e+10
-7.060013e+08 1.203471e+08
2.112701e+06 -3.008288e+00
2.491486e+08 -2.444167e+08
2.520176e+13 -9.100788e+14
-1.011596e+09 -1.713199e+09
-9.803340e+08 2.000726e+09
-9.135331e+07 7.672938e+06
1.288721e+15 -1.161487e+15
-1.416368e+07 2.617273e+06
3.657319e+09 2.206208e+08
3.026194e+19 6.373667e+19
-3.274131e+08 -8.419680e+07
-8.195171e+07 -1.355153e+08
-6.574009e+06 2.615432e+07
-9.795549e+06 -1.210256e+06
8.693013e+05 6.798261e+06
-4.868499e+09 6.328931e+10
2.423015e+08 -4.229408e+08
3.381349e+11 5.287549e+12
4.388500e+10 -5.908968e+10
1.994980e+08 -7.452349e+08
5.467629e+08 1.565385e+08
-3.684450e+08 -9.520937e+08
1.183251e+06 -4.537951e+00
9.250729e+06 6.097104e+00
8.593779e+05 1.733691e+07
-9.014955e+08 -7.969794e+08
1.195972e+08 3.878117e+08
-7.657362e+07 -6.309957e+07
2.291837e+11 -1.045585e+12
-4.946693e+07 -7.688168e+06
7.292649e+06 1.320869e+06
1.984157e+10 1.378165e+10
7.922625e+00 -1.095752e+07
9.784388e+08 -2.000499e+09
1.148141e+09 -4.972238e+07
-6.897707e+06 7.016086e+06
-7.351715e+06 -3.994125e+06
-2.018724e+07 4.327796e+00
8.546698e+06 5.795028e+06
