2.366757e+05 -7.056848e+00
9.426444e+05 -1.661166e+05
9.872959e+08 1.276179e+10
2.341848e+11 2.582040e+11
-1.769976e+11 -2.420524e+11
-6.424987e+08 -1.233916e+08
1.832438e+06 -6.559705e+06
-8.259999e+05 -6.781916e+05
-2.729639e+05 -1.802681e+06
-6.009416e+05 -7.958724e-01
8.732558e+04 -1.910799e+05
-4.048935e+06 1.077550e+07
5.536016e+08 -7.197561e+09
5.904216e+08 -1.736949e+08
-5.955704e+09 -1.289741e+09
5.899248e+08 2.826641e+08
-1.571376e+05 5.088099e+06
-7.949625e+05 -2.761165e+05
2.286501e+06 5.472684e-01
-2.831795e+07 2.770136e+07
-2.578781e+05 -5.173473e+05
-4.555474e+08 1.703342e+08
1.712641e+08 5.545237e+09
-8.139806e+09 -1.721117e+09
-6.245665e+06 1.222412e+07
-1.627122e+06 1.610607e+05
8.845883e+04 -1.667693e+04
1.033184e+07 -8.077431e+06
-2.599268e+12 -7.059805e+11
6.106736e+00 -4.217453e+05
5.090221e+06 -2.298573e+06
-1.556871e+07 3.046898e+06
-3.834229e+09 -1.152693e+09
-3.752143e+08 -2.145281e+08
-4.789146e+06 -6.817446e+05
1.079031e+10 -6.772447e+09
3.735199e+13 7.118412e+13
9.200865e+04 1.695252e+05
5.958477e+09 1.290307e+09
2.004998e+07 1.614181e+07
1.143677e+10 -1.283422e+09
2.517489e+05 5.163778e+05
-8.389369e-01 -2.436284e+05
-2.252187e+09 -1.564740e+09
1.711854e+06 1.241696e+07
2.518181e+05 -2.389582e+05
-3.292363e+11 4.587253e+11
1.577539e+05 -1.202390e+05
1.556892e+07 -3.059297e+06
-2.400567e+08 -2.384198e+08
8.006211e+07 -1.381295e+07
3.614957e+06 2.163975e+06
4.827435e+00 -1.848327e+05
1.834867e+06 -2.062889e+05
4.051977e+12 1.474676e+12
4.553138e+08 -1.704636e+08
-5.224461e+10 9.100095e+09
6.640974e+07 1.684604e+07
4.775242e+05 1.241678e+06
-5.365138e+06 -1.615291e+07
-2.266762e+12 -3.045408e+12
-1.015830e+11 1.899005e+10
7.692580e+06 -1.541225e+07
2.340160e+07 2.598191e+07
-4.632014e+14 6.619360e+14
-4.273544e+07 1.398680e+07
2.561065e+06 -5.207667e+06
-1.629020e+11 -2.458432e+10
-1.057214e+09 -9.037028e+08
8.231732e+08 -1.155859e+08
5.986458e+05 1.754083e+00
-1.575610e+09 -1.753437e+09
2.598318e+12 7.058515e+11
2.245240e+08 5.589895e+07
1.340104e+04 -6.241526e+00
-1.137787e+10 -3.759352e+09
-3.819166e+10 -5.973231e+11
-3.831909e+08 -7.460916e+08
-4.247572e+05 4.390971e+05
-5.447496e+07 -1.717418e+07
-6.326526e+08 -2.592272e+09
2.266969e+12 3.045130e+12
-6.271764e+08 4.084704e+08
6.255758e+06 -1.223115e+07
-8.281225e+07 6.047167e+07
-3.211307e+07 -1.599752e+06
4.906645e+00 -2.064749e+06
1.769817e+11 2.420302e+11
-2.495210e+05 -9.837504e+00
-1.983540e+04 -6.006465e+00
-7.694365e+06 1.537221e+07
1.575174e+09 1.753117e+09
-2.934052e+08 -1.950815e+08
5.090853e+16 -8.289286e+16
3.834638e+09 1.153007e+09
3.617229e+00 -4.124353e+05
1.146500e+08 1.946016e+08
3.054616e+05 -4.004846e+05
-1.116326e+04 -2.900020e+05
-2.066992e+09 1.346824e+09
-1.711081e+08 -5.550306e+09
1.710436e+11 -1.648734e+11
-1.900597e+08 -1.412685e+08
-8.344239e+10 1.260825e+11
8.879214e+03 2.602643e+05
2.798055e+06 1.715693e+07
8.345767e+10 -1.260825e+11
1.062747e+05 3.824914e+00
3.928014e+13 -2.019113e+13
-1.079340e+10 6.773620e+09
2.874318e+10 1.618439e+11
5.441028e+06 1.090670e+01
-4.444049e+07 4.265679e+07
-8.231674e+08 1.156565e+08
1.746386e+12 -6.273117e+11
-2.243924e+08 -5.601842e+07
-3.654945e+05 1.092896e+05
4.634978e+14 -6.622386e+14
2.439644e+05 4.629517e+05
-7.731633e+09 -2.242855e+09
-5.092714e+16 8.290801e+16
-6.041238e+07 3.722121e+07
2.267830e+12 -7.329095e+11
6.272164e+08 -4.085107e+08
-2.263950e+07 8.464020e+07
7.965572e+10 -7.853313e+10
2.018347e+07 3.780808e+07
3.086039e+09 4.741412e+09
-8.012840e+05 1.384339e+06
7.154755e+07 -7.701411e+07
-4.099514e+05 -1.961444e+06
4.143009e+05 1.957934e+06
-8.549207e-02 -2.029950e+06
-2.433155e+10 4.877076e+10
-1.217952e+07 3.708305e+06
-1.996859e+07 -1.586940e+07
-2.769665e+06 -4.520144e+06
7.455362e+00 1.824347e+06
3.883765e+08 7.474435e+08
-1.024963e+07 2.761509e+07
3.003080e+14 -1.421897e+15
1.724680e+06 -8.765027e+05
-4.841638e+05 -1.964676e+06
6.022849e+07 -3.719688e+07
-1.568907e+05 -5.038254e+05
-6.420826e+15 -2.388547e+16
-1.023448e+05 -2.685033e+00
1.028432e+07 -8.283168e+05
-1.550693e+08 -1.490424e+07
-7.885688e+05 -1.272893e+05
-7.156394e+07 7.703476e+07
-6.806302e+05 -7.787033e+05
-1.500887e+07 1.682657e+07
-4.343024e+10 -8.446822e+09
-1.055600e+10 3.867965e+10
3.365382e+00 1.080590e+05
-6.391437e+11 -2.019038e+10
1.925070e+07 -7.143912e+06
7.374069e+12 -1.277389e+13
1.014338e+01 -4.811157e+06
7.052070e+05 -8.742900e+05
-3.038997e+04 -2.567132e+05
5.906109e+07 -1.360409e+07
4.591253e+04 2.573380e+05
1.549505e+05 4.991380e+05
-1.143466e+10 1.283317e+09
-9.291041e+05 -2.627119e+04
-2.872991e+10 -1.617695e+11
1.914670e+09 3.855709e+09
-3.101273e+10 -6.953353e+10
-1.035023e+15 4.257167e+13
4.701907e+05 2.032827e+06
1.500464e+07 -1.682927e+07
1.668166e+05 1.841627e+06
1.055695e+10 -3.867964e+10
-3.733467e+07 -3.527883e+07
1.715412e+13 5.649734e+12
5.458979e+07 1.717998e+07
4.506187e+08 -7.837122e+07
1.025524e+07 -2.761560e+07
1.551093e+08 1.494759e+07
3.744978e+07 -3.167993e+07
2.400066e+08 2.384091e+08
-2.738947e+07 4.781908e+07
7.600341e+07 1.386871e+08
-8.612943e+05 -3.970531e+05
5.415080e+06 7.776641e+05
-7.373393e+12 1.277389e+13
-5.410452e+06 -7.540682e+05
-8.406248e+05 -1.364625e+06
1.034834e+15 -4.256390e+13
-5.165892e+06 1.193815e+05
2.688859e+10 -5.987948e+09
-1.710119e+11 1.648755e+11
-2.668291e+06 9.718844e+06
-2.689620e+10 5.988533e+09
3.733335e+07 3.528514e+07
3.009062e+06 4.639822e+06
-7.012286e+04 -1.990875e+06
-1.110170e+01 3.651753e+05
2.927852e+05 -3.765217e+05
5.413479e+07 1.830400e+07
4.342236e+10 8.445154e+09
-4.264674e+05 6.666682e+05
2.935135e+08 1.950986e+08
3.290847e+11 -4.585984e+11
-5.899012e+07 1.371077e+07
3.207663e+07 1.466487e+06
-1.914486e+09 -3.855007e+09
1.347580e+20 -1.113265e+20
2.069934e+04 5.473991e+05
-2.857658e+00 3.060687e+05
2.827010e+06 -1.008731e+07
8.194611e+12 -5.701543e+12
7.174172e+00 1.208990e+05
8.277894e+07 -6.043561e+07
-3.703711e+05 -3.643541e+04
1.708387e+06 -1.134233e+05
1.225483e+07 -3.610888e+06
-3.743605e+07 2.104671e+07
1.126287e+06 9.545792e+04
-3.735199e+13 -7.117761e+13
-4.504222e+08 7.863244e+07
3.378957e+06 -1.294381e+07
1.057416e+09 9.041459e+08
-7.305927e+06 2.196375e+05
3.709372e+06 -1.033547e+07
-1.123238e+07 1.295996e+07
-3.004458e+14 1.422549e+15
1.012925e+07 4.845866e+06
2.071170e+08 6.168862e+08
2.434518e+10 -4.879817e+10
-8.199863e+12 5.703631e+12
-4.901556e+09 -1.603018e+09
3.496206e+09 8.716609e+07
-3.495886e+09 -8.715463e+07
1.128159e+07 -1.289660e+07
-5.316736e+06 1.920830e+07
6.423202e+15 2.388988e+16
-5.053690e+05 -1.275957e+06
5.766555e+00 -4.278527e+05
-1.958176e+06 4.694434e+07
1.036268e+08 -6.111797e+06
2.862709e+05 -1.758721e+05
-2.867927e+05 1.772200e+05
-5.901865e+08 -2.828038e+08
7.298210e+06 -3.872085e+05
2.234525e-01 2.743202e+06
-3.436041e+18 -7.235320e+18
4.027291e+06 -3.078566e+06
8.560058e+04 4.052202e+00
-6.853160e+05 -1.254010e+06
-1.915283e+07 7.156630e+06
8.429925e+05 4.082606e+05
2.199909e+05 6.261325e+00
-6.635873e+07 -1.683358e+07
-2.633464e+05 -9.420120e+05
5.318526e+06 -1.921212e+07
-2.612569e+06 1.100216e+06
2.564581e+05 7.409179e+05
-3.085744e+09 -4.740961e+09
-1.347826e+20 1.113469e+20
1.670069e+04 -3.803791e+00
-3.377088e+06 1.294826e+07
-4.052347e+12 -1.474946e+12
5.728035e+07 -5.530910e+09
-6.604947e-01 -4.266196e+05
-1.064447e+06 -1.232377e+07
-9.877439e+08 -1.276871e+10
-2.071040e+08 -6.168189e+08
1.898067e+08 1.411823e+08
-1.371461e+07 -4.385360e+07
9.239633e+06 1.551238e+07
-7.609450e+07 -1.388298e+08
-2.265652e+05 -8.428523e+00
9.784034e+00 -3.068403e+05
-3.926932e+13 2.018372e+13
2.673184e+14 2.887956e+15
-8.958955e+05 1.963472e+00
3.750808e+08 2.145118e+08
-1.053790e+01 3.670402e+05
-1.040573e+08 5.161299e+06
-3.990891e+06 3.075709e+06
9.016501e+05 -4.221252e+00
-2.466879e+07 2.109495e+07
-7.970269e+10 7.851489e+10
-2.530990e+04 -2.057017e+06
-2.860962e+12 1.033269e+14
-2.603504e+10 1.187853e+11
5.406859e+05 -1.445716e+06
5.676502e+06 8.635366e+05
-9.651362e+06 -1.639460e+07
3.092072e+06 -2.302404e+05
-1.000031e+01 4.105652e+05
-5.049854e+06 -1.461712e+06
6.839163e+05 1.250325e+06
-5.907631e+08 1.738202e+08
-2.342705e+11 -2.582277e+11
6.299460e+06 -1.617472e+06
1.629168e+11 2.458878e+10
2.604503e+06 -1.114097e+06
4.176022e+07 1.083634e+08
-2.313216e+07 -2.452492e+07
-1.465387e+05 -8.088452e+04
-1.023571e+06 2.127624e+05
3.458054e+07 -4.518634e+06
3.916527e+00 1.311921e+05
6.395669e+05 5.568560e+05
8.150904e+09 1.723120e+09
5.117709e+05 6.692435e+05
1.015923e+11 -1.898974e+10
-2.323784e+04 -5.637033e+03
-1.304937e+08 5.649891e+06
1.025525e+08 9.068857e+07
-1.464340e+14 1.319768e+14
-2.023343e+07 -3.775883e+07
-1.572784e+05 -1.494030e+05
5.049677e+06 1.472610e+06
6.265568e+08 2.595501e+09
-1.017872e+05 3.822726e+00
-9.883777e+00 3.099386e+05
-2.268037e+12 7.332447e+11
-3.602441e+06 -2.183683e+06
-6.233331e+07 -1.760636e+07
-5.104781e-01 1.359642e+06
2.067858e+09 -1.347007e+09
-1.716201e+13 -5.651292e+12
1.039938e+06 1.262099e+06
-5.148499e+05 1.430321e+06
-5.724683e+07 5.530454e+09
3.724129e+07 9.559746e+06
6.248402e+05 -1.152433e+05
3.627656e+05 -1.017330e+05
-5.180080e+06 2.279776e+06
-2.673917e+14 -2.888748e+15
-3.311502e+05 3.973389e+00
5.226835e+10 -9.103240e+09
2.193358e+10 -1.570759e+08
-2.193559e+10 1.570817e+08
1.137772e+10 3.758460e+09
-1.746386e+12 6.272542e+11
6.395530e+11 2.020152e+10
7.733855e+09 2.243434e+09
-2.707241e+06 5.218997e+06
4.902077e+09 1.602613e+09
1.964550e+06 -4.700523e+07
7.014150e+05 -1.395814e+06
-4.156582e+08 -2.517416e+07
7.991415e+04 -1.028579e+01
6.423465e+08 1.234487e+08
-1.021752e+07 -4.864267e+06
7.569823e+05 -2.967999e+06
-7.358565e+00 -1.336438e+06
-1.756545e+05 4.206392e+00
3.101559e+10 6.953987e+10
-1.021515e+07 8.244505e+06
-3.017475e+06 3.131902e+05
8.591230e+06 7.109034e+06
-1.518649e+06 6.594498e+06
-4.983698e+09 6.711004e+09
-7.995417e+07 1.363109e+07
2.389850e+05 4.487310e+00
2.829956e+07 -2.776375e+07
2.861747e+12 -1.033269e+14
-1.148333e+08 -1.944769e+08
-1.098855e+08 2.242843e+08
-1.036843e+07 8.706943e+05
1.464474e+14 -1.319889e+14
-1.606978e+06 2.969066e+05
4.157064e+08 2.507700e+07
3.436984e+18 7.238633e+18
-3.725705e+07 -9.580543e+06
-9.310686e+06 -1.539732e+07
-7.480164e+05 2.975774e+06
-1.113492e+06 -1.375657e+05
9.890141e+04 7.734571e+05
-5.538675e+08 7.199560e+09
2.740442e+07 -4.783544e+07
3.823746e+10 5.979830e+11
4.985523e+09 -6.712852e+09
2.266468e+07 -8.466473e+07
6.211408e+07 1.778480e+07
-4.186801e+07 -1.081790e+08
1.343050e+05 -8.364881e-01
1.051926e+06 6.483592e+00
9.774472e+04 1.970668e+06
-1.024617e+08 -9.058170e+07
1.355752e+07 4.396203e+07
-8.671963e+06 -7.145968e+06
2.603738e+10 -1.187856e+11
-5.621591e+06 -8.737366e+05
8.265525e+05 1.497465e+05
2.251987e+09 1.564391e+09
5.845610e+00 -1.219013e+06
1.096560e+08 -2.242494e+08
1.304722e+08 -5.650566e+06
-7.774652e+05 7.907686e+05
-8.351719e+05 -4.536702e+05
-2.294006e+06 -5.369992e+00
9.706525e+05 6.582113e+05
