8.521115e+05 3.295471e+00
3.386116e+06 -5.962375e+05
3.544121e+09 4.580616e+10
8.409237e+11 9.270746e+11
-6.351405e+11 -8.685489e+11
-2.309934e+09 -4.437663e+08
6.582981e+06 -2.357637e+07
-2.968847e+06 -2.437399e+06
-9.803414e+05 -6.472888e+06
-2.160589e+06 5.051367e+00
3.131181e+05 -6.856077e+05
-1.453281e+07 3.868237e+07
1.986754e+09 -2.582940e+10
2.122727e+09 -6.245059e+08
-2.139290e+10 -4.632825e+09
2.124325e+09 1.017939e+09
-5.666946e+05 1.834904e+07
-2.853168e+06 -9.909857e+05
8.213057e+06 5.408636e-02
-1.017631e+08 9.954056e+07
-9.261968e+05 -1.857402e+06
-1.635589e+09 6.116770e+08
6.152285e+08 1.992610e+10
-2.923746e+10 -6.181442e+09
-2.243136e+07 4.389581e+07
-5.840148e+06 5.781952e+05
3.179570e+05 -5.991109e+04
3.717205e+07 -2.903163e+07
-9.323698e+12 -2.532644e+12
2.385530e+00 -1.515004e+06
1.827499e+07 -8.252287e+06
-5.586960e+07 1.093332e+07
-1.376955e+10 -4.138899e+09
-1.348264e+09 -7.708363e+08
-1.720183e+07 -2.448940e+06
3.877911e+10 -2.433778e+10
1.341256e+14 2.556314e+14
3.285654e+05 6.110085e+05
2.139908e+10 4.634037e+09
7.205639e+07 5.801385e+07
4.107258e+10 -4.609659e+09
9.042803e+05 1.854532e+06
7.173210e+00 -8.736904e+05
-8.095706e+09 -5.624667e+09
6.147039e+06 4.458050e+07
9.057923e+05 -8.593065e+05
-1.189398e+12 1.657342e+12
5.674916e+05 -4.325891e+05
5.588815e+07 -1.098125e+07
-8.626834e+08 -8.568796e+08
2.883032e+08 -4.973683e+07
1.298779e+07 7.775205e+06
-2.138802e+00 -6.635479e+05
6.599233e+06 -7.420217e+05
1.455501e+13 5.297579e+12
1.634767e+09 -6.120513e+08
-1.875820e+11 3.267266e+10
2.385550e+08 6.051120e+07
1.717242e+06 4.465089e+06
-1.925889e+07 -5.798300e+07
-8.144489e+12 -1.094167e+13
-3.648365e+11 6.819850e+10
2.759747e+07 -5.529686e+07
8.551858e+07 9.495452e+07
-1.662706e+15 2.375951e+15
-1.534264e+08 5.021600e+07
9.200384e+06 -1.870687e+07
-5.845930e+11 -8.822951e+10
-3.816961e+09 -3.263024e+09
2.953332e+09 -4.147409e+08
2.152202e+06 1.067231e+01
-5.651848e+09 -6.289248e+09
9.323935e+12 2.532450e+12
8.157895e+08 2.030904e+08
4.791402e+04 -3.479051e-01
-4.083866e+10 -1.349257e+10
-1.377118e+11 -2.154042e+12
-1.376204e+09 -2.679880e+09
-1.525237e+06 1.576729e+06
-1.981637e+08 -6.246589e+07
-2.272545e+09 -9.312248e+09
8.144282e+12 1.094112e+13
-2.251688e+09 1.466452e+09
2.246642e+07 -4.392587e+07
-2.977247e+08 2.173975e+08
-1.155163e+08 -5.753337e+06
-3.294046e+00 -7.414983e+06
6.351900e+11 8.685706e+11
-8.965118e+05 -7.007558e+00
-7.125232e+04 -9.525214e+00
-2.760515e+07 5.516236e+07
5.652122e+09 6.290371e+09
-1.054652e+09 -7.011860e+08
1.827208e+17 -2.975113e+17
1.377327e+10 4.140891e+09
3.954270e+00 -1.481929e+06
4.122440e+08 6.997490e+08
1.096542e+06 -1.437707e+06
-4.017851e+04 -1.042225e+06
-7.435185e+09 4.843209e+09
-6.145524e+08 -1.993217e+10
6.140150e+11 -5.918893e+11
-6.827296e+08 -5.074291e+08
-2.999067e+11 4.531329e+11
3.180429e+04 9.349644e+05
1.004565e+07 6.158947e+07
2.999143e+11 -4.531098e+11
3.815478e+05 1.078690e+01
1.414395e+14 -7.270217e+13
-3.878355e+10 2.433940e+10
1.036073e+11 5.833955e+11
1.952230e+07 9.800892e+00
-1.594685e+08 1.530655e+08
-2.953537e+09 4.149267e+08
6.278961e+12 -2.255173e+12
-8.156353e+08 -2.035233e+08
-1.314047e+06 3.930272e+05
1.663299e+15 -2.376496e+15
8.807417e+05 1.671349e+06
-2.776275e+10 -8.053116e+09
-1.827533e+17 2.975567e+17
-2.691843e+08 1.658428e+08
8.146429e+12 -2.632894e+12
2.251912e+09 -1.466463e+09
-8.135387e+07 3.041500e+08
2.859931e+11 -2.819626e+11
7.250429e+07 1.358095e+08
1.109216e+10 1.704121e+10
-2.893536e+06 4.999302e+06
2.570084e+08 -2.766776e+08
-1.471328e+06 -7.038425e+06
1.486669e+06 7.024793e+06
-6.126430e+00 -7.302999e+06
-8.899203e+10 1.783824e+11
-4.380025e+07 1.333503e+07
-7.178284e+07 -5.704713e+07
-9.952403e+06 -1.624328e+07
2.140807e+00 6.562406e+06
1.395093e+09 2.684629e+09
-3.681276e+07 9.919019e+07
1.081428e+15 -5.120604e+15
6.192935e+06 -3.147818e+06
-1.741552e+06 -7.065890e+06
2.683729e+08 -1.657369e+08
-5.631950e+05 -1.808472e+06
-2.324395e+16 -8.647272e+16
-3.677688e+05 5.174847e-01
3.698600e+07 -2.979761e+06
-5.571970e+08 -5.355311e+07
-2.839713e+06 -4.584574e+05
-2.570464e+08 2.766895e+08
-2.444226e+06 -2.795916e+06
-5.388222e+07 6.040164e+07
-1.558900e+11 -3.032086e+10
-3.790047e+10 1.388691e+11
-8.365324e+00 3.878741e+05
-2.294955e+12 -7.249226e+10
6.923167e+07 -2.569016e+07
2.651881e+13 -4.593778e+13
-8.135920e+00 -1.734724e+07
2.550149e+06 -3.161329e+06
-1.088265e+05 -9.213343e+05
2.131930e+08 -4.911574e+07
1.648173e+05 9.239141e+05
5.557306e+05 1.790199e+06
-4.105894e+10 4.608414e+09
-3.335281e+06 -9.411579e+04
-1.035860e+11 -5.832612e+11
6.878761e+09 1.385190e+10
-1.113142e+11 -2.496025e+11
-3.715148e+15 1.528004e+14
1.690568e+06 7.309511e+06
5.386724e+07 -6.040613e+07
5.987423e+05 6.610519e+06
3.789753e+10 -1.388478e+11
-1.342161e+08 -1.268337e+08
6.181571e+13 2.035742e+13
1.985330e+08 6.247865e+07
1.623142e+09 -2.823143e+08
3.682555e+07 -9.917040e+07
5.570797e+08 5.368482e+07
1.347110e+08 -1.139668e+08
8.625691e+08 8.568061e+08
-9.876917e+07 1.724364e+08
2.729964e+08 4.981570e+08
-3.096924e+06 -1.427665e+06
1.943382e+07 2.790554e+06
-2.651678e+13 4.593310e+13
-1.941833e+07 -2.705994e+06
-3.020007e+06 -4.901441e+06
3.714770e+15 -1.527966e+14
-1.853633e+07 4.282014e+05
9.652844e+10 -2.149573e+10
-6.139352e+11 5.919267e+11
-9.580801e+06 3.489767e+07
-9.657108e+10 2.150134e+10
1.342215e+08 1.268526e+08
1.081138e+07 1.666997e+07
-2.518870e+05 -7.150095e+06
1.028542e+01 1.311480e+06
1.051103e+06 -1.352196e+06
1.943434e+08 6.571115e+07
1.558862e+11 3.031732e+10
-1.531742e+06 2.394965e+06
1.055111e+09 7.013400e+08
1.189217e+12 -1.657131e+12
-2.129792e+08 4.949730e+07
1.153937e+08 5.276593e+06
-6.879078e+09 -1.385262e+10
4.841765e+20 -3.999990e+20
7.403642e+04 1.967748e+06
-1.210271e+00 1.099698e+06
1.014905e+07 -3.621551e+07
2.944523e+13 -2.048672e+13
-6.663683e+00 4.336777e+05
2.976247e+08 -2.172790e+08
-1.331338e+06 -1.308979e+05
6.133878e+06 -4.071340e+05
4.407278e+07 -1.298704e+07
-1.347021e+08 7.570819e+07
4.044337e+06 3.424935e+05
-1.341085e+14 -2.555663e+14
-1.622285e+09 2.832146e+08
1.214029e+07 -4.650690e+07
3.816985e+09 3.263671e+09
-2.624898e+07 7.887698e+05
1.330977e+07 -3.709187e+07
-4.042963e+07 4.665095e+07
-1.081428e+15 5.120081e+15
3.637443e+07 1.740174e+07
7.437382e+08 2.215385e+09
8.899636e+10 -1.783869e+11
-2.945349e+13 2.048985e+13
-1.760569e+10 -5.757198e+09
1.255966e+10 3.131533e+08
-1.255902e+10 -3.131327e+08
4.062270e+07 -4.642807e+07
-1.908581e+07 6.894675e+07
2.324573e+16 8.646388e+16
-1.816877e+06 -4.587527e+06
8.743799e+00 -1.539051e+06
-7.063027e+06 1.693556e+08
3.741660e+08 -2.206796e+07
1.027978e+06 -6.314742e+05
-1.029796e+06 6.361195e+05
-2.125050e+09 -1.018208e+09
2.622936e+07 -1.391489e+06
3.663282e+00 9.850984e+06
-1.234760e+19 -2.600197e+19
1.447945e+07 -1.106879e+07
3.074989e+05 8.829577e+00
-2.464370e+06 -4.509560e+06
-6.886213e+07 2.573036e+07
3.030627e+06 1.467694e+06
7.901152e+05 -5.513020e+00
-2.383680e+08 -6.046502e+07
-9.453749e+05 -3.381441e+06
1.909609e+07 -6.897726e+07
-9.385978e+06 3.952413e+06
9.200493e+05 2.659150e+06
-1.109127e+10 -1.704028e+10
-4.841765e+20 4.000194e+20
6.019737e+04 -2.477919e+00
-1.213503e+07 4.653430e+07
-1.455539e+13 -5.297579e+12
2.056144e+08 -1.985566e+10
-4.969208e+00 -1.531886e+06
-3.820438e+06 -4.423516e+07
-3.545426e+09 -4.582922e+10
-7.439223e+08 -2.215741e+09
6.818075e+08 5.071431e+08
-4.936014e+07 -1.578189e+08
3.318947e+07 5.572663e+07
-2.732858e+08 -4.986140e+08
-8.140855e+05 -2.589030e+00
-7.764896e+00 -1.103175e+06
-1.414431e+14 7.270402e+13
9.595031e+14 1.036551e+16
-3.220951e+06 -6.536266e-01
1.348183e+09 7.709859e+08
-1.049421e+01 1.319766e+06
-3.758031e+08 1.863977e+07
-1.436473e+07 1.106094e+07
3.242000e+06 -9.866026e+00
-8.874092e+07 7.588790e+07
-2.862025e+11 2.819258e+11
-9.090763e+04 -7.387001e+06
-1.028327e+13 3.713866e+14
-9.353938e+10 4.267577e+11
1.942189e+06 -5.193472e+06
2.039091e+07 3.102005e+06
-3.471979e+07 -5.897927e+07
1.112002e+07 -8.284347e+05
-6.909783e-01 1.475128e+06
-1.814197e+07 -5.251438e+06
2.459047e+06 4.495766e+06
-2.123599e+09 6.249249e+08
-8.412024e+11 -9.272873e+11
2.263107e+07 -5.811047e+06
5.847117e+11 8.824511e+10
9.356530e+06 -4.002261e+06
1.500226e+08 3.893093e+08
-8.452834e+07 -8.961149e+07
-5.270131e+05 -2.906614e+05
-3.675752e+06 7.637579e+05
1.243763e+08 -1.625182e+07
-7.834493e+00 4.710946e+05
2.297605e+06 2.000393e+06
2.925507e+10 6.184996e+09
1.837916e+06 2.402483e+06
3.648645e+11 -6.819911e+10
-8.365678e+04 -2.021122e+04
-4.686009e+08 2.029073e+07
3.682494e+08 3.256264e+08
-5.259729e+14 4.740566e+14
-7.267774e+07 -1.356250e+08
-5.646935e+05 -5.364970e+05
1.814024e+07 5.289934e+06
2.250755e+09 9.323242e+09
-3.655893e+05 1.583615e+00
-5.809083e+00 1.112610e+06
-8.147465e+12 2.634033e+12
-1.294410e+07 -7.846073e+06
-2.239733e+08 -6.326577e+07
6.450177e+00 4.885168e+06
7.436028e+09 -4.843845e+09
-6.184409e+13 -2.036469e+13
3.736476e+06 4.534291e+06
-1.849752e+06 5.139227e+06
-2.055634e+08 1.985837e+10
1.336495e+08 3.430420e+07
2.248188e+06 -4.152742e+05
1.301952e+06 -3.648688e+05
-1.860367e+07 8.187139e+06
-9.595764e+14 -1.036603e+16
-1.189673e+06 -2.215046e+00
1.876054e+11 -3.267533e+10
7.880548e+10 -5.644956e+08
-7.883360e+10 5.645305e+08
4.084955e+10 1.349404e+10
-6.279600e+12 2.255288e+12
2.295950e+12 7.251832e+10
2.776807e+10 8.054009e+09
-9.722449e+06 1.874298e+07
1.760999e+10 5.757238e+09
7.086364e+06 -1.695613e+08
2.531913e+06 -5.038015e+06
-1.492583e+09 -9.039825e+07
2.867193e+05 -7.185903e+00
2.310035e+09 4.439699e+08
-3.670597e+07 -1.747414e+07
2.716229e+06 -1.064961e+07
2.650451e-01 -4.800448e+06
-6.313787e+05 -7.225474e+00
1.113511e+11 2.496660e+11
-3.672877e+07 2.964329e+07
-1.085017e+07 1.126096e+06
3.094805e+07 2.560561e+07
-5.455975e+06 2.369435e+07
-1.790838e+10 2.411589e+10
-2.879613e+08 4.909009e+07
8.616406e+05 1.086276e+01
1.016856e+08 -9.975370e+07
1.028484e+13 -3.714055e+14
-4.128254e+08 -6.991446e+08
-3.991436e+08 8.145846e+08
-3.728081e+07 3.131030e+06
5.259997e+14 -4.740686e+14
-5.779436e+06 1.067910e+06
1.492772e+09 9.004956e+07
1.235012e+19 2.601059e+19
-1.336604e+08 -3.437118e+07
-3.344591e+07 -5.530659e+07
-2.683596e+06 1.067657e+07
-3.998107e+06 -4.936845e+05
3.546449e+05 2.774691e+06
-1.987204e+09 2.583476e+10
9.880069e+07 -1.724643e+08
1.378704e+11 2.156021e+12
1.790884e+10 -2.411468e+10
8.142039e+07 -3.041499e+08
2.231446e+08 6.388733e+07
-1.503747e+08 -3.886126e+08
4.828002e+05 1.029221e+01
3.776337e+06 3.808481e+00
3.507085e+05 7.076112e+06
-3.679568e+08 -3.252938e+08
4.879131e+07 1.582129e+08
-3.123243e+07 -2.573643e+07
9.353683e+10 -4.267152e+11
-2.018862e+07 -3.137591e+06
2.974708e+06 5.386159e+05
8.096139e+09 5.624013e+09
7.909349e+00 -4.454423e+06
3.983026e+08 -8.144164e+08
4.685853e+08 -2.029402e+07
-2.810852e+06 2.859140e+06
-3.000319e+06 -1.629935e+06
-8.239104e+06 -4.031373e+00
3.488073e+06 2.365404e+06
