1.939789e+06 1.064935e+01
7.702490e+06 -1.356418e+06
8.062269e+09 1.042003e+11
1.913034e+12 2.109001e+12
-1.444755e+12 -1.975855e+12
-5.257010e+09 -1.009906e+09
1.498120e+07 -5.364562e+07
-6.754790e+06 -5.545126e+06
-2.229830e+06 -1.472556e+07
-4.916644e+06 -1.375437e+00
7.119787e+05 -1.558851e+06
-3.305553e+07 8.798816e+07
4.519368e+09 -5.875509e+10
4.830574e+09 -1.421195e+09
-4.867122e+10 -1.054076e+10
4.836083e+09 2.317140e+09
-1.290092e+06 4.178247e+07
-6.490129e+06 -2.254465e+06
1.868615e+07 1.101046e+01
-2.315590e+08 2.264931e+08
-2.106862e+06 -4.225857e+06
-3.721019e+09 1.391554e+09
1.399762e+09 4.533805e+10
-6.652610e+10 -1.406463e+10
-5.104307e+07 9.986242e+07
-1.328563e+07 1.315422e+06
7.238443e+05 -1.362789e+05
8.462027e+07 -6.607661e+07
-2.121034e+13 -5.761273e+12
-7.802576e+00 -3.447885e+06
4.157531e+07 -1.877509e+07
-1.270917e+08 2.487229e+07
-3.132772e+10 -9.417101e+09
-3.067896e+09 -1.753963e+09
-3.913866e+07 -5.572124e+06
8.824678e+10 -5.538416e+10
3.051421e+14 5.815355e+14
7.464305e+05 1.391068e+06
4.868361e+10 1.054316e+10
1.639737e+08 1.320126e+08
9.345014e+10 -1.048760e+10
2.057355e+06 4.219114e+06
-1.011929e+01 -1.986454e+06
-1.842256e+10 -1.279860e+10
1.398406e+07 1.014167e+08
2.061229e+06 -1.955614e+06
-2.709702e+12 3.775652e+12
1.291659e+06 -9.848321e+05
1.271522e+08 -2.498298e+07
-1.963116e+09 -1.950106e+09
6.563602e+08 -1.132400e+08
2.955752e+07 1.769449e+07
-1.045369e+01 -1.509582e+06
1.502033e+07 -1.688857e+06
3.311938e+13 1.205513e+13
3.719562e+09 -1.392494e+09
-4.267447e+11 7.432479e+10
5.427660e+08 1.376755e+08
3.907751e+06 1.016013e+07
-4.381028e+07 -1.318999e+08
-1.853063e+13 -2.489420e+13
-8.299552e+11 1.551526e+11
6.276971e+07 -1.257703e+08
1.952803e+08 2.168402e+08
-3.782049e+15 5.404702e+15
-3.490371e+08 1.142436e+08
2.093232e+07 -4.256055e+07
-1.329781e+12 -2.007064e+11
-8.693961e+09 -7.432250e+09
6.718333e+09 -9.434629e+08
4.898029e+06 -1.251331e+00
-1.285772e+10 -1.430855e+10
2.121271e+13 5.761208e+12
1.860883e+09 4.632697e+08
1.091819e+05 7.496437e+00
-9.291272e+10 -3.070017e+10
-3.136048e+11 -4.905626e+12
-3.131496e+09 -6.097930e+09
-3.469869e+06 3.587183e+06
-4.520962e+08 -1.425089e+08
-5.170562e+09 -2.118735e+10
1.853167e+13 2.489504e+13
-5.122466e+09 3.336371e+09
5.111569e+07 -9.994440e+07
-6.775259e+08 4.947017e+08
-2.629013e+08 -1.309466e+07
6.421204e+00 -1.687043e+07
1.444968e+12 1.975920e+12
-2.040370e+06 9.314854e+00
-1.625946e+05 -9.015275e+00
-6.280756e+07 1.254839e+08
1.285726e+10 1.430936e+10
-2.400076e+09 -1.595506e+09
4.156522e+17 -6.768018e+17
3.133662e+10 9.421183e+09
2.949194e+00 -3.372211e+06
9.382032e+08 1.592370e+09
2.494685e+06 -3.271132e+06
-9.169519e+04 -2.371756e+06
-1.692126e+10 1.102251e+10
-1.398100e+09 -4.534915e+10
1.396884e+12 -1.346602e+12
-1.553415e+09 -1.154485e+09
-6.824153e+11 1.031101e+12
7.258027e+04 2.126733e+06
2.285114e+07 1.401070e+08
6.824535e+11 -1.030963e+12
8.678103e+05 -1.934151e+00
3.219536e+14 -1.655028e+14
-8.824591e+10 5.538051e+10
2.358917e+11 1.328218e+12
4.440068e+07 1.093414e+01
-3.627603e+08 3.481876e+08
-6.718586e+09 9.437666e+08
1.428831e+13 -5.131798e+12
-1.860420e+09 -4.641894e+08
-2.989655e+06 8.941720e+05
3.783616e+15 -5.405791e+15
2.005914e+06 3.806848e+06
-6.315958e+10 -1.831956e+10
-4.156801e+17 6.768018e+17
-6.380609e+08 3.930865e+08
1.853268e+13 -5.989441e+12
5.122267e+09 -3.336208e+09
-1.850735e+08 6.919175e+08
6.505205e+11 -6.413743e+11
1.649539e+08 3.089601e+08
2.523759e+10 3.877478e+10
-6.591530e+06 1.138831e+07
5.847658e+08 -6.295029e+08
-3.346875e+06 -1.600983e+07
3.381129e+06 1.597855e+07
3.144664e+00 -1.662142e+07
-2.032535e+11 4.074065e+11
-9.967539e+07 3.034444e+07
-1.633331e+08 -1.298038e+08
-2.264496e+07 -3.695761e+07
-6.414309e+00 1.493448e+07
3.173802e+09 6.107130e+09
-8.375262e+07 2.256672e+08
2.461704e+15 -1.165619e+16
1.408805e+07 -7.161374e+06
-3.963312e+06 -1.608058e+07
6.361940e+08 -3.929062e+08
-1.281569e+06 -4.114391e+06
-5.297523e+16 -1.970761e+17
-8.369617e+05 -1.277141e+00
8.416626e+07 -6.781322e+06
-1.267590e+09 -1.218414e+08
-6.463840e+06 -1.043696e+06
-5.848125e+08 6.294975e+08
-5.560584e+06 -6.360781e+06
-1.225758e+08 1.374067e+08
-3.546386e+11 -6.897891e+10
-8.622472e+10 3.159156e+11
9.941913e+00 8.825011e+05
-5.220638e+12 -1.649220e+11
1.575590e+08 -5.846752e+07
6.035424e+13 -1.045441e+14
-4.777914e+00 -3.950297e+07
5.811178e+06 -7.203489e+06
-2.474187e+05 -2.095901e+06
4.855830e+08 -1.118706e+08
3.749013e+05 2.101777e+06
1.264015e+06 4.072459e+06
-9.341342e+10 1.048512e+10
-7.588221e+06 -2.141974e+05
-2.358648e+11 -1.328099e+12
1.565152e+10 3.151646e+10
-2.532300e+11 -5.677787e+11
-8.451319e+15 3.475655e+14
3.846767e+06 1.663179e+07
1.225306e+08 -1.374092e+08
1.362137e+06 1.503844e+07
8.621689e+10 -3.159014e+11
-3.054454e+08 -2.886621e+08
1.407603e+14 4.635627e+13
4.529514e+08 1.425532e+08
3.695868e+09 -6.428563e+08
8.379411e+07 -2.256563e+08
1.267538e+09 1.221549e+08
3.066352e+08 -2.594194e+08
1.962926e+09 1.949795e+09
-2.249254e+08 3.926922e+08
6.211831e+08 1.133504e+09
-7.048552e+06 -3.249740e+06
4.421369e+07 6.349363e+06
-6.035830e+13 1.045546e+14
-4.417577e+07 -6.156348e+06
-6.872624e+06 -1.115332e+07
8.452076e+15 -3.476357e+14
-4.216980e+07 9.748522e+05
2.196455e+11 -4.890659e+10
-1.396881e+12 1.346694e+12
-2.179853e+07 7.939901e+07
-2.197039e+11 4.891566e+10
3.054513e+08 2.886770e+08
2.460056e+07 3.793255e+07
-5.729405e+05 -1.626809e+07
9.371358e+00 2.984627e+06
2.391813e+06 -3.076667e+06
4.421335e+08 1.494918e+08
3.546311e+11 6.896940e+10
-3.484918e+06 5.448934e+06
2.400804e+09 1.595938e+09
2.709249e+12 -3.775102e+12
-4.850842e+08 1.127419e+08
2.626023e+08 1.200867e+07
-1.565109e+10 -3.151825e+10
1.101606e+21 -9.100612e+20
1.683527e+05 4.478089e+06
-1.041499e+01 2.502521e+06
2.309025e+07 -8.240063e+07
6.701081e+13 -4.662123e+13
-1.023358e+00 9.870825e+05
6.773537e+08 -4.944567e+08
-3.030204e+06 -2.983257e+05
1.395531e+07 -9.264395e+05
1.003060e+08 -2.955469e+07
-3.066106e+08 1.723285e+08
9.201380e+06 7.797000e+05
-3.051455e+14 -5.815420e+14
-3.693959e+09 6.448745e+08
2.762853e+07 -1.058409e+08
8.695284e+09 7.434653e+09
-5.973395e+07 1.795629e+06
3.028000e+07 -8.438063e+07
-9.203606e+07 1.062013e+08
-2.461676e+15 1.165527e+16
8.276347e+07 3.959394e+07
1.692169e+09 5.040207e+09
2.032416e+11 -4.073879e+11
-6.701306e+13 4.662019e+13
-4.005957e+10 -1.309967e+10
2.857874e+10 7.125715e+08
-2.857714e+10 -7.125108e+08
9.246899e+07 -1.056828e+08
-4.341690e+07 1.568437e+08
5.297642e+16 1.970562e+17
-4.135478e+06 -1.044086e+07
-4.812387e+00 -3.503541e+06
-1.608454e+07 3.856949e+08
8.522554e+08 -5.026837e+07
2.339536e+06 -1.437343e+06
-2.343700e+06 1.447730e+06
-4.837634e+09 -2.317922e+09
5.968854e+07 -3.166768e+06
2.180469e+00 2.241343e+07
-2.809853e+19 -5.917236e+19
3.295262e+07 -2.518997e+07
6.999350e+05 -2.045288e+00
-5.607757e+06 -1.026169e+07
-1.566947e+08 5.854658e+07
6.895603e+06 3.339513e+06
1.797528e+06 3.738811e+00
-5.423118e+08 -1.375667e+08
-2.151065e+06 -7.692951e+06
4.344186e+07 -1.569228e+08
-2.135827e+07 8.993911e+06
2.093459e+06 6.050398e+06
-2.524201e+10 -3.878115e+10
-1.101816e+21 9.102446e+20
1.372340e+05 -4.016404e+00
-2.761620e+07 1.059007e+08
-3.312049e+13 -1.205486e+13
4.678128e+08 -4.517449e+10
1.557333e+00 -3.485503e+06
-8.691747e+06 -1.006377e+08
-8.065507e+09 -1.042615e+11
-1.692656e+09 -5.041417e+09
1.551321e+09 1.153854e+09
-1.123519e+08 -3.592260e+08
7.551898e+07 1.267996e+08
-6.217754e+08 -1.134458e+09
-1.852370e+06 -4.392506e+00
-7.890827e+00 -2.510358e+06
-3.220149e+14 1.655269e+14
2.182832e+15 2.358045e+16
-7.330227e+06 -1.002720e+01
3.067601e+09 1.754265e+09
3.279032e+00 3.003187e+06
-8.559894e+08 4.245660e+07
-3.269662e+07 2.517186e+07
7.377873e+06 -9.022412e+00
-2.019609e+08 1.727241e+08
-6.511530e+11 6.413903e+11
-2.071706e+05 -1.680594e+07
-2.340080e+13 8.450880e+14
-2.128303e+11 9.709639e+11
4.418616e+06 -1.181674e+07
4.639176e+07 7.057777e+06
-7.901743e+07 -1.342284e+08
2.530573e+07 -1.885422e+06
2.510078e+00 3.356461e+06
-4.127931e+07 -1.194918e+07
5.596476e+06 1.023141e+07
-4.832228e+09 1.421951e+09
-1.913613e+12 -2.109544e+12
5.149139e+07 -1.322011e+07
1.330048e+12 2.007398e+11
2.128919e+07 -9.105956e+06
3.413315e+08 8.857920e+08
-1.930248e+08 -2.046110e+08
-1.199133e+06 -6.610268e+05
-8.362154e+06 1.737183e+06
2.830506e+08 -3.698561e+07
3.112624e+00 1.071655e+06
5.227527e+06 4.551387e+06
6.655231e+10 1.407044e+10
4.181304e+06 5.465217e+06
8.301600e+11 -1.551726e+11
-1.903856e+05 -4.591356e+04
-1.066168e+09 4.616624e+07
8.378043e+08 7.408221e+08
-1.196679e+15 1.078569e+15
-1.653597e+08 -3.085772e+08
-1.285105e+06 -1.220770e+06
4.127444e+07 1.203652e+07
5.121017e+09 2.121373e+10
-8.320831e+05 -8.633001e+00
7.561460e+00 2.531180e+06
-1.853786e+13 5.993262e+12
-2.945449e+07 -1.785465e+07
-5.096587e+08 -1.439545e+08
-8.967891e+00 1.111545e+07
1.692287e+10 -1.102372e+10
-1.408171e+14 -4.636977e+13
8.502226e+06 1.031705e+07
-4.209021e+06 1.169276e+07
-4.676101e+08 4.517540e+10
3.040134e+08 7.803252e+07
5.117269e+06 -9.459604e+05
2.962336e+06 -8.306160e+05
-4.232631e+07 1.862799e+07
-2.182929e+15 -2.358071e+16
-2.707500e+06 1.086561e+01
4.267675e+11 -7.433578e+10
1.793658e+11 -1.284586e+09
-1.793940e+11 1.284633e+09
9.293642e+10 3.069913e+10
-1.428991e+13 5.132430e+12
5.222977e+12 1.649760e+11
6.317313e+10 1.832315e+10
-2.212071e+07 4.264391e+07
4.006734e+10 1.309891e+10
1.613692e+07 -3.861276e+08
5.766471e+06 -1.147531e+07
-3.395846e+09 -2.056503e+08
6.519668e+05 -2.376814e-01
5.256707e+09 1.010325e+09
-8.350977e+07 -3.975557e+07
6.178569e+06 -2.422271e+07
5.581474e+00 -1.092144e+07
-1.436747e+06 2.524852e+00
2.533181e+11 5.679884e+11
-8.358634e+07 6.746144e+07
-2.469165e+07 2.562575e+06
7.045584e+07 5.829471e+07
-1.241494e+07 5.391368e+07
-4.074938e+10 5.487399e+10
-6.555611e+08 1.117499e+08
1.961775e+06 -6.275638e+00
2.313570e+08 -2.269609e+08
2.340184e+13 -8.450786e+14
-9.393585e+08 -1.590860e+09
-9.102139e+08 1.857619e+09
-8.483116e+07 7.125200e+06
1.196732e+15 -1.078581e+15
-1.315256e+07 2.430469e+06
3.396234e+09 2.048689e+08
2.810105e+19 5.918495e+19
-3.040403e+08 -7.818476e+07
-7.609879e+07 -1.258358e+08
-6.104547e+06 2.428703e+07
-9.096017e+06 -1.123809e+06
8.072403e+05 6.312712e+06
-4.520840e+09 5.876977e+10
2.249861e+08 -3.927161e+08
3.139712e+11 4.909696e+12
4.075075e+10 -5.487035e+10
1.852524e+08 -6.920272e+08
5.077271e+08 1.453626e+08
-3.421350e+08 -8.841267e+08
1.098862e+06 6.234203e+00
8.590138e+06 -1.006225e+01
7.980421e+05 1.609925e+07
-8.371478e+08 -7.400925e+08
1.110592e+08 3.601137e+08
-7.110421e+07 -5.859195e+07
2.128180e+11 -9.709118e+11
-4.593424e+07 -7.139168e+06
6.771672e+06 1.226487e+06
1.842447e+10 1.279723e+10
-3.119334e+00 -1.017287e+07
9.084418e+08 -1.857414e+09
1.066163e+09 -4.617253e+07
-6.404681e+06 6.514675e+06
-6.826558e+06 -3.708785e+06
-1.874536e+07 1.090885e+01
7.936229e+06 5.380907e+06
