1.264610e+06 7.173173e+00
5.022552e+06 -8.843662e+05
5.257154e+09 6.794735e+10
1.247422e+12 1.375255e+12
-9.421649e+11 -1.288491e+12
-3.427464e+09 -6.584236e+08
9.767946e+06 -3.497452e+07
-4.404070e+06 -3.615419e+06
-1.453973e+06 -9.602214e+06
-3.205614e+06 7.930811e+00
4.643276e+05 -1.016739e+06
-2.155705e+07 5.738036e+07
2.947196e+09 -3.831399e+10
3.149419e+09 -9.266061e+08
-3.173814e+10 -6.873231e+09
3.152657e+09 1.510622e+09
-8.411445e+05 2.723532e+07
-4.232417e+06 -1.470166e+06
1.218516e+07 -4.393441e+00
-1.509885e+08 1.476895e+08
-1.374115e+06 -2.755639e+06
-2.426351e+09 9.074373e+08
9.127509e+08 2.956326e+10
-4.337804e+10 -9.171000e+09
-3.328081e+07 6.511449e+07
-8.663009e+06 8.576208e+05
4.717737e+05 -8.873430e+04
5.516346e+07 -4.307660e+07
-1.383111e+13 -3.756696e+12
7.238540e+00 -2.247721e+06
2.710900e+07 -1.224146e+07
-8.287111e+07 1.621735e+07
-2.042735e+10 -6.140561e+09
-2.000399e+09 -1.143659e+09
-2.552063e+07 -3.633293e+06
5.754039e+10 -3.611207e+10
1.989852e+14 3.792385e+14
4.870994e+05 9.069485e+05
3.174821e+10 6.875345e+09
1.069227e+08 8.608384e+07
6.093788e+10 -6.839007e+09
1.341558e+06 2.751218e+06
-7.879177e+00 -1.295605e+06
-1.201167e+10 -8.345231e+09
9.118794e+06 6.613282e+07
1.343842e+06 -1.274965e+06
-1.765895e+12 2.460609e+12
8.421319e+05 -6.419392e+05
8.291200e+07 -1.629129e+07
-1.279959e+09 -1.271435e+09
4.278756e+08 -7.381460e+07
1.927033e+07 1.153622e+07
5.479450e-01 -9.842770e+05
9.792104e+06 -1.100932e+06
2.159399e+13 7.859944e+12
2.425343e+09 -9.080016e+08
-2.782829e+11 4.846784e+10
3.539076e+08 8.977116e+07
2.547829e+06 6.624492e+06
-2.856862e+07 -8.601328e+07
-1.208393e+13 -1.623372e+13
-5.412618e+11 1.011801e+11
4.093731e+07 -8.202579e+07
1.271453e+08 1.411829e+08
-2.466554e+15 3.524719e+15
-2.276176e+08 7.449785e+07
1.364973e+07 -2.775172e+07
-8.671787e+11 -1.308843e+11
-5.666112e+09 -4.844317e+09
4.381309e+09 -6.152687e+08
3.193505e+06 1.023210e+01
-8.384593e+09 -9.330579e+09
1.383253e+13 3.756825e+12
1.212075e+09 3.017428e+08
7.105164e+04 1.018696e+00
-6.058354e+10 -2.001758e+10
-2.044114e+11 -3.197426e+12
-2.041791e+09 -3.975946e+09
-2.262511e+06 2.338909e+06
-2.944550e+08 -9.281751e+07
-3.371348e+09 -1.381485e+10
1.208352e+13 1.623261e+13
-3.340315e+09 2.175608e+09
3.333057e+07 -6.516837e+07
-4.417279e+08 3.225594e+08
-1.714019e+08 -8.537030e+06
-3.160884e+00 -1.100061e+07
9.422474e+11 1.288446e+12
-1.330093e+06 1.105051e+01
-1.058596e+05 -1.021832e+01
-4.095447e+07 8.183072e+07
8.384862e+09 9.331862e+09
-1.564900e+09 -1.040310e+09
2.710454e+17 -4.413352e+17
2.043293e+10 6.143255e+09
-4.395820e+00 -2.198651e+06
6.117048e+08 1.038256e+09
1.626685e+06 -2.132969e+06
-5.966040e+04 -1.546411e+06
-1.103248e+10 7.186514e+09
-9.117106e+08 -2.957134e+10
9.108824e+11 -8.780890e+11
-1.012956e+09 -7.528330e+08
-4.449548e+11 6.723054e+11
4.729413e+04 1.386880e+06
1.490135e+07 9.136164e+07
4.449548e+11 -6.722015e+11
5.657656e+05 2.109029e+00
2.098751e+14 -1.078838e+14
-5.753519e+10 3.610799e+10
1.537642e+11 8.658134e+11
2.895541e+07 -1.036505e+01
-2.365570e+08 2.270532e+08
-4.381127e+09 6.154504e+08
9.315981e+12 -3.345988e+12
-1.211814e+09 -3.023525e+08
-1.949294e+06 5.829431e+05
2.467358e+15 -3.525384e+15
1.307424e+06 2.481229e+06
-4.118636e+10 -1.194679e+10
-2.710919e+17 4.413730e+17
-4.090557e+08 2.520141e+08
1.208437e+13 -3.905609e+12
3.340337e+09 -2.175512e+09
-1.206860e+08 4.511896e+08
4.242237e+11 -4.182595e+11
1.075608e+08 2.014711e+08
1.645642e+10 2.528333e+10
-4.295791e+06 7.421831e+06
3.813034e+08 -4.104747e+08
-2.182323e+06 -1.044023e+07
2.204843e+06 1.041976e+07
-6.141398e+00 -1.083629e+07
-1.323150e+11 2.652202e+11
-6.498554e+07 1.978396e+07
-1.064937e+08 -8.463246e+07
-1.476456e+07 -2.409650e+07
5.261492e+00 9.736219e+06
2.069423e+09 3.982263e+09
-5.460740e+07 1.471383e+08
1.604721e+15 -7.598416e+15
9.186120e+06 -4.669455e+06
-2.583936e+06 -1.048358e+07
4.078263e+08 -2.518673e+08
-8.355505e+05 -2.682694e+06
-3.451617e+16 -1.284059e+17
-5.455503e+05 -4.790553e+00
5.487408e+07 -4.421029e+06
-8.266065e+08 -7.944569e+07
-4.213782e+06 -6.802925e+05
-3.813276e+08 4.104714e+08
-3.626034e+06 -4.147665e+06
-7.993093e+07 8.960504e+07
-2.312548e+11 -4.498024e+10
-5.622533e+10 2.059979e+11
6.620617e+00 5.754090e+05
-3.404383e+12 -1.075356e+11
1.027229e+08 -3.811761e+07
3.934774e+13 -6.815982e+13
7.329293e+00 -2.574813e+07
3.786690e+06 -4.693911e+06
-1.613766e+05 -1.366712e+06
3.164845e+08 -7.291084e+07
2.444144e+05 1.370557e+06
8.243085e+05 2.655562e+06
-6.091479e+10 6.837197e+09
-4.948080e+06 -1.395943e+05
-1.537507e+11 -8.657237e+11
1.020573e+10 2.055026e+10
-1.651301e+11 -3.702565e+11
-5.511138e+15 2.266559e+14
2.508034e+06 1.084425e+07
7.990067e+07 -8.960534e+07
8.881472e+05 9.807272e+06
5.622430e+10 -2.060050e+11
-1.991593e+08 -1.882099e+08
9.175619e+13 3.021811e+13
2.950253e+08 9.284894e+07
2.409308e+09 -4.190565e+08
5.463767e+07 -1.471406e+08
8.265311e+08 7.965286e+07
1.999147e+08 -1.691328e+08
1.279911e+09 1.271326e+09
-1.466144e+08 2.559692e+08
4.050483e+08 7.391021e+08
-4.595429e+06 -2.118473e+06
2.883125e+07 4.139950e+06
-3.935044e+13 6.816450e+13
-2.880706e+07 -4.014539e+06
-4.481141e+06 -7.272470e+06
5.511516e+15 -2.266910e+14
-2.749926e+07 6.353626e+05
1.432165e+11 -3.189046e+10
-9.108332e+11 8.781450e+11
-1.421320e+07 5.177231e+07
-1.432644e+11 3.189614e+10
1.991485e+08 1.882186e+08
1.604022e+07 2.473305e+07
-3.735261e+05 -1.060833e+07
-4.809704e+00 1.946060e+06
1.559490e+06 -2.006249e+06
2.883107e+08 9.748318e+07
2.312512e+11 4.497494e+10
-2.272326e+06 3.552904e+06
1.565378e+09 1.040555e+09
1.765623e+12 -2.460355e+12
-3.161749e+08 7.347831e+07
1.712157e+08 7.829364e+06
-1.020534e+10 -2.055133e+10
7.182980e+20 -5.933915e+20
1.096663e+05 2.919370e+06
8.023491e+00 1.631402e+06
1.505567e+07 -5.372894e+07
4.369109e+13 -3.039709e+13
-1.806103e+00 6.435012e+05
4.416214e+08 -3.223837e+08
-1.975403e+06 -1.942667e+05
9.099562e+06 -6.040242e+05
6.539660e+07 -1.926916e+07
-1.998896e+08 1.123494e+08
5.999974e+06 5.083575e+05
-1.989681e+14 -3.791864e+14
-2.407954e+09 4.203710e+08
1.801414e+07 -6.900937e+07
5.667025e+09 4.845489e+09
-3.894907e+07 1.170656e+06
1.974645e+07 -5.502691e+07
-6.000240e+07 6.923746e+07
-1.604996e+15 7.599069e+15
5.396929e+07 2.581946e+07
1.103456e+09 3.286937e+09
1.323330e+11 -2.652520e+11
-4.370084e+13 3.040127e+13
-2.612310e+10 -8.542244e+09
1.863555e+10 4.646410e+08
-1.863395e+10 -4.645903e+08
6.028244e+07 -6.889633e+07
-2.831174e+07 1.022753e+08
3.452033e+16 1.283993e+17
-2.695956e+06 -6.807025e+06
6.069609e+00 -2.283787e+06
-1.048386e+07 2.513851e+08
5.554390e+08 -3.276134e+07
1.525223e+06 -9.370032e+05
-1.528071e+06 9.439006e+05
-3.153801e+09 -1.511142e+09
3.891892e+07 -2.064556e+06
1.116652e+01 1.461543e+07
-1.832167e+19 -3.858197e+19
2.148516e+07 -1.642448e+07
4.562650e+05 -1.403868e+00
-3.656410e+06 -6.690980e+06
-1.021712e+08 3.817464e+07
4.496329e+06 2.177527e+06
1.172196e+06 -7.818668e+00
-3.536581e+08 -8.970975e+07
-1.402611e+06 -5.016791e+06
2.833121e+07 -1.023297e+08
-1.392643e+07 5.864196e+06
1.364952e+06 3.945273e+06
-1.645777e+10 -2.528498e+10
-7.184090e+20 5.935239e+20
8.948344e+04 6.538902e+00
-1.800615e+07 6.904879e+07
-2.159584e+13 -7.860079e+12
3.050448e+08 -2.945741e+10
-3.244376e+00 -2.272753e+06
-5.667701e+06 -6.562471e+07
-5.259603e+09 -6.798896e+10
-1.103721e+09 -3.287331e+09
1.011573e+09 7.524300e+08
-7.324962e+07 -2.342007e+08
4.924192e+07 8.268092e+07
-4.054473e+08 -7.397442e+08
-1.207916e+06 -2.212056e+00
9.776193e+00 -1.636882e+06
-2.099220e+14 1.079060e+14
1.423451e+15 1.537754e+16
-4.779739e+06 2.160986e+01
2.000317e+09 1.143971e+09
-1.967529e+00 1.958336e+06
-5.579322e+08 2.767366e+07
-2.131839e+07 1.641316e+07
4.810709e+06 -1.183473e+01
-1.316803e+08 1.126119e+08
-4.246147e+11 4.182556e+11
-1.350359e+05 -1.095936e+07
-1.525768e+13 5.510263e+14
-1.387749e+11 6.331159e+11
2.881224e+06 -7.705023e+06
3.025060e+07 4.602023e+06
-5.151654e+07 -8.751319e+07
1.649893e+07 -1.229218e+06
6.791604e+00 2.188554e+06
-2.691584e+07 -7.791220e+06
3.648700e+06 6.670740e+06
-3.150755e+09 9.271522e+08
-1.247894e+12 -1.375609e+12
3.357540e+07 -8.620644e+06
8.673420e+11 1.309043e+11
1.388130e+07 -5.937582e+06
2.225641e+08 5.775745e+08
-1.256690e+08 -1.332159e+08
-7.818050e+05 -4.310349e+05
-5.452869e+06 1.132851e+06
1.845505e+08 -2.411431e+07
-4.549878e+00 6.989134e+05
3.408662e+06 2.967938e+06
4.339925e+10 9.175379e+09
2.726516e+06 3.563871e+06
5.413085e+11 -1.011802e+11
-1.240839e+05 -2.987410e+04
-6.952228e+08 3.010327e+07
5.463120e+08 4.830834e+08
-7.803204e+14 7.032928e+14
-1.078239e+08 -2.012099e+08
-8.378306e+05 -7.958831e+05
2.691244e+07 7.848203e+06
3.339076e+09 1.383159e+10
-5.423867e+05 -2.174346e+00
9.601679e+00 1.650446e+06
-1.208790e+13 3.908022e+12
-1.920551e+07 -1.164163e+07
-3.323152e+08 -9.386433e+07
-5.983840e+00 7.247277e+06
1.103337e+10 -7.187287e+09
-9.178931e+13 -3.022589e+13
5.543625e+06 6.727045e+06
-2.744226e+06 7.624281e+06
-3.049539e+08 2.946019e+10
1.982595e+08 5.088707e+07
3.336034e+06 -6.163055e+05
1.931350e+06 -5.413221e+05
-2.759918e+07 1.214606e+07
-1.423451e+15 -1.537702e+16
-1.765157e+06 2.371658e+00
2.782774e+11 -4.847270e+10
1.169403e+11 -8.375848e+08
-1.169704e+11 8.376297e+08
6.060352e+10 2.001844e+10
-9.317259e+12 3.346275e+12
3.405845e+12 1.075783e+11
4.119326e+10 1.194803e+10
-1.442349e+07 2.780580e+07
2.612528e+10 8.541063e+09
1.051814e+07 -2.516863e+08
3.758488e+06 -7.479310e+06
-2.214322e+09 -1.341081e+08
4.253723e+05 -4.015506e+00
3.427594e+09 6.587779e+08
-5.445650e+07 -2.592423e+07
4.029312e+06 -1.579750e+07
7.314161e+00 -7.121996e+06
-9.368355e+05 1.085375e+01
1.651897e+11 3.703899e+11
-5.449899e+07 4.398538e+07
-1.609878e+07 1.670830e+06
4.593099e+07 3.800236e+07
-8.095122e+06 3.515437e+07
-2.657045e+10 3.578015e+10
-4.273617e+08 7.285366e+07
1.278821e+06 -5.581122e+00
1.508605e+08 -1.479958e+08
1.525924e+13 -5.510263e+14
-6.125031e+08 -1.037311e+09
-5.929690e+08 1.210160e+09
-5.531278e+07 4.645824e+06
7.803740e+14 -7.033169e+14
-8.575473e+06 1.584572e+06
2.214681e+09 1.335978e+08
1.832356e+19 3.859191e+19
-1.982740e+08 -5.098630e+07
-4.962294e+07 -8.205633e+07
-3.980918e+06 1.583805e+07
-5.931648e+06 -7.325855e+05
5.262008e+05 4.116658e+06
-2.948176e+09 3.832728e+10
1.466578e+08 -2.559873e+08
2.046580e+11 3.200395e+12
2.657227e+10 -3.578018e+10
1.208024e+08 -4.512712e+08
3.310799e+08 9.478894e+07
-2.231057e+08 -5.765519e+08
7.164727e+05 -7.526997e+00
5.602140e+06 4.880771e+00
5.202141e+05 1.049762e+07
-5.459061e+08 -4.826023e+08
7.240608e+07 2.347874e+08
-4.635381e+07 -3.819688e+07
1.387747e+11 -6.330956e+11
-2.995295e+07 -4.655347e+06
4.414782e+06 7.994621e+05
1.201314e+10 8.344898e+09
-7.959019e+00 -6.623262e+06
5.917798e+08 -1.210013e+09
6.952352e+08 -3.010828e+07
-4.173885e+06 4.245544e+06
-4.451823e+06 -2.418438e+06
-1.222374e+07 -4.900333e+00
5.175110e+06 3.509340e+06
