1.103805e+01 -1.088103e+01
1.015661e+01 -1.013055e+01
1.038333e+01 -9.144655e+00
1.072997e+01 -8.150305e+00
1.096655e+01 -7.018717e+00
1.112857e+01 -5.929782e+00
1.080525e+01 -4.841787e+00
1.036477e+01 -3.803350e+00
1.043400e+01 -2.697523e+00
1.044277e+01 -1.372280e+00
1.089253e+01 -4.353620e-01
1.032731e+01 4.972761e-01
1.078562e+01 1.480408e+00
1.036621e+01 2.501082e+00
1.083639e+01 3.678401e+00
1.084028e+01 4.706122e+00
1.022845e+01 6.177618e+00
1.071714e+01 7.588114e+00
1.047987e+01 8.819779e+00
1.079343e+01 1.037918e+01
-1.053749e+01 1.034331e+01
-1.020605e+01 -1.102127e+01
-1.061901e+01 -1.003837e+01
-1.062920e+01 -8.891924e+00
-1.064324e+01 -7.773752e+00
-1.031798e+01 -6.534514e+00
-1.053149e+01 -5.122047e+00
-1.093419e+01 -3.929931e+00
-1.091192e+01 -2.924772e+00
-1.084532e+01 -1.860857e+00
-1.058786e+01 -9.375703e-01
-1.088418e+01 4.340393e-01
-1.051657e+01 1.411563e+00
-1.089880e+01 2.659668e+00
-1.045641e+01 3.802977e+00
-1.063269e+01 5.161592e+00
-1.112084e+01 6.342418e+00
-1.052128e+01 7.370525e+00
-1.083636e+01 8.364776e+00
-1.090228e+01 9.383022e+00
-9.141193e+00 1.044256e+01
-9.144049e+00 -1.072588e+01
-9.460807e+00 -9.669679e+00
-9.193878e+00 -8.637117e+00
-9.601942e+00 -7.732099e+00
-9.239083e+00 -5.825029e+00
-9.151649e+00 -4.781771e+00
-9.922984e+00 -3.709382e+00
-9.596991e+00 -2.539154e+00
-9.253916e+00 -1.529838e+00
-9.478128e+00 -3.243354e-01
-9.324440e+00 9.137798e-01
-9.591485e+00 1.935862e+00
-9.910558e+00 2.905168e+00
-9.393679e+00 3.980466e+00
-9.586532e+00 5.000748e+00
-1.002540e+01 5.960259e+00
-9.442462e+00 7.044286e+00
-9.688776e+00 8.147497e+00
-9.763563e+00 9.235191e+00
-8.168559e+00 1.083374e+01
-8.203640e+00 -1.043867e+01
-8.394547e+00 -9.397505e+00
-8.042514e+00 -8.439350e+00
-8.805152e+00 -7.164821e+00
-8.104197e+00 -6.110736e+00
-8.051905e+00 -4.948836e+00
-8.849012e+00 -3.736505e+00
-8.540294e+00 -2.836349e+00
-8.101766e+00 -1.822536e+00
-8.530871e+00 -7.946378e-01
-8.397567e+00 4.401086e-01
-8.237924e+00 1.431117e+00
-8.751805e+00 2.519396e+00
-8.444047e+00 3.670911e+00
-8.552566e+00 4.689364e+00
-8.427193e+00 5.732249e+00
-8.330870e+00 6.799460e+00
-8.615222e+00 7.894577e+00
-8.523442e+00 9.096269e+00
-7.186638e+00 1.076338e+01
-7.198279e+00 -1.039155e+01
-7.281807e+00 -9.106497e+00
-6.968489e+00 -8.108738e+00
-7.759842e+00 -7.431805e+00
-6.946842e+00 -6.565613e+00
-6.901981e+00 -5.447824e+00
-7.644660e+00 -3.511206e+00
-7.193993e+00 -2.480247e+00
-6.879664e+00 -1.421971e+00
-7.621437e+00 -4.583883e-01
-7.083984e+00 9.165498e-01
-7.313367e+00 1.915486e+00
-7.634157e+00 2.862684e+00
-7.247181e+00 3.836874e+00
-7.539976e+00 5.113932e+00
-7.377067e+00 6.168820e+00
-7.165651e+00 7.432575e+00
-7.111988e+00 8.604326e+00
-7.552862e+00 9.634085e+00
-6.085540e+00 1.023774e+01
-6.278863e+00 -1.092820e+01
-6.413116e+00 -9.711354e+00
-5.898328e+00 -8.675877e+00
-6.016621e+00 -7.480142e+00
-5.950877e+00 -6.011498e+00
-5.793091e+00 -4.933741e+00
-6.668076e+00 -4.071528e+00
-6.154250e+00 -3.049016e+00
-6.015422e+00 -1.891652e+00
-6.526918e+00 -4.689133e-01
-5.923279e+00 4.587709e-01
-6.097997e+00 1.479817e+00
-6.391800e+00 2.935191e+00
-5.545258e+00 3.749902e+00
-6.369429e+00 4.504595e+00
-6.292612e+00 5.627423e+00
-6.325096e+00 6.689526e+00
-6.048837e+00 7.884192e+00
-6.302247e+00 9.157242e+00
-4.843816e+00 1.016061e+01
-5.288670e+00 1.107955e+01
-5.291670e+00 -9.481972e+00
-4.644527e+00 -8.272052e+00
-4.972308e+00 -6.936761e+00
-4.940098e+00 -5.909392e+00
-4.721179e+00 -4.859655e+00
-5.426202e+00 -3.896920e+00
-5.096415e+00 -2.886468e+00
-4.860999e+00 -1.652648e+00
-5.191283e+00 -3.969662e-01
-4.905211e+00 5.996288e-01
-4.971013e+00 1.532158e+00
-5.434424e+00 2.478147e+00
-4.629997e+00 4.325134e+00
-5.353315e+00 5.051956e+00
-5.413434e+00 6.157172e+00
-5.138381e+00 7.182485e+00
-4.795321e+00 8.134188e+00
-4.921191e+00 9.141042e+00
-3.760308e+00 1.085161e+01
-4.305713e+00 -1.054007e+01
-4.261739e+00 -9.451432e+00
-3.556834e+00 -8.590159e+00
-3.808765e+00 -7.619168e+00
-3.908736e+00 -6.533158e+00
-3.844462e+00 -5.506791e+00
-4.259667e+00 -3.637748e+00
-3.968275e+00 -2.567575e+00
-3.679799e+00 -1.348188e+00
-4.171081e+00 -1.701132e-01
-4.009861e+00 1.206989e+00
-4.075260e+00 2.276145e+00
-4.166581e+00 3.327465e+00
-3.587286e+00 4.636066e+00
-4.114400e+00 5.469439e+00
-3.703561e+00 6.429609e+00
-3.853768e+00 7.566160e+00
-3.788038e+00 8.729896e+00
-3.945994e+00 9.780196e+00
-2.721016e+00 1.115737e+01
-3.267097e+00 -1.021332e+01
-2.916777e+00 -9.275820e+00
-2.396793e+00 -8.246441e+00
-2.786418e+00 -7.135127e+00
-2.871412e+00 -6.053973e+00
-2.899380e+00 -4.689761e+00
-3.204605e+00 -3.650469e+00
-2.757780e+00 -2.647357e+00
-2.679991e+00 -1.511880e+00
-2.869068e+00 -4.281881e-01
-3.197576e+00 5.133774e-01
-3.053439e+00 1.790618e+00
-3.176285e+00 2.878061e+00
-2.720989e+00 4.004622e+00
-2.546831e+00 5.075976e+00
-2.714749e+00 6.140126e+00
-2.548073e+00 7.385222e+00
-2.736410e+00 8.882883e+00
-2.679680e+00 1.007328e+01
-1.562190e+00 1.068114e+01
-1.802431e+00 -1.065400e+01
-1.932828e+00 -9.691759e+00
-1.384404e+00 -8.824602e+00
-1.540937e+00 -7.718205e+00
-1.322111e+00 -6.498138e+00
-1.640172e+00 -5.555993e+00
-1.695177e+00 -4.492868e+00
-2.228117e+00 -3.507936e+00
-1.768767e+00 -2.046405e+00
-1.752973e+00 -8.946596e-01
-2.036464e+00 2.385127e-01
-2.035256e+00 1.341490e+00
-2.126966e+00 2.397310e+00
-1.463318e+00 3.934908e+00
-1.409357e+00 5.042100e+00
-1.562733e+00 6.081520e+00
-1.369652e+00 7.049151e+00
-1.428555e+00 8.285155e+00
-1.847810e+00 9.404230e+00
-6.271456e-01 1.044130e+01
-7.031826e-01 -1.075078e+01
-6.539885e-01 -9.591902e+00
-4.753414e-01 -8.358352e+00
-5.534039e-01 -7.189888e+00
-3.300665e-01 -6.163940e+00
-2.152148e-01 -5.053513e+00
-6.926582e-01 -4.067715e+00
-1.314117e+00 -3.019191e+00
-7.885851e-01 -1.777915e+00
-8.234093e-01 -2.527648e-01
-1.192168e+00 7.686149e-01
-6.612141e-03 2.128519e+00
-9.599235e-01 2.927198e+00
-2.204780e-01 3.880379e+00
-4.182939e-01 4.985136e+00
-3.776221e-01 6.095429e+00
-3.001956e-01 7.163843e+00
-3.054969e-01 8.157191e+00
-7.644524e-01 9.138796e+00
4.494354e-01 1.091284e+01
2.631156e-01 -1.021362e+01
3.695042e-01 -8.915675e+00
5.474671e-01 -7.885659e+00
7.380163e-01 -6.771449e+00
7.468233e-01 -5.718801e+00
7.092103e-01 -4.512042e+00
4.941666e-01 -3.557511e+00
-1.712566e-01 -2.658368e+00
3.098263e-01 -1.460166e+00
6.052691e-01 -3.882008e-01
2.208399e-02 8.043989e-01
8.794712e-01 1.572192e+00
6.484893e-01 2.990586e+00
6.979963e-01 4.495610e+00
1.178227e+00 5.519435e+00
6.747457e-01 6.393232e+00
9.169932e-01 7.714907e+00
5.834991e-01 8.777460e+00
3.019346e-01 9.761421e+00
1.977348e+00 1.040429e+01
1.447562e+00 -1.103078e+01
1.212551e+00 -9.962998e+00
1.524948e+00 -8.912072e+00
1.557020e+00 -7.790724e+00
1.695508e+00 -6.403806e+00
1.677347e+00 -4.704770e+00
1.803690e+00 -3.610389e+00
1.236186e+00 -2.694200e+00
1.656943e+00 -1.541694e+00
1.722731e+00 -3.230852e-01
1.121194e+00 5.760456e-01
2.009685e+00 1.251800e+00
1.650742e+00 2.183796e+00
1.984519e+00 3.254824e+00
1.709283e+00 4.651484e+00
1.921358e+00 6.182092e+00
1.911988e+00 7.231863e+00
1.727123e+00 8.274913e+00
1.798763e+00 9.312732e+00
3.291843e+00 1.037835e+01
2.639072e+00 -1.108391e+01
2.233590e+00 -9.926685e+00
2.570985e+00 -8.896015e+00
2.595331e+00 -7.848162e+00
2.276699e+00 -5.560895e+00
2.832026e+00 -4.414391e+00
2.859311e+00 -3.270344e+00
2.562817e+00 -2.215122e+00
2.584432e+00 -1.087181e+00
3.274488e+00 -4.201397e-01
2.552233e+00 3.085528e-01
3.240825e+00 1.488578e+00
3.002724e+00 2.791005e+00
3.073017e+00 3.822306e+00
2.668628e+00 4.843104e+00
3.020199e+00 5.917598e+00
3.043284e+00 6.996859e+00
2.743838e+00 8.147626e+00
2.917445e+00 9.366947e+00
4.007754e+00 -1.117645e+01
3.371545e+00 -1.028506e+01
3.634922e+00 -9.254869e+00
3.532956e+00 -8.121171e+00
3.519240e+00 -7.097100e+00
3.252159e+00 -6.057815e+00
3.826990e+00 -5.061389e+00
3.990795e+00 -4.057503e+00
3.846882e+00 -2.868748e+00
3.818880e+00 -1.785057e+00
4.371104e+00 -4.174009e-01
3.575977e+00 5.359782e-01
4.281988e+00 1.407611e+00
4.355826e+00 2.804500e+00
4.509811e+00 3.805976e+00
3.747445e+00 4.564024e+00
4.024396e+00 6.244957e+00
3.994169e+00 7.757466e+00
3.876313e+00 8.783470e+00
4.458439e+00 1.005543e+01
5.230434e+00 1.073574e+01
4.674084e+00 -1.022914e+01
4.902449e+00 -9.227581e+00
4.710071e+00 -8.194716e+00
5.222000e+00 -7.186625e+00
4.335103e+00 -6.402348e+00
4.825663e+00 -5.418113e+00
5.411854e+00 -4.310456e+00
4.830492e+00 -3.326373e+00
4.831235e+00 -2.139469e+00
5.311439e+00 -6.531833e-01
5.016198e+00 7.129644e-01
5.109900e+00 2.132587e+00
5.452815e+00 3.154476e+00
5.695935e+00 4.272624e+00
4.783049e+00 4.928613e+00
5.194047e+00 6.188671e+00
4.944188e+00 7.268218e+00
4.981161e+00 8.532938e+00
5.369143e+00 9.526044e+00
6.350045e+00 1.078770e+01
5.727508e+00 -1.063900e+01
5.934496e+00 -9.148639e+00
6.079941e+00 -7.924676e+00
6.528665e+00 -7.019455e+00
5.716504e+00 -6.251065e+00
6.375045e+00 -4.783972e+00
6.273856e+00 -3.685073e+00
5.827481e+00 -2.776340e+00
5.984700e+00 -1.612673e+00
6.658464e+00 -6.767208e-01
5.918403e+00 1.302025e-01
5.980669e+00 1.130205e+00
6.260986e+00 2.199305e+00
6.746809e+00 4.014896e+00
6.205767e+00 5.252596e+00
6.185156e+00 6.621508e+00
6.142600e+00 7.566147e+00
6.018480e+00 8.606690e+00
6.708708e+00 9.564817e+00
7.512522e+00 1.021089e+01
7.161762e+00 -1.095773e+01
6.993901e+00 -9.724591e+00
7.230438e+00 -8.436807e+00
7.648557e+00 -6.765388e+00
6.778348e+00 -5.934643e+00
7.612651e+00 -4.867534e+00
7.485930e+00 -3.615903e+00
6.924853e+00 -2.754850e+00
7.179200e+00 -1.698598e+00
7.670098e+00 -8.011160e-01
7.033672e+00 8.659391e-01
7.381177e+00 1.932431e+00
7.157214e+00 2.939546e+00
7.822065e+00 3.872292e+00
7.481947e+00 5.128283e+00
7.020101e+00 6.141666e+00
7.455139e+00 7.216408e+00
7.210734e+00 8.262534e+00
7.743440e+00 9.167238e+00
8.611532e+00 1.043208e+01
8.026507e+00 -1.025190e+01
8.192666e+00 -9.128884e+00
8.122389e+00 -7.862697e+00
8.676932e+00 -7.018803e+00
8.067342e+00 -5.842377e+00
8.639091e+00 -4.990136e+00
8.707178e+00 -3.845904e+00
8.376873e+00 -2.906261e+00
8.379807e+00 -1.889303e+00
8.895040e+00 -9.106116e-01
8.023694e+00 2.205914e-01
8.542266e+00 1.349720e+00
8.185474e+00 2.550281e+00
8.895150e+00 4.038719e+00
8.779243e+00 5.115820e+00
8.149560e+00 5.953770e+00
8.582018e+00 7.036886e+00
8.237735e+00 8.161815e+00
8.838667e+00 9.366520e+00
1.000998e+01 -1.117018e+01
8.994081e+00 -1.089682e+01
9.069140e+00 -9.921808e+00
9.212252e+00 -8.941716e+00
9.575419e+00 -7.877435e+00
9.847963e+00 -6.815593e+00
1.001552e+01 -5.784760e+00
9.552056e+00 -4.453023e+00
9.468582e+00 -3.233464e+00
9.472769e+00 -2.017420e+00
9.777138e+00 -4.281163e-01
9.272577e+00 5.552240e-01
9.536762e+00 1.612581e+00
9.177435e+00 2.997867e+00
9.923299e+00 4.116257e+00
9.911284e+00 5.199918e+00
9.212243e+00 6.190609e+00
9.732552e+00 7.215520e+00
9.479406e+00 8.414433e+00
9.939619e+00 9.739318e+00
