2.154920e+06 1.016660e+01
8.557197e+06 -1.506837e+06
8.956873e+09 1.157603e+11
2.125417e+12 2.343124e+12
-1.605126e+12 -2.195126e+12
-5.840822e+09 -1.122069e+09
1.664459e+07 -5.960064e+07
-7.504875e+06 -6.160969e+06
-2.477485e+06 -1.635956e+07
-5.462289e+06 -6.658177e-01
7.908815e+05 -1.731750e+06
-3.672440e+07 9.775525e+07
5.021065e+09 -6.527722e+10
5.367016e+09 -1.579024e+09
-5.407326e+10 -1.171047e+10
5.373136e+09 2.574499e+09
-1.433448e+06 4.642292e+07
-7.210253e+06 -2.504563e+06
2.075981e+07 5.747838e+00
-2.572641e+08 2.516387e+08
-2.340666e+06 -4.694778e+06
-4.133956e+09 1.546016e+09
1.555136e+09 5.037059e+10
-7.391218e+10 -1.562609e+10
-5.671047e+07 1.109493e+08
-1.476033e+07 1.461417e+06
8.041520e+05 -1.514284e+05
9.401877e+07 -7.341355e+07
-2.356459e+13 -6.400770e+12
-1.115982e+01 -3.830559e+06
4.618859e+07 -2.085915e+07
-1.411921e+08 2.763203e+07
-3.480518e+10 -1.046226e+10
-3.408354e+09 -1.948601e+09
-4.348273e+07 -6.190599e+06
9.804232e+10 -6.153169e+10
3.390031e+14 6.460667e+14
8.290300e+05 1.545396e+06
5.408514e+10 1.171285e+10
1.821694e+08 1.466615e+08
1.038179e+11 -1.165128e+10
2.285572e+06 4.687243e+06
1.055782e+01 -2.206735e+06
-2.046747e+10 -1.421920e+10
1.553605e+07 1.126712e+08
2.289987e+06 -2.172646e+06
-3.010672e+12 4.194948e+12
1.434844e+06 -1.093845e+06
1.412590e+08 -2.775479e+07
-2.180974e+09 -2.166541e+09
7.292261e+08 -1.258140e+08
3.283841e+07 1.965894e+07
-4.199330e-01 -1.677063e+06
1.668730e+07 -1.876196e+06
3.679437e+13 1.339285e+13
4.132291e+09 -1.547045e+09
-4.741035e+11 8.257220e+10
6.029970e+08 1.529542e+08
4.341438e+06 1.128808e+07
-4.867357e+07 -1.465410e+08
-2.058761e+13 -2.765700e+13
-9.220795e+11 1.723746e+11
6.973582e+07 -1.397281e+08
2.170157e+08 2.409793e+08
-4.201886e+15 6.004619e+15
-3.877756e+08 1.269235e+08
2.325529e+07 -4.728422e+07
-1.477369e+12 -2.229817e+11
-9.659794e+09 -8.258000e+09
7.463903e+09 -1.048151e+09
5.441506e+06 8.052585e+00
-1.428439e+10 -1.589656e+10
2.356696e+13 6.400511e+12
2.067843e+09 5.147859e+08
1.211828e+05 -2.597370e+00
-1.032266e+11 -3.410768e+10
-3.484191e+11 -5.450302e+12
-3.478914e+09 -6.774301e+09
-3.854567e+06 3.984809e+06
-5.023345e+08 -1.583459e+08
-5.744258e+09 -2.353831e+10
2.058802e+13 2.765700e+13
-5.690979e+09 3.706635e+09
5.678889e+07 -1.110331e+08
-7.526984e+08 5.495951e+08
-2.920760e+08 -1.454734e+07
-1.055894e+01 -1.874211e+07
1.605258e+12 2.195103e+12
-2.266484e+06 -3.403521e+00
-1.804621e+05 -6.477710e+00
-6.977626e+07 1.394022e+08
1.428378e+10 1.589720e+10
-2.666527e+09 -1.772616e+09
4.617872e+17 -7.519220e+17
3.481519e+10 1.046693e+10
8.342202e+00 -3.746738e+06
1.042378e+09 1.769193e+09
2.771660e+06 -3.634287e+06
-1.019042e+05 -2.635046e+06
-1.879976e+10 1.224630e+10
-1.553276e+09 -5.038169e+10
1.551885e+12 -1.496025e+12
-1.725789e+09 -1.282609e+09
-7.581560e+11 1.145536e+12
8.047231e+04 2.362693e+06
2.538754e+07 1.556596e+08
7.582400e+11 -1.145455e+12
9.641410e+05 3.592657e+00
3.577074e+14 -1.838813e+14
-9.804256e+10 6.152922e+10
2.620971e+11 1.475758e+12
4.932877e+07 3.979738e+00
-4.030223e+08 3.868378e+08
-7.464376e+09 1.048523e+09
1.587489e+13 -5.701538e+12
-2.067337e+09 -5.158114e+08
-3.321649e+06 9.935148e+05
4.203580e+15 -6.005708e+15
2.228702e+06 4.229762e+06
-7.017008e+10 -2.035324e+10
-4.618198e+17 7.519296e+17
-7.111317e+08 4.381012e+08
2.058993e+13 -6.653667e+12
5.690879e+09 -3.706549e+09
-2.056180e+08 7.687334e+08
7.227269e+11 -7.125415e+11
1.832613e+08 3.432505e+08
2.803882e+10 4.307773e+10
-7.323686e+06 1.265345e+07
6.496757e+08 -6.993715e+08
-3.718123e+06 -1.778587e+07
3.756315e+06 1.775177e+07
6.460621e+00 -1.846658e+07
-2.258826e+11 4.527740e+11
-1.107401e+08 3.371153e+07
-1.814639e+08 -1.442112e+08
-2.515852e+07 -4.106026e+07
8.357440e+00 1.659215e+07
3.526012e+09 6.784902e+09
-9.304789e+07 2.507135e+08
2.734997e+15 -1.295017e+16
1.565139e+07 -7.956083e+06
-4.403200e+06 -1.786561e+07
7.090280e+08 -4.378881e+08
-1.423710e+06 -4.570969e+06
-5.886341e+16 -2.189781e+17
-9.299087e+05 -1.562936e-01
9.351028e+07 -7.534215e+06
-1.408298e+09 -1.353669e+08
-7.181530e+06 -1.159590e+06
-6.497254e+08 6.993586e+08
-6.177649e+06 -7.066582e+06
-1.361783e+08 1.526566e+08
-3.939961e+11 -7.663285e+10
-9.579345e+10 3.509741e+11
4.768534e+00 9.803727e+05
-5.800163e+12 -1.832273e+11
1.750508e+08 -6.495807e+07
6.705456e+13 -1.161509e+14
1.377004e+00 -4.389023e+07
6.456766e+06 -8.003770e+06
-2.747317e+05 -2.328440e+06
5.395245e+08 -1.242989e+08
4.165459e+05 2.335114e+06
1.404227e+06 4.524461e+06
-1.037833e+11 1.164893e+10
-8.430333e+06 -2.380131e+05
-2.620596e+11 -1.475608e+12
1.738921e+10 3.501578e+10
-2.813428e+11 -6.308102e+11
-9.389377e+15 3.861489e+14
4.273754e+06 1.847805e+07
1.361291e+08 -1.526572e+08
1.513225e+06 1.670687e+07
9.578465e+10 -3.509599e+11
-3.393464e+08 -3.206959e+08
1.563865e+14 5.150287e+13
5.033187e+08 1.584059e+08
4.106274e+09 -7.142404e+08
9.309362e+07 -2.506983e+08
1.408230e+09 1.357146e+08
3.406807e+08 -2.882194e+08
2.180804e+09 2.166223e+09
-2.499036e+08 4.363061e+08
6.901294e+08 1.259312e+09
-7.830988e+06 -3.610495e+06
4.912031e+07 7.053775e+06
-6.705726e+13 1.161614e+14
-4.907845e+07 -6.839657e+06
-7.635547e+06 -1.239120e+07
9.390040e+15 -3.862152e+14
-4.685051e+07 1.083073e+06
2.440309e+11 -5.433609e+10
-1.551913e+12 1.496164e+12
-2.421792e+07 8.821068e+07
-2.440822e+11 5.434356e+10
3.393547e+08 3.207174e+08
2.733096e+07 4.214269e+07
-6.364981e+05 -1.807362e+07
-4.236773e+00 3.315886e+06
2.657283e+06 -3.418165e+06
4.912005e+08 1.660822e+08
3.939887e+11 7.662323e+10
-3.871571e+06 6.053629e+06
2.667270e+09 1.773095e+09
3.010280e+12 -4.194610e+12
-5.389812e+08 1.252674e+08
2.917616e+08 1.334214e+07
-1.738842e+10 -3.501793e+10
1.223909e+21 -1.011077e+21
1.869119e+05 4.975210e+06
-6.163325e+00 2.780177e+06
2.565283e+07 -9.154605e+07
7.444920e+13 -5.179771e+13
1.631943e+00 1.096593e+06
7.525714e+08 -5.493675e+08
-3.366735e+06 -3.314248e+05
1.550429e+07 -1.029225e+06
1.114435e+08 -3.283575e+07
-3.406566e+08 1.914644e+08
1.022275e+07 8.662980e+05
-3.390167e+14 -6.460927e+14
-4.104190e+09 7.164827e+08
3.069434e+07 -1.175844e+08
9.660636e+09 8.260087e+09
-6.636032e+07 1.994761e+06
3.363987e+07 -9.374429e+07
-1.022574e+08 1.179958e+08
-2.735052e+15 1.294965e+16
9.194863e+07 4.398844e+07
1.879964e+09 5.599540e+09
2.258615e+11 -4.527371e+11
-7.445145e+13 5.179510e+13
-4.450550e+10 -1.455342e+10
3.175056e+10 7.916493e+08
-3.174864e+10 -7.915854e+08
1.027354e+08 -1.174171e+08
-4.823551e+07 1.742507e+08
5.886460e+16 2.189582e+17
-4.594425e+06 -1.159990e+07
9.390992e-01 -3.892316e+06
-1.787048e+07 4.285305e+08
9.469067e+08 -5.585171e+07
2.599029e+06 -1.596845e+06
-2.603738e+06 1.608318e+06
-5.374787e+09 -2.575290e+09
6.631526e+07 -3.518334e+06
-7.623877e+00 2.490122e+07
-3.121783e+19 -6.574192e+19
3.661131e+07 -2.798684e+07
7.777339e+05 -2.829013e+00
-6.230396e+06 -1.140107e+07
-1.740895e+08 6.504696e+07
7.661144e+06 3.710359e+06
1.997075e+06 -6.673645e+00
-6.025093e+08 -1.528388e+08
-2.389778e+06 -8.546879e+06
4.826386e+07 -1.743382e+08
-2.372910e+07 9.992306e+06
2.325789e+06 6.721857e+06
-2.804407e+10 -4.308626e+10
-1.224118e+21 1.011281e+21
1.523400e+05 1.010569e+01
-3.068156e+07 1.176563e+08
-3.679659e+13 -1.339298e+13
5.197373e+08 -5.018871e+10
-1.036651e+01 -3.872488e+06
-9.656604e+06 -1.118072e+08
-8.960551e+09 -1.158296e+11
-1.880513e+09 -5.600967e+09
1.723505e+09 1.281941e+09
-1.248275e+08 -3.991141e+08
8.390245e+07 1.408772e+08
-6.907998e+08 -1.260400e+09
-2.058150e+06 2.548393e+00
8.184863e+00 -2.789287e+06
-3.577759e+14 1.839128e+14
2.425138e+15 2.619795e+16
-8.144196e+06 5.148965e+00
3.408175e+09 1.949024e+09
-3.128817e+00 3.336640e+06
-9.510908e+08 4.717371e+07
-3.632745e+07 2.796676e+07
8.197167e+06 4.782014e+00
-2.243848e+08 1.919030e+08
-7.234305e+11 7.125842e+11
-2.301404e+05 -1.867127e+07
-2.599853e+13 9.388994e+14
-2.364546e+11 1.078740e+12
4.909045e+06 -1.312826e+07
5.154127e+07 7.841142e+06
-8.779145e+07 -1.491341e+08
2.811558e+07 -2.094880e+06
-7.687842e+00 3.729085e+06
-4.586129e+07 -1.327581e+07
6.217950e+06 1.136736e+07
-5.368794e+09 1.579853e+09
-2.126060e+12 -2.343715e+12
5.720768e+07 -1.468770e+07
1.477621e+12 2.230218e+11
2.365276e+07 -1.011670e+07
3.792143e+08 9.841031e+08
-2.145061e+08 -2.273857e+08
-1.332126e+06 -7.343019e+05
-9.290236e+06 1.929957e+06
3.144749e+08 -4.109175e+07
-6.949581e+00 1.190446e+06
5.807578e+06 5.056417e+06
7.393684e+10 1.563168e+10
4.645246e+06 6.071620e+06
9.222936e+11 -1.723943e+11
-2.114339e+05 -5.088741e+04
-1.184491e+09 5.128999e+07
9.307925e+08 8.230452e+08
-1.329505e+15 1.198281e+15
-1.837109e+08 -3.428235e+08
-1.427621e+06 -1.356252e+06
4.585618e+07 1.337256e+07
5.689452e+09 2.356822e+10
-9.244353e+05 -1.295023e+00
3.557459e+00 2.812020e+06
-2.059532e+13 6.658495e+12
-3.272392e+07 -1.983606e+07
-5.662309e+08 -1.599336e+08
-2.918710e+00 1.234911e+07
1.880186e+10 -1.224770e+10
-1.564575e+14 -5.152001e+13
9.445936e+06 1.146238e+07
-4.676149e+06 1.299043e+07
-5.195033e+08 5.018865e+10
3.377471e+08 8.669290e+07
5.685475e+06 -1.051078e+06
3.291133e+06 -9.227992e+05
-4.702472e+07 2.069555e+07
-2.425162e+15 -2.619689e+16
-3.007987e+06 4.973174e+00
4.741309e+11 -8.258468e+10
1.992755e+11 -1.427141e+09
-1.993037e+11 1.427221e+09
1.032512e+11 3.410648e+10
-1.587633e+13 5.702170e+12
5.802619e+12 1.832851e+11
7.018514e+10 2.035680e+10
-2.457594e+07 4.737709e+07
4.451558e+10 1.455314e+10
1.792981e+07 -4.290241e+08
6.407255e+06 -1.275054e+07
-3.772774e+09 -2.284766e+08
7.244185e+05 -9.528569e+00
5.840380e+09 1.122508e+09
-9.278047e+07 -4.416913e+07
6.864499e+06 -2.691182e+07
-4.632868e+00 -1.213412e+07
-1.596255e+06 2.454182e+00
2.814365e+11 6.310326e+11
-9.286670e+07 7.495150e+07
-2.743325e+07 2.847053e+06
7.828102e+07 6.476923e+07
-1.379322e+07 5.989927e+07
-4.527334e+10 6.096530e+10
-7.283588e+08 1.241584e+08
2.179588e+06 -7.915588e+00
2.570359e+08 -2.521539e+08
2.599957e+13 -9.388900e+14
-1.043624e+09 -1.767441e+09
-1.011424e+09 2.064177e+09
-9.424595e+07 7.915874e+06
1.329518e+15 -1.198257e+15
-1.461215e+07 2.700120e+06
3.773095e+09 2.276048e+08
3.122003e+19 6.575450e+19
-3.377761e+08 -8.686159e+07
-8.454594e+07 -1.398050e+08
-6.782027e+06 2.698198e+07
-1.010560e+07 -1.248529e+06
8.967701e+05 7.013398e+06
-5.022599e+09 6.529258e+10
2.499766e+08 -4.363379e+08
3.488454e+11 5.455031e+12
4.527426e+10 -6.096043e+10
2.058142e+08 -7.688295e+08
5.640730e+08 1.614943e+08
-3.801086e+08 -9.822551e+08
1.220724e+06 -1.954530e+00
9.543603e+06 1.096926e+01
8.865271e+05 1.788576e+07
-9.300341e+08 -8.222090e+08
1.233843e+08 4.000922e+08
-7.899891e+07 -6.509807e+07
2.364399e+11 -1.078688e+12
-5.103290e+07 -7.931502e+06
7.523529e+06 1.362636e+06
2.046979e+10 1.421806e+10
3.285654e+00 -1.130529e+07
1.009469e+09 -2.063940e+09
1.184488e+09 -5.129647e+07
-7.116276e+06 7.238393e+06
-7.584424e+06 -4.120530e+06
-2.082625e+07 4.492209e+00
8.817267e+06 5.978504e+06
