1.614968e+05 1.035173e+01
6.432903e+05 -1.133154e+05
6.739316e+08 8.713204e+09
1.598282e+11 1.762124e+11
-1.208397e+11 -1.652388e+11
-4.380057e+08 -8.411926e+07
1.249917e+06 -4.474861e+06
-5.632935e+05 -4.623943e+05
-1.862525e+05 -1.230599e+06
-4.098223e+05 3.748932e+00
5.958221e+04 -1.304440e+05
-2.763870e+06 7.355349e+06
3.778534e+08 -4.912809e+09
4.026290e+08 -1.184594e+08
-4.064200e+09 -8.802060e+08
4.018964e+08 1.925780e+08
-1.069919e+05 3.463910e+06
-5.425821e+05 -1.885018e+05
1.560610e+06 9.166041e+00
-1.932353e+07 1.889849e+07
-1.760293e+05 -3.531510e+05
-3.110568e+08 1.162821e+08
1.168714e+08 3.784812e+09
-5.557620e+09 -1.175071e+09
-4.263645e+06 8.343980e+06
-1.110611e+06 1.099369e+05
6.035598e+04 -1.138587e+04
7.041669e+06 -5.508188e+06
-1.774473e+12 -4.820245e+11
9.806651e+00 -2.875708e+05
3.473999e+06 -1.568568e+06
-1.062758e+07 2.079616e+06
-2.616607e+09 -7.866649e+08
-2.559356e+08 -1.463370e+08
-3.267670e+06 -4.651076e+05
7.359496e+09 -4.618705e+09
2.548544e+13 4.857576e+13
6.304481e+04 1.154567e+05
4.065323e+09 8.804256e+08
1.367444e+07 1.100900e+07
7.805119e+09 -8.758446e+08
1.718404e+05 3.523911e+05
-9.502628e+00 -1.664599e+05
-1.535901e+09 -1.066992e+09
1.168214e+06 8.473535e+06
1.716601e+05 -1.629669e+05
-2.237920e+11 3.118384e+11
1.076420e+05 -8.205453e+04
1.063034e+07 -2.089188e+06
-1.637670e+08 -1.626215e+08
5.454103e+07 -9.409844e+06
2.466199e+06 1.476312e+06
-8.836839e+00 -1.262445e+05
1.251039e+06 -1.406594e+05
2.764952e+12 1.006325e+12
3.108689e+08 -1.163853e+08
-3.566713e+10 6.212589e+09
4.532219e+07 1.149734e+07
3.256270e+05 8.466804e+05
-3.662573e+06 -1.102594e+07
-1.546727e+12 -2.078024e+12
-6.932321e+10 1.295818e+10
5.252749e+06 -1.052449e+07
1.579182e+07 1.753472e+07
-3.163812e+14 4.521616e+14
-2.918191e+07 9.550943e+06
1.748142e+06 -3.554736e+06
-1.112454e+11 -1.678787e+10
-7.190656e+08 -6.146278e+08
5.620919e+08 -7.892280e+07
4.082166e+05 -8.278432e+00
-1.075830e+09 -1.197251e+09
1.773998e+12 4.818955e+11
1.520376e+08 3.785395e+07
9.158515e+03 -2.861164e+00
-7.766907e+09 -2.566022e+09
-2.600085e+10 -4.066922e+11
-2.614929e+08 -5.091396e+08
-2.900066e+05 2.997688e+05
-3.687475e+07 -1.162649e+07
-4.317489e+08 -1.768914e+09
1.546727e+12 2.077745e+12
-4.281912e+08 2.788744e+08
4.270870e+06 -8.350305e+06
-5.649537e+07 4.124506e+07
-2.189747e+07 -1.090826e+06
3.164970e+00 -1.409422e+06
1.208723e+11 1.652830e+11
-1.703505e+05 8.198359e+00
-1.352963e+04 4.928410e+00
-5.256199e+06 1.050105e+07
1.076259e+09 1.197731e+09
-2.002079e+08 -1.330914e+08
3.476873e+16 -5.662047e+16
2.617700e+09 7.870235e+08
3.306798e+00 -2.814683e+05
7.821246e+07 1.327599e+08
2.085445e+05 -2.734520e+05
-7.650785e+03 -1.979204e+05
-1.409631e+09 9.184907e+08
-1.167692e+08 -3.787853e+09
1.167549e+11 -1.125535e+11
-1.296976e+08 -9.640641e+07
-5.692206e+10 8.601363e+10
6.025557e+03 1.775999e+05
1.910222e+06 1.171348e+07
5.693734e+10 -8.602517e+10
7.257080e+04 -2.899649e+00
2.675405e+13 -1.375236e+13
-7.361564e+09 4.619899e+09
1.956418e+10 1.101598e+11
3.714570e+06 2.547820e+00
-3.034569e+07 2.913287e+07
-5.622383e+08 7.897375e+07
1.190973e+12 -4.277647e+11
-1.520467e+08 -3.793294e+07
-2.491623e+05 7.449821e+04
3.165082e+14 -4.522221e+14
1.659203e+05 3.148780e+05
-5.277674e+09 -1.531056e+09
-3.477338e+16 5.661290e+16
-3.483709e+07 2.146113e+07
1.547502e+12 -5.001653e+11
4.281219e+08 -2.788390e+08
-1.544314e+07 5.773593e+07
5.436599e+10 -5.359981e+10
1.377071e+07 2.579560e+07
2.104734e+09 3.233728e+09
-5.450176e+05 9.417745e+05
4.883293e+07 -5.256888e+07
-2.799785e+05 -1.339649e+06
2.828302e+05 1.337007e+06
1.007701e+01 -1.384177e+06
-1.641273e+10 3.289808e+10
-8.306027e+06 2.529033e+06
-1.362140e+07 -1.082515e+07
-1.889682e+06 -3.083972e+06
-8.754489e+00 1.243546e+06
2.649926e+08 5.100556e+08
-6.996545e+06 1.885040e+07
2.046527e+14 -9.689886e+14
1.177606e+06 -5.985353e+05
-3.302373e+05 -1.340149e+06
3.473109e+07 -2.144979e+07
-1.072096e+05 -3.442636e+05
-4.360913e+15 -1.622109e+16
-6.983672e+04 -1.053074e+01
7.013841e+06 -5.649689e+05
-1.058252e+08 -1.017121e+07
-5.373828e+05 -8.668351e+04
-4.883519e+07 5.256848e+07
-4.645301e+05 -5.314299e+05
-1.024546e+07 1.148628e+07
-2.964418e+10 -5.765549e+09
-7.205258e+09 2.640174e+10
7.130155e+00 7.373202e+04
-4.364413e+11 -1.378581e+10
1.313072e+07 -4.872317e+06
5.029126e+12 -8.711814e+12
-1.032322e+01 -3.275123e+06
4.790722e+05 -5.940211e+05
-2.068168e+04 -1.751729e+05
4.017193e+07 -9.254901e+06
3.134313e+04 1.756935e+05
1.058041e+05 3.407894e+05
-7.804064e+09 8.758534e+08
-6.341205e+05 -1.788644e+04
-1.955885e+10 -1.101300e+11
1.306469e+09 2.630930e+09
-2.116747e+10 -4.745949e+10
-7.064761e+14 2.906204e+13
3.205536e+05 1.385903e+06
1.024413e+07 -1.148870e+07
1.138462e+05 1.256982e+06
7.206214e+09 -2.640527e+10
-2.546430e+07 -2.406103e+07
1.168417e+13 3.848527e+12
3.694868e+07 1.162651e+07
3.069042e+08 -5.337420e+07
6.997787e+06 -1.884394e+07
1.058421e+08 1.019977e+07
2.552897e+07 -2.159481e+07
1.637108e+08 1.626211e+08
-1.864165e+07 3.254646e+07
5.186246e+07 9.463198e+07
-5.872613e+05 -2.707161e+05
3.697083e+06 5.309273e+05
-5.028450e+12 8.710643e+12
-3.694819e+06 -5.148025e+05
-5.735218e+05 -9.310863e+05
7.064761e+14 -2.905816e+13
-3.527594e+06 8.142947e+04
1.835604e+10 -4.087594e+09
-1.167390e+11 1.125549e+11
-1.821617e+06 6.634987e+06
-1.836112e+10 4.088168e+09
2.546337e+07 2.406418e+07
2.052913e+06 3.165518e+06
-4.782180e+04 -1.358574e+06
2.408876e+00 2.492051e+05
1.997408e+05 -2.569334e+05
3.695254e+07 1.249429e+07
2.964026e+10 5.764692e+09
-2.909249e+05 4.548298e+05
2.002193e+08 1.330916e+08
2.237011e+11 -3.117538e+11
-4.011838e+07 9.325727e+06
2.186958e+07 9.996390e+05
-1.306462e+09 -2.630932e+09
9.195161e+19 -7.596324e+19
1.415081e+04 3.733382e+05
8.240436e+00 2.087495e+05
1.929727e+06 -6.885713e+06
5.590611e+12 -3.889930e+12
6.290583e-02 8.245633e+04
5.645495e+07 -4.121487e+07
-2.525735e+05 -2.479568e+04
1.166359e+06 -7.737531e+04
8.358123e+06 -2.462950e+06
-2.551974e+07 1.434586e+07
7.686747e+05 6.506963e+04
-2.549227e+13 -4.857576e+13
-3.067421e+08 5.355438e+07
2.304614e+06 -8.828631e+06
7.190702e+08 6.148692e+08
-4.982263e+06 1.497588e+05
2.531719e+06 -7.054583e+06
-7.651018e+06 8.827406e+06
-2.046527e+14 9.689886e+14
6.910601e+06 3.306040e+06
1.413108e+08 4.209247e+08
1.641725e+10 -3.290720e+10
-5.593612e+12 3.890974e+12
-3.344538e+09 -1.093753e+09
2.385187e+09 5.946398e+07
-2.384867e+09 -5.946161e+07
7.688484e+06 -8.785848e+06
-3.628821e+06 1.310918e+07
4.360319e+15 1.621888e+16
-3.444513e+05 -8.697457e+05
-3.096749e+00 -2.915036e+05
-1.332363e+06 3.194856e+07
7.048493e+07 -4.157518e+06
1.953749e+05 -1.200488e+05
-1.957048e+05 1.209184e+05
-4.021069e+08 -1.926627e+08
4.977695e+06 -2.640902e+05
6.277058e+00 1.871916e+06
-2.343641e+18 -4.935281e+18
2.746356e+06 -2.099396e+06
5.845667e+04 -1.441145e+00
-4.673523e+05 -8.551806e+05
-1.306157e+07 4.880138e+06
5.748738e+05 2.784309e+05
1.501018e+05 4.113695e+00
-4.528320e+07 -1.148724e+07
-1.797898e+05 -6.430269e+05
3.630259e+06 -1.311303e+07
-1.782280e+06 7.505846e+05
1.750015e+05 5.057794e+05
-2.105290e+09 -3.234150e+09
-9.196395e+19 7.597343e+19
1.133094e+04 9.147242e+00
-2.303743e+06 8.833708e+06
-2.765323e+12 -1.006325e+12
3.909258e+07 -3.774568e+09
-2.649061e+00 -2.911412e+05
-7.265151e+05 -8.411436e+06
-6.743521e+08 -8.716653e+09
-1.413089e+08 -4.208610e+08
1.295068e+08 9.632992e+07
-9.347236e+06 -2.988590e+07
6.303146e+06 1.058331e+07
-5.191957e+07 -9.472013e+07
-1.544754e+05 1.498443e+00
-2.711690e+00 -2.091871e+05
-2.674323e+13 1.374495e+13
1.824624e+14 1.971304e+15
-6.108076e+05 -8.666414e+00
2.558336e+08 1.462999e+08
3.824982e+00 2.503296e+05
-7.077469e+07 3.510111e+06
-2.724457e+06 2.097496e+06
6.150055e+05 -6.944354e+00
-1.681895e+07 1.438368e+07
-5.441760e+10 5.360172e+10
-1.731894e+04 -1.404218e+06
-1.951572e+12 7.048627e+13
-1.776405e+10 8.105223e+10
3.688839e+05 -9.863644e+05
3.873790e+06 5.892860e+05
-6.580214e+06 -1.117616e+07
2.108624e+06 -1.570231e+05
-5.005443e+00 2.801010e+05
-3.445380e+06 -9.973760e+05
4.661123e+05 8.523480e+05
-4.028028e+08 1.185223e+08
-1.598925e+11 -1.762597e+11
4.298517e+06 -1.103558e+06
1.112305e+11 1.678784e+10
1.776839e+06 -7.598981e+05
2.848944e+07 7.393404e+07
-1.560620e+07 -1.654430e+07
-9.977859e+04 -5.503574e+04
-6.982634e+05 1.450577e+05
2.357543e+07 -3.080571e+06
-9.870978e+00 8.939807e+04
4.362889e+05 3.797549e+05
5.562784e+09 1.176092e+09
3.491426e+05 4.566827e+05
6.932324e+10 -1.295797e+10
-1.580584e+04 -3.835056e+03
-8.904026e+07 3.854720e+06
6.998734e+07 6.188509e+07
-9.991744e+13 9.005276e+13
-1.380602e+07 -2.576426e+07
-1.073421e+05 -1.019547e+05
3.445716e+06 1.004852e+06
4.275443e+08 1.771095e+09
-6.942132e+04 -8.723231e+00
-8.657545e+00 2.115074e+05
-1.547709e+12 5.003664e+11
-2.457888e+06 -1.489904e+06
-4.252900e+07 -1.201089e+07
-8.022529e+00 9.277175e+05
1.410144e+09 -9.185710e+08
-1.168732e+13 -3.848527e+12
7.096411e+05 8.611356e+05
-3.512701e+05 9.760437e+05
-3.907685e+07 3.775107e+09
2.542963e+07 6.527962e+06
4.259324e+05 -7.844151e+04
2.476709e+05 -6.938937e+04
-3.534964e+06 1.555705e+06
-1.825601e+14 -1.972096e+15
-2.258406e+05 -2.382445e+00
3.568137e+10 -6.214128e+09
1.496037e+10 -1.071423e+08
-1.496238e+10 1.071462e+08
7.765762e+09 2.565304e+09
-1.190812e+12 4.277073e+11
4.365583e+11 1.378954e+10
5.278450e+09 1.531236e+09
-1.847391e+06 3.561380e+06
3.344588e+09 1.093531e+09
1.336902e+06 -3.198847e+07
4.770987e+05 -9.492731e+05
-2.836555e+08 -1.717783e+07
5.448046e+04 -4.637114e+00
4.379020e+08 8.416543e+07
-6.971175e+06 -3.318767e+06
5.167876e+05 -2.026514e+06
-7.918847e+00 -9.118282e+05
-1.197198e+05 -1.051591e+01
2.117032e+10 4.746584e+10
-6.965735e+06 5.621943e+06
-2.057536e+06 2.135552e+05
5.851319e+06 4.841359e+06
-1.035904e+06 4.498103e+06
-3.399697e+09 4.578002e+09
-5.446248e+07 9.285518e+06
1.626321e+05 -9.619093e+00
1.930398e+07 -1.893932e+07
1.951834e+12 -7.047681e+13
-7.830446e+07 -1.326133e+08
-7.442735e+07 1.519183e+08
-7.068296e+06 5.935566e+05
9.991744e+13 -9.005276e+13
-1.095447e+06 2.023741e+05
2.836625e+08 1.711163e+07
2.343956e+18 4.936606e+18
-2.543453e+07 -6.540404e+06
-6.351908e+06 -1.050333e+07
-5.106116e+05 2.031439e+06
-7.597557e+05 -9.389339e+04
6.748350e+04 5.278851e+05
-3.780646e+08 4.914142e+09
1.864839e+07 -3.255147e+07
2.601849e+10 4.069121e+11
3.400609e+09 -4.578619e+09
1.545878e+07 -5.774703e+07
4.236595e+07 1.213092e+07
-2.856166e+07 -7.381921e+07
9.160345e+04 2.297132e+00
7.180246e+05 9.049179e+00
6.668669e+04 1.344722e+06
-6.993174e+07 -6.182341e+07
9.240556e+06 2.996382e+07
-5.907366e+06 -4.867850e+06
1.776640e+10 -8.105241e+10
-3.836449e+06 -5.960669e+05
5.629850e+05 1.018645e+05
1.535492e+09 1.066663e+09
-1.081289e+00 -8.222854e+05
7.427546e+07 -1.518947e+08
8.901793e+07 -3.855171e+06
-5.280952e+05 5.371355e+05
-5.696297e+05 -3.094331e+05
-1.565280e+06 8.365562e-01
6.619977e+05 4.489257e+05
