1.799029e+06 8.602082e+00
7.144028e+06 -1.258015e+06
7.477599e+09 9.664446e+10
1.774322e+12 1.956090e+12
-1.339993e+12 -1.832601e+12
-4.875690e+09 -9.366424e+08
1.389441e+07 -4.975370e+07
-6.265044e+06 -5.143324e+06
-2.068344e+06 -1.365835e+07
-4.560126e+06 4.932498e+00
6.603457e+05 -1.445861e+06
-3.066024e+07 8.161073e+07
4.191700e+09 -5.449403e+10
4.480194e+09 -1.318108e+09
-4.514106e+10 -9.776093e+09
4.485107e+09 2.148984e+09
-1.196390e+06 3.874982e+07
-6.019519e+06 -2.090939e+06
1.733116e+07 -5.879905e+00
-2.147653e+08 2.100692e+08
-1.954290e+06 -3.919732e+06
-3.451198e+09 1.290646e+09
1.298248e+09 4.205020e+10
-6.170210e+10 -1.304466e+10
-4.734117e+07 9.262209e+07
-1.232252e+07 1.219953e+06
6.712684e+05 -1.263331e+05
7.848248e+07 -6.128361e+07
-1.967234e+13 -5.343475e+12
3.725656e+00 -3.197725e+06
3.855989e+07 -1.741332e+07
-1.178754e+08 2.306845e+07
-2.905524e+10 -8.734067e+09
-2.845378e+09 -1.626769e+09
-3.630026e+07 -5.167975e+06
8.184649e+10 -5.136744e+10
2.830178e+14 5.393719e+14
6.923217e+05 1.290106e+06
4.515288e+10 9.778626e+09
1.520781e+08 1.224388e+08
8.667322e+10 -9.727380e+09
1.908175e+06 3.913185e+06
3.461336e+00 -1.842452e+06
-1.708651e+10 -1.187045e+10
1.297009e+07 9.406343e+07
1.911753e+06 -1.813852e+06
-2.513022e+12 3.501635e+12
1.198006e+06 -9.134631e+05
1.179327e+08 -2.317149e+07
-1.820735e+09 -1.808660e+09
6.087434e+08 -1.050234e+08
2.741350e+07 1.641104e+07
-8.896099e+00 -1.400178e+06
1.393129e+07 -1.566490e+06
3.071807e+13 1.118090e+13
3.449862e+09 -1.291522e+09
-3.958011e+11 6.893578e+10
5.034038e+08 1.276900e+08
3.624320e+06 9.423262e+06
-4.063321e+07 -1.223340e+08
-1.718684e+13 -2.308875e+13
-7.697654e+11 1.439017e+11
5.821816e+07 -1.166508e+08
1.810781e+08 2.010705e+08
-3.507719e+15 5.012744e+15
-3.237233e+08 1.059586e+08
1.941426e+07 -3.947405e+07
-1.233373e+12 -1.861535e+11
-8.062867e+09 -6.892743e+09
6.231287e+09 -8.750680e+08
4.542698e+06 9.375672e+00
-1.192565e+10 -1.327097e+10
1.967447e+13 5.343475e+12
1.725699e+09 4.296114e+08
1.013114e+05 -7.970593e+00
-8.617752e+10 -2.847466e+10
-2.908477e+11 -4.549602e+12
-2.904374e+09 -5.655710e+09
-3.218249e+06 3.327123e+06
-4.192550e+08 -1.321539e+08
-4.795627e+09 -1.965096e+10
1.718747e+13 2.308959e+13
-4.751046e+09 3.094471e+09
4.740894e+07 -9.269605e+07
-6.283817e+08 4.588241e+08
-2.438330e+08 -1.214477e+07
4.541814e+00 -1.564673e+07
1.340173e+12 1.832622e+12
-1.892335e+06 -4.559815e+00
-1.507571e+05 7.638447e+00
-5.825228e+07 1.163847e+08
1.192505e+10 1.327161e+10
-2.225935e+09 -1.479744e+09
3.855035e+17 -6.277115e+17
2.906341e+10 8.737838e+09
1.104553e+01 -3.127571e+06
8.701402e+08 1.476854e+09
2.313689e+06 -3.033862e+06
-8.496483e+04 -2.199720e+06
-1.569387e+10 1.022298e+10
-1.296716e+09 -4.206080e+10
1.295594e+12 -1.248956e+12
-1.440795e+09 -1.070784e+09
-6.329351e+11 9.563316e+11
6.729099e+04 1.972541e+06
2.119465e+07 1.299476e+08
6.329580e+11 -9.562162e+11
8.048701e+05 4.632310e-01
2.985997e+14 -1.534982e+14
-8.184752e+10 5.136569e+10
2.187835e+11 1.231917e+12
4.118466e+07 -1.746651e+00
-3.364671e+08 3.229560e+08
-6.231618e+09 8.753657e+08
1.325235e+13 -4.759823e+12
-1.725286e+09 -4.304759e+08
-2.773035e+06 8.294053e+05
3.509413e+15 -5.014135e+15
1.860451e+06 3.530729e+06
-5.858182e+10 -1.699193e+10
-3.855547e+17 6.277494e+17
-5.903367e+08 3.636955e+08
1.718912e+13 -5.555142e+12
4.750972e+09 -3.094343e+09
-1.716547e+08 6.417500e+08
6.033635e+11 -5.948818e+11
1.529963e+08 2.865610e+08
2.340806e+10 3.596345e+10
-6.113136e+06 1.056182e+07
5.423676e+08 -5.838609e+08
-3.104386e+06 -1.484953e+07
3.136115e+06 1.482047e+07
-1.691183e+01 -1.541606e+07
-1.884748e+11 3.777836e+11
-9.244846e+07 2.814428e+07
-1.514890e+08 -1.203912e+08
-2.100292e+07 -3.427781e+07
-1.605666e+00 1.385132e+07
2.943661e+09 5.664352e+09
-7.768136e+07 2.093073e+08
2.283157e+15 -1.081080e+16
1.306683e+07 -6.642251e+06
-3.675885e+06 -1.491430e+07
5.886076e+08 -3.635171e+08
-1.188637e+06 -3.816017e+06
-4.912856e+16 -1.827678e+17
-7.762647e+05 -2.009116e+00
7.806341e+07 -6.289566e+06
-1.175701e+09 -1.130096e+08
-5.995186e+06 -9.680697e+05
-5.424187e+08 5.838630e+08
-5.157515e+06 -5.899726e+06
-1.136913e+08 1.274462e+08
-3.289322e+11 -6.397922e+10
-7.997489e+10 2.930183e+11
1.372629e-01 8.185391e+05
-4.842237e+12 -1.529676e+11
1.461360e+08 -5.422888e+07
5.597859e+13 -9.696429e+13
-6.688741e+00 -3.663782e+07
5.389395e+06 -6.680781e+06
-2.295889e+05 -1.944085e+06
4.503565e+08 -1.037551e+08
3.477984e+05 1.949537e+06
1.172475e+06 3.777437e+06
-8.664383e+10 9.725248e+09
-7.038329e+06 -1.986549e+05
-2.187540e+11 -1.231752e+12
1.451677e+10 2.923134e+10
-2.348747e+11 -5.266179e+11
-7.838687e+15 3.223673e+14
3.567927e+06 1.542606e+07
1.136502e+08 -1.274526e+08
1.263516e+06 1.394869e+07
7.996900e+10 -2.930077e+11
-2.833017e+08 -2.677327e+08
1.305505e+14 4.299374e+13
4.200524e+08 1.321979e+08
3.427852e+09 -5.962317e+08
7.772108e+07 -2.093000e+08
1.175673e+09 1.133007e+08
2.844039e+08 -2.406116e+08
1.820640e+09 1.808457e+09
-2.086117e+08 3.642101e+08
5.761553e+08 1.051332e+09
-6.537457e+06 -3.014123e+06
4.100973e+07 5.889116e+06
-5.598129e+13 9.697248e+13
-4.097236e+07 -5.709897e+06
-6.374208e+06 -1.034461e+07
7.839349e+15 -3.224335e+14
-3.911271e+07 9.041233e+05
2.037189e+11 -4.536047e+10
-1.295606e+12 1.249047e+12
-2.021784e+07 7.364191e+07
-2.037747e+11 4.536897e+10
2.832982e+08 2.677411e+08
2.281661e+07 3.518226e+07
-5.314090e+05 -1.508868e+07
-6.254206e+00 2.768236e+06
2.218375e+06 -2.853566e+06
4.100803e+08 1.386557e+08
3.289247e+11 6.396978e+10
-3.232247e+06 5.053847e+06
2.226691e+09 1.480197e+09
2.512599e+12 -3.501128e+12
-4.498847e+08 1.045594e+08
2.435585e+08 1.113762e+07
-1.451652e+10 -2.923348e+10
1.021753e+21 -8.440926e+20
1.561743e+05 4.153463e+06
6.996092e+00 2.321171e+06
2.141653e+07 -7.642726e+07
6.215241e+13 -4.324122e+13
4.732484e+00 9.154715e+05
6.282399e+08 -4.586060e+08
-2.810419e+06 -2.765843e+05
1.294356e+07 -8.592026e+05
9.303259e+07 -2.741163e+07
-2.843779e+08 1.598318e+08
8.534347e+06 7.231667e+05
-2.830246e+14 -5.393849e+14
-3.426001e+09 5.980915e+08
2.562539e+07 -9.816624e+07
8.064283e+09 6.895164e+09
-5.540292e+07 1.665349e+06
2.808504e+07 -7.826463e+07
-8.536193e+07 9.850005e+07
-2.283157e+15 1.081002e+16
7.676355e+07 3.672362e+07
1.569497e+09 4.674804e+09
1.884629e+11 -3.777650e+11
-6.215466e+13 4.323966e+13
-3.715496e+10 -1.214991e+10
2.650673e+10 6.609163e+08
-2.650545e+10 -6.608497e+08
8.576344e+07 -9.802019e+07
-4.027116e+07 1.454778e+08
4.913212e+16 1.827523e+17
-3.835534e+06 -9.683650e+06
9.414318e+00 -3.249453e+06
-1.491788e+07 3.577167e+08
7.904211e+08 -4.662054e+07
2.169893e+06 -1.333127e+06
-2.173770e+06 1.342760e+06
-4.486826e+09 -2.149838e+09
5.536158e+07 -2.937165e+06
-4.404645e+00 2.078832e+07
-2.606126e+19 -5.488231e+19
3.056339e+07 -2.336359e+07
6.492467e+05 -1.177165e+00
-5.201186e+06 -9.517628e+06
-1.453314e+08 5.430101e+07
6.395666e+06 3.097323e+06
1.667162e+06 -9.360260e-01
-5.029955e+08 -1.275947e+08
-1.995074e+06 -7.135292e+06
4.029290e+07 -1.455464e+08
-1.980963e+07 8.341771e+06
1.941658e+06 5.611845e+06
-2.341192e+10 -3.596940e+10
-1.021938e+21 8.442556e+20
1.272271e+05 7.362427e+00
-2.561451e+07 9.822516e+07
-3.071992e+13 -1.118103e+13
4.339084e+08 -4.190094e+10
3.070882e+00 -3.232893e+06
-8.061971e+06 -9.334572e+07
-7.480966e+09 -9.670572e+10
-1.569970e+09 -4.676020e+09
1.438881e+09 1.070232e+09
-1.042073e+08 -3.331810e+08
7.004416e+07 1.176086e+08
-5.767033e+08 -1.052219e+09
-1.718127e+06 -5.744927e-01
6.716899e+00 -2.328369e+06
-2.986574e+14 1.535205e+14
2.024600e+15 2.187116e+16
-6.798802e+06 -8.122326e+00
2.845210e+09 1.627089e+09
7.794675e+00 2.785458e+06
-7.938830e+08 3.937639e+07
-3.032573e+07 2.334687e+07
6.842925e+06 -3.935382e+00
-1.873147e+08 1.601985e+08
-6.039494e+11 5.948944e+11
-1.921451e+05 -1.558777e+07
-2.170433e+13 7.838240e+14
-1.974032e+11 9.005948e+11
4.098456e+06 -1.096033e+07
4.302939e+07 6.546203e+06
-7.328815e+07 -1.244962e+08
2.347100e+07 -1.748727e+06
-5.818403e+00 3.113063e+06
-3.828654e+07 -1.108278e+07
5.190610e+06 9.489367e+06
-4.481838e+09 1.318836e+09
-1.774901e+12 -1.956610e+12
4.775807e+07 -1.226156e+07
1.233641e+12 1.861892e+11
1.974582e+07 -8.445866e+06
3.165856e+08 8.215730e+08
-1.789913e+08 -1.897362e+08
-1.112222e+06 -6.131407e+05
-7.755926e+06 1.611295e+06
2.625268e+08 -3.430339e+07
-8.845535e+00 9.940128e+05
4.848549e+06 4.221467e+06
6.172761e+10 1.305039e+10
3.878218e+06 5.069100e+06
7.699795e+11 -1.439236e+11
-1.766525e+05 -4.261190e+04
-9.888815e+08 4.281999e+07
7.770811e+08 6.871286e+08
-1.109941e+15 1.000382e+15
-1.533729e+08 -2.862078e+08
-1.191881e+06 -1.132188e+06
3.828176e+07 1.116387e+07
4.749760e+09 1.967580e+10
-7.717323e+05 7.988845e-01
1.883634e+00 2.347710e+06
-1.719430e+13 5.558896e+12
-2.731928e+07 -1.655987e+07
-4.727081e+08 -1.335175e+08
3.627519e+00 1.030945e+07
1.569571e+10 -1.022435e+10
-1.306009e+14 -4.300620e+13
7.885685e+06 9.568916e+06
-3.903738e+06 1.084500e+07
-4.337402e+08 4.190081e+10
2.819787e+08 7.237677e+07
4.746182e+06 -8.772960e+05
2.747530e+06 -7.703046e+05
-3.925731e+07 1.727728e+07
-2.024673e+15 -2.187116e+16
-2.511165e+06 7.638847e+00
3.958287e+11 -6.894687e+10
1.663591e+11 -1.191448e+09
-1.663872e+11 1.191506e+09
8.619923e+10 2.847360e+10
-1.325379e+13 4.760283e+12
4.844342e+12 1.530161e+11
5.859319e+10 1.699493e+10
-2.051696e+07 3.955217e+07
3.716224e+10 1.214907e+10
1.496599e+07 -3.581096e+08
5.348026e+06 -1.064254e+07
-3.149628e+09 -1.907398e+08
6.047307e+05 -3.445080e+00
4.875536e+09 9.370748e+08
-7.745651e+07 -3.687382e+07
5.730757e+06 -2.246705e+07
4.214649e+00 -1.012976e+07
-1.332636e+06 -2.467929e+00
2.349542e+11 5.268149e+11
-7.752544e+07 6.256978e+07
-2.290110e+07 2.376770e+06
6.534529e+07 5.406628e+07
-1.151480e+07 5.000393e+07
-3.779437e+10 5.089480e+10
-6.080055e+08 1.036430e+08
1.819436e+06 -7.966495e+00
2.145829e+08 -2.105059e+08
2.170511e+13 -7.838051e+14
-8.712535e+08 -1.475521e+09
-8.441153e+08 1.722699e+09
-7.868028e+07 6.608544e+06
1.109968e+15 -1.000394e+15
-1.219915e+07 2.254326e+06
3.150049e+09 1.900182e+08
2.606377e+19 5.489423e+19
-2.819978e+08 -7.251656e+07
-7.058150e+07 -1.167126e+08
-5.662105e+06 2.252676e+07
-8.436567e+06 -1.042383e+06
7.486967e+05 5.855154e+06
-4.193214e+09 5.451067e+10
2.086658e+08 -3.642285e+08
2.911965e+11 4.553562e+12
3.779666e+10 -5.089238e+10
1.718215e+08 -6.418558e+08
4.709133e+08 1.348245e+08
-3.173335e+08 -8.200710e+08
1.019196e+06 9.487351e+00
7.968317e+06 -6.225837e+00
7.401957e+05 1.493227e+07
-7.764636e+08 -6.864443e+08
1.030048e+08 3.339962e+08
-6.594698e+07 -5.434228e+07
1.973886e+11 -9.005207e+11
-4.260420e+07 -6.621631e+06
6.280618e+06 1.137620e+06
1.708862e+10 1.187054e+10
-7.904593e+00 -9.433142e+06
8.424485e+08 -1.722494e+09
9.888634e+08 -4.282480e+07
-5.939921e+06 6.041968e+06
-6.331680e+06 -3.439953e+06
-1.738650e+07 -4.203507e+00
7.360914e+06 4.991744e+06
