2.830987e+04 6.326545e+00
1.138544e+05 -2.006127e+04
1.199484e+08 1.551762e+09
2.837630e+10 3.128101e+10
-2.156062e+10 -2.946033e+10
-7.658182e+07 -1.470024e+07
2.203631e+05 -7.886452e+05
-9.914492e+04 -8.139436e+04
-3.306644e+04 -2.187345e+05
-7.203220e+04 -1.715403e+01
1.069401e+04 -2.329650e+04
-4.925007e+05 1.310799e+06
6.743594e+07 -8.766766e+08
7.069267e+07 -2.079884e+07
-7.204173e+08 -1.560247e+08
6.955586e+07 3.335077e+07
-1.830196e+04 5.923679e+05
-9.685865e+04 -3.362379e+04
2.767346e+05 -3.800251e+00
-3.413683e+06 3.336526e+06
-3.132055e+04 -6.283463e+04
-5.539712e+07 2.068621e+07
2.071652e+07 6.710732e+08
-9.890806e+08 -2.090974e+08
-7.566999e+05 1.481599e+06
-1.979945e+05 1.962150e+04
1.063125e+04 -2.021255e+03
1.239490e+06 -9.675987e+05
-3.171923e+11 -8.615181e+10
-4.850787e+00 -5.068118e+04
6.160222e+05 -2.781203e+05
-1.895025e+06 3.707991e+05
-4.641066e+08 -1.394743e+08
-4.512875e+07 -2.579990e+07
-5.782492e+05 -8.220664e+04
1.295074e+09 -8.127680e+08
4.515714e+12 8.612399e+12
1.185874e+04 1.987664e+04
7.204232e+08 1.561398e+08
2.404819e+06 1.936097e+06
1.383834e+09 -1.553066e+08
3.057540e+04 6.269573e+04
-6.051798e+00 -2.999260e+04
-2.699737e+08 -1.875510e+08
2.080223e+05 1.508534e+06
3.011814e+04 -2.857962e+04
-3.743529e+10 5.216345e+10
1.890213e+04 -1.440891e+04
1.896273e+06 -3.725316e+05
-2.885868e+07 -2.866451e+07
9.423381e+06 -1.625773e+06
4.353981e+05 2.606388e+05
-2.999626e-01 -2.257430e+04
2.187369e+05 -2.456705e+04
4.893065e+11 1.781107e+11
5.532195e+07 -2.071180e+07
-6.356850e+09 1.107252e+09
8.025502e+06 2.037191e+06
5.697849e+04 1.481562e+05
-6.521989e+05 -1.963373e+06
-2.730738e+11 -3.670543e+11
-1.228324e+10 2.296035e+09
9.399601e+05 -1.883625e+06
2.334902e+06 2.592600e+06
-5.653445e+13 8.077556e+13
-5.196408e+06 1.700729e+06
3.099963e+05 -6.302446e+05
-1.988280e+10 -2.998635e+09
-1.209971e+08 -1.034373e+08
1.005373e+08 -1.411822e+07
7.171093e+04 -1.050049e+01
-1.928320e+08 -2.145955e+08
3.171923e+11 8.608732e+10
2.394993e+07 5.962196e+06
1.655299e+03 8.296051e+00
-1.382193e+09 -4.566474e+08
-4.428706e+09 -6.925286e+10
-4.625926e+07 -9.006908e+07
-5.157999e+04 5.332355e+04
-5.738202e+06 -1.810328e+06
-7.638855e+07 -3.129709e+08
2.730738e+11 3.670543e+11
-7.621082e+07 4.963495e+07
7.587760e+05 -1.483509e+06
-9.930551e+06 7.245302e+06
-3.827206e+06 -1.907907e+05
-5.676772e+00 -2.501011e+05
2.159300e+10 2.952667e+10
-3.010382e+04 -3.769186e+00
-2.334010e+03 6.986970e-01
-9.407338e+05 1.879400e+06
1.928315e+08 2.145955e+08
-3.525808e+07 -2.345624e+07
6.215847e+15 -1.012108e+16
4.644645e+08 1.396434e+08
8.623257e+00 -4.968018e+04
1.374286e+07 2.332438e+07
3.713699e+04 -4.871042e+04
-1.338000e+03 -3.491582e+04
-2.470312e+08 1.610413e+08
-2.070574e+07 -6.715798e+08
2.076477e+10 -2.001755e+10
-2.293789e+07 -1.706077e+07
-1.002440e+10 1.514560e+10
1.029986e+03 3.140699e+04
3.399071e+05 2.085834e+06
1.003204e+10 -1.515715e+10
1.299984e+04 1.062237e+01
4.618860e+12 -2.374228e+12
-1.297066e+09 8.139999e+08
3.343705e+09 1.882737e+10
6.639150e+05 -6.855271e+00
-5.425122e+06 5.206865e+06
-1.006119e+08 1.413227e+07
2.089201e+11 -7.503838e+10
-2.394477e+07 -5.973777e+06
-4.366489e+04 1.303816e+04
5.653445e+13 -8.077556e+13
2.798358e+04 5.308597e+04
-9.381745e+08 -2.721284e+08
-6.211195e+15 1.011350e+16
2.627101e+00 -5.892160e+00
2.740649e+11 -8.860378e+10
7.615130e+07 -4.959794e+07
-2.724731e+06 1.018682e+07
9.670244e+09 -9.533961e+09
2.437297e+06 4.565592e+06
3.704264e+08 5.691257e+08
-9.185498e+04 1.587113e+05
8.660317e+06 -9.322878e+06
-5.018477e+04 -2.400915e+05
5.068380e+04 2.396172e+05
-2.487711e+00 -2.419239e+05
-2.405313e+09 4.821270e+09
-1.456316e+06 4.433643e+05
-2.395477e+06 -1.903712e+06
-3.336048e+05 -5.444500e+05
6.511572e+00 2.173228e+05
4.693058e+07 9.031949e+07
-1.241237e+06 3.344214e+06
3.542278e+13 -1.677196e+14
2.096756e+05 -1.065798e+05
-5.793799e+04 -2.351368e+05
-5.562548e+00 1.712775e+00
-1.920927e+04 -6.161071e+04
-7.155365e+14 -2.661549e+15
-1.237611e+04 1.113627e+01
1.230534e+06 -9.915316e+04
-1.874687e+07 -1.801818e+06
-9.330701e+04 -1.507978e+04
-8.667306e+06 9.329875e+06
-8.270821e+04 -9.457185e+04
-1.826055e+06 2.047200e+06
-5.283397e+09 -1.027577e+09
-1.282586e+09 4.699694e+09
1.094983e+01 1.322466e+04
-7.779609e+10 -2.457333e+09
2.305783e+06 -8.555934e+05
8.825636e+11 -1.528840e+12
-5.569115e+00 -5.599686e+05
7.950041e+04 -9.853356e+04
-3.688897e+03 -3.119130e+04
6.778754e+06 -1.561712e+06
5.583693e+03 3.128858e+04
1.889372e+04 6.086198e+04
-1.383833e+09 1.553081e+08
-1.127225e+05 -3.196728e+03
-3.341056e+09 -1.881248e+10
2.309449e+08 4.650704e+08
-3.767452e+09 -8.446989e+09
-1.258186e+14 5.178950e+12
5.626807e+04 2.432191e+05
1.826064e+06 -2.047355e+06
2.028588e+04 2.235784e+05
1.282585e+09 -4.699693e+09
-4.473212e+06 -4.227273e+06
2.007280e+12 6.609789e+11
5.756735e+06 1.811724e+06
5.283746e+07 -9.190303e+06
1.241835e+06 -3.343987e+06
1.874481e+07 1.806415e+06
4.454854e+06 -3.768846e+06
2.887466e+07 2.868246e+07
-3.182151e+06 5.555694e+06
9.198832e+06 1.678711e+07
-1.032272e+05 -4.762045e+04
6.615758e+05 9.503945e+04
-8.825636e+11 1.528840e+12
-6.612663e+05 -9.215939e+04
-1.016590e+05 -1.649303e+05
1.259132e+14 -5.178952e+12
-6.305902e+05 1.459254e+04
3.270400e+09 -7.281677e+08
-2.078036e+10 2.003287e+10
-3.242563e+05 1.181068e+06
-3.270428e+09 7.281724e+08
4.473022e+06 4.227240e+06
3.626695e+05 5.592508e+05
-8.494143e+03 -2.410911e+05
-1.957601e+00 4.423826e+04
3.546569e+04 -4.561740e+04
6.581898e+06 2.225429e+06
5.283404e+09 1.027562e+09
-5.165933e+04 8.081619e+04
3.530124e+07 2.346261e+07
3.743532e+10 -5.216345e+10
-6.772459e+06 1.574069e+06
3.825775e+06 1.749740e+05
-2.311191e+08 -4.654237e+08
1.627899e+19 -1.344843e+19
2.510348e+03 6.567578e+04
8.887379e+00 3.678461e+04
3.435377e+05 -1.225853e+06
9.880347e+11 -6.873794e+11
5.999957e+00 1.468505e+04
9.927417e+06 -7.246540e+06
-4.448494e+04 -4.388469e+03
2.079092e+05 -1.381382e+04
1.466626e+06 -4.321932e+05
-4.450989e+06 2.503380e+06
1.364214e+05 1.157100e+04
-4.522546e+12 -8.618909e+12
-5.280952e+07 9.220054e+06
4.061307e+05 -1.555767e+06
1.210953e+08 1.035333e+08
-8.773486e+05 2.640079e+04
4.514082e+05 -1.257947e+06
-1.324325e+06 1.528156e+06
-3.542278e+13 1.677196e+14
1.222965e+06 5.851033e+05
2.502301e+07 7.453642e+07
2.407589e+09 -4.825841e+09
-9.880347e+11 6.873794e+11
-5.919537e+08 -1.935587e+08
4.213105e+08 1.050490e+07
-4.213105e+08 -1.050447e+07
1.330949e+06 -1.520911e+06
-6.458633e+05 2.333211e+06
7.155365e+14 2.661549e+15
-6.026459e+04 -1.521733e+05
-2.172002e+00 -5.073682e+04
-2.264643e+05 5.430595e+06
1.187796e+07 -7.006543e+05
3.460087e+04 -2.126684e+04
-3.466003e+04 2.140450e+04
-6.955478e+07 -3.332599e+07
8.759158e+05 -4.642905e+04
9.315893e+00 3.318466e+05
-4.126772e+17 -8.691394e+17
4.814225e+05 -3.680088e+05
1.026960e+04 -1.052303e+01
-8.188354e+04 -1.498969e+05
-2.291237e+06 8.560513e+05
1.008825e+05 4.884454e+04
2.650828e+04 -1.060855e+01
-8.018639e+06 -2.034110e+06
-3.197412e+04 -1.144018e+05
6.452023e+05 -2.332094e+06
-3.150178e+05 1.327508e+05
3.115829e+04 9.006158e+04
-3.709900e+08 -5.699919e+08
-1.627899e+19 1.344843e+19
1.861929e+03 9.899112e-02
-4.058915e+05 1.556428e+06
-4.896772e+11 -1.782456e+11
6.957802e+06 -6.713938e+08
2.051890e+00 -5.164904e+04
-1.293706e+05 -1.497816e+06
-1.202298e+08 -1.554087e+09
-2.500704e+07 -7.447866e+07
2.291845e+07 1.704722e+07
-1.625147e+06 -5.196116e+06
1.114047e+06 1.870543e+06
-9.199531e+06 -1.678554e+07
-2.727939e+04 -7.547883e+00
-8.965672e+00 -3.678541e+04
-4.611649e+12 2.370522e+12
3.255989e+13 3.517264e+14
-1.072165e+05 -5.898045e+00
4.511680e+07 2.580031e+07
5.447661e+00 4.393198e+04
-1.191881e+07 5.910686e+05
-4.776484e+05 3.677012e+05
1.080249e+05 -5.551158e+00
-2.939198e+06 2.513625e+06
-9.684117e+09 9.538924e+09
-3.073884e+03 -2.495909e+05
-3.436402e+11 1.241928e+13
-3.144501e+09 1.434553e+10
6.534114e+04 -1.746890e+05
6.869494e+05 1.045069e+05
-1.150819e+06 -1.953338e+06
3.699434e+05 -2.754462e+04
1.910134e-01 4.957476e+04
-6.097898e+05 -1.765090e+05
8.173745e+04 1.494411e+05
-7.074875e+07 2.080430e+07
-2.841914e+10 -3.132823e+10
7.607122e+05 -1.952970e+05
1.986791e+10 2.998631e+09
3.143019e+05 -1.344194e+05
5.042400e+06 1.308568e+07
-2.309304e+06 -2.448110e+06
-1.743359e+04 -9.644274e+03
-1.237331e+05 2.569306e+04
4.122530e+06 -5.387121e+05
-7.220163e+00 1.579576e+04
7.709772e+04 6.709932e+04
9.905613e+08 2.094260e+08
6.217414e+04 8.121359e+04
1.228325e+10 -2.295997e+09
-2.697911e+03 -6.798329e+02
-1.578670e+07 6.831114e+05
1.242407e+07 1.098577e+07
-1.769316e+13 1.594634e+13
-2.444712e+06 -4.562262e+06
-1.904024e+04 -1.808844e+04
6.097496e+05 1.778162e+05
7.566140e+07 3.134262e+08
-1.228812e+04 3.610086e+00
3.289966e+00 3.764811e+04
-2.740649e+11 8.867083e+10
-4.341593e+05 -2.631693e+05
-7.512176e+06 -2.120220e+06
9.981993e+00 1.640637e+05
2.474004e+08 -1.611571e+08
-2.007280e+12 -6.609789e+11
1.256690e+05 1.525038e+05
-6.222032e+04 1.728672e+05
-6.955033e+06 6.719054e+08
4.548429e+06 1.167459e+06
7.434792e+04 -1.348401e+04
4.419583e+04 -1.236535e+04
-6.271222e+05 2.759748e+05
-3.260874e+13 -3.522542e+14
-3.981689e+04 4.086584e+00
6.361609e+09 -1.108061e+09
2.636286e+09 -1.887784e+07
-2.636287e+09 1.887854e+07
1.382175e+09 4.565808e+08
-2.089201e+11 7.503838e+10
7.779611e+10 2.457341e+09
9.388938e+08 2.723290e+08
-3.277654e+05 6.318846e+05
5.919624e+08 1.935452e+08
2.272216e+05 -5.436665e+06
8.052645e+04 -1.602109e+05
-5.032292e+07 -3.047502e+06
9.705905e+03 3.141881e+00
7.668141e+07 1.473829e+07
-1.233851e+06 -5.874045e+05
9.245527e+04 -3.624206e+05
-1.691738e+00 -1.613528e+05
-2.094424e+04 -9.944606e+00
3.770289e+09 8.453344e+09
-1.223808e+06 9.877090e+05
-3.612609e+05 3.750603e+04
1.009803e+06 8.355075e+05
-1.829825e+05 7.947482e+05
-6.006709e+08 8.088581e+08
-9.417147e+06 1.605362e+06
2.752442e+04 -4.889994e+00
3.410246e+06 -3.345350e+06
3.439020e+11 -1.241928e+13
-1.376400e+07 -2.331015e+07
-1.178875e+07 2.405945e+07
-1.240253e+06 1.041543e+05
1.770655e+13 -1.595841e+13
-1.916886e+05 3.540700e+04
5.032417e+07 3.035754e+06
4.129917e+17 8.698018e+17
-4.548691e+06 -1.169695e+06
-1.123388e+06 -1.857620e+06
-9.134326e+04 3.633348e+05
-1.347892e+05 -1.666892e+04
1.203266e+04 9.420064e+04
-6.748803e+07 8.766797e+08
3.179848e+06 -5.550553e+06
4.432233e+09 6.936284e+10
6.006709e+08 -8.082445e+08
2.728855e+06 -1.019384e+07
7.478669e+06 2.142763e+06
-5.054484e+06 -1.305078e+07
1.596732e+04 -2.711364e+00
1.276229e+05 -5.123527e+00
1.181275e+04 2.384184e+05
-1.241419e+07 -1.097480e+07
1.607656e+06 5.213046e+06
-1.019220e+06 -8.398723e+05
3.142113e+09 -1.433469e+10
-6.801788e+05 -1.057135e+05
9.772456e+04 1.766828e+04
2.697681e+08 1.874002e+08
2.483790e+00 -1.215774e+05
1.175611e+07 -2.405573e+07
1.578698e+07 -6.837060e+05
-8.758937e+04 8.907508e+04
-1.006517e+05 -5.469113e+04
-2.775840e+05 -9.331690e+00
1.167516e+05 7.918085e+04
