1.311261e+06 -9.545565e+00
5.207822e+06 -9.169953e+05
5.451111e+09 7.045468e+10
1.293424e+12 1.425965e+12
-9.768754e+11 -1.335955e+12
-3.553785e+09 -6.827015e+08
1.012797e+07 -3.626331e+07
-4.566482e+06 -3.748725e+06
-1.507536e+06 -9.955921e+06
-3.323605e+06 6.597859e+00
4.813451e+05 -1.054116e+06
-2.235137e+07 5.949463e+07
3.055762e+09 -3.972535e+10
3.265492e+09 -9.607562e+08
-3.290759e+10 -7.126506e+09
3.268909e+09 1.566319e+09
-8.721036e+05 2.824022e+07
-4.388107e+06 -1.524288e+06
1.263444e+07 -4.582363e+00
-1.565587e+08 1.531355e+08
-1.424704e+06 -2.857274e+06
-2.515820e+09 9.408810e+08
9.463957e+08 3.065312e+10
-4.497710e+10 -9.509051e+09
-3.450787e+07 6.751751e+07
-8.982671e+06 8.892768e+05
4.892227e+05 -9.201146e+04
5.719990e+07 -4.466635e+07
-1.434132e+13 -3.895209e+12
-1.061280e+01 -2.330590e+06
2.810815e+07 -1.269326e+07
-8.592851e+07 1.681564e+07
-2.118087e+10 -6.367115e+09
-2.074205e+09 -1.185854e+09
-2.646211e+07 -3.767359e+06
5.966230e+10 -3.744375e+10
2.063224e+14 3.932149e+14
5.049993e+05 9.404114e+05
3.291876e+10 7.128851e+09
1.108678e+08 8.925987e+07
6.318569e+10 -7.091160e+09
1.391084e+06 2.852659e+06
4.432660e-01 -1.343302e+06
-1.245447e+10 -8.652706e+09
9.454807e+06 6.856871e+07
1.393345e+06 -1.321912e+06
-1.831081e+12 2.551440e+12
8.731117e+05 -6.655483e+05
8.597001e+07 -1.689201e+07
-1.327170e+09 -1.318328e+09
4.436646e+08 -7.653867e+07
1.998103e+07 1.196166e+07
3.921118e+00 -1.020563e+06
1.015329e+07 -1.141543e+06
2.239059e+13 8.149644e+12
2.514716e+09 -9.414616e+08
-2.885370e+11 5.025475e+10
3.669575e+08 9.308114e+07
2.641723e+06 6.868704e+06
-2.962187e+07 -8.918416e+07
-1.252965e+13 -1.683238e+13
-5.612197e+11 1.049107e+11
4.244628e+07 -8.504966e+07
1.318546e+08 1.464119e+08
-2.557475e+15 3.654746e+15
-2.360139e+08 7.724588e+07
1.415329e+07 -2.877550e+07
-8.991608e+11 -1.357113e+11
-5.875372e+09 -5.023125e+09
4.542755e+09 -6.379403e+08
3.311284e+06 -3.216905e+00
-8.693700e+09 -9.674572e+09
1.434251e+13 3.895338e+12
1.256885e+09 3.128981e+08
7.368411e+04 -1.219119e+00
-6.281855e+10 -2.075598e+10
-2.119502e+11 -3.315477e+12
-2.117089e+09 -4.122624e+09
-2.345962e+06 2.425141e+06
-3.053530e+08 -9.625267e+07
-3.495689e+09 -1.432453e+10
1.252923e+13 1.683155e+13
-3.463548e+09 2.255868e+09
3.455962e+07 -6.757139e+07
-4.580233e+08 3.344576e+08
-1.777256e+08 -8.851975e+06
-1.082082e+01 -1.140626e+07
9.769902e+11 1.335955e+12
-1.379134e+06 -6.056665e+00
-1.097395e+05 4.136201e+00
-4.246464e+07 8.484640e+07
8.693824e+09 9.675695e+09
-1.622570e+09 -1.078647e+09
2.810298e+17 -4.575925e+17
2.118576e+10 6.369595e+09
7.617922e+00 -2.279652e+06
6.342523e+08 1.076541e+09
1.686611e+06 -2.211610e+06
-6.186174e+04 -1.603439e+06
-1.143940e+10 7.451584e+09
-9.453281e+08 -3.066171e+10
9.444688e+11 -9.104667e+11
-1.050311e+09 -7.805956e+08
-4.613667e+11 6.971017e+11
4.904094e+04 1.438031e+06
1.545078e+07 9.473028e+07
4.613667e+11 -6.969978e+11
5.866859e+05 -4.383728e+00
2.176237e+14 -1.118667e+14
-5.965811e+10 3.744027e+10
1.594423e+11 8.977850e+11
3.002335e+07 1.006041e+01
-2.452795e+08 2.354287e+08
-4.542647e+09 6.381381e+08
9.659595e+12 -3.469405e+12
-1.256636e+09 -3.135348e+08
-2.021210e+06 6.044320e+05
2.558322e+15 -3.655351e+15
1.355702e+06 2.572858e+06
-4.270497e+10 -1.238728e+10
-2.810856e+17 4.576455e+17
-4.248826e+08 2.617687e+08
1.253022e+13 -4.049548e+12
3.463509e+09 -2.255735e+09
-1.251368e+08 4.678295e+08
4.398650e+11 -4.336804e+11
1.115288e+08 2.089041e+08
1.706335e+10 2.621581e+10
-4.454488e+06 7.695962e+06
3.953642e+08 -4.256182e+08
-2.262865e+06 -1.082532e+07
2.286179e+06 1.080411e+07
-5.569499e+00 -1.123605e+07
-1.372170e+11 2.750457e+11
-6.738377e+07 2.051410e+07
-1.104216e+08 -8.775403e+07
-1.530913e+07 -2.498523e+07
-2.485257e+00 1.009536e+07
2.145734e+09 4.129057e+09
-5.662113e+07 1.525664e+08
1.663961e+15 -7.878775e+15
9.524770e+06 -4.841599e+06
-2.679153e+06 -1.087007e+07
4.235978e+08 -2.616122e+08
-8.662990e+05 -2.781525e+06
-3.579167e+16 -1.331525e+17
-5.656637e+05 1.035943e+01
5.689887e+07 -4.584137e+06
-8.570896e+08 -8.237688e+07
-4.369324e+06 -7.053925e+05
-3.953890e+08 4.256077e+08
-3.759674e+06 -4.300654e+06
-8.287918e+07 9.291034e+07
-2.397852e+11 -4.663934e+10
-5.829928e+10 2.135938e+11
-1.108390e+01 5.966227e+05
-3.529873e+12 -1.115013e+11
1.065123e+08 -3.952370e+07
4.079931e+13 -7.067432e+13
1.057740e+01 -2.669861e+07
3.926524e+06 -4.867321e+06
-1.672998e+05 -1.417075e+06
3.281705e+08 -7.560305e+07
2.534055e+05 1.421068e+06
8.546026e+05 2.753431e+06
-6.316052e+10 7.089236e+09
-5.130520e+06 -1.446951e+05
-1.594235e+11 -8.976655e+11
1.058194e+10 2.130785e+10
-1.712164e+11 -3.839090e+11
-5.714339e+15 2.350138e+14
2.600623e+06 1.124446e+07
8.284897e+07 -9.291093e+07
9.209409e+05 1.016905e+07
5.829824e+10 -2.136044e+11
-2.065087e+08 -1.951519e+08
9.514318e+13 3.133341e+13
3.059392e+08 9.628204e+07
2.498178e+09 -4.345140e+08
5.665134e+07 -1.525631e+08
8.569825e+08 8.258733e+07
2.072861e+08 -1.753691e+08
1.327090e+09 1.318192e+09
-1.520237e+08 2.654133e+08
4.199834e+08 7.663701e+08
-4.764807e+06 -2.196673e+06
2.989460e+07 4.292617e+06
-4.080269e+13 7.068018e+13
-2.986939e+07 -4.162546e+06
-4.646389e+06 -7.540785e+06
5.714813e+15 -2.350528e+14
-2.851306e+07 6.587744e+05
1.484958e+11 -3.306538e+10
-9.444195e+11 9.105232e+11
-1.473759e+07 5.368219e+07
-1.485488e+11 3.307271e+10
2.064976e+08 1.951638e+08
1.663202e+07 2.564554e+07
-3.872964e+05 -1.099965e+07
8.529073e+00 2.017841e+06
1.617028e+06 -2.080256e+06
2.989456e+08 1.010790e+08
2.397816e+11 4.663324e+10
-2.356160e+06 3.683975e+06
1.623075e+09 1.078903e+09
1.830779e+12 -2.551144e+12
-3.278446e+08 7.619056e+07
1.775292e+08 8.118043e+06
-1.058154e+10 -2.130892e+10
7.447883e+20 -6.152758e+20
1.136996e+05 3.027054e+06
9.523870e+00 1.691589e+06
1.561090e+07 -5.571117e+07
4.530330e+13 -3.151872e+13
9.861383e+00 6.672724e+05
4.579193e+08 -3.342804e+08
-2.048333e+06 -2.014507e+05
9.435197e+06 -6.262883e+05
6.780981e+07 -1.997993e+07
-2.072673e+08 1.164957e+08
6.221371e+06 5.271281e+05
-2.063087e+14 -3.931694e+14
-2.496859e+09 4.358931e+08
1.867884e+07 -7.155572e+07
5.876384e+09 5.024485e+09
-4.038532e+07 1.213794e+06
2.047432e+07 -5.705545e+07
-6.221606e+07 7.179184e+07
-1.664209e+15 7.879297e+15
5.595933e+07 2.677152e+07
1.144144e+09 3.408023e+09
1.372326e+11 -2.750729e+11
-4.531156e+13 3.152185e+13
-2.708592e+10 -8.857070e+09
1.932238e+10 4.817663e+08
-1.932078e+10 -4.817149e+08
6.250623e+07 -7.143748e+07
-2.935513e+07 1.060446e+08
3.579523e+16 1.331415e+17
-2.795292e+06 -7.057974e+06
-8.564785e+00 -2.368003e+06
-1.087069e+07 2.606608e+08
5.759390e+08 -3.397049e+07
1.581491e+06 -9.715575e+05
-1.584348e+06 9.786037e+05
-3.270104e+09 -1.566867e+09
4.035340e+07 -2.140698e+06
-4.990849e+00 1.515428e+07
-1.899730e+19 -4.000492e+19
2.227765e+07 -1.703029e+07
4.731075e+05 3.900992e+00
-3.791273e+06 -6.937752e+06
-1.059397e+08 3.958264e+07
4.662152e+06 2.257833e+06
1.215393e+06 8.365474e-01
-3.666967e+08 -9.301733e+07
-1.454315e+06 -5.201729e+06
2.937565e+07 -1.061019e+08
-1.443991e+07 6.080413e+06
1.415325e+06 4.090787e+06
-1.706497e+10 -2.621789e+10
-7.449117e+20 6.154184e+20
9.277406e+04 9.703178e+00
-1.867046e+07 7.159623e+07
-2.239244e+13 -8.150049e+12
3.162956e+08 -3.054387e+10
-6.425173e-01 -2.356631e+06
-5.876778e+06 -6.804490e+07
-5.453577e+09 -7.049626e+10
-1.144433e+09 -3.408585e+09
1.048885e+09 7.801835e+08
-7.595286e+07 -2.428435e+08
5.105845e+07 8.573089e+07
-4.204018e+08 -7.670302e+08
-1.252463e+06 1.086413e+01
-8.941919e+00 -1.697256e+06
-2.176705e+14 1.118890e+14
1.475942e+15 1.594458e+16
-4.955956e+06 2.345961e+00
2.074069e+09 1.186147e+09
-4.096849e+00 2.030513e+06
-5.785288e+08 2.869514e+07
-2.210463e+07 1.701838e+07
4.988082e+06 -1.050464e+01
-1.365367e+08 1.167651e+08
-4.402666e+11 4.336729e+11
-1.400035e+05 -1.136335e+07
-1.582028e+13 5.713436e+14
-1.438919e+11 6.564600e+11
2.987448e+06 -7.989092e+06
3.136586e+07 4.771686e+06
-5.341657e+07 -9.074073e+07
1.710739e+07 -1.274551e+06
-1.062174e+01 2.269239e+06
-2.790817e+07 -8.078483e+06
3.783171e+06 6.916601e+06
-3.266830e+09 9.613272e+08
-1.293874e+12 -1.426296e+12
3.481267e+07 -8.938105e+06
8.992943e+11 1.357268e+11
1.439288e+07 -6.156483e+06
2.307694e+08 5.988684e+08
-1.303223e+08 -1.381465e+08
-8.106072e+05 -4.469034e+05
-5.653783e+06 1.174580e+06
1.913538e+08 -2.500327e+07
-8.922659e+00 7.246388e+05
3.534281e+06 3.077276e+06
4.499830e+10 9.513453e+09
2.826990e+06 3.695130e+06
5.612572e+11 -1.049090e+11
-1.286368e+05 -3.094630e+04
-7.208418e+08 3.121318e+07
5.664530e+08 5.008928e+08
-8.090902e+14 7.292222e+14
-1.117991e+08 -2.086283e+08
-8.686958e+05 -8.252048e+05
2.790426e+07 8.137457e+06
3.462198e+09 1.434162e+10
-5.624163e+05 1.057493e+01
-3.196598e+00 1.711286e+06
-1.253354e+13 4.052096e+12
-1.991358e+07 -1.207087e+07
-3.445674e+08 -9.732499e+07
9.820959e-01 7.514350e+06
1.143990e+10 -7.452098e+09
-9.517472e+13 -3.134068e+13
5.747898e+06 6.975068e+06
-2.845416e+06 7.905382e+06
-3.161951e+08 3.054616e+10
2.055670e+08 5.276275e+07
3.459125e+06 -6.390628e+05
2.002558e+06 -5.613102e+05
-2.861664e+07 1.259386e+07
-1.475918e+15 -1.594379e+16
-1.830251e+06 1.474082e+00
2.885362e+11 -5.025957e+10
1.212531e+11 -8.684680e+08
-1.212832e+11 8.685140e+08
6.283746e+10 2.075639e+10
-9.660874e+12 3.469692e+12
3.531394e+12 1.115441e+11
4.271189e+10 1.238851e+10
-1.495532e+07 2.883103e+07
2.708856e+10 8.855868e+09
1.090623e+07 -2.609723e+08
3.897180e+06 -7.755291e+06
-2.295926e+09 -1.390476e+08
4.409783e+05 -1.414257e-01
3.553886e+09 6.830514e+08
-5.646240e+07 -2.687917e+07
4.177662e+06 -1.637919e+07
6.044318e+00 -7.384283e+06
-9.713375e+05 1.684961e+00
1.712732e+11 3.840297e+11
-5.650679e+07 4.560586e+07
-1.669192e+07 1.732391e+06
4.762480e+07 3.940375e+07
-8.393418e+06 3.644930e+07
-2.754876e+10 3.709754e+10
-4.431059e+08 7.553751e+07
1.325901e+06 -7.047443e+00
1.564147e+08 -1.534443e+08
1.582106e+13 -5.713153e+14
-6.350574e+08 -1.075508e+09
-6.148623e+08 1.254841e+09
-5.734974e+07 4.816854e+06
8.091036e+14 -7.292101e+14
-8.891604e+06 1.642940e+06
2.296248e+09 1.385182e+08
1.899856e+19 4.001353e+19
-2.055784e+08 -5.286460e+07
-5.145063e+07 -8.507854e+07
-4.127451e+06 1.642175e+07
-6.150334e+06 -7.595844e+05
5.455534e+05 4.268158e+06
-3.056743e+09 3.973799e+10
1.520651e+08 -2.654259e+08
2.122074e+11 3.318392e+12
2.755150e+10 -3.709818e+10
1.252545e+08 -4.678943e+08
3.432868e+08 9.828377e+07
-2.313307e+08 -5.978015e+08
7.428736e+05 6.648849e+00
5.808620e+06 -3.017946e+00
5.394265e+05 1.088468e+07
-5.660311e+08 -5.003940e+08
7.507675e+07 2.434475e+08
-4.806410e+07 -3.960554e+07
1.438916e+11 -6.564398e+11
-3.105728e+07 -4.826943e+06
4.577596e+06 8.289381e+05
1.245615e+10 8.652647e+09
-6.765624e+00 -6.868531e+06
6.136621e+08 -1.254751e+09
7.208667e+08 -3.121834e+07
-4.328061e+06 4.402379e+06
-4.615994e+06 -2.507622e+06
-1.267441e+07 2.483197e+00
5.365956e+06 3.638770e+06
