5.622940e+05 -4.866749e+00
2.236282e+06 -3.938526e+05
2.340936e+09 3.025703e+10
5.553403e+11 6.122578e+11
-4.195343e+11 -5.736802e+11
-1.525103e+09 -2.929871e+08
4.347065e+06 -1.556795e+07
-1.960329e+06 -1.609389e+06
-6.474129e+05 -4.274987e+06
-1.426588e+06 2.465848e+00
2.067728e+05 -4.527593e+05
-9.598114e+06 2.554728e+07
1.312142e+09 -1.705935e+10
1.401467e+09 -4.123005e+08
-1.412715e+10 -3.059123e+09
1.402006e+09 6.718431e+08
-3.738712e+05 1.210724e+07
-1.884368e+06 -6.545178e+05
5.423502e+06 -3.913673e+00
-6.719578e+07 6.572651e+07
-6.114720e+05 -1.226555e+06
-1.080077e+09 4.039267e+08
4.062136e+08 1.315598e+10
-1.930569e+10 -4.081808e+09
-1.481167e+07 2.898916e+07
-3.857095e+06 3.817751e+05
2.098395e+05 -3.950365e+04
2.453746e+07 -1.916694e+07
-6.157947e+12 -1.672738e+12
8.116514e-01 -1.000230e+06
1.206786e+07 -5.449194e+06
-3.689780e+07 7.220846e+06
-9.093050e+09 -2.733297e+09
-8.902452e+08 -5.089888e+08
-1.135957e+07 -1.617201e+06
2.560611e+10 -1.607061e+10
8.857905e+13 1.688174e+14
2.171477e+05 4.031583e+05
1.413054e+10 3.060010e+09
4.757677e+07 3.830442e+07
2.712232e+10 -3.044032e+09
5.970841e+05 1.224583e+06
-9.977667e+00 -5.769951e+05
-5.345232e+09 -3.713911e+09
4.059342e+06 2.944134e+07
5.978956e+05 -5.672869e+05
-7.845320e+11 1.093148e+12
3.746196e+05 -2.854635e+05
3.690512e+07 -7.251305e+06
-5.695247e+08 -5.656931e+08
1.902688e+08 -3.282297e+07
8.575257e+06 5.133500e+06
1.081359e+01 -4.381385e+05
4.356668e+06 -4.898484e+05
9.611166e+12 3.498121e+12
1.079632e+09 -4.042161e+08
-1.238798e+11 2.157685e+10
1.575279e+08 3.995918e+07
1.133778e+06 2.947968e+06
-1.272002e+07 -3.829467e+07
-5.377853e+12 -7.225145e+12
-2.409356e+11 4.503668e+10
1.822808e+07 -3.652302e+07
5.628084e+07 6.248993e+07
-1.098039e+15 1.569164e+15
-1.013297e+08 3.316407e+07
6.075465e+06 -1.235341e+07
-3.861073e+11 -5.827236e+10
-2.518045e+09 -2.152530e+09
1.950590e+09 -2.739174e+08
1.420926e+06 -7.305320e+00
-3.733026e+09 -4.154184e+09
6.157947e+12 1.672609e+12
5.374486e+08 1.337993e+08
3.157361e+04 8.782190e+00
-2.697097e+10 -8.911324e+09
-9.086847e+10 -1.421374e+12
-9.088420e+08 -1.769765e+09
-1.007229e+06 1.041256e+06
-1.305278e+08 -4.114489e+07
-1.500610e+09 -6.148846e+09
5.377645e+12 7.224309e+12
-1.486942e+09 9.683851e+08
1.483691e+07 -2.900647e+07
-1.965537e+08 1.435266e+08
-7.625814e+07 -3.798185e+06
-2.588981e+00 -4.896704e+06
4.195188e+11 5.736799e+11
-5.920090e+05 1.506525e+00
-4.705445e+04 -3.805213e+00
-1.823755e+07 3.643597e+07
3.733449e+09 4.155146e+09
-6.964008e+08 -4.629971e+08
1.206879e+17 -1.965050e+17
9.095646e+09 2.734753e+09
-9.189480e+00 -9.785570e+05
2.721676e+08 4.619759e+08
7.240791e+05 -9.494831e+05
-2.653370e+04 -6.881625e+05
-4.908230e+09 3.197503e+09
-4.058359e+08 -1.316256e+10
4.055073e+11 -3.908999e+11
-4.508287e+08 -3.350764e+08
-1.980124e+11 2.991834e+11
2.093980e+04 6.172806e+05
6.633844e+06 4.067326e+07
1.980276e+11 -2.991718e+11
2.519157e+05 7.616523e+00
9.335073e+13 -4.798314e+13
-2.560841e+10 1.607107e+10
6.836827e+10 3.849754e+11
1.289463e+07 -4.671805e-01
-1.053268e+08 1.010979e+08
-1.950877e+09 2.740687e+08
4.145608e+12 -1.488989e+12
-5.373750e+08 -1.341074e+08
-8.675959e+05 2.594756e+05
1.098632e+15 -1.569769e+15
5.809884e+05 1.102665e+06
-1.833576e+10 -5.318707e+09
-1.207112e+17 1.965277e+17
-1.709214e+08 1.053086e+08
5.379639e+12 -1.738606e+12
1.487302e+09 -9.687284e+08
-5.371861e+07 2.008249e+08
1.888683e+11 -1.862066e+11
4.787641e+07 8.968306e+07
7.323479e+09 1.125141e+10
-1.908592e+06 3.297418e+06
1.697046e+08 -1.827018e+08
-9.718144e+05 -4.649095e+06
9.820087e+05 4.639973e+06
3.803582e+00 -4.821098e+06
-5.855820e+10 1.173801e+11
-2.891783e+07 8.804180e+06
-4.739437e+07 -3.766517e+07
-6.571714e+06 -1.072554e+07
-3.555854e-01 4.332371e+06
9.212751e+08 1.772888e+09
-2.431015e+07 6.550278e+07
7.138034e+14 -3.379713e+15
4.089732e+06 -2.078729e+06
-1.149665e+06 -4.664478e+06
1.703941e+08 -1.052301e+08
-3.719273e+05 -1.194295e+06
-1.532495e+16 -5.701236e+16
-2.428482e+05 -9.898617e-01
2.441861e+07 -1.967171e+06
-3.679119e+08 -3.536007e+07
-1.874126e+06 -3.025313e+05
-1.697386e+08 1.827215e+08
-1.614234e+06 -1.846543e+06
-3.558908e+07 3.989613e+07
-1.029647e+11 -2.002656e+10
-2.503214e+10 9.172359e+10
-2.517126e+00 2.561983e+05
-1.515650e+12 -4.787646e+10
4.570630e+07 -1.696140e+07
1.750801e+13 -3.032863e+13
-9.415242e+00 -1.144694e+07
1.681966e+06 -2.085148e+06
-7.204356e+04 -6.086788e+05
1.406562e+08 -3.240466e+07
1.088922e+05 6.103156e+05
3.671252e+05 1.182558e+06
-2.711601e+10 3.043476e+09
-2.202990e+06 -6.235010e+04
-6.835492e+10 -3.848710e+11
4.542151e+09 9.147209e+09
-7.351209e+10 -1.648402e+11
-2.453652e+15 1.009214e+14
1.116356e+06 4.826199e+06
3.557678e+07 -3.989763e+07
3.956114e+05 4.366339e+06
2.503018e+10 -9.170944e+10
-8.862252e+07 -8.374687e+07
4.079682e+13 1.343558e+13
1.307888e+08 4.115735e+07
1.071298e+09 -1.863293e+08
2.432129e+07 -6.549561e+07
3.678863e+08 3.545395e+07
8.893352e+07 -7.523565e+07
5.695597e+08 5.657469e+08
-6.517170e+07 1.137831e+08
1.802709e+08 3.289663e+08
-2.044625e+06 -9.425627e+05
1.283514e+07 1.843283e+06
-1.750666e+13 3.032629e+13
-1.282544e+07 -1.787270e+06
-1.994359e+06 -3.236929e+06
2.453368e+15 -1.009098e+14
-1.224308e+07 2.828849e+05
6.375067e+10 -1.419763e+10
-4.054906e+11 3.909650e+11
-6.327898e+06 2.304953e+07
-6.378319e+10 1.420046e+10
8.862258e+07 8.375617e+07
7.139541e+06 1.100872e+07
-1.664729e+05 -4.722100e+06
4.748757e+00 8.662324e+05
6.943148e+05 -8.930813e+05
1.283566e+08 4.340149e+07
1.029569e+11 2.002395e+10
-1.011542e+06 1.581520e+06
6.966407e+08 4.630868e+08
7.844112e+11 -1.093021e+12
-1.404987e+08 3.265386e+07
7.618032e+07 3.483226e+06
-4.542480e+09 -9.147216e+09
3.197218e+20 -2.641292e+20
4.893080e+04 1.299299e+06
2.767395e+00 7.262179e+05
6.702737e+06 -2.391742e+07
1.944260e+13 -1.352733e+13
-1.114013e+01 2.865104e+05
1.965003e+08 -1.434632e+08
-8.791310e+05 -8.655536e+04
4.051191e+06 -2.690729e+05
2.909943e+07 -8.574704e+06
-8.892549e+07 4.998376e+07
2.671162e+06 2.263081e+05
-8.856880e+13 -1.687848e+14
-1.070733e+09 1.869185e+08
8.016658e+06 -3.071000e+07
2.518256e+09 2.153208e+09
-1.733378e+07 5.208906e+05
8.791290e+06 -2.449746e+07
-2.668686e+07 3.079305e+07
-7.138310e+14 3.379844e+15
2.402175e+07 1.149241e+07
4.911783e+08 1.463024e+09
5.856717e+10 -1.173892e+11
-1.945010e+13 1.353099e+13
-1.162696e+10 -3.802109e+09
8.293771e+09 2.067881e+08
-8.293451e+09 -2.067798e+08
2.681279e+07 -3.064705e+07
-1.260509e+07 4.553729e+07
1.532792e+16 5.701457e+16
-1.199578e+06 -3.028725e+06
1.172708e+00 -1.016045e+06
-4.660350e+06 1.117444e+08
2.468405e+08 -1.455787e+07
6.788754e+05 -4.170518e+05
-6.801394e+05 4.201557e+05
-1.402688e+09 -6.721002e+08
1.731969e+07 -9.188662e+05
-8.832920e+00 6.505832e+06
-8.153520e+18 -1.716948e+19
9.560575e+06 -7.308370e+06
2.031048e+05 -9.282152e+00
-1.627184e+06 -2.977375e+06
-4.546361e+07 1.698820e+07
2.000947e+06 9.690744e+05
5.218522e+05 3.276993e+00
-1.574107e+08 -3.992975e+07
-6.244447e+05 -2.233353e+06
1.261168e+07 -4.555759e+07
-6.198215e+06 2.610225e+06
6.077749e+05 1.756252e+06
-7.323449e+09 -1.125137e+10
-3.197464e+20 2.641597e+20
3.980533e+04 -7.044789e+00
-8.013125e+06 3.072696e+07
-9.612278e+12 -3.498391e+12
1.357953e+08 -1.311341e+10
9.652544e+00 -1.011611e+06
-2.523402e+06 -2.921644e+07
-2.341683e+09 -3.026969e+10
-4.912942e+08 -1.463281e+09
4.502788e+08 3.349271e+08
-3.258520e+07 -1.041844e+08
2.191784e+07 3.680105e+07
-1.804834e+08 -3.292859e+08
-5.376419e+05 1.057066e+01
2.353028e+00 -7.284632e+05
-9.335794e+13 4.798684e+13
6.337576e+14 6.846396e+15
-2.126891e+06 -9.885175e+00
8.902163e+08 5.090950e+08
-4.954782e+00 8.714715e+05
-2.479081e+08 1.229629e+07
-9.482451e+06 7.302830e+06
2.140609e+06 -8.194048e+00
-5.858714e+07 5.010019e+07
-1.890188e+11 1.861920e+11
-6.007123e+04 -4.878585e+06
-6.790298e+12 2.452264e+14
-6.177039e+10 2.818135e+11
1.282595e+06 -3.429748e+06
1.346569e+07 2.048585e+06
-2.292158e+07 -3.893793e+07
7.341817e+06 -5.469887e+05
7.626060e+00 9.740974e+05
-1.197961e+07 -3.467488e+06
1.623500e+06 2.968183e+06
-1.402156e+09 4.126000e+08
-5.555332e+11 -6.123760e+11
1.494440e+07 -3.837358e+06
3.861964e+11 5.828800e+10
6.179300e+06 -2.642952e+06
9.907161e+07 2.570843e+08
-5.563154e+07 -5.897777e+07
-3.479174e+05 -1.918838e+05
-2.427397e+06 5.044095e+05
8.211791e+07 -1.072990e+07
-1.061787e+01 3.110565e+05
1.517138e+06 1.320950e+06
1.932265e+10 4.085067e+09
1.213669e+06 1.586643e+06
2.409635e+11 -4.503941e+10
-5.508762e+04 -1.323875e+04
-3.094691e+08 1.339961e+07
2.431929e+08 2.150474e+08
-3.473403e+14 3.130601e+14
-4.799537e+07 -8.956362e+07
-3.728990e+05 -3.543264e+05
1.197955e+07 3.493368e+06
1.486346e+09 6.156687e+09
-2.413599e+05 4.052226e+00
8.828303e+00 7.347162e+05
-5.380053e+12 1.739343e+12
-8.547138e+06 -5.181007e+06
-1.478990e+08 -4.177650e+07
-2.767328e+00 3.225712e+06
4.909362e+09 -3.197846e+09
-4.081259e+13 -1.343921e+13
2.467276e+06 2.994293e+06
-1.221469e+06 3.393494e+06
-1.357565e+08 1.311505e+10
8.827404e+07 2.265754e+07
1.484186e+06 -2.740614e+05
8.600176e+05 -2.410533e+05
-1.228646e+07 5.407007e+06
-6.338065e+14 -6.846924e+15
-7.856747e+05 4.576001e+00
1.239081e+11 -2.158141e+10
5.205109e+10 -3.727552e+08
-5.205311e+10 3.727399e+08
2.697684e+10 8.911399e+09
-4.145928e+12 1.488989e+12
1.516352e+12 4.789691e+10
1.833954e+10 5.319439e+09
-6.420828e+06 1.237757e+07
1.162892e+10 3.801698e+09
4.675524e+06 -1.118731e+08
1.670239e+06 -3.323507e+06
-9.856676e+08 -5.970012e+07
1.894429e+05 -1.733174e+00
1.525154e+09 2.931144e+08
-2.423850e+07 -1.153918e+07
1.794018e+06 -7.034268e+06
1.165269e+00 -3.170132e+06
-4.168315e+05 5.921178e+00
7.354332e+10 1.648910e+11
-2.424939e+07 1.957133e+07
-7.163475e+06 7.434644e+05
2.042559e+07 1.690071e+07
-3.602893e+06 1.564679e+07
-1.182596e+10 1.592535e+10
-1.900756e+08 3.240354e+07
5.686604e+05 -1.111653e+01
6.714823e+07 -6.587332e+07
6.791344e+12 -2.452358e+14
-2.725777e+08 -4.616267e+08
-2.630065e+08 5.367447e+08
-2.461420e+07 2.067196e+06
3.473805e+14 -3.130842e+14
-3.815919e+06 7.051182e+05
9.858821e+08 5.946983e+07
8.155092e+18 1.717544e+19
-8.828594e+07 -2.270339e+07
-2.208698e+07 -3.652373e+07
-1.772669e+06 7.052367e+06
-2.640390e+06 -3.260986e+05
2.342916e+05 1.832708e+06
-1.312526e+09 1.706402e+10
6.519777e+07 -1.138049e+08
9.097417e+10 1.422694e+12
1.182596e+10 -1.592352e+10
5.376471e+07 -2.008405e+08
1.473462e+08 4.218979e+07
-9.930532e+07 -2.566095e+08
3.187871e+05 -1.091899e+01
2.494162e+06 6.987842e+00
2.316468e+05 4.673317e+06
-2.429903e+08 -2.148166e+08
3.220757e+07 1.044377e+08
-2.061378e+07 -1.698633e+07
6.176790e+10 -2.817924e+11
-1.333277e+07 -2.072045e+06
1.963578e+06 3.555270e+05
5.345658e+09 3.713333e+09
-3.414082e+00 -2.931620e+06
2.624654e+08 -5.366614e+08
3.094627e+08 -1.340221e+07
-1.853801e+06 1.885651e+06
-1.981237e+06 -1.076309e+06
-5.441203e+06 -1.635183e-03
2.303223e+06 1.561976e+06
