1.022338e+06 9.600281e-01
4.061464e+06 -7.151045e+05
4.250995e+09 5.494405e+10
1.008654e+12 1.111998e+12
-7.618354e+11 -1.041816e+12
-2.771073e+09 -5.323295e+08
7.897183e+06 -2.827843e+07
-3.560912e+06 -2.923107e+06
-1.175593e+06 -7.763406e+06
-2.591455e+06 -7.550019e+00
3.754684e+05 -8.221272e+05
-1.743055e+07 4.639712e+07
2.382971e+09 -3.097963e+10
2.546233e+09 -7.491237e+08
-2.566091e+10 -5.557171e+09
2.548540e+09 1.221210e+09
-6.799126e+05 2.201449e+07
-3.422106e+06 -1.188624e+06
9.851535e+06 -4.234796e+00
-1.220717e+08 1.194051e+08
-1.110875e+06 -2.227807e+06
-1.961724e+09 7.336603e+08
7.379608e+08 2.390229e+10
-3.506991e+10 -7.414770e+09
-2.690761e+07 5.265006e+07
-7.005025e+06 6.935355e+05
3.814782e+05 -7.178854e+04
4.459282e+07 -3.482464e+07
-1.118340e+13 -3.037625e+12
3.083302e+00 -1.817211e+06
2.191931e+07 -9.897778e+06
-6.700795e+07 1.311259e+07
-1.651490e+10 -4.964464e+09
-1.617251e+09 -9.246148e+08
-2.063288e+07 -2.937379e+06
4.651893e+10 -2.919517e+10
1.608851e+14 3.066223e+14
3.939684e+05 7.331197e+05
2.566930e+10 5.558720e+09
8.644130e+07 6.959477e+07
4.926890e+10 -5.529407e+09
1.084737e+06 2.224583e+06
-1.053420e+01 -1.047742e+06
-9.711011e+09 -6.746965e+09
7.373058e+06 5.347302e+07
1.086570e+06 -1.030815e+06
-1.427217e+12 1.988726e+12
6.807693e+05 -5.189535e+05
6.703682e+07 -1.317198e+07
-1.034847e+09 -1.027928e+09
3.458949e+08 -5.967311e+07
1.558019e+07 9.326799e+06
-3.414237e+00 -7.958734e+05
7.916511e+06 -8.900757e+05
1.745935e+13 6.354774e+12
1.960913e+09 -7.341405e+08
-2.249971e+11 3.918889e+10
2.861493e+08 7.258314e+07
2.059923e+06 5.355768e+06
-2.310025e+07 -6.955061e+07
-9.770067e+12 -1.312477e+13
-4.376161e+11 8.180450e+10
3.310086e+07 -6.632373e+07
1.026915e+08 1.140301e+08
-1.994417e+15 2.849895e+15
-1.840461e+08 6.023614e+07
1.103661e+07 -2.243922e+07
-7.012109e+11 -1.058305e+11
-4.579963e+09 -3.915462e+09
3.542419e+09 -4.974653e+08
2.581807e+06 -5.731990e+00
-6.779339e+09 -7.543991e+09
1.118388e+13 3.037560e+12
9.792960e+08 2.437942e+08
5.747689e+04 -4.167665e-01
-4.898414e+10 -1.618504e+10
-1.652264e+11 -2.584515e+12
-1.650814e+09 -3.214558e+09
-1.829393e+06 1.891127e+06
-2.378847e+08 -7.498453e+07
-2.725664e+09 -1.116943e+10
9.768822e+12 1.312393e+13
-2.700752e+09 1.758921e+09
2.694711e+07 -5.268768e+07
-3.571254e+08 2.607749e+08
-1.385706e+08 -6.901515e+06
1.012853e+01 -8.894101e+06
7.618690e+11 1.041794e+12
-1.075318e+06 9.008234e+00
-8.553089e+04 9.990497e+00
-3.311304e+07 6.616199e+07
6.779323e+09 7.544794e+09
-1.265098e+09 -8.410659e+08
2.191551e+17 -3.568438e+17
1.652041e+10 4.966938e+09
3.655936e+00 -1.777526e+06
4.945121e+08 8.393742e+08
1.315126e+06 -1.724401e+06
-4.816028e+04 -1.250302e+06
-8.919266e+09 5.809950e+09
-7.371437e+08 -2.390784e+10
7.364771e+11 -7.099446e+11
-8.189487e+08 -6.086564e+08
-3.597474e+11 5.435563e+11
3.825008e+04 1.121454e+06
1.204908e+07 7.387385e+07
3.597627e+11 -5.434755e+11
4.575597e+05 -5.934121e-01
1.696755e+14 -8.721814e+13
-4.652050e+10 2.919488e+10
1.243010e+11 6.999302e+11
2.341475e+07 -8.542494e+00
-1.912761e+08 1.835858e+08
-3.542470e+09 4.976500e+08
7.531681e+12 -2.705116e+12
-9.790439e+08 -2.442908e+08
-1.576054e+06 4.713024e+05
1.994967e+15 -2.850379e+15
1.056735e+06 2.005408e+06
-3.329919e+10 -9.659022e+09
-2.191877e+17 3.568817e+17
-3.268851e+08 2.013843e+08
9.770694e+12 -3.157876e+12
2.700849e+09 -1.758934e+09
-9.757822e+07 3.647988e+08
3.430024e+11 -3.381828e+11
8.696377e+07 1.628988e+08
1.330512e+10 2.044121e+10
-3.472004e+06 5.998633e+06
3.082764e+08 -3.318608e+08
-1.764491e+06 -8.441299e+06
1.782729e+06 8.424677e+06
3.406289e-01 -8.760058e+06
-1.068607e+11 2.141989e+11
-5.253694e+07 1.599435e+07
-8.609718e+07 -6.842449e+07
-1.193738e+07 -1.948238e+07
-6.676590e+00 7.871557e+06
1.673266e+09 3.219777e+09
-4.415336e+07 1.189650e+08
1.297273e+15 -6.142714e+15
7.427421e+06 -3.775476e+06
-2.089085e+06 -8.475773e+06
3.259056e+08 -2.012687e+08
-6.755328e+05 -2.169143e+06
-2.789464e+16 -1.037717e+17
-4.410796e+05 8.856150e+00
4.436547e+07 -3.574347e+06
-6.683724e+08 -6.423724e+07
-3.406643e+06 -5.500323e+05
-3.083300e+08 3.318864e+08
-2.931820e+06 -3.353635e+06
-6.462982e+07 7.245087e+07
-1.869870e+11 -3.636974e+10
-4.546184e+10 1.665651e+11
-1.006050e+00 4.652374e+05
-2.752672e+12 -8.695009e+10
8.304871e+07 -3.081717e+07
3.181148e+13 -5.510497e+13
-3.621369e+00 -2.081285e+07
3.060225e+06 -3.793574e+06
-1.304654e+05 -1.104988e+06
2.558022e+08 -5.893203e+07
1.975780e+05 1.108109e+06
6.664703e+05 2.147183e+06
-4.925001e+10 5.527702e+09
-4.000406e+06 -1.128021e+05
-1.242770e+11 -6.997662e+11
8.251113e+09 1.661480e+10
-1.335135e+11 -2.993692e+11
-4.455870e+15 1.832593e+14
2.027635e+06 8.767222e+06
6.460234e+07 -7.244686e+07
7.179826e+05 7.929238e+06
4.545889e+10 -1.665580e+11
-1.610107e+08 -1.521521e+08
7.416687e+13 2.442506e+13
2.383372e+08 7.500540e+07
1.947410e+09 -3.387233e+08
4.417421e+07 -1.189616e+08
6.682290e+08 6.439746e+07
1.616116e+08 -1.367250e+08
1.034740e+09 1.027831e+09
-1.185095e+08 2.069009e+08
3.274733e+08 5.975728e+08
-3.715280e+06 -1.712734e+06
2.331168e+07 3.347175e+06
-3.181148e+13 5.510614e+13
-2.329065e+07 -3.245777e+06
-3.622692e+06 -5.879634e+06
4.455965e+15 -1.832789e+14
-2.223325e+07 5.135168e+05
1.157918e+11 -2.578371e+10
-7.363970e+11 7.099986e+11
-1.149221e+07 4.186060e+07
-1.158346e+11 2.579044e+10
1.610116e+08 1.521740e+08
1.296899e+07 1.999690e+07
-3.021221e+05 -8.576843e+06
3.266057e+00 1.573339e+06
1.260966e+06 -1.622174e+06
2.331171e+08 7.882130e+07
1.869833e+11 3.636457e+10
-1.837336e+06 2.872820e+06
1.265600e+09 8.413113e+08
1.427066e+12 -1.988599e+12
-2.555598e+08 5.939014e+07
1.384218e+08 6.329875e+06
-8.251424e+09 -1.661623e+10
5.807529e+20 -4.797829e+20
8.879539e+04 2.360343e+06
-9.074126e+00 1.319027e+06
1.217249e+07 -4.343969e+07
3.532168e+13 -2.457446e+13
9.347990e+00 5.202571e+05
3.570223e+08 -2.606362e+08
-1.597054e+06 -1.571217e+05
7.357329e+06 -4.884156e+05
5.287008e+07 -1.557850e+07
-1.615866e+08 9.082313e+07
4.850960e+06 4.109631e+05
-1.608646e+14 -3.065572e+14
-1.946382e+09 3.397846e+08
1.456316e+07 -5.578940e+07
4.580188e+09 3.916188e+09
-3.148804e+07 9.463232e+05
1.596488e+07 -4.449223e+07
-4.850424e+07 5.596955e+07
-1.297438e+15 6.142845e+15
4.363438e+07 2.087531e+07
8.921905e+08 2.657581e+09
1.068810e+11 -2.142307e+11
-3.533293e+13 2.457968e+13
-2.112019e+10 -6.906380e+09
1.506673e+10 3.756563e+08
-1.506545e+10 -3.756253e+08
4.873271e+07 -5.569925e+07
-2.289306e+07 8.270027e+07
2.789820e+16 1.037673e+17
-2.179636e+06 -5.503285e+06
9.610603e+00 -1.846454e+06
-8.474749e+06 2.032052e+08
4.489572e+08 -2.648002e+07
1.233166e+06 -7.575216e+05
-1.235358e+06 7.630787e+05
-2.549530e+09 -1.221590e+09
3.146507e+07 -1.669297e+06
-1.059227e+01 1.181654e+07
-1.481203e+19 -3.119230e+19
1.736970e+07 -1.327817e+07
3.688216e+05 -8.632758e+00
-2.956091e+06 -5.409471e+06
-8.260075e+07 3.086269e+07
3.635108e+06 1.760447e+06
9.477494e+05 -6.275897e+00
-2.859275e+08 -7.252968e+07
-1.133974e+06 -4.056026e+06
2.290574e+07 -8.273475e+07
-1.125890e+07 4.740987e+06
1.103527e+06 3.189718e+06
-1.330506e+10 -2.044113e+10
-5.808022e+20 4.798440e+20
7.226959e+04 5.031865e+00
-1.455712e+07 5.582200e+07
-1.745972e+13 -6.354774e+12
2.466337e+08 -2.381679e+10
4.017413e+00 -1.837588e+06
-4.582562e+06 -5.305999e+07
-4.252543e+09 -5.497056e+10
-8.923544e+08 -2.657817e+09
8.178600e+08 6.083419e+08
-5.921559e+07 -1.893297e+08
3.981220e+07 6.684647e+07
-3.278081e+08 -5.980703e+08
-9.766206e+05 -3.486085e+00
5.348991e+00 -1.323415e+06
-1.696935e+14 8.722741e+13
1.150905e+15 1.243312e+16
-3.863999e+06 -6.220619e+00
1.617167e+09 9.248454e+08
-7.019262e+00 1.583204e+06
-4.509406e+08 2.236629e+07
-1.723311e+07 1.326886e+07
3.889116e+06 -2.640336e+00
-1.064506e+08 9.103530e+07
-3.433016e+11 3.381617e+11
-1.090125e+05 -8.860610e+06
-1.233516e+13 4.454956e+14
-1.122039e+11 5.118853e+11
2.329585e+06 -6.229490e+06
2.445781e+07 3.720750e+06
-4.164847e+07 -7.075045e+07
1.333913e+07 -9.938209e+05
-7.660413e+00 1.769403e+06
-2.176151e+07 -6.299079e+06
2.949794e+06 5.393048e+06
-2.547389e+09 7.495755e+08
-1.008997e+12 -1.112258e+12
2.714626e+07 -6.970217e+06
7.013147e+11 1.058438e+11
1.122313e+07 -4.800605e+06
1.799484e+08 4.669708e+08
-1.014993e+08 -1.075979e+08
-6.321148e+05 -3.486374e+05
-4.408904e+06 9.160069e+05
1.491969e+08 -1.949511e+07
8.432034e-01 5.650512e+05
2.755790e+06 2.399508e+06
3.508970e+10 7.418563e+09
2.204537e+06 2.881631e+06
4.376628e+11 -8.180489e+10
-1.003144e+05 -2.412347e+04
-5.620920e+08 2.433924e+07
4.417154e+08 3.905957e+08
-6.309264e+14 5.686482e+14
-8.718141e+07 -1.626877e+08
-6.773066e+05 -6.434409e+05
2.176006e+07 6.345360e+06
2.699851e+09 1.118362e+10
-4.384265e+05 -1.100995e+01
-7.416512e+00 1.334388e+06
-9.772975e+12 3.159552e+12
-1.552679e+07 -9.411615e+06
-2.686698e+08 -7.588886e+07
-6.869462e+00 5.859709e+06
8.920430e+09 -5.810788e+09
-7.419998e+13 -2.443389e+13
4.482124e+06 5.439133e+06
-2.218850e+06 6.164756e+06
-2.465766e+08 2.382054e+10
1.603106e+08 4.114741e+07
2.697073e+06 -4.982084e+05
1.561594e+06 -4.376312e+05
-2.231529e+07 9.820638e+06
-1.150979e+15 -1.243365e+16
-1.427066e+06 9.406849e+00
2.250300e+11 -3.919393e+10
9.454088e+10 -6.771732e+08
-9.456900e+10 6.772123e+08
4.900012e+10 1.618577e+10
-7.532960e+12 2.705404e+12
2.753900e+12 8.698358e+10
3.330669e+10 9.660504e+09
-1.166187e+07 2.248191e+07
2.112319e+10 6.905606e+09
8.502029e+06 -2.034355e+08
3.037833e+06 -6.044958e+06
-1.790302e+09 -1.084277e+08
3.438304e+05 -6.651654e+00
2.771006e+09 5.325805e+08
-4.402860e+07 -2.096022e+07
3.257848e+06 -1.277344e+07
-6.757237e+00 -5.758167e+06
-7.573751e+05 4.489732e+00
1.335590e+11 2.994645e+11
-4.405928e+07 3.555962e+07
-1.301572e+07 1.350791e+06
3.712909e+07 3.072045e+07
-6.544805e+06 2.842235e+07
-2.148185e+10 2.892789e+10
-3.454698e+08 5.889354e+07
1.033735e+06 1.077116e+01
1.219708e+08 -1.196556e+08
1.233699e+13 -4.454956e+14
-4.951884e+08 -8.386315e+08
-4.790926e+08 9.777514e+08
-4.471745e+07 3.755777e+06
6.309264e+14 -5.686240e+14
-6.932664e+06 1.280956e+06
1.790536e+09 1.080118e+08
1.481360e+19 3.120025e+19
-1.603128e+08 -4.122473e+07
-4.011978e+07 -6.634225e+07
-3.218800e+06 1.280583e+07
-4.795706e+06 -5.922412e+05
4.254126e+05 3.328279e+06
-2.383633e+09 3.098829e+10
1.185428e+08 -2.069246e+08
1.654202e+11 2.586879e+12
2.148322e+10 -2.892729e+10
9.766708e+07 -3.648482e+08
2.676757e+08 7.663646e+07
-1.803799e+08 -4.661548e+08
5.791547e+05 2.447066e+00
4.529810e+06 -5.768714e+00
4.207214e+05 8.488238e+06
-4.413833e+08 -3.902068e+08
5.853537e+07 1.898095e+08
-3.747254e+07 -3.087848e+07
1.122037e+11 -5.118756e+11
-2.421780e+07 -3.763944e+06
3.568990e+06 6.462483e+05
9.712685e+09 6.746838e+09
5.476699e+00 -5.349475e+06
4.781404e+08 -9.776412e+08
5.621138e+08 -2.434402e+07
-3.373271e+06 3.431199e+06
-3.599264e+06 -1.955336e+06
-9.883528e+06 -5.230718e+00
4.184193e+06 2.837472e+06
