2.100905e+06 4.998011e-01
8.343265e+06 -1.469164e+06
8.733042e+09 1.128668e+11
2.072305e+12 2.284576e+12
-1.565013e+12 -2.140275e+12
-5.694839e+09 -1.094026e+09
1.622870e+07 -5.810975e+07
-7.317221e+06 -6.006936e+06
-2.415563e+06 -1.595073e+07
-5.325768e+06 5.774854e+00
7.711287e+05 -1.688458e+06
-3.580682e+07 9.531300e+07
4.895603e+09 -6.364619e+10
5.232878e+09 -1.539559e+09
-5.272179e+10 -1.141778e+10
5.238792e+09 2.510133e+09
-1.397593e+06 4.526211e+07
-7.030113e+06 -2.441995e+06
2.024108e+07 -4.460108e+00
-2.508359e+08 2.453511e+08
-2.282151e+06 -4.577459e+06
-4.030659e+09 1.507385e+09
1.516273e+09 4.911170e+10
-7.206510e+10 -1.523561e+10
-5.529306e+07 1.081762e+08
-1.439145e+07 1.424911e+06
7.840670e+05 -1.476447e+05
9.166869e+07 -7.157897e+07
-2.297579e+13 -6.240847e+12
9.561027e-01 -3.734855e+06
4.503387e+07 -2.033777e+07
-1.376638e+08 2.694161e+07
-3.393520e+10 -1.020081e+10
-3.323179e+09 -1.899907e+09
-4.239629e+07 -6.035935e+06
9.559245e+10 -5.999419e+10
3.305319e+14 6.299225e+14
8.083635e+05 1.506787e+06
5.273367e+10 1.142016e+10
1.776168e+08 1.429964e+08
1.012239e+11 -1.136015e+10
2.228495e+06 4.570175e+06
-5.213681e+00 -2.151614e+06
-1.995599e+10 -1.386387e+10
1.514790e+07 1.098561e+08
2.232780e+06 -2.118366e+06
-2.935376e+12 4.090029e+12
1.399008e+06 -1.066522e+06
1.377284e+08 -2.706119e+07
-2.126465e+09 -2.112400e+09
7.109968e+08 -1.226689e+08
3.201789e+07 1.916777e+07
-3.586717e-01 -1.635194e+06
1.627031e+07 -1.829334e+06
3.587506e+13 1.305821e+13
4.029057e+09 -1.508396e+09
-4.622590e+11 8.050910e+10
5.879302e+08 1.491326e+08
4.232956e+06 1.100594e+07
-4.745750e+07 -1.428800e+08
-2.007300e+13 -2.696581e+13
-8.990368e+11 1.680673e+11
6.799362e+07 -1.362369e+08
2.115785e+08 2.349421e+08
-4.096863e+15 5.854564e+15
-3.780861e+08 1.237522e+08
2.267425e+07 -4.610282e+07
-1.440461e+12 -2.174112e+11
-9.418190e+09 -8.051458e+09
7.277416e+09 -1.021963e+09
5.305549e+06 8.865027e-01
-1.392751e+10 -1.549940e+10
2.297816e+13 6.240589e+12
2.016082e+09 5.019004e+08
1.181692e+05 9.590021e+00
-1.006474e+11 -3.325554e+10
-3.396988e+11 -5.313941e+12
-3.391937e+09 -6.604952e+09
-3.758217e+06 3.885203e+06
-4.897520e+08 -1.543798e+08
-5.600631e+09 -2.294985e+10
2.007342e+13 2.696581e+13
-5.548765e+09 3.614013e+09
5.536987e+07 -1.082587e+08
-7.338844e+08 5.358578e+08
-2.847749e+08 -1.418372e+07
-8.710591e+00 -1.827373e+07
1.565145e+12 2.140252e+12
-2.209837e+06 -5.076776e+00
-1.759567e+05 5.139377e+00
-6.803265e+07 1.359187e+08
1.392690e+10 1.550004e+10
-2.599880e+09 -1.728312e+09
4.502488e+17 -7.331344e+17
3.394520e+10 1.020536e+10
-1.006349e+01 -3.653104e+06
1.016321e+09 1.724969e+09
2.702413e+06 -3.543491e+06
-9.936262e+04 -2.569203e+06
-1.832994e+10 1.194026e+10
-1.514463e+09 -4.912279e+10
1.513108e+12 -1.458643e+12
-1.682660e+09 -1.250556e+09
-7.392075e+11 1.116907e+12
7.848133e+04 2.303662e+06
2.475319e+07 1.517703e+08
7.392915e+11 -1.116827e+12
9.400758e+05 7.121098e+00
3.487654e+14 -1.792848e+14
-9.559266e+10 5.999173e+10
2.555444e+11 1.438862e+12
4.809639e+07 4.069570e-01
-3.929517e+08 3.771723e+08
-7.277891e+09 1.022328e+09
1.547816e+13 -5.559045e+12
-2.015587e+09 -5.029007e+08
-3.238642e+06 9.687045e+05
4.098557e+15 -5.855653e+15
2.172988e+06 4.123996e+06
-6.841675e+10 -1.984467e+10
-4.502814e+17 7.331419e+17
-6.928585e+08 4.268441e+08
2.007541e+13 -6.487326e+12
5.548668e+09 -3.613926e+09
-2.004792e+08 7.495217e+08
7.046680e+11 -6.947372e+11
1.786821e+08 3.346727e+08
2.733809e+10 4.200113e+10
-7.140512e+06 1.233700e+07
6.334417e+08 -6.818956e+08
-3.625253e+06 -1.734153e+07
3.662503e+06 1.730829e+07
-9.231711e+00 -1.800506e+07
-2.202231e+11 4.414298e+11
-1.079725e+08 3.286898e+07
-1.769289e+08 -1.406072e+08
-2.452981e+07 -4.003419e+07
9.556506e+00 1.617752e+07
3.437906e+09 6.615339e+09
-9.072291e+07 2.444494e+08
2.666632e+15 -1.262648e+16
1.526039e+07 -7.757331e+06
-4.293190e+06 -1.741915e+07
6.908103e+08 -4.266370e+08
-1.388166e+06 -4.456783e+06
-5.739078e+16 -2.135004e+17
-9.067232e+05 -7.890122e+00
9.117362e+07 -7.345985e+06
-1.373103e+09 -1.319842e+08
-7.002056e+06 -1.130649e+06
-6.334907e+08 6.818828e+08
-6.023327e+06 -6.890054e+06
-1.327760e+08 1.488423e+08
-3.841518e+11 -7.471821e+10
-9.340006e+10 3.422042e+11
-3.372562e+00 9.559173e+05
-5.655209e+12 -1.786487e+11
1.706756e+08 -6.333463e+07
6.537864e+13 -1.132477e+14
1.957422e+00 -4.279285e+07
6.295244e+06 -7.803558e+06
-2.678930e+05 -2.270293e+06
5.260324e+08 -1.211906e+08
4.061652e+05 2.276796e+06
1.369124e+06 4.411387e+06
-1.011892e+11 1.135780e+10
-8.219695e+06 -2.320953e+05
-2.555069e+11 -1.438712e+12
1.695466e+10 3.414069e+10
-2.743125e+11 -6.150476e+11
-9.154768e+15 3.764992e+14
4.166981e+06 1.801627e+07
1.327267e+08 -1.488425e+08
1.475432e+06 1.628942e+07
9.339126e+10 -3.421900e+11
-3.308651e+08 -3.126810e+08
1.524760e+14 5.021518e+13
4.907180e+08 1.544404e+08
4.003621e+09 -6.963854e+08
9.076760e+07 -2.444347e+08
1.373040e+09 1.323233e+08
3.321659e+08 -2.810158e+08
2.126307e+09 2.112089e+09
-2.436553e+08 4.253972e+08
6.728859e+08 1.227845e+09
-7.635314e+06 -3.520302e+06
4.789323e+07 6.877564e+06
-6.538134e+13 1.132583e+14
-4.785195e+07 -6.668800e+06
-7.444784e+06 -1.208160e+07
9.155431e+15 -3.765654e+14
-4.568004e+07 1.056068e+06
2.379327e+11 -5.297831e+10
-1.513135e+12 1.458782e+12
-2.361283e+07 8.600673e+07
-2.379839e+11 5.298576e+10
3.308738e+08 3.127025e+08
2.664806e+07 4.108968e+07
-6.206327e+05 -1.762205e+07
7.059167e+00 3.233074e+06
2.590935e+06 -3.332784e+06
4.789276e+08 1.619325e+08
3.841444e+11 7.470861e+10
-3.774851e+06 5.902396e+06
2.600593e+09 1.728779e+09
2.934984e+12 -4.089690e+12
-5.255016e+08 1.221345e+08
2.844688e+08 1.300866e+07
-1.695387e+10 -3.414283e+10
1.193324e+21 -9.858105e+20
1.822809e+05 4.850909e+06
2.680953e+00 2.710739e+06
2.501181e+07 -8.925857e+07
7.258867e+13 -5.050333e+13
-3.635818e+00 1.069238e+06
7.337632e+08 -5.356384e+08
-3.282650e+06 -3.231858e+05
1.511698e+07 -1.003557e+06
1.086586e+08 -3.201511e+07
-3.321426e+08 1.866795e+08
9.967303e+06 8.446879e+05
-3.305455e+14 -6.299485e+14
-4.001591e+09 6.985699e+08
2.992729e+07 -1.146459e+08
9.419030e+09 8.053520e+09
-6.470205e+07 1.944955e+06
3.279950e+07 -9.140222e+07
-9.970160e+07 1.150467e+08
-2.666687e+15 1.262596e+16
8.965098e+07 4.288928e+07
1.832987e+09 5.459608e+09
2.202020e+11 -4.413929e+11
-7.259092e+13 5.050072e+13
-4.339335e+10 -1.418976e+10
3.095721e+10 7.718679e+08
-3.095529e+10 -7.718048e+08
1.001667e+08 -1.144818e+08
-4.703028e+07 1.698968e+08
5.739196e+16 2.134805e+17
-4.479629e+06 -1.131003e+07
3.804074e+00 -3.795063e+06
-1.742368e+07 4.178162e+08
9.232272e+08 -5.445502e+07
2.534117e+06 -1.556976e+06
-2.538707e+06 1.568162e+06
-5.240445e+09 -2.510922e+09
6.465829e+07 -3.430449e+06
-3.668109e+00 2.427912e+07
-3.043777e+19 -6.409903e+19
3.569639e+07 -2.728745e+07
7.583398e+05 2.830316e+00
-6.074739e+06 -1.111620e+07
-1.697386e+08 6.342140e+07
7.469717e+06 3.617666e+06
1.947201e+06 7.109809e+00
-5.874554e+08 -1.490201e+08
-2.330110e+06 -8.333382e+06
4.705801e+07 -1.699831e+08
-2.313630e+07 9.742721e+06
2.267734e+06 6.553981e+06
-2.734334e+10 -4.200966e+10
-1.193533e+21 9.860143e+20
1.485683e+05 -6.198636e+00
-2.991495e+07 1.147166e+08
-3.587729e+13 -1.305835e+13
5.067536e+08 -4.893491e+10
3.955468e+00 -3.775793e+06
-9.415427e+06 -1.090143e+08
-8.736700e+09 -1.129361e+11
-1.833530e+09 -5.461037e+09
1.680446e+09 1.249913e+09
-1.217081e+08 -3.891402e+08
8.180623e+07 1.373575e+08
-6.735420e+08 -1.228912e+09
-2.006766e+06 -1.036717e+01
9.756110e+00 -2.719638e+06
-3.488339e+14 1.793163e+14
2.364561e+15 2.554357e+16
-7.940742e+06 6.945094e+00
3.323023e+09 1.900329e+09
1.065570e+01 3.253308e+06
-9.273107e+08 4.599435e+07
-3.541969e+07 2.726802e+07
7.992405e+06 1.330907e+00
-2.187777e+08 1.871079e+08
-7.053593e+11 6.947839e+11
-2.244309e+05 -1.820487e+07
-2.534896e+13 9.154419e+14
-2.305467e+11 1.051788e+12
4.786429e+06 -1.280031e+07
5.025367e+07 7.645281e+06
-8.559777e+07 -1.454077e+08
2.741311e+07 -2.042566e+06
5.463072e+00 3.635955e+06
-4.471561e+07 -1.294418e+07
6.062622e+06 1.108336e+07
-5.234652e+09 1.540378e+09
-2.072948e+12 -2.285167e+12
5.577851e+07 -1.432080e+07
1.440713e+12 2.174513e+11
2.306185e+07 -9.863993e+06
3.697408e+08 9.595179e+08
-2.091336e+08 -2.216903e+08
-1.298882e+06 -7.159980e+05
-9.058186e+06 1.881782e+06
3.066165e+08 -4.006492e+07
-4.658516e+00 1.160731e+06
5.662501e+06 4.930121e+06
7.208977e+10 1.524118e+10
4.529214e+06 5.919958e+06
8.992509e+11 -1.680871e+11
-2.061748e+05 -4.964892e+04
-1.154898e+09 5.000856e+07
9.075384e+08 8.024832e+08
-1.296288e+15 1.168344e+15
-1.791212e+08 -3.342585e+08
-1.391995e+06 -1.322408e+06
4.471056e+07 1.303849e+07
5.547300e+09 2.297936e+10
-9.013874e+05 -9.352460e+00
-2.069732e+00 2.741828e+06
-2.008080e+13 6.492153e+12
-3.190643e+07 -1.934054e+07
-5.520851e+08 -1.559380e+08
-5.090078e+00 1.204064e+07
1.833206e+10 -1.194167e+10
-1.525470e+14 -5.023232e+13
9.210006e+06 1.117607e+07
-4.559370e+06 1.266593e+07
-5.065248e+08 4.893483e+10
3.293103e+08 8.452742e+07
5.543462e+06 -1.024855e+06
3.208971e+06 -8.997990e+05
-4.585007e+07 2.017862e+07
-2.364586e+15 -2.554252e+16
-2.932883e+06 7.258682e+00
4.622865e+11 -8.052162e+10
1.942961e+11 -1.391484e+09
-1.943242e+11 1.391564e+09
1.006720e+11 3.325447e+10
-1.547960e+13 5.559678e+12
5.657665e+12 1.787064e+11
6.843178e+10 1.984824e+10
-2.396199e+07 4.619348e+07
4.340340e+10 1.418951e+10
1.748155e+07 -4.182979e+08
6.247077e+06 -1.243176e+07
-3.678513e+09 -2.227683e+08
7.063579e+05 1.519751e+00
5.694433e+09 1.094457e+09
-9.046236e+07 -4.306557e+07
6.693061e+06 -2.623961e+07
7.921174e+00 -1.183101e+07
-1.556409e+06 -1.041519e+01
2.744062e+11 6.152699e+11
-9.054639e+07 7.307881e+07
-2.674779e+07 2.775937e+06
7.632455e+07 6.315046e+07
-1.344863e+07 5.840274e+07
-4.414224e+10 5.944217e+10
-7.101557e+08 1.210553e+08
2.125130e+06 -8.516126e-01
2.506142e+08 -2.458544e+08
2.535000e+13 -9.154324e+14
-1.017547e+09 -1.723278e+09
-9.861110e+08 2.012517e+09
-9.189081e+07 7.718080e+06
1.296302e+15 -1.168320e+15
-1.424702e+07 2.632668e+06
3.678832e+09 2.219186e+08
3.043997e+19 6.411162e+19
-3.293388e+08 -8.469197e+07
-8.243376e+07 -1.363124e+08
-6.612662e+06 2.630812e+07
-9.853161e+06 -1.217368e+06
8.744055e+05 6.838237e+06
-4.897134e+09 6.366155e+10
2.437277e+08 -4.254302e+08
3.401251e+11 5.318670e+12
4.414315e+10 -5.943730e+10
2.006717e+08 -7.496192e+08
5.499794e+08 1.574593e+08
-3.706123e+08 -9.576983e+08
1.190214e+06 -9.299379e+00
9.305150e+06 -9.558856e+00
8.644227e+05 1.743889e+07
-9.067985e+08 -8.016675e+08
1.203009e+08 3.900936e+08
-7.702428e+07 -6.347093e+07
2.305320e+11 -1.051736e+12
-4.975791e+07 -7.733383e+06
7.335551e+06 1.328630e+06
1.995831e+10 1.386275e+10
4.198005e+00 -1.102214e+07
9.842048e+08 -2.012288e+09
1.154895e+09 -5.001488e+07
-6.938321e+06 7.057394e+06
-7.394956e+06 -4.017613e+06
-2.030598e+07 -3.907617e+00
8.596974e+06 5.829121e+06
