2.084440e+06 -1.748786e-01
8.278051e+06 -1.457680e+06
8.664809e+09 1.119847e+11
2.056115e+12 2.266728e+12
-1.552785e+12 -2.123555e+12
-5.650338e+09 -1.085477e+09
1.610192e+07 -5.765527e+07
-7.260017e+06 -5.959981e+06
-2.396686e+06 -1.582610e+07
-5.284151e+06 2.616903e+00
7.651073e+05 -1.675261e+06
-3.552711e+07 9.456851e+07
4.857357e+09 -6.314899e+10
5.191988e+09 -1.527528e+09
-5.230981e+10 -1.132855e+10
5.197838e+09 2.490512e+09
-1.386663e+06 4.490826e+07
-6.975199e+06 -2.422922e+06
2.008296e+07 2.598618e+00
-2.488763e+08 2.434343e+08
-2.264313e+06 -4.541696e+06
-3.999171e+09 1.495608e+09
1.504426e+09 4.872794e+10
-7.150204e+10 -1.511658e+10
-5.486098e+07 1.073309e+08
-1.427901e+07 1.413783e+06
7.779443e+05 -1.464913e+05
9.095230e+07 -7.101972e+07
-2.279630e+13 -6.192097e+12
9.987215e+00 -3.705681e+06
4.468186e+07 -2.017883e+07
-1.365882e+08 2.673114e+07
-3.367000e+10 -1.012111e+10
-3.297215e+09 -1.885063e+09
-4.206510e+07 -5.988787e+06
9.484563e+10 -5.952550e+10
3.279495e+14 6.250011e+14
8.020635e+05 1.495017e+06
5.232169e+10 1.133094e+10
1.762290e+08 1.418791e+08
1.004331e+11 -1.127141e+10
2.211095e+06 4.534489e+06
-4.395209e+00 -2.134812e+06
-1.980007e+10 -1.375555e+10
1.502957e+07 1.089980e+08
2.215341e+06 -2.101820e+06
-2.912423e+12 4.058045e+12
1.388084e+06 -1.058193e+06
1.366521e+08 -2.684975e+07
-2.109849e+09 -2.095895e+09
7.054398e+08 -1.217102e+08
3.176776e+07 1.901804e+07
-3.044918e+00 -1.622431e+06
1.614320e+07 -1.815049e+06
3.559482e+13 1.295620e+13
3.997587e+09 -1.496614e+09
-4.586484e+11 7.988018e+10
5.833372e+08 1.479676e+08
4.199887e+06 1.091993e+07
-4.708680e+07 -1.417640e+08
-1.991613e+13 -2.675511e+13
-8.920125e+11 1.667543e+11
6.746252e+07 -1.351727e+08
2.099211e+08 2.331017e+08
-4.064848e+15 5.808822e+15
-3.751323e+08 1.227855e+08
2.249713e+07 -4.574269e+07
-1.429210e+12 -2.157131e+11
-9.344540e+09 -7.988496e+09
7.220568e+09 -1.013980e+09
5.264104e+06 -1.049473e+01
-1.381871e+10 -1.537833e+10
2.279867e+13 6.191838e+12
2.000303e+09 4.979724e+08
1.172506e+05 5.587168e+00
-9.986112e+10 -3.299578e+10
-3.370405e+11 -5.272372e+12
-3.365423e+09 -6.553328e+09
-3.728846e+06 3.854839e+06
-4.859164e+08 -1.531708e+08
-5.556848e+09 -2.277047e+10
1.991654e+13 2.675511e+13
-5.505413e+09 3.585778e+09
5.493729e+07 -1.074129e+08
-7.281492e+08 5.316702e+08
-2.825493e+08 -1.407287e+07
-9.012717e+00 -1.813095e+07
1.552917e+12 2.123531e+12
-2.192568e+06 1.842667e+00
-1.745833e+05 2.585626e+00
-6.750114e+07 1.348568e+08
1.381811e+10 1.537897e+10
-2.579564e+09 -1.714806e+09
4.467314e+17 -7.274072e+17
3.367999e+10 1.012562e+10
-3.375883e+00 -3.624561e+06
1.008378e+09 1.711488e+09
2.681304e+06 -3.515813e+06
-9.858785e+04 -2.549132e+06
-1.818673e+10 1.184696e+10
-1.502631e+09 -4.873903e+10
1.501287e+12 -1.447247e+12
-1.669513e+09 -1.240784e+09
-7.334312e+11 1.108180e+12
7.787440e+04 2.285667e+06
2.455982e+07 1.505847e+08
7.335152e+11 -1.108099e+12
9.327398e+05 7.511457e+00
3.460395e+14 -1.778836e+14
-9.484584e+10 5.952304e+10
2.535469e+11 1.427614e+12
4.772072e+07 -2.918233e+00
-3.898818e+08 3.742259e+08
-7.221043e+09 1.014343e+09
1.535723e+13 -5.515608e+12
-1.999811e+09 -4.989651e+08
-3.213339e+06 9.611414e+05
4.066542e+15 -5.809911e+15
2.156004e+06 4.091755e+06
-6.788227e+10 -1.968963e+10
-4.467640e+17 7.274148e+17
-6.872881e+08 4.234125e+08
1.991856e+13 -6.436618e+12
5.505317e+09 -3.585691e+09
-1.989128e+08 7.436652e+08
6.991630e+11 -6.893097e+11
1.772862e+08 3.320579e+08
2.712448e+10 4.167294e+10
-7.084673e+06 1.224053e+07
6.284929e+08 -6.765682e+08
-3.596943e+06 -1.720607e+07
3.633905e+06 1.717311e+07
9.679766e+00 -1.786437e+07
-2.184978e+11 4.379717e+11
-1.071289e+08 3.261214e+07
-1.755465e+08 -1.395085e+08
-2.433816e+07 -3.972140e+07
-1.020258e+01 1.605113e+07
3.411048e+09 6.563650e+09
-9.001417e+07 2.425399e+08
2.645792e+15 -1.252781e+16
1.514120e+07 -7.696744e+06
-4.259654e+06 -1.728306e+07
6.852569e+08 -4.232072e+08
-1.377331e+06 -4.421975e+06
-5.694186e+16 -2.118305e+17
-8.996553e+05 -7.975558e+00
9.046131e+07 -7.288606e+06
-1.362375e+09 -1.309530e+08
-6.947346e+06 -1.121827e+06
-6.285417e+08 6.765555e+08
-5.976284e+06 -6.836241e+06
-1.317388e+08 1.476795e+08
-3.811508e+11 -7.413455e+10
-9.267047e+10 3.395308e+11
-2.752640e+00 9.484623e+05
-5.611021e+12 -1.772529e+11
1.693419e+08 -6.283974e+07
6.486775e+13 -1.123627e+14
9.058953e+00 -4.245833e+07
6.246005e+06 -7.742526e+06
-2.658084e+05 -2.252567e+06
5.219194e+08 -1.202431e+08
4.030007e+05 2.259018e+06
1.358423e+06 4.376917e+06
-1.003985e+11 1.126906e+10
-8.155484e+06 -2.302913e+05
-2.535094e+11 -1.427465e+12
1.682219e+10 3.387392e+10
-2.721693e+11 -6.102425e+11
-9.083250e+15 3.735575e+14
4.134432e+06 1.787550e+07
1.316896e+08 -1.476796e+08
1.463911e+06 1.616216e+07
9.266166e+10 -3.395166e+11
-3.282797e+08 -3.102377e+08
1.512840e+14 4.982265e+13
4.868768e+08 1.532315e+08
3.972328e+09 -6.909425e+08
9.005854e+07 -2.425253e+08
1.362312e+09 1.312895e+08
3.295703e+08 -2.788198e+08
2.109694e+09 2.095587e+09
-2.417505e+08 4.220717e+08
6.676294e+08 1.218252e+09
-7.575665e+06 -3.492807e+06
4.751917e+07 6.823847e+06
-6.487045e+13 1.123733e+14
-4.747807e+07 -6.616716e+06
-7.386632e+06 -1.198723e+07
9.083913e+15 -3.736238e+14
-4.532324e+07 1.047836e+06
2.360737e+11 -5.256440e+10
-1.501314e+12 1.447386e+12
-2.342838e+07 8.533489e+07
-2.361249e+11 5.257185e+10
3.282885e+08 3.102592e+08
2.643989e+07 4.076869e+07
-6.157963e+05 -1.748440e+07
4.551781e+00 3.207830e+06
2.570709e+06 -3.306756e+06
4.751863e+08 1.606675e+08
3.811434e+11 7.412496e+10
-3.745367e+06 5.856294e+06
2.580267e+09 1.715270e+09
2.912031e+12 -4.057707e+12
-5.213924e+08 1.211794e+08
2.822457e+08 1.290700e+07
-1.682140e+10 -3.387607e+10
1.184000e+21 -9.781082e+20
1.808693e+05 4.813017e+06
-6.091833e+00 2.689572e+06
2.481640e+07 -8.856125e+07
7.202150e+13 -5.010875e+13
-1.061541e+01 1.060899e+06
7.280298e+08 -5.314533e+08
-3.257017e+06 -3.206743e+05
1.499891e+07 -9.957328e+05
1.078097e+08 -3.176495e+07
-3.295472e+08 1.852209e+08
9.889433e+06 8.381003e+05
-3.279632e+14 -6.250272e+14
-3.970315e+09 6.931093e+08
2.969346e+07 -1.137501e+08
9.345380e+09 7.990551e+09
-6.419655e+07 1.929772e+06
3.254332e+07 -9.068826e+07
-9.892249e+07 1.141476e+08
-2.645847e+15 1.252728e+16
8.895057e+07 4.255421e+07
1.818667e+09 5.416952e+09
2.184767e+11 -4.379348e+11
-7.202375e+13 5.010615e+13
-4.305432e+10 -1.407890e+10
3.071536e+10 7.658378e+08
-3.071344e+10 -7.657749e+08
9.938370e+07 -1.135870e+08
-4.666288e+07 1.685695e+08
5.694305e+16 2.118107e+17
-4.444635e+06 -1.122166e+07
6.697103e+00 -3.765417e+06
-1.728748e+07 4.145501e+08
9.160087e+08 -5.402926e+07
2.514329e+06 -1.544822e+06
-2.518883e+06 1.555921e+06
-5.199492e+09 -2.491300e+09
6.415318e+07 -3.403659e+06
-7.475358e+00 2.408948e+07
-3.019998e+19 -6.359821e+19
3.541749e+07 -2.707425e+07
7.524277e+05 9.207962e+00
-6.027289e+06 -1.102937e+07
-1.684123e+08 6.292586e+07
7.411363e+06 3.589410e+06
1.931997e+06 1.105908e+01
-5.828664e+08 -1.478560e+08
-2.311921e+06 -8.268299e+06
4.669043e+07 -1.686554e+08
-2.295559e+07 9.666638e+06
2.250037e+06 6.502806e+06
-2.712974e+10 -4.168147e+10
-1.184210e+21 9.783120e+20
1.474186e+05 -3.378653e+00
-2.968126e+07 1.138204e+08
-3.559705e+13 -1.295634e+13
5.027956e+08 -4.855270e+10
9.279094e-01 -3.746317e+06
-9.341906e+06 -1.081629e+08
-8.668461e+09 -1.120541e+11
-1.819207e+09 -5.418381e+09
1.667320e+09 1.240150e+09
-1.207571e+08 -3.860997e+08
8.116723e+07 1.362846e+08
-6.682812e+08 -1.219313e+09
-1.991103e+06 -2.366618e+00
3.170440e-01 -2.698407e+06
-3.461080e+14 1.779151e+14
2.346095e+15 2.534409e+16
-7.878722e+06 -1.100904e+01
3.297065e+09 1.885485e+09
2.872409e-01 3.227905e+06
-9.200616e+08 4.563484e+07
-3.514297e+07 2.705501e+07
7.929986e+06 3.236257e+00
-2.170685e+08 1.856461e+08
-6.998505e+11 6.893577e+11
-2.226904e+05 -1.806269e+07
-2.515095e+13 9.082911e+14
-2.287458e+11 1.043572e+12
4.749050e+06 -1.270033e+07
4.986115e+07 7.585575e+06
-8.492906e+07 -1.442718e+08
2.719896e+07 -2.026619e+06
2.222791e+00 3.607565e+06
-4.436637e+07 -1.284308e+07
6.015272e+06 1.099679e+07
-5.193761e+09 1.528344e+09
-2.056758e+12 -2.267319e+12
5.534285e+07 -1.420896e+07
1.429462e+12 2.157532e+11
2.288172e+07 -9.786957e+06
3.668529e+08 9.520234e+08
-2.074959e+08 -2.199541e+08
-1.288748e+06 -7.104183e+05
-8.987448e+06 1.867096e+06
3.042209e+08 -3.975190e+07
4.515308e+00 1.151672e+06
5.618276e+06 4.891622e+06
7.152672e+10 1.512213e+10
4.493842e+06 5.873726e+06
8.922266e+11 -1.667742e+11
-2.045716e+05 -4.927137e+04
-1.145877e+09 4.961793e+07
9.004497e+08 7.962151e+08
-1.286162e+15 1.159218e+15
-1.777221e+08 -3.316476e+08
-1.381134e+06 -1.312091e+06
4.436133e+07 1.293666e+07
5.503967e+09 2.279986e+10
-8.943614e+05 -4.595556e+00
-6.309710e+00 2.720430e+06
-1.992396e+13 6.441446e+12
-3.165723e+07 -1.918948e+07
-5.477728e+08 -1.547200e+08
1.094638e+01 1.194661e+07
1.818885e+10 -1.184838e+10
-1.513549e+14 -4.983978e+13
9.138085e+06 1.108880e+07
-4.523772e+06 1.256701e+07
-5.025685e+08 4.855262e+10
3.267385e+08 8.386729e+07
5.500171e+06 -1.016861e+06
3.183924e+06 -8.927877e+05
-4.549199e+07 2.002104e+07
-2.346120e+15 -2.534304e+16
-2.909988e+06 -4.667571e+00
4.586758e+11 -7.989272e+10
1.927782e+11 -1.380615e+09
-1.928063e+11 1.380694e+09
9.988577e+10 3.299475e+10
-1.535866e+13 5.516241e+12
5.613477e+12 1.773107e+11
6.789729e+10 1.969320e+10
-2.377483e+07 4.583267e+07
4.306437e+10 1.407866e+10
1.734491e+07 -4.150281e+08
6.198249e+06 -1.233458e+07
-3.649779e+09 -2.210282e+08
7.008523e+05 1.822129e+00
5.649942e+09 1.085906e+09
-8.975572e+07 -4.272916e+07
6.640800e+06 -2.603469e+07
-4.697787e+00 -1.173861e+07
-1.544263e+06 2.901096e+00
2.722631e+11 6.104649e+11
-8.983907e+07 7.250794e+07
-2.653884e+07 2.754259e+06
7.572814e+07 6.265699e+07
-1.334359e+07 5.794654e+07
-4.379743e+10 5.897786e+10
-7.046067e+08 1.201094e+08
2.108529e+06 -1.835948e+00
2.486566e+08 -2.439341e+08
2.515199e+13 -9.082816e+14
-1.009598e+09 -1.709815e+09
-9.783948e+08 1.996769e+09
-9.117287e+07 7.657785e+06
1.286176e+15 -1.159194e+15
-1.413571e+07 2.612106e+06
3.650097e+09 2.201852e+08
3.020218e+19 6.361080e+19
-3.267667e+08 -8.403058e+07
-8.178989e+07 -1.352477e+08
-6.561033e+06 2.610270e+07
-9.776210e+06 -1.207869e+06
8.675879e+05 6.784841e+06
-4.858887e+09 6.316435e+10
2.418228e+08 -4.221052e+08
3.374668e+11 5.277102e+12
4.379835e+10 -5.897299e+10
1.991040e+08 -7.437632e+08
5.456831e+08 1.562293e+08
-3.677175e+08 -9.502124e+08
1.180913e+06 -1.043280e+00
9.232461e+06 -9.901860e+00
8.576844e+05 1.730267e+07
-8.997154e+08 -7.954056e+08
1.193610e+08 3.870456e+08
-7.642233e+07 -6.297491e+07
2.287311e+11 -1.043520e+12
-4.936925e+07 -7.672989e+06
7.278247e+06 1.318263e+06
1.980239e+10 1.375443e+10
1.114826e+01 -1.093583e+07
9.765032e+08 -1.996542e+09
1.145874e+09 -4.962420e+07
-6.884074e+06 7.002219e+06
-7.337199e+06 -3.986240e+06
-2.014738e+07 -3.258369e+00
8.529821e+06 5.783583e+06
