2.024462e+06 1.087000e+00
8.039384e+06 -1.415671e+06
8.415075e+09 1.087610e+11
1.996857e+12 2.201357e+12
-1.508046e+12 -2.062400e+12
-5.487462e+09 -1.054177e+09
1.563767e+07 -5.599431e+07
-7.050625e+06 -5.788016e+06
-2.327553e+06 -1.537030e+07
-5.131963e+06 7.744590e+00
7.431068e+05 -1.627079e+06
-3.450335e+07 9.184364e+07
4.717325e+09 -6.132922e+10
5.042273e+09 -1.483480e+09
-5.080304e+10 -1.100222e+10
5.048055e+09 2.418723e+09
-1.346709e+06 4.361405e+07
-6.774380e+06 -2.353186e+06
1.950466e+07 -5.648826e+00
-2.417068e+08 2.364191e+08
-2.199119e+06 -4.410870e+06
-3.883920e+09 1.452491e+09
1.461066e+09 4.732386e+10
-6.944046e+10 -1.468075e+10
-5.327954e+07 1.042380e+08
-1.386764e+07 1.373111e+06
7.555349e+05 -1.422474e+05
8.832927e+07 -6.897204e+07
-2.213936e+13 -6.013602e+12
-5.063589e+00 -3.598940e+06
4.339494e+07 -1.959755e+07
-1.326559e+08 2.596138e+07
-3.270004e+10 -9.829621e+09
-3.202287e+09 -1.830793e+09
-4.085337e+07 -5.816264e+06
9.211323e+10 -5.781069e+10
3.185082e+14 6.070082e+14
7.790303e+05 1.451949e+06
5.081545e+10 1.100473e+10
1.711569e+08 1.377956e+08
9.754307e+10 -1.094694e+10
2.147368e+06 4.403781e+06
-1.594636e-01 -2.073379e+06
-1.922980e+10 -1.335939e+10
1.459650e+07 1.058583e+08
2.151536e+06 -2.041303e+06
-2.828505e+12 3.941111e+12
1.348174e+06 -1.027809e+06
1.327172e+08 -2.607680e+07
-2.049099e+09 -2.035532e+09
6.851082e+08 -1.182024e+08
3.085296e+07 1.846998e+07
7.798035e+00 -1.575672e+06
1.567810e+07 -1.762760e+06
3.456950e+13 1.258298e+13
3.882447e+09 -1.453492e+09
-4.454380e+11 7.757916e+10
5.665328e+08 1.437038e+08
4.078828e+06 1.060516e+07
-4.573002e+07 -1.376793e+08
-1.934238e+13 -2.598449e+13
-8.663218e+11 1.619521e+11
6.551936e+07 -1.312788e+08
2.038592e+08 2.263683e+08
-3.947756e+15 5.641522e+15
-3.643294e+08 1.192485e+08
2.184936e+07 -4.442557e+07
-1.388060e+12 -2.095024e+11
-9.075170e+09 -7.758219e+09
7.012651e+09 -9.847934e+08
5.112622e+06 -1.350275e+00
-1.342096e+10 -1.493552e+10
2.214221e+13 6.013602e+12
1.942573e+09 4.835956e+08
1.139119e+05 4.429205e+00
-9.698338e+10 -3.204538e+10
-3.273287e+11 -5.120505e+12
-3.268556e+09 -6.364723e+09
-3.621697e+06 3.744126e+06
-4.719135e+08 -1.487555e+08
-5.396948e+09 -2.211534e+10
1.934321e+13 2.598533e+13
-5.346798e+09 3.482512e+09
5.335468e+07 -1.043197e+08
-7.071731e+08 5.163543e+08
-2.744063e+08 -1.366755e+07
-5.148675e+00 -1.760881e+07
1.508194e+12 2.062399e+12
-2.129524e+06 -1.085464e+00
-1.696290e+05 2.148382e+00
-6.555648e+07 1.309717e+08
1.342021e+10 1.493601e+10
-2.505232e+09 -1.665375e+09
4.338578e+17 -7.064453e+17
3.270932e+10 9.833785e+09
-3.507469e+00 -3.520031e+06
9.793057e+08 1.662147e+09
2.603994e+06 -3.414451e+06
-9.572875e+04 -2.475621e+06
-1.766235e+10 1.150538e+10
-1.459310e+09 -4.733445e+10
1.458022e+12 -1.405539e+12
-1.621394e+09 -1.205021e+09
-7.122898e+11 1.076238e+12
7.567536e+04 2.219781e+06
2.385180e+07 1.462421e+08
7.123586e+11 -1.076134e+12
9.058256e+05 -1.884186e+00
3.360626e+14 -1.727552e+14
-9.211143e+10 5.780701e+10
2.462333e+11 1.386434e+12
4.634518e+07 9.304134e+00
-3.786377e+08 3.634341e+08
-7.012826e+09 9.850966e+08
1.491427e+13 -5.356568e+12
-1.942052e+09 -4.845550e+08
-3.120569e+06 9.333729e+05
3.949323e+15 -5.642491e+15
2.093753e+06 3.973662e+06
-6.592532e+10 -1.912200e+10
-4.338857e+17 7.064453e+17
-6.668928e+08 4.108482e+08
1.934429e+13 -6.251027e+12
5.346535e+09 -3.482275e+09
-1.931752e+08 7.222146e+08
6.789997e+11 -6.694377e+11
1.721753e+08 3.224839e+08
2.634237e+10 4.047130e+10
-6.880183e+06 1.188731e+07
6.103737e+08 -6.570627e+08
-3.493288e+06 -1.671030e+07
3.529155e+06 1.667811e+07
1.077495e+01 -1.734924e+07
-2.121810e+11 4.253056e+11
-1.040398e+08 3.167206e+07
-1.704848e+08 -1.354859e+08
-2.363640e+07 -3.857613e+07
9.582805e+00 1.558848e+07
3.312746e+09 6.374464e+09
-8.742104e+07 2.355534e+08
2.569543e+15 -1.216692e+16
1.470494e+07 -7.474992e+06
-4.136912e+06 -1.678509e+07
6.649383e+08 -4.106585e+08
-1.337726e+06 -4.294645e+06
-5.529880e+16 -2.057189e+17
-8.737419e+05 -8.347012e-01
8.785419e+07 -7.078525e+06
-1.323121e+09 -1.271788e+08
-6.747057e+06 -1.089493e+06
-6.104216e+08 6.570572e+08
-5.804058e+06 -6.639284e+06
-1.279427e+08 1.434236e+08
-3.701673e+11 -7.199833e+10
-9.000010e+10 3.297459e+11
-3.501432e+00 9.211867e+05
-5.449350e+12 -1.721463e+11
1.644622e+08 -6.102909e+07
6.299855e+13 -1.091248e+14
8.699972e-01 -4.123445e+07
6.065901e+06 -7.519351e+06
-2.582285e+05 -2.187737e+06
5.068659e+08 -1.167750e+08
3.913739e+05 2.193929e+06
1.319309e+06 4.250688e+06
-9.750321e+10 1.094412e+10
-7.920339e+06 -2.236416e+05
-2.461958e+11 -1.386284e+12
1.633717e+10 3.289721e+10
-2.643226e+11 -5.926494e+11
-8.821396e+15 3.627872e+14
4.015170e+06 1.736002e+07
1.278920e+08 -1.434219e+08
1.421662e+06 1.569617e+07
8.999034e+10 -3.297282e+11
-3.188170e+08 -3.012952e+08
1.469225e+14 4.838594e+13
4.728178e+08 1.488070e+08
3.857795e+09 -6.710212e+08
8.746328e+07 -2.355368e+08
1.323063e+09 1.275058e+08
3.200700e+08 -2.707796e+08
2.048868e+09 2.035166e+09
-2.347791e+08 4.099003e+08
6.483834e+08 1.183130e+09
-7.357178e+06 -3.392007e+06
4.614946e+07 6.627061e+06
-6.300058e+13 1.091330e+14
-4.610903e+07 -6.425883e+06
-7.173604e+06 -1.164157e+07
8.822059e+15 -3.628535e+14
-4.401673e+07 1.017506e+06
2.292649e+11 -5.104894e+10
-1.458034e+12 1.405662e+12
-2.275292e+07 8.287487e+07
-2.293185e+11 5.105638e+10
3.188225e+08 3.013134e+08
2.567762e+07 3.959330e+07
-5.980724e+05 -1.698056e+07
6.200023e+00 3.115368e+06
2.496611e+06 -3.211393e+06
4.614881e+08 1.560359e+08
3.701559e+11 7.198800e+10
-3.637347e+06 5.687515e+06
2.505847e+09 1.665807e+09
2.827991e+12 -3.940604e+12
-5.063473e+08 1.176826e+08
2.741060e+08 1.253473e+07
-1.633639e+10 -3.289935e+10
1.149864e+21 -9.499175e+20
1.757024e+05 4.674259e+06
5.799197e+00 2.612076e+06
2.410115e+07 -8.600806e+07
6.994565e+13 -4.866406e+13
-6.829329e+00 1.030300e+06
7.070374e+08 -5.161299e+08
-3.163100e+06 -3.113924e+05
1.456670e+07 -9.670278e+05
1.047024e+08 -3.084962e+07
-3.200479e+08 1.798823e+08
9.604335e+06 8.139223e+05
-3.185116e+14 -6.070147e+14
-3.855842e+09 6.731235e+08
2.883795e+07 -1.104727e+08
9.075911e+09 7.760162e+09
-6.234703e+07 1.874199e+06
3.160565e+07 -8.807513e+07
-9.606875e+07 1.108547e+08
-2.569543e+15 1.216600e+16
8.638695e+07 4.132780e+07
1.766253e+09 5.260826e+09
2.121622e+11 -4.252687e+11
-6.994640e+13 4.866093e+13
-4.181301e+10 -1.367302e+10
2.982987e+10 7.437591e+08
-2.982795e+10 -7.436972e+08
9.651776e+07 -1.103119e+08
-4.531765e+07 1.637100e+08
5.529880e+16 2.056946e+17
-4.316420e+06 -1.089790e+07
-4.242936e+00 -3.656826e+06
-1.678893e+07 4.025915e+08
8.895792e+08 -5.247033e+07
2.441811e+06 -1.500256e+06
-2.446304e+06 1.511073e+06
-5.049548e+09 -2.419457e+09
6.230301e+07 -3.305443e+06
2.360243e+00 2.339477e+07
-2.932933e+19 -6.176454e+19
3.439623e+07 -2.629353e+07
7.306472e+05 1.090811e+01
-5.853445e+06 -1.071120e+07
-1.635543e+08 6.111080e+07
7.197562e+06 3.485848e+06
1.876244e+06 -5.532431e+00
-5.660582e+08 -1.435921e+08
-2.245254e+06 -8.029879e+06
4.534402e+07 -1.637927e+08
-2.229363e+07 9.387879e+06
2.185127e+06 6.315277e+06
-2.634763e+10 -4.047984e+10
-1.150073e+21 9.501110e+20
1.431627e+05 -1.061901e+01
-2.882520e+07 1.105380e+08
-3.457062e+13 -1.258271e+13
4.882988e+08 -4.715278e+10
-3.683625e+00 -3.638265e+06
-9.072535e+06 -1.050445e+08
-8.418524e+09 -1.088234e+11
-1.766749e+09 -5.262145e+09
1.619243e+09 1.204389e+09
-1.172741e+08 -3.749634e+08
7.882662e+07 1.323547e+08
-6.490123e+08 -1.184155e+09
-1.933642e+06 -1.901181e+00
2.657458e+00 -2.620508e+06
-3.361275e+14 1.727830e+14
2.278460e+15 2.461346e+16
-7.651471e+06 5.485761e+00
3.202024e+09 1.831135e+09
5.862689e+00 3.134828e+06
-8.935199e+08 4.431798e+07
-3.412937e+07 2.627476e+07
7.701250e+06 9.860046e+00
-2.108080e+08 1.802921e+08
-6.796735e+11 6.694832e+11
-2.162262e+05 -1.754205e+07
-2.442595e+13 8.821094e+14
-2.221518e+11 1.013490e+12
4.612105e+06 -1.233426e+07
4.842398e+07 7.366901e+06
-8.248056e+07 -1.401126e+08
2.641484e+07 -1.968140e+06
-5.026986e+00 3.503553e+06
-4.308756e+07 -1.247284e+07
5.841816e+06 1.067998e+07
-5.044042e+09 1.484284e+09
-1.997478e+12 -2.201971e+12
5.374769e+07 -1.379960e+07
1.388268e+12 2.095358e+11
2.222241e+07 -9.504980e+06
3.562868e+08 9.246030e+08
-2.015039e+08 -2.135996e+08
-1.251657e+06 -6.899665e+05
-8.728427e+06 1.813282e+06
2.954531e+08 -3.860625e+07
3.870686e+00 1.118540e+06
5.456410e+06 4.750732e+06
6.946590e+10 1.468643e+10
4.364405e+06 5.704512e+06
8.665173e+11 -1.619685e+11
-1.987262e+05 -4.788955e+04
-1.112848e+09 4.818764e+07
8.744951e+08 7.732653e+08
-1.249089e+15 1.125804e+15
-1.725995e+08 -3.220878e+08
-1.341326e+06 -1.274272e+06
4.308262e+07 1.256375e+07
5.345307e+09 2.214285e+10
-8.686146e+05 3.001486e+00
-6.098571e+00 2.642042e+06
-1.934969e+13 6.255787e+12
-3.074476e+07 -1.863637e+07
-5.319842e+08 -1.502604e+08
-7.083662e+00 1.160225e+07
1.766450e+10 -1.150682e+10
-1.469903e+14 -4.840255e+13
8.874734e+06 1.076920e+07
-4.393387e+06 1.220476e+07
-4.880828e+08 4.715320e+10
3.173218e+08 8.145029e+07
5.341554e+06 -9.875029e+05
3.092108e+06 -8.670272e+05
-4.418033e+07 1.944396e+07
-2.278508e+15 -2.461293e+16
-2.826148e+06 7.981721e+00
4.454559e+11 -7.759009e+10
1.872205e+11 -1.340817e+09
-1.872486e+11 1.340895e+09
9.700598e+10 3.204345e+10
-1.491571e+13 5.357143e+12
5.451631e+12 1.721985e+11
6.593961e+10 1.912558e+10
-2.308953e+07 4.451157e+07
4.182260e+10 1.367265e+10
1.684430e+07 -4.030518e+08
6.019271e+06 -1.197853e+07
-3.544534e+09 -2.146547e+08
6.805528e+05 7.661669e+00
5.487046e+09 1.054597e+09
-8.716835e+07 -4.149738e+07
6.449363e+06 -2.528403e+07
7.912647e+00 -1.140011e+07
-1.499706e+06 -1.387629e+00
2.644135e+11 5.928654e+11
-8.724834e+07 7.041700e+07
-2.577348e+07 2.674833e+06
7.354361e+07 6.084952e+07
-1.295880e+07 5.627557e+07
-4.253452e+10 5.727723e+10
-6.842824e+08 1.166447e+08
2.047724e+06 -1.111887e+01
2.414892e+08 -2.369030e+08
2.442699e+13 -8.820999e+14
-9.805033e+08 -1.660542e+09
-9.501528e+08 1.939130e+09
-8.854618e+07 7.437203e+06
1.249129e+15 -1.125804e+15
-1.372849e+07 2.536874e+06
3.544964e+09 2.138408e+08
2.933185e+19 6.177713e+19
-3.173530e+08 -8.160988e+07
-7.943327e+07 -1.313495e+08
-6.372023e+06 2.535060e+07
-9.494483e+06 -1.173112e+06
8.426485e+05 6.589361e+06
-4.718852e+09 6.134391e+10
2.348483e+08 -4.099308e+08
3.277338e+11 5.124905e+12
4.253589e+10 -5.727359e+10
1.933685e+08 -7.223376e+08
5.299643e+08 1.517291e+08
-3.571223e+08 -9.228434e+08
1.146942e+06 -3.146121e+00
8.966605e+06 -9.707064e+00
8.330174e+05 1.680466e+07
-8.738190e+08 -7.725118e+08
1.159244e+08 3.758939e+08
-7.421994e+07 -6.116007e+07
2.221419e+11 -1.013449e+12
-4.794662e+07 -7.451853e+06
7.068425e+06 1.280277e+06
1.923171e+10 1.335800e+10
-2.485458e+00 -1.061988e+07
9.483150e+08 -1.938933e+09
1.112868e+09 -4.819531e+07
-6.685668e+06 6.800347e+06
-7.125859e+06 -3.871432e+06
-1.956683e+07 6.186961e+00
8.283967e+06 5.616824e+06
