1.837971e+06 -2.845084e+00
7.298547e+06 -1.285243e+06
7.639246e+09 9.873408e+10
1.812678e+12 1.998372e+12
-1.368962e+12 -1.872213e+12
-4.981115e+09 -9.568948e+08
1.419476e+07 -5.083039e+07
-6.400563e+06 -5.254563e+06
-2.113063e+06 -1.395361e+07
-4.658718e+06 -5.687669e+00
6.746107e+05 -1.477086e+06
-3.132250e+07 8.337446e+07
4.282255e+09 -5.567192e+10
4.577065e+09 -1.346609e+09
-4.611706e+10 -9.987470e+09
4.582128e+09 2.195468e+09
-1.222284e+06 3.958813e+07
-6.149634e+06 -2.136147e+06
1.770578e+07 -6.266180e+00
-2.194076e+08 2.146074e+08
-1.996502e+06 -4.004388e+06
-3.525796e+09 1.318545e+09
1.326314e+09 4.295935e+10
-6.303602e+10 -1.332665e+10
-4.836479e+07 9.462478e+07
-1.258891e+07 1.246317e+06
6.857957e+05 -1.290640e+05
8.017871e+07 -6.260853e+07
-2.009755e+13 -5.458968e+12
4.425002e+00 -3.266862e+06
3.939383e+07 -1.778986e+07
-1.204235e+08 2.356706e+07
-2.968352e+10 -8.922879e+09
-2.906889e+09 -1.661935e+09
-3.708487e+07 -5.279692e+06
8.361573e+10 -5.247779e+10
2.891355e+14 5.510308e+14
7.072690e+05 1.318011e+06
4.612888e+10 9.989999e+09
1.553659e+08 1.250857e+08
8.854657e+10 -9.937391e+09
1.949417e+06 3.997729e+06
-6.463621e+00 -1.882259e+06
-1.745590e+10 -1.212706e+10
1.325041e+07 9.609640e+07
1.953067e+06 -1.853051e+06
-2.567399e+12 3.577406e+12
1.223886e+06 -9.331948e+05
1.204824e+08 -2.367239e+07
-1.860100e+09 -1.847760e+09
6.219082e+08 -1.072948e+08
2.800609e+07 1.676578e+07
6.252299e+00 -1.430437e+06
1.423245e+07 -1.600333e+06
3.138197e+13 1.142256e+13
3.524415e+09 -1.319433e+09
-4.043549e+11 7.042570e+10
5.142848e+08 1.304499e+08
3.702663e+06 9.627017e+06
-4.151145e+07 -1.249779e+08
-1.755848e+13 -2.358791e+13
-7.864064e+11 1.470122e+11
5.947636e+07 -1.191721e+08
1.850046e+08 2.054280e+08
-3.583564e+15 5.121110e+15
-3.307208e+08 1.082488e+08
1.983387e+07 -4.032724e+07
-1.260028e+12 -1.901764e+11
-8.237348e+09 -7.041903e+09
6.365963e+09 -8.939803e+08
4.640905e+06 -7.584415e+00
-1.218324e+10 -1.355779e+10
2.009969e+13 5.458968e+12
1.763079e+09 4.389171e+08
1.034877e+05 2.577149e+00
-8.804020e+10 -2.909005e+10
-2.971453e+11 -4.648079e+12
-2.967187e+09 -5.778010e+09
-3.287831e+06 3.399056e+06
-4.283417e+08 -1.350182e+08
-4.899351e+09 -2.007593e+10
1.755910e+13 2.358875e+13
-4.853693e+09 3.161323e+09
4.843375e+07 -9.469971e+07
-6.419688e+08 4.687393e+08
-2.491027e+08 -1.240720e+07
-1.071435e+01 -1.598498e+07
1.369142e+12 1.872234e+12
-1.933244e+06 -8.707171e+00
-1.540108e+05 -8.406077e+00
-5.951147e+07 1.189004e+08
1.218264e+10 1.355843e+10
-2.274066e+09 -1.511739e+09
3.938363e+17 -6.412795e+17
2.969170e+10 8.926736e+09
-5.385494e-01 -3.195191e+06
8.889684e+08 1.508809e+09
2.363747e+06 -3.099491e+06
-8.682369e+04 -2.247319e+06
-1.603316e+10 1.044399e+10
-1.324746e+09 -4.296994e+10
1.323598e+12 -1.275953e+12
-1.471941e+09 -1.093932e+09
-6.466193e+11 9.770067e+11
6.872883e+04 2.015171e+06
2.165276e+07 1.327580e+08
6.466499e+11 -9.768913e+11
8.222814e+05 -9.939445e-01
3.050611e+14 -1.568195e+14
-8.361777e+10 5.247664e+10
2.235157e+11 1.258562e+12
4.207412e+07 -5.315655e+00
-3.437398e+08 3.299362e+08
-6.366294e+09 8.942826e+08
1.353885e+13 -4.862728e+12
-1.762659e+09 -4.397997e+08
-2.832902e+06 8.473127e+05
3.585258e+15 -5.122441e+15
1.900664e+06 3.607088e+06
-5.984804e+10 -1.735921e+10
-3.938874e+17 6.413174e+17
-6.035333e+08 3.718205e+08
1.756069e+13 -5.675270e+12
4.853673e+09 -3.161233e+09
-1.753658e+08 6.556243e+08
6.164052e+11 -6.077398e+11
1.563033e+08 2.927557e+08
2.391412e+10 3.674095e+10
-6.245420e+06 1.079035e+07
5.540914e+08 -5.964817e+08
-3.171395e+06 -1.517023e+07
3.203803e+06 1.514054e+07
9.652213e+00 -1.574915e+07
-1.925597e+11 3.859715e+11
-9.444599e+07 2.875238e+07
-1.547623e+08 -1.229925e+08
-2.145668e+07 -3.501838e+07
-8.061290e+00 1.415061e+07
3.007253e+09 5.786738e+09
-7.935948e+07 2.138286e+08
2.332500e+15 -1.104443e+16
1.334906e+07 -6.785727e+06
-3.755311e+06 -1.523656e+07
6.017567e+08 -3.716378e+08
-1.214291e+06 -3.898433e+06
-5.019147e+16 -1.867214e+17
-7.929994e+05 5.646734e+00
7.974997e+07 -6.425426e+06
-1.201104e+09 -1.154511e+08
-6.124726e+06 -9.889580e+05
-5.541366e+08 5.964766e+08
-5.268901e+06 -6.027139e+06
-1.161470e+08 1.301993e+08
-3.360375e+11 -6.536116e+10
-8.170238e+10 2.993482e+11
5.472312e+00 8.362127e+05
-4.946861e+12 -1.562724e+11
1.492939e+08 -5.540064e+07
5.718823e+13 -9.905971e+13
-2.552057e-01 -3.742987e+07
5.505978e+06 -6.825289e+06
-2.345248e+05 -1.986054e+06
4.600948e+08 -1.059986e+08
3.552909e+05 1.991630e+06
1.197775e+06 3.858983e+06
-8.851509e+10 9.935260e+09
-7.190363e+06 -2.029262e+05
-2.234835e+11 -1.258383e+12
1.483042e+10 2.986296e+10
-2.399490e+11 -5.379950e+11
-8.008022e+15 3.293322e+14
3.644993e+06 1.575936e+07
1.161059e+08 -1.302059e+08
1.290795e+06 1.424999e+07
8.169648e+10 -2.993376e+11
-2.894233e+08 -2.735176e+08
1.333730e+14 4.392316e+13
4.291472e+08 1.350602e+08
3.501944e+09 -6.091190e+08
7.939994e+07 -2.138209e+08
1.201073e+09 1.157484e+08
2.905497e+08 -2.458109e+08
1.859975e+09 1.847529e+09
-2.131216e+08 3.720839e+08
5.886012e+08 1.074045e+09
-6.678711e+06 -3.079244e+06
4.189543e+07 6.016323e+06
-5.719093e+13 9.906791e+13
-4.185762e+07 -5.833240e+06
-6.511919e+06 -1.056809e+07
8.008684e+15 -3.293985e+14
-3.995755e+07 9.236369e+05
2.081204e+11 -4.634048e+10
-1.323595e+12 1.276029e+12
-2.065460e+07 7.523269e+07
-2.081763e+11 4.634899e+10
2.894195e+08 2.735261e+08
2.330951e+07 3.594229e+07
-5.428603e+05 -1.541461e+07
6.781223e+00 2.828008e+06
2.266263e+06 -2.915192e+06
4.189386e+08 1.416509e+08
3.360301e+11 6.535170e+10
-3.302080e+06 5.163026e+06
2.274817e+09 1.512184e+09
2.566946e+12 -3.576856e+12
-4.596140e+08 1.068206e+08
2.488222e+08 1.137831e+07
-1.482999e+10 -2.986475e+10
1.043816e+21 -8.623193e+20
1.594926e+05 4.243108e+06
-4.631460e+00 2.371205e+06
2.187920e+07 -7.807833e+07
6.349530e+13 -4.417548e+13
7.001830e+00 9.352381e+05
6.418152e+08 -4.685153e+08
-2.871132e+06 -2.825534e+05
1.322313e+07 -8.777511e+05
9.504265e+07 -2.800394e+07
-2.905231e+08 1.632854e+08
8.718722e+06 7.387643e+05
-2.891389e+14 -5.510373e+14
-3.500055e+09 6.110205e+08
2.617903e+07 -1.002872e+08
8.238668e+09 7.044258e+09
-5.659981e+07 1.701298e+06
2.869160e+07 -7.995508e+07
-8.720665e+07 1.006287e+08
-2.332500e+15 1.104365e+16
7.842194e+07 3.751697e+07
1.603404e+09 4.775803e+09
1.925478e+11 -3.859529e+11
-6.349755e+13 4.417391e+13
-3.795769e+10 -1.241239e+10
2.707936e+10 6.751940e+08
-2.707808e+10 -6.751268e+08
8.761639e+07 -1.001376e+08
-4.114056e+07 1.486204e+08
5.019503e+16 1.867060e+17
-3.918391e+06 -9.892872e+06
4.939870e-01 -3.319647e+06
-1.524037e+07 3.654500e+08
8.075123e+08 -4.762863e+07
2.216745e+06 -1.361904e+06
-2.220708e+06 1.371743e+06
-4.583791e+09 -2.196297e+09
5.655756e+07 -3.000620e+06
-1.041556e+01 2.123734e+07
-2.662428e+19 -5.606810e+19
3.122375e+07 -2.386841e+07
6.632672e+05 1.069711e+01
-5.313557e+06 -9.723257e+06
-1.484718e+08 5.547432e+07
6.533778e+06 3.164227e+06
1.703182e+06 -8.630466e+00
-5.138610e+08 -1.303510e+08
-2.038117e+06 -7.289303e+06
4.116276e+07 -1.486899e+08
-2.023752e+07 8.521937e+06
1.983583e+06 5.733036e+06
-2.391769e+10 -3.674646e+10
-1.044013e+21 8.624925e+20
1.299941e+05 -2.508899e+00
-2.616785e+07 1.003470e+08
-3.138345e+13 -1.142256e+13
4.432797e+08 -4.280591e+10
9.233668e+00 -3.302707e+06
-8.236069e+06 -9.536157e+07
-7.642536e+09 -9.879417e+10
-1.603881e+09 -4.777018e+09
1.469960e+09 1.093349e+09
-1.064589e+08 -3.403800e+08
7.155718e+07 1.201491e+08
-5.891596e+08 -1.074947e+09
-1.755236e+06 -3.604844e+00
1.108282e+01 -2.378662e+06
-3.051116e+14 1.568381e+14
2.068322e+15 2.234347e+16
-6.945650e+06 -5.541673e+00
2.906670e+09 1.662236e+09
9.747022e+00 2.845605e+06
-8.110468e+08 4.022762e+07
-3.098093e+07 2.385121e+07
6.990717e+06 8.998028e-01
-1.913617e+08 1.636595e+08
-6.169927e+11 6.077421e+11
-1.962660e+05 -1.592441e+07
-2.217317e+13 8.007551e+14
-2.016673e+11 9.200482e+11
4.186957e+06 -1.119703e+07
4.395875e+07 6.687570e+06
-7.487151e+07 -1.271858e+08
2.397803e+07 -1.786485e+06
9.484716e+00 3.180304e+06
-3.911348e+07 -1.132217e+07
5.302744e+06 9.694391e+06
-4.578657e+09 1.347329e+09
-1.813236e+12 -1.998869e+12
4.878965e+07 -1.252642e+07
1.260280e+12 1.902098e+11
2.017236e+07 -8.628288e+06
3.234234e+08 8.393180e+08
-1.828690e+08 -1.938447e+08
-1.136203e+06 -6.263445e+05
-7.923321e+06 1.646069e+06
2.681988e+08 -3.504455e+07
1.672978e+00 1.015483e+06
4.953284e+06 4.312647e+06
6.306077e+10 1.333225e+10
3.961990e+06 5.178588e+06
7.866111e+11 -1.470324e+11
-1.804463e+05 -4.355054e+04
-1.010241e+09 4.374494e+07
7.938653e+08 7.019698e+08
-1.133916e+15 1.021990e+15
-1.566855e+08 -2.923898e+08
-1.217618e+06 -1.156638e+06
3.910866e+07 1.140501e+07
4.852362e+09 2.010083e+10
-7.883901e+05 7.696503e+00
6.125523e+00 2.398395e+06
-1.756567e+13 5.678957e+12
-2.790937e+07 -1.691755e+07
-4.829183e+08 -1.364015e+08
-7.997117e+00 1.053195e+07
1.603461e+10 -1.044523e+10
-1.334234e+14 -4.393562e+13
8.055974e+06 9.775565e+06
-3.988026e+06 1.107922e+07
-4.431077e+08 4.280578e+10
2.880682e+08 7.393976e+07
4.848684e+06 -8.962232e+05
2.806833e+06 -7.869055e+05
-4.010515e+07 1.765038e+07
-2.068396e+15 -2.234347e+16
-2.565373e+06 -4.289472e+00
4.043777e+11 -7.043594e+10
1.699531e+11 -1.217184e+09
-1.699813e+11 1.217242e+09
8.806085e+10 2.908856e+10
-1.354013e+13 4.863131e+12
4.948966e+12 1.563208e+11
5.985872e+10 1.736200e+10
-2.096010e+07 4.040647e+07
3.796497e+10 1.241153e+10
1.528953e+07 -3.658516e+08
5.463638e+06 -1.087263e+07
-3.217663e+09 -1.948598e+08
6.177664e+05 3.056310e+00
4.980878e+09 9.573216e+08
-7.912968e+07 -3.767037e+07
5.854519e+06 -2.295226e+07
-1.580045e-01 -1.034856e+07
-1.361418e+06 3.033959e+00
2.400285e+11 5.381920e+11
-7.920020e+07 6.392145e+07
-2.339587e+07 2.428121e+06
6.675744e+07 5.523469e+07
-1.176351e+07 5.108408e+07
-3.861078e+10 5.199416e+10
-6.211440e+08 1.058827e+08
1.858742e+06 2.172631e+00
2.192179e+08 -2.150528e+08
2.217395e+13 -8.007361e+14
-8.900752e+08 -1.507396e+09
-8.623853e+08 1.759986e+09
-8.038015e+07 6.751306e+06
1.133942e+15 -1.022002e+15
-1.246269e+07 2.303012e+06
3.218085e+09 1.941224e+08
2.662680e+19 5.608003e+19
-2.880876e+08 -7.408254e+07
-7.210602e+07 -1.192335e+08
-5.784348e+06 2.301314e+07
-8.618767e+06 -1.064874e+06
7.648388e+05 5.981581e+06
-4.283771e+09 5.568791e+10
2.131761e+08 -3.721014e+08
2.974906e+11 4.651984e+12
3.861260e+10 -5.199113e+10
1.755312e+08 -6.557135e+08
4.810856e+08 1.377352e+08
-3.241839e+08 -8.377856e+08
1.041262e+06 -2.252329e+00
8.140330e+06 2.956315e+00
7.561412e+05 1.525462e+07
-7.932250e+08 -7.012623e+08
1.052304e+08 3.412129e+08
-6.737224e+07 -5.551673e+07
2.016527e+11 -9.199742e+11
-4.352448e+07 -6.764650e+06
6.416319e+06 1.162187e+06
1.745780e+10 1.212700e+10
-3.558633e+00 -9.637399e+06
8.606736e+08 -1.759754e+09
1.010211e+09 -4.374931e+07
-6.068293e+06 6.172535e+06
-6.468357e+06 -3.514194e+06
-1.776181e+07 -2.088727e-01
7.519827e+06 5.099505e+06
