1.035624e+06 5.231193e+00
4.114084e+06 -7.243483e+05
4.306141e+09 5.565576e+10
1.021718e+12 1.126423e+12
-7.717018e+11 -1.055308e+12
-2.807039e+09 -5.392386e+08
7.999667e+06 -2.864511e+07
-3.607144e+06 -2.961078e+06
-1.190849e+06 -7.864131e+06
-2.625112e+06 1.050091e+01
3.803573e+05 -8.327931e+05
-1.765663e+07 4.699884e+07
2.413881e+09 -3.138147e+10
2.579281e+09 -7.588469e+08
-2.599388e+10 -5.629282e+09
2.581638e+09 1.237068e+09
-6.887094e+05 2.229999e+07
-3.466392e+06 -1.203991e+06
9.979103e+06 6.751448e+00
-1.236528e+08 1.209516e+08
-1.125245e+06 -2.256711e+06
-1.987173e+09 7.431779e+08
7.475356e+08 2.421244e+10
-3.552498e+10 -7.510974e+09
-2.725682e+07 5.333214e+07
-7.095734e+06 7.025295e+05
3.864265e+05 -7.272073e+04
4.517181e+07 -3.527663e+07
-1.132847e+13 -3.077025e+12
5.219608e+00 -1.840812e+06
2.220382e+07 -1.002623e+07
-6.787722e+07 1.328269e+07
-1.672888e+10 -5.028772e+09
-1.638235e+09 -9.366116e+08
-2.090055e+07 -2.975484e+06
4.712251e+10 -2.957397e+10
1.629722e+14 3.105997e+14
3.990824e+05 7.426543e+05
2.600226e+10 5.630829e+09
8.756295e+07 7.049779e+07
4.990799e+10 -5.601132e+09
1.098821e+06 2.253447e+06
1.098752e+01 -1.061344e+06
-9.837026e+09 -6.834508e+09
7.468688e+06 5.416659e+07
1.100686e+06 -1.044188e+06
-1.445767e+12 2.014575e+12
6.895983e+05 -5.257073e+05
6.790670e+07 -1.334289e+07
-1.048276e+09 -1.041267e+09
3.503861e+08 -6.044799e+07
1.578237e+07 9.447832e+06
2.927234e+00 -8.062111e+05
8.019267e+06 -9.016436e+05
1.768584e+13 6.437218e+12
1.986347e+09 -7.436627e+08
-2.279153e+11 3.969718e+10
2.898613e+08 7.352469e+07
2.086672e+06 5.425302e+06
-2.339988e+07 -7.045260e+07
-9.896851e+12 -1.329506e+13
-4.432932e+11 8.286568e+10
3.353011e+07 -6.718389e+07
1.040311e+08 1.155176e+08
-2.020292e+15 2.886864e+15
-1.864333e+08 6.101744e+07
1.117976e+07 -2.273028e+07
-7.103040e+11 -1.072029e+11
-4.639488e+09 -3.966348e+09
3.588364e+09 -5.039172e+08
2.615325e+06 -2.478769e+00
-6.867265e+09 -7.641841e+09
1.132894e+13 3.076961e+12
9.920484e+08 2.469689e+08
5.821933e+04 9.798661e+00
-4.961959e+10 -1.639498e+10
-1.673749e+11 -2.618110e+12
-1.672243e+09 -3.256281e+09
-1.853131e+06 1.915667e+06
-2.409846e+08 -7.596166e+07
-2.761050e+09 -1.131441e+10
9.895606e+12 1.329422e+13
-2.735790e+09 1.781740e+09
2.729674e+07 -5.337125e+07
-3.617607e+08 2.641594e+08
-1.403694e+08 -6.991123e+06
7.969529e-02 -9.009518e+06
7.717516e+11 1.055307e+12
-1.089274e+06 -1.072217e+01
-8.664089e+04 7.588221e+00
-3.354262e+07 6.702022e+07
6.867249e+09 7.642643e+09
-1.281518e+09 -8.519811e+08
2.219979e+17 -3.614726e+17
1.673475e+10 5.031381e+09
-1.109552e+01 -1.800594e+06
5.009317e+08 8.502696e+08
1.332186e+06 -1.746770e+06
-4.878646e+04 -1.266523e+06
-9.035015e+09 5.885350e+09
-7.467062e+08 -2.421799e+10
7.460308e+11 -7.191545e+11
-8.295742e+08 -6.165535e+08
-3.644158e+11 5.506096e+11
3.874060e+04 1.135998e+06
1.220536e+07 7.483207e+07
3.644311e+11 -5.505288e+11
4.634887e+05 3.054500e+00
1.718786e+14 -8.835058e+13
-4.712409e+10 2.957368e+10
1.259154e+11 7.090203e+11
2.371837e+07 -2.631112e+00
-1.937572e+08 1.859671e+08
-3.588414e+09 5.041035e+08
7.629423e+12 -2.740222e+12
-9.917936e+08 -2.474717e+08
-1.596504e+06 4.774149e+05
2.020842e+15 -2.887348e+15
1.070461e+06 2.031466e+06
-3.373116e+10 -9.784320e+09
-2.220304e+17 3.615104e+17
-3.313871e+08 2.041577e+08
9.897456e+12 -3.198858e+12
2.735886e+09 -1.781754e+09
-9.884428e+07 3.695320e+08
3.474516e+11 -3.425693e+11
8.809194e+07 1.650121e+08
1.347776e+10 2.070645e+10
-3.517155e+06 6.076619e+06
3.122761e+08 -3.361664e+08
-1.787371e+06 -8.550774e+06
1.805842e+06 8.533936e+06
-4.295704e+00 -8.873785e+06
-1.082551e+11 2.169937e+11
-5.321881e+07 1.620196e+07
-8.721446e+07 -6.931242e+07
-1.209227e+07 -1.973518e+07
-8.228180e-01 7.973731e+06
1.694973e+09 3.261553e+09
-4.472616e+07 1.205083e+08
1.314116e+15 -6.222463e+15
7.523751e+06 -3.824465e+06
-2.116189e+06 -8.585768e+06
3.303938e+08 -2.040361e+08
-6.842530e+05 -2.197206e+06
-2.825686e+16 -1.051190e+17
-4.467602e+05 1.471527e+00
4.494019e+07 -3.620623e+06
-6.770291e+08 -6.506924e+07
-3.450766e+06 -5.571283e+05
-3.123232e+08 3.361849e+08
-2.969756e+06 -3.397126e+06
-6.546805e+07 7.339062e+07
-1.894124e+11 -3.684145e+10
-4.605150e+10 1.687257e+11
5.561980e+00 4.712625e+05
-2.788385e+12 -8.807814e+10
8.412666e+07 -3.121719e+07
3.222438e+13 -5.582023e+13
-1.086929e+01 -2.108326e+07
3.100064e+06 -3.842923e+06
-1.321950e+05 -1.119359e+06
2.591263e+08 -5.969660e+07
2.001537e+05 1.122476e+06
6.751268e+05 2.175018e+06
-4.988806e+10 5.599428e+09
-4.052324e+06 -1.142824e+05
-1.258914e+11 -7.088563e+11
8.358175e+09 1.683004e+10
-1.352427e+11 -3.032463e+11
-4.513671e+15 1.856368e+14
2.053940e+06 8.880990e+06
6.544059e+07 -7.338668e+07
7.272937e+05 8.032085e+06
4.604855e+10 -1.687186e+11
-1.631003e+08 -1.541267e+08
7.513030e+13 2.474231e+13
2.414416e+08 7.598242e+07
1.972701e+09 -3.431223e+08
4.474729e+07 -1.205048e+08
6.768990e+08 6.523297e+07
1.637094e+08 -1.384998e+08
1.048167e+09 1.041168e+09
-1.200489e+08 2.095885e+08
3.317217e+08 6.053256e+08
-3.763511e+06 -1.734978e+06
2.361402e+07 3.390611e+06
-3.222438e+13 5.582140e+13
-2.359232e+07 -3.287803e+06
-3.669713e+06 -5.955930e+06
4.513765e+15 -1.856563e+14
-2.252164e+07 5.201923e+05
1.172918e+11 -2.611768e+10
-7.459507e+11 7.191935e+11
-1.164128e+07 4.240359e+07
-1.173371e+11 2.612496e+10
1.631011e+08 1.541487e+08
1.313723e+07 2.025633e+07
-3.060022e+05 -8.688095e+06
4.405200e+00 1.593764e+06
1.277335e+06 -1.643232e+06
2.361408e+08 7.984368e+07
1.894087e+11 3.683628e+10
-1.861187e+06 2.910102e+06
1.282028e+09 8.522295e+08
1.445617e+12 -2.014448e+12
-2.588808e+08 6.016201e+07
1.402186e+08 6.412034e+06
-8.358485e+09 -1.683182e+10
5.882881e+20 -4.860078e+20
8.995868e+04 2.390990e+06
6.978068e+00 1.336156e+06
1.233046e+07 -4.400331e+07
3.578006e+13 -2.489336e+13
4.662945e-01 5.270414e+05
3.616561e+08 -2.640187e+08
-1.617792e+06 -1.591739e+05
7.452750e+06 -4.947393e+05
5.355620e+07 -1.578068e+07
-1.636842e+08 9.200200e+07
4.913917e+06 4.163096e+05
-1.629517e+14 -3.105346e+14
-1.971660e+09 3.441978e+08
1.475214e+07 -5.651339e+07
4.639712e+09 3.967080e+09
-3.189659e+07 9.585941e+05
1.617195e+07 -4.506925e+07
-4.913391e+07 5.669614e+07
-1.314282e+15 6.222593e+15
4.420045e+07 2.114611e+07
9.037643e+08 2.692056e+09
1.082753e+11 -2.170256e+11
-3.579131e+13 2.489858e+13
-2.139419e+10 -6.995974e+09
1.526219e+10 3.805299e+08
-1.526091e+10 -3.804987e+08
4.936555e+07 -5.642244e+07
-2.319001e+07 8.377297e+07
2.826102e+16 1.051168e+17
-2.207940e+06 -5.574723e+06
-4.114930e+00 -1.870437e+06
-8.584850e+06 2.058449e+08
4.547912e+08 -2.682413e+07
1.249159e+06 -7.673442e+05
-1.251380e+06 7.729719e+05
-2.582628e+09 -1.237448e+09
3.187330e+07 -1.690759e+06
8.847938e-01 1.196983e+07
-1.500421e+19 -3.159706e+19
1.759514e+07 -1.345052e+07
3.736445e+05 5.201652e+00
-2.994485e+06 -5.479698e+06
-8.367273e+07 3.126323e+07
3.682270e+06 1.783284e+06
9.600370e+05 1.082254e+01
-2.896363e+08 -7.347052e+07
-1.148674e+06 -4.108625e+06
2.320283e+07 -8.380774e+07
-1.140495e+07 4.802477e+06
1.117830e+06 3.231078e+06
-1.347770e+10 -2.070638e+10
-5.883374e+20 4.860690e+20
7.322118e+04 -5.233206e+00
-1.474602e+07 5.654629e+07
-1.768621e+13 -6.437218e+12
2.498325e+08 -2.412569e+10
8.919231e+00 -1.861433e+06
-4.642003e+06 -5.374809e+07
-4.307693e+09 -5.568344e+10
-9.039297e+08 -2.692292e+09
8.284685e+08 6.162327e+08
-5.998414e+07 -1.917869e+08
4.032865e+07 6.771362e+07
-3.320599e+08 -6.058282e+08
-9.892800e+05 2.500037e+00
3.184341e-01 -1.340574e+06
-1.718966e+14 8.835985e+13
1.165830e+15 1.259434e+16
-3.914124e+06 -2.091817e+00
1.638146e+09 9.368423e+08
3.253501e+00 1.603758e+06
-4.567994e+08 2.265687e+07
-1.745678e+07 1.344104e+07
3.939586e+06 1.049026e+01
-1.078320e+08 9.221669e+07
-3.477538e+11 3.425471e+11
-1.104192e+05 -8.975518e+06
-1.249520e+13 4.512748e+14
-1.136594e+11 5.185256e+11
2.359794e+06 -6.310287e+06
2.477504e+07 3.769004e+06
-4.218893e+07 -7.166852e+07
1.351220e+07 -1.006710e+06
6.582390e+00 1.792348e+06
-2.204378e+07 -6.380785e+06
2.988062e+06 5.463015e+06
-2.580437e+09 7.593011e+08
-1.022083e+12 -1.126683e+12
2.749837e+07 -7.060610e+06
7.104078e+11 1.072162e+11
1.136871e+07 -4.862865e+06
1.822785e+08 4.730179e+08
-1.028207e+08 -1.089988e+08
-6.402693e+05 -3.531172e+05
-4.465981e+06 9.278564e+05
1.511298e+08 -1.974768e+07
-7.564595e+00 5.723602e+05
2.791496e+06 2.430595e+06
3.554402e+10 7.514615e+09
2.233100e+06 2.918957e+06
4.433305e+11 -8.286431e+10
-1.016080e+05 -2.442810e+04
-5.693708e+08 2.465445e+07
4.474352e+08 3.956533e+08
-6.390966e+14 5.760117e+14
-8.831033e+07 -1.647945e+08
-6.860919e+05 -6.517878e+05
2.204187e+07 6.427552e+06
2.734816e+09 1.132846e+10
-4.441180e+05 7.096324e-01
6.770888e+00 1.351653e+06
-9.899530e+12 3.200467e+12
-1.572787e+07 -9.533498e+06
-2.721492e+08 -7.687166e+07
3.853160e+00 5.935582e+06
9.035985e+09 -5.886061e+09
-7.516184e+13 -2.475062e+13
4.540177e+06 5.509578e+06
-2.247596e+06 6.244594e+06
-2.497690e+08 2.412894e+10
1.623858e+08 4.168007e+07
2.732026e+06 -5.046584e+05
1.581803e+06 -4.433109e+05
-2.260426e+07 9.947810e+06
-1.165879e+15 -1.259460e+16
-1.445561e+06 -5.401229e+00
2.279433e+11 -3.970137e+10
9.576565e+10 -6.859436e+08
-9.579378e+10 6.859830e+08
4.963452e+10 1.639534e+10
-7.630542e+12 2.740452e+12
2.789554e+12 8.810978e+10
3.373796e+10 9.785595e+09
-1.181291e+07 2.277306e+07
2.139675e+10 6.995047e+09
8.612308e+06 -2.060739e+08
3.077254e+06 -6.123391e+06
-1.813487e+09 -1.098317e+08
3.482951e+05 -8.197052e+00
2.806904e+09 5.394803e+08
-4.459880e+07 -2.123169e+07
3.300039e+06 -1.293880e+07
9.990961e+00 -5.832722e+06
-7.671760e+05 7.114197e+00
1.352882e+11 3.033416e+11
-4.463000e+07 3.602024e+07
-1.318432e+07 1.368283e+06
3.761032e+07 3.111862e+07
-6.629563e+06 2.879045e+07
-2.176007e+10 2.930253e+10
-3.499472e+08 5.965679e+07
1.047130e+06 -4.761451e+00
1.235503e+08 -1.212051e+08
1.249676e+13 -4.512654e+14
-5.016025e+08 -8.494941e+08
-4.853187e+08 9.904581e+08
-4.529674e+07 3.804428e+06
6.390966e+14 -5.759876e+14
-7.022499e+06 1.297548e+06
1.813722e+09 1.094104e+08
1.500547e+19 3.160435e+19
-1.623881e+08 -4.175839e+07
-4.063931e+07 -6.720132e+07
-3.260459e+06 1.297158e+07
-4.857796e+06 -5.999057e+05
4.309135e+05 3.371385e+06
-2.414494e+09 3.138948e+10
1.200798e+08 -2.096076e+08
1.675651e+11 2.620420e+12
2.176143e+10 -2.930194e+10
9.893200e+07 -3.695733e+08
2.711423e+08 7.762894e+07
-1.827157e+08 -4.721950e+08
5.866815e+05 1.819233e+00
4.588484e+06 7.936288e+00
4.261807e+05 8.598174e+06
-4.470985e+08 -3.952594e+08
5.929382e+07 1.922688e+08
-3.795824e+07 -3.127870e+07
1.136568e+11 -5.185050e+11
-2.453145e+07 -3.812697e+06
3.615249e+06 6.546351e+05
9.838495e+09 6.834235e+09
3.358845e+00 -5.419144e+06
4.843547e+08 -9.903460e+08
5.693928e+08 -2.465925e+07
-3.417065e+06 3.475719e+06
-3.645889e+06 -1.980673e+06
-1.001150e+07 -7.943326e+00
4.238378e+06 2.874133e+06
