7.117436e+05 6.851762e+00
2.828814e+06 -4.981224e+05
2.961166e+09 3.827719e+10
7.025973e+11 7.746121e+11
-5.307340e+11 -7.257813e+11
-1.929968e+09 -3.707627e+08
5.500569e+06 -1.969779e+07
-2.480560e+06 -2.036609e+06
-8.191653e+05 -5.408624e+06
-1.805116e+06 3.393556e+00
2.616891e+05 -5.729139e+05
-1.214339e+07 3.232166e+07
1.660046e+09 -2.158150e+10
1.773374e+09 -5.217212e+08
-1.787365e+10 -3.870640e+09
1.774487e+09 8.503022e+08
-4.732598e+05 1.532569e+07
-2.383938e+06 -8.279392e+05
6.861741e+06 -7.421191e+00
-8.501858e+07 8.316215e+07
-7.737316e+05 -1.551830e+06
-1.366517e+09 5.110496e+08
5.139962e+08 1.664688e+10
-2.442687e+10 -5.164454e+09
-1.874153e+07 3.667675e+07
-4.879868e+06 4.830876e+05
2.656102e+05 -5.003894e+04
3.105425e+07 -2.425425e+07
-7.790681e+12 -2.116200e+12
-5.592131e+00 -1.265699e+06
1.526944e+07 -6.895029e+06
-4.668320e+07 9.135721e+06
-1.150479e+10 -3.458184e+09
-1.126467e+09 -6.440358e+08
-1.437268e+07 -2.046144e+06
3.240055e+10 -2.033470e+10
1.120696e+14 2.135979e+14
2.746289e+05 5.103639e+05
1.787925e+10 3.871866e+09
6.020308e+07 4.846954e+07
3.431763e+10 -3.851556e+09
7.555828e+05 1.549528e+06
-7.309567e+00 -7.300883e+05
-6.763987e+09 -4.699521e+09
5.136181e+06 3.724993e+07
7.567556e+05 -7.179154e+05
-9.933256e+11 1.384129e+12
4.741645e+05 -3.613623e+05
4.669416e+07 -9.175034e+06
-7.207198e+08 -7.158491e+08
2.408260e+08 -4.154559e+07
1.085065e+07 6.495867e+06
1.356794e+00 -5.543913e+05
5.513294e+06 -6.199049e+05
1.216075e+13 4.426186e+12
1.365941e+09 -5.114065e+08
-1.567291e+11 2.729862e+10
1.993082e+08 5.055650e+07
1.434619e+06 3.730112e+06
-1.609118e+07 -4.844664e+07
-6.804643e+12 -9.141799e+12
-3.048326e+11 5.698058e+10
2.305925e+07 -4.620417e+07
7.135790e+07 7.923102e+07
-1.389265e+15 1.985203e+15
-1.281985e+08 4.195921e+07
7.687008e+06 -1.562996e+07
-4.884680e+11 -7.372151e+10
-3.187912e+09 -2.725183e+09
2.467715e+09 -3.465467e+08
1.798076e+06 -1.006217e+01
-4.722657e+09 -5.255507e+09
7.791156e+12 2.116136e+12
6.810229e+08 1.695412e+08
4.004432e+04 -7.093554e+00
-3.412218e+10 -1.127393e+10
-1.150180e+11 -1.799062e+12
-1.149783e+09 -2.239026e+09
-1.274294e+06 1.317284e+06
-1.653985e+08 -5.213640e+07
-1.898595e+09 -7.779664e+09
6.804228e+12 9.141242e+12
-1.881357e+09 1.225262e+09
1.877185e+07 -3.670115e+07
-2.487324e+08 1.816253e+08
-9.650401e+07 -4.806574e+06
8.691901e-01 -6.195482e+06
5.307511e+11 7.257810e+11
-7.490909e+05 -7.901121e+00
-5.956843e+04 -7.198098e+00
-2.307040e+07 4.609133e+07
4.722645e+09 5.255988e+09
-8.811295e+08 -5.858342e+08
1.526791e+17 -2.485952e+17
1.150813e+10 3.459866e+09
-3.997608e+00 -1.238186e+06
3.444122e+08 5.845894e+08
9.161712e+05 -1.201258e+06
-3.355912e+04 -8.707913e+05
-6.211395e+09 4.046024e+09
-5.134652e+08 -1.665295e+10
5.130056e+11 -4.945148e+11
-5.704051e+08 -4.239476e+08
-2.505564e+11 3.785708e+11
2.657338e+04 7.811532e+05
8.393229e+06 5.145836e+07
2.505640e+11 -3.785477e+11
3.187598e+05 -8.416154e+00
1.181505e+14 -6.073095e+13
-3.240294e+10 2.033512e+10
8.654133e+10 4.873022e+11
1.631254e+07 -6.320410e-02
-1.332483e+08 1.278962e+08
-2.467923e+09 3.467157e+08
5.245878e+12 -1.884118e+12
-6.808768e+08 -1.699033e+08
-1.097783e+06 3.283087e+05
1.389816e+15 -1.985808e+15
7.355492e+05 1.395930e+06
-2.319773e+10 -6.728976e+09
-1.527070e+17 2.486331e+17
-2.216002e+08 1.365289e+08
6.806602e+12 -2.199936e+12
1.881706e+09 -1.225271e+09
-6.797242e+07 2.541143e+08
2.389599e+11 -2.355922e+11
6.057812e+07 1.134691e+08
9.267158e+09 1.423769e+10
-2.416552e+06 4.175167e+06
2.147410e+08 -2.311766e+08
-1.229566e+06 -5.881711e+06
1.242395e+06 5.870136e+06
-9.646517e+00 -6.101337e+06
-7.425663e+10 1.488464e+11
-3.659341e+07 1.114134e+07
-5.997356e+07 -4.766209e+07
-8.315456e+06 -1.357175e+07
-4.240560e+00 5.482827e+06
1.165698e+09 2.243151e+09
-3.075931e+07 8.288076e+07
9.034325e+14 -4.277698e+15
5.174644e+06 -2.630195e+06
-1.455013e+06 -5.903203e+06
2.209336e+08 -1.364431e+08
-4.706594e+05 -1.511177e+06
-1.940974e+16 -7.220638e+16
-3.072941e+05 -2.124561e-01
3.090020e+07 -2.489439e+06
-4.655347e+08 -4.474306e+07
-2.372128e+06 -3.829502e+05
-2.147639e+08 2.311747e+08
-2.042148e+06 -2.336026e+06
-4.502093e+07 5.047027e+07
-1.302590e+11 -2.533506e+10
-3.166801e+10 1.160354e+11
-3.128906e+00 3.241021e+05
-1.917548e+12 -6.056930e+10
5.783860e+07 -2.146195e+07
2.215464e+13 -3.837787e+13
5.854209e+00 -1.448958e+07
2.129648e+06 -2.639986e+06
-9.095407e+04 -7.698733e+05
1.780644e+08 -4.102403e+07
1.377491e+05 7.720761e+05
4.644004e+05 1.496021e+06
-3.430608e+10 3.850539e+09
-2.786963e+06 -7.877757e+04
-8.652266e+10 -4.871830e+11
5.747165e+09 1.157383e+10
-9.300986e+10 -2.085561e+11
-3.104313e+15 1.276800e+14
1.412591e+06 6.106968e+06
4.500874e+07 -5.047413e+07
5.004182e+05 5.523991e+06
3.166700e+10 -1.160212e+11
-1.121375e+08 -1.059722e+08
5.163582e+13 1.700476e+13
1.657151e+08 5.215056e+07
1.355871e+09 -2.358337e+08
3.077041e+07 -8.286469e+07
4.654700e+08 4.485799e+07
1.125485e+08 -9.521124e+07
7.206790e+08 7.158605e+08
-8.249829e+07 1.440291e+08
2.280868e+08 4.162136e+08
-2.587315e+06 -1.192711e+06
1.623892e+07 2.331911e+06
-2.215329e+13 3.837553e+13
-1.622499e+07 -2.261122e+06
-2.523364e+06 -4.095463e+06
3.103840e+15 -1.276722e+14
-1.548927e+07 3.578576e+05
8.065839e+10 -1.796220e+10
-5.130043e+11 4.946113e+11
-8.005609e+06 2.916024e+07
-8.069352e+10 1.796615e+10
1.121437e+08 1.059880e+08
9.033575e+06 1.392915e+07
-2.105697e+05 -5.974755e+06
-8.997272e+00 1.095891e+06
8.783651e+05 -1.129898e+06
1.623941e+08 5.491017e+07
1.302591e+11 2.533314e+10
-1.279829e+06 2.001098e+06
8.815621e+08 5.859749e+08
9.931746e+11 -1.383960e+12
-1.778831e+08 4.134283e+07
9.640602e+07 4.408360e+06
-5.747663e+09 -1.157419e+10
4.045452e+20 -3.342138e+20
6.191022e+04 1.643974e+06
-8.813657e+00 9.187400e+05
8.480043e+06 -3.025873e+07
2.460034e+13 -1.711611e+13
8.309092e+00 3.624104e+05
2.486552e+08 -1.815337e+08
-1.112388e+06 -1.094243e+05
5.125275e+06 -3.403156e+05
3.682194e+07 -1.085039e+07
-1.125348e+08 6.325021e+07
3.379373e+06 2.862375e+05
-1.120526e+14 -2.135328e+14
-1.355114e+09 2.365689e+08
1.014276e+07 -3.885487e+07
3.187933e+09 2.725764e+09
-2.193076e+07 6.590052e+05
1.112168e+07 -3.099200e+07
-3.377306e+07 3.896990e+07
-9.034049e+14 4.277307e+15
3.039215e+07 1.453990e+07
6.214267e+08 1.851053e+09
7.426100e+10 -1.488463e+11
-2.460934e+13 1.711976e+13
-1.471050e+10 -4.810374e+09
1.049405e+10 2.616498e+08
-1.049373e+10 -2.616392e+08
3.393685e+07 -3.878794e+07
-1.594780e+07 5.761252e+07
1.941212e+16 7.220417e+16
-1.518017e+06 -3.832764e+06
-6.302967e+00 -1.285881e+06
-5.899477e+06 1.414551e+08
3.125037e+08 -1.843092e+07
8.589214e+05 -5.276310e+05
-8.605137e+05 5.315298e+05
-1.775218e+09 -8.505915e+08
2.191451e+07 -1.162613e+06
5.687171e+00 8.230961e+06
-1.031661e+19 -2.172517e+19
1.209768e+07 -9.247793e+06
2.569368e+05 -9.451416e+00
-2.058947e+06 -3.767498e+06
-5.753041e+07 2.149659e+07
2.531958e+06 1.226215e+06
6.601958e+05 -6.151468e+00
-1.991610e+08 -5.051916e+07
-7.899271e+05 -2.825421e+06
1.595597e+07 -5.763621e+07
-7.842293e+06 3.302465e+06
7.688280e+05 2.221927e+06
-9.266837e+09 -1.423721e+10
-4.045575e+20 3.342342e+20
5.035503e+04 -5.544683e+00
-1.013902e+07 3.888020e+07
-1.216186e+13 -4.426456e+12
1.718043e+08 -1.659071e+10
-9.239943e+00 -1.279956e+06
-3.192414e+06 -3.696229e+07
-2.962510e+09 -3.829447e+10
-6.215961e+08 -1.851360e+09
5.696979e+08 4.237407e+08
-4.123680e+07 -1.318462e+08
2.772983e+07 4.656115e+07
-2.283459e+08 -4.166163e+08
-6.802147e+05 6.894862e+00
-1.007496e+01 -9.217198e+05
-1.181577e+14 6.073465e+13
8.017598e+14 8.661494e+15
-2.691212e+06 -1.468162e+00
1.126444e+09 6.441834e+08
7.296170e+00 1.102697e+06
-3.138788e+08 1.556808e+07
-1.200083e+07 9.241334e+06
2.708726e+06 -2.226572e+00
-7.414225e+07 6.340302e+07
-2.391518e+11 2.355734e+11
-7.604228e+04 -6.172403e+06
-8.592052e+12 3.103023e+14
-7.815514e+10 3.565624e+11
1.622775e+06 -4.339523e+06
1.703732e+07 2.591953e+06
-2.900643e+07 -4.927413e+07
9.290391e+06 -6.921192e+05
-1.053950e+01 1.232465e+06
-1.515802e+07 -4.387601e+06
2.054415e+06 3.756011e+06
-1.774236e+09 5.221131e+08
-7.028759e+11 -7.748012e+11
1.890870e+07 -4.855289e+06
4.885868e+11 7.374162e+10
7.818156e+06 -3.343983e+06
1.253493e+08 3.252786e+08
-7.053596e+07 -7.477806e+07
-4.402981e+05 -2.428634e+05
-3.071351e+06 6.381742e+05
1.039125e+08 -1.357779e+07
7.057753e+00 3.935806e+05
1.919708e+06 1.671425e+06
2.444527e+10 5.168099e+09
1.535653e+06 2.007500e+06
3.048699e+11 -5.698485e+10
-6.985213e+04 -1.687483e+04
-3.915409e+08 1.695371e+07
3.076856e+08 2.720739e+08
-4.394626e+14 3.960873e+14
-6.072429e+07 -1.133179e+08
-4.718393e+05 -4.483222e+05
1.515694e+07 4.419995e+06
1.880588e+09 7.789828e+09
-3.055045e+05 -1.092604e+01
-9.735218e+00 9.296659e+05
-6.807431e+12 2.200807e+12
-1.081524e+07 -6.555667e+06
-1.871426e+08 -5.286116e+07
-7.563217e+00 4.081690e+06
6.212666e+09 -4.046821e+09
-5.165947e+13 -1.701099e+13
3.121943e+06 3.788627e+06
-1.545545e+06 4.293915e+06
-1.717616e+08 1.659338e+10
1.116796e+08 2.866516e+07
1.878314e+06 -3.469436e+05
1.088009e+06 -3.049403e+05
-1.554478e+07 6.840939e+06
-8.018331e+14 -8.662022e+15
-9.940860e+05 6.709119e-01
1.567621e+11 -2.730390e+10
6.586298e+10 -4.716591e+08
-6.586701e+10 4.716619e+08
3.413212e+10 1.127504e+10
-5.246357e+12 1.884233e+12
1.918425e+12 6.059532e+10
2.320227e+10 6.729686e+09
-8.123627e+06 1.566028e+07
1.471341e+10 4.810186e+09
5.918822e+06 -1.416255e+08
2.114673e+06 -4.207820e+06
-1.247126e+09 -7.553370e+07
2.396439e+05 -5.194440e+00
1.929982e+09 3.709232e+08
-3.066949e+07 -1.460036e+07
2.269731e+06 -8.899099e+06
-8.733690e-01 -4.011074e+06
-5.275351e+05 -3.265550e+00
9.304393e+10 2.086133e+11
-3.068558e+07 2.476590e+07
-9.064879e+06 9.408132e+05
2.585249e+07 2.139093e+07
-4.558635e+06 1.979731e+07
-1.496295e+10 2.014960e+10
-2.405599e+08 4.100963e+07
7.198066e+05 3.164106e+00
8.496070e+07 -8.334700e+07
8.593097e+12 -3.103117e+14
-3.449097e+08 -5.841253e+08
-3.332185e+08 6.800391e+08
-3.114695e+07 2.615844e+06
4.395028e+14 -3.961114e+14
-4.828607e+06 8.922123e+05
1.247309e+09 7.524004e+07
1.031850e+19 2.173180e+19
-1.116859e+08 -2.872054e+07
-2.794574e+07 -4.621163e+07
-2.242474e+06 8.921521e+06
-3.340635e+06 -4.125414e+05
2.963844e+05 2.318636e+06
-1.660540e+09 2.158816e+10
8.252838e+07 -1.440648e+08
1.151660e+11 1.800987e+12
1.496387e+10 -2.014900e+10
6.802905e+07 -2.541257e+08
1.864388e+08 5.338189e+07
-1.256460e+08 -3.246855e+08
4.033659e+05 -1.077563e+01
3.155501e+06 -6.929160e+00
2.930226e+05 5.912509e+06
-3.074411e+08 -2.717945e+08
4.076053e+07 1.321720e+08
-2.609115e+07 -2.149983e+07
7.815501e+10 -3.565415e+11
-1.686890e+07 -2.621594e+06
2.485027e+06 4.499063e+05
6.764210e+09 4.698760e+09
-4.276718e+00 -3.717157e+06
3.325438e+08 -6.799335e+08
3.915478e+08 -1.695717e+07
-2.347501e+06 2.387887e+06
-2.506970e+06 -1.361932e+06
-6.884650e+06 1.661740e+00
2.914468e+06 1.976422e+06
