1.126596e+06 -7.809838e+00
4.474787e+06 -7.878461e+05
4.683856e+09 6.053740e+10
1.111366e+12 1.225271e+12
-8.393921e+11 -1.147913e+12
-3.053443e+09 -5.865847e+08
8.702236e+06 -3.116033e+07
-3.924112e+06 -3.221302e+06
-1.295510e+06 -8.554720e+06
-2.855734e+06 7.054004e+00
4.136758e+05 -9.058608e+05
-1.920615e+07 5.112312e+07
2.625750e+09 -3.413580e+10
2.805800e+09 -8.255082e+08
-2.827610e+10 -6.123557e+09
2.808508e+09 1.345763e+09
-7.492726e+05 2.426072e+07
-3.770786e+06 -1.309790e+06
1.085561e+07 7.746262e+00
-1.345135e+08 1.315748e+08
-1.224059e+06 -2.454943e+06
-2.161653e+09 8.084299e+08
8.131484e+08 2.633785e+10
-3.864490e+10 -8.170387e+09
-2.964984e+07 5.801292e+07
-7.718503e+06 7.640664e+05
4.202611e+05 -7.906250e+04
4.914137e+07 -3.837546e+07
-1.232254e+13 -3.347023e+12
4.744569e+00 -2.002351e+06
2.415243e+07 -1.090607e+07
-7.383267e+07 1.444810e+07
-1.819838e+10 -5.470388e+09
-1.782105e+09 -1.018861e+09
-2.273617e+07 -3.236881e+06
5.126161e+10 -3.217160e+10
1.772845e+14 3.378756e+14
4.340883e+05 8.079522e+05
2.828560e+10 6.125331e+09
9.525474e+07 7.669025e+07
5.429066e+10 -6.092643e+09
1.195162e+06 2.451093e+06
2.017885e+00 -1.154315e+06
-1.070078e+10 -7.434413e+09
8.123789e+06 5.891692e+07
1.197180e+06 -1.135740e+06
-1.572890e+12 2.191711e+12
7.501157e+05 -5.718248e+05
7.386749e+07 -1.451387e+07
-1.140303e+09 -1.132697e+09
3.811701e+08 -6.575785e+07
1.716764e+07 1.027704e+07
-3.487700e+00 -8.769378e+05
8.723674e+06 -9.808215e+05
1.923864e+13 7.002449e+12
2.160722e+09 -8.089463e+08
-2.479219e+11 4.317949e+10
3.152927e+08 7.997515e+07
2.269712e+06 5.901484e+06
-2.545295e+07 -7.663347e+07
-1.076546e+13 -1.446228e+13
-4.822056e+11 9.014109e+10
3.647217e+07 -7.307807e+07
1.132105e+08 1.257102e+08
-2.197560e+15 3.140203e+15
-2.027921e+08 6.637147e+07
1.216074e+07 -2.472433e+07
-7.726015e+11 -1.166099e+11
-5.047195e+09 -4.315137e+09
3.903286e+09 -5.481410e+08
2.844939e+06 -2.681838e+00
-7.469937e+09 -8.312531e+09
1.232349e+13 3.346959e+12
1.079458e+09 2.687288e+08
6.335425e+04 -2.019611e-01
-5.397626e+10 -1.783433e+10
-1.820833e+11 -2.848220e+12
-1.819017e+09 -3.542057e+09
-2.015676e+06 2.083770e+06
-2.622175e+08 -8.265602e+07
-3.003420e+09 -1.230718e+10
1.076442e+13 1.446116e+13
-2.975891e+09 1.938190e+09
2.969310e+07 -5.805650e+07
-3.935017e+08 2.873410e+08
-1.526899e+08 -7.604738e+06
-5.346849e+00 -9.799647e+06
8.394259e+11 1.147846e+12
-1.184777e+06 -2.994302e+00
-9.417669e+04 -6.015373e+00
-3.648565e+07 7.290140e+07
7.469919e+09 8.313654e+09
-1.394065e+09 -9.267445e+08
2.414689e+17 -3.931767e+17
1.820322e+10 5.472882e+09
-6.015364e+00 -1.958572e+06
5.449341e+08 9.249147e+08
1.449124e+06 -1.900120e+06
-5.305610e+04 -1.377641e+06
-9.828394e+09 6.402163e+09
-8.122509e+08 -2.634492e+10
8.115149e+11 -7.822972e+11
-9.024227e+08 -6.707086e+08
-3.964144e+11 5.989554e+11
4.221620e+04 1.235705e+06
1.327638e+07 8.139688e+07
3.964068e+11 -5.988516e+11
5.040539e+05 -9.812479e+00
1.869575e+14 -9.610528e+13
-5.125731e+10 3.216818e+10
1.369730e+11 7.712823e+11
2.579794e+07 -1.113504e+01
-2.107553e+08 2.022854e+08
-3.903258e+09 5.483380e+08
8.299375e+12 -2.980851e+12
-1.079163e+09 -2.692636e+08
-1.736488e+06 5.192898e+05
2.198195e+15 -3.140747e+15
1.164478e+06 2.210053e+06
-3.669203e+10 -1.064316e+10
-2.415154e+17 3.932221e+17
-3.622379e+08 2.231678e+08
1.076612e+13 -3.479560e+12
2.976038e+09 -1.938204e+09
-1.075200e+08 4.019673e+08
3.779551e+11 -3.726429e+11
9.582667e+07 1.794940e+08
1.466109e+10 2.252453e+10
-3.826408e+06 6.610756e+06
3.396906e+08 -3.656783e+08
-1.944202e+06 -9.301192e+06
1.964308e+06 9.282897e+06
5.938499e+00 -9.653219e+06
-1.178101e+11 2.361416e+11
-5.789135e+07 1.762455e+07
-9.487097e+07 -7.539567e+07
-1.315349e+07 -2.146671e+07
1.057065e+01 8.673481e+06
1.843651e+09 3.547827e+09
-4.865147e+07 1.310866e+08
1.429537e+15 -6.768954e+15
8.184068e+06 -4.160166e+06
-2.301988e+06 -9.339619e+06
3.611509e+08 -2.230316e+08
-7.443363e+05 -2.389938e+06
-3.074194e+16 -1.143671e+17
-4.859491e+05 9.398266e+00
4.888528e+07 -3.938457e+06
-7.364201e+08 -7.077747e+07
-3.753628e+06 -6.059873e+05
-3.397194e+08 3.656824e+08
-3.230321e+06 -3.695062e+06
-7.121094e+07 7.982899e+07
-2.060247e+11 -4.007319e+10
-5.009131e+10 1.835215e+11
-9.699956e+00 5.126204e+05
-3.032937e+12 -9.580277e+10
9.150969e+07 -3.395678e+07
3.505251e+13 -6.071930e+13
4.921762e+00 -2.293551e+07
3.372720e+06 -4.180758e+06
-1.437380e+05 -1.217574e+06
2.819053e+08 -6.494442e+07
2.176977e+05 1.220935e+06
7.342677e+05 2.365809e+06
-5.426654e+10 6.090944e+09
-4.408036e+06 -1.243382e+05
-1.369542e+11 -7.711480e+11
9.091837e+09 1.830712e+10
-1.471092e+11 -3.298521e+11
-4.909763e+15 2.019246e+14
2.234318e+06 9.660719e+06
7.118348e+07 -7.982863e+07
7.912200e+05 8.737297e+06
5.009028e+10 -1.835285e+11
-1.774192e+08 -1.676617e+08
8.173398e+13 2.691737e+13
2.627257e+08 8.268233e+07
2.146135e+09 -3.732814e+08
4.867528e+07 -1.310848e+08
7.363261e+08 7.095987e+07
1.780920e+08 -1.506675e+08
1.140218e+09 1.132585e+09
-1.306005e+08 2.280106e+08
3.608549e+08 6.584530e+08
-4.093913e+06 -1.887296e+06
2.568577e+07 3.688177e+06
-3.505453e+13 6.072282e+13
-2.566262e+07 -3.576443e+06
-3.991968e+06 -6.478783e+06
4.910047e+15 -2.019519e+14
-2.449832e+07 5.658847e+05
1.275899e+11 -2.841058e+10
-8.114502e+11 7.823370e+11
-1.266234e+07 4.612277e+07
-1.276328e+11 2.841679e+10
1.774161e+08 1.676803e+08
1.429024e+07 2.203420e+07
-3.327974e+05 -9.450722e+06
-6.194944e+00 1.733654e+06
1.389329e+06 -1.787358e+06
2.568613e+08 8.684960e+07
2.060250e+11 4.006874e+10
-2.024458e+06 3.165324e+06
1.394572e+09 9.270309e+08
1.572709e+12 -2.191542e+12
-2.816332e+08 6.545008e+07
1.525280e+08 6.974757e+06
-9.091968e+09 -1.830890e+10
6.399245e+20 -5.286455e+20
9.777713e+04 2.600776e+06
-5.317428e+00 1.453367e+06
1.341214e+07 -4.786436e+07
3.892122e+13 -2.707868e+13
-5.194709e+00 5.732365e+05
3.934026e+08 -2.871864e+08
-1.759698e+06 -1.730358e+05
8.106642e+06 -5.380516e+05
5.825792e+07 -1.716545e+07
-1.780620e+08 1.000823e+08
5.344962e+06 4.527630e+05
-1.772537e+14 -3.378040e+14
-2.144961e+09 3.744547e+08
1.604781e+07 -6.147693e+07
5.047910e+09 4.316078e+09
-3.469834e+07 1.042855e+06
1.759188e+07 -4.902339e+07
-5.344996e+07 6.167652e+07
-1.429729e+15 6.769215e+15
4.807963e+07 2.300188e+07
9.830385e+08 2.928192e+09
1.178258e+11 -2.361689e+11
-3.893097e+13 2.708285e+13
-2.327185e+10 -7.609937e+09
1.660162e+10 4.139271e+08
-1.660034e+10 -4.138864e+08
5.369909e+07 -6.137332e+07
-2.522277e+07 9.111659e+07
3.074610e+16 1.143604e+17
-2.401657e+06 -6.063882e+06
-1.060975e+01 -2.034511e+06
-9.338669e+06 2.239210e+08
4.947409e+08 -2.918110e+07
1.358743e+06 -8.347005e+05
-1.361239e+06 8.408731e+05
-2.809439e+09 -1.346121e+09
3.467081e+07 -1.839157e+06
6.358762e+00 1.302045e+07
-1.632182e+19 -3.437142e+19
1.914026e+07 -1.463168e+07
4.064625e+05 -2.443834e+00
-3.257410e+06 -5.960815e+06
-9.102020e+07 3.400838e+07
4.005655e+06 1.939919e+06
1.044328e+06 6.336476e+00
-3.150641e+08 -7.992094e+07
-1.249506e+06 -4.469313e+06
2.523970e+07 -9.116420e+07
-1.240660e+07 5.224244e+06
1.216027e+06 3.514775e+06
-1.466159e+10 -2.252531e+10
-6.400109e+20 5.287575e+20
7.972761e+04 7.886968e+00
-1.604133e+07 6.151316e+07
-1.923938e+13 -7.002584e+12
2.717688e+08 -2.624402e+10
4.107291e+00 -2.024890e+06
-5.049543e+06 -5.846678e+07
-4.685894e+09 -6.057204e+10
-9.833082e+08 -2.928705e+09
9.012173e+08 6.703449e+08
-6.525460e+07 -2.086382e+08
4.387029e+07 7.366023e+07
-3.612172e+08 -6.590289e+08
-1.076115e+06 9.249474e+00
-3.328018e+00 -1.458335e+06
-1.870043e+14 9.612381e+13
1.268175e+15 1.369992e+16
-4.257950e+06 9.570331e+00
1.782012e+09 1.019113e+09
-9.208803e-01 1.744572e+06
-4.969571e+08 2.464953e+07
-1.899062e+07 1.462140e+07
4.285564e+06 6.203162e+00
-1.173031e+08 1.003164e+08
-3.782781e+11 3.726138e+11
-1.201950e+05 -9.763273e+06
-1.359212e+13 4.908784e+14
-1.236313e+11 5.640183e+11
2.566714e+06 -6.864099e+06
2.694943e+07 4.099757e+06
-4.589341e+07 -7.796128e+07
1.469820e+07 -1.095054e+06
3.236631e+00 1.949684e+06
-2.397853e+07 -6.940889e+06
3.250326e+06 5.942506e+06
-2.806909e+09 8.259640e+08
-1.111773e+12 -1.225555e+12
2.991243e+07 -7.680383e+06
7.727499e+11 1.166254e+11
1.236658e+07 -5.289765e+06
1.982804e+08 5.145451e+08
-1.118955e+08 -1.186191e+08
-6.965243e+05 -3.840271e+05
-4.857940e+06 1.009252e+06
1.644068e+08 -2.148213e+07
5.064631e+00 6.226319e+05
3.036673e+06 2.644018e+06
3.866392e+10 8.174228e+09
2.429136e+06 3.175176e+06
4.822523e+11 -9.013960e+10
-1.105807e+05 -2.663237e+04
-6.193679e+08 2.681848e+07
4.867046e+08 4.303766e+08
-6.951763e+14 6.265548e+14
-9.606103e+07 -1.792584e+08
-7.463890e+05 -7.090381e+05
2.397663e+07 6.991803e+06
2.974755e+09 1.232216e+10
-4.831287e+05 2.598230e+00
-6.174995e+00 1.470248e+06
-1.076882e+13 3.481504e+12
-1.710914e+07 -1.037083e+07
-2.960434e+08 -8.361908e+07
-3.742393e+00 6.456294e+06
9.828954e+09 -6.402726e+09
-8.176394e+13 -2.692463e+13
4.938634e+06 5.992858e+06
-2.444752e+06 6.792359e+06
-2.716860e+08 2.624627e+10
1.766333e+08 4.533702e+07
2.971934e+06 -5.489864e+05
1.720619e+06 -4.822408e+05
-2.458804e+07 1.082087e+07
-1.268175e+15 -1.369965e+16
-1.572501e+06 -8.900131e+00
2.479451e+11 -4.318528e+10
1.041745e+11 -7.461572e+08
-1.042026e+11 7.461988e+08
5.399009e+10 1.783414e+10
-8.300334e+12 2.981023e+12
3.034282e+12 9.584182e+10
3.669887e+10 1.064442e+10
-1.284968e+07 2.477231e+07
2.327534e+10 7.609260e+09
9.369507e+06 -2.241961e+08
3.347967e+06 -6.662097e+06
-1.972742e+09 -1.194761e+08
3.789431e+05 -9.281379e+00
3.053485e+09 5.868736e+08
-4.851443e+07 -2.309586e+07
3.589774e+06 -1.407436e+07
-9.086362e+00 -6.344943e+06
-8.346084e+05 -1.618242e+00
1.471632e+11 3.299728e+11
-4.855029e+07 3.918426e+07
-1.434140e+07 1.488473e+06
4.091590e+07 3.385293e+07
-7.211794e+06 3.131828e+07
-2.367108e+10 3.187589e+10
-3.807016e+08 6.489946e+07
1.139138e+06 -1.580530e-02
1.343998e+08 -1.318482e+08
1.359421e+13 -4.908973e+14
-5.456599e+08 -9.241080e+08
-5.280849e+08 1.077739e+09
-4.927581e+07 4.138693e+06
6.952164e+14 -6.265668e+14
-7.639470e+06 1.411577e+06
1.972980e+09 1.190175e+08
1.632340e+19 3.438003e+19
-1.766432e+08 -4.542402e+07
-4.420790e+07 -7.310221e+07
-3.546625e+06 1.411015e+07
-5.284356e+06 -6.526415e+05
4.688107e+05 3.667480e+06
-2.626469e+09 3.414513e+10
1.306375e+08 -2.280364e+08
1.822982e+11 2.850749e+12
2.367200e+10 -3.187530e+10
1.076184e+08 -4.020217e+08
2.949481e+08 8.444450e+07
-1.987560e+08 -5.136447e+08
6.382463e+05 5.795306e+00
4.991015e+06 -3.001171e+00
4.635356e+05 9.352460e+06
-4.863367e+08 -4.299481e+08
6.450096e+07 2.091537e+08
-4.129293e+07 -3.402659e+07
1.236335e+11 -5.640196e+11
-2.668518e+07 -4.147476e+06
3.932900e+06 7.122182e+05
1.070225e+10 7.434259e+09
-8.325672e+00 -5.897416e+06
5.270293e+08 -1.077613e+09
6.193790e+08 -2.682303e+07
-3.717597e+06 3.781411e+06
-3.965980e+06 -2.154518e+06
-1.088999e+07 -6.983279e+00
4.610344e+06 3.126382e+06
