1.085780e+06 3.562364e+00
4.313262e+06 -7.593488e+05
4.514539e+09 5.834976e+10
1.071189e+12 1.180982e+12
-8.090649e+11 -1.106443e+12
-2.943014e+09 -5.653711e+08
8.387571e+06 -3.003376e+07
-3.782161e+06 -3.104761e+06
-1.248694e+06 -8.245644e+06
-2.752540e+06 -6.835243e-02
3.987944e+05 -8.731524e+05
-1.851244e+07 4.927665e+07
2.530895e+09 -3.290267e+10
2.704386e+09 -7.956705e+08
-2.725433e+10 -5.902267e+09
2.706937e+09 1.297099e+09
-7.221276e+05 2.338260e+07
-3.634475e+06 -1.262394e+06
1.046315e+07 -2.067360e+00
-1.296508e+08 1.268184e+08
-1.179796e+06 -2.366222e+06
-2.083556e+09 7.792231e+08
7.837817e+08 2.538657e+10
-3.724768e+10 -7.875162e+09
-2.857819e+07 5.591627e+07
-7.439618e+06 7.365255e+05
4.050982e+05 -7.622421e+04
4.736363e+07 -3.698767e+07
-1.187714e+13 -3.226114e+12
-2.533948e+01 -1.930116e+06
2.328133e+07 -1.051278e+07
-7.116942e+07 1.392698e+07
-1.754098e+10 -5.272826e+09
-1.717743e+09 -9.820658e+08
-2.191477e+07 -3.119925e+06
4.940939e+10 -3.100918e+10
1.708798e+14 3.256698e+14
4.184187e+05 7.787394e+05
2.726382e+10 5.904045e+09
9.181268e+07 7.391915e+07
5.232944e+10 -5.872655e+09
1.152032e+06 2.362609e+06
1.008058e+01 -1.112663e+06
-1.031428e+10 -7.165910e+09
7.830482e+06 5.678975e+07
1.153974e+06 -1.094723e+06
-1.515993e+12 2.112429e+12
7.230137e+05 -5.511787e+05
7.120101e+07 -1.399004e+07
-1.099136e+09 -1.091785e+09
3.673952e+08 -6.338128e+07
1.654762e+07 9.905884e+06
4.583190e+00 -8.452774e+05
8.408366e+06 -9.453691e+05
1.854360e+13 6.749451e+12
2.082671e+09 -7.797253e+08
-2.389669e+11 4.162052e+10
3.039074e+08 7.708735e+07
2.187738e+06 5.688286e+06
-2.453404e+07 -7.386705e+07
-1.037639e+13 -1.393970e+13
-4.647842e+11 8.688461e+10
3.515498e+07 -7.043854e+07
1.090998e+08 1.211457e+08
-2.118200e+15 3.026815e+15
-1.954702e+08 6.397512e+07
1.172166e+07 -2.383160e+07
-7.447120e+11 -1.123983e+11
-4.864725e+09 -4.158982e+09
3.762293e+09 -5.283416e+08
2.742104e+06 5.560109e+00
-7.200260e+09 -8.012418e+09
1.187833e+13 3.226114e+12
1.040324e+09 2.589867e+08
6.103115e+04 -6.225425e+00
-5.202621e+10 -1.719008e+10
-1.755079e+11 -2.745344e+12
-1.753398e+09 -3.414294e+09
-1.943031e+06 2.008606e+06
-2.527249e+08 -7.966228e+07
-2.895063e+09 -1.186323e+10
1.037556e+13 1.393887e+13
-2.868427e+09 1.868163e+09
2.862080e+07 -5.596000e+07
-3.793002e+08 2.769661e+08
-1.471758e+08 -7.330114e+06
-4.164677e-01 -9.446143e+06
8.091310e+11 1.106421e+12
-1.141971e+06 9.880380e+00
-9.077402e+04 -4.031013e+00
-3.516806e+07 7.026766e+07
7.200099e+09 8.013381e+09
-1.343677e+09 -8.932483e+08
2.327453e+17 -3.789723e+17
1.754546e+10 5.275124e+09
3.827264e+00 -1.887758e+06
5.252338e+08 8.914974e+08
1.396775e+06 -1.831466e+06
-5.113556e+04 -1.327936e+06
-9.473382e+09 6.170905e+09
-7.829217e+08 -2.539313e+10
7.822128e+11 -7.540495e+11
-8.698331e+08 -6.464745e+08
-3.820960e+11 5.773222e+11
4.064384e+04 1.191100e+06
1.279728e+07 7.846107e+07
3.821037e+11 -5.772414e+11
4.859110e+05 -5.356234e+00
1.802149e+14 -9.263568e+13
-4.940704e+10 3.100701e+10
1.320242e+11 7.434169e+11
2.486776e+07 -6.566138e+00
-2.031496e+08 1.949856e+08
-3.762417e+09 5.285550e+08
7.999752e+12 -2.873234e+12
-1.040080e+09 -2.595129e+08
-1.673899e+06 5.005645e+05
2.118835e+15 -3.027359e+15
1.122446e+06 2.130174e+06
-3.536713e+10 -1.025885e+10
-2.327965e+17 3.790405e+17
-3.484372e+08 2.146614e+08
1.037733e+13 -3.353998e+12
2.868577e+09 -1.868214e+09
-1.036370e+08 3.874500e+08
3.643017e+11 -3.591819e+11
9.236459e+07 1.730088e+08
1.413130e+10 2.171056e+10
-3.688016e+06 6.371804e+06
3.274169e+08 -3.524656e+08
-1.873987e+06 -8.965221e+06
1.893337e+06 8.947567e+06
-1.462545e+00 -9.304246e+06
-1.135312e+11 2.275694e+11
-5.580001e+07 1.698818e+07
-9.144594e+07 -7.267375e+07
-1.267865e+07 -2.069218e+07
-5.854259e+00 8.360482e+06
1.777146e+09 3.419697e+09
-4.689460e+07 1.263531e+08
1.377905e+15 -6.524488e+15
7.888616e+06 -4.009936e+06
-2.218881e+06 -9.002186e+06
3.473848e+08 -2.145296e+08
-7.174110e+05 -2.303656e+06
-2.962915e+16 -1.102279e+17
-4.683620e+05 1.732923e+00
4.711955e+07 -3.796200e+06
-7.098396e+08 -6.822274e+07
-3.618060e+06 -5.841305e+05
-3.274582e+08 3.524839e+08
-3.113686e+06 -3.561602e+06
-6.863853e+07 7.694505e+07
-1.985859e+11 -3.862562e+10
-4.828179e+10 1.768945e+11
-4.289424e+00 4.940835e+05
-2.923461e+12 -9.234478e+10
8.820541e+07 -3.273065e+07
3.378678e+13 -5.852672e+13
5.035527e+00 -2.210673e+07
3.250732e+06 -4.029572e+06
-1.385955e+05 -1.173613e+06
2.717100e+08 -6.259691e+07
2.098801e+05 1.176913e+06
7.078518e+05 2.280455e+06
-5.230637e+10 5.870836e+09
-4.248738e+06 -1.198441e+05
-1.320028e+11 -7.432677e+11
8.763468e+09 1.764621e+10
-1.417996e+11 -3.179475e+11
-4.732576e+15 1.946367e+14
2.153678e+06 9.311967e+06
6.861388e+07 -7.694609e+07
7.626618e+05 8.421807e+06
4.828270e+10 -1.769051e+11
-1.710138e+08 -1.616084e+08
7.878062e+13 2.594433e+13
2.532040e+08 7.968417e+07
2.068524e+09 -3.597893e+08
4.691858e+07 -1.263518e+08
7.097343e+08 6.839728e+07
1.716578e+08 -1.452242e+08
1.099038e+09 1.091679e+09
-1.258790e+08 2.197673e+08
3.478179e+08 6.346744e+08
-3.946031e+06 -1.819119e+06
2.475851e+07 3.555001e+06
-3.378813e+13 5.853023e+13
-2.473681e+07 -3.447313e+06
-3.847797e+06 -6.244820e+06
4.732766e+15 -1.946640e+14
-2.361433e+07 5.454897e+05
1.229843e+11 -2.738513e+10
-7.821482e+11 7.540890e+11
-1.220535e+07 4.445826e+07
-1.230271e+11 2.739133e+10
1.710109e+08 1.616272e+08
1.377449e+07 2.123892e+07
-3.208440e+05 -9.109704e+06
-6.905590e+00 1.671133e+06
1.339265e+06 -1.722920e+06
2.475923e+08 8.371563e+07
1.985901e+11 3.862274e+10
-1.951456e+06 3.051234e+06
1.344242e+09 8.935793e+08
1.515872e+12 -2.112345e+12
-2.714583e+08 6.308527e+07
1.470232e+08 6.723236e+06
-8.763951e+09 -1.764834e+10
6.168256e+20 -5.095732e+20
9.430014e+04 2.506871e+06
3.637842e+00 1.400918e+06
1.292806e+07 -4.613678e+07
3.751606e+13 -2.610110e+13
1.090639e+01 5.525991e+05
3.791979e+08 -2.768176e+08
-1.696215e+06 -1.668358e+05
7.814155e+06 -5.186888e+05
5.615470e+07 -1.654570e+07
-1.716284e+08 9.646659e+07
5.151912e+06 4.364110e+05
-1.708525e+14 -3.255982e+14
-2.067391e+09 3.609117e+08
1.546785e+07 -5.925643e+07
4.865244e+09 4.159904e+09
-3.344457e+07 1.005154e+06
1.695648e+07 -4.725458e+07
-5.151762e+07 5.944678e+07
-1.378043e+15 6.524488e+15
4.634345e+07 2.217130e+07
9.475403e+08 2.822453e+09
1.135492e+11 -2.275967e+11
-3.752506e+13 2.610476e+13
-2.243101e+10 -7.334995e+09
1.600180e+10 3.989713e+08
-1.600052e+10 -3.989313e+08
5.175808e+07 -5.915527e+07
-2.431204e+07 8.782658e+07
2.963271e+16 1.102190e+17
-2.314822e+06 -5.844680e+06
-3.289253e-01 -1.960978e+06
-9.000979e+06 2.158247e+08
4.768475e+08 -2.812563e+07
1.309625e+06 -8.045064e+05
-1.312032e+06 8.104238e+05
-2.707870e+09 -1.297456e+09
3.341800e+07 -1.772667e+06
-1.089231e+01 1.255006e+07
-1.573206e+19 -3.312998e+19
1.844886e+07 -1.410317e+07
3.917628e+05 -6.155923e+00
-3.139767e+06 -5.745515e+06
-8.773241e+07 3.278001e+07
3.861005e+06 1.869854e+06
1.006618e+06 -2.921915e+00
-3.036826e+08 -7.703371e+07
-1.204371e+06 -4.307854e+06
2.432798e+07 -8.787142e+07
-1.195837e+07 5.035501e+06
1.172090e+06 3.387830e+06
-1.413181e+10 -2.171135e+10
-6.168873e+20 5.096547e+20
7.680897e+04 -5.882514e+00
-1.546167e+07 5.929051e+07
-1.854435e+13 -6.749586e+12
2.619524e+08 -2.529608e+10
2.898499e+00 -1.951739e+06
-4.867179e+06 -5.635518e+07
-4.516651e+09 -5.838442e+10
-9.477868e+08 -2.822912e+09
8.686626e+08 6.461300e+08
-6.289609e+07 -2.010974e+08
4.228540e+07 7.099913e+07
-3.481695e+08 -6.352219e+08
-1.037245e+06 8.199736e+00
-6.152378e+00 -1.405611e+06
-1.802437e+14 9.264866e+13
1.222376e+15 1.320518e+16
-4.104063e+06 7.366812e+00
1.717633e+09 9.822972e+08
2.468084e+00 1.681557e+06
-4.789878e+08 2.375783e+07
-1.830421e+07 1.409331e+07
4.130747e+06 4.064203e+00
-1.130660e+08 9.669283e+07
-3.646227e+11 3.591631e+11
-1.158158e+05 -9.410958e+06
-1.310154e+13 4.731623e+14
-1.191718e+11 5.436737e+11
2.474181e+06 -6.616417e+06
2.597697e+07 3.951835e+06
-4.423665e+07 -7.514697e+07
1.416763e+07 -1.055500e+06
3.638414e+00 1.879244e+06
-2.311276e+07 -6.690223e+06
3.132909e+06 5.727863e+06
-2.705546e+09 7.961344e+08
-1.071639e+12 -1.181313e+12
2.883245e+07 -7.403118e+06
7.448604e+11 1.124161e+11
1.192032e+07 -5.098784e+06
1.911218e+08 4.959674e+08
-1.078358e+08 -1.143153e+08
-6.713235e+05 -3.702033e+05
-4.682593e+06 9.728263e+05
1.584654e+08 -2.070619e+07
3.415636e+00 6.000985e+05
2.926921e+06 2.548488e+06
3.726745e+10 7.878985e+09
2.341343e+06 3.060445e+06
4.648309e+11 -8.688318e+10
-1.065151e+05 -2.560656e+04
-5.969945e+08 2.585011e+07
4.691328e+08 4.148390e+08
-6.700764e+14 6.039329e+14
-9.259282e+07 -1.727862e+08
-7.193785e+05 -6.833748e+05
2.311086e+07 6.739301e+06
2.867338e+09 1.187743e+10
-4.656456e+05 1.198196e+00
-5.918953e+00 1.417192e+06
-1.037982e+13 3.355741e+12
-1.649102e+07 -9.996099e+06
-2.853540e+08 -8.059979e+07
-2.758527e+00 6.223427e+06
9.474334e+09 -6.171602e+09
-7.881058e+13 -2.595212e+13
4.760383e+06 5.776721e+06
-2.356580e+06 6.547394e+06
-2.618788e+08 2.529883e+10
1.702579e+08 4.370062e+07
2.864476e+06 -5.290933e+05
1.658433e+06 -4.647622e+05
-2.369986e+07 1.042996e+07
-1.222376e+15 -1.320491e+16
-1.515652e+06 -5.902025e-01
2.389902e+11 -4.162551e+10
1.004098e+11 -7.191991e+08
-1.004379e+11 7.192397e+08
5.204007e+10 1.718997e+10
-8.000551e+12 2.873350e+12
2.924748e+12 9.238013e+10
3.537325e+10 1.025991e+10
-1.238550e+07 2.387744e+07
2.243448e+10 7.334338e+09
9.030604e+06 -2.160865e+08
3.226864e+06 -6.421057e+06
-1.901476e+09 -1.151603e+08
3.652660e+05 9.215138e+00
2.943142e+09 5.656654e+08
-4.676279e+07 -2.226196e+07
3.460205e+06 -1.356641e+07
1.337745e+00 -6.115732e+06
-8.044381e+05 4.610927e+00
1.418479e+11 3.180555e+11
-4.679598e+07 3.776838e+07
-1.382311e+07 1.434661e+06
3.943667e+07 3.262904e+07
-6.951246e+06 3.018681e+07
-2.281591e+10 3.072432e+10
-3.669392e+08 6.255340e+07
1.097965e+06 -1.392319e+00
1.295447e+08 -1.270854e+08
1.310311e+13 -4.731623e+14
-5.259444e+08 -8.907187e+08
-5.089473e+08 1.038681e+09
-4.749519e+07 3.989107e+06
6.701031e+14 -6.039329e+14
-7.363365e+06 1.360557e+06
1.901713e+09 1.147184e+08
1.573363e+19 3.313793e+19
-1.702641e+08 -4.378368e+07
-4.261099e+07 -7.046161e+07
-3.418555e+06 1.360065e+07
-5.093481e+06 -6.290378e+05
4.518572e+05 3.534982e+06
-2.531611e+09 3.291199e+10
1.259130e+08 -2.197896e+08
1.757052e+11 2.747709e+12
2.281728e+10 -3.072373e+10
1.037325e+08 -3.875055e+08
2.842983e+08 8.139550e+07
-1.915802e+08 -4.951082e+08
6.152163e+05 6.839174e-01
4.811021e+06 -8.109692e+00
4.468727e+05 9.015172e+06
-4.687789e+08 -4.144260e+08
6.217093e+07 2.015983e+08
-3.980076e+07 -3.279700e+07
1.191692e+11 -5.436532e+11
-2.572116e+07 -3.997599e+06
3.790690e+06 6.864321e+05
1.031575e+10 7.165767e+09
-7.680973e+00 -5.683387e+06
5.079281e+08 -1.038562e+09
5.970051e+08 -2.585508e+07
-3.583153e+06 3.644669e+06
-3.822742e+06 -2.076746e+06
-1.049701e+07 -5.164759e-02
4.443947e+06 3.013539e+06
