6.362350e+05 7.481798e+00
2.529205e+06 -4.454179e+05
2.647711e+09 3.422394e+10
6.281764e+11 6.925497e+11
-4.745276e+11 -6.489235e+11
-1.725358e+09 -3.314452e+08
4.917635e+06 -1.761063e+07
-2.217694e+06 -1.820754e+06
-7.323764e+05 -4.835904e+06
-1.613877e+06 -5.684052e+00
2.339363e+05 -5.122131e+05
-1.085686e+07 2.889753e+07
1.484247e+09 -1.929675e+10
1.585473e+09 -4.664380e+08
-1.598106e+10 -3.460633e+09
1.586296e+09 7.601383e+08
-4.230641e+05 1.369914e+07
-2.131429e+06 -7.403441e+05
6.134916e+06 -1.754595e-01
-7.601129e+07 7.434925e+07
-6.917400e+05 -1.387465e+06
-1.221735e+09 4.569040e+08
4.595251e+08 1.488290e+10
-2.183872e+10 -4.617305e+09
-1.675546e+07 3.279214e+07
-4.363127e+06 4.318755e+05
2.374140e+05 -4.469249e+04
2.776029e+07 -2.168360e+07
-6.965648e+12 -1.892115e+12
-6.287335e+00 -1.131537e+06
1.365142e+07 -6.164183e+06
-4.173638e+07 8.167648e+06
-1.028541e+10 -3.091629e+09
-1.007051e+09 -5.757662e+08
-1.284946e+07 -1.829280e+06
2.896579e+10 -1.817910e+10
1.001928e+14 1.909635e+14
2.455423e+05 4.561438e+05
1.598446e+10 3.461512e+09
5.382200e+07 4.333230e+07
3.068075e+10 -3.443392e+09
6.754704e+05 1.385285e+06
8.699889e+00 -6.527194e+05
-6.046875e+09 -4.201343e+09
4.591892e+06 3.330306e+07
6.764606e+05 -6.417913e+05
-8.877903e+11 1.237073e+12
4.238239e+05 -3.229438e+05
4.174694e+07 -8.202508e+06
-6.442980e+08 -6.399415e+08
2.152681e+08 -3.713734e+07
9.700524e+06 5.807101e+06
3.110718e+00 -4.955563e+05
4.928513e+06 -5.541363e+05
1.087187e+13 3.957026e+12
1.221205e+09 -4.572190e+08
-1.401229e+11 2.440612e+10
1.781902e+08 4.520006e+07
1.282547e+06 3.334774e+06
-1.438721e+07 -4.331529e+07
-6.083570e+12 -8.173021e+12
-2.725356e+11 5.094350e+10
2.061726e+07 -4.131076e+07
6.373710e+07 7.076918e+07
-1.242064e+15 1.774945e+15
-1.146176e+08 3.751301e+07
6.872289e+06 -1.397354e+07
-4.367221e+11 -6.591158e+10
-2.849179e+09 -2.435608e+09
2.206257e+09 -3.098307e+08
1.607351e+06 1.214658e+00
-4.222301e+09 -4.698680e+09
6.965648e+12 1.891922e+12
6.084531e+08 1.514754e+08
3.570749e+04 4.434346e+00
-3.050705e+10 -1.007957e+10
-1.028131e+11 -1.608156e+12
-1.027980e+09 -2.001801e+09
-1.139177e+06 1.177625e+06
-1.477678e+08 -4.657900e+07
-1.697401e+09 -6.955357e+09
6.082948e+12 8.172463e+12
-1.682028e+09 1.095442e+09
1.678289e+07 -3.281127e+07
-2.223547e+08 1.623654e+08
-8.627065e+07 -4.296848e+06
7.643472e+00 -5.539022e+06
4.745284e+11 6.489010e+11
-6.696934e+05 -1.075130e+01
-5.323304e+04 5.879053e+00
-2.062867e+07 4.121309e+07
4.222866e+09 4.699802e+09
-7.877977e+08 -5.237547e+08
1.365114e+17 -2.222698e+17
1.028873e+10 3.093460e+09
-6.029620e+00 -1.107008e+06
3.079012e+08 5.226050e+08
8.190641e+05 -1.073961e+06
-2.999577e+04 -7.784792e+05
-5.552708e+09 3.617321e+09
-4.590793e+08 -1.488948e+10
4.586857e+11 -4.421647e+11
-5.099734e+08 -3.790337e+08
-2.240055e+11 3.384557e+11
2.371571e+04 6.983250e+05
7.504050e+06 4.600537e+07
2.239979e+11 -3.384095e+11
2.849083e+05 3.139800e+00
1.056136e+14 -5.428661e+13
-2.896813e+10 1.817954e+10
7.735440e+10 4.355735e+11
1.458468e+07 -7.306929e+00
-1.191332e+08 1.143489e+08
-2.206543e+09 3.099908e+08
4.689664e+12 -1.684342e+12
-6.083225e+08 -1.518075e+08
-9.813731e+05 2.934673e+05
1.242615e+15 -1.775489e+15
6.573704e+05 1.247643e+06
-2.074023e+10 -6.016151e+09
-1.365346e+17 2.223001e+17
-1.959882e+08 1.207508e+08
6.085444e+12 -1.966789e+12
1.682325e+09 -1.095748e+09
-6.076784e+07 2.271791e+08
2.136410e+11 -2.106302e+11
5.415805e+07 1.014464e+08
8.284723e+09 1.272827e+10
-2.159740e+06 3.731455e+06
1.919740e+08 -2.066679e+08
-1.099211e+06 -5.258662e+06
1.110720e+06 5.248338e+06
8.144655e+00 -5.454008e+06
-6.631955e+10 1.329371e+11
-3.271318e+07 9.959626e+06
-5.361351e+07 -4.260762e+07
-7.433907e+06 -1.213266e+07
-1.440932e+00 4.901235e+06
1.042136e+09 2.005421e+09
-2.749955e+07 7.409576e+07
8.075842e+14 -3.823746e+15
4.626153e+06 -2.351394e+06
-1.300664e+06 -5.276988e+06
1.953847e+08 -1.206642e+08
-4.207232e+05 -1.350953e+06
-1.734508e+16 -6.452654e+16
-2.746982e+05 -6.053968e-01
2.762410e+07 -2.225515e+06
-4.161912e+08 -4.000046e+07
-2.120436e+06 -3.423425e+05
-1.920091e+08 2.066803e+08
-1.825849e+06 -2.088602e+06
-4.025218e+07 4.512401e+07
-1.164610e+11 -2.265147e+10
-2.831340e+10 1.037434e+11
5.873566e+00 2.898475e+05
-1.714378e+12 -5.415365e+10
5.170634e+07 -1.918715e+07
1.980632e+13 -3.430877e+13
-4.440478e+00 -1.295147e+07
1.903387e+06 -2.359550e+06
-8.141639e+04 -6.884415e+05
1.591536e+08 -3.666611e+07
1.231951e+05 6.903587e+05
4.152585e+05 1.337579e+06
-3.067130e+10 3.442488e+09
-2.491684e+06 -7.046079e+04
-7.733838e+10 -4.354542e+11
5.137912e+09 1.034694e+10
-8.315325e+10 -1.864566e+11
-2.775388e+15 1.141548e+14
1.262804e+06 5.459486e+06
4.023991e+07 -4.512740e+07
4.474022e+05 4.938842e+06
2.831240e+10 -1.037292e+11
-1.002500e+08 -9.473511e+07
4.615640e+13 1.520044e+13
1.480589e+08 4.659240e+07
1.211991e+09 -2.108007e+08
2.750925e+07 -7.408035e+07
4.161176e+08 4.010194e+07
1.006071e+08 -8.511160e+07
6.442733e+08 6.399632e+08
-7.373796e+07 1.287345e+08
2.039111e+08 3.720951e+08
-2.312888e+06 -1.066192e+06
1.451793e+07 2.084770e+06
-1.980429e+13 3.430525e+13
-1.450587e+07 -2.021510e+06
-2.255943e+06 -3.661470e+06
2.775104e+15 -1.141432e+14
-1.384823e+07 3.199073e+05
7.211109e+10 -1.605911e+10
-4.586533e+11 4.422304e+11
-7.157715e+06 2.607198e+07
-7.214614e+10 1.606250e+10
1.002532e+08 9.475087e+07
8.076370e+06 1.245326e+07
-1.882814e+05 -5.341588e+06
-6.328685e+00 9.798762e+05
7.853479e+05 -1.010249e+06
1.451923e+08 4.909394e+07
1.164612e+11 2.264959e+10
-1.144287e+06 1.789045e+06
7.880798e+08 5.238429e+08
8.876392e+11 -1.236862e+12
-1.589789e+08 3.694908e+07
8.617848e+07 3.940594e+06
-5.138413e+09 -1.034730e+10
3.616648e+20 -2.987792e+20
5.532626e+04 1.469712e+06
-2.144702e+00 8.213422e+05
7.581276e+06 -2.705254e+07
2.199259e+13 -1.530137e+13
-9.328045e+00 3.239687e+05
2.222857e+08 -1.622853e+08
-9.944095e+05 -9.780602e+04
4.582198e+06 -3.042623e+05
3.291739e+07 -9.699787e+06
-1.005979e+08 5.654365e+07
3.021269e+06 2.559038e+05
-1.001792e+14 -1.909114e+14
-1.211351e+09 2.114692e+08
9.067979e+06 -3.473741e+07
2.849392e+09 2.436321e+09
-1.960650e+07 5.891736e+05
9.943778e+06 -2.770930e+07
-3.019076e+07 3.483624e+07
-8.075566e+14 3.823485e+15
2.717076e+07 1.299881e+07
5.555827e+08 1.654866e+09
6.632623e+10 -1.329416e+11
-2.200084e+13 1.530502e+13
-1.315124e+10 -4.300522e+09
9.381757e+09 2.339158e+08
-9.381437e+09 -2.339064e+08
3.033544e+07 -3.467250e+07
-1.425797e+07 5.150818e+07
1.734745e+16 6.452433e+16
-1.357027e+06 -3.426269e+06
-8.525578e+00 -1.149397e+06
-5.272899e+06 1.264334e+08
2.793044e+08 -1.647266e+07
7.678459e+05 -4.716665e+05
-7.692499e+05 4.751634e+05
-1.586868e+09 -7.603465e+08
1.959132e+07 -1.039353e+06
4.858625e+00 7.358717e+06
-9.222957e+18 -1.942182e+19
1.081492e+07 -8.267213e+06
2.297236e+05 6.570768e+00
-1.840669e+06 -3.368049e+06
-5.143031e+07 1.921748e+07
2.263485e+06 1.096213e+06
5.902486e+05 -9.106376e+00
-1.780552e+08 -4.516673e+07
-7.062725e+05 -2.526159e+06
1.426534e+07 -5.153015e+07
-7.011159e+06 2.952521e+06
6.874119e+05 1.986495e+06
-8.284406e+09 -1.272779e+10
-3.616895e+20 2.988098e+20
4.500002e+04 1.032505e+00
-9.064478e+06 3.475851e+07
-1.087298e+13 -3.957296e+12
1.536009e+08 -1.483285e+10
-9.943114e+00 -1.144260e+06
-2.854212e+06 -3.304656e+07
-2.648666e+09 -3.423774e+10
-5.557253e+08 -1.655176e+09
5.093286e+08 3.788496e+08
-3.686320e+07 -1.178625e+08
2.479258e+07 4.162789e+07
-2.041502e+08 -3.724686e+08
-6.081298e+05 8.109184e+00
1.074674e-01 -8.240495e+05
-1.056244e+14 5.429217e+13
7.168550e+14 7.744050e+15
-2.406028e+06 -7.353971e+00
1.007026e+09 5.758930e+08
-3.018096e+00 9.858076e+05
-2.805291e+08 1.391410e+07
-1.072770e+07 8.261364e+06
2.421519e+06 5.592560e+00
-6.627875e+07 5.667811e+07
-2.138084e+11 2.106100e+11
-6.797042e+04 -5.518430e+06
-7.681353e+12 2.774049e+14
-6.987462e+10 3.187859e+11
1.450842e+06 -3.879688e+06
1.523203e+07 2.317308e+06
-2.593084e+07 -4.404967e+07
8.305482e+06 -6.187517e+05
1.102698e+01 1.101873e+06
-1.355121e+07 -3.922418e+06
1.836490e+06 3.357643e+06
-1.586114e+09 4.667516e+08
-6.283907e+11 -6.926915e+11
1.690492e+07 -4.340657e+06
4.368260e+11 6.592946e+10
6.989629e+06 -2.989613e+06
1.120672e+08 2.908097e+08
-6.300141e+07 -6.679065e+07
-3.935872e+05 -2.170819e+05
-2.745807e+06 5.705425e+05
9.289480e+07 -1.213811e+07
9.367299e+00 3.518520e+05
1.716137e+06 1.494193e+06
2.185491e+10 4.620599e+09
1.372906e+06 1.794756e+06
2.725636e+11 -5.094613e+10
-6.234457e+04 -1.498191e+04
-3.500515e+08 1.515699e+07
2.750829e+08 2.432455e+08
-3.928925e+14 3.541150e+14
-5.428950e+07 -1.013095e+08
-4.218233e+05 -4.007834e+05
1.355069e+07 3.951742e+06
1.681346e+09 6.964472e+09
-2.730884e+05 -6.173501e+00
5.547526e+00 8.310932e+05
-6.085859e+12 1.967526e+12
-9.668662e+06 -5.860866e+06
-1.673041e+08 -4.725761e+07
-7.849366e+00 3.648952e+06
5.553816e+09 -3.617644e+09
-4.617532e+13 -1.520511e+13
2.790891e+06 3.386971e+06
-1.381660e+06 3.838699e+06
-1.535601e+08 1.483500e+10
9.984754e+07 2.562816e+07
1.679063e+06 -3.100784e+05
9.727154e+05 -2.726174e+05
-1.389736e+07 6.115937e+06
-7.168794e+14 -7.744314e+15
-8.886921e+05 -2.435331e+00
1.401512e+11 -2.441063e+10
5.887973e+10 -4.216536e+08
-5.888376e+10 4.216545e+08
3.051496e+10 1.008016e+10
-4.690144e+12 1.684457e+12
1.715197e+12 5.417596e+10
2.074404e+10 6.016872e+09
-7.262831e+06 1.400078e+07
1.315457e+10 4.300517e+09
5.290519e+06 -1.265871e+08
1.890034e+06 -3.760832e+06
-1.114972e+09 -6.753059e+07
2.142331e+05 -3.093877e+00
1.725361e+09 3.315946e+08
-2.741848e+07 -1.305311e+07
2.029304e+06 -7.956508e+06
2.048896e+00 -3.585997e+06
-4.715808e+05 -9.280729e+00
8.318732e+10 1.865138e+11
-2.743240e+07 2.214028e+07
-8.103812e+06 8.410634e+05
2.310947e+07 1.912137e+07
-4.075657e+06 1.769976e+07
-1.337758e+10 1.801475e+10
-2.150461e+08 3.666028e+07
6.434098e+05 -6.687026e+00
7.595735e+07 -7.451488e+07
7.682399e+12 -2.774144e+14
-3.083388e+08 -5.221904e+08
-2.977195e+08 6.075899e+08
-2.784397e+07 2.338467e+06
3.929327e+14 -3.541391e+14
-4.316657e+06 7.976205e+05
1.115151e+09 6.726779e+07
9.224845e+18 1.942845e+19
-9.985663e+07 -2.567872e+07
-2.498446e+07 -4.131491e+07
-2.005044e+06 7.976777e+06
-2.986695e+06 -3.688313e+05
2.649618e+05 2.072919e+06
-1.484585e+09 1.930077e+10
7.376732e+07 -1.287677e+08
1.029365e+11 1.609751e+12
1.337758e+10 -1.801292e+10
6.081702e+07 -2.271849e+08
1.666736e+08 4.772319e+07
-1.123282e+08 -2.902563e+08
3.605235e+05 9.418639e-01
2.820955e+06 7.802107e-01
2.619111e+05 5.285796e+06
-2.748550e+08 -2.429867e+08
3.643617e+07 1.181496e+08
-2.332176e+07 -1.921778e+07
6.986974e+10 -3.187431e+11
-1.508074e+07 -2.343659e+06
2.221335e+06 4.021707e+05
6.046891e+09 4.200459e+09
-5.251320e+00 -3.319993e+06
2.971124e+08 -6.074956e+08
3.500458e+08 -1.515982e+07
-2.097911e+06 2.134029e+06
-2.241234e+06 -1.217577e+06
-6.154988e+06 8.257091e+00
2.605504e+06 1.766902e+06
