1.184159e+06 -7.310956e+00
4.702994e+06 -8.280704e+05
4.922851e+09 6.362575e+10
1.168076e+12 1.287786e+12
-8.822222e+11 -1.206502e+12
-3.209256e+09 -6.165166e+08
9.146296e+06 -3.274970e+07
-4.124063e+06 -3.385600e+06
-1.361533e+06 -8.991249e+06
-3.001481e+06 -8.622981e+00
4.347746e+05 -9.520630e+05
-2.018586e+07 5.373078e+07
2.759712e+09 -3.587797e+10
2.949079e+09 -8.676469e+08
-2.971912e+10 -6.435961e+09
2.951953e+09 1.414463e+09
-7.875565e+05 2.550013e+07
-3.963012e+06 -1.376527e+06
1.140948e+07 1.478482e+00
-1.413772e+08 1.382884e+08
-1.286538e+06 -2.580117e+06
-2.271906e+09 8.496777e+08
8.546442e+08 2.768202e+10
-4.061636e+10 -8.587322e+09
-3.116265e+07 6.097274e+07
-8.112170e+06 8.030231e+05
4.416843e+05 -8.308014e+04
5.165159e+07 -4.033430e+07
-1.295099e+13 -3.517715e+12
1.107181e+01 -2.104538e+06
2.538438e+07 -1.146252e+07
-7.759851e+07 1.518497e+07
-1.912694e+10 -5.749548e+09
-1.873015e+09 -1.070854e+09
-2.389572e+07 -3.401915e+06
5.387645e+10 -3.381264e+10
1.863262e+14 3.551069e+14
4.561772e+05 8.491992e+05
2.972808e+10 6.437729e+09
1.001158e+08 8.060373e+07
5.706042e+10 -6.403608e+09
1.256173e+06 2.576161e+06
-6.706383e+00 -1.213214e+06
-1.124712e+10 -7.813956e+09
8.538417e+06 6.192385e+07
1.258308e+06 -1.193741e+06
-1.653316e+12 2.303780e+12
7.884389e+05 -6.010539e+05
7.763879e+07 -1.525476e+07
-1.198504e+09 -1.190506e+09
4.006270e+08 -6.911340e+07
1.804378e+07 1.080175e+07
-1.040558e+01 -9.216430e+05
9.168909e+06 -1.030858e+06
2.022022e+13 7.359750e+12
2.270991e+09 -8.502141e+08
-2.605735e+11 4.538318e+10
3.313802e+08 8.405720e+07
2.385586e+06 6.202760e+06
-2.675140e+07 -8.054247e+07
-1.131493e+13 -1.520029e+13
-5.068092e+11 9.474011e+10
3.833243e+07 -7.680582e+07
1.190160e+08 1.321563e+08
-2.309697e+15 3.300423e+15
-2.131380e+08 6.975756e+07
1.278117e+07 -2.598580e+07
-8.120099e+11 -1.225577e+11
-5.305166e+09 -4.535670e+09
4.102406e+09 -5.761030e+08
2.990205e+06 8.714385e+00
-7.850996e+09 -8.736758e+09
1.295242e+13 3.517779e+12
1.134725e+09 2.824872e+08
6.654957e+04 9.227705e-01
-5.673025e+10 -1.874419e+10
-1.913873e+11 -2.993764e+12
-1.911851e+09 -3.722810e+09
-2.118469e+06 2.190039e+06
-2.756472e+08 -8.688914e+07
-3.156776e+09 -1.293573e+10
1.131410e+13 1.519917e+13
-3.127739e+09 2.037086e+09
3.120884e+07 -6.102003e+07
-4.135978e+08 3.020144e+08
-1.604856e+08 -7.993140e+06
-8.547386e+00 -1.029999e+07
8.822722e+11 1.206413e+12
-1.245306e+06 2.110339e+00
-9.900968e+04 4.730368e+00
-3.834667e+07 7.662086e+07
7.851121e+09 8.737881e+09
-1.465253e+09 -9.740500e+08
2.537889e+17 -4.132370e+17
1.913215e+10 5.752169e+09
-6.487447e+00 -2.058548e+06
5.727561e+08 9.721341e+08
1.523083e+06 -1.997170e+06
-5.581560e+04 -1.447970e+06
-1.033003e+10 6.728935e+09
-8.536937e+08 -2.768909e+10
8.529193e+11 -8.222117e+11
-9.484898e+08 -7.049336e+08
-4.166466e+11 6.295237e+11
4.436442e+04 1.298735e+06
1.395371e+07 8.554966e+07
4.166389e+11 -6.294198e+11
5.297940e+05 -8.458626e+00
1.965089e+14 -1.010150e+14
-5.387416e+10 3.381044e+10
1.439722e+11 8.106926e+11
2.711432e+07 -1.169608e+00
-2.215121e+08 2.126095e+08
-4.102452e+09 5.763068e+08
8.723134e+12 -3.133053e+12
-1.134440e+09 -2.830541e+08
-1.825174e+06 5.458131e+05
2.310375e+15 -3.301028e+15
1.224078e+06 2.323070e+06
-3.856484e+10 -1.118639e+10
-2.538401e+17 4.132901e+17
-3.817564e+08 2.351920e+08
1.131571e+13 -3.657237e+12
3.127939e+09 -2.037138e+09
-1.130090e+08 4.224882e+08
3.972446e+11 -3.916606e+11
1.007179e+08 1.886564e+08
1.540957e+10 2.367450e+10
-4.022109e+06 6.948815e+06
3.570309e+08 -3.843452e+08
-2.043423e+06 -9.775842e+06
2.064535e+06 9.756611e+06
3.665575e-01 -1.014621e+07
-1.238554e+11 2.482588e+11
-6.084753e+07 1.852453e+07
-9.971499e+07 -7.924529e+07
-1.382505e+07 -2.256271e+07
-8.039653e+00 9.116385e+06
1.937761e+09 3.728944e+09
-5.113394e+07 1.377776e+08
1.502560e+15 -7.114705e+15
8.601749e+06 -4.372484e+06
-2.419518e+06 -9.816526e+06
3.806100e+08 -2.350494e+08
-7.823242e+05 -2.511927e+06
-3.231493e+16 -1.202181e+17
-5.107817e+05 9.697633e+00
5.138124e+07 -4.139559e+06
-7.739989e+08 -7.438933e+07
-3.945400e+06 -6.369668e+05
-3.570605e+08 3.843492e+08
-3.395271e+06 -3.883709e+06
-7.484521e+07 8.390339e+07
-2.165399e+11 -4.211831e+10
-5.264780e+10 1.928890e+11
-5.927041e+00 5.388317e+05
-3.187769e+12 -1.006934e+11
9.618305e+07 -3.569094e+07
3.684264e+13 -6.382030e+13
8.521468e+00 -2.410775e+07
3.545339e+06 -4.394680e+06
-1.510874e+05 -1.279729e+06
2.963169e+08 -6.826463e+07
2.288306e+05 1.283273e+06
7.718298e+05 2.486634e+06
-5.703734e+10 6.401912e+09
-4.633096e+06 -1.307263e+05
-1.439534e+11 -8.105582e+11
9.556005e+09 1.924185e+10
-1.546186e+11 -3.466888e+11
-5.160359e+15 2.122319e+14
2.348412e+06 1.015401e+07
7.481774e+07 -8.390326e+07
8.315886e+05 9.183217e+06
5.264676e+10 -1.928961e+11
-1.864784e+08 -1.762228e+08
8.590938e+13 2.829228e+13
2.761800e+08 8.691813e+07
2.255784e+09 -3.923531e+08
5.115985e+07 -1.377754e+08
7.739150e+08 7.458228e+07
1.871836e+08 -1.583621e+08
1.198429e+09 1.190409e+09
-1.372747e+08 2.396630e+08
3.792735e+08 6.920653e+08
-4.302966e+06 -1.983679e+06
2.699651e+07 3.876419e+06
-3.684467e+13 6.382381e+13
-2.697272e+07 -3.758966e+06
-4.195798e+06 -6.809538e+06
5.160643e+15 -2.122592e+14
-2.574866e+07 5.948413e+05
1.341036e+11 -2.986090e+10
-8.528702e+11 8.222670e+11
-1.330870e+07 4.847697e+07
-1.341466e+11 2.986711e+10
1.864750e+08 1.762415e+08
1.501972e+07 2.315903e+07
-3.497888e+05 -9.933125e+06
-4.330305e+00 1.822154e+06
1.460221e+06 -1.878580e+06
2.699706e+08 9.128208e+07
2.165402e+11 4.211382e+10
-2.127792e+06 3.326908e+06
1.465793e+09 9.743670e+08
1.653135e+12 -2.303611e+12
-2.960315e+08 6.879657e+07
1.603177e+08 7.331006e+06
-9.556134e+09 -1.924363e+10
6.725935e+20 -5.556340e+20
1.027460e+05 2.733570e+06
-3.061110e+00 1.527559e+06
1.409689e+07 -5.030777e+07
4.090854e+13 -2.846126e+13
-9.044215e+00 6.025005e+05
4.134924e+08 -3.018510e+08
-1.849558e+06 -1.818810e+05
8.520387e+06 -5.655130e+05
6.123263e+07 -1.804205e+07
-1.871562e+08 1.051933e+08
5.617883e+06 4.758904e+05
-1.863023e+14 -3.550483e+14
-2.254552e+09 3.935882e+08
1.686718e+07 -6.461574e+07
5.305980e+09 4.536721e+09
-3.646967e+07 1.096122e+06
1.848955e+07 -5.152511e+07
-5.617997e+07 6.482672e+07
-1.502753e+15 7.114966e+15
5.053390e+07 2.417599e+07
1.033217e+09 3.077660e+09
1.238710e+11 -2.482861e+11
-4.091829e+13 2.846544e+13
-2.445980e+10 -7.998374e+09
1.744904e+10 4.350566e+08
-1.744744e+10 -4.350071e+08
5.644078e+07 -6.450634e+07
-2.650920e+07 9.576373e+07
3.231790e+16 1.202070e+17
-2.524250e+06 -6.373458e+06
-1.695017e+00 -2.138418e+06
-9.815803e+06 2.353611e+08
5.200246e+08 -3.067249e+07
1.428120e+06 -8.773538e+05
-1.430791e+06 8.838163e+05
-2.952883e+09 -1.414875e+09
3.644077e+07 -1.933097e+06
-8.695273e+00 1.368501e+07
-1.715504e+19 -3.612559e+19
2.011718e+07 -1.537878e+07
4.272453e+05 -1.897828e+00
-3.423719e+06 -6.265157e+06
-9.566764e+07 3.574479e+07
4.210171e+06 2.038973e+06
1.097668e+06 -1.290344e+00
-3.311439e+08 -8.400004e+07
-1.313308e+06 -4.697403e+06
2.652775e+07 -9.581618e+07
-1.303981e+07 5.490859e+06
1.278060e+06 3.694113e+06
-1.541007e+10 -2.367528e+10
-6.726798e+20 5.557461e+20
8.380100e+04 2.797411e+00
-1.686023e+07 6.465330e+07
-2.022133e+13 -7.359885e+12
2.856373e+08 -2.758327e+10
2.559358e+00 -2.128218e+06
-5.307177e+06 -6.145000e+07
-4.924999e+09 -6.366272e+10
-1.033493e+09 -3.078170e+09
9.472105e+08 7.045556e+08
-6.858670e+07 -2.192919e+08
4.610938e+07 7.741978e+07
-3.796511e+08 -6.926634e+08
-1.131000e+06 -6.627811e+00
7.030560e+00 -1.532730e+06
-1.965557e+14 1.010335e+14
1.332879e+15 1.439888e+16
-4.475290e+06 9.391970e+00
1.872966e+09 1.071126e+09
9.815066e-01 1.833606e+06
-5.223578e+08 2.590929e+07
-1.996029e+07 1.536780e+07
4.504325e+06 6.625507e+00
-1.232922e+08 1.054384e+08
-3.975807e+11 3.916270e+11
-1.263606e+05 -1.026150e+07
-1.428595e+13 5.159345e+14
-1.299417e+11 5.928072e+11
2.697754e+06 -7.214463e+06
2.832484e+07 4.309033e+06
-4.823664e+07 -8.194166e+07
1.544861e+07 -1.151000e+06
6.870713e+00 2.049228e+06
-2.520235e+07 -7.295170e+06
3.416307e+06 6.245920e+06
-2.950191e+09 8.681297e+08
-1.168504e+12 -1.288093e+12
3.143905e+07 -8.072349e+06
8.121732e+11 1.225755e+11
1.299780e+07 -5.559740e+06
2.083996e+08 5.408057e+08
-1.176342e+08 -1.247003e+08
-7.321004e+05 -4.036677e+05
-5.105893e+06 1.060799e+06
1.728009e+08 -2.257900e+07
-9.599785e+00 6.544393e+05
3.191681e+06 2.778965e+06
4.063685e+10 8.591348e+09
2.553075e+06 3.337173e+06
5.068652e+11 -9.474028e+10
-1.161983e+05 -2.799999e+04
-6.509771e+08 2.818730e+07
5.115434e+08 4.523398e+08
-7.306563e+14 6.585319e+14
-1.009635e+08 -1.884072e+08
-7.845104e+05 -7.452552e+05
2.520039e+07 7.348700e+06
3.126593e+09 1.295115e+10
-5.078144e+05 9.260426e-01
3.712714e+00 1.545291e+06
-1.131840e+13 3.659181e+12
-1.798239e+07 -1.090017e+07
-3.111533e+08 -8.788695e+07
-7.581260e+00 6.785807e+06
1.033076e+10 -6.729606e+09
-8.594091e+13 -2.830007e+13
5.190664e+06 6.298698e+06
-2.569511e+06 7.138839e+06
-2.855437e+08 2.758503e+10
1.856416e+08 4.764835e+07
3.123533e+06 -5.769977e+05
1.808337e+06 -5.068121e+05
-2.584228e+07 1.137285e+07
-1.332855e+15 -1.439836e+16
-1.652670e+06 8.856280e+00
2.605919e+11 -4.538892e+10
1.094932e+11 -7.842436e+08
-1.095213e+11 7.842866e+08
5.674508e+10 1.874386e+10
-8.723933e+12 3.133169e+12
3.189056e+12 1.007307e+11
3.857100e+10 1.118764e+10
-1.350551e+07 2.603610e+07
2.446285e+10 7.997377e+09
9.847948e+06 -2.356489e+08
3.519018e+06 -7.002651e+06
-2.073387e+09 -1.255734e+08
3.983016e+05 -6.791589e+00
3.209379e+09 6.168366e+08
-5.099056e+07 -2.427423e+07
3.772962e+06 -1.479241e+07
-6.663098e+00 -6.668753e+06
-8.772145e+05 -4.444038e+00
1.546726e+11 3.468095e+11
-5.102783e+07 4.118385e+07
-1.507333e+07 1.564473e+06
4.300497e+07 3.558138e+07
-7.579769e+06 3.291621e+07
-2.487881e+10 3.350220e+10
-4.001378e+08 6.821275e+07
1.197330e+06 5.925205e-01
1.412565e+08 -1.385745e+08
1.428778e+13 -5.159440e+14
-5.735033e+08 -9.712626e+08
-5.551123e+08 1.132898e+09
-5.179049e+07 4.349988e+06
7.306965e+14 -6.585440e+14
-8.029534e+06 1.483670e+06
2.073667e+09 1.250913e+08
1.715661e+19 3.613421e+19
-1.856520e+08 -4.774062e+07
-4.646316e+07 -7.683145e+07
-3.727554e+06 1.482998e+07
-5.554015e+06 -6.859479e+05
4.927217e+05 3.854600e+06
-2.760484e+09 3.588731e+10
1.373122e+08 -2.396874e+08
1.916128e+11 2.996403e+12
2.488018e+10 -3.350161e+10
1.131093e+08 -4.225333e+08
3.099963e+08 8.875275e+07
-2.088995e+08 -5.398652e+08
6.708678e+05 -3.601654e+00
5.245688e+06 7.665090e+00
4.871509e+05 9.829438e+06
-5.111558e+08 -4.518895e+08
6.779456e+07 2.198338e+08
-4.340058e+07 -3.576333e+07
1.299391e+11 -5.927868e+11
-2.804605e+07 -4.358981e+06
4.133581e+06 7.485142e+05
1.124818e+10 7.813501e+09
4.991539e+00 -6.199635e+06
5.539950e+08 -1.132764e+09
6.509768e+08 -2.819146e+07
-3.907630e+06 3.974715e+06
-4.168328e+06 -2.264429e+06
-1.144553e+07 6.241310e+00
4.845559e+06 3.285884e+06
