2.105349e+06 6.818576e-01
8.360863e+06 -1.472263e+06
8.751454e+09 1.131048e+11
2.076674e+12 2.289392e+12
-1.568312e+12 -2.144787e+12
-5.706847e+09 -1.096332e+09
1.626291e+07 -5.823239e+07
-7.332657e+06 -6.019607e+06
-2.420656e+06 -1.598436e+07
-5.336997e+06 7.336862e+00
7.727535e+05 -1.692019e+06
-3.588230e+07 9.551390e+07
4.905923e+09 -6.378036e+10
5.243912e+09 -1.542805e+09
-5.283296e+10 -1.144185e+10
5.249843e+09 2.515428e+09
-1.400542e+06 4.535760e+07
-7.044931e+06 -2.447142e+06
2.028375e+07 -2.105666e+00
-2.513647e+08 2.458683e+08
-2.286964e+06 -4.587110e+06
-4.039156e+09 1.510562e+09
1.519470e+09 4.921525e+10
-7.221704e+10 -1.526773e+10
-5.540965e+07 1.084043e+08
-1.442180e+07 1.427914e+06
7.857191e+05 -1.479560e+05
9.186201e+07 -7.172988e+07
-2.302422e+13 -6.254002e+12
3.133244e+00 -3.742727e+06
4.512885e+07 -2.038065e+07
-1.379540e+08 2.699840e+07
-3.400677e+10 -1.022232e+10
-3.330186e+09 -1.903912e+09
-4.248566e+07 -6.048657e+06
9.579397e+10 -6.012066e+10
3.312287e+14 6.312505e+14
8.100635e+05 1.509963e+06
5.284484e+10 1.144424e+10
1.779913e+08 1.432979e+08
1.014373e+11 -1.138410e+10
2.233190e+06 4.579805e+06
-1.175362e+00 -2.156148e+06
-1.999806e+10 -1.389310e+10
1.517982e+07 1.100877e+08
2.237486e+06 -2.122831e+06
-2.941570e+12 4.098659e+12
1.401956e+06 -1.068770e+06
1.380188e+08 -2.711824e+07
-2.130949e+09 -2.116853e+09
7.124963e+08 -1.229276e+08
3.208538e+07 1.920817e+07
-1.028175e+01 -1.638638e+06
1.630461e+07 -1.833189e+06
3.595068e+13 1.308574e+13
4.037549e+09 -1.511575e+09
-4.632333e+11 8.067880e+10
5.891695e+08 1.494469e+08
4.241880e+06 1.102914e+07
-4.755754e+07 -1.431812e+08
-2.011533e+13 -2.702267e+13
-9.009323e+11 1.684216e+11
6.813693e+07 -1.365241e+08
2.120258e+08 2.354387e+08
-4.105502e+15 5.866907e+15
-3.788831e+08 1.240131e+08
2.272205e+07 -4.620000e+07
-1.443497e+12 -2.178694e+11
-9.438064e+09 -8.068448e+09
7.292756e+09 -1.024117e+09
5.316732e+06 -9.884697e+00
-1.395686e+10 -1.553207e+10
2.302660e+13 6.253744e+12
2.020340e+09 5.029603e+08
1.184171e+05 -7.786279e+00
-1.008595e+11 -3.332564e+10
-3.404161e+11 -5.325157e+12
-3.399092e+09 -6.618883e+09
-3.766143e+06 3.893397e+06
-4.907870e+08 -1.547060e+08
-5.612446e+09 -2.299826e+10
2.011575e+13 2.702267e+13
-5.560463e+09 3.621632e+09
5.548659e+07 -1.084869e+08
-7.354320e+08 5.369878e+08
-2.853755e+08 -1.421363e+07
-7.564270e+00 -1.831226e+07
1.568444e+12 2.144764e+12
-2.214496e+06 -1.049324e+01
-1.763273e+05 -6.239184e+00
-6.817608e+07 1.362053e+08
1.395625e+10 1.553271e+10
-2.605363e+09 -1.731956e+09
4.511979e+17 -7.346798e+17
3.401676e+10 1.022688e+10
3.748901e+00 -3.660806e+06
1.018465e+09 1.728607e+09
2.708109e+06 -3.550960e+06
-9.957169e+04 -2.574619e+06
-1.836859e+10 1.196543e+10
-1.517655e+09 -4.922635e+10
1.516298e+12 -1.461718e+12
-1.686208e+09 -1.253192e+09
-7.407661e+11 1.119262e+12
7.864510e+04 2.308518e+06
2.480537e+07 1.520902e+08
7.408502e+11 -1.119181e+12
9.420554e+05 -6.116700e+00
3.495009e+14 -1.796629e+14
-9.579418e+10 6.011820e+10
2.560834e+11 1.441897e+12
4.819777e+07 -1.535221e+00
-3.937801e+08 3.779674e+08
-7.293231e+09 1.024483e+09
1.551080e+13 -5.570767e+12
-2.019844e+09 -5.039627e+08
-3.245470e+06 9.707454e+05
4.107196e+15 -5.867997e+15
2.177571e+06 4.132696e+06
-6.856097e+10 -1.988650e+10
-4.512305e+17 7.346874e+17
-6.943616e+08 4.277701e+08
2.011773e+13 -6.501009e+12
5.560366e+09 -3.621545e+09
-2.009019e+08 7.511020e+08
7.061535e+11 -6.962017e+11
1.790588e+08 3.353783e+08
2.739573e+10 4.208969e+10
-7.155579e+06 1.236303e+07
6.347770e+08 -6.833331e+08
-3.632892e+06 -1.737808e+07
3.670220e+06 1.734477e+07
-1.557277e+00 -1.804302e+07
-2.206886e+11 4.423630e+11
-1.082002e+08 3.293829e+07
-1.773020e+08 -1.409037e+08
-2.458153e+07 -4.011859e+07
-1.066674e+01 1.621163e+07
3.445154e+09 6.629287e+09
-9.091416e+07 2.449647e+08
2.672256e+15 -1.265311e+16
1.529256e+07 -7.773680e+06
-4.302239e+06 -1.745588e+07
6.923089e+08 -4.275625e+08
-1.391090e+06 -4.466176e+06
-5.751191e+16 -2.139510e+17
-9.086304e+05 -7.867068e+00
9.136583e+07 -7.361469e+06
-1.375999e+09 -1.322624e+08
-7.016820e+06 -1.133030e+06
-6.348261e+08 6.833203e+08
-6.036021e+06 -6.904575e+06
-1.330559e+08 1.491560e+08
-3.849616e+11 -7.487570e+10
-9.359694e+10 3.429256e+11
-1.765185e+00 9.579289e+05
-5.667133e+12 -1.790253e+11
1.710355e+08 -6.346817e+07
6.551649e+13 -1.134865e+14
-8.477219e+00 -4.288312e+07
6.308530e+06 -7.820027e+06
-2.684556e+05 -2.275076e+06
5.271422e+08 -1.214463e+08
4.070191e+05 2.281593e+06
1.372011e+06 4.420688e+06
-1.014026e+11 1.138175e+10
-8.237021e+06 -2.325821e+05
-2.560459e+11 -1.441747e+12
1.699040e+10 3.421267e+10
-2.748908e+11 -6.163442e+11
-9.174067e+15 3.772929e+14
4.175764e+06 1.805426e+07
1.330066e+08 -1.491563e+08
1.478541e+06 1.632376e+07
9.358814e+10 -3.429114e+11
-3.315628e+08 -3.133403e+08
1.527977e+14 5.032111e+13
4.917545e+08 1.547666e+08
4.012065e+09 -6.978541e+08
9.095894e+07 -2.449499e+08
1.375934e+09 1.326023e+08
3.328663e+08 -2.816083e+08
2.130790e+09 2.116542e+09
-2.441692e+08 4.262945e+08
6.743043e+08 1.230433e+09
-7.651410e+06 -3.527721e+06
4.799417e+07 6.892058e+06
-6.551920e+13 1.134971e+14
-4.795284e+07 -6.682854e+06
-7.460476e+06 -1.210707e+07
9.174729e+15 -3.773592e+14
-4.577633e+07 1.058290e+06
2.384343e+11 -5.309000e+10
-1.516325e+12 1.461857e+12
-2.366261e+07 8.618803e+07
-2.384855e+11 5.309745e+10
3.315714e+08 3.133618e+08
2.670424e+07 4.117630e+07
-6.219377e+05 -1.765920e+07
6.670969e+00 3.239886e+06
2.596393e+06 -3.339807e+06
4.799371e+08 1.622738e+08
3.849542e+11 7.486610e+10
-3.782807e+06 5.914836e+06
2.606078e+09 1.732425e+09
2.941178e+12 -4.098321e+12
-5.266104e+08 1.223922e+08
2.850687e+08 1.303609e+07
-1.698962e+10 -3.421482e+10
1.195840e+21 -9.878889e+20
1.826619e+05 4.861134e+06
-8.794112e+00 2.716451e+06
2.506454e+07 -8.944673e+07
7.274171e+13 -5.060981e+13
-3.527093e+00 1.071488e+06
7.353104e+08 -5.367678e+08
-3.289566e+06 -3.238636e+05
1.514884e+07 -1.005669e+06
1.088877e+08 -3.208262e+07
-3.328430e+08 1.870731e+08
9.988316e+06 8.464655e+05
-3.312423e+14 -6.312765e+14
-4.010030e+09 7.000433e+08
2.999039e+07 -1.148876e+08
9.438905e+09 8.070512e+09
-6.483846e+07 1.949052e+06
3.286863e+07 -9.159487e+07
-9.991184e+07 1.152893e+08
-2.672311e+15 1.265258e+16
8.983998e+07 4.297969e+07
1.836851e+09 5.471119e+09
2.206675e+11 -4.423261e+11
-7.274396e+13 5.060720e+13
-4.348483e+10 -1.421967e+10
3.102247e+10 7.734951e+08
-3.102055e+10 -7.734319e+08
1.003780e+08 -1.147232e+08
-4.712942e+07 1.702549e+08
5.751310e+16 2.139311e+17
-4.489072e+06 -1.133387e+07
5.388949e-01 -3.803063e+06
-1.746043e+07 4.186976e+08
9.251750e+08 -5.456991e+07
2.539456e+06 -1.560255e+06
-2.544056e+06 1.571465e+06
-5.251495e+09 -2.516217e+09
6.479459e+07 -3.437678e+06
-1.044925e+01 2.433029e+07
-3.050194e+19 -6.423417e+19
3.577165e+07 -2.734498e+07
7.599351e+05 -7.408991e+00
-6.087543e+06 -1.113964e+07
-1.700965e+08 6.355511e+07
7.485464e+06 3.625291e+06
1.951303e+06 3.559613e+00
-5.886937e+08 -1.493342e+08
-2.335018e+06 -8.350943e+06
4.715720e+07 -1.703413e+08
-2.318506e+07 9.763252e+06
2.272510e+06 6.567790e+06
-2.740098e+10 -4.209822e+10
-1.196049e+21 9.880927e+20
1.488786e+05 5.817948e+00
-2.997801e+07 1.149584e+08
-3.595291e+13 -1.308587e+13
5.078216e+08 -4.903804e+10
5.482291e+00 -3.783747e+06
-9.435265e+06 -1.092440e+08
-8.755113e+09 -1.131741e+11
-1.837394e+09 -5.472547e+09
1.683988e+09 1.252548e+09
-1.219647e+08 -3.899606e+08
8.197867e+07 1.376471e+08
-6.749616e+08 -1.231502e+09
-2.010993e+06 9.124766e+00
1.052850e+01 -2.725367e+06
-3.495694e+14 1.796944e+14
2.369544e+15 2.559740e+16
-7.957478e+06 -7.376437e+00
3.330027e+09 1.904335e+09
-2.163450e+00 3.260163e+06
-9.292668e+08 4.609137e+07
-3.549436e+07 2.732549e+07
8.009248e+06 -8.411452e+00
-2.192390e+08 1.875023e+08
-7.068458e+11 6.962481e+11
-2.249005e+05 -1.824323e+07
-2.540239e+13 9.173714e+14
-2.310327e+11 1.054005e+12
4.796515e+06 -1.282728e+07
5.035958e+07 7.661392e+06
-8.577822e+07 -1.457143e+08
2.747089e+07 -2.046870e+06
-4.310510e+00 3.643616e+06
-4.480985e+07 -1.297146e+07
6.075399e+06 1.110672e+07
-5.245687e+09 1.543625e+09
-2.077317e+12 -2.289983e+12
5.589607e+07 -1.435098e+07
1.443749e+12 2.179095e+11
2.311046e+07 -9.884780e+06
3.705201e+08 9.615403e+08
-2.095755e+08 -2.221588e+08
-1.301617e+06 -7.175037e+05
-9.077274e+06 1.885744e+06
3.072629e+08 -4.014939e+07
-3.584678e+00 1.163175e+06
5.674435e+06 4.940510e+06
7.224171e+10 1.527330e+10
4.538758e+06 5.932433e+06
9.011464e+11 -1.684414e+11
-2.066074e+05 -4.975079e+04
-1.157332e+09 5.011397e+07
9.094513e+08 8.041746e+08
-1.299020e+15 1.170807e+15
-1.794988e+08 -3.349631e+08
-1.394925e+06 -1.325192e+06
4.480479e+07 1.306597e+07
5.558994e+09 2.302780e+10
-9.032832e+05 2.851325e+00
-3.410131e+00 2.747601e+06
-2.012313e+13 6.505836e+12
-3.197368e+07 -1.938130e+07
-5.532487e+08 -1.562667e+08
-4.803269e+00 1.206602e+07
1.837071e+10 -1.196684e+10
-1.528686e+14 -5.033824e+13
9.229413e+06 1.119963e+07
-4.568976e+06 1.269262e+07
-5.075924e+08 4.903797e+10
3.300043e+08 8.470554e+07
5.555143e+06 -1.027012e+06
3.215729e+06 -9.016910e+05
-4.594670e+07 2.022114e+07
-2.369569e+15 -2.559634e+16
-2.939061e+06 -1.945723e+00
4.632608e+11 -8.069133e+10
1.947057e+11 -1.394417e+09
-1.947338e+11 1.394497e+09
1.008842e+11 3.332456e+10
-1.551224e+13 5.571399e+12
5.669589e+12 1.790831e+11
6.857601e+10 1.989007e+10
-2.401249e+07 4.629084e+07
4.349489e+10 1.421942e+10
1.751842e+07 -4.191802e+08
6.260253e+06 -1.245798e+07
-3.686267e+09 -2.232379e+08
7.078435e+05 -3.175952e+00
5.706438e+09 1.096764e+09
-9.065305e+07 -4.315635e+07
6.707163e+06 -2.629490e+07
9.196702e+00 -1.185595e+07
-1.559687e+06 -7.264770e+00
2.749845e+11 6.165665e+11
-9.073725e+07 7.323285e+07
-2.680417e+07 2.781787e+06
7.648548e+07 6.328362e+07
-1.347698e+07 5.852584e+07
-4.423528e+10 5.956746e+10
-7.116531e+08 1.213105e+08
2.129609e+06 4.787959e-01
2.511425e+08 -2.463726e+08
2.540344e+13 -9.173620e+14
-1.019692e+09 -1.726911e+09
-9.881932e+08 2.016766e+09
-9.208454e+07 7.734350e+06
1.299034e+15 -1.170782e+15
-1.427705e+07 2.638216e+06
3.686586e+09 2.223863e+08
3.050414e+19 6.424676e+19
-3.300328e+08 -8.487044e+07
-8.260751e+07 -1.365997e+08
-6.626594e+06 2.636355e+07
-9.873926e+06 -1.219931e+06
8.762452e+05 6.852645e+06
-4.907454e+09 6.379572e+10
2.442417e+08 -4.263275e+08
3.408424e+11 5.329887e+12
4.423619e+10 -5.956259e+10
2.010947e+08 -7.511994e+08
5.511387e+08 1.577912e+08
-3.713935e+08 -9.597183e+08
1.192724e+06 -1.046242e+01
9.324765e+06 -5.562053e+00
8.662409e+05 1.747565e+07
-9.087098e+08 -8.033572e+08
1.205545e+08 3.909161e+08
-7.718671e+07 -6.360477e+07
2.310180e+11 -1.053953e+12
-4.986279e+07 -7.749680e+06
7.351013e+06 1.331427e+06
2.000038e+10 1.389197e+10
-8.680335e+00 -1.104543e+07
9.862830e+08 -2.016536e+09
1.157329e+09 -5.012030e+07
-6.952959e+06 7.072283e+06
-7.410541e+06 -4.026079e+06
-2.034877e+07 -1.082651e+01
8.615095e+06 5.841409e+06
