1.256922e+06 4.994754e+00
4.992102e+06 -8.790040e+05
5.225294e+09 6.753550e+10
1.239862e+12 1.366921e+12
-9.364553e+11 -1.280684e+12
-3.406685e+09 -6.544319e+08
9.708749e+06 -3.476231e+07
-4.377359e+06 -3.593494e+06
-1.445159e+06 -9.544021e+06
-3.186182e+06 7.639370e+00
4.615160e+05 -1.010577e+06
-2.142644e+07 5.703274e+07
2.929338e+09 -3.808183e+10
3.130327e+09 -9.209886e+08
-3.154577e+10 -6.831570e+09
3.133535e+09 1.501460e+09
-8.360410e+05 2.707010e+07
-4.206777e+06 -1.461260e+06
1.211132e+07 6.001126e+00
-1.500735e+08 1.467946e+08
-1.365786e+06 -2.738940e+06
-2.411648e+09 9.019386e+08
9.072192e+08 2.938407e+10
-4.311513e+10 -9.115419e+09
-3.307906e+07 6.471977e+07
-8.610504e+06 8.524246e+05
4.689148e+05 -8.819574e+04
5.482896e+07 -4.281547e+07
-1.374730e+13 -3.733933e+12
-1.351660e+00 -2.234098e+06
2.694464e+07 -1.216725e+07
-8.236889e+07 1.611907e+07
-2.030352e+10 -6.103347e+09
-1.988275e+09 -1.136728e+09
-2.536599e+07 -3.611278e+06
5.719168e+10 -3.589323e+10
1.977794e+14 3.769406e+14
4.841577e+05 9.014529e+05
3.155584e+10 6.833684e+09
1.062747e+08 8.556214e+07
6.056864e+10 -6.797568e+09
1.333433e+06 2.734555e+06
3.328402e+00 -1.287759e+06
-1.193886e+10 -8.294654e+09
9.063545e+06 6.573213e+07
1.335699e+06 -1.267239e+06
-1.755178e+12 2.445674e+12
8.370310e+05 -6.380502e+05
8.240945e+07 -1.619256e+07
-1.272200e+09 -1.263728e+09
4.252808e+08 -7.336693e+07
1.915354e+07 1.146630e+07
2.044371e+00 -9.783175e+05
9.732751e+06 -1.094261e+06
2.146313e+13 7.812313e+12
2.410649e+09 -9.025003e+08
-2.765970e+11 4.817419e+10
3.517630e+08 8.922719e+07
2.532388e+06 6.584333e+06
-2.839552e+07 -8.549218e+07
-1.201068e+13 -1.613534e+13
-5.379819e+11 1.005670e+11
4.068933e+07 -8.152885e+07
1.263714e+08 1.403236e+08
-2.451605e+15 3.503360e+15
-2.262384e+08 7.404646e+07
1.356702e+07 -2.758356e+07
-8.619252e+11 -1.300914e+11
-5.631722e+09 -4.814918e+09
4.354764e+09 -6.115412e+08
3.174153e+06 -1.382182e+00
-8.333795e+09 -9.274047e+09
1.374872e+13 3.734062e+12
1.204707e+09 2.999087e+08
7.062270e+04 5.656716e+00
-6.021641e+10 -1.989629e+10
-2.031702e+11 -3.178016e+12
-2.029410e+09 -3.951841e+09
-2.248797e+06 2.324731e+06
-2.926640e+08 -9.225298e+07
-3.350904e+09 -1.373109e+10
1.201027e+13 1.613423e+13
-3.320072e+09 2.162424e+09
3.312859e+07 -6.477345e+07
-4.390500e+08 3.206040e+08
-1.703627e+08 -8.485272e+06
-1.527299e+00 -1.093394e+07
9.365377e+11 1.280639e+12
-1.322030e+06 -1.026801e+01
-1.052183e+05 -1.102624e+01
-4.070629e+07 8.133489e+07
8.334063e+09 9.275331e+09
-1.555413e+09 -1.034004e+09
2.694030e+17 -4.386609e+17
2.030910e+10 6.106024e+09
-5.059103e+00 -2.185323e+06
6.079959e+08 1.031961e+09
1.616829e+06 -2.120045e+06
-5.929864e+04 -1.537039e+06
-1.096561e+10 7.142953e+09
-9.061859e+08 -2.939215e+10
9.053629e+11 -8.727680e+11
-1.006817e+09 -7.482706e+08
-4.422577e+11 6.682304e+11
4.701074e+04 1.378477e+06
1.481106e+07 9.080804e+07
4.422577e+11 -6.681265e+11
5.623402e+05 -8.415798e+00
2.086023e+14 -1.072295e+14
-5.718647e+10 3.588915e+10
1.528315e+11 8.605617e+11
2.878000e+07 -3.606371e+00
-2.351236e+08 2.256774e+08
-4.354583e+09 6.117219e+08
9.259511e+12 -3.325706e+12
-1.204448e+09 -3.005148e+08
-1.937479e+06 5.794117e+05
2.452410e+15 -3.504026e+15
1.299494e+06 2.466175e+06
-4.093679e+10 -1.187440e+10
-2.694495e+17 4.386988e+17
-4.064547e+08 2.504117e+08
1.201114e+13 -3.881932e+12
3.320095e+09 -2.162328e+09
-1.199545e+08 4.484550e+08
4.216532e+11 -4.157252e+11
1.069090e+08 2.002502e+08
1.635668e+10 2.513009e+10
-4.269718e+06 7.376788e+06
3.789927e+08 -4.079871e+08
-2.169104e+06 -1.037699e+07
2.191490e+06 1.035664e+07
1.624167e+00 -1.077060e+07
-1.315095e+11 2.636055e+11
-6.459161e+07 1.966403e+07
-1.058482e+08 -8.411946e+07
-1.467507e+07 -2.395045e+07
9.345285e+00 9.677201e+06
2.056882e+09 3.958127e+09
-5.427647e+07 1.462467e+08
1.594990e+15 -7.552342e+15
9.130467e+06 -4.641164e+06
-2.568277e+06 -1.042003e+07
4.052333e+08 -2.502658e+08
-8.304913e+05 -2.666441e+06
-3.430656e+16 -1.276262e+17
-5.422501e+05 1.007667e+01
5.454148e+07 -4.394237e+06
-8.215969e+08 -7.896420e+07
-4.188236e+06 -6.761732e+05
-3.790168e+08 4.079839e+08
-3.604068e+06 -4.122538e+06
-7.944665e+07 8.906210e+07
-2.298536e+11 -4.470771e+10
-5.588466e+10 2.047496e+11
-3.175890e+00 5.719280e+05
-3.383750e+12 -1.068838e+11
1.021001e+08 -3.788653e+07
3.910919e+13 -6.774658e+13
2.038133e+00 -2.559193e+07
3.763699e+06 -4.665414e+06
-1.604032e+05 -1.358435e+06
3.145641e+08 -7.246841e+07
2.429368e+05 1.362256e+06
8.193119e+05 2.639467e+06
-6.054556e+10 6.795758e+09
-4.918098e+06 -1.387520e+05
-1.528180e+11 -8.604719e+11
1.014388e+10 2.042570e+10
-1.641294e+11 -3.680129e+11
-5.477744e+15 2.252824e+14
2.492836e+06 1.077852e+07
7.941638e+07 -8.906237e+07
8.827678e+05 9.747853e+06
5.588363e+10 -2.047567e+11
-1.979521e+08 -1.870690e+08
9.119958e+13 3.003482e+13
2.932317e+08 9.228449e+07
2.394697e+09 -4.165150e+08
5.430658e+07 -1.462490e+08
8.215221e+08 7.917015e+07
1.987027e+08 -1.681074e+08
1.272154e+09 1.263621e+09
-1.457250e+08 2.544164e+08
4.025939e+08 7.346231e+08
-4.567577e+06 -2.105635e+06
2.865659e+07 4.114869e+06
-3.911189e+13 6.775127e+13
-2.863249e+07 -3.990219e+06
-4.453988e+06 -7.228403e+06
5.478122e+15 -2.253175e+14
-2.733266e+07 6.315188e+05
1.423485e+11 -3.169719e+10
-9.053136e+11 8.728240e+11
-1.412707e+07 5.145861e+07
-1.423964e+11 3.170287e+10
1.979414e+08 1.870778e+08
1.594301e+07 2.458317e+07
-3.712679e+05 -1.054405e+07
3.425202e+00 1.934273e+06
1.550046e+06 -1.994096e+06
2.865638e+08 9.689252e+07
2.298499e+11 4.470242e+10
-2.258559e+06 3.531378e+06
1.555887e+09 1.034247e+09
1.754906e+12 -2.445421e+12
-3.142562e+08 7.303237e+07
1.701777e+08 7.781897e+06
-1.014348e+10 -2.042677e+10
7.139446e+20 -5.897951e+20
1.090071e+05 2.901677e+06
5.080730e+00 1.621518e+06
1.496442e+07 -5.340334e+07
4.342626e+13 -3.021285e+13
-9.886245e+00 6.396076e+05
4.389442e+08 -3.204296e+08
-1.963434e+06 -1.930939e+05
9.044433e+06 -6.003708e+05
6.500020e+07 -1.915235e+07
-1.986778e+08 1.116684e+08
5.963614e+06 5.052816e+05
-1.977623e+14 -3.768885e+14
-2.393350e+09 4.178213e+08
1.790496e+07 -6.859111e+07
5.632635e+09 4.816086e+09
-3.871303e+07 1.163566e+06
1.962683e+07 -5.469355e+07
-5.963861e+07 6.881768e+07
-1.595265e+15 7.552995e+15
5.364224e+07 2.566301e+07
1.096769e+09 3.267019e+09
1.315274e+11 -2.636373e+11
-4.343602e+13 3.021703e+13
-2.596479e+10 -8.490482e+09
1.852263e+10 4.618253e+08
-1.852103e+10 -4.617747e+08
5.991682e+07 -6.847852e+07
-2.814019e+07 1.016556e+08
3.431072e+16 1.276196e+17
-2.679616e+06 -6.765765e+06
5.142978e+00 -2.269944e+06
-1.042027e+07 2.498601e+08
5.520685e+08 -3.256254e+07
1.515984e+06 -9.313282e+05
-1.518815e+06 9.381849e+05
-3.134678e+09 -1.501980e+09
3.868306e+07 -2.052047e+06
-3.625358e+00 1.452688e+07
-1.821064e+19 -3.834813e+19
2.135493e+07 -1.632493e+07
4.535044e+05 6.010698e+00
-3.634254e+06 -6.650433e+06
-1.015519e+08 3.794326e+07
4.469082e+06 2.164333e+06
1.165097e+06 -6.388717e+00
-3.515153e+08 -8.916619e+07
-1.394118e+06 -4.986402e+06
2.815957e+07 -1.017098e+08
-1.384205e+07 5.828670e+06
1.356688e+06 3.921377e+06
-1.635803e+10 -2.513174e+10
-7.140556e+20 5.899275e+20
8.894658e+04 3.064065e+00
-1.789703e+07 6.863034e+07
-2.146499e+13 -7.812448e+12
3.031967e+08 -2.927894e+10
-1.611543e+00 -2.258990e+06
-5.633372e+06 -6.522717e+07
-5.227740e+09 -6.757710e+10
-1.097033e+09 -3.267414e+09
1.005444e+09 7.478711e+08
-7.280560e+07 -2.327810e+08
4.894355e+07 8.217994e+07
-4.029909e+08 -7.352621e+08
-1.200602e+06 5.930717e+00
9.864597e+00 -1.626968e+06
-2.086492e+14 1.072517e+14
1.414829e+15 1.528440e+16
-4.750675e+06 -1.075511e+01
1.988162e+09 1.137021e+09
8.439452e+00 1.946418e+06
-5.545377e+08 2.750530e+07
-2.118879e+07 1.631339e+07
4.781459e+06 1.125130e+00
-1.308799e+08 1.119274e+08
-4.220351e+11 4.157148e+11
-1.341986e+05 -1.089277e+07
-1.516496e+13 5.476779e+14
-1.379316e+11 6.292687e+11
2.863721e+06 -7.658211e+06
3.006681e+07 4.574065e+06
-5.120341e+07 -8.698128e+07
1.639866e+07 -1.221751e+06
-5.820388e-01 2.175261e+06
-2.675231e+07 -7.743882e+06
3.626528e+06 6.630202e+06
-3.131607e+09 9.215174e+08
-1.240312e+12 -1.367252e+12
3.337140e+07 -8.568273e+06
8.620736e+11 1.301092e+11
1.379695e+07 -5.901510e+06
2.212118e+08 5.740651e+08
-1.249022e+08 -1.324029e+08
-7.770597e+05 -4.284222e+05
-5.419745e+06 1.125975e+06
1.834288e+08 -2.396774e+07
-5.755635e+00 6.946717e+05
3.387953e+06 2.949911e+06
4.313559e+10 9.119637e+09
2.709953e+06 3.542222e+06
5.380193e+11 -1.005654e+11
-1.233332e+05 -2.969731e+04
-6.909987e+08 2.992036e+07
5.429927e+08 4.801483e+08
-7.755790e+14 6.990195e+14
-1.071688e+08 -1.999873e+08
-8.327452e+05 -7.910522e+05
2.674891e+07 7.800518e+06
3.318785e+09 1.374754e+10
-5.390968e+05 -2.963824e+00
-9.775348e+00 1.640427e+06
-1.201446e+13 3.884279e+12
-1.908881e+07 -1.157090e+07
-3.302960e+08 -9.329400e+07
-4.508538e+00 7.203245e+06
1.096631e+10 -7.143605e+09
-9.123111e+13 -3.004209e+13
5.509948e+06 6.686177e+06
-2.727557e+06 7.577961e+06
-3.031014e+08 2.928122e+10
1.970553e+08 5.057797e+07
3.315763e+06 -6.125623e+05
1.919622e+06 -5.380390e+05
-2.743151e+07 1.207228e+07
-1.414804e+15 -1.528361e+16
-1.754437e+06 1.045200e+01
2.765867e+11 -4.817821e+10
1.162295e+11 -8.324951e+08
-1.162596e+11 8.325398e+08
6.023535e+10 1.989682e+10
-9.260630e+12 3.325936e+12
3.385153e+12 1.069248e+11
4.094298e+10 1.187543e+10
-1.433586e+07 2.763685e+07
2.596652e+10 8.489158e+09
1.045416e+07 -2.501552e+08
3.735623e+06 -7.433806e+06
-2.200867e+09 -1.332933e+08
4.227943e+05 2.159918e+00
3.406761e+09 6.547738e+08
-5.412561e+07 -2.576671e+07
4.004841e+06 -1.570155e+07
-8.710263e+00 -7.078729e+06
-9.311478e+05 9.990519e+00
1.641862e+11 3.681399e+11
-5.416778e+07 4.371807e+07
-1.600093e+07 1.660679e+06
4.565172e+07 3.777129e+07
-8.045935e+06 3.494075e+07
-2.640899e+10 3.556273e+10
-4.247634e+08 7.241072e+07
1.271048e+06 4.605902e+00
1.499439e+08 -1.470966e+08
1.516652e+13 -5.476779e+14
-6.087808e+08 -1.031007e+09
-5.893558e+08 1.202785e+09
-5.497660e+07 4.617590e+06
7.756326e+14 -6.990436e+14
-8.523353e+06 1.574944e+06
2.201225e+09 1.327861e+08
1.821221e+19 3.835740e+19
-1.970697e+08 -5.067661e+07
-4.932144e+07 -8.155778e+07
-3.956743e+06 1.574186e+07
-5.895615e+06 -7.281376e+05
5.230084e+05 4.091655e+06
-2.930266e+09 3.809446e+10
1.457659e+08 -2.544303e+08
2.034133e+11 3.180931e+12
2.641082e+10 -3.556276e+10
1.200684e+08 -4.485291e+08
3.290681e+08 9.421298e+07
-2.217501e+08 -5.730466e+08
7.121177e+05 6.986897e+00
5.568103e+06 -4.685525e+00
5.170589e+05 1.043383e+07
-5.425894e+08 -4.796702e+08
7.196594e+07 2.333602e+08
-4.607195e+07 -3.796462e+07
1.379314e+11 -6.292484e+11
-2.977095e+07 -4.627067e+06
4.387950e+06 7.946080e+05
1.194013e+10 8.294180e+09
-6.656656e+00 -6.582845e+06
5.881735e+08 -1.202640e+09
6.910111e+08 -2.992534e+07
-4.148483e+06 4.219708e+06
-4.424778e+06 -2.403747e+06
-1.214948e+07 -8.678031e+00
5.143665e+06 3.488017e+06
