2.133314e+06 1.827742e+00
8.471624e+06 -1.491768e+06
8.867341e+09 1.146029e+11
2.104173e+12 2.319705e+12
-1.589080e+12 -2.173186e+12
-5.782429e+09 -1.110852e+09
1.647823e+07 -5.900428e+07
-7.429814e+06 -6.099356e+06
-2.452716e+06 -1.619603e+07
-5.407680e+06 -2.561685e+00
7.829804e+05 -1.714433e+06
-3.635737e+07 9.677835e+07
4.970880e+09 -6.462481e+10
5.313361e+09 -1.563238e+09
-5.353267e+10 -1.159339e+10
5.319398e+09 2.548753e+09
-1.419106e+06 4.595860e+07
-7.138197e+06 -2.479536e+06
2.055232e+07 6.136796e+00
-2.546928e+08 2.491237e+08
-2.317260e+06 -4.647850e+06
-4.092638e+09 1.530563e+09
1.539591e+09 4.986704e+10
-7.317335e+10 -1.546990e+10
-5.614351e+07 1.098401e+08
-1.461278e+07 1.446815e+06
7.961180e+05 -1.499149e+05
9.307874e+07 -7.267972e+07
-2.332907e+13 -6.336801e+12
-1.078559e+01 -3.792277e+06
4.572670e+07 -2.065060e+07
-1.397807e+08 2.735586e+07
-3.445719e+10 -1.035768e+10
-3.374284e+09 -1.929123e+09
-4.304815e+07 -6.128733e+06
9.706237e+10 -6.091669e+10
3.356146e+14 6.396090e+14
8.207634e+05 1.529953e+06
5.354455e+10 1.159577e+10
1.803484e+08 1.451955e+08
1.027803e+11 -1.153483e+10
2.262741e+06 4.640416e+06
-4.695053e+00 -2.184686e+06
-2.026288e+10 -1.407707e+10
1.538079e+07 1.115452e+08
2.267104e+06 -2.150934e+06
-2.980554e+12 4.152980e+12
1.420510e+06 -1.082916e+06
1.398468e+08 -2.747735e+07
-2.159171e+09 -2.144885e+09
7.219344e+08 -1.245559e+08
3.251020e+07 1.946247e+07
-3.954284e-01 -1.660315e+06
1.652050e+07 -1.857451e+06
3.642664e+13 1.325899e+13
4.090997e+09 -1.531586e+09
-4.693657e+11 8.174696e+10
5.969703e+08 1.514256e+08
4.298045e+06 1.117522e+07
-4.818715e+07 -1.450766e+08
-2.038177e+13 -2.738053e+13
-9.128624e+11 1.706517e+11
6.903894e+07 -1.383317e+08
2.148408e+08 2.385644e+08
-4.159877e+15 5.944597e+15
-3.838998e+08 1.256550e+08
2.302288e+07 -4.681166e+07
-1.462606e+12 -2.207535e+11
-9.563153e+09 -8.175383e+09
7.389308e+09 -1.037676e+09
5.387123e+06 5.186152e+00
-1.414164e+10 -1.573769e+10
2.333144e+13 6.336542e+12
2.047139e+09 5.096317e+08
1.199774e+05 -6.666686e+00
-1.021949e+11 -3.376682e+10
-3.449310e+11 -5.395757e+12
-3.444123e+09 -6.706562e+09
-3.816027e+06 3.944967e+06
-4.973015e+08 -1.567594e+08
-5.686807e+09 -2.330292e+10
2.038218e+13 2.738053e+13
-5.634094e+09 3.669586e+09
5.622128e+07 -1.099234e+08
-7.451728e+08 5.441002e+08
-2.891556e+08 -1.440189e+07
3.596807e+00 -1.855475e+07
1.589212e+12 2.173163e+12
-2.243825e+06 9.343585e+00
-1.786599e+05 -1.077515e+01
-6.907882e+07 1.380088e+08
1.414103e+10 1.573834e+10
-2.639868e+09 -1.754894e+09
4.571718e+17 -7.444070e+17
3.446720e+10 1.036230e+10
-7.964347e+00 -3.709284e+06
1.031955e+09 1.751504e+09
2.743961e+06 -3.597968e+06
-1.008876e+05 -2.608709e+06
-1.861183e+10 1.212388e+10
-1.537751e+09 -4.987813e+10
1.536374e+12 -1.481072e+12
-1.708537e+09 -1.269788e+09
-7.505766e+11 1.134085e+12
7.967592e+04 2.339081e+06
2.513380e+07 1.541039e+08
7.506606e+11 -1.134004e+12
9.545149e+05 -3.940238e+00
3.541306e+14 -1.820427e+14
-9.706260e+10 6.091422e+10
2.594760e+11 1.460999e+12
4.883582e+07 -1.921510e+00
-3.989941e+08 3.829716e+08
-7.389782e+09 1.038045e+09
1.571620e+13 -5.644541e+12
-2.046637e+09 -5.106471e+08
-3.288446e+06 9.835907e+05
4.161571e+15 -5.945686e+15
2.206416e+06 4.187456e+06
-6.946875e+10 -2.014981e+10
-4.572044e+17 7.444145e+17
-7.038224e+08 4.335984e+08
2.038412e+13 -6.587131e+12
5.633994e+09 -3.669500e+09
-2.035625e+08 7.610487e+08
7.155034e+11 -7.054198e+11
1.814296e+08 3.398194e+08
2.775853e+10 4.264709e+10
-7.250416e+06 1.252687e+07
6.431821e+08 -6.923811e+08
-3.680975e+06 -1.760813e+07
3.718790e+06 1.757438e+07
4.655824e+00 -1.828197e+07
-2.236188e+11 4.482363e+11
-1.096331e+08 3.337451e+07
-1.796499e+08 -1.427696e+08
-2.490704e+07 -4.064983e+07
-9.051478e+00 1.642630e+07
3.490770e+09 6.717077e+09
-9.211790e+07 2.482079e+08
2.707651e+15 -1.282070e+16
1.549499e+07 -7.876582e+06
-4.359196e+06 -1.768703e+07
7.017409e+08 -4.333876e+08
-1.409492e+06 -4.525295e+06
-5.827436e+16 -2.167870e+17
-9.206345e+05 -7.721961e+00
9.257562e+07 -7.458923e+06
-1.394220e+09 -1.340138e+08
-7.109741e+06 -1.148013e+06
-6.432315e+08 6.923683e+08
-6.115920e+06 -6.995971e+06
-1.348174e+08 1.511309e+08
-3.900584e+11 -7.586699e+10
-9.483610e+10 3.474661e+11
-7.432176e+00 9.705905e+05
-5.742182e+12 -1.813959e+11
1.733007e+08 -6.430869e+07
6.638419e+13 -1.149896e+14
6.081307e+00 -4.345128e+07
6.392157e+06 -7.923685e+06
-2.719962e+05 -2.305181e+06
5.341277e+08 -1.230556e+08
4.123936e+05 2.311787e+06
1.390186e+06 4.479231e+06
-1.027457e+11 1.153248e+10
-8.346078e+06 -2.356460e+05
-2.594385e+11 -1.460850e+12
1.721539e+10 3.466574e+10
-2.785306e+11 -6.245051e+11
-9.295534e+15 3.822890e+14
4.231045e+06 1.829334e+07
1.347682e+08 -1.511313e+08
1.498108e+06 1.653989e+07
9.482729e+10 -3.474520e+11
-3.359539e+08 -3.174900e+08
1.548223e+14 5.098780e+13
4.982784e+08 1.568197e+08
4.065212e+09 -7.070984e+08
9.216321e+07 -2.481928e+08
1.394154e+09 1.343581e+08
3.372748e+08 -2.853379e+08
2.159005e+09 2.144569e+09
-2.474043e+08 4.319425e+08
6.832320e+08 1.246725e+09
-7.752718e+06 -3.574417e+06
4.862948e+07 6.983290e+06
-6.638689e+13 1.150002e+14
-4.858785e+07 -6.771314e+06
-7.559242e+06 -1.226736e+07
9.296196e+15 -3.823553e+14
-4.638233e+07 1.072271e+06
2.415916e+11 -5.379298e+10
-1.536402e+12 1.481211e+12
-2.397588e+07 8.732910e+07
-2.416429e+11 5.380044e+10
3.359623e+08 3.175114e+08
2.705780e+07 4.172149e+07
-6.301519e+05 -1.789299e+07
2.816033e-01 3.282762e+06
2.630744e+06 -3.384012e+06
4.862913e+08 1.644223e+08
3.900510e+11 7.585738e+10
-3.832883e+06 5.993136e+06
2.640599e+09 1.755369e+09
2.980161e+12 -4.152642e+12
-5.335894e+08 1.240143e+08
2.888445e+08 1.320875e+07
-1.721460e+10 -3.466789e+10
1.211675e+21 -1.000971e+21
1.850595e+05 4.925490e+06
1.846522e+00 2.752402e+06
2.539642e+07 -9.063106e+07
7.370499e+13 -5.127996e+13
-9.419434e+00 1.085651e+06
7.450482e+08 -5.438759e+08
-3.333101e+06 -3.281292e+05
1.534936e+07 -1.018958e+06
1.103295e+08 -3.250749e+07
-3.372510e+08 1.895504e+08
1.012057e+07 8.576540e+05
-3.356283e+14 -6.396350e+14
-4.063150e+09 7.093176e+08
3.038752e+07 -1.164090e+08
9.563994e+09 8.177460e+09
-6.569701e+07 1.974839e+06
3.330372e+07 -9.280746e+07
-1.012351e+08 1.168162e+08
-2.707706e+15 1.282017e+16
9.102957e+07 4.354878e+07
1.861173e+09 5.543568e+09
2.235977e+11 -4.481994e+11
-7.370724e+13 5.127735e+13
-4.406064e+10 -1.440795e+10
3.143322e+10 7.837368e+08
-3.143130e+10 -7.836732e+08
1.017079e+08 -1.162429e+08
-4.775342e+07 1.725091e+08
5.827555e+16 2.167671e+17
-4.548507e+06 -1.148395e+07
-6.859183e+00 -3.853415e+06
-1.769176e+07 4.242448e+08
9.374349e+08 -5.529303e+07
2.573064e+06 -1.580897e+06
-2.577725e+06 1.592255e+06
-5.321050e+09 -2.549543e+09
6.565247e+07 -3.483180e+06
7.374838e+00 2.465238e+07
-3.090581e+19 -6.508476e+19
3.624534e+07 -2.770709e+07
7.699762e+05 8.378990e+00
-6.168133e+06 -1.128712e+07
-1.723491e+08 6.439674e+07
7.584573e+06 3.673282e+06
1.977126e+06 -5.632400e+00
-5.964877e+08 -1.513113e+08
-2.365911e+06 -8.461480e+06
4.778152e+07 -1.725962e+08
-2.349198e+07 9.892472e+06
2.302567e+06 6.654707e+06
-2.776378e+10 -4.265562e+10
-1.211884e+21 1.001174e+21
1.508313e+05 -5.360313e+00
-3.037492e+07 1.164804e+08
-3.642887e+13 -1.325913e+13
5.145438e+08 -4.968719e+10
-4.637717e+00 -3.833810e+06
-9.560133e+06 -1.106900e+08
-8.871010e+09 -1.146722e+11
-1.861719e+09 -5.544995e+09
1.706281e+09 1.269130e+09
-1.235797e+08 -3.951246e+08
8.306397e+07 1.394694e+08
-6.838967e+08 -1.247805e+09
-2.037596e+06 1.079857e+01
8.813362e+00 -2.761427e+06
-3.541991e+14 1.820742e+14
2.400907e+15 2.593620e+16
-8.062814e+06 1.033955e+01
3.374114e+09 1.929546e+09
-6.559284e+00 3.303307e+06
-9.415787e+08 4.670197e+07
-3.596435e+07 2.768726e+07
8.115262e+06 7.873707e+00
-2.221420e+08 1.899850e+08
-7.162020e+11 7.054641e+11
-2.278566e+05 -1.848471e+07
-2.573870e+13 9.295164e+14
-2.340914e+11 1.067959e+12
4.859999e+06 -1.299708e+07
5.102623e+07 7.762797e+06
-8.691398e+07 -1.476436e+08
2.783459e+07 -2.073955e+06
6.516796e+00 3.691833e+06
-4.540302e+07 -1.314316e+07
6.155819e+06 1.125376e+07
-5.315137e+09 1.564063e+09
-2.104816e+12 -2.320296e+12
5.663601e+07 -1.454094e+07
1.462858e+12 2.207936e+11
2.341640e+07 -1.001562e+07
3.754249e+08 9.742690e+08
-2.123571e+08 -2.251076e+08
-1.318828e+06 -7.269804e+05
-9.197416e+06 1.910687e+06
3.113315e+08 -4.068102e+07
-6.033155e+00 1.178560e+06
5.749548e+06 5.005899e+06
7.319801e+10 1.547548e+10
4.598833e+06 6.010955e+06
9.130765e+11 -1.706714e+11
-2.093303e+05 -5.039201e+04
-1.172654e+09 5.077742e+07
9.214909e+08 8.148204e+08
-1.316218e+15 1.186306e+15
-1.818750e+08 -3.393975e+08
-1.413371e+06 -1.342714e+06
4.539793e+07 1.323893e+07
5.632591e+09 2.333268e+10
-9.152162e+05 -4.517998e+00
1.306583e+00 2.783943e+06
-2.038951e+13 6.591958e+12
-3.239693e+07 -1.963785e+07
-5.605726e+08 -1.583353e+08
-8.259394e+00 1.222572e+07
1.861394e+10 -1.212529e+10
-1.548933e+14 -5.100493e+13
9.351564e+06 1.134786e+07
-4.629438e+06 1.286063e+07
-5.143119e+08 4.968712e+10
3.343724e+08 8.582670e+07
5.628670e+06 -1.040588e+06
3.258268e+06 -9.135991e+05
-4.655486e+07 2.048878e+07
-2.400932e+15 -2.593514e+16
-2.977945e+06 5.887377e+00
4.693931e+11 -8.175946e+10
1.972838e+11 -1.412878e+09
-1.973119e+11 1.412958e+09
1.022196e+11 3.376568e+10
-1.571764e+13 5.645173e+12
5.744638e+12 1.814536e+11
6.948380e+10 2.015338e+10
-2.433036e+07 4.690364e+07
4.407071e+10 1.440768e+10
1.775051e+07 -4.247336e+08
6.343184e+06 -1.262303e+07
-3.735069e+09 -2.261933e+08
7.171943e+05 -5.109241e+00
5.782001e+09 1.111288e+09
-9.185322e+07 -4.372771e+07
6.795924e+06 -2.664293e+07
9.333021e+00 -1.201288e+07
-1.580317e+06 -7.165701e+00
2.786244e+11 6.247275e+11
-9.193857e+07 7.420242e+07
-2.715906e+07 2.818607e+06
7.749843e+07 6.412172e+07
-1.365538e+07 5.930066e+07
-4.482090e+10 6.035605e+10
-7.210776e+08 1.229171e+08
2.157805e+06 -9.562134e+00
2.544672e+08 -2.496341e+08
2.573974e+13 -9.295070e+14
-1.033193e+09 -1.749776e+09
-1.001299e+09 2.043513e+09
-9.330389e+07 7.836756e+06
1.316231e+15 -1.186282e+15
-1.446610e+07 2.673139e+06
3.735390e+09 2.253303e+08
3.090801e+19 6.509735e+19
-3.344012e+08 -8.599374e+07
-8.370107e+07 -1.384080e+08
-6.714281e+06 2.671243e+07
-1.000462e+07 -1.236064e+06
8.878243e+05 6.943334e+06
-4.972413e+09 6.464017e+10
2.474770e+08 -4.319748e+08
3.453573e+11 5.400487e+12
4.482181e+10 -6.035118e+10
2.037572e+08 -7.611454e+08
5.584355e+08 1.598803e+08
-3.763101e+08 -9.724324e+08
1.208520e+06 8.523938e+00
9.448222e+06 -1.065839e+01
8.776853e+05 1.770701e+07
-9.207398e+08 -8.139924e+08
1.221510e+08 3.960928e+08
-7.820906e+07 -6.444721e+07
2.340767e+11 -1.067907e+12
-5.052291e+07 -7.852255e+06
7.448338e+06 1.349033e+06
2.026520e+10 1.407594e+10
3.650595e+00 -1.119203e+07
9.993635e+08 -2.043279e+09
1.172651e+09 -5.078383e+07
-7.045094e+06 7.165993e+06
-7.508637e+06 -4.079363e+06
-2.061814e+07 1.007655e+01
8.729150e+06 5.918751e+06
