1.740680e+06 9.938925e+00
6.912930e+06 -1.217282e+06
7.235717e+09 9.351993e+10
1.716970e+12 1.892843e+12
-1.296694e+12 -1.773348e+12
-4.718053e+09 -9.063600e+08
1.344515e+07 -4.814317e+07
-6.062235e+06 -4.976870e+06
-2.001405e+06 -1.321653e+07
-4.412572e+06 1.072895e+00
6.389776e+05 -1.399055e+06
-2.966864e+07 7.897151e+07
4.056120e+09 -5.273147e+10
4.335239e+09 -1.275476e+09
-4.368170e+10 -9.460031e+09
4.339982e+09 2.079454e+09
-1.157658e+06 3.749585e+07
-5.824829e+06 -2.023303e+06
1.677102e+07 -7.850371e+00
-2.078238e+08 2.032795e+08
-1.891103e+06 -3.792977e+06
-3.339612e+09 1.248900e+09
1.256251e+09 4.068978e+10
-5.970606e+10 -1.262268e+10
-4.581000e+07 8.962529e+07
-1.192405e+07 1.180458e+06
6.495493e+05 -1.221995e+05
7.594381e+07 -5.930108e+07
-1.903653e+13 -5.170720e+12
8.884233e+00 -3.094280e+06
3.731348e+07 -1.685059e+07
-1.140640e+08 2.232233e+07
-2.811616e+10 -8.451850e+09
-2.753403e+09 -1.574168e+09
-3.512665e+07 -5.000900e+06
7.920102e+10 -4.970656e+10
2.738736e+14 5.219387e+14
6.700359e+05 1.248452e+06
4.369350e+10 9.462569e+09
1.471638e+08 1.184809e+08
8.387103e+10 -9.413011e+09
1.846496e+06 3.786609e+06
3.699729e+00 -1.782842e+06
-1.653378e+10 -1.148660e+10
1.255077e+07 9.102246e+07
1.849933e+06 -1.755127e+06
-2.431685e+12 3.388339e+12
1.159264e+06 -8.839368e+05
1.141201e+08 -2.242252e+07
-1.761853e+09 -1.750152e+09
5.890513e+08 -1.016247e+08
2.652676e+07 1.588023e+07
-9.190553e+00 -1.354887e+06
1.348063e+07 -1.515826e+06
2.972463e+13 1.081942e+13
3.338344e+09 -1.249771e+09
-3.830110e+11 6.670713e+10
4.871280e+08 1.235617e+08
3.507155e+06 9.118504e+06
-3.932009e+07 -1.183793e+08
-1.663115e+13 -2.234210e+13
-7.448738e+11 1.392488e+11
5.633613e+07 -1.128794e+08
1.752046e+08 1.945489e+08
-3.394269e+15 4.850648e+15
-3.132563e+08 1.025329e+08
1.878685e+07 -3.819835e+07
-1.193504e+12 -1.801360e+11
-7.801876e+09 -6.669628e+09
6.029836e+09 -8.467893e+08
4.396008e+06 8.259833e-01
-1.154013e+10 -1.284210e+10
1.903866e+13 5.170720e+12
1.669805e+09 4.156971e+08
9.808088e+04 1.003573e+01
-8.339129e+10 -2.755381e+10
-2.814277e+11 -4.402244e+12
-2.810417e+09 -5.472841e+09
-3.114146e+06 3.219479e+06
-4.056577e+08 -1.278696e+08
-4.640475e+09 -1.901529e+10
1.663198e+13 2.234293e+13
-4.597420e+09 2.994416e+09
4.587540e+07 -8.969779e+07
-6.080580e+08 4.439957e+08
-2.359460e+08 -1.175214e+07
5.600773e+00 -1.514073e+07
1.296825e+12 1.773347e+12
-1.831074e+06 -9.253259e+00
-1.458213e+05 6.131139e+00
-5.636872e+07 1.126202e+08
1.153938e+10 1.284242e+10
-2.153914e+09 -1.431866e+09
3.730346e+17 -6.074087e+17
2.812326e+10 8.455281e+09
2.335850e+00 -3.026319e+06
8.419925e+08 1.429081e+09
2.238841e+06 -2.935736e+06
-8.217458e+04 -2.128595e+06
-1.518636e+10 9.892378e+09
-1.254788e+09 -4.070089e+10
1.253704e+12 -1.208574e+12
-1.394223e+09 -1.036184e+09
-6.124737e+11 9.254286e+11
6.511869e+04 1.908797e+06
2.050968e+07 1.257478e+08
6.124890e+11 -9.252901e+11
7.788739e+05 1.669060e+00
2.889438e+14 -1.485311e+14
-7.920004e+10 4.970421e+10
2.117050e+11 1.192060e+12
3.985288e+07 -5.607559e+00
-3.255844e+08 3.125071e+08
-6.030019e+09 8.470483e+08
1.282347e+13 -4.605782e+12
-1.669342e+09 -4.165187e+08
-2.683256e+06 8.025172e+05
3.395879e+15 -4.851979e+15
1.800222e+06 3.416434e+06
-5.668709e+10 -1.644234e+10
-3.730857e+17 6.074390e+17
-5.705825e+08 3.515260e+08
1.663290e+13 -5.375318e+12
4.597235e+09 -2.994214e+09
-1.660995e+08 6.209889e+08
5.838483e+11 -5.756416e+11
1.480497e+08 2.772948e+08
2.265082e+10 3.480045e+10
-5.915338e+06 1.021991e+07
5.248308e+08 -5.649826e+08
-3.003944e+06 -1.436910e+07
3.034610e+06 1.434099e+07
-7.320004e+00 -1.491705e+07
-1.823565e+11 3.655200e+11
-8.945655e+07 2.723378e+07
-1.465883e+08 -1.164965e+08
-2.032346e+07 -3.316895e+07
-3.099010e-01 1.340305e+07
2.848414e+09 5.481047e+09
-7.516793e+07 2.025355e+08
2.209251e+15 -1.046087e+16
1.264410e+07 -6.427323e+06
-3.556914e+06 -1.443158e+07
5.689134e+08 -3.513540e+08
-1.150219e+06 -3.692601e+06
-4.753716e+16 -1.768483e+17
-7.511423e+05 5.141573e+00
7.553819e+07 -6.086134e+06
-1.137668e+09 -1.093541e+08
-5.801216e+06 -9.367732e+05
-5.248747e+08 5.649778e+08
-4.990748e+06 -5.708961e+06
-1.100145e+08 1.233242e+08
-3.182939e+11 -6.190939e+10
-7.738752e+10 2.835376e+11
7.511772e+00 7.920470e+05
-4.685534e+12 -1.480179e+11
1.414045e+08 -5.247319e+07
5.416616e+13 -9.382466e+13
9.356813e-01 -3.545102e+07
5.214847e+06 -6.464343e+06
-2.221959e+05 -1.881225e+06
4.357708e+08 -1.003949e+08
3.365986e+05 1.886470e+06
1.134564e+06 3.655197e+06
-8.383956e+10 9.410523e+09
-6.810619e+06 -1.922575e+05
-2.116702e+11 -1.191866e+12
1.404699e+10 2.828532e+10
-2.272746e+11 -5.095778e+11
-7.585063e+15 3.119354e+14
3.452434e+06 1.492698e+07
1.099734e+08 -1.233303e+08
1.222675e+06 1.349755e+07
7.738260e+10 -2.835305e+11
-2.741365e+08 -2.590714e+08
1.263262e+14 4.160221e+13
4.064303e+08 1.279109e+08
3.316879e+09 -5.769295e+08
7.520549e+07 -2.025261e+08
1.137615e+09 1.096331e+08
2.751955e+08 -2.328211e+08
1.761704e+09 1.749935e+09
-2.018544e+08 3.524125e+08
5.575073e+08 1.017301e+09
-6.325800e+06 -2.916517e+06
3.968264e+07 5.698507e+06
-5.416954e+13 9.383403e+13
-3.964649e+07 -5.525192e+06
-6.168007e+06 -1.000978e+07
7.585631e+15 -3.120017e+14
-3.784686e+07 8.748744e+05
1.971240e+11 -4.389209e+10
-1.253670e+12 1.208635e+12
-1.956343e+07 7.125841e+07
-1.971798e+11 4.390058e+10
2.741298e+08 2.590733e+08
2.207797e+07 3.404334e+07
-5.141395e+05 -1.460066e+07
8.224572e-01 2.678568e+06
2.146533e+06 -2.761198e+06
3.968077e+08 1.341680e+08
3.182785e+11 6.189922e+10
-3.127605e+06 4.890251e+06
2.154583e+09 1.432272e+09
2.431171e+12 -3.387705e+12
-4.353180e+08 1.011724e+08
2.356747e+08 1.077709e+07
-1.404692e+10 -2.828746e+10
9.886895e+20 -8.167780e+20
1.511233e+05 4.019042e+06
-6.557307e+00 2.246060e+06
2.072349e+07 -7.395437e+07
6.014108e+13 -4.184194e+13
-4.588938e+00 8.858212e+05
6.078997e+08 -4.437587e+08
-2.719395e+06 -2.675848e+05
1.252482e+07 -8.314100e+05
9.002080e+07 -2.652409e+07
-2.751703e+08 1.546572e+08
8.258255e+06 6.997604e+05
-2.738634e+14 -5.219257e+14
-3.315128e+09 5.787340e+08
2.479610e+07 -9.499072e+07
7.803193e+09 6.671855e+09
-5.361090e+07 1.611461e+06
2.717687e+07 -7.573366e+07
-8.259998e+07 9.531303e+07
-2.209306e+15 1.046022e+16
7.428056e+07 3.553577e+07
1.518732e+09 4.523700e+09
1.823515e+11 -3.655106e+11
-6.014408e+13 4.184089e+13
-3.595312e+10 -1.175693e+10
2.564940e+10 6.395316e+08
-2.564780e+10 -6.394659e+08
8.298658e+07 -9.484698e+07
-3.896825e+07 1.407711e+08
4.753953e+16 1.768284e+17
-3.711344e+06 -9.370123e+06
4.973781e+00 -3.144234e+06
-1.443465e+07 3.461296e+08
7.648127e+08 -4.511009e+07
2.099693e+06 -1.290010e+06
-2.103443e+06 1.299333e+06
-4.341541e+09 -2.080228e+09
5.356965e+07 -2.842055e+06
9.773338e+00 2.011550e+07
-2.521766e+19 -5.310561e+19
2.957388e+07 -2.260716e+07
6.281835e+05 -7.301150e+00
-5.032739e+06 -9.209429e+06
-1.406278e+08 5.254360e+07
6.188636e+06 2.997028e+06
1.613156e+06 5.620923e+00
-4.867153e+08 -1.234647e+08
-1.930433e+06 -6.904294e+06
3.898875e+07 -1.408364e+08
-1.916841e+07 8.071723e+06
1.878785e+06 5.430206e+06
-2.265412e+10 -3.480510e+10
-9.888622e+20 8.169309e+20
1.231259e+05 4.589122e+00
-2.478543e+07 9.504592e+07
-2.972574e+13 -1.081915e+13
4.198671e+08 -4.054501e+10
-7.137345e+00 -3.128301e+06
-7.801128e+06 -9.032533e+07
-7.238882e+09 -9.357655e+10
-1.519160e+09 -4.524693e+09
1.392315e+09 1.035608e+09
-1.008350e+08 -3.223986e+08
6.777887e+07 1.138051e+08
-5.580538e+08 -1.018191e+09
-1.662622e+06 -1.908671e+00
-7.814666e+00 -2.253104e+06
-2.889942e+14 1.485533e+14
1.959138e+15 2.116401e+16
-6.578919e+06 -1.492818e+00
2.753157e+09 1.574448e+09
1.112981e-02 2.695393e+06
-7.681756e+08 3.810145e+07
-2.934441e+07 2.259150e+07
6.621545e+06 9.446938e+00
-1.812509e+08 1.550127e+08
-5.844062e+11 5.756443e+11
-1.859035e+05 -1.508336e+07
-2.100186e+13 7.584557e+14
-1.910141e+11 8.714473e+11
3.965830e+06 -1.060564e+07
4.163688e+07 6.334366e+06
-7.091577e+07 -1.204663e+08
2.271126e+07 -1.692084e+06
-2.938962e+00 3.012325e+06
-3.704753e+07 -1.072413e+07
5.022630e+06 9.182197e+06
-4.336824e+09 1.276161e+09
-1.717484e+12 -1.893292e+12
4.621246e+07 -1.186473e+07
1.193726e+12 1.801650e+11
1.910700e+07 -8.172653e+06
3.063442e+08 7.949952e+08
-1.731833e+08 -1.835791e+08
-1.076194e+06 -5.932639e+05
-7.505002e+06 1.559170e+06
2.540314e+08 -3.319330e+07
-1.364679e+00 9.618666e+05
4.691633e+06 4.084817e+06
5.973085e+10 1.262823e+10
3.752781e+06 4.905124e+06
7.450692e+11 -1.392673e+11
-1.709894e+05 -4.129539e+04
-9.568905e+08 4.143470e+07
7.519423e+08 6.649001e+08
-1.074032e+15 9.680189e+14
-1.484112e+08 -2.769486e+08
-1.153345e+06 -1.095601e+06
3.704329e+07 1.080273e+07
4.596087e+09 1.903922e+10
-7.467940e+05 5.429433e+00
1.748926e+00 2.271733e+06
-1.663788e+13 5.379006e+12
-2.643513e+07 -1.602392e+07
-4.574100e+08 -1.291965e+08
-8.692853e+00 9.975834e+06
1.518765e+10 -9.893395e+09
-1.263719e+14 -4.161363e+13
7.630493e+06 9.259222e+06
-3.777380e+06 1.049403e+07
-4.197045e+08 4.054486e+10
2.728547e+08 7.003484e+07
4.592535e+06 -8.488922e+05
2.658630e+06 -7.453640e+05
-3.798692e+07 1.671817e+07
-1.959163e+15 -2.116348e+16
-2.429899e+06 6.323624e+00
3.830195e+11 -6.671578e+10
1.609741e+11 -1.152887e+09
-1.610022e+11 1.152943e+09
8.340992e+10 2.755219e+10
-1.282475e+13 4.606185e+12
4.687581e+12 1.480645e+11
5.669702e+10 1.644494e+10
-1.985295e+07 3.827211e+07
3.595948e+10 1.175582e+10
1.448118e+07 -3.465097e+08
5.174801e+06 -1.029777e+07
-3.047690e+09 -1.845665e+08
5.851766e+05 -2.427682e-01
4.717701e+09 9.067385e+08
-7.494955e+07 -3.568033e+07
5.545288e+06 -2.174003e+07
2.571550e+00 -9.801919e+06
-1.289500e+06 1.069975e+01
2.273513e+11 5.097684e+11
-7.501613e+07 6.054453e+07
-2.215979e+07 2.299817e+06
6.322942e+07 5.231565e+07
-1.114212e+07 4.838550e+07
-3.657114e+10 4.924761e+10
-5.883197e+08 1.002885e+08
1.760563e+06 -6.488200e+00
2.076408e+08 -2.036958e+08
2.100290e+13 -7.584463e+14
-8.430631e+08 -1.427778e+09
-8.167614e+08 1.666873e+09
-7.613518e+07 6.394878e+06
1.074072e+15 -9.680310e+14
-1.180456e+07 2.181385e+06
3.048146e+09 1.838733e+08
2.522080e+19 5.311886e+19
-2.728801e+08 -7.017201e+07
-6.829988e+07 -1.129398e+08
-5.478991e+06 2.179826e+07
-8.164770e+06 -1.008662e+06
7.245194e+05 5.665774e+06
-4.057530e+09 5.274679e+10
2.019079e+08 -3.524324e+08
2.817659e+11 4.406093e+12
3.657342e+10 -4.924519e+10
1.662601e+08 -6.210807e+08
4.556717e+08 1.304625e+08
-3.070675e+08 -7.935337e+08
9.861465e+05 4.442518e-01
7.710397e+06 -1.010467e+01
7.162461e+05 1.444892e+07
-7.513353e+08 -6.642296e+08
9.967012e+07 3.231871e+08
-6.381222e+07 -5.258319e+07
1.910043e+11 -8.713949e+11
-4.122633e+07 -6.407490e+06
6.077337e+06 1.100755e+06
1.653547e+10 1.148657e+10
4.035896e+00 -9.127269e+06
8.151568e+08 -1.666697e+09
9.568957e+08 -4.143932e+07
-5.747521e+06 5.846183e+06
-6.126735e+06 -3.328672e+06
-1.682378e+07 -1.038986e+01
7.122811e+06 4.830165e+06
