1.286869e+06 6.334646e-01
5.110886e+06 -8.999212e+05
5.349575e+09 6.914209e+10
1.269331e+12 1.399406e+12
-9.586953e+11 -1.311095e+12
-3.487623e+09 -6.699802e+08
9.939499e+06 -3.558887e+07
-4.481454e+06 -3.678935e+06
-1.479493e+06 -9.770836e+06
-3.261829e+06 -1.098896e+01
4.724229e+05 -1.034535e+06
-2.193513e+07 5.838676e+07
2.998899e+09 -3.898613e+10
3.204697e+09 -9.428695e+08
-3.229507e+10 -6.993849e+09
3.208020e+09 1.537147e+09
-8.558756e+05 2.771364e+07
-4.306390e+06 -1.495905e+06
1.239911e+07 -4.670727e-01
-1.536427e+08 1.502832e+08
-1.398206e+06 -2.804033e+06
-2.468961e+09 9.233725e+08
9.287819e+08 3.008256e+10
-4.413996e+10 -9.332074e+09
-3.386547e+07 6.625952e+07
-8.815318e+06 8.726943e+05
4.800892e+05 -9.031896e+04
5.613384e+07 -4.383413e+07
-1.407422e+13 -3.822664e+12
8.948927e+00 -2.287176e+06
2.758482e+07 -1.245674e+07
-8.432795e+07 1.650243e+07
-2.078657e+10 -6.248514e+09
-2.035567e+09 -1.163765e+09
-2.596925e+07 -3.697154e+06
5.855097e+10 -3.674629e+10
2.024796e+14 3.858980e+14
4.956550e+05 9.229128e+05
3.230624e+10 6.996197e+09
1.088026e+08 8.759723e+07
6.200896e+10 -6.959214e+09
1.365170e+06 2.799531e+06
6.452805e+00 -1.318342e+06
-1.222265e+10 -8.491805e+09
9.278908e+06 6.729403e+07
1.367440e+06 -1.297333e+06
-1.796955e+12 2.503888e+12
8.568921e+05 -6.531874e+05
8.436982e+07 -1.657767e+07
-1.302465e+09 -1.293790e+09
4.354025e+08 -7.511324e+07
1.960915e+07 1.173905e+07
7.735773e+00 -1.001587e+06
9.964302e+06 -1.120304e+06
2.197357e+13 7.997980e+12
2.467927e+09 -9.239446e+08
-2.831640e+11 4.931887e+10
3.601227e+08 9.134755e+07
2.592578e+06 6.740853e+06
-2.907022e+07 -8.752342e+07
-1.229621e+13 -1.651884e+13
-5.507669e+11 1.029569e+11
4.165597e+07 -8.346594e+07
1.293881e+08 1.436733e+08
-2.509876e+15 3.586677e+15
-2.316184e+08 7.580729e+07
1.388966e+07 -2.823954e+07
-8.824182e+11 -1.331843e+11
-5.765871e+09 -4.929515e+09
4.458234e+09 -6.260712e+08
3.249665e+06 -7.005742e+00
-8.531951e+09 -9.494568e+09
1.407565e+13 3.822857e+12
1.233426e+09 3.070581e+08
7.231830e+04 1.700943e-01
-6.164852e+10 -2.036943e+10
-2.080050e+11 -3.253675e+12
-2.077669e+09 -4.045802e+09
-2.302233e+06 2.379996e+06
-2.996452e+08 -9.445352e+07
-3.430594e+09 -1.405783e+10
1.229600e+13 1.651800e+13
-3.399036e+09 2.213852e+09
3.391651e+07 -6.631396e+07
-4.494963e+08 3.282315e+08
-1.744166e+08 -8.687194e+06
-1.056015e+01 -1.119400e+07
9.588101e+11 1.311095e+12
-1.353482e+06 -2.107790e+00
-1.077199e+05 7.201363e+00
-4.167441e+07 8.326906e+07
8.532219e+09 9.495851e+09
-1.592391e+09 -1.058585e+09
2.758050e+17 -4.490850e+17
2.079180e+10 6.251151e+09
9.625223e+00 -2.237275e+06
6.224532e+08 1.056498e+09
1.655227e+06 -2.170400e+06
-6.068644e+04 -1.573548e+06
-1.122628e+10 7.312756e+09
-9.277211e+08 -3.009064e+10
9.268782e+11 -8.935091e+11
-1.030746e+09 -7.660551e+08
-4.527711e+11 6.841148e+11
4.809306e+04 1.411208e+06
1.516299e+07 9.296596e+07
4.527711e+11 -6.840225e+11
5.757245e+05 8.442297e+00
2.135673e+14 -1.097817e+14
-5.854676e+10 3.674283e+10
1.564698e+11 8.810479e+11
2.946429e+07 5.443823e-02
-2.407152e+08 2.310441e+08
-4.458128e+09 6.262661e+08
9.479789e+12 -3.404823e+12
-1.233182e+09 -3.076834e+08
-1.983590e+06 5.932097e+05
2.510723e+15 -3.587342e+15
1.330451e+06 2.524922e+06
-4.191031e+10 -1.215678e+10
-2.758561e+17 4.491305e+17
-4.166007e+08 2.566622e+08
1.229682e+13 -3.974225e+12
3.398999e+09 -2.213719e+09
-1.228057e+08 4.591145e+08
4.316730e+11 -4.256038e+11
1.094516e+08 2.050130e+08
1.674576e+10 2.572787e+10
-4.371446e+06 7.552516e+06
3.880065e+08 -4.176906e+08
-2.220692e+06 -1.062373e+07
2.243601e+06 1.060289e+07
8.705239e+00 -1.102688e+07
-1.346519e+11 2.699042e+11
-6.612830e+07 2.013187e+07
-1.083662e+08 -8.612059e+07
-1.502418e+07 -2.452019e+07
-4.177878e+00 9.907442e+06
2.105802e+09 4.052276e+09
-5.556739e+07 1.497248e+08
1.632949e+15 -7.732070e+15
9.347562e+06 -4.751520e+06
-2.629293e+06 -1.066773e+07
4.153411e+08 -2.565129e+08
-8.502265e+05 -2.729842e+06
-3.512423e+16 -1.306677e+17
-5.551237e+05 1.023229e+01
5.583889e+07 -4.498750e+06
-8.411385e+08 -8.084240e+07
-4.287887e+06 -6.922420e+05
-3.880310e+08 4.176872e+08
-3.689754e+06 -4.220576e+06
-8.133578e+07 9.118003e+07
-2.353196e+11 -4.577080e+10
-5.721357e+10 2.096191e+11
7.673902e+00 5.855290e+05
-3.464176e+12 -1.094261e+11
1.045294e+08 -3.878794e+07
4.003973e+13 -6.935854e+13
-6.903821e+00 -2.620128e+07
3.853428e+06 -4.776499e+06
-1.641976e+05 -1.390698e+06
3.220500e+08 -7.419303e+07
2.486965e+05 1.394614e+06
8.387884e+05 2.702205e+06
-6.198483e+10 6.957288e+09
-5.035075e+06 -1.420354e+05
-1.564536e+11 -8.809433e+11
1.038499e+10 2.091123e+10
-1.680301e+11 -3.767586e+11
-5.607914e+15 2.306403e+14
2.552165e+06 1.103496e+07
8.130556e+07 -9.118048e+07
9.037969e+05 9.979684e+06
5.721253e+10 -2.096261e+11
-2.026613e+08 -1.915193e+08
9.337085e+13 3.074980e+13
3.002282e+08 9.448475e+07
2.451653e+09 -4.264217e+08
5.559715e+07 -1.497243e+08
8.410473e+08 8.105173e+07
2.034270e+08 -1.721042e+08
1.302391e+09 1.293657e+09
-1.491918e+08 2.604691e+08
4.121612e+08 7.520954e+08
-4.676144e+06 -2.155737e+06
2.933794e+07 4.212731e+06
-4.004244e+13 6.936322e+13
-2.931299e+07 -4.085018e+06
-4.559831e+06 -7.400323e+06
5.608387e+15 -2.306754e+14
-2.798258e+07 6.465352e+05
1.457344e+11 -3.245055e+10
-9.268445e+11 8.935804e+11
-1.446308e+07 5.268237e+07
-1.457824e+11 3.245678e+10
2.026504e+08 1.915280e+08
1.632221e+07 2.516784e+07
-3.800770e+05 -1.079478e+07
6.395035e+00 1.980253e+06
1.586908e+06 -2.041503e+06
2.933782e+08 9.919660e+07
2.353159e+11 4.576549e+10
-2.312262e+06 3.615349e+06
1.592882e+09 1.058836e+09
1.796683e+12 -2.503634e+12
-3.217407e+08 7.477191e+07
1.742269e+08 7.967058e+06
-1.038476e+10 -2.091266e+10
7.309265e+20 -6.038242e+20
1.116008e+05 2.970717e+06
-5.293924e+00 1.660095e+06
1.532037e+07 -5.467347e+07
4.445931e+13 -3.093155e+13
-9.152350e+00 6.548186e+05
4.493873e+08 -3.280525e+08
-2.010167e+06 -1.976909e+05
9.259504e+06 -6.146448e+05
6.654651e+07 -1.960803e+07
-2.034051e+08 1.143251e+08
6.105471e+06 5.173027e+05
-2.024659e+14 -3.858459e+14
-2.450317e+09 4.277673e+08
1.833088e+07 -7.022270e+07
5.766785e+09 4.930781e+09
-3.963377e+07 1.191221e+06
2.009344e+07 -5.599396e+07
-6.105770e+07 7.045519e+07
-1.633224e+15 7.732722e+15
5.491799e+07 2.627335e+07
1.122853e+09 3.344716e+09
1.346698e+11 -2.699360e+11
-4.446906e+13 3.093572e+13
-2.658231e+10 -8.692399e+09
1.896313e+10 4.728088e+08
-1.896153e+10 -4.727578e+08
6.134308e+07 -7.010835e+07
-2.880940e+07 1.040731e+08
3.512839e+16 1.306610e+17
-2.743355e+06 -6.926714e+06
5.463701e+00 -2.323943e+06
-1.066835e+07 2.558091e+08
5.652164e+08 -3.333804e+07
1.552048e+06 -9.534653e+05
-1.554874e+06 9.604426e+05
-3.209217e+09 -1.537694e+09
3.960242e+07 -2.100866e+06
6.503657e+00 1.487232e+07
-1.864376e+19 -3.926032e+19
2.186296e+07 -1.671328e+07
4.642952e+05 -7.202922e+00
-3.720703e+06 -6.808623e+06
-1.039677e+08 3.884587e+07
4.575392e+06 2.215822e+06
1.192811e+06 -2.401692e+00
-3.598739e+08 -9.128656e+07
-1.427271e+06 -5.104967e+06
2.882913e+07 -1.041280e+08
-1.417122e+07 5.967273e+06
1.388945e+06 4.014612e+06
-1.674710e+10 -2.572951e+10
-7.310375e+20 6.039567e+20
9.106312e+04 5.913625e+00
-1.832271e+07 7.026265e+07
-2.197542e+13 -7.998250e+12
3.104058e+08 -2.997511e+10
3.104343e+00 -2.312723e+06
-5.767328e+06 -6.677792e+07
-5.352032e+09 -6.918369e+10
-1.123120e+09 -3.345109e+09
1.029352e+09 7.656545e+08
-7.453771e+07 -2.383190e+08
5.010750e+07 8.413423e+07
-4.125731e+08 -7.527460e+08
-1.229154e+06 -7.843124e+00
-1.692263e+00 -1.665662e+06
-2.136142e+14 1.098039e+14
1.448463e+15 1.564774e+16
-4.863663e+06 9.968122e+00
2.035442e+09 1.164058e+09
-1.100774e+01 1.992711e+06
-5.677415e+08 2.816015e+07
-2.169284e+07 1.670138e+07
4.895174e+06 -8.734093e+00
-1.339932e+08 1.145899e+08
-4.320690e+11 4.255982e+11
-1.373911e+05 -1.115175e+07
-1.552562e+13 5.607026e+14
-1.412119e+11 6.442337e+11
2.931803e+06 -7.840302e+06
3.078174e+07 4.682816e+06
-5.242143e+07 -8.905032e+07
1.678871e+07 -1.250797e+06
6.118497e+00 2.226970e+06
-2.738844e+07 -7.928020e+06
3.712772e+06 6.787888e+06
-3.206088e+09 9.434359e+08
-1.269802e+12 -1.399760e+12
3.416493e+07 -8.771989e+06
8.825666e+11 1.332021e+11
1.412507e+07 -6.041825e+06
2.264719e+08 5.877159e+08
-1.278852e+08 -1.355629e+08
-7.955045e+05 -4.385779e+05
-5.548496e+06 1.152704e+06
1.877890e+08 -2.453747e+07
-9.912056e+00 7.111933e+05
3.468529e+06 3.020036e+06
4.416116e+10 9.336464e+09
2.774401e+06 3.626392e+06
5.508136e+11 -1.029569e+11
-1.262756e+05 -3.040734e+04
-7.074297e+08 3.063188e+07
5.559043e+08 4.915653e+08
-7.940222e+14 7.156418e+14
-1.097171e+08 -2.047430e+08
-8.525265e+05 -8.098436e+05
2.738501e+07 7.986028e+06
3.397713e+09 1.407450e+10
-5.519163e+05 -4.440823e+00
-2.052530e+00 1.679400e+06
-1.230014e+13 3.976638e+12
-1.954272e+07 -1.184604e+07
-3.381504e+08 -9.551249e+07
3.017595e+00 7.374521e+06
1.122697e+10 -7.313400e+09
-9.340238e+13 -3.075707e+13
5.640946e+06 6.845147e+06
-2.792397e+06 7.758136e+06
-3.103076e+08 2.997739e+10
2.017397e+08 5.178033e+07
3.394615e+06 -6.271225e+05
1.965242e+06 -5.508096e+05
-2.808372e+07 1.235930e+07
-1.448439e+15 -1.564694e+16
-1.796137e+06 -6.956369e+00
2.831632e+11 -4.932371e+10
1.189943e+11 -8.522931e+08
-1.190244e+11 8.523385e+08
6.166745e+10 2.036989e+10
-9.480908e+12 3.405053e+12
3.465638e+12 1.094670e+11
4.191652e+10 1.215781e+10
-1.467677e+07 2.829406e+07
2.658405e+10 8.690914e+09
1.070284e+07 -2.561065e+08
3.824474e+06 -7.610658e+06
-2.253166e+09 -1.364582e+08
4.327927e+05 4.685630e+00
3.487738e+09 6.703378e+08
-5.541178e+07 -2.637901e+07
4.099962e+06 -1.607452e+07
7.701874e-01 -7.246906e+06
-9.532559e+05 1.107192e+01
1.680869e+11 3.768856e+11
-5.545516e+07 4.475711e+07
-1.638125e+07 1.700159e+06
4.673727e+07 3.866942e+07
-8.237103e+06 3.577106e+07
-2.703657e+10 3.640783e+10
-4.348632e+08 7.413242e+07
1.301263e+06 -1.765927e+00
1.535069e+08 -1.505918e+08
1.552693e+13 -5.606931e+14
-6.232493e+08 -1.055510e+09
-6.034002e+08 1.231449e+09
-5.628332e+07 4.727334e+06
7.940624e+14 -7.156539e+14
-8.725945e+06 1.612369e+06
2.253526e+09 1.359411e+08
1.864502e+19 3.926894e+19
-2.017510e+08 -5.188037e+07
-5.049334e+07 -8.349561e+07
-4.050690e+06 1.611604e+07
-6.035778e+06 -7.454392e+05
5.353948e+05 4.188841e+06
-2.999930e+09 3.899942e+10
1.492330e+08 -2.604823e+08
2.082552e+11 3.256589e+12
2.703885e+10 -3.640847e+10
1.229238e+08 -4.591877e+08
3.368935e+08 9.645337e+07
-2.270229e+08 -5.866816e+08
7.290804e+05 4.726533e+00
5.700547e+06 -6.778815e-02
5.293769e+05 1.068195e+07
-5.554908e+08 -4.910757e+08
7.367801e+07 2.389119e+08
-4.716835e+07 -3.886808e+07
1.412117e+11 -6.442134e+11
-3.047890e+07 -4.737071e+06
4.492324e+06 8.135120e+05
1.222413e+10 8.491466e+09
7.037603e+00 -6.740085e+06
6.022014e+08 -1.231320e+09
7.074424e+08 -3.063698e+07
-4.247336e+06 4.320251e+06
-4.530024e+06 -2.460913e+06
-1.243838e+07 5.211551e-01
5.266003e+06 3.570983e+06
