1.377315e+06 4.349558e+00
5.470470e+06 -9.633101e+05
5.726027e+09 7.400739e+10
1.358679e+12 1.497900e+12
-1.026143e+12 -1.403325e+12
-3.733144e+09 -7.171566e+08
1.063917e+07 -3.809259e+07
-4.796865e+06 -3.937912e+06
-1.583661e+06 -1.045827e+07
-3.491383e+06 -6.470123e+00
5.056507e+05 -1.107288e+06
-2.347873e+07 6.249524e+07
3.209857e+09 -4.172862e+10
3.430243e+09 -1.009228e+09
-3.456749e+10 -7.486000e+09
3.433914e+09 1.645400e+09
-9.161417e+05 2.966646e+07
-4.609499e+06 -1.601135e+06
1.327156e+07 -8.887342e+00
-1.644540e+08 1.608581e+08
-1.496504e+06 -3.001482e+06
-2.642775e+09 9.883597e+08
9.941441e+08 3.219933e+10
-4.724648e+10 -9.988810e+09
-3.624937e+07 7.092353e+07
-9.435752e+06 9.341369e+05
5.139222e+05 -9.663632e+04
6.008630e+07 -4.692037e+07
-1.506450e+13 -4.091630e+12
5.234019e+00 -2.448242e+06
2.952648e+07 -1.333347e+07
-9.026213e+07 1.766371e+07
-2.224940e+10 -6.688338e+09
-2.178819e+09 -1.245661e+09
-2.779657e+07 -3.957366e+06
6.267130e+10 -3.933215e+10
2.167236e+14 4.130371e+14
5.303741e+05 9.877943e+05
3.457868e+10 7.488339e+09
1.164594e+08 9.376004e+07
6.637175e+10 -7.448729e+09
1.461277e+06 2.996559e+06
4.420572e+00 -1.411046e+06
-1.308269e+10 -9.089131e+09
9.931616e+06 7.202631e+07
1.463698e+06 -1.388669e+06
-1.923621e+12 2.680347e+12
9.171861e+05 -6.991847e+05
9.030797e+07 -1.774425e+07
-1.394140e+09 -1.384849e+09
4.660691e+08 -8.040409e+07
2.098951e+07 1.256535e+07
-2.285328e+00 -1.072066e+06
1.066585e+07 -1.199160e+06
2.352044e+13 8.560918e+12
2.641594e+09 -9.889633e+08
-3.030942e+11 5.279037e+10
3.854751e+08 9.777806e+07
2.775095e+06 7.215373e+06
-3.111599e+07 -9.368224e+07
-1.316170e+13 -1.768132e+13
-5.895214e+11 1.102027e+11
4.458687e+07 -8.933912e+07
1.385370e+08 1.538319e+08
-2.686466e+15 3.839048e+15
-2.479187e+08 8.114222e+07
1.486698e+07 -3.022704e+07
-9.445073e+11 -1.425554e+11
-6.172215e+09 -5.276888e+09
4.771953e+09 -6.701262e+08
3.478446e+06 -6.311211e+00
-9.132321e+09 -1.016254e+10
1.506616e+13 4.091759e+12
1.320501e+09 3.287349e+08
7.741020e+04 -5.666657e+00
-6.598855e+10 -2.180328e+10
-2.226537e+11 -3.482905e+12
-2.223882e+09 -4.330691e+09
-2.464340e+06 2.547520e+06
-3.208122e+08 -1.011255e+08
-3.672153e+09 -1.504775e+10
1.316170e+13 1.768104e+13
-3.638277e+09 2.369666e+09
3.630247e+07 -7.097899e+07
-4.811464e+08 3.513356e+08
-1.866959e+08 -9.298778e+06
-3.569686e+00 -1.198151e+07
1.026258e+12 1.403368e+12
-1.448778e+06 1.607348e+00
-1.152750e+05 2.459784e-02
-4.460690e+07 8.912631e+07
9.132300e+09 1.016366e+10
-1.704454e+09 -1.133081e+09
2.952062e+17 -4.806755e+17
2.225466e+10 6.690965e+09
-1.352771e+00 -2.394700e+06
6.662665e+08 1.130875e+09
1.771712e+06 -2.323186e+06
-6.500677e+04 -1.684357e+06
-1.201663e+10 7.827594e+09
-9.930155e+08 -3.220842e+10
9.921121e+11 -9.563956e+11
-1.103299e+09 -8.199776e+08
-4.846474e+11 7.322875e+11
5.157737e+04 1.510603e+06
1.623022e+07 9.950890e+07
4.846474e+11 -7.321721e+11
6.163201e+05 2.975402e+00
2.286101e+14 -1.175141e+14
-6.266813e+10 3.932928e+10
1.674931e+11 9.431164e+11
3.153754e+07 -6.434253e-01
-2.576525e+08 2.473040e+08
-4.771769e+09 6.703212e+08
1.014686e+13 -3.644418e+12
-1.320197e+09 -3.293973e+08
-2.123240e+06 6.349593e+05
2.687356e+15 -3.839713e+15
1.424221e+06 2.702784e+06
-4.485846e+10 -1.301192e+10
-2.952574e+17 4.807210e+17
-4.473263e+08 2.755950e+08
1.316217e+13 -4.253853e+12
3.638176e+09 -2.369459e+09
-1.314441e+08 4.914103e+08
4.620381e+11 -4.555410e+11
1.171512e+08 2.194362e+08
1.792372e+10 2.753770e+10
-4.679274e+06 8.084423e+06
4.152967e+08 -4.470756e+08
-2.376916e+06 -1.137090e+07
2.401385e+06 1.134884e+07
-4.060774e+00 -1.180317e+07
-1.441682e+11 2.889789e+11
-7.078300e+07 2.154899e+07
-1.159934e+08 -9.218206e+07
-1.608160e+07 -2.624593e+07
-4.534557e-02 1.060485e+07
2.253983e+09 4.337319e+09
-5.947868e+07 1.602652e+08
1.747983e+15 -8.276604e+15
1.000540e+07 -5.085983e+06
-2.814360e+06 -1.141868e+07
4.459880e+08 -2.754357e+08
-9.100581e+05 -2.921907e+06
-3.760159e+16 -1.398848e+17
-5.942712e+05 1.070389e+01
5.977088e+07 -4.815589e+06
-9.003167e+08 -8.653164e+07
-4.589826e+06 -7.410271e+05
-4.153356e+08 4.470721e+08
-3.949435e+06 -4.517676e+06
-8.706092e+07 9.759694e+07
-2.518803e+11 -4.899172e+10
-6.123987e+10 2.243688e+11
-7.252020e+00 6.267936e+05
-3.707910e+12 -1.171267e+11
1.118879e+08 -4.151841e+07
4.285840e+13 -7.423889e+13
-1.040436e+01 -2.804650e+07
4.124976e+06 -5.113396e+06
-1.757691e+05 -1.488606e+06
3.447474e+08 -7.942212e+07
2.662183e+05 1.492764e+06
8.977475e+05 2.892402e+06
-6.634657e+10 7.446808e+09
-5.389344e+06 -1.520753e+05
-1.674716e+11 -9.429820e+11
1.111585e+10 2.238301e+10
-1.798512e+11 -4.032690e+11
-6.002587e+15 2.468698e+14
2.731986e+06 1.181173e+07
8.702792e+07 -9.759632e+07
9.674336e+05 1.068148e+07
6.123593e+10 -2.243688e+11
-2.169222e+08 -2.049961e+08
9.994615e+13 3.291498e+13
3.214158e+08 1.011527e+08
2.624259e+09 -4.564440e+08
5.950926e+07 -1.602589e+08
9.002048e+08 8.675268e+07
2.177443e+08 -1.842168e+08
1.394025e+09 1.384703e+09
-1.597007e+08 2.788165e+08
4.411693e+08 8.050199e+08
-5.005386e+06 -2.307612e+06
3.140287e+07 4.509366e+06
-4.286178e+13 7.424474e+13
-3.137591e+07 -4.372623e+06
-4.880900e+06 -7.921313e+06
6.002966e+15 -2.469088e+14
-2.995134e+07 6.921542e+05
1.559882e+11 -3.473305e+10
-9.920626e+11 9.564676e+11
-1.548137e+07 5.639104e+07
-1.560412e+11 3.474094e+10
2.169141e+08 2.050080e+08
1.747111e+07 2.693988e+07
-4.069073e+05 -1.155477e+07
1.029401e+01 2.119698e+06
1.698613e+06 -2.185010e+06
3.140146e+08 1.061758e+08
2.518767e+11 4.898560e+10
-2.475015e+06 3.869829e+06
1.704970e+09 1.133333e+09
1.923259e+12 -2.680008e+12
-3.444007e+08 8.003855e+07
1.864864e+08 8.527652e+06
-1.111527e+10 -2.238374e+10
7.823533e+20 -6.463090e+20
1.194322e+05 3.179746e+06
-9.179605e+00 1.776964e+06
1.639824e+07 -5.852074e+07
4.758846e+13 -3.310903e+13
3.593330e+00 7.008930e+05
4.810277e+08 -3.511484e+08
-2.151743e+06 -2.116338e+05
9.911210e+06 -6.579807e+05
7.123154e+07 -2.098790e+07
-2.177280e+08 1.223746e+08
6.535333e+06 5.537907e+05
-2.167167e+14 -4.130046e+14
-2.622916e+09 4.578942e+08
1.962166e+07 -7.516737e+07
6.173326e+09 5.278363e+09
-4.242346e+07 1.275098e+06
2.150719e+07 -5.993396e+07
-6.535733e+07 7.541654e+07
-1.748204e+15 8.276865e+15
5.878233e+07 2.812201e+07
1.201862e+09 3.579892e+09
1.441838e+11 -2.890061e+11
-4.759671e+13 3.311164e+13
-2.845190e+10 -9.303722e+09
2.029712e+10 5.060785e+08
-2.029584e+10 -5.060261e+08
6.566231e+07 -7.504404e+07
-3.083604e+07 1.113941e+08
3.760456e+16 1.398716e+17
-2.936467e+06 -7.414276e+06
3.170978e+00 -2.487625e+06
-1.141978e+07 2.738292e+08
6.050229e+08 -3.568659e+07
1.661311e+06 -1.020587e+06
-1.664314e+06 1.028008e+06
-3.435162e+09 -1.645977e+09
4.238995e+07 -2.248765e+06
-6.091181e+00 1.591843e+07
-1.995539e+19 -4.202276e+19
2.340105e+07 -1.788873e+07
4.969871e+05 4.300708e+00
-3.982351e+06 -7.287420e+06
-1.112800e+08 4.157721e+07
4.897067e+06 2.371584e+06
1.276588e+06 6.048181e+00
-3.851742e+08 -9.770460e+07
-1.527620e+06 -5.463715e+06
3.085579e+07 -1.114529e+08
-1.516835e+07 6.387172e+06
1.486697e+06 4.297044e+06
-1.792562e+10 -2.754064e+10
-7.824890e+20 6.464619e+20
9.745274e+04 -8.055043e+00
-1.961241e+07 7.520695e+07
-2.352193e+13 -8.561053e+12
3.322478e+08 -3.208434e+10
3.755338e+00 -2.475561e+06
-6.173281e+06 -7.147753e+07
-5.728608e+09 -7.405246e+10
-1.202177e+09 -3.580563e+09
1.101806e+09 8.195472e+08
-7.978693e+07 -2.551020e+08
5.363486e+07 9.005676e+07
-4.416122e+08 -8.057309e+08
-1.315682e+06 8.777096e+00
3.913868e+00 -1.782901e+06
-2.286606e+14 1.175382e+14
1.550393e+15 1.674883e+16
-5.206073e+06 -5.127119e+00
2.178724e+09 1.245995e+09
8.246817e+00 2.132898e+06
-6.077458e+08 3.014420e+07
-2.321996e+07 1.787693e+07
5.239726e+06 -8.482546e+00
-1.434235e+08 1.226547e+08
-4.624621e+11 4.555356e+11
-1.471301e+05 -1.193648e+07
-1.661835e+13 6.001643e+14
-1.511504e+11 6.895742e+11
3.138255e+06 -8.392199e+06
3.294748e+07 5.012484e+06
-5.611192e+07 -9.531920e+07
1.797059e+07 -1.338915e+06
6.608406e+00 2.383773e+06
-2.931589e+07 -8.486053e+06
3.974124e+06 7.265636e+06
-3.431640e+09 1.009812e+09
-1.359108e+12 -1.498207e+12
3.656812e+07 -9.388974e+06
9.446556e+11 1.425731e+11
1.511926e+07 -6.467206e+06
2.424128e+08 6.290845e+08
-1.369254e+08 -1.451464e+08
-8.516211e+05 -4.695559e+05
-5.939115e+06 1.233923e+06
2.010122e+08 -2.626541e+07
4.491074e+00 7.612941e+05
3.712720e+06 3.232587e+06
4.726839e+10 9.993401e+09
2.969710e+06 3.881639e+06
5.895774e+11 -1.102027e+11
-1.352570e+05 -3.262498e+04
-7.572122e+08 3.278830e+07
5.950333e+08 5.261644e+08
-8.499144e+14 7.660158e+14
-1.174401e+08 -2.191551e+08
-9.126161e+05 -8.668893e+05
2.931236e+07 8.548124e+06
3.636849e+09 1.506535e+10
-5.908548e+05 -4.402730e-01
-3.493722e+00 1.797711e+06
-1.316590e+13 4.256535e+12
-2.091841e+07 -1.268001e+07
-3.619533e+08 -1.022358e+08
-2.624639e+00 7.893580e+06
1.201729e+10 -7.828214e+09
-9.998084e+13 -3.292329e+13
6.038021e+06 7.327128e+06
-2.989098e+06 8.304226e+06
-3.321410e+08 3.208614e+10
2.159329e+08 5.542437e+07
3.633843e+06 -6.714260e+05
2.103673e+06 -5.897346e+05
-3.006048e+07 1.322932e+07
-1.550369e+15 -1.674804e+16
-1.922690e+06 7.320867e+00
3.030934e+11 -5.279513e+10
1.273730e+11 -9.122912e+08
-1.274031e+11 9.123388e+08
6.600742e+10 2.180354e+10
-1.014830e+13 3.644820e+12
3.709489e+12 1.171695e+11
4.486611e+10 1.301335e+10
-1.570969e+07 3.028529e+07
2.845501e+10 9.302488e+09
1.145661e+07 -2.741422e+08
4.093850e+06 -8.146704e+06
-2.411661e+09 -1.460563e+08
4.631833e+05 -5.145674e+00
3.733084e+09 7.174935e+08
-5.930962e+07 -2.823464e+07
4.388363e+06 -1.720516e+07
-9.096480e+00 -7.756972e+06
-1.020444e+06 7.980506e+00
1.799137e+11 4.034025e+11
-5.935859e+07 4.790754e+07
-1.753446e+07 1.819905e+06
5.002946e+07 4.139338e+07
-8.817017e+06 3.828801e+07
-2.893847e+10 3.896890e+10
-4.654707e+08 7.934881e+07
1.392855e+06 7.569089e+00
1.643072e+08 -1.611866e+08
1.661940e+13 -6.001454e+14
-6.671069e+08 -1.129786e+09
-6.459724e+08 1.318333e+09
-6.024437e+07 5.060061e+06
8.499278e+14 -7.660038e+14
-9.340526e+06 1.725998e+06
2.412100e+09 1.455069e+08
1.995728e+19 4.203269e+19
-2.159483e+08 -5.553122e+07
-5.404668e+07 -8.937122e+07
-4.335717e+06 1.725008e+07
-6.460740e+06 -7.980159e+05
5.731743e+05 4.483549e+06
-3.210944e+09 4.174193e+10
1.597427e+08 -2.788274e+08
2.229214e+11 3.485984e+12
2.894166e+10 -3.897016e+10
1.315728e+08 -4.914966e+08
3.606025e+08 1.032412e+08
-2.429981e+08 -6.279530e+08
7.803120e+05 7.801623e+00
6.101539e+06 9.969148e-01
5.666741e+05 1.143380e+07
-5.945791e+08 -5.256319e+08
7.886517e+07 2.557322e+08
-5.049021e+07 -4.160477e+07
1.511478e+11 -6.895432e+11
-3.262332e+07 -5.070345e+06
4.808566e+06 8.708619e+05
1.308438e+10 9.089055e+09
1.095809e+01 -7.216439e+06
6.446927e+08 -1.318212e+09
7.572258e+08 -3.279308e+07
-4.546836e+06 4.624989e+06
-4.849013e+06 -2.634222e+06
-1.331395e+07 6.964225e+00
5.636792e+06 3.822433e+06
