2.144639e+06 -5.161752e+00
8.516481e+06 -1.499667e+06
8.914273e+09 1.152096e+11
2.115309e+12 2.331981e+12
-1.597491e+12 -2.184687e+12
-5.813038e+09 -1.116732e+09
1.656543e+07 -5.931689e+07
-7.469160e+06 -6.131653e+06
-2.465700e+06 -1.628175e+07
-5.436306e+06 1.858350e+00
7.871221e+05 -1.723511e+06
-3.654976e+07 9.729043e+07
4.997187e+09 -6.496680e+10
5.341487e+09 -1.571513e+09
-5.381604e+10 -1.165476e+10
5.347567e+09 2.562249e+09
-1.426624e+06 4.620199e+07
-7.175968e+06 -2.492655e+06
2.066109e+07 -7.591698e+00
-2.560407e+08 2.504420e+08
-2.329529e+06 -4.672450e+06
-4.114297e+09 1.538663e+09
1.547740e+09 5.013100e+10
-7.356064e+10 -1.555178e+10
-5.644070e+07 1.104216e+08
-1.469012e+07 1.454469e+06
8.003294e+05 -1.507083e+05
9.357150e+07 -7.306439e+07
-2.345253e+13 -6.370333e+12
-6.112899e+00 -3.812344e+06
4.596882e+07 -2.075992e+07
-1.405205e+08 2.750063e+07
-3.463961e+10 -1.041250e+10
-3.392143e+09 -1.939333e+09
-4.327595e+07 -6.161163e+06
9.757605e+10 -6.123907e+10
3.373908e+14 6.429941e+14
8.250967e+05 1.538048e+06
5.382793e+10 1.165714e+10
1.813030e+08 1.459640e+08
1.033242e+11 -1.159587e+10
2.274709e+06 4.664962e+06
7.758107e-01 -2.196244e+06
-2.037013e+10 -1.415158e+10
1.546218e+07 1.121354e+08
2.279099e+06 -2.162316e+06
-2.996341e+12 4.174979e+12
1.428024e+06 -1.088644e+06
1.405871e+08 -2.762278e+07
-2.170600e+09 -2.156237e+09
7.257567e+08 -1.252154e+08
3.268225e+07 1.956546e+07
5.001568e+00 -1.669094e+06
1.660794e+07 -1.867277e+06
3.661940e+13 1.332916e+13
4.112643e+09 -1.539690e+09
-4.718492e+11 8.217954e+10
6.001295e+08 1.522269e+08
4.320792e+06 1.123438e+07
-4.844213e+07 -1.458442e+08
-2.048967e+13 -2.752545e+13
-9.176940e+11 1.715548e+11
6.940424e+07 -1.390637e+08
2.159808e+08 2.398302e+08
-4.181898e+15 5.976060e+15
-3.859314e+08 1.263199e+08
2.314471e+07 -4.705937e+07
-1.470345e+12 -2.219215e+11
-9.613812e+09 -8.218690e+09
7.428410e+09 -1.043167e+09
5.415630e+06 2.721500e+00
-1.421647e+10 -1.582097e+10
2.345490e+13 6.370075e+12
2.057992e+09 5.123335e+08
1.206092e+05 -2.730296e+00
-1.027358e+11 -3.394550e+10
-3.467594e+11 -5.424349e+12
-3.462361e+09 -6.742070e+09
-3.836229e+06 3.965852e+06
-4.999398e+08 -1.575910e+08
-5.716923e+09 -2.342631e+10
2.049008e+13 2.752545e+13
-5.663913e+09 3.689007e+09
5.651881e+07 -1.105051e+08
-7.491177e+08 5.469806e+08
-2.906864e+08 -1.447813e+07
-4.003873e+00 -1.865296e+07
1.597623e+12 2.184664e+12
-2.255703e+06 8.251804e+00
-1.796046e+05 -9.965083e+00
-6.944441e+07 1.387392e+08
1.421586e+10 1.582161e+10
-2.653842e+09 -1.764184e+09
4.595912e+17 -7.483463e+17
3.464961e+10 1.041714e+10
7.075251e+00 -3.728917e+06
1.037419e+09 1.760776e+09
2.758480e+06 -3.617006e+06
-1.014205e+05 -2.622514e+06
-1.871034e+10 1.218805e+10
-1.545889e+09 -5.014209e+10
1.544505e+12 -1.488911e+12
-1.717580e+09 -1.276509e+09
-7.545497e+11 1.140087e+12
8.009338e+04 2.351458e+06
2.526681e+07 1.549194e+08
7.546337e+11 -1.140007e+12
9.595608e+05 1.010683e+01
3.560056e+14 -1.830065e+14
-9.757629e+10 6.123660e+10
2.608500e+11 1.468735e+12
4.909422e+07 -1.172379e+00
-4.011057e+08 3.849983e+08
-7.428884e+09 1.043537e+09
1.579938e+13 -5.674418e+12
-2.057487e+09 -5.133542e+08
-3.305851e+06 9.887928e+05
4.183592e+15 -5.977149e+15
2.218098e+06 4.209632e+06
-6.983638e+10 -2.025645e+10
-4.596237e+17 7.483539e+17
-7.076539e+08 4.359588e+08
2.049200e+13 -6.622009e+12
5.663813e+09 -3.688921e+09
-2.046400e+08 7.650770e+08
7.192899e+11 -7.091530e+11
1.823898e+08 3.416180e+08
2.790545e+10 4.287283e+10
-7.288824e+06 1.259322e+07
6.465860e+08 -6.960455e+08
-3.700448e+06 -1.770130e+07
3.738460e+06 1.766736e+07
9.749433e+00 -1.837874e+07
-2.248055e+11 4.506149e+11
-1.102134e+08 3.355117e+07
-1.806008e+08 -1.435253e+08
-2.503887e+07 -4.086497e+07
-9.302895e+00 1.651324e+07
3.509244e+09 6.752630e+09
-9.260539e+07 2.495213e+08
2.721985e+15 -1.288857e+16
1.557697e+07 -7.918256e+06
-4.382263e+06 -1.778064e+07
7.055607e+08 -4.357467e+08
-1.416945e+06 -4.549237e+06
-5.858314e+16 -2.179355e+17
-9.254960e+05 7.243925e+00
9.306556e+07 -7.498391e+06
-1.401600e+09 -1.347231e+08
-7.147372e+06 -1.154082e+06
-6.466356e+08 6.960326e+08
-6.148278e+06 -7.032984e+06
-1.355308e+08 1.519307e+08
-3.921225e+11 -7.626845e+10
-9.533794e+10 3.493050e+11
1.487950e+00 9.757183e+05
-5.772575e+12 -1.823559e+11
1.742181e+08 -6.464909e+07
6.673559e+13 -1.155983e+14
-3.417453e+00 -4.368137e+07
6.426024e+06 -7.965665e+06
-2.734302e+05 -2.317373e+06
5.369567e+08 -1.237074e+08
4.145702e+05 2.324015e+06
1.397546e+06 4.502941e+06
-1.032896e+11 1.159352e+10
-8.390244e+06 -2.368868e+05
-2.608124e+11 -1.468586e+12
1.730650e+10 3.484923e+10
-2.800047e+11 -6.278102e+11
-9.344726e+15 3.843123e+14
4.253432e+06 1.839016e+07
1.354816e+08 -1.519311e+08
1.506032e+06 1.662742e+07
9.532913e+10 -3.492908e+11
-3.377322e+08 -3.191705e+08
1.556423e+14 5.125780e+13
5.009205e+08 1.576512e+08
4.086736e+09 -7.108422e+08
9.265093e+07 -2.495062e+08
1.401533e+09 1.350691e+08
3.390602e+08 -2.868484e+08
2.170432e+09 2.155920e+09
-2.487144e+08 4.342299e+08
6.868476e+08 1.253323e+09
-7.793747e+06 -3.593329e+06
4.888677e+07 7.020238e+06
-6.673830e+13 1.156089e+14
-4.884502e+07 -6.807139e+06
-7.599241e+06 -1.233227e+07
9.345388e+15 -3.843786e+14
-4.662775e+07 1.077933e+06
2.428702e+11 -5.407768e+10
-1.544532e+12 1.489049e+12
-2.410276e+07 8.779122e+07
-2.429215e+11 5.408514e+10
3.377406e+08 3.191919e+08
2.720099e+07 4.194228e+07
-6.334785e+05 -1.798767e+07
9.814752e+00 3.300125e+06
2.644656e+06 -3.401915e+06
4.888647e+08 1.652924e+08
3.921151e+11 7.625883e+10
-3.853163e+06 6.024846e+06
2.654580e+09 1.764661e+09
2.995949e+12 -4.174641e+12
-5.364157e+08 1.246712e+08
2.903736e+08 1.327867e+07
-1.730572e+10 -3.485138e+10
1.218088e+21 -1.006268e+21
1.860305e+05 4.951553e+06
5.041263e+00 2.766962e+06
2.553083e+07 -9.111069e+07
7.409510e+13 -5.155136e+13
-6.511622e+00 1.091386e+06
7.489918e+08 -5.467545e+08
-3.350732e+06 -3.298568e+05
1.543057e+07 -1.024340e+06
1.109135e+08 -3.267956e+07
-3.390362e+08 1.905537e+08
1.017413e+07 8.621851e+05
-3.374045e+14 -6.430201e+14
-4.084663e+09 7.130735e+08
3.054836e+07 -1.170251e+08
9.614653e+09 8.220772e+09
-6.604471e+07 1.985282e+06
3.347993e+07 -9.329854e+07
-1.017710e+08 1.174345e+08
-2.722041e+15 1.288804e+16
9.151134e+07 4.377925e+07
1.871024e+09 5.572908e+09
2.247844e+11 -4.505780e+11
-7.409735e+13 5.154875e+13
-4.429383e+10 -1.448420e+10
3.159957e+10 7.878845e+08
-3.159765e+10 -7.878207e+08
1.022465e+08 -1.168584e+08
-4.800613e+07 1.734220e+08
5.858433e+16 2.179157e+17
-4.572577e+06 -1.154473e+07
1.917156e+00 -3.873806e+06
-1.778545e+07 4.264914e+08
9.424000e+08 -5.558589e+07
2.586675e+06 -1.589257e+06
-2.591361e+06 1.600675e+06
-5.349219e+09 -2.563039e+09
6.599990e+07 -3.501607e+06
7.627371e+00 2.478282e+07
-3.106937e+19 -6.542924e+19
3.643718e+07 -2.785373e+07
7.740427e+05 6.831701e+00
-6.200771e+06 -1.134685e+07
-1.732614e+08 6.473758e+07
7.624711e+06 3.692717e+06
1.987583e+06 9.870984e+00
-5.996442e+08 -1.521120e+08
-2.378422e+06 -8.506245e+06
4.803436e+07 -1.735094e+08
-2.361627e+07 9.944804e+06
2.314740e+06 6.689907e+06
-2.791071e+10 -4.288136e+10
-1.218297e+21 1.006472e+21
1.516221e+05 -4.105601e+00
-3.053566e+07 1.170968e+08
-3.662163e+13 -1.332929e+13
5.172662e+08 -4.995009e+10
7.146190e+00 -3.854085e+06
-9.610702e+06 -1.112756e+08
-8.917947e+09 -1.152789e+11
-1.871571e+09 -5.574335e+09
1.715310e+09 1.275845e+09
-1.242338e+08 -3.972159e+08
8.350350e+07 1.402074e+08
-6.875153e+08 -1.254407e+09
-2.048370e+06 3.047650e+00
5.959314e+00 -2.776031e+06
-3.560741e+14 1.830380e+14
2.413609e+15 2.607340e+16
-8.105474e+06 6.717040e+00
3.391968e+09 1.939756e+09
1.074716e+01 3.320780e+06
-9.465649e+08 4.694925e+07
-3.615468e+07 2.783377e+07
8.158196e+06 7.154702e+00
-2.233176e+08 1.909904e+08
-7.199912e+11 7.091964e+11
-2.290537e+05 -1.858250e+07
-2.587490e+13 9.344349e+14
-2.353302e+11 1.073611e+12
4.885708e+06 -1.306584e+07
5.129621e+07 7.803865e+06
-8.737395e+07 -1.484249e+08
2.798189e+07 -2.084924e+06
4.841314e+00 3.711360e+06
-4.564324e+07 -1.321270e+07
6.188388e+06 1.131331e+07
-5.343264e+09 1.572340e+09
-2.115952e+12 -2.332572e+12
5.693568e+07 -1.461787e+07
1.470597e+12 2.219616e+11
2.354030e+07 -1.006861e+07
3.774113e+08 9.794240e+08
-2.134836e+08 -2.263018e+08
-1.325799e+06 -7.308183e+05
-9.246072e+06 1.920788e+06
3.129793e+08 -4.089632e+07
-1.103698e+00 1.184790e+06
5.779967e+06 5.032380e+06
7.358530e+10 1.555736e+10
4.623162e+06 6.042755e+06
9.179081e+11 -1.715746e+11
-2.104330e+05 -5.065170e+04
-1.178859e+09 5.104611e+07
9.263667e+08 8.191318e+08
-1.323183e+15 1.192583e+15
-1.828374e+08 -3.411934e+08
-1.420841e+06 -1.349811e+06
4.563814e+07 1.330898e+07
5.662397e+09 2.345615e+10
-9.200488e+05 5.105900e+00
7.535663e+00 2.798660e+06
-2.049740e+13 6.626836e+12
-3.256834e+07 -1.974175e+07
-5.635387e+08 -1.591731e+08
-9.516404e-01 1.229040e+07
1.871245e+10 -1.218945e+10
-1.557132e+14 -5.127493e+13
9.401033e+06 1.140789e+07
-4.653923e+06 1.292867e+07
-5.170332e+08 4.995002e+10
3.361414e+08 8.628076e+07
5.658447e+06 -1.046087e+06
3.275496e+06 -9.184217e+05
-4.680116e+07 2.059717e+07
-2.413633e+15 -2.607235e+16
-2.993693e+06 8.293407e+00
4.718766e+11 -8.219204e+10
1.983278e+11 -1.420354e+09
-1.983560e+11 1.420435e+09
1.027604e+11 3.394433e+10
-1.580082e+13 5.675051e+12
5.775031e+12 1.824137e+11
6.985144e+10 2.026001e+10
-2.445909e+07 4.715182e+07
4.430391e+10 1.448393e+10
1.784449e+07 -4.269827e+08
6.376770e+06 -1.268987e+07
-3.754834e+09 -2.273902e+08
7.209812e+05 -1.294670e+00
5.812603e+09 1.117169e+09
-9.233928e+07 -4.395910e+07
6.831870e+06 -2.678388e+07
3.815473e+00 -1.207643e+07
-1.588672e+06 1.303213e+00
2.800985e+11 6.280326e+11
-9.242509e+07 7.459508e+07
-2.730279e+07 2.833518e+06
7.790866e+07 6.446114e+07
-1.372764e+07 5.961444e+07
-4.505807e+10 6.067541e+10
-7.248944e+08 1.235678e+08
2.169223e+06 -9.240009e+00
2.558137e+08 -2.509550e+08
2.587594e+13 -9.344255e+14
-1.038661e+09 -1.759036e+09
-1.006606e+09 2.054345e+09
-9.379771e+07 7.878229e+06
1.323196e+15 -1.192559e+15
-1.454266e+07 2.687282e+06
3.755155e+09 2.265226e+08
3.107157e+19 6.544182e+19
-3.361703e+08 -8.644866e+07
-8.414395e+07 -1.391403e+08
-6.749793e+06 2.685373e+07
-1.005755e+07 -1.242598e+06
8.925136e+05 6.980061e+06
-4.998720e+09 6.498216e+10
2.487873e+08 -4.342619e+08
3.471857e+11 5.429078e+12
4.505898e+10 -6.067055e+10
2.048354e+08 -7.651733e+08
5.613906e+08 1.607263e+08
-3.783013e+08 -9.775814e+08
1.214917e+06 2.490208e+00
9.498220e+06 -9.239359e+00
8.823202e+05 1.780071e+07
-9.256118e+08 -8.182995e+08
1.227975e+08 3.981893e+08
-7.862309e+07 -6.478839e+07
2.353155e+11 -1.073559e+12
-5.079025e+07 -7.893796e+06
7.487752e+06 1.356164e+06
2.037245e+10 1.415044e+10
-9.884981e+00 -1.125140e+07
1.004661e+09 -2.054109e+09
1.178856e+09 -5.105255e+07
-7.082407e+06 7.203945e+06
-7.548364e+06 -4.100943e+06
-2.072723e+07 -7.998282e+00
8.775340e+06 5.950073e+06
