8.324453e+04 3.413974e+00
3.323994e+05 -5.856906e+04
3.486537e+08 4.509445e+09
8.264465e+10 9.112806e+10
-6.256299e+10 -8.554997e+10
-2.258605e+08 -4.337700e+07
6.454506e+05 -2.311332e+06
-2.908622e+05 -2.387587e+05
-9.631497e+04 -6.366130e+05
-2.114813e+05 -7.397215e+00
3.086252e+04 -6.752615e+04
-1.430403e+06 3.807182e+06
1.956298e+08 -2.543875e+09
2.078050e+08 -6.113934e+07
-2.101853e+09 -4.550918e+08
2.068258e+08 9.911799e+07
-5.497452e+04 1.778448e+06
-2.810384e+05 -9.760171e+04
8.069896e+05 -8.495339e-01
-9.984455e+06 9.763622e+06
-9.108716e+04 -1.827551e+05
-1.609848e+08 6.015825e+07
6.042586e+07 1.957382e+09
-2.876378e+09 -6.082404e+08
-2.205588e+06 4.316267e+06
-5.748762e+05 5.690008e+04
3.113126e+04 -5.888851e+03
3.640715e+06 -2.842867e+06
-9.190506e+11 -2.496210e+11
1.158055e+00 -1.485076e+05
1.796360e+06 -8.110674e+05
-5.501572e+06 1.076533e+06
-1.353381e+09 -4.067211e+08
-1.321922e+08 -7.557371e+07
-1.688783e+06 -2.403009e+05
3.799278e+09 -2.384368e+09
1.317482e+13 2.511462e+13
3.298360e+04 5.934208e+04
2.101870e+09 4.553193e+08
7.058409e+06 5.682591e+06
4.035399e+09 -4.528895e+08
8.894062e+04 1.823597e+05
6.643240e+00 -8.635764e+04
-7.928029e+08 -5.507609e+08
6.046066e+05 4.384866e+06
8.859415e+04 -8.406323e+04
-1.144008e+11 1.594095e+11
5.553332e+04 -4.233738e+04
5.505233e+06 -1.081512e+06
-8.457593e+07 -8.400692e+07
2.805701e+07 -4.840602e+06
1.274121e+06 7.627039e+05
3.649717e+00 -6.537173e+04
6.449725e+05 -7.246855e+04
1.428997e+12 5.200293e+11
1.608459e+08 -6.021862e+07
-1.845922e+10 3.215273e+09
2.342655e+07 5.943571e+06
1.678887e+05 4.365766e+05
-1.895260e+06 -5.705589e+06
-7.988862e+11 -1.073571e+12
-3.583697e+10 6.698796e+09
2.720845e+06 -5.452319e+06
7.892631e+06 8.763719e+06
-1.638864e+14 2.341584e+14
-1.510084e+07 4.942345e+06
9.039465e+05 -1.837838e+06
-5.760951e+10 -8.692673e+09
-3.679597e+08 -3.144762e+08
2.910846e+08 -4.086577e+07
2.105510e+05 -1.007881e+01
-5.573420e+08 -6.202449e+08
9.185757e+11 2.494920e+11
7.683799e+07 1.913350e+07
4.735664e+03 1.071544e+01
-4.018657e+09 -1.327679e+09
-1.333886e+10 -2.085834e+11
-1.351304e+08 -2.631055e+08
-1.500052e+05 1.550987e+05
-1.859462e+07 -5.862800e+06
-2.231427e+08 -9.142356e+08
7.988862e+11 1.073293e+12
-2.215217e+08 1.442737e+08
2.208671e+06 -4.318343e+06
-2.915423e+07 2.128166e+07
-1.128726e+07 -5.623318e+05
5.273990e+00 -7.286760e+05
6.257926e+10 8.557204e+10
-8.796216e+04 6.992972e+00
-6.915166e+03 -2.750022e+00
-2.722281e+06 5.438716e+06
5.576285e+08 6.205654e+08
-1.033825e+08 -6.872516e+07
1.800549e+16 -2.932537e+16
1.353753e+09 4.070120e+08
9.269088e+00 -1.453904e+05
4.036703e+07 6.849302e+07
1.078689e+05 -1.414607e+05
-3.912566e+03 -1.021695e+05
-7.268854e+08 4.737452e+08
-6.036435e+07 -1.958394e+09
6.040235e+10 -5.822875e+10
-6.702255e+07 -4.982522e+07
-2.938554e+10 4.440940e+10
3.065125e+03 9.174725e+04
9.883245e+05 6.061404e+06
2.940082e+10 -4.442094e+10
3.759870e+04 -7.545809e+00
1.375923e+13 -7.072643e+12
-3.801302e+09 2.385584e+09
1.004168e+10 5.654161e+10
1.923624e+06 -4.081697e-01
-1.571497e+07 1.508674e+07
-2.912330e+08 4.090751e+07
6.144426e+11 -2.206910e+11
-7.684238e+07 -1.917079e+07
-1.285348e+05 3.842098e+04
1.638864e+14 -2.341584e+14
8.495546e+04 1.611971e+05
-2.730392e+09 -7.919820e+08
-1.800549e+16 2.931780e+16
-8.289294e+06 5.106556e+06
7.999956e+11 -2.586345e+11
2.215155e+08 -1.442747e+08
-7.977427e+06 2.982464e+07
2.812963e+10 -2.773320e+10
7.118009e+06 1.333362e+07
1.086697e+09 1.669609e+09
-2.789948e+05 4.820292e+05
2.524779e+07 -2.717937e+07
-1.450547e+05 -6.940917e+05
1.465159e+05 6.927222e+05
8.659419e+00 -7.134671e+05
-8.188106e+09 1.641244e+10
-4.284115e+06 1.304598e+06
-7.031032e+06 -5.587665e+06
-9.762791e+05 -1.592839e+06
-9.248044e+00 6.409777e+05
1.369549e+08 2.636427e+08
-3.617815e+06 9.747248e+06
1.053035e+14 -4.985906e+14
6.093839e+05 -3.097842e+05
-1.704110e+05 -6.915210e+05
8.264074e+06 -5.103870e+06
-5.554898e+04 -1.783045e+05
-2.220835e+15 -8.260740e+15
-3.609819e+04 -3.484476e+00
3.618075e+06 -2.914817e+05
-5.470783e+07 -5.258139e+06
-2.766889e+05 -4.465016e+04
-2.525554e+07 2.718624e+07
-2.404126e+05 -2.749660e+05
-5.302486e+06 5.944659e+06
-1.534210e+10 -2.983911e+09
-3.728089e+09 1.366058e+10
-8.105613e+00 3.820268e+04
-2.258483e+11 -7.133836e+09
6.774414e+06 -2.513727e+06
2.594305e+12 -4.494041e+12
-6.558658e+00 -1.680792e+06
2.444520e+05 -3.030015e+05
-1.067647e+04 -9.060468e+04
2.056469e+07 -4.737717e+06
1.619048e+04 9.085436e+04
5.473865e+04 1.763766e+05
-4.034349e+09 4.527766e+08
-3.279254e+05 -9.220996e+03
-1.003638e+10 -5.651182e+10
6.749620e+08 1.359219e+09
-1.095084e+10 -2.455283e+10
-3.655361e+14 1.503880e+13
1.653436e+05 7.150261e+05
5.301088e+06 -5.945093e+06
5.890192e+04 6.502873e+05
3.729049e+09 -1.366412e+10
-1.314253e+07 -1.241671e+07
6.002918e+12 1.977225e+12
1.863690e+07 5.863591e+06
1.577258e+08 -2.743405e+07
3.618476e+06 -9.743988e+06
5.471609e+07 5.272889e+06
1.315849e+07 -1.112928e+07
8.455828e+07 8.399543e+07
-9.566497e+06 1.670214e+07
2.681774e+07 4.892746e+07
-3.030606e+05 -1.397184e+05
1.914854e+06 2.749720e+05
-2.594304e+12 4.494041e+12
-1.913951e+06 -2.666459e+05
-2.964763e+05 -4.811146e+05
3.655361e+14 -1.503491e+13
-1.826569e+06 4.218513e+04
9.501372e+09 -2.115519e+09
-6.040219e+10 5.822947e+10
-9.422267e+05 3.432069e+06
-9.498996e+09 2.114985e+09
1.313861e+07 1.241665e+07
1.060461e+06 1.635212e+06
-2.472740e+04 -7.024872e+05
6.963303e+00 1.288495e+05
1.032812e+05 -1.328677e+05
1.912707e+07 6.467209e+06
1.534212e+10 2.983867e+09
-1.504242e+05 2.352591e+05
1.034301e+08 6.874375e+07
1.143705e+11 -1.594095e+11
-2.054570e+07 4.775326e+06
1.127742e+07 5.154000e+05
-6.751341e+08 -1.359574e+09
4.752971e+19 -3.926533e+19
7.288712e+03 1.927784e+05
-3.489111e+00 1.077344e+05
9.985837e+05 -3.563214e+06
2.888332e+12 -2.009423e+12
7.349964e+00 4.266948e+04
2.913754e+07 -2.127455e+07
-1.304461e+05 -1.280353e+04
6.034704e+05 -4.005224e+04
4.311029e+06 -1.270341e+06
-1.314693e+07 7.392408e+06
3.974304e+05 3.362928e+04
-1.318165e+13 -2.512113e+13
-1.576839e+08 2.753017e+07
1.190197e+06 -4.559458e+06
3.680595e+08 3.146811e+08
-2.572388e+06 7.733414e+04
1.310420e+06 -3.651963e+06
-3.936820e+06 4.542744e+06
-1.053035e+14 4.985906e+14
3.571572e+06 1.708665e+06
7.304215e+07 2.175718e+08
8.192649e+09 -1.642158e+10
-2.889833e+12 2.009945e+12
-1.728325e+09 -5.652794e+08
1.232261e+09 3.072504e+07
-1.232261e+09 -3.072381e+07
3.956612e+06 -4.521319e+06
-1.877819e+06 6.783700e+06
2.220835e+15 8.260740e+15
-1.776056e+05 -4.484739e+05
9.866715e+00 -1.501068e+05
-6.829936e+05 1.637819e+07
3.607312e+07 -2.127752e+06
1.009753e+05 -6.204267e+04
-1.011555e+05 6.247335e+04
-2.068767e+08 -9.912146e+07
2.569655e+06 -1.362849e+05
-6.333481e-01 9.677694e+05
-1.210037e+18 -2.547797e+18
1.416679e+06 -1.082955e+06
3.020560e+04 -6.885730e+00
-2.410367e+05 -4.411216e+05
-6.738659e+06 2.517735e+06
2.966212e+05 1.436602e+05
7.755591e+04 -7.701770e+00
-2.340642e+07 -5.937626e+06
-9.303309e+04 -3.327229e+05
1.877854e+06 -6.783919e+06
-9.207673e+05 3.878147e+05
9.059003e+04 2.617503e+05
-1.086975e+09 -1.669603e+09
-4.751738e+19 3.925515e+19
5.738068e+03 -7.759713e+00
-1.189571e+06 4.561456e+06
-1.429368e+12 -5.201642e+11
2.022424e+07 -1.952502e+09
-7.262255e+00 -1.505327e+05
-3.759410e+05 -4.352659e+06
-3.490456e+08 -4.511752e+09
-7.303197e+07 -2.175116e+08
6.693235e+07 4.978570e+07
-4.813825e+06 -1.539132e+07
3.256777e+06 5.468329e+06
-2.684006e+07 -4.895986e+07
-7.975914e+04 4.639709e-03
-8.903731e+00 -1.079502e+05
-1.374841e+13 7.067083e+12
9.445543e+13 1.020350e+15
-3.150996e+05 -1.620162e+00
1.321229e+08 7.555523e+07
6.689760e+00 1.292059e+05
-3.621676e+07 1.796172e+06
-1.405202e+06 1.081981e+06
3.173728e+05 -6.261224e+00
-8.670611e+06 7.415166e+06
-2.815608e+10 2.773394e+10
-8.932340e+03 -7.263606e+05
-1.007610e+12 3.639710e+13
-9.183372e+09 4.189546e+10
1.906993e+05 -5.099341e+05
2.003131e+06 3.047119e+05
-3.393191e+06 -5.762397e+06
1.088024e+06 -8.104119e+04
5.998468e+00 1.448148e+05
-1.780873e+06 -5.155002e+05
2.405105e+05 4.397331e+05
-2.078650e+08 6.115535e+07
-8.270892e+10 -9.117530e+10
2.221573e+06 -5.703299e+05
5.759460e+10 8.692661e+09
9.183352e+05 -3.927558e+05
1.472606e+07 3.821614e+07
-7.800948e+06 -8.269869e+06
-5.143681e+04 -2.839878e+04
-3.609746e+05 7.498129e+04
1.215529e+07 -1.588335e+06
8.425686e+00 4.619253e+04
2.254145e+05 1.961961e+05
2.878586e+09 6.085952e+08
1.805214e+05 2.362837e+05
3.583698e+10 -6.698685e+09
-8.118405e+03 -2.012879e+03
-4.603560e+07 1.992489e+06
3.619392e+07 3.200384e+07
-5.164633e+13 4.654738e+13
-7.136234e+06 -1.331735e+07
-5.556870e+04 -5.277215e+04
1.780868e+06 5.193796e+05
2.209658e+08 9.153470e+08
-3.588268e+04 -8.170199e+00
1.157140e-01 1.094355e+05
-7.999956e+11 2.586344e+11
-1.269824e+06 -7.697278e+05
-2.197755e+07 -6.206061e+06
4.340088e+00 4.795659e+05
7.278041e+08 -4.740932e+08
-6.006072e+12 -1.977744e+12
3.670161e+05 4.453427e+05
-1.817031e+05 5.047817e+05
-2.022667e+07 1.954036e+09
1.317583e+07 3.381904e+06
2.196349e+05 -4.036634e+04
1.282585e+05 -3.595191e+04
-1.828363e+06 8.046478e+05
-9.455314e+13 -1.021405e+15
-1.166612e+05 1.028156e+00
1.847350e+10 -3.217704e+09
7.728153e+09 -5.533956e+07
-7.728155e+09 5.534159e+07
4.019642e+09 1.327829e+09
-6.146025e+11 2.207484e+11
2.260237e+11 7.139396e+09
2.731842e+09 7.923791e+08
-9.556051e+05 1.842241e+06
1.729248e+09 5.653867e+08
6.856215e+05 -1.640512e+07
2.443438e+05 -4.862175e+05
-1.467118e+08 -8.884665e+06
2.817441e+04 -1.303450e+00
2.259247e+08 4.342309e+07
-3.604320e+06 -1.715931e+06
2.677872e+05 -1.049882e+06
4.080598e+00 -4.714188e+05
-6.180186e+04 -7.171537e+00
1.095935e+10 2.457190e+10
-3.595623e+06 2.901972e+06
-1.061942e+06 1.102210e+05
3.009683e+06 2.490201e+06
-5.353959e+05 2.324491e+06
-1.756860e+09 2.365772e+09
-2.802396e+07 4.778533e+06
8.344649e+04 2.726399e+00
9.976985e+06 -9.787168e+06
1.008133e+12 -3.639710e+13
-4.041926e+07 -6.845245e+07
-3.765254e+07 7.686530e+07
-3.646651e+06 3.061750e+05
5.165973e+13 -4.655945e+13
-5.649457e+05 1.043777e+05
1.467155e+08 8.850492e+06
1.210666e+18 2.549785e+18
-1.317659e+07 -3.388330e+06
-3.283285e+06 -5.429147e+06
-2.645547e+05 1.052436e+06
-3.929909e+05 -4.860022e+04
3.496935e+04 2.733844e+05
-1.957862e+08 2.544542e+09
9.569869e+06 -1.670457e+07
1.334944e+10 2.088033e+11
1.757316e+09 -2.365774e+09
7.987552e+06 -2.983791e+07
2.189050e+07 6.268888e+06
-1.476524e+07 -3.815234e+07
4.725560e+04 -8.400679e+00
3.715275e+05 -1.024337e+01
3.450577e+04 6.954402e+05
-3.617449e+07 -3.198019e+07
4.760783e+06 1.543749e+07
-3.038463e+06 -2.503783e+06
9.183356e+09 -4.189555e+10
-1.984003e+06 -3.083506e+05
2.899925e+05 5.246467e+04
7.928049e+08 5.507389e+08
7.681992e+00 -4.111226e+05
3.759105e+07 -7.687414e+07
4.604828e+07 -1.994236e+06
-2.695627e+05 2.741829e+05
-2.943980e+05 -1.599321e+05
-8.096044e+05 8.129950e+00
3.420184e+05 2.319368e+05
