2.121945e+06 -9.818448e+00
8.426595e+06 -1.483838e+06
8.820228e+09 1.139939e+11
2.092993e+12 2.307381e+12
-1.580637e+12 -2.161641e+12
-5.751702e+09 -1.104949e+09
1.639069e+07 -5.869047e+07
-7.390315e+06 -6.066934e+06
-2.439682e+06 -1.610997e+07
-5.378945e+06 -2.612586e+00
7.788227e+05 -1.705321e+06
-3.616423e+07 9.626430e+07
4.944472e+09 -6.428151e+10
5.285127e+09 -1.554931e+09
-5.324821e+10 -1.153178e+10
5.291121e+09 2.535205e+09
-1.411559e+06 4.571427e+07
-7.100280e+06 -2.466366e+06
2.044314e+07 1.427529e+00
-2.533398e+08 2.478002e+08
-2.304943e+06 -4.623157e+06
-4.070895e+09 1.522432e+09
1.531411e+09 4.960206e+10
-7.278457e+10 -1.538771e+10
-5.584516e+07 1.092564e+08
-1.453514e+07 1.439131e+06
7.918904e+05 -1.491185e+05
9.258409e+07 -7.229357e+07
-2.320514e+13 -6.303140e+12
-1.887832e+00 -3.772133e+06
4.548365e+07 -2.054085e+07
-1.390381e+08 2.721054e+07
-3.427408e+10 -1.030265e+10
-3.356356e+09 -1.918874e+09
-4.281947e+07 -6.096179e+06
9.654671e+10 -6.059307e+10
3.338315e+14 6.362109e+14
8.164134e+05 1.521826e+06
5.326009e+10 1.153417e+10
1.793902e+08 1.444240e+08
1.022343e+11 -1.147355e+10
2.250727e+06 4.615775e+06
8.647613e+00 -2.173085e+06
-2.015522e+10 -1.400228e+10
1.529909e+07 1.109526e+08
2.255063e+06 -2.139509e+06
-2.964705e+12 4.130896e+12
1.412967e+06 -1.077165e+06
1.391036e+08 -2.733136e+07
-2.147697e+09 -2.133489e+09
7.180974e+08 -1.238940e+08
3.233750e+07 1.935909e+07
-6.530260e-01 -1.651503e+06
1.643274e+07 -1.847588e+06
3.623315e+13 1.318856e+13
4.069268e+09 -1.523450e+09
-4.668727e+11 8.131271e+10
5.937989e+08 1.506212e+08
4.275212e+06 1.111583e+07
-4.793118e+07 -1.443060e+08
-2.027345e+13 -2.723504e+13
-9.080123e+11 1.697451e+11
6.867223e+07 -1.375968e+08
2.136964e+08 2.372937e+08
-4.137772e+15 5.913013e+15
-3.818603e+08 1.249875e+08
2.290058e+07 -4.656299e+07
-1.454837e+12 -2.195810e+11
-9.512299e+09 -8.131909e+09
7.350056e+09 -1.032164e+09
5.358506e+06 -1.065827e+01
-1.406652e+10 -1.565410e+10
2.320751e+13 6.302881e+12
2.036244e+09 5.069195e+08
1.193431e+05 2.282177e+00
-1.016520e+11 -3.358746e+10
-3.430955e+11 -5.367056e+12
-3.425816e+09 -6.670916e+09
-3.795747e+06 3.924001e+06
-4.946531e+08 -1.559246e+08
-5.656576e+09 -2.317906e+10
2.027386e+13 2.723504e+13
-5.604160e+09 3.650091e+09
5.592260e+07 -1.093394e+08
-7.412128e+08 5.412087e+08
-2.876188e+08 -1.432535e+07
6.582579e+00 -1.845617e+07
1.580769e+12 2.161617e+12
-2.231902e+06 3.473353e+00
-1.777116e+05 7.160243e+00
-6.871182e+07 1.372756e+08
1.406591e+10 1.565474e+10
-2.625840e+09 -1.745569e+09
4.547432e+17 -7.404525e+17
3.428408e+10 1.030724e+10
-1.217125e+00 -3.689576e+06
1.026471e+09 1.742195e+09
2.729386e+06 -3.578857e+06
-1.003526e+05 -2.594850e+06
-1.851294e+10 1.205946e+10
-1.529581e+09 -4.961315e+10
1.528212e+12 -1.473204e+12
-1.699460e+09 -1.263041e+09
-7.465882e+11 1.128059e+12
7.925685e+04 2.326656e+06
2.500028e+07 1.532852e+08
7.466723e+11 -1.127978e+12
9.494496e+05 1.653266e+00
3.522485e+14 -1.810752e+14
-9.654694e+10 6.059061e+10
2.580968e+11 1.453233e+12
4.857643e+07 -1.555489e+00
-3.968744e+08 3.809372e+08
-7.350530e+09 1.032532e+09
1.563269e+13 -5.614548e+12
-2.035744e+09 -5.079297e+08
-3.270975e+06 9.783685e+05
4.139465e+15 -5.914102e+15
2.194689e+06 4.165194e+06
-6.909970e+10 -2.004276e+10
-4.547758e+17 7.404600e+17
-6.999762e+08 4.312290e+08
2.027582e+13 -6.552118e+12
5.604061e+09 -3.650004e+09
-2.024809e+08 7.570049e+08
7.117023e+11 -7.016722e+11
1.804658e+08 3.380139e+08
2.761103e+10 4.242048e+10
-7.211861e+06 1.246026e+07
6.397651e+08 -6.887027e+08
-3.661427e+06 -1.751461e+07
3.699044e+06 1.748103e+07
-1.103570e+01 -1.818483e+07
-2.224276e+11 4.458486e+11
-1.090505e+08 3.319716e+07
-1.786954e+08 -1.420110e+08
-2.477471e+07 -4.043386e+07
-9.917128e+00 1.633903e+07
3.472225e+09 6.681387e+09
-9.162853e+07 2.468894e+08
2.693261e+15 -1.275256e+16
1.541269e+07 -7.834748e+06
-4.336041e+06 -1.759306e+07
6.979064e+08 -4.310195e+08
-1.402011e+06 -4.501260e+06
-5.796439e+16 -2.156340e+17
-9.157543e+05 -7.780953e+00
9.208379e+07 -7.419304e+06
-1.386812e+09 -1.333018e+08
-7.071964e+06 -1.141922e+06
-6.398144e+08 6.886899e+08
-6.083438e+06 -6.958814e+06
-1.341013e+08 1.503280e+08
-3.879863e+11 -7.546399e+10
-9.433233e+10 3.456202e+11
9.500176e+00 9.654430e+05
-5.711671e+12 -1.804322e+11
1.723798e+08 -6.396699e+07
6.603144e+13 -1.143786e+14
-3.389977e+00 -4.322030e+07
6.358159e+06 -7.881544e+06
-2.705568e+05 -2.292942e+06
5.312878e+08 -1.224014e+08
4.102086e+05 2.299512e+06
1.382797e+06 4.455431e+06
-1.021997e+11 1.147120e+10
-8.301742e+06 -2.344004e+05
-2.580593e+11 -1.453084e+12
1.712392e+10 3.448155e+10
-2.770509e+11 -6.211874e+11
-9.246152e+15 3.802579e+14
4.208571e+06 1.819614e+07
1.340520e+08 -1.503284e+08
1.490153e+06 1.645202e+07
9.432352e+10 -3.456060e+11
-3.341687e+08 -3.158029e+08
1.539992e+14 5.071676e+13
4.956262e+08 1.559850e+08
4.043606e+09 -7.033402e+08
9.167362e+07 -2.468745e+08
1.386747e+09 1.336443e+08
3.354826e+08 -2.838217e+08
2.147534e+09 2.133175e+09
-2.460891e+08 4.296464e+08
6.796025e+08 1.240102e+09
-7.711532e+06 -3.555433e+06
4.837120e+07 6.946201e+06
-6.603414e+13 1.143891e+14
-4.832969e+07 -6.735351e+06
-7.519089e+06 -1.220220e+07
9.246815e+15 -3.803242e+14
-4.613596e+07 1.066587e+06
2.403080e+11 -5.350719e+10
-1.528240e+12 1.473343e+12
-2.384852e+07 8.686521e+07
-2.403593e+11 5.351465e+10
3.341772e+08 3.158244e+08
2.691406e+07 4.149985e+07
-6.268125e+05 -1.779794e+07
-4.644070e+00 3.265331e+06
2.616779e+06 -3.366041e+06
4.837081e+08 1.635489e+08
3.879789e+11 7.545439e+10
-3.812525e+06 5.961304e+06
2.626565e+09 1.746041e+09
2.964313e+12 -4.130558e+12
-5.307521e+08 1.233548e+08
2.873095e+08 1.313855e+07
-1.712314e+10 -3.448370e+10
1.205237e+21 -9.956523e+20
1.840848e+05 4.899326e+06
1.016384e+01 2.737786e+06
2.526150e+07 -9.014958e+07
7.331338e+13 -5.100752e+13
-8.382308e+00 1.079893e+06
7.410893e+08 -5.409861e+08
-3.315402e+06 -3.263951e+05
1.526784e+07 -1.013555e+06
1.097434e+08 -3.233476e+07
-3.354590e+08 1.885433e+08
1.006680e+07 8.531054e+05
-3.338452e+14 -6.362369e+14
-4.041555e+09 7.055472e+08
3.022607e+07 -1.157905e+08
9.513140e+09 8.133981e+09
-6.534797e+07 1.964355e+06
3.312684e+07 -9.231449e+07
-1.006971e+08 1.161954e+08
-2.693316e+15 1.275204e+16
9.054595e+07 4.331742e+07
1.851286e+09 5.514114e+09
2.224065e+11 -4.458116e+11
-7.331563e+13 5.100491e+13
-4.382655e+10 -1.433141e+10
3.126623e+10 7.795731e+08
-3.126431e+10 -7.795097e+08
1.011673e+08 -1.156251e+08
-4.749974e+07 1.715927e+08
5.796558e+16 2.156141e+17
-4.524344e+06 -1.142294e+07
-1.134835e+00 -3.832945e+06
-1.759772e+07 4.219896e+08
9.324508e+08 -5.499905e+07
2.559401e+06 -1.572505e+06
-2.564037e+06 1.583803e+06
-5.292773e+09 -2.535994e+09
6.530371e+07 -3.464682e+06
3.681229e+00 2.452144e+07
-3.074162e+19 -6.473896e+19
3.605277e+07 -2.755988e+07
7.658941e+05 9.588221e+00
-6.135370e+06 -1.122716e+07
-1.714334e+08 6.405458e+07
7.544281e+06 3.653771e+06
1.966628e+06 -1.035908e+01
-5.933191e+08 -1.505075e+08
-2.353352e+06 -8.416542e+06
4.752771e+07 -1.716795e+08
-2.336720e+07 9.839938e+06
2.290347e+06 6.619372e+06
-2.761629e+10 -4.242901e+10
-1.205447e+21 9.958561e+20
1.500374e+05 -9.801947e+00
-3.021356e+07 1.158617e+08
-3.623537e+13 -1.318869e+13
5.118109e+08 -4.942328e+10
6.581755e+00 -3.813457e+06
-9.509369e+06 -1.101022e+08
-8.823893e+09 -1.140632e+11
-1.851830e+09 -5.515542e+09
1.697218e+09 1.262388e+09
-1.229231e+08 -3.930252e+08
8.262275e+07 1.387285e+08
-6.802642e+08 -1.241177e+09
-2.026781e+06 3.012838e+00
-3.028060e+00 -2.746767e+06
-3.523170e+14 1.811067e+14
2.388157e+15 2.579846e+16
-8.019991e+06 -3.654538e+00
3.356191e+09 1.919296e+09
6.512636e+00 3.285767e+06
-9.365734e+08 4.645373e+07
-3.577328e+07 2.754019e+07
8.072163e+06 3.865334e+00
-2.209618e+08 1.889757e+08
-7.123984e+11 7.017174e+11
-2.266548e+05 -1.838654e+07
-2.560198e+13 9.245790e+14
-2.328479e+11 1.062286e+12
4.834190e+06 -1.292805e+07
5.075521e+07 7.721572e+06
-8.645225e+07 -1.468592e+08
2.768673e+07 -2.062944e+06
5.876650e+00 3.672231e+06
-4.516187e+07 -1.307336e+07
6.123125e+06 1.119398e+07
-5.286903e+09 1.555754e+09
-2.093636e+12 -2.307972e+12
5.633520e+07 -1.446371e+07
1.455090e+12 2.196211e+11
2.329202e+07 -9.962427e+06
3.734309e+08 9.690943e+08
-2.112263e+08 -2.239088e+08
-1.311831e+06 -7.231277e+05
-9.148573e+06 1.900547e+06
3.096775e+08 -4.046489e+07
-2.312449e-01 1.172305e+06
5.719011e+06 4.979316e+06
7.280923e+10 1.539328e+10
4.574410e+06 5.979033e+06
9.082264e+11 -1.697649e+11
-2.082233e+05 -5.013133e+04
-1.166425e+09 5.050770e+07
9.165963e+08 8.104925e+08
-1.309227e+15 1.180005e+15
-1.809090e+08 -3.375947e+08
-1.405872e+06 -1.335591e+06
4.515680e+07 1.316862e+07
5.602671e+09 2.320873e+10
-9.103649e+05 5.687694e+00
-9.074582e+00 2.769168e+06
-2.028122e+13 6.556946e+12
-3.222486e+07 -1.953355e+07
-5.575951e+08 -1.574943e+08
-5.704953e+00 1.216080e+07
1.851506e+10 -1.206087e+10
-1.540702e+14 -5.073389e+13
9.301904e+06 1.128760e+07
-4.604858e+06 1.279233e+07
-5.115802e+08 4.942322e+10
3.325966e+08 8.537091e+07
5.598778e+06 -1.035069e+06
3.240974e+06 -9.087580e+05
-4.630762e+07 2.037997e+07
-2.388181e+15 -2.579741e+16
-2.962137e+06 -6.074196e+00
4.669001e+11 -8.132522e+10
1.962357e+11 -1.405373e+09
-1.962638e+11 1.405453e+09
1.016767e+11 3.358634e+10
-1.563413e+13 5.615181e+12
5.714127e+12 1.804899e+11
6.911474e+10 2.004633e+10
-2.420113e+07 4.665451e+07
4.383661e+10 1.433115e+10
1.765615e+07 -4.224759e+08
6.309469e+06 -1.255593e+07
-3.715229e+09 -2.249918e+08
7.133928e+05 3.617898e+00
5.751282e+09 1.105383e+09
-9.136530e+07 -4.349543e+07
6.759839e+06 -2.650144e+07
5.411503e+00 -1.194908e+07
-1.571930e+06 -1.007141e-01
2.771446e+11 6.214097e+11
-9.145019e+07 7.380825e+07
-2.701479e+07 2.803638e+06
7.708662e+07 6.378100e+07
-1.358285e+07 5.898566e+07
-4.458282e+10 6.003545e+10
-7.172461e+08 1.222640e+08
2.146342e+06 -7.047411e+00
2.531156e+08 -2.483082e+08
2.560302e+13 -9.245695e+14
-1.027705e+09 -1.740480e+09
-9.959707e+08 2.032639e+09
-9.280818e+07 7.795124e+06
1.309240e+15 -1.179981e+15
-1.438924e+07 2.658942e+06
3.715549e+09 2.241335e+08
3.074382e+19 6.475155e+19
-3.326252e+08 -8.553707e+07
-8.325649e+07 -1.376728e+08
-6.678632e+06 2.657060e+07
-9.951489e+06 -1.229506e+06
8.831169e+05 6.906465e+06
-4.946004e+09 6.429686e+10
2.461617e+08 -4.296789e+08
3.435218e+11 5.371785e+12
4.458373e+10 -6.003058e+10
2.026748e+08 -7.571019e+08
5.554691e+08 1.590310e+08
-3.743113e+08 -9.672636e+08
1.202098e+06 -4.941719e+00
9.398032e+06 -1.036283e+01
8.730327e+05 1.761296e+07
-9.158491e+08 -8.096687e+08
1.215020e+08 3.939882e+08
-7.779343e+07 -6.410472e+07
2.328332e+11 -1.062234e+12
-5.025454e+07 -7.810554e+06
7.408771e+06 1.341876e+06
2.015754e+10 1.400115e+10
8.981980e+00 -1.113243e+07
9.940457e+08 -2.032407e+09
1.166422e+09 -5.051408e+07
-7.007638e+06 7.127896e+06
-7.468757e+06 -4.057701e+06
-2.050863e+07 1.474089e+00
8.682782e+06 5.887308e+06
