2.135100e+06 5.627702e+00
8.478698e+06 -1.493013e+06
8.874742e+09 1.146986e+11
2.105929e+12 2.321641e+12
-1.590407e+12 -2.175000e+12
-5.787255e+09 -1.111779e+09
1.649198e+07 -5.905358e+07
-7.436018e+06 -6.104449e+06
-2.454764e+06 -1.620954e+07
-5.412194e+06 -2.810708e+00
7.836335e+05 -1.715865e+06
-3.638771e+07 9.685910e+07
4.975028e+09 -6.467874e+10
5.317796e+09 -1.564543e+09
-5.357736e+10 -1.160307e+10
5.323840e+09 2.550881e+09
-1.420291e+06 4.599698e+07
-7.144153e+06 -2.481605e+06
2.056947e+07 1.821852e+00
-2.549054e+08 2.493316e+08
-2.319194e+06 -4.651730e+06
-4.096053e+09 1.531840e+09
1.540876e+09 4.990866e+10
-7.323442e+10 -1.548281e+10
-5.619037e+07 1.099318e+08
-1.462497e+07 1.448022e+06
7.967821e+05 -1.500400e+05
9.315644e+07 -7.274038e+07
-2.334854e+13 -6.342088e+12
-8.156682e+00 -3.795442e+06
4.576488e+07 -2.066784e+07
-1.398974e+08 2.737869e+07
-3.448596e+10 -1.036633e+10
-3.377100e+09 -1.930733e+09
-4.308408e+07 -6.133847e+06
9.714337e+10 -6.096752e+10
3.358947e+14 6.401428e+14
8.214467e+05 1.531229e+06
5.358924e+10 1.160545e+10
1.804989e+08 1.453167e+08
1.028661e+11 -1.154446e+10
2.264628e+06 4.644287e+06
6.573976e+00 -2.186509e+06
-2.027979e+10 -1.408882e+10
1.539362e+07 1.116383e+08
2.268996e+06 -2.152729e+06
-2.983043e+12 4.156449e+12
1.421695e+06 -1.083819e+06
1.399635e+08 -2.750028e+07
-2.160973e+09 -2.146675e+09
7.225371e+08 -1.246599e+08
3.253733e+07 1.947871e+07
-9.864677e+00 -1.661700e+06
1.653429e+07 -1.859001e+06
3.645704e+13 1.327006e+13
4.094411e+09 -1.532864e+09
-4.697574e+11 8.181517e+10
5.974685e+08 1.515519e+08
4.301632e+06 1.118455e+07
-4.822735e+07 -1.451977e+08
-2.039878e+13 -2.740338e+13
-9.136243e+11 1.707941e+11
6.909654e+07 -1.384471e+08
2.150206e+08 2.387640e+08
-4.163350e+15 5.949559e+15
-3.842201e+08 1.257598e+08
2.304209e+07 -4.685072e+07
-1.463826e+12 -2.209377e+11
-9.571141e+09 -8.182212e+09
7.395474e+09 -1.038542e+09
5.391618e+06 -4.404785e+00
-1.415344e+10 -1.575083e+10
2.335091e+13 6.341830e+12
2.048850e+09 5.100577e+08
1.200770e+05 1.694288e+00
-1.022802e+11 -3.379500e+10
-3.452193e+11 -5.400266e+12
-3.446999e+09 -6.712161e+09
-3.819213e+06 3.948260e+06
-4.977175e+08 -1.568906e+08
-5.691556e+09 -2.332238e+10
2.039920e+13 2.740338e+13
-5.638796e+09 3.672648e+09
5.626820e+07 -1.100151e+08
-7.457949e+08 5.445544e+08
-2.893970e+08 -1.441391e+07
-8.438091e+00 -1.857024e+07
1.590539e+12 2.174976e+12
-2.245698e+06 4.097265e+00
-1.788089e+05 3.285017e+00
-6.913647e+07 1.381240e+08
1.415283e+10 1.575147e+10
-2.642072e+09 -1.756359e+09
4.575533e+17 -7.450282e+17
3.449596e+10 1.037095e+10
-6.796754e+00 -3.712380e+06
1.032817e+09 1.752966e+09
2.746251e+06 -3.600970e+06
-1.009716e+05 -2.610886e+06
-1.862737e+10 1.213400e+10
-1.539034e+09 -4.991976e+10
1.537656e+12 -1.482308e+12
-1.709963e+09 -1.270848e+09
-7.512031e+11 1.135031e+12
7.974175e+04 2.341033e+06
2.515477e+07 1.542325e+08
7.512871e+11 -1.134950e+12
9.553106e+05 -4.219200e+00
3.544263e+14 -1.821947e+14
-9.714361e+10 6.096506e+10
2.596927e+11 1.462219e+12
4.887657e+07 -2.921412e+00
-3.993271e+08 3.832912e+08
-7.395948e+09 1.038911e+09
1.572932e+13 -5.649252e+12
-2.048348e+09 -5.110740e+08
-3.291191e+06 9.844110e+05
4.165044e+15 -5.950648e+15
2.208258e+06 4.190953e+06
-6.952672e+10 -2.016663e+10
-4.575859e+17 7.450357e+17
-7.044266e+08 4.339706e+08
2.040113e+13 -6.592631e+12
5.638697e+09 -3.672563e+09
-2.037324e+08 7.616839e+08
7.161005e+11 -7.060085e+11
1.815810e+08 3.401030e+08
2.778170e+10 4.268269e+10
-7.256473e+06 1.253733e+07
6.437188e+08 -6.929590e+08
-3.684046e+06 -1.762283e+07
3.721892e+06 1.758904e+07
-8.043363e+00 -1.829723e+07
-2.238060e+11 4.486114e+11
-1.097246e+08 3.340237e+07
-1.797999e+08 -1.428888e+08
-2.492783e+07 -4.068375e+07
-7.973090e+00 1.644001e+07
3.493683e+09 6.722683e+09
-9.219477e+07 2.484150e+08
2.709911e+15 -1.283140e+16
1.550792e+07 -7.883154e+06
-4.362834e+06 -1.770179e+07
7.023433e+08 -4.337596e+08
-1.410668e+06 -4.529070e+06
-5.832305e+16 -2.169681e+17
-9.214011e+05 7.194426e+00
9.265288e+07 -7.465147e+06
-1.395384e+09 -1.341256e+08
-7.115675e+06 -1.148970e+06
-6.437683e+08 6.929461e+08
-6.121023e+06 -7.001807e+06
-1.349299e+08 1.512570e+08
-3.903839e+11 -7.593030e+10
-9.491523e+10 3.477561e+11
5.928822e+00 9.713991e+05
-5.746974e+12 -1.815473e+11
1.734454e+08 -6.436237e+07
6.643960e+13 -1.150856e+14
1.229324e+00 -4.348756e+07
6.397498e+06 -7.930305e+06
-2.722224e+05 -2.307104e+06
5.345738e+08 -1.231584e+08
4.127369e+05 2.313715e+06
1.391346e+06 4.482970e+06
-1.028314e+11 1.154211e+10
-8.353042e+06 -2.358416e+05
-2.596552e+11 -1.462070e+12
1.722976e+10 3.469468e+10
-2.787631e+11 -6.250263e+11
-9.303291e+15 3.826081e+14
4.234575e+06 1.830860e+07
1.348807e+08 -1.512574e+08
1.499358e+06 1.655369e+07
9.490643e+10 -3.477419e+11
-3.362343e+08 -3.177550e+08
1.549516e+14 5.103037e+13
4.986951e+08 1.569508e+08
4.068607e+09 -7.076888e+08
9.224012e+07 -2.483999e+08
1.395318e+09 1.344702e+08
3.375563e+08 -2.855761e+08
2.160807e+09 2.146359e+09
-2.476109e+08 4.323032e+08
6.838021e+08 1.247766e+09
-7.759188e+06 -3.577400e+06
4.867005e+07 6.989117e+06
-6.644231e+13 1.150961e+14
-4.862840e+07 -6.776963e+06
-7.565549e+06 -1.227760e+07
9.303953e+15 -3.826743e+14
-4.642103e+07 1.073164e+06
2.417932e+11 -5.383787e+10
-1.537684e+12 1.482447e+12
-2.399589e+07 8.740197e+07
-2.418445e+11 5.384533e+10
3.362427e+08 3.177764e+08
2.708038e+07 4.175631e+07
-6.306765e+05 -1.790792e+07
-9.739443e+00 3.285500e+06
2.632938e+06 -3.386835e+06
4.866971e+08 1.645595e+08
3.903765e+11 7.592069e+10
-3.836081e+06 5.998136e+06
2.642804e+09 1.756834e+09
2.982651e+12 -4.156111e+12
-5.340351e+08 1.241178e+08
2.890856e+08 1.321977e+07
-1.722897e+10 -3.469682e+10
1.212686e+21 -1.001806e+21
1.852126e+05 4.929600e+06
-5.737805e-01 2.754698e+06
2.541762e+07 -9.070669e+07
7.376651e+13 -5.132276e+13
7.723613e+00 1.086555e+06
7.456700e+08 -5.443298e+08
-3.335881e+06 -3.284017e+05
1.536217e+07 -1.019806e+06
1.104216e+08 -3.253463e+07
-3.375326e+08 1.897086e+08
1.012902e+07 8.583685e+05
-3.359084e+14 -6.401688e+14
-4.066542e+09 7.099099e+08
3.041288e+07 -1.165062e+08
9.571983e+09 8.184290e+09
-6.575184e+07 1.976486e+06
3.333151e+07 -9.288490e+07
-1.013196e+08 1.169137e+08
-2.709967e+15 1.283088e+16
9.110554e+07 4.358512e+07
1.862727e+09 5.548194e+09
2.237848e+11 -4.485745e+11
-7.376876e+13 5.132015e+13
-4.409741e+10 -1.441998e+10
3.145945e+10 7.843908e+08
-3.145753e+10 -7.843272e+08
1.017929e+08 -1.163400e+08
-4.779327e+07 1.726531e+08
5.832424e+16 2.169482e+17
-4.552302e+06 -1.149354e+07
2.351016e+00 -3.856630e+06
-1.770653e+07 4.245991e+08
9.382179e+08 -5.533921e+07
2.575211e+06 -1.582216e+06
-2.579875e+06 1.593583e+06
-5.325492e+09 -2.551671e+09
6.570726e+07 -3.486086e+06
-8.065810e+00 2.467295e+07
-3.093160e+19 -6.513908e+19
3.627560e+07 -2.773021e+07
7.706175e+05 -1.212564e-01
-6.173280e+06 -1.129654e+07
-1.724930e+08 6.445048e+07
7.590902e+06 3.676347e+06
1.978775e+06 -2.635463e-01
-5.969855e+08 -1.514376e+08
-2.367884e+06 -8.468539e+06
4.782139e+07 -1.727402e+08
-2.351158e+07 9.900724e+06
2.304487e+06 6.660257e+06
-2.778695e+10 -4.269122e+10
-1.212896e+21 1.002010e+21
1.509560e+05 -8.860567e+00
-3.040027e+07 1.165776e+08
-3.645927e+13 -1.327019e+13
5.149731e+08 -4.972865e+10
-8.627663e+00 -3.837007e+06
-9.568107e+06 -1.107824e+08
-8.878412e+09 -1.147679e+11
-1.863273e+09 -5.549622e+09
1.707705e+09 1.270189e+09
-1.236829e+08 -3.954543e+08
8.313328e+07 1.395857e+08
-6.844673e+08 -1.248846e+09
-2.039295e+06 -6.579975e-01
7.589277e+00 -2.763730e+06
-3.544948e+14 1.822262e+14
2.402910e+15 2.595783e+16
-8.069541e+06 -5.282147e+00
3.376929e+09 1.931156e+09
1.259289e-01 3.306063e+06
-9.423650e+08 4.674096e+07
-3.599436e+07 2.771036e+07
8.122033e+06 4.501034e-01
-2.223274e+08 1.901435e+08
-7.167996e+11 7.060526e+11
-2.280453e+05 -1.850013e+07
-2.576018e+13 9.302920e+14
-2.342868e+11 1.068850e+12
4.864053e+06 -1.300792e+07
5.106880e+07 7.769274e+06
-8.698651e+07 -1.477668e+08
2.785782e+07 -2.075685e+06
-1.034592e+01 3.694912e+06
-4.544090e+07 -1.315413e+07
6.160955e+06 1.126315e+07
-5.319573e+09 1.565368e+09
-2.106572e+12 -2.322232e+12
5.668327e+07 -1.455307e+07
1.464079e+12 2.209778e+11
2.343594e+07 -1.002397e+07
3.757381e+08 9.750819e+08
-2.125347e+08 -2.252959e+08
-1.319927e+06 -7.275856e+05
-9.205088e+06 1.912280e+06
3.115914e+08 -4.071497e+07
1.194379e+00 1.179542e+06
5.754344e+06 5.010075e+06
7.325908e+10 1.548839e+10
4.602670e+06 6.015970e+06
9.138384e+11 -1.708139e+11
-2.095042e+05 -5.043296e+04
-1.173632e+09 5.081979e+07
9.222598e+08 8.155003e+08
-1.317316e+15 1.187296e+15
-1.820268e+08 -3.396807e+08
-1.414549e+06 -1.343833e+06
4.543581e+07 1.324998e+07
5.637292e+09 2.335215e+10
-9.159782e+05 9.814006e+00
-7.343432e+00 2.786264e+06
-2.040653e+13 6.597458e+12
-3.242396e+07 -1.965424e+07
-5.610403e+08 -1.584675e+08
-1.011711e+01 1.223592e+07
1.862947e+10 -1.213540e+10
-1.550226e+14 -5.104751e+13
9.359365e+06 1.135733e+07
-4.633299e+06 1.287136e+07
-5.147411e+08 4.972858e+10
3.346514e+08 8.589830e+07
5.633365e+06 -1.041455e+06
3.260985e+06 -9.143596e+05
-4.659370e+07 2.050587e+07
-2.402935e+15 -2.595678e+16
-2.980428e+06 -4.827547e+00
4.697848e+11 -8.182767e+10
1.974484e+11 -1.414057e+09
-1.974765e+11 1.414137e+09
1.023048e+11 3.379385e+10
-1.573075e+13 5.649885e+12
5.749430e+12 1.816050e+11
6.954177e+10 2.017019e+10
-2.435066e+07 4.694278e+07
4.410748e+10 1.441971e+10
1.776533e+07 -4.250883e+08
6.348480e+06 -1.263357e+07
-3.738186e+09 -2.263820e+08
7.177914e+05 -5.023728e+00
5.786827e+09 1.112215e+09
-9.192987e+07 -4.376420e+07
6.801592e+06 -2.666516e+07
-6.157498e+00 -1.202290e+07
-1.581634e+06 4.404093e+00
2.788568e+11 6.252487e+11
-9.201529e+07 7.426434e+07
-2.718173e+07 2.820958e+06
7.756312e+07 6.417525e+07
-1.366678e+07 5.935014e+07
-4.485830e+10 6.040641e+10
-7.216795e+08 1.230197e+08
2.159605e+06 8.291204e+00
2.546795e+08 -2.498424e+08
2.576122e+13 -9.302826e+14
-1.034056e+09 -1.751236e+09
-1.002136e+09 2.045221e+09
-9.338177e+07 7.843296e+06
1.317330e+15 -1.187272e+15
-1.447817e+07 2.675370e+06
3.738507e+09 2.255183e+08
3.093380e+19 6.515167e+19
-3.346801e+08 -8.606548e+07
-8.377091e+07 -1.385235e+08
-6.719881e+06 2.673471e+07
-1.001297e+07 -1.237095e+06
8.885637e+05 6.949125e+06
-4.976561e+09 6.469410e+10
2.476836e+08 -4.323355e+08
3.456456e+11 5.404995e+12
4.485921e+10 -6.040154e+10
2.039272e+08 -7.617805e+08
5.589015e+08 1.600137e+08
-3.766241e+08 -9.732443e+08
1.209529e+06 3.014327e+00
9.456106e+06 8.485953e+00
8.784162e+05 1.772179e+07
-9.215081e+08 -8.146716e+08
1.222529e+08 3.964234e+08
-7.827435e+07 -6.450101e+07
2.342721e+11 -1.068799e+12
-5.056507e+07 -7.858805e+06
7.454553e+06 1.350158e+06
2.028211e+10 1.408768e+10
4.612233e+00 -1.120139e+07
1.000199e+09 -2.044987e+09
1.173629e+09 -5.082621e+07
-7.050978e+06 7.171978e+06
-7.514901e+06 -4.082766e+06
-2.063534e+07 8.172317e+00
8.736433e+06 5.923690e+06
