1.400247e+06 1.088481e+01
5.562145e+06 -9.794352e+05
5.821968e+09 7.524764e+10
1.381444e+12 1.522995e+12
-1.043336e+12 -1.426858e+12
-3.795775e+09 -7.291882e+08
1.081762e+07 -3.872974e+07
-4.877080e+06 -4.003659e+06
-1.610180e+06 -1.063349e+07
-3.549878e+06 8.026614e+00
5.140950e+05 -1.125765e+06
-2.387203e+07 6.354306e+07
3.263685e+09 -4.242838e+10
3.487846e+09 -1.026176e+09
-3.514677e+10 -7.611457e+09
3.491498e+09 1.672989e+09
-9.314957e+05 3.016453e+07
-4.686852e+06 -1.628046e+06
1.349438e+07 -7.118445e+00
-1.672146e+08 1.635583e+08
-1.521654e+06 -3.051746e+06
-2.687051e+09 1.004902e+09
1.010786e+09 3.273842e+10
-4.803819e+10 -1.015618e+10
-3.685810e+07 7.211217e+07
-9.594032e+06 9.498215e+05
5.225617e+05 -9.828200e+04
6.109553e+07 -4.770825e+07
-1.531688e+13 -4.160242e+12
8.258857e+00 -2.489324e+06
3.002095e+07 -1.355721e+07
-9.177590e+07 1.796026e+07
-2.262265e+10 -6.800508e+09
-2.215361e+09 -1.266552e+09
-2.826271e+07 -4.023682e+06
6.372237e+10 -3.999178e+10
2.203546e+14 4.199505e+14
5.392017e+05 1.004305e+06
3.515687e+10 7.613557e+09
1.184089e+08 9.532953e+07
6.748259e+10 -7.573514e+09
1.485674e+06 3.046737e+06
2.528135e-01 -1.434673e+06
-1.330214e+10 -9.241579e+09
1.009817e+07 7.323406e+07
1.488242e+06 -1.411912e+06
-1.955895e+12 2.725360e+12
9.325690e+05 -7.109516e+05
9.181844e+07 -1.804125e+07
-1.417526e+09 -1.408077e+09
4.738900e+08 -8.175212e+07
2.134189e+07 1.277630e+07
1.678750e-01 -1.090074e+06
1.084499e+07 -1.219311e+06
2.391523e+13 8.704621e+12
2.685927e+09 -1.005545e+09
-3.081807e+11 5.367467e+10
3.919333e+08 9.941769e+07
2.821660e+06 7.336421e+06
-3.163672e+07 -9.525147e+07
-1.338249e+13 -1.797786e+13
-5.993981e+11 1.120507e+11
4.533433e+07 -9.083556e+07
1.408675e+08 1.564196e+08
-2.731440e+15 3.903305e+15
-2.520758e+08 8.250283e+07
1.511629e+07 -3.073442e+07
-9.603570e+11 -1.449453e+11
-6.275871e+09 -5.365418e+09
4.851887e+09 -6.813722e+08
3.536876e+06 -5.983844e+00
-9.285579e+09 -1.033309e+10
1.531901e+13 4.160307e+12
1.342729e+09 3.342684e+08
7.874904e+04 4.107854e+00
-6.709618e+10 -2.216922e+10
-2.263879e+11 -3.541353e+12
-2.261163e+09 -4.403279e+09
-2.505661e+06 2.590321e+06
-3.262106e+08 -1.028272e+08
-3.733716e+09 -1.530022e+10
1.338248e+13 1.797786e+13
-3.699291e+09 2.409404e+09
3.691135e+07 -7.216936e+07
-4.892183e+08 3.572294e+08
-1.898284e+08 -9.454829e+06
-8.113511e+00 -1.218250e+07
1.043468e+12 1.426901e+12
-1.473081e+06 -9.955787e+00
-1.172285e+05 9.678800e+00
-4.535499e+07 9.062085e+07
9.285414e+09 1.033406e+10
-1.733047e+09 -1.152089e+09
3.001519e+17 -4.887360e+17
2.262826e+10 6.803291e+09
2.358659e+00 -2.434932e+06
6.774457e+08 1.149831e+09
1.801471e+06 -2.362200e+06
-6.612058e+04 -1.712654e+06
-1.221838e+10 7.959019e+09
-1.009652e+09 -3.274802e+10
1.008733e+12 -9.724186e+11
-1.121785e+09 -8.337037e+08
-4.927617e+11 7.445587e+11
5.243077e+04 1.535905e+06
1.650240e+07 1.011775e+08
4.927769e+11 -7.444433e+11
6.266449e+05 -2.011151e+00
2.324466e+14 -1.194880e+14
-6.372021e+10 3.998953e+10
1.703044e+11 9.589609e+11
3.206681e+07 -1.904231e+00
-2.619772e+08 2.514547e+08
-4.851852e+09 6.815700e+08
1.031723e+13 -3.705551e+12
-1.342399e+09 -3.349365e+08
-2.158875e+06 6.456260e+05
2.732414e+15 -3.904092e+15
1.448146e+06 2.748249e+06
-4.561069e+10 -1.322991e+10
-3.002031e+17 4.887739e+17
-4.551661e+08 2.804247e+08
1.338312e+13 -4.325219e+12
3.699189e+09 -2.409160e+09
-1.336467e+08 4.996450e+08
4.697860e+11 -4.631796e+11
1.191177e+08 2.231163e+08
1.822436e+10 2.799959e+10
-4.757899e+06 8.220452e+06
4.222683e+08 -4.545806e+08
-2.416909e+06 -1.156183e+07
2.441828e+06 1.153944e+07
4.436269e+00 -1.200150e+07
-1.465986e+11 2.938459e+11
-7.197044e+07 2.191056e+07
-1.179392e+08 -9.372839e+07
-1.635142e+07 -2.668578e+07
-9.504055e+00 1.078281e+07
2.291784e+09 4.410067e+09
-6.047717e+07 1.629553e+08
1.777341e+15 -8.415608e+15
1.017337e+07 -5.171402e+06
-2.861670e+06 -1.161047e+07
4.538114e+08 -2.802675e+08
-9.254559e+05 -2.971076e+06
-3.823399e+16 -1.422371e+17
-6.043621e+05 1.082424e+01
6.077350e+07 -4.896458e+06
-9.154022e+08 -8.798303e+07
-4.666938e+06 -7.535552e+05
-4.223009e+08 4.545699e+08
-4.015626e+06 -4.593386e+06
-8.851933e+07 9.923040e+07
-2.561038e+11 -4.981317e+10
-6.226671e+10 2.281314e+11
-8.952676e+00 6.373305e+05
-3.770042e+12 -1.190911e+11
1.137632e+08 -4.221506e+07
4.357742e+13 -7.548444e+13
-4.702784e+00 -2.851786e+07
4.194451e+06 -5.199441e+06
-1.787478e+05 -1.513597e+06
3.505306e+08 -8.075453e+07
2.708103e+05 1.517942e+06
9.129055e+05 2.941049e+06
-6.745845e+10 7.571830e+09
-5.479911e+06 -1.547036e+05
-1.702855e+11 -9.588265e+11
1.130229e+10 2.275811e+10
-1.828674e+11 -4.100317e+11
-6.103336e+15 2.510098e+14
2.777928e+06 1.201017e+07
8.848773e+07 -9.923457e+07
9.837751e+05 1.086082e+07
6.226277e+10 -2.281314e+11
-2.205610e+08 -2.084381e+08
1.016255e+14 3.346796e+13
3.268271e+08 1.028558e+08
2.668342e+09 -4.641117e+08
6.050822e+07 -1.629462e+08
9.153029e+08 8.820768e+07
2.213975e+08 -1.873104e+08
1.417406e+09 1.407928e+09
-1.623815e+08 2.834969e+08
4.485674e+08 8.185079e+08
-5.089403e+06 -2.346375e+06
3.192942e+07 4.584962e+06
-4.358080e+13 7.549029e+13
-3.190165e+07 -4.445971e+06
-4.962810e+06 -8.054159e+06
6.103621e+15 -2.510488e+14
-3.045357e+07 7.037739e+05
1.586021e+11 -3.531504e+10
-1.008684e+12 9.724909e+11
-1.574075e+07 5.733579e+07
-1.586551e+11 3.532293e+10
2.205493e+08 2.084435e+08
1.776387e+07 2.739128e+07
-4.137525e+05 -1.174837e+07
-1.264976e+00 2.155238e+06
1.727168e+06 -2.221753e+06
3.192851e+08 1.079579e+08
2.561042e+11 4.980780e+10
-2.516573e+06 3.934735e+06
1.733523e+09 1.152329e+09
1.955533e+12 -2.724980e+12
-3.501785e+08 8.138149e+07
1.896124e+08 8.670591e+06
-1.130153e+10 -2.275883e+10
7.954628e+20 -6.571391e+20
1.214842e+05 3.233142e+06
-6.770800e+00 1.806844e+06
1.667304e+07 -5.950131e+07
4.838594e+13 -3.366437e+13
6.791075e+00 7.126629e+05
4.890894e+08 -3.570331e+08
-2.187829e+06 -2.152167e+05
1.007760e+07 -6.690480e+05
7.242637e+07 -2.133965e+07
-2.213773e+08 1.244275e+08
6.644995e+06 5.630981e+05
-2.203477e+14 -4.199245e+14
-2.666893e+09 4.655722e+08
1.995049e+07 -7.642693e+07
6.276788e+09 5.366820e+09
-4.313427e+07 1.296468e+06
2.186745e+07 -6.093786e+07
-6.645285e+07 7.668069e+07
-1.777507e+15 8.415608e+15
5.976719e+07 2.859314e+07
1.221998e+09 3.639871e+09
1.466096e+11 -2.938686e+11
-4.839494e+13 3.366645e+13
-2.892949e+10 -9.459889e+09
2.063782e+10 5.145733e+08
-2.063654e+10 -5.145206e+08
6.676442e+07 -7.630343e+07
-3.135317e+07 1.132604e+08
3.823696e+16 1.422239e+17
-2.985876e+06 -7.538752e+06
7.170170e+00 -2.529500e+06
-1.161176e+07 2.784304e+08
6.151919e+08 -3.628649e+07
1.689276e+06 -1.037797e+06
-1.692281e+06 1.045325e+06
-3.492799e+09 -1.673593e+09
4.310100e+07 -2.286639e+06
3.886314e+00 1.618571e+07
-2.029038e+19 -4.272761e+19
2.379372e+07 -1.818891e+07
5.054721e+05 5.431871e+00
-4.049285e+06 -7.409817e+06
-1.131468e+08 4.227537e+07
4.979362e+06 2.411479e+06
1.298030e+06 7.953956e+00
-3.916267e+08 -9.934146e+07
-1.553218e+06 -5.555249e+06
3.137267e+07 -1.133196e+08
-1.542246e+07 6.494274e+06
1.511626e+06 4.369091e+06
-1.822626e+10 -2.800253e+10
-7.956108e+20 6.573021e+20
9.904854e+04 1.033677e+01
-1.994098e+07 7.646818e+07
-2.391634e+13 -8.704486e+12
3.378183e+08 -3.262226e+10
-2.749907e+00 -2.517069e+06
-6.276776e+06 -7.267581e+07
-5.824557e+09 -7.529386e+10
-1.222334e+09 -3.640597e+09
1.120280e+09 8.332626e+08
-8.112409e+07 -2.593812e+08
5.453434e+07 9.156691e+07
-4.490164e+08 -8.192406e+08
-1.337774e+06 -6.938580e+00
1.067892e+01 -1.812777e+06
-2.324934e+14 1.195084e+14
1.576358e+15 1.702931e+16
-5.293302e+06 1.530139e-01
2.215223e+09 1.266867e+09
-4.622288e+00 2.168661e+06
-6.179386e+08 3.064975e+07
-2.360910e+07 1.817648e+07
5.327537e+06 -2.770646e-01
-1.458268e+08 1.247120e+08
-4.702153e+11 4.631654e+11
-1.495997e+05 -1.213641e+07
-1.689678e+13 6.102189e+14
-1.536827e+11 7.011267e+11
3.190767e+06 -8.532878e+06
3.349988e+07 5.096492e+06
-5.705306e+07 -9.691791e+07
1.827196e+07 -1.361337e+06
8.684281e+00 2.423729e+06
-2.980740e+07 -8.628313e+06
4.040787e+06 7.387523e+06
-3.489191e+09 1.026749e+09
-1.381916e+12 -1.523350e+12
3.718189e+07 -9.546384e+06
9.605053e+11 1.449653e+11
1.537304e+07 -6.575773e+06
2.464811e+08 6.396423e+08
-1.392325e+08 -1.475923e+08
-8.659642e+05 -4.774834e+05
-6.038832e+06 1.254678e+06
2.043869e+08 -2.670641e+07
-7.988705e+00 7.740997e+05
3.775088e+06 3.286868e+06
4.806159e+10 1.016110e+10
3.019583e+06 3.946812e+06
5.994727e+11 -1.120523e+11
-1.375826e+05 -3.322391e+04
-7.699203e+08 3.333866e+07
6.050194e+08 5.349944e+08
-8.641787e+14 7.788719e+14
-1.194111e+08 -2.228333e+08
-9.279825e+05 -8.815348e+05
2.980444e+07 8.691717e+06
3.697895e+09 1.531823e+10
-6.008419e+05 5.724797e+00
4.963784e+00 1.827921e+06
-1.338686e+13 4.327968e+12
-2.126954e+07 -1.289266e+07
-3.680281e+08 -1.039501e+08
5.447939e+00 8.026138e+06
1.221904e+10 -7.959632e+09
-1.016601e+14 -3.347627e+13
6.139427e+06 7.450190e+06
-3.039358e+06 8.443689e+06
-3.377145e+08 3.262457e+10
2.195561e+08 5.635442e+07
3.694940e+06 -6.827990e+05
2.139068e+06 -5.997012e+05
-3.056501e+07 1.345140e+07
-1.576382e+15 -1.702905e+16
-1.955032e+06 -2.586850e+00
3.081798e+11 -5.368108e+10
1.295113e+11 -9.276034e+08
-1.295415e+11 9.276516e+08
6.711503e+10 2.216942e+10
-1.031867e+13 3.706011e+12
3.771738e+12 1.191358e+11
4.561907e+10 1.323175e+10
-1.597343e+07 3.079366e+07
2.893261e+10 9.458644e+09
1.164917e+07 -2.787485e+08
4.162748e+06 -8.283691e+06
-2.452139e+09 -1.485078e+08
4.710286e+05 2.236848e+00
3.795759e+09 7.295398e+08
-6.030514e+07 -2.870859e+07
4.462030e+06 -1.749392e+07
8.414033e+00 -7.887182e+06
-1.037600e+06 9.630016e+00
1.829327e+11 4.101715e+11
-6.035502e+07 4.871174e+07
-1.782884e+07 1.850394e+06
5.086884e+07 4.208858e+07
-8.965040e+06 3.893074e+07
-2.942421e+10 3.962299e+10
-4.732878e+08 8.068141e+07
1.416264e+06 -4.886574e+00
1.670649e+08 -1.638919e+08
1.689834e+13 -6.102189e+14
-6.782947e+08 -1.148751e+09
-6.568426e+08 1.340518e+09
-6.125582e+07 5.145068e+06
8.641921e+14 -7.788598e+14
-9.497395e+06 1.755031e+06
2.452580e+09 1.479489e+08
2.029227e+19 4.273821e+19
-2.195716e+08 -5.646293e+07
-5.495375e+07 -9.087108e+07
-4.408471e+06 1.753948e+07
-6.569167e+06 -8.114197e+05
5.828232e+05 4.558814e+06
-3.264823e+09 4.244235e+10
1.624263e+08 -2.835116e+08
2.266662e+11 3.544543e+12
2.942740e+10 -3.962425e+10
1.337812e+08 -4.997461e+08
3.666548e+08 1.049740e+08
-2.470762e+08 -6.384887e+08
7.934241e+05 6.120008e+00
6.203910e+06 4.763231e+00
5.762560e+05 1.162579e+07
-6.045574e+08 -5.344532e+08
8.018939e+07 2.600260e+08
-5.133826e+07 -4.230359e+07
1.536848e+11 -7.011175e+11
-3.317093e+07 -5.155491e+06
4.889357e+06 8.855324e+05
1.330403e+10 9.241640e+09
-3.003397e+00 -7.338123e+06
6.555422e+08 -1.340373e+09
7.699341e+08 -3.334348e+07
-4.623301e+06 4.702760e+06
-4.930422e+06 -2.678485e+06
-1.353742e+07 -8.768776e+00
5.731438e+06 3.886606e+06
