5.582945e+04 -4.921384e+00
2.234719e+05 -3.938352e+04
2.347524e+08 3.035854e+09
5.561755e+10 6.131077e+10
-4.213459e+10 -5.759362e+10
-1.514566e+08 -2.908385e+07
4.336727e+05 -1.552081e+06
-1.953174e+05 -1.603361e+05
-6.480176e+04 -4.282395e+05
-1.418995e+05 3.531360e+00
2.079496e+04 -4.546124e+04
-9.627358e+05 2.562426e+06
1.316846e+08 -1.712578e+09
1.394381e+08 -4.102479e+07
-1.413042e+09 -3.059123e+08
1.383533e+08 6.631224e+07
-3.670002e+04 1.186812e+06
-1.892027e+05 -6.571223e+04
5.426054e+05 -3.599832e+00
-6.708141e+06 6.558948e+06
-6.126346e+04 -1.229605e+05
-1.083367e+08 4.046895e+07
4.061821e+07 1.315750e+09
-1.934963e+09 -4.092200e+08
-1.483167e+06 2.902869e+06
-3.868704e+05 3.829377e+04
2.089437e+04 -3.960393e+03
2.442934e+06 -1.907822e+06
-6.189524e+11 -1.681121e+11
-8.824128e+00 -9.972945e+04
1.207821e+06 -5.453297e+05
-3.703278e+06 7.246404e+05
-9.099716e+08 -2.734667e+08
-8.878068e+07 -5.075553e+07
-1.135050e+06 -1.614720e+05
2.550633e+09 -1.600738e+09
8.857222e+12 1.688629e+13
2.245034e+04 3.966385e+04
1.413054e+09 3.061427e+08
4.738050e+06 3.814528e+06
2.713278e+09 -3.045089e+08
5.984974e+04 1.226929e+05
9.130616e-01 -5.826409e+04
-5.321102e+08 -3.696575e+08
4.067728e+05 2.950094e+06
5.943688e+04 -5.639803e+04
-7.602431e+10 1.059345e+11
3.726830e+04 -2.841171e+04
3.705736e+06 -7.280008e+05
-5.679423e+07 -5.641213e+07
1.876592e+07 -3.237626e+06
8.559176e+05 5.123645e+05
9.451438e+00 -4.403210e+04
4.324432e+05 -4.858394e+04
9.604493e+11 3.494748e+11
1.082296e+08 -4.051978e+07
-1.242236e+10 2.163758e+09
1.574731e+07 3.995785e+06
1.125979e+05 2.927757e+05
-1.275457e+06 -3.839659e+06
-5.366025e+11 -7.212882e+11
-2.409263e+10 4.503494e+09
1.832884e+06 -3.672921e+06
5.121462e+06 5.686702e+06
-1.103586e+14 1.576787e+14
-1.016232e+07 3.326035e+06
6.078026e+05 -1.235709e+06
-3.879824e+10 -5.853516e+09
-2.448194e+08 -2.092066e+08
1.960366e+08 -2.752897e+07
1.413340e+05 1.057089e+01
-3.755907e+08 -4.179807e+08
6.187150e+11 1.680476e+11
5.047746e+07 1.256603e+07
3.199735e+03 -7.453275e+00
-2.704065e+09 -8.933659e+08
-8.897849e+09 -1.391380e+11
-9.083510e+07 -1.768604e+08
-1.009592e+05 1.043718e+05
-1.218672e+07 -3.842972e+06
-1.499973e+08 -6.145524e+08
5.368100e+11 7.212882e+11
-1.490956e+08 9.710371e+07
1.486023e+06 -2.905412e+06
-1.957275e+07 1.428564e+07
-7.569010e+06 -3.771477e+05
9.028425e+00 -4.901440e+05
4.215083e+10 5.763782e+10
-5.913554e+04 -6.824761e+00
-4.643036e+03 -6.783164e+00
-1.833605e+06 3.663249e+06
3.757337e+08 4.181410e+08
-6.941435e+07 -4.616216e+07
1.212928e+16 -1.974974e+16
9.103364e+08 2.736968e+08
4.360258e+00 -9.766745e+04
2.709699e+07 4.597111e+07
7.262582e+04 -9.524320e+04
-2.618202e+03 -6.863768e+04
-4.878108e+08 3.180102e+08
-4.061331e+07 -1.317271e+09
4.065392e+10 -3.919098e+10
-4.505848e+07 -3.350116e+07
-1.974317e+10 2.982945e+10
2.051168e+03 6.168424e+04
6.652668e+05 4.080676e+06
1.975081e+10 -2.984099e+10
2.534293e+04 -3.521813e+00
9.205269e+12 -4.731776e+12
-2.553629e+09 1.602582e+09
6.704585e+09 3.775144e+10
1.296006e+06 -5.506441e-01
-1.059035e+07 1.016432e+07
-1.962608e+08 2.756741e+07
4.124012e+11 -1.481232e+11
-5.048746e+07 -1.259571e+07
-8.623929e+04 2.576341e+04
1.104010e+14 -1.577392e+14
5.655944e+04 1.073334e+05
-1.837465e+09 -5.329780e+08
-1.212928e+16 1.974974e+16
4.600617e+00 -7.275807e+00
5.379639e+11 -1.739210e+11
1.490914e+08 -9.710438e+07
-5.360403e+06 2.004060e+07
1.893271e+10 -1.866589e+10
4.785962e+06 8.965169e+06
7.298332e+08 1.121321e+09
-1.858054e+05 3.210194e+05
1.698680e+07 -1.828637e+07
-9.781815e+04 -4.679986e+05
9.880018e+04 4.670750e+05
7.219956e+00 -4.786371e+05
-5.308120e+09 1.063973e+10
-2.875807e+06 8.755099e+05
-4.721483e+06 -3.752228e+06
-6.560716e+05 -1.070288e+06
8.658983e-01 4.297966e+05
9.208483e+07 1.772888e+08
-2.433722e+06 6.557075e+06
7.048719e+13 -3.337424e+14
4.102169e+05 -2.085203e+05
-1.143629e+05 -4.641278e+05
6.018053e+00 -5.083115e+00
-3.746197e+04 -1.201990e+05
-1.470858e+15 -5.471084e+15
-2.429041e+04 -1.108066e+01
2.429038e+06 -1.957193e+05
-3.679832e+07 -3.536821e+06
-1.853822e+05 -2.994567e+04
-1.699418e+07 1.829330e+07
-1.618827e+05 -1.851360e+05
-3.571141e+06 4.003631e+06
-1.033259e+10 -2.009604e+09
-2.510163e+09 9.197821e+09
3.872949e+00 2.579027e+04
-1.521437e+11 -4.805739e+09
4.549846e+06 -1.688305e+06
1.742151e+12 -3.017879e+12
6.972545e+00 -1.122859e+06
1.623680e+05 -2.012451e+05
-7.218831e+03 -6.103758e+04
1.369895e+07 -3.156004e+06
1.093037e+04 6.120023e+04
3.689814e+04 1.188584e+05
-2.714321e+09 3.046293e+08
-2.207598e+05 -6.231974e+03
-6.701929e+09 -3.773654e+10
4.538296e+08 9.139092e+08
-7.373320e+09 -1.653169e+10
-2.461503e+14 1.012833e+13
1.110323e+05 4.800648e+05
3.569750e+06 -4.003937e+06
3.969246e+04 4.376903e+05
2.510160e+09 -9.197820e+09
-8.823263e+06 -8.338160e+06
4.012983e+12 1.321439e+12
1.221968e+07 3.845663e+06
1.054886e+08 -1.834818e+07
2.434856e+06 -6.556627e+06
3.679431e+07 3.545806e+06
8.822124e+06 -7.463597e+06
5.682635e+07 5.644810e+07
-6.386933e+06 1.115092e+07
1.804306e+07 3.291437e+07
-2.034878e+05 -9.382190e+04
1.290430e+06 1.853255e+05
-1.741475e+12 3.016708e+12
-1.289823e+06 -1.797015e+05
-1.994026e+05 -3.235730e+05
2.461503e+14 -1.012444e+13
-1.230456e+06 2.841003e+04
6.395722e+09 -1.424033e+09
-4.065382e+10 3.919146e+10
-6.343395e+05 2.310568e+06
-6.395778e+09 1.424042e+09
8.822936e+06 8.338129e+06
7.129756e+05 1.099388e+06
-1.667630e+04 -4.727220e+05
8.647717e+00 8.673178e+04
6.951839e+04 -8.939748e+04
1.287674e+07 4.353838e+06
1.033261e+10 2.009574e+09
-1.012898e+05 1.584066e+05
6.950011e+07 4.619255e+07
7.605473e+10 -1.059768e+11
-1.368627e+07 3.181014e+06
7.566298e+06 3.460610e+05
-4.540027e+08 -9.142629e+08
3.196601e+19 -2.640782e+19
4.885572e+03 1.294303e+05
-8.423277e-01 7.239952e+04
6.723419e+05 -2.399134e+06
1.942310e+12 -1.351272e+12
1.416555e+00 2.876029e+04
1.957421e+07 -1.428824e+07
-8.765739e+04 -8.633310e+03
4.064038e+05 -2.701314e+04
2.893903e+06 -8.527674e+05
-8.814422e+06 4.957563e+06
2.674632e+05 2.265489e+04
-8.867469e+12 -1.689931e+13
-1.054329e+08 1.840761e+07
7.995556e+05 -3.062945e+06
2.450158e+08 2.094820e+08
-1.727877e+06 5.194666e+04
8.824391e+05 -2.459205e+06
-2.635210e+06 3.040801e+06
-7.048719e+13 3.337424e+14
2.401438e+06 1.148890e+06
4.911782e+07 1.463080e+08
5.310388e+09 -1.064430e+10
-1.942310e+12 1.350750e+12
-1.161933e+09 -3.800789e+08
8.285454e+08 2.065887e+07
-8.285453e+08 -2.065804e+07
2.649511e+06 -3.027647e+06
-1.264536e+06 4.568145e+06
1.471452e+15 5.473292e+15
-1.192121e+05 -3.009888e+05
1.428200e+01 -1.006179e+05
-4.556298e+05 1.092600e+07
2.402328e+07 -1.417019e+06
6.792087e+04 -4.173199e+04
-6.804080e+04 4.201680e+04
-1.385137e+08 -6.636646e+07
1.726449e+06 -9.154068e+04
-2.966279e+00 6.511765e+05
-8.130873e+17 -1.711781e+18
9.510799e+05 -7.270109e+05
2.026943e+04 3.405622e+00
-1.618053e+05 -2.961410e+05
-4.524597e+06 1.690487e+06
1.991652e+05 9.644674e+04
5.213152e+04 -5.250070e+00
-1.574590e+07 -3.994315e+06
-6.262476e+04 -2.240135e+05
1.264677e+06 -4.569410e+06
-6.195881e+05 2.610096e+05
6.100396e+04 1.763236e+05
-7.306778e+08 -1.122619e+09
-3.197834e+19 2.641801e+19
3.799464e+03 -4.653203e+00
-7.997072e+05 3.066613e+06
-9.619321e+11 -3.500145e+11
1.362240e+07 -1.314981e+09
-4.533277e+00 -1.013220e+05
-2.532655e+05 -2.932546e+06
-2.352244e+08 -3.040503e+09
-4.914263e+07 -1.463619e+08
4.503823e+07 3.350038e+07
-3.227651e+06 -1.031985e+07
2.190895e+06 3.678639e+06
-1.806502e+07 -3.296159e+07
-5.367548e+04 5.885336e+00
5.284556e+00 -7.258674e+04
-9.205269e+12 4.731776e+12
6.367864e+13 6.878851e+14
-2.117323e+05 -9.183032e+00
8.886020e+07 5.081522e+07
7.085793e+00 8.678881e+04
-2.413493e+07 1.196960e+06
-9.439985e+05 7.266725e+05
2.132355e+05 9.457789e+00
-5.819589e+06 4.976952e+06
-1.896746e+10 1.868308e+10
-6.006896e+03 -4.891870e+05
-6.773274e+11 2.446967e+13
-6.179421e+09 2.819113e+10
1.283528e+05 -3.431823e+05
1.348426e+06 2.051228e+05
-2.277732e+06 -3.867612e+06
7.308137e+05 -5.441884e+04
-5.598134e-01 9.741653e+04
-1.198334e+06 -3.468738e+05
1.615311e+05 2.953315e+05
-1.396585e+08 4.108329e+07
-5.570323e+10 -6.140522e+10
1.494888e+06 -3.837751e+05
3.882799e+10 5.860246e+09
6.178785e+05 -2.642611e+05
9.909072e+06 2.571536e+07
-5.069218e+06 -5.373917e+06
-3.451115e+04 -1.906950e+04
-2.429397e+05 5.044108e+04
8.159482e+06 -1.066204e+06
-7.331630e-01 3.106085e+04
1.516252e+05 1.319787e+05
1.939415e+09 4.100341e+08
1.217811e+05 1.591461e+05
2.412051e+10 -4.508630e+09
-5.399581e+03 -1.338422e+03
-3.098870e+07 1.340878e+06
2.436993e+07 2.154869e+07
-3.475680e+13 3.132532e+13
-4.802513e+06 -8.962264e+06
-3.740902e+04 -3.554136e+04
1.198334e+06 3.494958e+05
1.486862e+08 6.159300e+08
-2.414116e+04 5.945989e+00
9.606941e+00 7.370045e+04
-5.383788e+11 1.740551e+11
-8.541565e+05 -5.177697e+05
-1.477910e+07 -4.172818e+06
1.111548e+01 3.225722e+05
4.887388e+08 -3.183656e+08
-4.016137e+12 -1.322477e+12
2.469357e+05 2.996271e+05
-1.222554e+05 3.396319e+05
-1.362752e+07 1.316510e+09
8.885975e+06 2.280827e+06
1.474258e+05 -2.703273e+04
8.650378e+04 -2.425709e+04
-1.231114e+06 5.418263e+05
-6.375192e+13 -6.886767e+14
-7.849574e+04 1.364109e+01
1.245099e+10 -2.168706e+09
5.196275e+09 -3.720938e+07
-5.196275e+09 3.721073e+07
2.708188e+09 8.946097e+08
-4.128811e+11 1.482956e+11
1.523190e+11 4.811292e+09
1.840317e+09 5.337895e+08
-6.434294e+05 1.240415e+06
1.163744e+09 3.804923e+08
4.576980e+05 -1.095118e+07
1.628984e+05 -3.241252e+05
-9.878343e+07 -5.982196e+06
1.899114e+04 -9.435751e+00
1.517150e+08 2.915988e+07
-2.425640e+06 -1.154805e+06
1.806163e+05 -7.080600e+05
6.901420e-01 -3.172525e+05
-4.149670e+04 -7.025024e+00
7.384664e+09 1.655711e+10
-2.416755e+06 1.950526e+06
-7.136856e+05 7.408976e+04
2.015671e+06 1.667761e+06
-3.601618e+05 1.564156e+06
-1.182186e+09 1.591921e+09
-1.877560e+07 3.200706e+06
5.566358e+04 -9.674785e+00
6.711752e+06 -6.584051e+06
6.778510e+11 -2.446967e+13
-2.715996e+07 -4.599704e+07
-2.479209e+07 5.059776e+07
-2.450111e+06 2.056033e+05
3.477020e+13 -3.133740e+13
-3.792853e+05 7.008032e+04
9.878590e+07 5.959184e+06
8.140309e+17 1.714430e+18
-8.886476e+06 -2.285147e+06
-2.209309e+06 -3.653253e+06
-1.784382e+05 7.097987e+05
-2.646361e+05 -3.275606e+04
2.359767e+04 1.842981e+05
-1.319913e+08 1.715214e+09
6.392518e+06 -1.115836e+07
8.915451e+09 1.394680e+11
1.182186e+09 -1.591308e+09
5.372741e+06 -2.007012e+07
1.472439e+07 4.217237e+06
-9.936687e+06 -2.566591e+07
3.169758e+04 6.790133e+00
2.502371e+05 -2.504192e+00
2.322165e+04 4.682018e+05
-2.435995e+07 -2.153550e+07
3.192934e+06 1.035351e+07
-2.034426e+06 -1.676432e+06
6.179410e+09 -2.819120e+10
-1.335712e+06 -2.076136e+05
1.944115e+05 3.517364e+04
5.327302e+08 3.700725e+08
2.565401e-01 -2.671492e+05
2.474489e+07 -5.061073e+07
3.100115e+07 -1.342588e+06
-1.790784e+05 1.821510e+05
-1.980596e+05 -1.076021e+05
-5.450627e+05 3.326942e+00
2.300068e+05 1.559805e+05
