8.715391e+05 -3.362039e+00
3.463063e+06 -6.097874e+05
3.624628e+09 4.684689e+10
8.600269e+11 9.481332e+11
-6.495519e+11 -8.882776e+11
-2.362441e+09 -4.538529e+08
6.732566e+06 -2.411261e+07
-3.036341e+06 -2.492801e+06
-1.002614e+06 -6.619937e+06
-2.209693e+06 1.797097e+00
3.202228e+05 -7.011788e+05
-1.486284e+07 3.956079e+07
2.031879e+09 -2.641605e+10
2.170973e+09 -6.387006e+08
-2.187900e+10 -4.738100e+09
2.172646e+09 1.041090e+09
-5.796132e+05 1.876658e+07
-2.917982e+06 -1.013512e+06
8.399655e+06 -5.435012e+00
-1.040752e+08 1.018021e+08
-9.472657e+05 -1.899621e+06
-1.672742e+09 6.255717e+08
6.292067e+08 2.037890e+10
-2.990181e+10 -6.321890e+09
-2.294117e+07 4.489324e+07
-5.972823e+06 5.913256e+05
3.251811e+05 -6.127199e+04
3.801732e+07 -2.969149e+07
-9.535476e+12 -2.590164e+12
9.712966e+00 -1.549427e+06
1.869032e+07 -8.439840e+06
-5.713865e+07 1.118165e+07
-1.408246e+10 -4.232936e+09
-1.378900e+09 -7.883504e+08
-1.759260e+07 -2.504569e+06
3.966028e+10 -2.489079e+10
1.371725e+14 2.614381e+14
3.359987e+05 6.249177e+05
2.188517e+10 4.739310e+09
7.369388e+07 5.933214e+07
4.200560e+10 -4.714370e+09
9.248096e+05 1.896639e+06
1.593391e+00 -8.935159e+05
-8.279676e+09 -5.752472e+09
6.286649e+06 4.559301e+07
9.263685e+05 -8.788297e+05
-1.216480e+12 1.695079e+12
5.803812e+05 -4.424164e+05
5.715805e+07 -1.123072e+07
-8.822889e+08 -8.763531e+08
2.948599e+08 -5.086805e+07
1.328292e+07 7.951868e+06
8.839176e+00 -6.786072e+05
6.749214e+06 -7.588769e+05
1.488567e+13 5.417939e+12
1.671898e+09 -6.259527e+08
-1.918422e+11 3.341471e+10
2.439742e+08 6.188575e+07
1.756261e+06 4.566568e+06
-1.969628e+07 -5.929978e+07
-8.329582e+12 -1.119028e+13
-3.731244e+11 6.974771e+10
2.822412e+07 -5.655257e+07
8.747418e+07 9.712596e+07
-1.700480e+15 2.429922e+15
-1.569115e+08 5.135662e+07
9.409371e+06 -1.913179e+07
-5.978680e+11 -9.023310e+10
-3.903861e+09 -3.337312e+09
3.020407e+09 -4.241601e+08
2.201103e+06 -7.487941e+00
-5.780210e+09 -6.432099e+09
9.535713e+12 2.589971e+12
8.344067e+08 2.077250e+08
4.899792e+04 -4.756922e-01
-4.176637e+10 -1.379907e+10
-1.408483e+11 -2.203088e+12
-1.407488e+09 -2.740791e+09
-1.559892e+06 1.612555e+06
-2.026894e+08 -6.389240e+07
-2.324205e+09 -9.523901e+09
8.329374e+12 1.118972e+13
-2.302839e+09 1.499766e+09
2.297681e+07 -4.492378e+07
-3.044917e+08 2.223385e+08
-1.181423e+08 -5.884124e+06
-2.227707e+00 -7.583447e+06
6.496177e+11 8.882993e+11
-9.168865e+05 -1.008442e+01
-7.287282e+04 -7.103611e+00
-2.823229e+07 5.641529e+07
5.780485e+09 6.433221e+09
-1.078623e+09 -7.171212e+08
1.868709e+17 -3.042688e+17
1.408618e+10 4.234971e+09
-8.432196e+00 -1.515607e+06
4.216160e+08 7.156552e+08
1.121448e+06 -1.470364e+06
-4.109266e+04 -1.065907e+06
-7.604166e+09 4.953285e+09
-6.285128e+08 -2.038496e+10
6.279624e+11 -6.053348e+11
-6.982419e+08 -5.189580e+08
-3.067220e+11 4.634300e+11
3.252040e+04 9.561966e+05
1.027381e+07 6.298836e+07
3.067297e+11 -4.634069e+11
3.902034e+05 -5.882214e+00
1.446558e+14 -7.435542e+13
-3.966473e+10 2.489240e+10
1.059641e+11 5.966661e+11
1.996558e+07 4.377737e+00
-1.630906e+08 1.565420e+08
-3.020611e+09 4.243481e+08
6.421653e+12 -2.306425e+12
-8.342486e+08 -2.081670e+08
-1.343903e+06 4.019509e+05
1.701073e+15 -2.430467e+15
9.008031e+05 1.709391e+06
-2.839339e+10 -8.236039e+09
-1.869034e+17 3.043142e+17
-2.757568e+08 1.698917e+08
8.331490e+12 -2.692723e+12
2.303062e+09 -1.499777e+09
-8.320216e+07 3.110601e+08
2.924885e+11 -2.883664e+11
7.415131e+07 1.388947e+08
1.134420e+10 1.742844e+10
-2.959419e+06 5.113122e+06
2.628474e+08 -2.829633e+08
-1.504731e+06 -7.198247e+06
1.520411e+06 7.184299e+06
2.439063e+00 -7.468996e+06
-9.102764e+10 1.824627e+11
-4.479568e+07 1.363807e+07
-7.341397e+07 -5.834342e+07
-1.017854e+07 -1.661233e+07
8.417734e+00 6.711538e+06
1.426783e+09 2.745617e+09
-3.764900e+07 1.014432e+08
1.106018e+15 -5.237028e+15
6.333566e+06 -3.219304e+06
-1.781143e+06 -7.226494e+06
2.749254e+08 -1.697837e+08
-5.759792e+05 -1.849542e+06
-2.377362e+16 -8.844293e+16
-3.761081e+05 -6.835269e+00
3.782645e+07 -3.047463e+06
-5.698557e+08 -5.476977e+07
-2.904266e+06 -4.688665e+05
-2.628857e+08 2.829751e+08
-2.499732e+06 -2.859409e+06
-5.510596e+07 6.177358e+07
-1.594308e+11 -3.100951e+10
-3.876132e+10 1.420234e+11
-4.601009e-01 3.966702e+05
-2.347092e+12 -7.413910e+10
7.080533e+07 -2.627410e+07
2.712160e+13 -4.698198e+13
1.668016e-01 -1.774196e+07
2.608267e+06 -3.233363e+06
-1.113086e+05 -9.422710e+05
2.180458e+08 -5.023376e+07
1.685734e+05 9.449123e+05
5.683787e+05 1.830891e+06
-4.199195e+10 4.713127e+09
-3.411043e+06 -9.624428e+04
-1.059428e+11 -5.965319e+11
7.035060e+09 1.416665e+10
-1.138428e+11 -2.552719e+11
-3.799532e+15 1.562712e+14
1.728972e+06 7.475601e+06
5.509099e+07 -6.177818e+07
6.123356e+05 6.760667e+06
3.875837e+10 -1.420022e+11
-1.372666e+08 -1.297165e+08
6.322223e+13 2.082058e+13
2.030652e+08 6.390497e+07
1.660064e+09 -2.887364e+08
3.766217e+07 -1.014233e+08
5.697371e+08 5.490461e+07
1.377735e+08 -1.165577e+08
8.821704e+08 8.762769e+08
-1.010166e+08 1.763601e+08
2.791985e+08 5.094753e+08
-3.167303e+06 -1.460105e+06
1.987517e+07 2.853933e+06
-2.711957e+13 4.697730e+13
-1.985947e+07 -2.767447e+06
-3.088621e+06 -5.012794e+06
3.799154e+15 -1.562674e+14
-1.895733e+07 4.379143e+05
9.872182e+10 -2.198409e+10
-6.278826e+11 6.053724e+11
-9.798436e+06 3.569038e+07
-9.876448e+10 2.198971e+10
1.372719e+08 1.297354e+08
1.105701e+07 1.704872e+07
-2.575935e+05 -7.312512e+06
-9.826670e+00 1.341265e+06
1.074967e+06 -1.382906e+06
1.987577e+08 6.720370e+07
1.594270e+11 3.100597e+10
-1.566530e+06 2.449361e+06
1.079093e+09 7.172795e+08
1.216299e+12 -1.694868e+12
-2.178275e+08 5.062415e+07
1.180167e+08 5.396538e+06
-7.035377e+09 -1.416737e+10
4.951772e+20 -4.090869e+20
7.570207e+04 2.012456e+06
7.366031e+00 1.124673e+06
1.037961e+07 -3.703827e+07
3.011443e+13 -2.095228e+13
3.883940e-01 4.435167e+05
3.043896e+08 -2.222170e+08
-1.361582e+06 -1.338613e+05
6.273183e+06 -4.163660e+05
4.507444e+07 -1.328220e+07
-1.377644e+08 7.742919e+07
4.136215e+06 3.502661e+05
-1.371554e+14 -2.613730e+14
-1.659188e+09 2.896574e+08
1.241618e+07 -4.756382e+07
3.903885e+09 3.337968e+09
-2.684542e+07 8.066841e+05
1.361203e+07 -3.793426e+07
-4.134890e+07 4.771170e+07
-1.106018e+15 5.236506e+15
3.720084e+07 1.779708e+07
7.606349e+08 2.265715e+09
9.103197e+10 -1.824671e+11
-3.012268e+13 2.095541e+13
-1.800571e+10 -5.887997e+09
1.284501e+10 3.202682e+08
-1.284437e+10 -3.202474e+08
4.154659e+07 -4.748384e+07
-1.951930e+07 7.051275e+07
2.377541e+16 8.843409e+16
-1.858166e+06 -4.691788e+06
3.673984e+00 -1.574030e+06
-7.223731e+06 1.732093e+08
3.826830e+08 -2.257032e+07
1.051325e+06 -6.458143e+05
-1.053186e+06 6.505626e+05
-2.173370e+09 -1.041359e+09
2.682533e+07 -1.423099e+06
-4.503788e+00 1.007474e+07
-1.262817e+19 -2.659288e+19
1.480853e+07 -1.132035e+07
3.144745e+05 3.079286e+00
-2.520356e+06 -4.612019e+06
-7.042704e+07 2.631504e+07
3.099478e+06 1.501034e+06
8.080539e+05 -4.375529e+00
-2.437826e+08 -6.183855e+07
-9.668363e+05 -3.458231e+06
1.952980e+07 -7.054372e+07
-9.599194e+06 4.042183e+06
9.409303e+05 2.719531e+06
-1.134331e+10 -1.742751e+10
-4.951772e+20 4.091073e+20
6.155395e+04 1.016671e+01
-1.241076e+07 4.759167e+07
-1.488604e+13 -5.417939e+12
2.102843e+08 -2.030663e+10
-9.237676e-01 -1.566664e+06
-3.907184e+06 -4.523970e+07
-3.625940e+09 -4.686995e+10
-7.608210e+08 -2.266070e+09
6.972948e+08 5.186629e+08
-5.048217e+07 -1.614064e+08
3.394346e+07 5.699258e+07
-2.794930e+08 -5.099144e+08
-8.325669e+05 -5.048519e+00
-5.264461e+00 -1.128249e+06
-1.446594e+14 7.435727e+13
9.812911e+14 1.060087e+16
-3.294151e+06 7.752815e+00
1.378810e+09 7.885002e+08
-8.671850e+00 1.349739e+06
-3.843563e+08 1.906398e+07
-1.469123e+07 1.131226e+07
3.315648e+06 -3.359162e+00
-9.075765e+07 7.761262e+07
-2.927023e+11 2.883281e+11
-9.296120e+04 -7.554755e+06
-1.051691e+13 3.798238e+14
-9.566430e+10 4.364518e+11
1.986291e+06 -5.311428e+06
2.085403e+07 3.172451e+06
-3.550880e+07 -6.031957e+07
1.137269e+07 -8.472509e+05
3.487141e+00 1.508625e+06
-1.855404e+07 -5.370720e+06
2.514915e+06 4.597913e+06
-2.171847e+09 6.391234e+08
-8.603055e+11 -9.483459e+11
2.314511e+07 -5.943011e+06
5.979867e+11 9.024869e+10
9.569066e+06 -4.093155e+06
1.534301e+08 3.981520e+08
-8.646069e+07 -9.166000e+07
-5.389701e+05 -2.972672e+05
-3.759238e+06 7.810854e+05
1.272028e+08 -1.662114e+07
-8.838866e+00 4.817826e+05
2.349705e+06 2.045818e+06
2.991942e+10 6.325453e+09
1.879673e+06 2.457055e+06
3.731525e+11 -6.974830e+10
-8.557073e+04 -2.065668e+04
-4.792447e+08 2.075166e+07
3.766134e+08 3.330221e+08
-5.379201e+14 4.848243e+14
-7.432852e+07 -1.387056e+08
-5.775075e+05 -5.486699e+05
1.855230e+07 5.410089e+06
2.301884e+09 9.535042e+09
-3.738791e+05 -9.944552e+00
-9.916264e+00 1.137857e+06
-8.332527e+12 2.693863e+12
-1.323813e+07 -8.024324e+06
-2.290613e+08 -6.470291e+07
-9.395078e+00 4.996118e+06
7.605003e+09 -4.953916e+09
-6.325061e+13 -2.082784e+13
3.821334e+06 4.637292e+06
-1.891777e+06 5.255964e+06
-2.102315e+08 2.030934e+10
1.366840e+08 3.508310e+07
2.299289e+06 -4.247284e+05
1.331549e+06 -3.731861e+05
-1.902621e+07 8.373113e+06
-9.813644e+14 -1.060113e+16
-1.216633e+06 1.102850e+01
1.918608e+11 -3.341654e+10
8.059647e+10 -5.773204e+08
-8.062459e+10 5.773559e+08
4.177724e+10 1.380015e+10
-6.422133e+12 2.306482e+12
2.348028e+12 7.416331e+10
2.839800e+10 8.236723e+09
-9.943005e+06 1.916820e+07
1.800956e+10 5.887881e+09
7.247389e+06 -1.734150e+08
2.589461e+06 -5.152547e+06
-1.526449e+09 -9.244908e+07
2.932080e+05 -1.061875e+01
2.362470e+09 4.540480e+08
-3.753878e+07 -1.787063e+07
2.777822e+06 -1.089142e+07
6.280799e+00 -4.909492e+06
-6.457551e+05 -3.534359e+00
1.138769e+11 2.553291e+11
-3.756238e+07 3.031607e+07
-1.109642e+07 1.151623e+06
3.165094e+07 2.618717e+07
-5.579754e+06 2.423199e+07
-1.831476e+10 2.466311e+10
-2.945011e+08 5.020492e+07
8.811838e+05 -7.546651e-01
1.039927e+08 -1.020169e+08
1.051822e+13 -3.798332e+14
-4.221941e+08 -7.150111e+08
-4.082377e+08 8.331447e+08
-3.812695e+07 3.202092e+06
5.379469e+14 -4.848363e+14
-5.910767e+06 1.092171e+06
1.526677e+09 9.209478e+07
1.263069e+19 2.660149e+19
-1.366951e+08 -3.515154e+07
-3.420561e+07 -5.656281e+07
-2.744512e+06 1.091895e+07
-4.088902e+06 -5.048923e+05
3.626889e+05 2.837693e+06
-2.032331e+09 2.642140e+10
1.010483e+08 -1.763876e+08
1.410069e+11 2.205067e+12
1.831567e+10 -2.466251e+10
8.327004e+07 -3.110594e+08
2.282137e+08 6.533860e+07
-1.537903e+08 -3.974452e+08
4.937739e+05 8.714306e+00
3.862126e+06 -6.375400e-01
3.586813e+05 7.236861e+06
-3.763141e+08 -3.326821e+08
4.990038e+07 1.618092e+08
-3.194268e+07 -2.632168e+07
9.566175e+10 -4.364093e+11
-2.064720e+07 -3.208850e+06
3.042319e+06 5.508695e+05
8.280109e+09 5.751812e+09
-1.729094e-01 -4.556266e+06
4.073897e+08 -8.329945e+08
4.792293e+08 -2.075498e+07
-2.874859e+06 2.924241e+06
-3.068467e+06 -1.666952e+06
-8.426234e+06 -1.839655e+00
3.567307e+06 2.419133e+06
