1.753900e+06 8.617242e+00
6.965292e+06 -1.226502e+06
7.290501e+09 9.422697e+10
1.729969e+12 1.907173e+12
-1.306496e+12 -1.786773e+12
-4.753783e+09 -9.132239e+08
1.354695e+07 -4.850808e+07
-6.108164e+06 -5.014570e+06
-2.016561e+06 -1.331659e+07
-4.445987e+06 5.501413e+00
6.438122e+05 -1.409651e+06
-2.989322e+07 7.956927e+07
4.086827e+09 -5.313068e+10
4.368070e+09 -1.285135e+09
-4.401248e+10 -9.531670e+09
4.372864e+09 2.095208e+09
-1.166434e+06 3.777996e+07
-5.868920e+06 -2.038617e+06
1.689798e+07 -2.160087e+00
-2.093972e+08 2.048185e+08
-1.905425e+06 -3.821692e+06
-3.364895e+09 1.258355e+09
1.265763e+09 4.099790e+10
-6.015815e+10 -1.271826e+10
-4.615692e+07 9.030403e+07
-1.201433e+07 1.189393e+06
6.544653e+05 -1.231256e+05
7.651901e+07 -5.975011e+07
-1.918064e+13 -5.209863e+12
-6.559938e+00 -3.117704e+06
3.759562e+07 -1.697797e+07
-1.149276e+08 2.249132e+07
-2.832874e+10 -8.515736e+09
-2.774250e+09 -1.586086e+09
-3.539256e+07 -5.038755e+06
7.979966e+10 -5.008288e+10
2.759470e+14 5.258902e+14
6.750635e+05 1.257864e+06
4.402429e+10 9.534207e+09
1.482781e+08 1.193780e+08
8.450595e+10 -9.484266e+09
1.860466e+06 3.815263e+06
-4.233525e+00 -1.796333e+06
-1.665897e+10 -1.157357e+10
1.264577e+07 9.171147e+07
1.863935e+06 -1.768413e+06
-2.450114e+12 3.414019e+12
1.168035e+06 -8.906242e+05
1.149843e+08 -2.259228e+07
-1.775194e+09 -1.763404e+09
5.935131e+08 -1.023945e+08
2.672759e+07 1.600045e+07
7.429716e+00 -1.365135e+06
1.358269e+07 -1.527296e+06
2.994964e+13 1.090132e+13
3.363611e+09 -1.259230e+09
-3.859100e+11 6.721209e+10
4.908157e+08 1.244971e+08
3.533707e+06 9.187560e+06
-3.961773e+07 -1.192753e+08
-1.675710e+13 -2.251127e+13
-7.505136e+11 1.403030e+11
5.676255e+07 -1.137340e+08
1.765354e+08 1.960265e+08
-3.419975e+15 4.887375e+15
-3.156279e+08 1.033091e+08
1.892906e+07 -3.848751e+07
-1.202537e+12 -1.814994e+11
-7.861010e+09 -6.720181e+09
6.075480e+09 -8.531990e+08
4.429284e+06 -1.017827e+01
-1.162748e+10 -1.293931e+10
1.918278e+13 5.209863e+12
1.682474e+09 4.188510e+08
9.881847e+04 1.300307e+00
-8.402258e+10 -2.776237e+10
-2.835620e+11 -4.435620e+12
-2.831705e+09 -5.514290e+09
-3.137728e+06 3.243858e+06
-4.087374e+08 -1.288403e+08
-4.675629e+09 -1.915932e+10
1.675793e+13 2.251211e+13
-4.632229e+09 3.017086e+09
4.622333e+07 -9.037802e+07
-6.126705e+08 4.473580e+08
-2.377330e+08 -1.184097e+07
8.682805e+00 -1.525537e+07
1.306660e+12 1.786795e+12
-1.844984e+06 5.294678e+00
-1.469482e+05 -3.501588e+00
-5.679548e+07 1.134743e+08
1.162688e+10 1.293979e+10
-2.170253e+09 -1.442728e+09
3.758680e+17 -6.120223e+17
2.833725e+10 8.519618e+09
-1.522199e+00 -3.049350e+06
8.484016e+08 1.439959e+09
2.255873e+06 -2.958069e+06
-8.279973e+04 -2.144790e+06
-1.530192e+10 9.967654e+09
-1.264334e+09 -4.101054e+10
1.263243e+12 -1.217769e+12
-1.404831e+09 -1.044068e+09
-6.171345e+11 9.324704e+11
6.560840e+04 1.923316e+06
2.066571e+07 1.267045e+08
6.171497e+11 -9.323319e+11
7.847931e+05 3.956919e+00
2.911432e+14 -1.496616e+14
-7.980264e+10 5.008238e+10
2.133168e+11 1.201135e+12
4.015600e+07 -1.031894e+01
-3.280614e+08 3.148845e+08
-6.075888e+09 8.534913e+08
1.292105e+13 -4.640831e+12
-1.682071e+09 -4.196943e+08
-2.703673e+06 8.086197e+05
3.421711e+15 -4.888888e+15
1.813925e+06 3.442449e+06
-5.711836e+10 -1.656744e+10
-3.759238e+17 6.120602e+17
-5.750771e+08 3.542949e+08
1.675945e+13 -5.416233e+12
4.632215e+09 -3.016996e+09
-1.673634e+08 6.257144e+08
5.882902e+11 -5.800209e+11
1.491761e+08 2.794047e+08
2.282318e+10 3.506526e+10
-5.960415e+06 1.029777e+07
5.288239e+08 -5.692811e+08
-3.026787e+06 -1.447840e+07
3.057685e+06 1.445007e+07
5.105387e+00 -1.503059e+07
-1.837486e+11 3.683103e+11
-9.013728e+07 2.744102e+07
-1.477038e+08 -1.173829e+08
-2.047810e+07 -3.342133e+07
4.985337e+00 1.350503e+07
2.870085e+09 5.522754e+09
-7.573980e+07 2.040763e+08
2.226067e+15 -1.054049e+16
1.274027e+07 -6.476232e+06
-3.583995e+06 -1.454142e+07
5.733944e+08 -3.541214e+08
-1.158984e+06 -3.720709e+06
-4.789938e+16 -1.781956e+17
-7.568675e+05 -2.243050e+00
7.611296e+07 -6.132432e+06
-1.146325e+09 -1.101862e+08
-5.845361e+06 -9.438916e+05
-5.288680e+08 5.692763e+08
-5.028706e+06 -5.752382e+06
-1.108514e+08 1.242624e+08
-3.207153e+11 -6.238033e+10
-7.797622e+10 2.856947e+11
-6.534979e+00 7.980623e+05
-4.721188e+12 -1.491441e+11
1.424806e+08 -5.287250e+07
5.457838e+13 -9.453875e+13
-4.616925e+00 -3.572094e+07
5.254576e+06 -6.513589e+06
-2.238780e+05 -1.895528e+06
4.390895e+08 -1.011594e+08
3.391520e+05 1.900814e+06
1.143198e+06 3.683010e+06
-8.447761e+10 9.482132e+09
-6.862429e+06 -1.937131e+05
-2.132820e+11 -1.200941e+12
1.415388e+10 2.850056e+10
-2.290038e+11 -5.134549e+11
-7.642769e+15 3.143090e+14
3.478696e+06 1.504058e+07
1.108103e+08 -1.242686e+08
1.231971e+06 1.360023e+07
7.797129e+10 -2.856876e+11
-2.762226e+08 -2.610428e+08
1.272880e+14 4.191894e+13
4.095297e+08 1.288864e+08
3.342128e+09 -5.813213e+08
7.577764e+07 -2.040667e+08
1.146271e+09 1.104672e+08
2.772899e+08 -2.345930e+08
1.775109e+09 1.763250e+09
-2.033913e+08 3.550958e+08
5.617487e+08 1.025041e+09
-6.373952e+06 -2.938724e+06
3.998449e+07 5.741850e+06
-5.458176e+13 9.454811e+13
-3.994816e+07 -5.567218e+06
-6.214928e+06 -1.008595e+07
7.643337e+15 -3.143713e+14
-3.813478e+07 8.815390e+05
1.986239e+11 -4.422606e+10
-1.263208e+12 1.217814e+12
-1.971228e+07 7.180053e+07
-1.986798e+11 4.423455e+10
2.762159e+08 2.610447e+08
2.224596e+07 3.430237e+07
-5.180643e+05 -1.471175e+07
4.265338e+00 2.698959e+06
2.162875e+06 -2.782221e+06
3.998264e+08 1.351887e+08
3.206999e+11 6.237015e+10
-3.151395e+06 4.927450e+06
2.170983e+09 1.443172e+09
2.449691e+12 -3.413512e+12
-4.386281e+08 1.019431e+08
2.374684e+08 1.085911e+07
-1.415381e+10 -2.850270e+10
9.962124e+20 -8.229928e+20
1.522624e+05 4.049617e+06
-7.109761e+00 2.263140e+06
2.088116e+07 -7.451702e+07
6.059871e+13 -4.216031e+13
-3.178261e-01 8.925497e+05
6.125259e+08 -4.471356e+08
-2.740078e+06 -2.696337e+05
1.262010e+07 -8.377458e+05
9.070581e+07 -2.672596e+07
-2.772645e+08 1.558341e+08
8.321109e+06 7.050758e+05
-2.759470e+14 -5.258967e+14
-3.340364e+09 5.831400e+08
2.498477e+07 -9.571350e+07
7.862620e+09 6.722664e+09
-5.401878e+07 1.623712e+06
2.738358e+07 -7.630973e+07
-8.322863e+07 9.603845e+07
-2.226122e+15 1.053984e+16
7.484573e+07 3.580615e+07
1.530286e+09 4.558062e+09
1.837413e+11 -3.682963e+11
-6.060096e+13 4.215875e+13
-3.622622e+10 -1.184623e+10
2.584422e+10 6.443972e+08
-2.584294e+10 -6.443313e+08
8.361839e+07 -9.556897e+07
-3.926470e+07 1.418420e+08
4.790175e+16 1.781758e+17
-3.739603e+06 -9.441444e+06
9.678932e+00 -3.168178e+06
-1.454457e+07 3.487650e+08
7.706371e+08 -4.545363e+07
2.115660e+06 -1.299817e+06
-2.119438e+06 1.309210e+06
-4.374585e+09 -2.096060e+09
5.397721e+07 -2.863694e+06
8.349526e+00 2.026854e+07
-2.540953e+19 -5.350971e+19
2.979894e+07 -2.277921e+07
6.329761e+05 6.364231e+00
-5.071048e+06 -9.279518e+06
-1.416980e+08 5.294346e+07
6.235743e+06 3.019850e+06
1.625446e+06 5.747035e+00
-4.904181e+08 -1.244041e+08
-1.945132e+06 -6.956830e+06
3.928535e+07 -1.419077e+08
-1.931422e+07 8.133113e+06
1.893064e+06 5.471498e+06
-2.282648e+10 -3.506991e+10
-9.963850e+20 8.231457e+20
1.240536e+05 -7.269410e+00
-2.497399e+07 9.576901e+07
-2.995186e+13 -1.090145e+13
4.230607e+08 -4.085341e+10
-1.914178e+00 -3.152084e+06
-7.860450e+06 -9.101229e+07
-7.293942e+09 -9.428826e+10
-1.530717e+09 -4.559111e+09
1.402906e+09 1.043486e+09
-1.016023e+08 -3.248518e+08
6.829447e+07 1.146708e+08
-5.622987e+08 -1.025936e+09
-1.675261e+06 -3.690880e+00
2.167721e+00 -2.270235e+06
-2.911937e+14 1.496839e+14
1.974038e+15 2.132497e+16
-6.628962e+06 5.008022e+00
2.774101e+09 1.586425e+09
-8.067945e+00 2.715890e+06
-7.740247e+08 3.839154e+07
-2.956770e+07 2.276337e+07
6.671910e+06 -2.146837e+00
-1.826300e+08 1.561922e+08
-5.888512e+11 5.800226e+11
-1.873078e+05 -1.519808e+07
-2.116163e+13 7.642255e+14
-1.924673e+11 8.780766e+11
3.995989e+06 -1.068631e+07
4.195359e+07 6.382541e+06
-7.145534e+07 -1.213828e+08
2.288405e+07 -1.704952e+06
1.014603e+01 3.035232e+06
-3.732933e+07 -1.080570e+07
5.060835e+06 9.252050e+06
-4.369819e+09 1.285871e+09
-1.730548e+12 -1.907693e+12
4.656399e+07 -1.195498e+07
1.202804e+12 1.815351e+11
1.925234e+07 -8.234811e+06
3.086744e+08 8.010423e+08
-1.745048e+08 -1.849800e+08
-1.084371e+06 -5.977661e+05
-7.562079e+06 1.571020e+06
2.559643e+08 -3.344586e+07
-9.772478e+00 9.691757e+05
4.727317e+06 4.115882e+06
6.018516e+10 1.272428e+10
3.781322e+06 4.942428e+06
7.507370e+11 -1.403268e+11
-1.722830e+05 -4.160002e+04
-9.641694e+08 4.174989e+07
7.576620e+08 6.699577e+08
-1.082202e+15 9.753825e+14
-1.495401e+08 -2.790553e+08
-1.162108e+06 -1.103926e+06
3.732507e+07 1.088490e+07
4.631052e+09 1.918406e+10
-7.524630e+05 -5.211662e+00
-6.424354e+00 2.288998e+06
-1.676443e+13 5.419920e+12
-2.663621e+07 -1.614580e+07
-4.608894e+08 -1.301793e+08
2.029769e+00 1.005171e+07
1.530321e+10 -9.968667e+09
-1.273338e+14 -4.193036e+13
7.688525e+06 9.329645e+06
-3.806104e+06 1.057385e+07
-4.228968e+08 4.085326e+10
2.749299e+08 7.056748e+07
4.627466e+06 -8.553423e+05
2.678839e+06 -7.510212e+05
-3.827585e+07 1.684532e+07
-1.974062e+15 -2.132444e+16
-2.448372e+06 -8.484454e+00
3.859328e+11 -6.722322e+10
1.621989e+11 -1.161657e+09
-1.622270e+11 1.161714e+09
8.404433e+10 2.776176e+10
-1.292233e+13 4.641233e+12
4.723235e+12 1.491907e+11
5.712829e+10 1.657003e+10
-2.000397e+07 3.856324e+07
3.623304e+10 1.184526e+10
1.459144e+07 -3.491481e+08
5.214200e+06 -1.037618e+07
-3.070875e+09 -1.859706e+08
5.896189e+05 -1.788166e+00
4.753599e+09 9.136383e+08
-7.551973e+07 -3.595177e+07
5.587456e+06 -2.190538e+07
-3.040932e+00 -9.876474e+06
-1.299301e+06 -9.036466e+00
2.290805e+11 5.136455e+11
-7.558686e+07 6.100515e+07
-2.232839e+07 2.317332e+06
6.371067e+07 5.271382e+07
-1.122688e+07 4.875360e+07
-3.684936e+10 4.962225e+10
-5.927971e+08 1.010517e+08
1.773958e+06 3.398734e-01
2.092203e+08 -2.052453e+08
2.116268e+13 -7.642161e+14
-8.494772e+08 -1.438641e+09
-8.229874e+08 1.679579e+09
-7.671447e+07 6.443529e+06
1.082243e+15 -9.753945e+14
-1.189437e+07 2.197976e+06
3.071332e+09 1.852720e+08
2.541267e+19 5.352296e+19
-2.749554e+08 -7.070567e+07
-6.881941e+07 -1.137988e+08
-5.520649e+06 2.196401e+07
-8.226861e+06 -1.016326e+06
7.300204e+05 5.708858e+06
-4.088390e+09 5.314797e+10
2.034449e+08 -3.551153e+08
2.839108e+11 4.439634e+12
3.685164e+10 -4.961983e+10
1.675250e+08 -6.258058e+08
4.591383e+08 1.314550e+08
-3.094033e+08 -7.995739e+08
9.936509e+05 -1.835813e-01
7.769049e+06 3.600330e+00
7.216831e+05 1.455883e+07
-7.570505e+08 -6.692821e+08
1.004285e+08 3.256464e+08
-6.429794e+07 -5.298343e+07
1.924574e+11 -8.780243e+11
-4.153998e+07 -6.456265e+06
6.123619e+06 1.109141e+06
1.666128e+10 1.157397e+10
-2.184053e+00 -9.196801e+06
8.213608e+08 -1.679381e+09
9.641628e+08 -4.175403e+07
-5.791220e+06 5.890725e+06
-6.173361e+06 -3.354009e+06
-1.695177e+07 9.258212e+00
7.177019e+06 4.866931e+06
