1.325810e+06 7.821983e+00
5.265619e+06 -9.271953e+05
5.511582e+09 7.123639e+10
1.307773e+12 1.441783e+12
-9.877123e+11 -1.350774e+12
-3.593224e+09 -6.902778e+08
1.024032e+07 -3.666547e+07
-4.617080e+06 -3.790254e+06
-1.524218e+06 -1.006618e+07
-3.360410e+06 9.747326e+00
4.866736e+05 -1.065772e+06
-2.259887e+07 6.015342e+07
3.089606e+09 -4.016534e+10
3.301676e+09 -9.714022e+08
-3.327216e+10 -7.205462e+09
3.305149e+09 1.583682e+09
-8.817534e+05 2.855382e+07
-4.436773e+06 -1.541191e+06
1.277458e+07 5.196933e-01
-1.582954e+08 1.548341e+08
-1.440513e+06 -2.888969e+06
-2.543726e+09 9.513176e+08
9.568950e+08 3.099323e+10
-4.547611e+10 -9.614544e+09
-3.489080e+07 6.826556e+07
-9.082155e+06 8.991023e+05
4.946489e+05 -9.300978e+04
5.783480e+07 -4.516198e+07
-1.450039e+13 -3.938414e+12
4.868070e+00 -2.356446e+06
2.842011e+07 -1.283412e+07
-8.688172e+07 1.700217e+07
-2.141590e+10 -6.437748e+09
-2.097216e+09 -1.199009e+09
-2.675563e+07 -3.809143e+06
6.032416e+10 -3.785912e+10
2.086110e+14 3.975765e+14
5.105826e+05 9.508421e+05
3.328388e+10 7.207924e+09
1.120977e+08 9.024856e+07
6.388650e+10 -7.169811e+09
1.406526e+06 2.884308e+06
3.622146e+00 -1.358171e+06
-1.259245e+10 -8.748559e+09
9.559515e+06 6.932809e+07
1.408823e+06 -1.336598e+06
-1.851423e+12 2.579743e+12
8.827565e+05 -6.728964e+05
8.692243e+07 -1.707911e+07
-1.341874e+09 -1.332934e+09
4.485895e+08 -7.738835e+07
2.020271e+07 1.209435e+07
3.994732e+00 -1.031875e+06
1.026595e+07 -1.154203e+06
2.263895e+13 8.240049e+12
2.542606e+09 -9.519033e+08
-2.917369e+11 5.081212e+10
3.710279e+08 9.411361e+07
2.671030e+06 6.944928e+06
-2.995040e+07 -9.017324e+07
-1.266868e+13 -1.701911e+13
-5.674450e+11 1.060744e+11
4.291696e+07 -8.599285e+07
1.333235e+08 1.480429e+08
-2.585848e+15 3.695285e+15
-2.386316e+08 7.810262e+07
1.431026e+07 -2.909467e+07
-9.091320e+11 -1.372162e+11
-5.940644e+09 -5.078925e+09
4.593136e+09 -6.450153e+08
3.348059e+06 3.497787e+00
-8.790116e+09 -9.781870e+09
1.450158e+13 3.938543e+12
1.270869e+09 3.163793e+08
7.449825e+04 -2.167415e+00
-6.351537e+10 -2.098619e+10
-2.143026e+11 -3.352262e+12
-2.140552e+09 -4.168375e+09
-2.371992e+06 2.452050e+06
-3.087523e+08 -9.732416e+07
-3.534491e+09 -1.448350e+10
1.266826e+13 1.701828e+13
-3.501969e+09 2.280891e+09
3.494298e+07 -6.832094e+07
-4.631062e+08 3.381633e+08
-1.796951e+08 -8.950043e+06
1.159278e+00 -1.153258e+07
9.878110e+11 1.350773e+12
-1.394438e+06 7.068662e-01
-1.109567e+05 7.760017e+00
-4.293569e+07 8.578750e+07
8.790240e+09 9.782993e+09
-1.640576e+09 -1.090617e+09
2.841470e+17 -4.626682e+17
2.142079e+10 6.440261e+09
-1.384998e+00 -2.304970e+06
6.412919e+08 1.088489e+09
1.705319e+06 -2.236139e+06
-6.254838e+04 -1.621227e+06
-1.156633e+10 7.534265e+09
-9.558140e+08 -3.100181e+10
9.549450e+11 -9.205660e+11
-1.061962e+09 -7.892553e+08
-4.664858e+11 7.048361e+11
4.962355e+04 1.454001e+06
1.562218e+07 9.578103e+07
4.664858e+11 -7.047322e+11
5.931874e+05 -9.935342e+00
2.200395e+14 -1.131085e+14
-6.031998e+10 3.785564e+10
1.612126e+11 9.077528e+11
3.035630e+07 -5.744872e+00
-2.480001e+08 2.380399e+08
-4.593029e+09 6.452147e+08
9.766775e+12 -3.507901e+12
-1.270617e+09 -3.170228e+08
-2.043636e+06 6.111348e+05
2.586695e+15 -3.695890e+15
1.370754e+06 2.601432e+06
-4.317865e+10 -1.252468e+10
-2.842029e+17 4.627212e+17
-4.298194e+08 2.648100e+08
1.266923e+13 -4.094487e+12
3.501929e+09 -2.280758e+09
-1.265251e+08 4.730197e+08
4.447438e+11 -4.384904e+11
1.127659e+08 2.112215e+08
1.725266e+10 2.650667e+10
-4.503974e+06 7.781477e+06
3.997500e+08 -4.303396e+08
-2.287955e+06 -1.094537e+07
2.311523e+06 1.092392e+07
-1.061693e+01 -1.136073e+07
-1.387460e+11 2.781104e+11
-6.813145e+07 2.074173e+07
-1.116468e+08 -8.872770e+07
-1.547898e+07 -2.526243e+07
-8.399369e+00 1.020738e+07
2.169537e+09 4.174867e+09
-5.724925e+07 1.542587e+08
1.682430e+15 -7.966224e+15
9.630401e+06 -4.895294e+06
-2.708873e+06 -1.099069e+07
4.285195e+08 -2.646518e+08
-8.759014e+05 -2.812373e+06
-3.618952e+16 -1.346324e+17
-5.719498e+05 2.981586e+00
5.753019e+07 -4.635012e+06
-8.665836e+08 -8.328938e+07
-4.417739e+06 -7.131994e+05
-3.997684e+08 4.303290e+08
-3.801411e+06 -4.348390e+06
-8.379840e+07 9.394089e+07
-2.424448e+11 -4.715660e+10
-5.894588e+10 2.159631e+11
6.025353e+00 6.032421e+05
-3.568976e+12 -1.127382e+11
1.076944e+08 -3.996231e+07
4.125208e+13 -7.145747e+13
-5.556239e+00 -2.699466e+07
3.970118e+06 -4.921455e+06
-1.691921e+05 -1.432829e+06
3.318156e+08 -7.644285e+07
2.562281e+05 1.436800e+06
8.640719e+05 2.783934e+06
-6.386028e+10 7.167770e+09
-5.187341e+06 -1.462915e+05
-1.611911e+11 -9.076184e+11
1.069917e+10 2.154426e+10
-1.731157e+11 -3.881674e+11
-5.777722e+15 2.376208e+14
2.629536e+06 1.136907e+07
8.376680e+07 -9.394001e+07
9.311207e+05 1.028149e+07
5.894291e+10 -2.159702e+11
-2.087966e+08 -1.973172e+08
9.619965e+13 3.168129e+13
3.093434e+08 9.735342e+07
2.525911e+09 -4.393378e+08
5.727978e+07 -1.542553e+08
8.664755e+08 8.350217e+07
2.095831e+08 -1.773123e+08
1.341791e+09 1.332795e+09
-1.537093e+08 2.683561e+08
4.246349e+08 7.748588e+08
-4.817670e+06 -2.221040e+06
3.022611e+07 4.340223e+06
-4.125546e+13 7.146450e+13
-3.020074e+07 -4.208705e+06
-4.697925e+06 -7.624424e+06
5.778195e+15 -2.376598e+14
-2.882930e+07 6.660923e+05
1.501433e+11 -3.343220e+10
-9.548957e+11 9.206225e+11
-1.490106e+07 5.427763e+07
-1.501963e+11 3.343954e+10
2.087888e+08 1.973292e+08
1.681653e+07 2.593007e+07
-3.916050e+05 -1.112166e+07
7.911776e+00 2.040259e+06
1.634975e+06 -2.103323e+06
3.022613e+08 1.022001e+08
2.424412e+11 4.715050e+10
-2.382290e+06 3.724832e+06
1.641089e+09 1.090876e+09
1.851121e+12 -2.579489e+12
-3.314863e+08 7.703696e+07
1.794994e+08 8.208158e+06
-1.069894e+10 -2.154534e+10
7.530512e+20 -6.221019e+20
1.149731e+05 3.060657e+06
-9.802743e-01 1.710370e+06
1.578407e+07 -5.632916e+07
4.580595e+13 -3.186841e+13
7.587803e+00 6.746627e+05
4.630005e+08 -3.379895e+08
-2.071072e+06 -2.036990e+05
9.539855e+06 -6.332451e+05
6.856221e+07 -2.020164e+07
-2.095675e+08 1.177884e+08
6.290406e+06 5.329886e+05
-2.085973e+14 -3.975309e+14
-2.524578e+09 4.407324e+08
1.888607e+07 -7.234960e+07
5.941657e+09 5.080292e+09
-4.083334e+07 1.227273e+06
2.070136e+07 -5.768819e+07
-6.290657e+07 7.258861e+07
-1.682678e+15 7.966616e+15
5.658006e+07 2.706847e+07
1.156836e+09 3.445828e+09
1.387616e+11 -2.781377e+11
-4.581420e+13 3.187154e+13
-2.738638e+10 -8.955316e+09
1.953672e+10 4.871105e+08
-1.953512e+10 -4.870589e+08
6.320023e+07 -7.223053e+07
-2.968078e+07 1.072209e+08
3.619308e+16 1.346213e+17
-2.826350e+06 -7.136331e+06
8.333360e+00 -2.394322e+06
-1.099145e+07 2.635554e+08
5.823363e+08 -3.434784e+07
1.599027e+06 -9.823286e+05
-1.601917e+06 9.894523e+05
-3.306399e+09 -1.584257e+09
4.080105e+07 -2.164463e+06
7.374896e+00 1.532237e+07
-1.920805e+19 -4.044877e+19
2.252482e+07 -1.721924e+07
4.783470e+05 5.347473e+00
-3.833240e+06 -7.014574e+06
-1.071133e+08 4.002112e+07
4.713768e+06 2.282838e+06
1.228847e+06 -9.288855e+00
-3.707576e+08 -9.404748e+07
-1.470433e+06 -5.259344e+06
2.970096e+07 -1.072767e+08
-1.459982e+07 6.147741e+06
1.430986e+06 4.135983e+06
-1.725400e+10 -2.650831e+10
-7.531621e+20 6.222343e+20
9.376913e+04 4.009604e+00
-1.887726e+07 7.238803e+07
-2.264043e+13 -8.240184e+12
3.197981e+08 -3.088210e+10
7.660384e+00 -2.382777e+06
-5.941957e+06 -6.879945e+07
-5.514053e+09 -7.127797e+10
-1.157126e+09 -3.446388e+09
1.060518e+09 7.888363e+08
-7.679562e+07 -2.455381e+08
5.162477e+07 8.668177e+07
-4.250642e+08 -7.755372e+08
-1.266345e+06 5.607500e+00
-5.309028e+00 -1.716073e+06
-2.200863e+14 1.131308e+14
1.492308e+15 1.612137e+16
-5.010921e+06 6.885840e-01
2.097074e+09 1.199303e+09
-6.738923e+00 2.053026e+06
-5.849533e+08 2.901378e+07
-2.234987e+07 1.720717e+07
5.043423e+06 7.919537e+00
-1.380516e+08 1.180606e+08
-4.451488e+11 4.384819e+11
-1.415459e+05 -1.148936e+07
-1.599577e+13 5.776810e+14
-1.454880e+11 6.637414e+11
3.020574e+06 -8.077691e+06
3.171372e+07 4.824601e+06
-5.400922e+07 -9.174745e+07
1.729718e+07 -1.288684e+06
4.850002e+00 2.294399e+06
-2.821769e+07 -8.168100e+06
3.825157e+06 6.993325e+06
-3.303070e+09 9.719920e+08
-1.308223e+12 -1.442114e+12
3.519879e+07 -9.037226e+06
9.092655e+11 1.372317e+11
1.455254e+07 -6.224778e+06
2.333288e+08 6.055104e+08
-1.317738e+08 -1.396852e+08
-8.196107e+05 -4.518708e+05
-5.716496e+06 1.187618e+06
1.934769e+08 -2.528072e+07
-3.861282e+00 7.327114e+05
3.573520e+06 3.111419e+06
4.549730e+10 9.618953e+09
2.858338e+06 3.736103e+06
5.674824e+11 -1.060726e+11
-1.300800e+05 -3.130325e+04
-7.288366e+08 3.155939e+07
5.727354e+08 5.064479e+08
-8.180640e+14 7.373100e+14
-1.130391e+08 -2.109423e+08
-8.783430e+05 -8.343705e+05
2.821378e+07 8.227731e+06
3.500602e+09 1.450071e+10
-5.686653e+05 8.784522e+00
1.389228e+00 1.730272e+06
-1.267254e+13 4.097035e+12
-2.013443e+07 -1.220474e+07
-3.483891e+08 -9.840444e+07
6.527737e+00 7.597686e+06
1.156682e+10 -7.534775e+09
-9.623118e+13 -3.168856e+13
5.811660e+06 7.052462e+06
-2.876988e+06 7.993071e+06
-3.197014e+08 3.088490e+10
2.078464e+08 5.334782e+07
3.497536e+06 -6.461696e+05
2.024778e+06 -5.675463e+05
-2.893403e+07 1.273356e+07
-1.492284e+15 -1.612057e+16
-1.850586e+06 5.004172e+00
2.917361e+11 -5.081693e+10
1.225983e+11 -8.781010e+08
-1.226285e+11 8.781474e+08
6.353427e+10 2.098657e+10
-9.768053e+12 3.508188e+12
3.570496e+12 1.127792e+11
4.318487e+10 1.252570e+10
-1.512092e+07 2.915029e+07
2.738858e+10 8.953960e+09
1.102713e+07 -2.638658e+08
3.940367e+06 -7.841264e+06
-2.321353e+09 -1.405874e+08
4.458280e+05 8.464279e+00
3.593256e+09 6.906184e+08
-5.708771e+07 -2.717684e+07
4.223886e+06 -1.656052e+07
-7.085014e+00 -7.466217e+06
-9.821471e+05 7.866686e+00
1.731725e+11 3.882881e+11
-5.713367e+07 4.611181e+07
-1.687713e+07 1.751626e+06
4.815339e+07 3.984110e+07
-8.486535e+06 3.685298e+07
-2.785389e+10 3.750841e+10
-4.480163e+08 7.637456e+07
1.340569e+06 4.117929e+00
1.581496e+08 -1.551462e+08
1.599655e+13 -5.776526e+14
-6.421024e+08 -1.087439e+09
-6.217008e+08 1.268798e+09
-5.798605e+07 4.870335e+06
8.180774e+14 -7.372979e+14
-8.990272e+06 1.661186e+06
2.321714e+09 1.400545e+08
1.920930e+19 4.045738e+19
-2.078579e+08 -5.345077e+07
-5.202128e+07 -8.602214e+07
-4.173229e+06 1.660382e+07
-6.218554e+06 -7.680251e+05
5.516178e+05 4.315503e+06
-3.090639e+09 4.017863e+10
1.537534e+08 -2.683728e+08
2.145633e+11 3.355231e+12
2.785708e+10 -3.750967e+10
1.266417e+08 -4.730764e+08
3.470886e+08 9.937222e+07
-2.338924e+08 -6.044259e+08
7.511039e+05 9.624947e+00
5.872944e+06 3.970581e+00
5.453893e+05 1.100520e+07
-5.722991e+08 -5.059352e+08
7.590851e+07 2.461447e+08
-4.859675e+07 -4.004446e+07
1.454853e+11 -6.637103e+11
-3.140119e+07 -4.880365e+06
4.628282e+06 8.380892e+05
1.259413e+10 8.748497e+09
9.533362e+00 -6.944913e+06
6.204774e+08 -1.268684e+09
7.288497e+08 -3.156406e+07
-4.376066e+06 4.451300e+06
-4.667204e+06 -2.535448e+06
-1.281499e+07 -4.895046e+00
5.425471e+06 3.679127e+06
