2.102735e+06 5.747655e-01
8.350512e+06 -1.470440e+06
8.740623e+09 1.129648e+11
2.074104e+12 2.286559e+12
-1.566371e+12 -2.142133e+12
-5.699784e+09 -1.094976e+09
1.624279e+07 -5.816025e+07
-7.323577e+06 -6.012153e+06
-2.417660e+06 -1.596457e+07
-5.330392e+06 1.156698e+00
7.717977e+05 -1.689925e+06
-3.583790e+07 9.539573e+07
4.899852e+09 -6.370144e+10
5.237422e+09 -1.540896e+09
-5.276757e+10 -1.142769e+10
5.243342e+09 2.512313e+09
-1.398807e+06 4.530143e+07
-7.036214e+06 -2.444114e+06
2.025865e+07 9.662709e+00
-2.510536e+08 2.455640e+08
-2.284133e+06 -4.581433e+06
-4.034158e+09 1.508693e+09
1.517590e+09 4.915434e+10
-7.212766e+10 -1.524884e+10
-5.534107e+07 1.082702e+08
-1.440395e+07 1.426148e+06
7.847473e+05 -1.477729e+05
9.174829e+07 -7.164111e+07
-2.299573e+13 -6.246264e+12
-9.985434e+00 -3.738097e+06
4.507298e+07 -2.035543e+07
-1.377833e+08 2.696500e+07
-3.396467e+10 -1.020967e+10
-3.326064e+09 -1.901556e+09
-4.243309e+07 -6.041173e+06
9.567543e+10 -6.004626e+10
3.308188e+14 6.304693e+14
8.090635e+05 1.508095e+06
5.277945e+10 1.143007e+10
1.777710e+08 1.431205e+08
1.013117e+11 -1.137001e+10
2.230428e+06 4.574141e+06
9.602497e+00 -2.153481e+06
-1.997331e+10 -1.387591e+10
1.516104e+07 1.099515e+08
2.234718e+06 -2.120205e+06
-2.937927e+12 4.093582e+12
1.400222e+06 -1.067447e+06
1.378479e+08 -2.708468e+07
-2.128312e+09 -2.114233e+09
7.116142e+08 -1.227754e+08
3.204568e+07 1.918440e+07
7.393360e+00 -1.636612e+06
1.628444e+07 -1.830921e+06
3.590620e+13 1.306955e+13
4.032553e+09 -1.509705e+09
-4.626602e+11 8.057898e+10
5.884405e+08 1.492620e+08
4.236631e+06 1.101549e+07
-4.749869e+07 -1.430040e+08
-2.009043e+13 -2.698922e+13
-8.998173e+11 1.682132e+11
6.805263e+07 -1.363552e+08
2.117627e+08 2.351466e+08
-4.100421e+15 5.859647e+15
-3.784143e+08 1.238596e+08
2.269393e+07 -4.614284e+07
-1.441711e+12 -2.175999e+11
-9.426373e+09 -8.058454e+09
7.283733e+09 -1.022850e+09
5.310154e+06 9.604644e+00
-1.393959e+10 -1.551285e+10
2.299811e+13 6.246006e+12
2.017835e+09 5.023368e+08
1.182713e+05 5.065742e+00
-1.007347e+11 -3.328441e+10
-3.399942e+11 -5.318559e+12
-3.394883e+09 -6.610688e+09
-3.761481e+06 3.888577e+06
-4.901782e+08 -1.545141e+08
-5.605496e+09 -2.296978e+10
2.009085e+13 2.698922e+13
-5.553582e+09 3.617150e+09
5.541793e+07 -1.083527e+08
-7.345216e+08 5.363231e+08
-2.850222e+08 -1.419603e+07
6.230099e+00 -1.828959e+07
1.566503e+12 2.142110e+12
-2.211755e+06 -3.361083e+00
-1.761093e+05 4.540871e-01
-6.809171e+07 1.360367e+08
1.393899e+10 1.551349e+10
-2.602138e+09 -1.729813e+09
4.506396e+17 -7.337707e+17
3.397467e+10 1.021422e+10
-8.322037e+00 -3.656275e+06
1.017204e+09 1.726467e+09
2.704759e+06 -3.546566e+06
-9.944871e+04 -2.571434e+06
-1.834586e+10 1.195062e+10
-1.515777e+09 -4.916543e+10
1.514421e+12 -1.459909e+12
-1.684121e+09 -1.251641e+09
-7.398493e+11 1.117877e+12
7.854876e+04 2.305662e+06
2.477468e+07 1.519020e+08
7.399333e+11 -1.117796e+12
9.408909e+05 9.562245e+00
3.490683e+14 -1.794405e+14
-9.567564e+10 6.004381e+10
2.557664e+11 1.440111e+12
4.813814e+07 -1.708097e+00
-3.932928e+08 3.774997e+08
-7.284208e+09 1.023216e+09
1.549160e+13 -5.563872e+12
-2.017339e+09 -5.033380e+08
-3.241454e+06 9.695449e+05
4.102115e+15 -5.860736e+15
2.174875e+06 4.127579e+06
-6.847614e+10 -1.986189e+10
-4.506722e+17 7.337783e+17
-6.934774e+08 4.272254e+08
2.009284e+13 -6.492960e+12
5.553485e+09 -3.617064e+09
-2.006533e+08 7.501724e+08
7.052797e+11 -6.953402e+11
1.788372e+08 3.349633e+08
2.736182e+10 4.203759e+10
-7.146716e+06 1.234772e+07
6.339915e+08 -6.824875e+08
-3.628399e+06 -1.735658e+07
3.665680e+06 1.732332e+07
1.102769e+01 -1.802069e+07
-2.204148e+11 4.418141e+11
-1.080663e+08 3.289752e+07
-1.770825e+08 -1.407293e+08
-2.455111e+07 -4.006894e+07
-1.060872e+01 1.619157e+07
3.440891e+09 6.621083e+09
-9.080166e+07 2.446616e+08
2.668948e+15 -1.263744e+16
1.527364e+07 -7.764063e+06
-4.296916e+06 -1.743428e+07
6.914274e+08 -4.270180e+08
-1.389370e+06 -4.460651e+06
-5.744065e+16 -2.136859e+17
-9.075085e+05 -7.880629e+00
9.125276e+07 -7.352361e+06
-1.374296e+09 -1.320988e+08
-7.008135e+06 -1.131630e+06
-6.340406e+08 6.824747e+08
-6.028554e+06 -6.896033e+06
-1.328912e+08 1.489714e+08
-3.844852e+11 -7.478306e+10
-9.348113e+10 3.425012e+11
6.496638e+00 9.567456e+05
-5.660119e+12 -1.788038e+11
1.708238e+08 -6.338962e+07
6.543540e+13 -1.133461e+14
-6.285197e+00 -4.283002e+07
6.300715e+06 -7.810340e+06
-2.681247e+05 -2.272262e+06
5.264894e+08 -1.212959e+08
4.065168e+05 2.278771e+06
1.370313e+06 4.415216e+06
-1.012771e+11 1.136766e+10
-8.226829e+06 -2.322958e+05
-2.557289e+11 -1.439962e+12
1.696937e+10 3.417033e+10
-2.745506e+11 -6.155815e+11
-9.162715e+15 3.768260e+14
4.170597e+06 1.803191e+07
1.328420e+08 -1.489717e+08
1.476712e+06 1.630356e+07
9.347233e+10 -3.424871e+11
-3.311524e+08 -3.129525e+08
1.526085e+14 5.025880e+13
4.911448e+08 1.545747e+08
4.007097e+09 -6.969902e+08
9.084639e+07 -2.446468e+08
1.374232e+09 1.324382e+08
3.324543e+08 -2.812598e+08
2.128153e+09 2.113922e+09
-2.438669e+08 4.257667e+08
6.734700e+08 1.228910e+09
-7.641942e+06 -3.523357e+06
4.793480e+07 6.883532e+06
-6.543810e+13 1.133566e+14
-4.789350e+07 -6.674587e+06
-7.451245e+06 -1.209209e+07
9.163377e+15 -3.768923e+14
-4.571969e+07 1.056983e+06
2.381392e+11 -5.302430e+10
-1.514449e+12 1.460048e+12
-2.363333e+07 8.608138e+07
-2.381905e+11 5.303175e+10
3.311610e+08 3.129739e+08
2.667119e+07 4.112535e+07
-6.211700e+05 -1.763735e+07
-7.569354e+00 3.235879e+06
2.593182e+06 -3.335676e+06
4.793433e+08 1.620731e+08
3.844778e+11 7.477346e+10
-3.778127e+06 5.907518e+06
2.602852e+09 1.730280e+09
2.937534e+12 -4.093244e+12
-5.259581e+08 1.222406e+08
2.847159e+08 1.301995e+07
-1.696859e+10 -3.417247e+10
1.194360e+21 -9.866663e+20
1.824378e+05 4.855119e+06
1.110927e+01 2.713091e+06
2.503352e+07 -8.933604e+07
7.265168e+13 -5.054717e+13
9.562292e+00 1.070164e+06
7.344003e+08 -5.361035e+08
-3.285498e+06 -3.234649e+05
1.513010e+07 -1.004427e+06
1.087529e+08 -3.204291e+07
-3.324310e+08 1.868416e+08
9.975956e+06 8.454199e+05
-3.308324e+14 -6.304953e+14
-4.005066e+09 6.991766e+08
2.995327e+07 -1.147454e+08
9.427214e+09 8.060517e+09
-6.475822e+07 1.946642e+06
3.282796e+07 -9.148155e+07
-9.978817e+07 1.151466e+08
-2.669003e+15 1.263692e+16
8.972880e+07 4.292651e+07
1.834578e+09 5.464348e+09
2.203937e+11 -4.417771e+11
-7.265394e+13 5.054456e+13
-4.343102e+10 -1.420208e+10
3.098408e+10 7.725379e+08
-3.098216e+10 -7.724748e+08
1.002537e+08 -1.145812e+08
-4.707111e+07 1.700443e+08
5.744184e+16 2.136660e+17
-4.483518e+06 -1.131985e+07
-1.486414e+00 -3.798357e+06
-1.743881e+07 4.181791e+08
9.240292e+08 -5.450233e+07
2.536316e+06 -1.558326e+06
-2.540909e+06 1.569522e+06
-5.244995e+09 -2.513102e+09
6.471442e+07 -3.433426e+06
6.692999e+00 2.430019e+07
-3.046419e+19 -6.415468e+19
3.572738e+07 -2.731114e+07
7.589967e+05 -5.331872e+00
-6.080011e+06 -1.112585e+07
-1.698860e+08 6.347646e+07
7.476201e+06 3.620806e+06
1.948890e+06 1.701961e+00
-5.879653e+08 -1.491494e+08
-2.332131e+06 -8.340613e+06
4.709886e+07 -1.701306e+08
-2.315638e+07 9.751175e+06
2.269701e+06 6.559667e+06
-2.736708e+10 -4.204613e+10
-1.194569e+21 9.868701e+20
1.486961e+05 -6.511967e+00
-2.994092e+07 1.148161e+08
-3.590842e+13 -1.306968e+13
5.071933e+08 -4.897737e+10
-6.771768e-01 -3.779068e+06
-9.423595e+06 -1.091089e+08
-8.744282e+09 -1.130341e+11
-1.835121e+09 -5.465777e+09
1.681904e+09 1.250998e+09
-1.218137e+08 -3.894780e+08
8.187724e+07 1.374768e+08
-6.741266e+08 -1.229978e+09
-2.008507e+06 -6.287082e+00
8.668157e-01 -2.721997e+06
-3.491368e+14 1.794720e+14
2.366613e+15 2.556574e+16
-7.947634e+06 8.939998e+00
3.325907e+09 1.901978e+09
9.323226e+00 3.256130e+06
-9.281161e+08 4.603430e+07
-3.545043e+07 2.729168e+07
7.999341e+06 -1.365318e+00
-2.189677e+08 1.872703e+08
-7.059714e+11 6.953868e+11
-2.246243e+05 -1.822066e+07
-2.537096e+13 9.162364e+14
-2.307468e+11 1.052701e+12
4.790582e+06 -1.281141e+07
5.029728e+07 7.651915e+06
-8.567208e+07 -1.455340e+08
2.743690e+07 -2.044338e+06
-9.084017e+00 3.639109e+06
-4.475442e+07 -1.295541e+07
6.067883e+06 1.109298e+07
-5.239196e+09 1.541715e+09
-2.074747e+12 -2.287150e+12
5.582692e+07 -1.433323e+07
1.441963e+12 2.176400e+11
2.308187e+07 -9.872552e+06
3.700617e+08 9.603507e+08
-2.093156e+08 -2.218832e+08
-1.300008e+06 -7.166180e+05
-9.066045e+06 1.883413e+06
3.068826e+08 -4.009970e+07
-8.162350e+00 1.161737e+06
5.667415e+06 4.934399e+06
7.215234e+10 1.525440e+10
4.533144e+06 5.925095e+06
9.000314e+11 -1.682330e+11
-2.063529e+05 -4.969086e+04
-1.155901e+09 5.005196e+07
9.083261e+08 8.031797e+08
-1.297413e+15 1.169358e+15
-1.792767e+08 -3.345486e+08
-1.393201e+06 -1.323554e+06
4.474936e+07 1.304981e+07
5.552115e+09 2.299931e+10
-9.021680e+05 7.510635e+00
-6.567663e+00 2.744205e+06
-2.009823e+13 6.497787e+12
-3.193412e+07 -1.935732e+07
-5.525642e+08 -1.560733e+08
5.550692e+00 1.205109e+07
1.834798e+10 -1.195204e+10
-1.526794e+14 -5.027593e+13
9.217997e+06 1.118577e+07
-4.563326e+06 1.267692e+07
-5.069644e+08 4.897730e+10
3.295961e+08 8.460076e+07
5.548272e+06 -1.025743e+06
3.211753e+06 -9.005781e+05
-4.588986e+07 2.019613e+07
-2.366637e+15 -2.556468e+16
-2.935427e+06 6.099301e+00
4.626877e+11 -8.059150e+10
1.944648e+11 -1.392692e+09
-1.944929e+11 1.392771e+09
1.007594e+11 3.328333e+10
-1.549304e+13 5.564504e+12
5.662575e+12 1.788615e+11
6.849117e+10 1.986546e+10
-2.398278e+07 4.623357e+07
4.344108e+10 1.420182e+10
1.749674e+07 -4.186612e+08
6.252503e+06 -1.244256e+07
-3.681706e+09 -2.229617e+08
7.069696e+05 -1.093645e+01
5.699376e+09 1.095407e+09
-9.054088e+07 -4.310295e+07
6.698867e+06 -2.626237e+07
1.869721e+00 -1.184128e+07
-1.557759e+06 7.981388e+00
2.746443e+11 6.158038e+11
-9.062498e+07 7.314224e+07
-2.677101e+07 2.778346e+06
7.639082e+07 6.320529e+07
-1.346030e+07 5.845343e+07
-4.418055e+10 5.949376e+10
-7.107723e+08 1.211604e+08
2.126974e+06 -8.195802e+00
2.508317e+08 -2.460678e+08
2.537201e+13 -9.162269e+14
-1.018430e+09 -1.724774e+09
-9.869684e+08 2.014266e+09
-9.197058e+07 7.724779e+06
1.297427e+15 -1.169334e+15
-1.425939e+07 2.634952e+06
3.682025e+09 2.221112e+08
3.046640e+19 6.416726e+19
-3.296245e+08 -8.476545e+07
-8.250530e+07 -1.364307e+08
-6.618399e+06 2.633094e+07
-9.861712e+06 -1.218423e+06
8.751630e+05 6.844170e+06
-4.901383e+09 6.371679e+10
2.439393e+08 -4.257997e+08
3.404204e+11 5.323288e+12
4.418146e+10 -5.948889e+10
2.008458e+08 -7.502699e+08
5.504568e+08 1.575960e+08
-3.709340e+08 -9.585300e+08
1.191247e+06 4.690397e+00
9.313227e+06 7.870896e+00
8.651714e+05 1.745403e+07
-9.075855e+08 -8.023632e+08
1.204054e+08 3.904323e+08
-7.709116e+07 -6.352604e+07
2.307321e+11 -1.052649e+12
-4.980110e+07 -7.740094e+06
7.341918e+06 1.329781e+06
1.997563e+10 1.387478e+10
-8.996845e+00 -1.103173e+07
9.850605e+08 -2.014037e+09
1.155897e+09 -5.005829e+07
-6.944349e+06 7.063525e+06
-7.401373e+06 -4.021099e+06
-2.032360e+07 -1.495235e+00
8.604436e+06 5.834181e+06
