1.067705e+06 9.555771e-01
4.241082e+06 -7.466568e+05
4.439086e+09 5.737554e+10
1.053307e+12 1.161245e+12
-7.955430e+11 -1.087931e+12
-2.893745e+09 -5.559064e+08
8.247019e+06 -2.953059e+07
-3.718850e+06 -3.052797e+06
-1.227748e+06 -8.107498e+06
-2.706409e+06 6.018493e+00
3.921581e+05 -8.585811e+05
-1.820276e+07 4.845239e+07
2.488551e+09 -3.235219e+10
2.659114e+09 -7.823351e+08
-2.679821e+10 -5.803482e+09
2.661595e+09 1.275376e+09
-7.100489e+05 2.299085e+07
-3.573605e+06 -1.241229e+06
1.028785e+07 -3.835491e+00
-1.274787e+08 1.246938e+08
-1.160094e+06 -2.326557e+06
-2.048651e+09 7.661695e+08
7.706654e+08 2.496169e+10
-3.662429e+10 -7.743374e+09
-2.809981e+07 5.498148e+07
-7.315123e+06 7.242418e+05
3.983723e+05 -7.499347e+04
4.656953e+07 -3.636776e+07
-1.167842e+13 -3.172140e+12
3.423407e+00 -1.897778e+06
2.289114e+07 -1.033661e+07
-6.997719e+07 1.369367e+07
-1.724666e+10 -5.184376e+09
-1.688928e+09 -9.655923e+08
-2.154720e+07 -3.067579e+06
4.858058e+10 -3.048903e+10
1.680140e+14 3.202081e+14
4.114271e+05 7.656777e+05
2.680661e+10 5.805026e+09
9.027251e+07 7.267919e+07
5.145186e+10 -5.774282e+09
1.132723e+06 2.323004e+06
9.036785e+00 -1.094060e+06
-1.014124e+10 -7.045843e+09
7.699345e+06 5.583971e+07
1.134711e+06 -1.076449e+06
-1.490580e+12 2.077019e+12
7.109268e+05 -5.419686e+05
7.000656e+07 -1.375539e+07
-1.080695e+09 -1.073490e+09
3.612355e+08 -6.231855e+07
1.627071e+07 9.740158e+06
-1.099449e+01 -8.311298e+05
8.267464e+06 -9.295565e+05
1.823297e+13 6.636243e+12
2.047746e+09 -7.666498e+08
-2.349599e+11 4.092422e+10
2.988224e+08 7.579760e+07
2.151170e+06 5.593108e+06
-2.412366e+07 -7.263150e+07
-1.020292e+13 -1.370643e+13
-4.570073e+11 8.542918e+10
3.456630e+07 -6.926030e+07
1.072648e+08 1.191082e+08
-2.082755e+15 2.976110e+15
-1.921962e+08 6.290357e+07
1.152534e+07 -2.343292e+07
-7.322406e+11 -1.105160e+11
-4.783086e+09 -4.089274e+09
3.699354e+09 -5.195033e+08
2.696263e+06 3.769815e+00
-7.079668e+09 -7.878216e+09
1.167937e+13 3.172140e+12
1.022855e+09 2.546378e+08
6.003523e+04 3.771429e+00
-5.115467e+10 -1.690214e+10
-1.725648e+11 -2.699267e+12
-1.724008e+09 -3.357071e+09
-1.910497e+06 1.974971e+06
-2.484732e+08 -7.832215e+07
-2.846531e+09 -1.166463e+10
1.020188e+13 1.370559e+13
-2.820430e+09 1.836866e+09
2.814131e+07 -5.502251e+07
-3.729581e+08 2.723353e+08
-1.447147e+08 -7.207583e+06
-6.429468e+00 -9.288088e+06
7.956090e+11 1.087931e+12
-1.122943e+06 3.166469e+00
-8.932234e+04 -7.656976e+00
-3.458034e+07 6.909344e+07
7.079651e+09 7.879018e+09
-1.321157e+09 -8.783135e+08
2.288558e+17 -3.726391e+17
1.725184e+10 5.186845e+09
9.347279e+00 -1.856201e+06
5.164292e+08 8.765720e+08
1.373349e+06 -1.800749e+06
-5.027572e+04 -1.305661e+06
-9.314440e+09 6.067370e+09
-7.697908e+08 -2.496724e+10
7.691097e+11 -7.414029e+11
-8.552425e+08 -6.356306e+08
-3.756932e+11 5.676484e+11
3.994792e+04 1.171153e+06
1.258293e+07 7.714686e+07
3.757085e+11 -5.675676e+11
4.777793e+05 -4.686914e+00
1.771933e+14 -9.108252e+13
-4.858020e+10 3.048811e+10
1.298127e+11 7.309645e+11
2.445132e+07 -8.891426e+00
-1.997467e+08 1.917157e+08
-3.699328e+09 5.196933e+08
7.865538e+12 -2.825028e+12
-1.022593e+09 -2.551504e+08
-1.645851e+06 4.921810e+05
2.083348e+15 -2.976655e+15
1.103620e+06 2.094413e+06
-3.477467e+10 -1.008700e+10
-2.288976e+17 3.726921e+17
-3.422626e+08 2.108575e+08
1.020368e+13 -3.297858e+12
2.820524e+09 -1.836879e+09
-1.019006e+08 3.809583e+08
3.581922e+11 -3.531586e+11
9.081543e+07 1.701138e+08
1.389452e+10 2.134677e+10
-3.626076e+06 6.264830e+06
3.219313e+08 -3.465604e+08
-1.842584e+06 -8.815030e+06
1.861615e+06 8.797694e+06
7.787440e+00 -9.148276e+06
-1.116189e+11 2.237362e+11
-5.486484e+07 1.670309e+07
-8.991168e+07 -7.145592e+07
-1.246618e+07 -2.034544e+07
-4.331057e+00 8.220334e+06
1.747374e+09 3.362470e+09
-4.610894e+07 1.242364e+08
1.354804e+15 -6.415112e+15
7.756454e+06 -3.942777e+06
-2.181685e+06 -8.851484e+06
3.412289e+08 -2.107278e+08
-7.053784e+05 -2.265073e+06
-2.913213e+16 -1.083769e+17
-4.605499e+05 9.091779e+00
4.632996e+07 -3.732574e+06
-6.979472e+08 -6.708109e+07
-3.557509e+06 -5.743408e+05
-3.219789e+08 3.465788e+08
-3.061540e+06 -3.501953e+06
-6.748887e+07 7.565615e+07
-1.952594e+11 -3.797866e+10
-4.747306e+10 1.739346e+11
5.330178e+00 4.857654e+05
-2.874481e+12 -9.079764e+10
8.672523e+07 -3.218139e+07
3.322048e+13 -5.754573e+13
-5.371638e+00 -2.173593e+07
3.196066e+06 -3.961817e+06
-1.362596e+05 -1.153919e+06
2.671454e+08 -6.154530e+07
2.063277e+05 1.157162e+06
6.960046e+05 2.242270e+06
-5.143088e+10 5.772579e+09
-4.177626e+06 -1.178244e+05
-1.297886e+11 -7.308005e+11
8.616630e+09 1.735051e+10
-1.394241e+11 -3.126212e+11
-4.653206e+15 1.913760e+14
2.117489e+06 9.155657e+06
6.746419e+07 -7.565551e+07
7.498315e+05 8.280558e+06
4.747300e+10 -1.739382e+11
-1.681480e+08 -1.588969e+08
7.745767e+13 2.550870e+13
2.489411e+08 7.834255e+07
2.033796e+09 -3.537489e+08
4.613165e+07 -1.242327e+08
6.978432e+08 6.725134e+07
1.687771e+08 -1.427871e+08
1.080601e+09 1.073387e+09
-1.237676e+08 2.160811e+08
3.419843e+08 6.240540e+08
-3.879991e+06 -1.788679e+06
2.434435e+07 3.495508e+06
-3.322183e+13 5.754924e+13
-2.432233e+07 -3.389535e+06
-3.783293e+06 -6.140186e+06
4.653396e+15 -1.913994e+14
-2.321830e+07 5.363091e+05
1.209212e+11 -2.692578e+10
-7.690295e+11 7.414422e+11
-1.200143e+07 4.371534e+07
-1.209665e+11 2.693252e+10
1.681452e+08 1.589189e+08
1.354369e+07 2.088306e+07
-3.154606e+05 -8.956893e+06
2.911808e+00 1.643095e+06
1.316846e+06 -1.694092e+06
2.434453e+08 8.231346e+07
1.952676e+11 3.797578e+10
-1.918774e+06 3.000132e+06
1.321711e+09 8.786048e+08
1.490430e+12 -2.076892e+12
-2.669034e+08 6.202662e+07
1.445589e+08 6.610530e+06
-8.617114e+09 -1.735265e+10
6.064909e+20 -5.010456e+20
9.273720e+04 2.464992e+06
8.133975e+00 1.377483e+06
1.271199e+07 -4.536475e+07
3.688738e+13 -2.566373e+13
-4.008382e+00 5.433892e+05
3.728501e+08 -2.721841e+08
-1.667881e+06 -1.640998e+05
7.683305e+06 -5.100380e+05
5.521370e+07 -1.626875e+07
-1.687515e+08 9.484978e+07
5.065846e+06 4.291624e+05
-1.679900e+14 -3.201430e+14
-2.032723e+09 3.548589e+08
1.520868e+07 -5.826231e+07
4.783507e+09 4.090021e+09
-3.288355e+07 9.882816e+05
1.667213e+07 -4.646222e+07
-5.065401e+07 5.845022e+07
-1.354942e+15 6.415112e+15
4.556702e+07 2.179987e+07
9.316855e+08 2.775226e+09
1.116391e+11 -2.237681e+11
-3.689713e+13 2.566790e+13
-2.205521e+10 -7.212115e+09
1.573372e+10 3.922871e+08
-1.573244e+10 -3.922473e+08
5.089118e+07 -5.816583e+07
-2.390581e+07 8.635894e+07
2.913569e+16 1.083703e+17
-2.276101e+06 -5.746871e+06
-2.716098e+00 -1.928200e+06
-8.850228e+06 2.122087e+08
4.688557e+08 -2.765427e+07
1.287740e+06 -7.910952e+05
-1.290106e+06 7.968935e+05
-2.662529e+09 -1.275732e+09
3.285879e+07 -1.743028e+06
-8.718714e+00 1.233983e+07
-1.546847e+19 -3.257484e+19
1.813971e+07 -1.386684e+07
3.852094e+05 8.721971e+00
-3.087148e+06 -5.649259e+06
-8.626223e+07 3.223073e+07
3.796222e+06 1.838473e+06
9.897650e+05 -4.341497e+00
-2.985959e+08 -7.574333e+07
-1.184232e+06 -4.235735e+06
2.392054e+07 -8.639981e+07
-1.175780e+07 4.951065e+06
1.152427e+06 3.331014e+06
-1.389475e+10 -2.134713e+10
-6.065403e+20 5.011068e+20
7.548828e+04 -1.155738e+00
-1.520227e+07 5.829593e+07
-1.823334e+13 -6.636378e+12
2.575599e+08 -2.487191e+10
4.182236e+00 -1.919027e+06
-4.785587e+06 -5.541033e+07
-4.440921e+09 -5.740553e+10
-9.318921e+08 -2.775572e+09
8.540955e+08 6.352947e+08
-6.184073e+07 -1.977231e+08
4.157624e+07 6.980840e+07
-3.423311e+08 -6.245690e+08
-1.019861e+06 -2.472149e+00
6.455850e-01 -1.382026e+06
-1.772185e+14 9.109549e+13
1.201883e+15 1.298380e+16
-4.035233e+06 7.406421e+00
1.688825e+09 9.658235e+08
-1.057674e+01 1.653376e+06
-4.709524e+08 2.335880e+07
-1.799707e+07 1.385690e+07
4.061453e+06 1.102947e+01
-1.111691e+08 9.507060e+07
-3.585091e+11 3.531412e+11
-1.138619e+05 -9.253148e+06
-1.288179e+13 4.652264e+14
-1.171732e+11 5.345556e+11
2.432699e+06 -6.505470e+06
2.554137e+07 3.885573e+06
-4.349452e+07 -7.388631e+07
1.392998e+07 -1.037801e+06
-6.257645e+00 1.847715e+06
-2.272515e+07 -6.578006e+06
3.080338e+06 5.631764e+06
-2.660165e+09 7.827954e+08
-1.053693e+12 -1.161529e+12
2.834895e+07 -7.278972e+06
7.323741e+11 1.105316e+11
1.172039e+07 -5.013268e+06
1.879168e+08 4.876501e+08
-1.060182e+08 -1.123885e+08
-6.600546e+05 -3.640110e+05
-4.604088e+06 9.565284e+05
1.558069e+08 -2.035880e+07
1.072761e+01 5.900456e+05
2.877841e+06 2.505761e+06
3.664258e+10 7.746873e+09
2.302088e+06 3.009137e+06
4.570354e+11 -8.542603e+10
-1.047359e+05 -2.518757e+04
-5.869831e+08 2.541713e+07
4.612658e+08 4.078827e+08
-6.588390e+14 5.938050e+14
-9.104012e+07 -1.698886e+08
-7.073258e+05 -6.719613e+05
2.272328e+07 6.626284e+06
2.819247e+09 1.167821e+10
-4.578799e+05 -8.376905e+00
2.085176e+01 1.393474e+06
-1.020596e+13 3.299534e+12
-1.621478e+07 -9.828659e+06
-2.805741e+08 -7.924968e+07
-7.225031e+00 6.119194e+06
9.315589e+09 -6.068195e+09
-7.748921e+13 -2.551700e+13
4.680616e+06 5.679999e+06
-2.317121e+06 6.437767e+06
-2.574933e+08 2.487516e+10
1.674071e+08 4.296888e+07
2.816467e+06 -5.202325e+05
1.630647e+06 -4.569680e+05
-2.330289e+07 1.025526e+07
-1.201907e+15 -1.298380e+16
-1.490230e+06 -1.801531e+00
2.349879e+11 -4.092839e+10
9.872721e+10 -7.071506e+08
-9.875533e+10 7.071908e+08
5.116854e+10 1.690208e+10
-7.866497e+12 2.825201e+12
2.875767e+12 9.083298e+10
3.478078e+10 1.008807e+10
-1.217804e+07 2.347750e+07
2.205867e+10 7.211466e+09
8.879137e+06 -2.124621e+08
3.172782e+06 -6.313444e+06
-1.869663e+09 -1.132338e+08
3.591258e+05 2.552183e+01
2.893884e+09 5.561980e+08
-4.598038e+07 -2.188944e+07
3.402277e+06 -1.333949e+07
8.928836e+00 -6.013411e+06
-7.909677e+05 2.095114e+01
1.394752e+11 3.127356e+11
-4.601283e+07 3.713630e+07
-1.359283e+07 1.410615e+06
3.877632e+07 3.208268e+07
-6.834926e+06 2.968170e+07
-2.243417e+10 3.021027e+10
-3.607956e+08 6.150612e+07
1.079585e+06 7.122646e-01
1.273774e+08 -1.249594e+08
1.288388e+13 -4.652453e+14
-5.171435e+08 -8.758138e+08
-5.004043e+08 1.021246e+09
-4.670033e+07 3.922329e+06
6.588926e+14 -5.938292e+14
-7.240108e+06 1.337769e+06
1.869899e+09 1.127992e+08
1.547036e+19 3.258345e+19
-1.674165e+08 -4.305141e+07
-4.189810e+07 -6.928282e+07
-3.361395e+06 1.337320e+07
-5.008284e+06 -6.185211e+05
4.442868e+05 3.475843e+06
-2.489267e+09 3.236152e+10
1.238039e+08 -2.161082e+08
1.727621e+11 2.701687e+12
2.243554e+10 -3.020968e+10
1.019968e+08 -3.810220e+08
2.795417e+08 8.003367e+07
-1.883752e+08 -4.868202e+08
6.048745e+05 -9.341698e+00
4.730521e+06 -6.093660e+00
4.393677e+05 8.864333e+06
-4.609368e+08 -4.074932e+08
6.113022e+07 1.982237e+08
-3.913428e+07 -3.224780e+07
1.171753e+11 -5.345568e+11
-2.529083e+07 -3.930712e+06
3.727224e+06 6.749103e+05
1.014312e+10 7.045848e+09
2.409743e+00 -5.587801e+06
4.994013e+08 -1.021129e+09
5.870174e+08 -2.542252e+07
-3.523049e+06 3.583537e+06
-3.758774e+06 -2.041989e+06
-1.032140e+07 -6.520199e+00
4.369598e+06 2.963123e+06
