2.102561e+06 -6.885934e+00
8.349821e+06 -1.470319e+06
8.739901e+09 1.129555e+11
2.073933e+12 2.286370e+12
-1.566242e+12 -2.141956e+12
-5.699313e+09 -1.094885e+09
1.624144e+07 -5.815544e+07
-7.322972e+06 -6.011656e+06
-2.417460e+06 -1.596325e+07
-5.329951e+06 -3.727449e+00
7.717340e+05 -1.689785e+06
-3.583494e+07 9.538785e+07
4.899448e+09 -6.369618e+10
5.236989e+09 -1.540768e+09
-5.276321e+10 -1.142675e+10
5.242909e+09 2.512106e+09
-1.398691e+06 4.529769e+07
-7.035633e+06 -2.443913e+06
2.025698e+07 2.993708e+00
-2.510329e+08 2.455437e+08
-2.283944e+06 -4.581054e+06
-4.033825e+09 1.508568e+09
1.517464e+09 4.915028e+10
-7.212171e+10 -1.524758e+10
-5.533650e+07 1.082612e+08
-1.440276e+07 1.426030e+06
7.846825e+05 -1.477607e+05
9.174071e+07 -7.163519e+07
-2.299383e+13 -6.245748e+12
-4.250288e-01 -3.737788e+06
4.506925e+07 -2.035374e+07
-1.377719e+08 2.696277e+07
-3.396186e+10 -1.020883e+10
-3.325790e+09 -1.901399e+09
-4.242958e+07 -6.040674e+06
9.566752e+10 -6.004130e+10
3.307915e+14 6.304172e+14
8.089968e+05 1.507970e+06
5.277509e+10 1.142913e+10
1.777564e+08 1.431087e+08
1.013034e+11 -1.136908e+10
2.230244e+06 4.573763e+06
-4.586099e+00 -2.153303e+06
-1.997166e+10 -1.387476e+10
1.515979e+07 1.099424e+08
2.234533e+06 -2.120030e+06
-2.937684e+12 4.093244e+12
1.400106e+06 -1.067359e+06
1.378366e+08 -2.708245e+07
-2.128136e+09 -2.114059e+09
7.115554e+08 -1.227653e+08
3.204303e+07 1.918282e+07
5.590277e+00 -1.636477e+06
1.628309e+07 -1.830770e+06
3.590324e+13 1.306847e+13
4.032220e+09 -1.509580e+09
-4.626220e+11 8.057232e+10
5.883919e+08 1.492497e+08
4.236281e+06 1.101458e+07
-4.749477e+07 -1.429922e+08
-2.008877e+13 -2.698699e+13
-8.997430e+11 1.681993e+11
6.804701e+07 -1.363439e+08
2.117452e+08 2.351271e+08
-4.100082e+15 5.859163e+15
-3.783830e+08 1.238494e+08
2.269206e+07 -4.613903e+07
-1.441592e+12 -2.175819e+11
-9.425594e+09 -8.057788e+09
7.283131e+09 -1.022766e+09
5.309715e+06 3.450373e+00
-1.393844e+10 -1.551157e+10
2.299621e+13 6.245490e+12
2.017668e+09 5.022952e+08
1.182616e+05 -1.047529e+01
-1.007264e+11 -3.328166e+10
-3.399660e+11 -5.318119e+12
-3.394603e+09 -6.610142e+09
-3.761170e+06 3.888256e+06
-4.901376e+08 -1.545013e+08
-5.605033e+09 -2.296789e+10
2.008919e+13 2.698699e+13
-5.553123e+09 3.616851e+09
5.541335e+07 -1.083437e+08
-7.344610e+08 5.362788e+08
-2.849987e+08 -1.419486e+07
1.013115e+01 -1.828808e+07
1.566374e+12 2.141933e+12
-2.211573e+06 -8.848454e+00
-1.760948e+05 8.353865e+00
-6.808609e+07 1.360255e+08
1.393783e+10 1.551221e+10
-2.601923e+09 -1.729670e+09
4.506024e+17 -7.337101e+17
3.397186e+10 1.021337e+10
-1.061748e+01 -3.655973e+06
1.017120e+09 1.726325e+09
2.704535e+06 -3.546273e+06
-9.944051e+04 -2.571221e+06
-1.834434e+10 1.194963e+10
-1.515652e+09 -4.916137e+10
1.514296e+12 -1.459789e+12
-1.683982e+09 -1.251538e+09
-7.397881e+11 1.117785e+12
7.854234e+04 2.305471e+06
2.477263e+07 1.518895e+08
7.398722e+11 -1.117704e+12
9.408133e+05 -1.318188e+00
3.490394e+14 -1.794257e+14
-9.566774e+10 6.003885e+10
2.557452e+11 1.439992e+12
4.813416e+07 2.752513e+00
-3.932604e+08 3.774685e+08
-7.283606e+09 1.023131e+09
1.549032e+13 -5.563412e+12
-2.017173e+09 -5.032964e+08
-3.241186e+06 9.694648e+05
4.101776e+15 -5.860252e+15
2.174695e+06 4.127238e+06
-6.847048e+10 -1.986025e+10
-4.506350e+17 7.337177e+17
-6.934185e+08 4.271891e+08
2.009118e+13 -6.492423e+12
5.553026e+09 -3.616765e+09
-2.006367e+08 7.501104e+08
7.052215e+11 -6.952828e+11
1.788224e+08 3.349356e+08
2.735956e+10 4.203412e+10
-7.146125e+06 1.234670e+07
6.339392e+08 -6.824311e+08
-3.628099e+06 -1.735514e+07
3.665378e+06 1.732188e+07
-9.003277e+00 -1.801920e+07
-2.203965e+11 4.417775e+11
-1.080573e+08 3.289480e+07
-1.770679e+08 -1.407176e+08
-2.454908e+07 -4.006563e+07
7.283692e+00 1.619023e+07
3.440606e+09 6.620536e+09
-9.079416e+07 2.446414e+08
2.668727e+15 -1.263640e+16
1.527238e+07 -7.763422e+06
-4.296561e+06 -1.743284e+07
6.913686e+08 -4.269817e+08
-1.389256e+06 -4.460283e+06
-5.743590e+16 -2.136682e+17
-9.074337e+05 7.025587e+00
9.124523e+07 -7.351754e+06
-1.374182e+09 -1.320879e+08
-7.007556e+06 -1.131536e+06
-6.339882e+08 6.824184e+08
-6.028056e+06 -6.895463e+06
-1.328803e+08 1.489591e+08
-3.844535e+11 -7.477688e+10
-9.347341e+10 3.424729e+11
-1.896846e+00 9.566667e+05
-5.659651e+12 -1.787890e+11
1.708097e+08 -6.338438e+07
6.542999e+13 -1.133367e+14
7.277345e+00 -4.282648e+07
6.300194e+06 -7.809694e+06
-2.681026e+05 -2.272075e+06
5.264458e+08 -1.212859e+08
4.064833e+05 2.278583e+06
1.370200e+06 4.414852e+06
-1.012687e+11 1.136672e+10
-8.226150e+06 -2.322767e+05
-2.557077e+11 -1.439843e+12
1.696797e+10 3.416750e+10
-2.745279e+11 -6.155306e+11
-9.161958e+15 3.767949e+14
4.170253e+06 1.803042e+07
1.328310e+08 -1.489594e+08
1.476590e+06 1.630221e+07
9.346461e+10 -3.424588e+11
-3.311250e+08 -3.129266e+08
1.525959e+14 5.025465e+13
4.911042e+08 1.545619e+08
4.006766e+09 -6.969326e+08
9.083888e+07 -2.446266e+08
1.374118e+09 1.324272e+08
3.324269e+08 -2.812365e+08
2.127977e+09 2.113748e+09
-2.438467e+08 4.257315e+08
6.734143e+08 1.228809e+09
-7.641311e+06 -3.523066e+06
4.793084e+07 6.882964e+06
-6.543270e+13 1.133472e+14
-4.788954e+07 -6.674036e+06
-7.450630e+06 -1.209109e+07
9.162620e+15 -3.768612e+14
-4.571591e+07 1.056896e+06
2.381195e+11 -5.301992e+10
-1.514323e+12 1.459927e+12
-2.363138e+07 8.607427e+07
-2.381708e+11 5.302737e+10
3.311337e+08 3.129481e+08
2.666899e+07 4.112195e+07
-6.211189e+05 -1.763589e+07
1.086055e+01 3.235612e+06
2.592968e+06 -3.335400e+06
4.793037e+08 1.620597e+08
3.844461e+11 7.476729e+10
-3.777815e+06 5.907031e+06
2.602637e+09 1.730137e+09
2.937291e+12 -4.092906e+12
-5.259146e+08 1.222305e+08
2.846923e+08 1.301888e+07
-1.696719e+10 -3.416965e+10
1.194261e+21 -9.865848e+20
1.824229e+05 4.854718e+06
-9.924520e+00 2.712867e+06
2.503145e+07 -8.932867e+07
7.264568e+13 -5.054300e+13
2.981358e+00 1.070076e+06
7.343396e+08 -5.360592e+08
-3.285227e+06 -3.234383e+05
1.512885e+07 -1.004344e+06
1.087440e+08 -3.204026e+07
-3.324035e+08 1.868262e+08
9.975132e+06 8.453502e+05
-3.308051e+14 -6.304433e+14
-4.004735e+09 6.991188e+08
2.995080e+07 -1.147359e+08
9.426435e+09 8.059850e+09
-6.475287e+07 1.946481e+06
3.282525e+07 -9.147399e+07
-9.977992e+07 1.151370e+08
-2.668782e+15 1.263588e+16
8.972139e+07 4.292296e+07
1.834427e+09 5.463897e+09
2.203754e+11 -4.417405e+11
-7.264793e+13 5.054039e+13
-4.342743e+10 -1.420090e+10
3.098152e+10 7.724741e+08
-3.097960e+10 -7.724110e+08
1.002454e+08 -1.145717e+08
-4.706722e+07 1.700302e+08
5.743709e+16 2.136484e+17
-4.483147e+06 -1.131891e+07
-1.056571e+01 -3.798044e+06
-1.743737e+07 4.181446e+08
9.239528e+08 -5.449782e+07
2.536106e+06 -1.558198e+06
-2.540700e+06 1.569392e+06
-5.244562e+09 -2.512894e+09
6.470907e+07 -3.433142e+06
-7.071305e+00 2.429818e+07
-3.046168e+19 -6.414938e+19
3.572443e+07 -2.730889e+07
7.589341e+05 -6.684109e+00
-6.079509e+06 -1.112493e+07
-1.698719e+08 6.347121e+07
7.475584e+06 3.620507e+06
1.948729e+06 8.740552e-02
-5.879167e+08 -1.491371e+08
-2.331938e+06 -8.339924e+06
4.709497e+07 -1.701165e+08
-2.315447e+07 9.750370e+06
2.269513e+06 6.559126e+06
-2.736482e+10 -4.204265e+10
-1.194471e+21 9.867886e+20
1.486839e+05 3.101023e+00
-2.993845e+07 1.148067e+08
-3.590546e+13 -1.306860e+13
5.071514e+08 -4.897333e+10
1.893616e+00 -3.778757e+06
-9.422817e+06 -1.090999e+08
-8.743560e+09 -1.130248e+11
-1.834969e+09 -5.465325e+09
1.681765e+09 1.250894e+09
-1.218037e+08 -3.894458e+08
8.187047e+07 1.374654e+08
-6.740709e+08 -1.229877e+09
-2.008341e+06 -1.351691e+00
9.166975e+00 -2.721773e+06
-3.491079e+14 1.794572e+14
2.366418e+15 2.556362e+16
-7.946977e+06 5.555624e+00
3.325632e+09 1.901821e+09
-3.327404e+00 3.255861e+06
-9.280394e+08 4.603050e+07
-3.544751e+07 2.728943e+07
7.998680e+06 2.085848e+00
-2.189496e+08 1.872548e+08
-7.059131e+11 6.953294e+11
-2.246059e+05 -1.821916e+07
-2.536887e+13 9.161607e+14
-2.307278e+11 1.052614e+12
4.790186e+06 -1.281036e+07
5.029312e+07 7.651283e+06
-8.566500e+07 -1.455219e+08
2.743463e+07 -2.044170e+06
4.014157e+00 3.638809e+06
-4.475072e+07 -1.295434e+07
6.067382e+06 1.109207e+07
-5.238763e+09 1.541587e+09
-2.074576e+12 -2.286961e+12
5.582231e+07 -1.433205e+07
1.441844e+12 2.176220e+11
2.307996e+07 -9.871737e+06
3.700311e+08 9.602713e+08
-2.092983e+08 -2.218649e+08
-1.299901e+06 -7.165590e+05
-9.065297e+06 1.883258e+06
3.068573e+08 -4.009639e+07
-9.958240e+00 1.161641e+06
5.666947e+06 4.933992e+06
7.214638e+10 1.525314e+10
4.532769e+06 5.924606e+06
8.999571e+11 -1.682191e+11
-2.063359e+05 -4.968687e+04
-1.155805e+09 5.004783e+07
9.082511e+08 8.031134e+08
-1.297306e+15 1.169261e+15
-1.792619e+08 -3.345210e+08
-1.393086e+06 -1.323445e+06
4.474567e+07 1.304873e+07
5.551657e+09 2.299741e+10
-9.020937e+05 -2.613728e+00
-8.153173e-01 2.743979e+06
-2.009657e+13 6.497251e+12
-3.193149e+07 -1.935572e+07
-5.525186e+08 -1.560605e+08
2.781085e-01 1.205010e+07
1.834646e+10 -1.195105e+10
-1.526668e+14 -5.027178e+13
9.217236e+06 1.118485e+07
-4.562949e+06 1.267588e+07
-5.069226e+08 4.897326e+10
3.295689e+08 8.459378e+07
5.547814e+06 -1.025658e+06
3.211488e+06 -9.005039e+05
-4.588607e+07 2.019446e+07
-2.366442e+15 -2.556257e+16
-2.935184e+06 -9.762196e+00
4.626494e+11 -8.058485e+10
1.944487e+11 -1.392577e+09
-1.944768e+11 1.392656e+09
1.007511e+11 3.328058e+10
-1.549176e+13 5.564044e+12
5.662107e+12 1.788468e+11
6.848551e+10 1.986382e+10
-2.398080e+07 4.622975e+07
4.343749e+10 1.420065e+10
1.749529e+07 -4.186266e+08
6.251986e+06 -1.244153e+07
-3.681402e+09 -2.229433e+08
7.069113e+05 -5.490965e+00
5.698905e+09 1.095316e+09
-9.053340e+07 -4.309939e+07
6.698314e+06 -2.626021e+07
8.834816e+00 -1.184030e+07
-1.557630e+06 3.034950e+00
2.746216e+11 6.157530e+11
-9.061749e+07 7.313620e+07
-2.676880e+07 2.778117e+06
7.638450e+07 6.320007e+07
-1.345919e+07 5.844860e+07
-4.417690e+10 5.948884e+10
-7.107136e+08 1.211504e+08
2.126799e+06 3.151587e+00
2.508110e+08 -2.460475e+08
2.536991e+13 -9.161513e+14
-1.018346e+09 -1.724631e+09
-9.868867e+08 2.014100e+09
-9.196298e+07 7.724141e+06
1.297319e+15 -1.169237e+15
-1.425821e+07 2.634735e+06
3.681721e+09 2.220928e+08
3.046388e+19 6.416196e+19
-3.295973e+08 -8.475846e+07
-8.249849e+07 -1.364194e+08
-6.617852e+06 2.632877e+07
-9.860897e+06 -1.218323e+06
8.750909e+05 6.843605e+06
-4.900978e+09 6.371153e+10
2.439192e+08 -4.257645e+08
3.403923e+11 5.322849e+12
4.417781e+10 -5.948397e+10
2.008292e+08 -7.502079e+08
5.504113e+08 1.575830e+08
-3.709034e+08 -9.584508e+08
1.191149e+06 -6.225111e+00
9.312458e+06 -7.631406e+00
8.651001e+05 1.745259e+07
-9.075105e+08 -8.022970e+08
1.203954e+08 3.904000e+08
-7.708479e+07 -6.352079e+07
2.307131e+11 -1.052562e+12
-4.979699e+07 -7.739455e+06
7.341311e+06 1.329672e+06
1.997398e+10 1.387364e+10
2.907750e+00 -1.103082e+07
9.849790e+08 -2.013870e+09
1.155802e+09 -5.005415e+07
-6.943775e+06 7.062941e+06
-7.400762e+06 -4.020767e+06
-2.032192e+07 3.598985e+00
8.603725e+06 5.833699e+06
