1.407368e+06 3.723973e+00
5.590548e+06 -9.844329e+05
5.851662e+09 7.563149e+10
1.388490e+12 1.530763e+12
-1.048658e+12 -1.434134e+12
-3.815141e+09 -7.329085e+08
1.087280e+07 -3.892752e+07
-4.901974e+06 -4.024093e+06
-1.618395e+06 -1.068772e+07
-3.567989e+06 -6.334386e+00
5.167154e+05 -1.131468e+06
-2.399376e+07 6.386705e+07
3.280278e+09 -4.264476e+10
3.505641e+09 -1.031412e+09
-3.532606e+10 -7.650286e+09
3.509321e+09 1.681528e+09
-9.362155e+05 3.031852e+07
-4.710749e+06 -1.636346e+06
1.356320e+07 7.201342e+00
-1.680674e+08 1.643924e+08
-1.529371e+06 -3.067310e+06
-2.700754e+09 1.010027e+09
1.015942e+09 3.290543e+10
-4.828322e+10 -1.020798e+10
-3.704613e+07 7.248006e+07
-9.642967e+06 9.546644e+05
5.252262e+05 -9.876006e+04
6.140730e+07 -4.795163e+07
-1.539499e+13 -4.181458e+12
8.089143e-01 -2.502020e+06
3.017413e+07 -1.362637e+07
-9.224397e+07 1.805186e+07
-2.273771e+10 -6.835192e+09
-2.226661e+09 -1.273012e+09
-2.840684e+07 -4.044200e+06
6.404737e+10 -4.019575e+10
2.214784e+14 4.220922e+14
5.419433e+05 1.009450e+06
3.533616e+10 7.652386e+09
1.190128e+08 9.581578e+07
6.782671e+10 -7.612135e+09
1.493246e+06 3.062268e+06
-8.799193e+00 -1.441940e+06
-1.336999e+10 -9.288718e+09
1.014966e+07 7.360751e+07
1.495831e+06 -1.419113e+06
-1.965884e+12 2.739279e+12
9.373231e+05 -7.145986e+05
9.228685e+07 -1.813328e+07
-1.424758e+09 -1.415260e+09
4.763084e+08 -8.216935e+07
2.145075e+07 1.284146e+07
-6.737800e+00 -1.095628e+06
1.090031e+07 -1.225527e+06
2.403718e+13 8.749013e+12
2.699622e+09 -1.010673e+09
-3.097520e+11 5.394753e+10
3.939260e+08 9.992313e+07
2.836007e+06 7.373736e+06
-3.179805e+07 -9.573715e+07
-1.345055e+13 -1.806927e+13
-6.024457e+11 1.126204e+11
4.556545e+07 -9.129871e+07
1.415888e+08 1.572205e+08
-2.745330e+15 3.923211e+15
-2.533612e+08 8.292225e+07
1.519337e+07 -3.089114e+07
-9.652533e+11 -1.456843e+11
-6.307922e+09 -5.392818e+09
4.876626e+09 -6.848464e+08
3.554934e+06 9.528308e+00
-9.332924e+09 -1.038578e+10
1.539689e+13 4.181522e+12
1.349596e+09 3.359779e+08
7.917118e+04 -7.169611e+00
-6.743730e+10 -2.228226e+10
-2.275413e+11 -3.559443e+12
-2.272701e+09 -4.425745e+09
-2.518381e+06 2.603473e+06
-3.278747e+08 -1.033517e+08
-3.752711e+09 -1.537805e+10
1.345055e+13 1.806927e+13
-3.718100e+09 2.421654e+09
3.709900e+07 -7.253628e+07
-4.917142e+08 3.590518e+08
-1.907970e+08 -9.503067e+06
1.082894e+01 -1.224443e+07
1.048773e+12 1.434156e+12
-1.480551e+06 -8.580386e+00
-1.178262e+05 -1.053531e+01
-4.558630e+07 9.108298e+07
9.332758e+09 1.038674e+10
-1.741889e+09 -1.157966e+09
3.016826e+17 -4.912284e+17
2.274368e+10 6.837991e+09
-3.864382e+00 -2.447353e+06
6.809025e+08 1.155698e+09
1.810657e+06 -2.374245e+06
-6.645775e+04 -1.721340e+06
-1.228052e+10 7.999495e+09
-1.014785e+09 -3.291503e+10
1.013878e+12 -9.773778e+11
-1.127507e+09 -8.379560e+08
-4.952754e+11 7.483566e+11
5.267173e+04 1.543690e+06
1.658628e+07 1.016935e+08
4.952907e+11 -7.482412e+11
6.298374e+05 -1.766943e+00
2.336328e+14 -1.200978e+14
-6.404522e+10 4.019349e+10
1.711737e+11 9.638556e+11
3.223032e+07 4.718926e+00
-2.633091e+08 2.527331e+08
-4.876516e+09 6.850344e+08
1.036970e+13 -3.724397e+12
-1.349244e+09 -3.366492e+08
-2.169909e+06 6.489398e+05
2.746346e+15 -3.923998e+15
1.455537e+06 2.762259e+06
-4.584259e+10 -1.329718e+10
-3.017291e+17 4.912587e+17
-4.575829e+08 2.819135e+08
1.345117e+13 -4.347219e+12
3.717997e+09 -2.421410e+09
-1.343263e+08 5.021859e+08
4.721744e+11 -4.655344e+11
1.197233e+08 2.242508e+08
1.831703e+10 2.814198e+10
-4.782125e+06 8.262477e+06
4.244219e+08 -4.568990e+08
-2.429252e+06 -1.162080e+07
2.454296e+06 1.159829e+07
3.659834e+00 -1.206275e+07
-1.473494e+11 2.953508e+11
-7.233761e+07 2.202235e+07
-1.185408e+08 -9.420653e+07
-1.643485e+07 -2.682192e+07
-4.631972e+00 1.083783e+07
2.303472e+09 4.432493e+09
-6.078467e+07 1.637838e+08
1.786383e+15 -8.458419e+15
1.022509e+07 -5.197688e+06
-2.876219e+06 -1.166952e+07
4.562208e+08 -2.817555e+08
-9.301568e+05 -2.986178e+06
-3.842876e+16 -1.429616e+17
-6.074285e+05 3.407752e+00
6.108252e+07 -4.921330e+06
-9.200570e+08 -8.843178e+07
-4.690747e+06 -7.573944e+05
-4.244547e+08 4.568882e+08
-4.036099e+06 -4.616804e+06
-8.897068e+07 9.973642e+07
-2.574098e+11 -5.006717e+10
-6.258422e+10 2.292948e+11
-1.975940e+00 6.405747e+05
-3.789272e+12 -1.196985e+11
1.143437e+08 -4.243045e+07
4.379975e+13 -7.586957e+13
-3.445356e+00 -2.866344e+07
4.215792e+06 -5.226001e+06
-1.796550e+05 -1.521311e+06
3.523205e+08 -8.116688e+07
2.721874e+05 1.525701e+06
9.175481e+05 2.956004e+06
-6.780153e+10 7.610334e+09
-5.507770e+06 -1.554863e+05
-1.711522e+11 -9.637063e+11
1.135976e+10 2.287384e+10
-1.837972e+11 -4.121164e+11
-6.134365e+15 2.522861e+14
2.792050e+06 1.207124e+07
8.893772e+07 -9.973909e+07
9.887736e+05 1.091605e+07
6.257932e+10 -2.292913e+11
-2.216827e+08 -2.095014e+08
1.021442e+14 3.363879e+13
3.284988e+08 1.033819e+08
2.681960e+09 -4.664804e+08
6.081682e+07 -1.637772e+08
9.199714e+08 8.865760e+07
2.225271e+08 -1.882661e+08
1.424636e+09 1.415110e+09
-1.632104e+08 2.849441e+08
4.508549e+08 8.226825e+08
-5.115362e+06 -2.358362e+06
3.209171e+07 4.608245e+06
-4.380246e+13 7.587425e+13
-3.206384e+07 -4.468546e+06
-4.988018e+06 -8.095083e+06
6.134649e+15 -2.523251e+14
-3.060836e+07 7.073231e+05
1.594086e+11 -3.549462e+10
-1.013812e+12 9.774351e+11
-1.582051e+07 5.762636e+07
-1.594592e+11 3.550196e+10
2.216675e+08 2.095002e+08
1.785389e+07 2.753012e+07
-4.158444e+05 -1.180788e+07
5.675937e+00 2.166158e+06
1.735965e+06 -2.233045e+06
3.209083e+08 1.085051e+08
2.574022e+11 5.006025e+10
-2.529281e+06 3.954654e+06
1.742314e+09 1.158190e+09
1.965491e+12 -2.738856e+12
-3.519613e+08 8.179714e+07
1.905799e+08 8.714853e+06
-1.135918e+10 -2.287492e+10
7.995203e+20 -6.604910e+20
1.221209e+05 3.249654e+06
1.526362e-01 1.816078e+06
1.675810e+07 -5.980479e+07
4.863276e+13 -3.383608e+13
-4.871586e+00 7.163143e+05
4.915845e+08 -3.588544e+08
-2.199006e+06 -2.163320e+05
1.012882e+07 -6.724204e+05
7.279470e+07 -2.144821e+07
-2.225034e+08 1.250604e+08
6.678802e+06 5.660096e+05
-2.214715e+14 -4.220662e+14
-2.680503e+09 4.679485e+08
2.005227e+07 -7.681676e+07
6.308840e+09 5.394223e+09
-4.335425e+07 1.303076e+06
2.197893e+07 -6.124857e+07
-6.679191e+07 7.707194e+07
-1.786576e+15 8.458550e+15
6.007202e+07 2.873898e+07
1.228230e+09 3.658434e+09
1.473604e+11 -2.953735e+11
-4.864177e+13 3.383817e+13
-2.907703e+10 -9.508132e+09
2.074307e+10 5.171976e+08
-2.074178e+10 -5.171448e+08
6.710521e+07 -7.669285e+07
-3.151308e+07 1.138380e+08
3.843232e+16 1.429506e+17
-3.001105e+06 -7.577207e+06
3.219604e+00 -2.542402e+06
-1.167104e+07 2.798518e+08
6.183332e+08 -3.647177e+07
1.697888e+06 -1.043087e+06
-1.700908e+06 1.050652e+06
-3.510621e+09 -1.682132e+09
4.332082e+07 -2.298298e+06
-2.540407e-01 1.626824e+07
-2.039386e+19 -4.294556e+19
2.391509e+07 -1.828169e+07
5.080449e+05 -6.039406e+00
-4.069934e+06 -7.447607e+06
-1.137240e+08 4.249102e+07
5.004779e+06 2.423798e+06
1.304669e+06 1.680338e+00
-3.936238e+08 -9.984809e+07
-1.561156e+06 -5.583594e+06
3.153266e+07 -1.138974e+08
-1.550112e+07 6.527407e+06
1.519350e+06 4.391384e+06
-1.831922e+10 -2.814536e+10
-7.996683e+20 6.606540e+20
9.954889e+04 -2.070783e+00
-2.004270e+07 7.685819e+07
-2.403829e+13 -8.748879e+12
3.395407e+08 -3.278859e+10
3.329638e+00 -2.529919e+06
-6.308794e+06 -7.304634e+07
-5.854253e+09 -7.567772e+10
-1.228567e+09 -3.659161e+09
1.125992e+09 8.375115e+08
-8.153795e+07 -2.607044e+08
5.481245e+07 9.203385e+07
-4.513059e+08 -8.234180e+08
-1.344569e+06 -8.043510e+00
-9.230366e+00 -1.822039e+06
-2.336797e+14 1.201182e+14
1.584394e+15 1.711612e+16
-5.320292e+06 2.376215e+00
2.226519e+09 1.273307e+09
-4.250957e+00 2.179761e+06
-6.210934e+08 3.080625e+07
-2.372957e+07 1.826922e+07
5.354746e+06 -5.247111e+00
-1.465707e+08 1.253482e+08
-4.726126e+11 4.655268e+11
-1.504018e+05 -1.219833e+07
-1.698295e+13 6.133308e+14
-1.544665e+11 7.047023e+11
3.207033e+06 -8.576406e+06
3.367072e+07 5.122476e+06
-5.734407e+07 -9.741225e+07
1.836515e+07 -1.368299e+06
9.473273e+00 2.436068e+06
-2.995943e+07 -8.672197e+06
4.061415e+06 7.425220e+06
-3.506987e+09 1.031954e+09
-1.388919e+12 -1.531117e+12
3.737149e+07 -9.595057e+06
9.654016e+11 1.457043e+11
1.545143e+07 -6.609298e+06
2.477379e+08 6.429038e+08
-1.399453e+08 -1.483478e+08
-8.703743e+05 -4.799116e+05
-6.069617e+06 1.261069e+06
2.054294e+08 -2.684263e+07
-6.804934e+00 7.780418e+05
3.794334e+06 3.303622e+06
4.830662e+10 1.021290e+10
3.034976e+06 3.966932e+06
6.025296e+11 -1.126237e+11
-1.382803e+05 -3.338821e+04
-7.738461e+08 3.350812e+07
6.080949e+08 5.377139e+08
-8.685719e+14 7.828313e+14
-1.200200e+08 -2.239696e+08
-9.327311e+05 -8.860245e+05
2.995642e+07 8.736057e+06
3.716753e+09 1.539635e+10
-6.039218e+05 -2.763680e+00
5.980786e+00 1.837277e+06
-1.345511e+13 4.350035e+12
-2.137801e+07 -1.295841e+07
-3.699048e+08 -1.044802e+08
-6.914018e+00 8.067082e+06
1.228136e+10 -8.000230e+09
-1.021789e+14 -3.364710e+13
6.170770e+06 7.488216e+06
-3.054895e+06 8.486782e+06
-3.394363e+08 3.279090e+10
2.206753e+08 5.664174e+07
3.713802e+06 -6.863001e+05
2.149991e+06 -6.027431e+05
-3.072036e+07 1.352000e+07
-1.584418e+15 -1.711559e+16
-1.965018e+06 4.052582e+00
3.097511e+11 -5.395477e+10
1.301719e+11 -9.323337e+08
-1.302020e+11 9.323676e+08
6.745615e+10 2.228210e+10
-1.037114e+13 3.724915e+12
3.790967e+12 1.197432e+11
4.585167e+10 1.329921e+10
-1.605488e+07 3.095070e+07
2.908016e+10 9.506737e+09
1.170866e+07 -2.801715e+08
4.184020e+06 -8.326004e+06
-2.464644e+09 -1.492627e+08
4.734100e+05 8.849755e+00
3.815003e+09 7.332385e+08
-6.061171e+07 -2.885455e+07
4.484704e+06 -1.758283e+07
-4.107152e+00 -7.927416e+06
-1.042908e+06 3.420881e+00
1.838654e+11 4.122626e+11
-6.066283e+07 4.896017e+07
-1.791980e+07 1.859851e+06
5.112841e+07 4.230335e+07
-9.010776e+06 3.912929e+07
-2.957426e+10 3.982505e+10
-4.757026e+08 8.109307e+07
1.423488e+06 -1.973686e+00
1.679168e+08 -1.647276e+08
1.698452e+13 -6.133308e+14
-6.817541e+08 -1.154610e+09
-6.602006e+08 1.347371e+09
-6.156825e+07 5.171307e+06
8.685987e+14 -7.828313e+14
-9.545857e+06 1.764002e+06
2.465085e+09 1.487032e+08
2.039575e+19 4.295615e+19
-2.206909e+08 -5.675080e+07
-5.523400e+07 -9.133444e+07
-4.430961e+06 1.762890e+07
-6.602700e+06 -8.156206e+05
5.858572e+05 4.582119e+06
-3.281467e+09 4.265872e+10
1.632553e+08 -2.849586e+08
2.278231e+11 3.562633e+12
2.957700e+10 -3.982570e+10
1.344613e+08 -5.022868e+08
3.685188e+08 1.055076e+08
-2.483321e+08 -6.417266e+08
7.974246e+05 6.442242e+00
6.235425e+06 -8.959402e+00
5.792107e+05 1.168509e+07
-6.076398e+08 -5.371783e+08
8.059847e+07 2.613525e+08
-5.160021e+07 -4.251945e+07
1.544686e+11 -7.046930e+11
-3.334012e+07 -5.181819e+06
4.914339e+06 8.900437e+05
1.337188e+10 9.288777e+09
4.945250e+00 -7.375687e+06
6.588938e+08 -1.347225e+09
7.738600e+08 -3.351350e+07
-4.646909e+06 4.726772e+06
-4.955557e+06 -2.692138e+06
-1.360644e+07 5.974970e+00
5.760663e+06 3.906423e+06
