1.154169e+06 7.753280e-01
4.584168e+06 -8.071228e+05
4.798390e+09 6.201682e+10
1.138543e+12 1.255230e+12
-8.599176e+11 -1.175980e+12
-3.128023e+09 -6.009118e+08
8.914875e+06 -3.192134e+07
-4.019839e+06 -3.299888e+06
-1.327123e+06 -8.763940e+06
-2.925591e+06 -3.617064e+00
4.237832e+05 -9.280130e+05
-1.967567e+07 5.237280e+07
2.689949e+09 -3.497039e+10
2.874438e+09 -8.457023e+08
-2.896764e+10 -6.273327e+09
2.877251e+09 1.378698e+09
-7.676417e+05 2.485469e+07
-3.862963e+06 -1.341806e+06
1.112107e+07 -1.049108e+01
-1.378028e+08 1.347922e+08
-1.254023e+06 -2.514904e+06
-2.214468e+09 8.281815e+08
8.330187e+08 2.698151e+10
-3.958929e+10 -8.370194e+09
-3.037453e+07 5.943077e+07
-7.907082e+06 7.827463e+05
4.305384e+05 -8.099859e+04
5.034389e+07 -3.931345e+07
-1.262359e+13 -3.428790e+12
9.946549e+00 -2.051284e+06
2.474281e+07 -1.117262e+07
-7.563663e+07 1.480108e+07
-1.864319e+10 -5.604170e+09
-1.825654e+09 -1.043758e+09
-2.329163e+07 -3.315937e+06
5.251420e+10 -3.295771e+10
1.816157e+14 3.461299e+14
4.446773e+05 8.277151e+05
2.897660e+10 6.274980e+09
9.758246e+07 7.856423e+07
5.561696e+10 -6.241611e+09
1.224413e+06 2.511018e+06
5.435596e+00 -1.182542e+06
-1.096250e+10 -7.616233e+09
8.322428e+06 6.035741e+07
1.226475e+06 -1.163537e+06
-1.611418e+12 2.245397e+12
7.684976e+05 -5.858503e+05
7.567415e+07 -1.486881e+07
-1.168172e+09 -1.160379e+09
3.904833e+08 -6.736332e+07
1.758719e+07 1.052843e+07
2.792459e+00 -8.983450e+05
8.936876e+06 -1.004782e+06
1.970867e+13 7.173543e+12
2.213546e+09 -8.287231e+08
-2.539827e+11 4.423516e+10
3.230023e+08 8.193066e+07
2.325222e+06 6.045876e+06
-2.607521e+07 -7.850680e+07
-1.102878e+13 -1.481595e+13
-4.939964e+11 9.234508e+10
3.736369e+07 -7.486456e+07
1.159927e+08 1.287994e+08
-2.251299e+15 3.216985e+15
-2.077502e+08 6.799422e+07
1.245810e+07 -2.532889e+07
-7.914872e+11 -1.194602e+11
-5.170822e+09 -4.420823e+09
3.998710e+09 -5.615413e+08
2.914552e+06 9.235009e+00
-7.652407e+09 -8.515757e+09
1.262478e+13 3.428790e+12
1.105923e+09 2.753170e+08
6.487268e+04 -7.803749e+00
-5.529501e+10 -1.827002e+10
-1.865384e+11 -2.917885e+12
-1.863452e+09 -3.628575e+09
-2.064855e+06 2.134613e+06
-2.686508e+08 -8.468382e+07
-3.076855e+09 -1.260829e+10
1.102774e+13 1.481484e+13
-3.048661e+09 1.985584e+09
3.041922e+07 -5.947619e+07
-4.031287e+08 2.943703e+08
-1.564229e+08 -7.790802e+06
4.743440e+00 -1.003936e+07
8.599513e+11 1.175913e+12
-1.213807e+06 9.348790e+00
-9.652681e+04 5.248221e+00
-3.737716e+07 7.468248e+07
7.652533e+09 8.516879e+09
-1.428167e+09 -9.493968e+08
2.473684e+17 -4.027826e+17
1.864804e+10 5.606619e+09
4.118605e-02 -2.006446e+06
5.582567e+08 9.475258e+08
1.484551e+06 -1.946624e+06
-5.437897e+04 -1.411332e+06
-1.006879e+10 6.558762e+09
-8.321115e+08 -2.698908e+10
8.313571e+11 -8.014254e+11
-9.244911e+08 -6.871103e+08
-4.061103e+11 6.136047e+11
4.325734e+04 1.265933e+06
1.360100e+07 8.338704e+07
4.061026e+11 -6.135008e+11
5.164126e+05 -5.676150e+00
1.915330e+14 -9.845727e+13
-5.251091e+10 3.295491e+10
1.403260e+11 7.901617e+11
2.642856e+07 8.022652e+00
-2.159083e+08 2.072311e+08
-3.998682e+09 5.617415e+08
8.502376e+12 -3.053763e+12
-1.105643e+09 -2.758699e+08
-1.778985e+06 5.320074e+05
2.251935e+15 -3.217530e+15
1.193076e+06 2.264217e+06
-3.758920e+10 -1.090339e+10
-2.474196e+17 4.028357e+17
-3.715882e+08 2.289280e+08
1.102940e+13 -3.564675e+12
3.048806e+09 -1.985598e+09
-1.101495e+08 4.117978e+08
3.871957e+11 -3.817533e+11
9.816982e+07 1.838832e+08
1.501964e+10 2.307542e+10
-3.920182e+06 6.772726e+06
3.479975e+08 -3.746207e+08
-1.991745e+06 -9.528584e+06
2.012333e+06 9.509841e+06
-2.507036e-01 -9.889397e+06
-1.207061e+11 2.419463e+11
-5.930751e+07 1.805567e+07
-9.719149e+07 -7.723982e+07
-1.347520e+07 -2.199175e+07
3.807909e+00 8.885665e+06
1.888735e+09 3.634591e+09
-4.984117e+07 1.342919e+08
1.464518e+15 -6.934586e+15
8.384159e+06 -4.261866e+06
-2.358280e+06 -9.568070e+06
3.704728e+08 -2.287887e+08
-7.625460e+05 -2.448389e+06
-3.149548e+16 -1.171700e+17
-4.978578e+05 9.541677e+00
5.008098e+07 -4.034818e+06
-7.544290e+08 -7.250843e+07
-3.845531e+06 -6.208629e+05
-3.480267e+08 3.746247e+08
-3.309354e+06 -3.785435e+06
-7.295193e+07 8.178083e+07
-2.110620e+11 -4.105290e+10
-5.131599e+10 1.880090e+11
1.082155e+01 5.252011e+05
-3.107109e+12 -9.814564e+10
9.374848e+07 -3.478755e+07
3.591007e+13 -6.220483e+13
1.886953e-01 -2.349712e+07
3.455460e+06 -4.283272e+06
-1.472820e+05 -1.247372e+06
2.888092e+08 -6.653500e+07
2.230542e+05 1.250821e+06
7.522967e+05 2.423713e+06
-5.559389e+10 6.239913e+09
-4.515886e+06 -1.274333e+05
-1.403072e+11 -7.900274e+11
9.314196e+09 1.875490e+10
-1.507066e+11 -3.379177e+11
-5.029811e+15 2.068623e+14
2.288975e+06 9.897028e+06
7.292447e+07 -8.178057e+07
8.105585e+05 8.950926e+06
5.131496e+10 -1.880160e+11
-1.817590e+08 -1.717629e+08
8.373496e+13 2.757627e+13
2.691734e+08 8.471150e+07
2.198662e+09 -3.824177e+08
4.986554e+07 -1.342899e+08
7.543330e+08 7.269520e+07
1.824490e+08 -1.543537e+08
1.168104e+09 1.160286e+09
-1.337978e+08 2.335927e+08
3.696783e+08 6.745549e+08
-4.194083e+06 -1.933491e+06
2.631370e+07 3.778366e+06
-3.591209e+13 6.220834e+13
-2.629023e+07 -3.663892e+06
-4.089648e+06 -6.637243e+06
5.030095e+15 -2.068896e+14
-2.509733e+07 5.797922e+05
1.307103e+11 -2.910536e+10
-8.312924e+11 8.014654e+11
-1.297198e+07 4.725056e+07
-1.307532e+11 2.911156e+10
1.817558e+08 1.717816e+08
1.463972e+07 2.257309e+07
-3.409604e+05 -9.681829e+06
-3.889261e-01 1.776051e+06
1.423302e+06 -1.831070e+06
2.631413e+08 8.897299e+07
2.110623e+11 4.104843e+10
-2.073972e+06 3.242732e+06
1.428690e+09 9.497072e+08
1.611237e+12 -2.245228e+12
-2.885307e+08 6.705321e+07
1.562597e+08 7.145441e+06
-9.314326e+09 -1.875668e+10
6.555746e+20 -5.415743e+20
1.001691e+05 2.664403e+06
2.220959e+00 1.488920e+06
1.374017e+07 -4.903487e+07
3.987324e+13 -2.774100e+13
7.319633e+00 5.872563e+05
4.030266e+08 -2.942114e+08
-1.802746e+06 -1.772740e+05
8.304847e+06 -5.512079e+05
5.968295e+07 -1.758538e+07
-1.824186e+08 1.025307e+08
5.475717e+06 4.638654e+05
-1.815884e+14 -3.460648e+14
-2.197460e+09 3.836206e+08
1.644035e+07 -6.298060e+07
5.171538e+09 4.421777e+09
-3.554691e+07 1.068385e+06
1.802192e+07 -5.022184e+07
-5.475776e+07 6.318562e+07
-1.464711e+15 6.934847e+15
4.925537e+07 2.356436e+07
1.007077e+09 2.999794e+09
1.207218e+11 -2.419736e+11
-3.988299e+13 2.774518e+13
-2.384094e+10 -7.796017e+09
1.700757e+10 4.240491e+08
-1.700597e+10 -4.240001e+08
5.501139e+07 -6.287293e+07
-2.583850e+07 9.334095e+07
3.149845e+16 1.171589e+17
-2.460327e+06 -6.212113e+06
8.554949e+00 -2.084257e+06
-9.567136e+06 2.293991e+08
5.068481e+08 -2.989526e+07
1.391955e+06 -8.551237e+05
-1.394560e+06 8.614268e+05
-2.878127e+09 -1.379058e+09
3.551872e+07 -1.884171e+06
9.555118e+00 1.333882e+07
-1.672097e+19 -3.521141e+19
1.960807e+07 -1.498960e+07
4.164311e+05 1.080870e+01
-3.337081e+06 -6.106622e+06
-9.324656e+07 3.484022e+07
4.103652e+06 1.987394e+06
1.069893e+06 1.088768e+01
-3.227671e+08 -8.187505e+07
-1.280083e+06 -4.578580e+06
2.585674e+07 -9.339274e+07
-1.270995e+07 5.351977e+06
1.245755e+06 3.600698e+06
-1.502015e+10 -2.307621e+10
-6.556609e+20 5.416864e+20
8.167990e+04 -4.832532e+00
-1.643362e+07 6.301744e+07
-1.970978e+13 -7.173679e+12
2.784125e+08 -2.688558e+10
-1.192480e+00 -2.074390e+06
-5.172951e+06 -5.989588e+07
-4.800437e+09 -6.205263e+10
-1.007349e+09 -3.000306e+09
9.232503e+08 6.867335e+08
-6.685082e+07 -2.137418e+08
4.494291e+07 7.546123e+07
-3.700479e+08 -6.751415e+08
-1.102408e+06 6.201718e+00
-3.455785e+00 -1.493974e+06
-1.915799e+14 9.847580e+13
1.299171e+15 1.403476e+16
-4.362078e+06 -4.215144e+00
1.825584e+09 1.044030e+09
1.009455e+01 1.787235e+06
-5.091253e+08 2.525304e+07
-1.945516e+07 1.497898e+07
4.390384e+06 9.393663e+00
-1.201722e+08 1.027701e+08
-3.875250e+11 3.817220e+11
-1.231835e+05 -1.000197e+07
-1.392450e+13 5.028815e+14
-1.266543e+11 5.778096e+11
2.629523e+06 -7.031975e+06
2.760835e+07 4.200045e+06
-4.701597e+07 -7.986811e+07
1.505772e+07 -1.121890e+06
-3.303262e+00 1.997405e+06
-2.456483e+07 -7.110630e+06
3.329874e+06 6.087891e+06
-2.875548e+09 8.461634e+08
-1.138950e+12 -1.255514e+12
3.064379e+07 -7.868189e+06
7.916356e+11 1.194758e+11
1.266899e+07 -5.419120e+06
2.031280e+08 5.271252e+08
-1.146446e+08 -1.215311e+08
-7.135796e+05 -3.934602e+05
-4.976746e+06 1.033970e+06
1.684280e+08 -2.200759e+07
-6.341310e+00 6.379042e+05
3.110953e+06 2.708688e+06
3.960905e+10 8.374049e+09
2.488509e+06 3.252780e+06
4.940431e+11 -9.234355e+10
-1.132718e+05 -2.726610e+04
-6.345103e+08 2.747420e+07
4.986036e+08 4.408981e+08
-7.121729e+14 6.418734e+14
-9.840954e+07 -1.836412e+08
-7.646636e+05 -7.263781e+05
2.456286e+07 7.162787e+06
3.047493e+09 1.262348e+10
-4.949670e+05 -1.393595e+00
9.421112e-01 1.506232e+06
-1.103210e+13 3.566620e+12
-1.752749e+07 -1.062443e+07
-3.032818e+08 -8.566362e+07
-3.141019e-01 6.614158e+06
1.006935e+10 -6.559317e+09
-8.376492e+13 -2.758354e+13
5.059380e+06 6.139382e+06
-2.504529e+06 6.958272e+06
-2.783218e+08 2.688734e+10
1.809469e+08 4.644423e+07
3.044566e+06 -5.624164e+05
1.762650e+06 -4.940229e+05
-2.518912e+07 1.108541e+07
-1.299171e+15 -1.403449e+16
-1.610931e+06 -5.651573e+00
2.540059e+11 -4.424093e+10
1.067224e+11 -7.644025e+08
-1.067505e+11 7.644447e+08
5.530986e+10 1.827010e+10
-8.503335e+12 3.053936e+12
3.108454e+12 9.818469e+10
3.759605e+10 1.090465e+10
-1.316385e+07 2.537798e+07
2.384443e+10 7.795328e+09
9.598922e+06 -2.296847e+08
3.429974e+06 -6.825262e+06
-2.020974e+09 -1.223970e+08
3.882294e+05 -6.594560e+00
3.128166e+09 6.012274e+08
-4.970063e+07 -2.366059e+07
3.677543e+06 -1.441835e+07
9.699679e+00 -6.500087e+06
-8.550420e+05 3.181683e+00
1.507605e+11 3.380384e+11
-4.973765e+07 4.014257e+07
-1.469221e+07 1.524929e+06
4.191708e+07 3.468126e+07
-7.388162e+06 3.208407e+07
-2.424986e+10 3.265527e+10
-3.900160e+08 6.648730e+07
1.167049e+06 -1.114106e+01
1.376858e+08 -1.350717e+08
1.392659e+13 -5.029004e+14
-5.590033e+08 -9.467059e+08
-5.410372e+08 1.104173e+09
-5.048094e+07 4.239925e+06
7.122131e+14 -6.418855e+14
-7.826331e+06 1.446114e+06
2.021214e+09 1.219271e+08
1.672255e+19 3.522068e+19
-1.809605e+08 -4.653423e+07
-4.528871e+07 -7.488940e+07
-3.633311e+06 1.445500e+07
-5.413547e+06 -6.686085e+05
4.802769e+05 3.757131e+06
-2.690669e+09 3.497972e+10
1.338350e+08 -2.336178e+08
1.867603e+11 2.920525e+12
2.425077e+10 -3.265468e+10
1.102499e+08 -4.118515e+08
3.021597e+08 8.650916e+07
-2.036153e+08 -5.262103e+08
6.539028e+05 2.950649e+00
5.112956e+06 5.619245e+00
4.748374e+05 9.580937e+06
-4.982263e+08 -4.404591e+08
6.607873e+07 2.142700e+08
-4.230256e+07 -3.485854e+07
1.266541e+11 -5.778000e+11
-2.733707e+07 -4.248795e+06
4.029034e+06 7.295828e+05
1.096377e+10 7.615929e+09
5.453768e+00 -6.042166e+06
5.399468e+08 -1.104043e+09
6.345216e+08 -2.747881e+07
-3.808656e+06 3.874049e+06
-4.062952e+06 -2.207202e+06
-1.115623e+07 -7.274492e+00
4.723066e+06 3.202820e+06
