3.162800e+05 -9.383388e+00
1.258257e+06 -2.216609e+05
1.317538e+09 1.703088e+10
3.125462e+11 3.445632e+11
-2.361963e+11 -3.229799e+11
-8.579403e+08 -1.647785e+08
2.446083e+06 -8.759393e+06
-1.103007e+06 -9.056657e+05
-3.644640e+05 -2.406318e+06
-8.025872e+05 -4.551189e+00
1.165743e+05 -2.550151e+05
-5.403121e+06 1.437982e+07
7.386583e+08 -9.603982e+09
7.883827e+08 -2.319380e+08
-7.950202e+09 -1.721347e+09
7.880289e+08 3.776295e+08
-2.100238e+05 6.800776e+06
-1.060764e+06 -3.684518e+05
3.051880e+06 -9.836185e+00
-3.780215e+07 3.697818e+07
-3.441416e+05 -6.903450e+05
-6.079519e+08 2.273460e+08
2.286029e+08 7.402618e+09
-1.086499e+10 -2.297237e+09
-8.336915e+06 1.631561e+07
-2.171379e+06 2.149442e+05
1.180924e+05 -2.228174e+04
1.379917e+07 -1.078420e+07
-3.468223e+12 -9.419952e+11
-7.446146e+00 -5.629919e+05
6.793446e+06 -3.067593e+06
-2.077293e+07 4.064948e+06
-5.117450e+09 -1.538540e+09
-5.009154e+08 -2.863909e+08
-6.393004e+06 -9.100213e+05
1.440584e+10 -9.042122e+09
4.985731e+13 9.501631e+13
1.225392e+05 2.265049e+05
7.952992e+09 1.722259e+09
2.677060e+07 2.155242e+07
1.526506e+10 -1.713185e+09
3.360066e+05 6.892167e+05
-3.560203e+00 -3.249975e+05
-3.007247e+09 -2.089281e+09
2.284852e+06 1.657257e+07
3.362680e+05 -3.190866e+05
-4.403884e+11 6.136080e+11
2.106559e+05 -1.605728e+05
2.077947e+07 -4.082892e+06
-3.205006e+08 -3.183224e+08
1.069651e+08 -1.845195e+07
4.825895e+06 2.888850e+06
-8.787580e+00 -2.466230e+05
2.450283e+06 -2.754708e+05
5.408320e+12 1.968393e+12
6.076677e+08 -2.275030e+08
-6.972476e+10 1.214483e+10
8.864549e+07 2.248597e+07
6.376002e+05 1.658041e+06
-7.159799e+06 -2.155581e+07
-3.025807e+12 -4.065189e+12
-1.355895e+11 2.534670e+10
1.026376e+07 -2.056319e+07
3.142349e+07 3.488917e+07
-6.181100e+14 8.833881e+14
-5.703528e+07 1.866696e+07
3.418592e+06 -6.951174e+06
-2.173714e+11 -3.280530e+10
-1.413776e+09 -1.208518e+09
1.098391e+09 -1.542343e+08
7.993143e+05 1.106754e+01
-2.102300e+09 -2.339571e+09
3.467036e+12 9.418662e+11
3.009133e+08 7.491555e+07
1.787079e+04 4.264078e+00
-1.518437e+10 -5.016593e+09
-5.105055e+10 -7.984561e+11
-5.114822e+08 -9.960179e+08
-5.669507e+05 5.860968e+05
-7.303916e+07 -2.302572e+07
-8.445599e+08 -3.460476e+09
3.026222e+12 4.064911e+12
-8.369998e+08 5.451251e+08
8.349933e+06 -1.632569e+07
-1.105781e+08 8.074518e+07
-4.288806e+07 -2.136390e+06
-2.149035e+00 -2.755982e+06
2.361805e+11 3.229797e+11
-3.330986e+05 7.418798e+00
-2.650688e+04 -8.905119e+00
-1.026761e+07 2.051316e+07
2.101864e+09 2.339251e+09
-3.917624e+08 -2.604660e+08
6.793698e+16 -1.106198e+17
5.118230e+09 1.538925e+09
-8.637652e+00 -5.505003e+05
1.530837e+08 2.598313e+08
4.076003e+05 -5.344672e+05
-1.495887e+04 -3.872173e+05
-2.760346e+09 1.798356e+09
-2.283894e+08 -7.407176e+09
2.282561e+11 -2.200272e+11
-2.536911e+08 -1.885605e+08
-1.113991e+11 1.683217e+11
1.181592e+04 3.473813e+05
3.733998e+06 2.289526e+07
1.114144e+11 -1.683332e+11
1.418573e+05 -4.808614e+00
5.247688e+13 -2.697279e+13
-1.440800e+10 9.042032e+09
3.841100e+10 2.162804e+11
7.259305e+06 -5.623672e+00
-5.929859e+07 5.692117e+07
-1.098384e+09 1.543142e+08
2.331875e+12 -8.375455e+11
-3.007443e+08 -7.506685e+07
-4.878847e+05 1.459047e+05
6.184912e+14 -8.836907e+14
3.261650e+05 6.189538e+05
-1.031851e+10 -2.993208e+09
-6.795093e+16 1.106273e+17
-8.737275e+07 5.382992e+07
3.026954e+12 -9.783306e+11
8.370339e+08 -5.451665e+08
-3.022118e+07 1.129852e+08
1.062999e+11 -1.048018e+11
2.693955e+07 5.046376e+07
4.119898e+09 6.329407e+09
-1.071347e+06 1.850952e+06
9.548611e+07 -1.027982e+08
-5.469722e+05 -2.617036e+06
5.527336e+05 2.612255e+06
7.384812e+00 -2.711082e+06
-3.268396e+10 6.551255e+10
-1.626392e+07 4.951766e+06
-2.665952e+07 -2.118679e+07
-3.697264e+06 -6.034446e+06
-5.494567e+00 2.436279e+06
5.184038e+08 9.976852e+08
-1.368086e+07 3.685969e+07
4.012009e+14 -1.899604e+15
2.301732e+06 -1.169844e+06
-6.465633e+05 -2.623610e+06
8.711424e+07 -5.380139e+07
-2.093316e+05 -6.723169e+05
-8.593563e+15 -3.197171e+16
-1.366163e+05 -9.724858e+00
1.373374e+07 -1.106206e+06
-2.070240e+08 -1.989640e+07
-1.053438e+06 -1.700335e+05
-9.552984e+07 1.028328e+08
-9.084638e+05 -1.039318e+06
-2.003282e+07 2.245895e+07
-5.796256e+10 -1.127324e+10
-1.409011e+10 5.162944e+10
5.035798e+00 1.441925e+05
-8.531852e+11 -2.695128e+10
2.570931e+07 -9.541170e+06
9.848761e+12 -1.706073e+13
-2.506897e+00 -6.431130e+06
9.436047e+05 -1.169786e+06
-4.057748e+04 -3.426413e+05
7.897841e+07 -1.819267e+07
6.128141e+04 3.434727e+05
2.066320e+05 6.659011e+05
-1.526295e+10 1.713085e+09
-1.240096e+06 -3.507415e+04
-3.840563e+10 -2.162357e+11
2.556165e+09 5.147532e+09
-4.138811e+10 -9.279611e+10
-1.381261e+15 5.681281e+13
6.278341e+05 2.714384e+06
2.002449e+07 -2.246060e+07
2.226742e+05 2.457939e+06
1.409009e+10 -5.162236e+10
-4.985140e+07 -4.710737e+07
2.292367e+13 7.549594e+12
7.318605e+07 2.303073e+07
6.021150e+08 -1.047217e+08
1.368801e+07 -3.686207e+07
2.070442e+08 1.995246e+07
5.001600e+07 -4.231110e+07
3.204336e+08 3.183008e+08
-3.660824e+07 6.390974e+07
1.014375e+08 1.851021e+08
-1.149891e+06 -5.300651e+05
7.224995e+06 1.037554e+06
-9.846058e+12 1.705722e+13
-7.219488e+06 -1.006038e+06
-1.122055e+06 -1.821373e+06
1.380977e+15 -5.680116e+13
-6.892763e+06 1.592242e+05
3.588342e+10 -7.990682e+09
-2.282243e+11 2.200601e+11
-3.561589e+06 1.297146e+07
-3.589603e+10 7.992376e+09
4.985297e+07 4.711684e+07
4.017187e+06 6.194308e+06
-9.358830e+04 -2.657522e+06
7.251847e+00 4.873894e+05
3.906759e+05 -5.025051e+05
7.225222e+07 2.442985e+07
5.795470e+10 1.127153e+10
-5.692244e+05 8.899202e+05
3.918890e+08 2.605008e+08
4.402066e+11 -6.133965e+11
-7.887802e+07 1.833183e+07
4.283639e+07 1.958323e+06
-2.555627e+09 -5.146125e+09
1.798951e+20 -1.486153e+20
2.758030e+04 7.308660e+05
-6.172385e+00 4.086407e+05
3.772516e+06 -1.346228e+07
1.093890e+13 -7.610756e+12
1.232294e+00 1.612588e+05
1.105286e+08 -8.069702e+07
-4.944535e+05 -4.861692e+04
2.280044e+06 -1.513707e+05
1.636485e+07 -4.821982e+06
-5.000109e+07 2.810823e+07
1.503322e+06 1.273192e+05
-4.985048e+13 -9.499678e+13
-6.017971e+08 1.050611e+08
4.510650e+06 -1.727930e+07
1.413882e+09 1.208915e+09
-9.752512e+06 2.930997e+05
4.949241e+06 -1.379095e+07
-1.500326e+07 1.731122e+07
-4.013111e+14 1.899996e+15
1.351827e+07 6.467130e+06
2.764086e+08 8.233424e+08
3.269529e+10 -6.553538e+10
-1.094490e+13 7.613888e+12
-6.542882e+09 -2.139704e+09
4.667046e+09 1.163596e+08
-4.666726e+09 -1.163470e+08
1.507245e+07 -1.722855e+07
-7.095417e+06 2.563382e+07
8.596532e+15 3.197392e+16
-6.747158e+05 -1.703612e+06
7.706782e+00 -5.714008e+05
-2.617567e+06 6.276094e+07
1.385829e+08 -8.173642e+06
3.821401e+05 -2.348106e+05
-3.828853e+05 2.366042e+05
-7.885585e+08 -3.778504e+08
9.745002e+06 -5.170469e+05
-4.878340e+00 3.661875e+06
-4.587574e+18 -9.660564e+18
5.377973e+06 -4.111081e+06
1.143276e+05 -3.060173e+00
-9.152092e+05 -1.674639e+06
-2.557576e+07 9.556373e+06
1.125600e+06 5.451768e+05
2.936832e+05 1.629647e+00
-8.858760e+07 -2.247253e+07
-3.515433e+05 -1.257354e+06
7.099177e+06 -2.564311e+07
-3.487991e+06 1.468845e+06
3.422720e+05 9.887831e+05
-4.120164e+09 -6.330253e+09
-1.799321e+20 1.486561e+20
2.235941e+04 -4.686019e+00
-4.508790e+06 1.728799e+07
-5.409432e+12 -1.968933e+12
7.644709e+07 -7.381793e+09
7.996481e+00 -5.694057e+05
-1.420519e+06 -1.644667e+07
-1.318195e+09 -1.704012e+10
-2.764606e+08 -8.234408e+08
2.533881e+08 1.884755e+08
-1.832089e+07 -5.858136e+07
1.233409e+07 2.070959e+07
-1.015776e+08 -1.853264e+08
-3.024384e+05 -3.585118e+00
-5.068890e+00 -4.097284e+05
-5.247328e+13 2.696908e+13
3.567421e+14 3.853951e+15
-1.196257e+06 -8.496921e+00
5.008174e+08 2.864150e+08
5.200153e-02 4.901015e+05
-1.391714e+08 6.902820e+06
-5.331010e+06 4.107239e+06
1.203944e+06 -4.338176e+00
-3.294598e+07 2.817365e+07
-1.063796e+11 1.047918e+11
-3.378300e+04 -2.745572e+06
-3.819854e+12 1.379552e+14
-3.475626e+10 1.585724e+11
7.216935e+05 -1.929838e+06
7.577275e+06 1.152770e+06
-1.288969e+07 -2.189706e+07
4.129406e+06 -3.075103e+05
3.743209e+00 5.481045e+05
-6.741617e+06 -1.951299e+06
9.132357e+05 1.669718e+06
-7.888380e+08 2.321103e+08
-3.126962e+11 -3.446814e+11
8.409851e+06 -2.159280e+06
2.174159e+11 3.281424e+10
3.477087e+06 -1.487296e+06
5.574901e+07 1.446662e+08
-3.106529e+07 -3.293489e+07
-1.956937e+05 -1.079569e+05
-1.366149e+06 2.839236e+05
4.618125e+07 -6.034034e+06
-1.808906e+00 1.750239e+05
8.537534e+05 7.433176e+05
1.087755e+10 2.299592e+09
6.830814e+05 8.931283e+05
1.356082e+11 -2.534802e+10
-3.102167e+04 -7.487177e+03
-1.741786e+08 7.541619e+06
1.368805e+08 1.210425e+08
-1.954685e+14 1.761702e+14
-2.700875e+07 -5.040266e+07
-2.098435e+05 -1.994304e+05
6.740900e+06 1.965828e+06
8.364026e+08 3.464784e+09
-1.358556e+05 8.323743e+00
-1.005001e+01 4.136296e+05
-3.027784e+12 9.788669e+11
-4.809625e+06 -2.915447e+06
-8.322139e+07 -2.350636e+07
9.241701e+00 1.815222e+06
2.761564e+09 -1.798889e+09
-2.293629e+13 -7.552709e+12
1.388383e+06 1.684953e+06
-6.873316e+05 1.909501e+06
-7.641108e+07 7.381859e+09
4.969926e+07 1.275737e+07
8.345609e+05 -1.539871e+05
4.841327e+05 -1.357847e+05
-6.914694e+06 3.042946e+06
-3.568398e+14 -3.855006e+15
-4.421164e+05 -8.237496e+00
6.975800e+10 -1.214958e+10
2.928627e+10 -2.097269e+08
-2.928627e+10 2.097202e+08
1.518520e+10 5.016205e+09
-2.332034e+12 8.376030e+11
8.535945e+11 2.696244e+10
1.032288e+10 2.994389e+09
-3.613902e+06 6.966317e+06
6.544324e+09 2.139408e+09
2.626314e+06 -6.283944e+07
9.379161e+05 -1.866258e+06
-5.547683e+08 -3.360311e+07
1.066499e+05 -9.739209e+00
8.578548e+08 1.648698e+08
-1.364050e+07 -6.493825e+06
1.010130e+06 -3.960623e+06
-9.233712e+00 -1.784036e+06
-2.344757e+05 4.419282e+00
4.139664e+10 9.281517e+10
-1.364135e+07 1.100974e+07
-4.029630e+06 4.182002e+05
1.148018e+07 9.499332e+06
-2.027310e+06 8.803669e+06
-6.653901e+09 8.960084e+09
-1.068331e+08 1.821315e+07
3.194438e+05 -2.102459e+00
3.778192e+07 -3.706570e+07
3.820901e+12 -1.379647e+14
-1.533388e+08 -2.596884e+08
-1.472625e+08 3.005663e+08
-1.384608e+07 1.162781e+06
1.954953e+14 -1.761944e+14
-2.146167e+06 3.965524e+05
5.548960e+08 3.347346e+07
4.588832e+18 9.664539e+18
-4.971572e+07 -1.278426e+07
-1.242958e+07 -2.055461e+07
-9.981473e+05 3.970852e+06
-1.486183e+06 -1.835974e+05
1.319520e+05 1.031868e+06
-7.389790e+08 9.607305e+09
3.662913e+07 -6.393746e+07
5.110693e+10 7.992259e+11
6.654357e+09 -8.960705e+09
3.025410e+07 -1.130154e+08
8.291348e+07 2.374126e+07
-5.588655e+07 -1.444004e+08
1.793194e+05 -3.172840e+00
1.403926e+06 -7.291164e-01
1.304113e+05 2.629973e+06
-1.367529e+08 -1.208970e+08
1.810810e+07 5.871807e+07
-1.158696e+07 -9.547999e+06
3.475859e+10 -1.585728e+11
-7.503765e+06 -1.166224e+06
1.104071e+06 1.999691e+05
3.007049e+09 2.088911e+09
-2.512010e+01 -1.637004e+06
1.469517e+08 -3.004987e+08
1.741578e+08 -7.542462e+06
-1.040164e+06 1.058055e+06
-1.114965e+06 -6.056835e+05
-3.062291e+06 5.031658e+00
1.295984e+06 8.788366e+05
