3.343115e+05 -1.183754e+00
1.330546e+06 -2.343905e+05
1.393171e+09 1.800744e+10
3.304929e+11 3.643470e+11
-2.497505e+11 -3.415142e+11
-9.072093e+08 -1.742545e+08
2.586613e+06 -9.262547e+06
-1.166318e+06 -9.576517e+05
-3.853629e+05 -2.544299e+06
-8.486631e+05 -1.063803e+01
1.232026e+05 -2.696087e+05
-5.712825e+06 1.520410e+07
7.809512e+08 -1.015380e+10
8.336000e+08 -2.452416e+08
-8.405776e+09 -1.820013e+09
8.332619e+08 3.993269e+08
-2.221104e+05 7.192548e+06
-1.121679e+06 -3.896384e+05
3.227205e+06 1.150825e+00
-3.997431e+07 3.910284e+07
-3.639127e+05 -7.299624e+05
-6.428146e+08 2.403839e+08
2.417036e+08 7.826480e+09
-1.148689e+10 -2.428868e+09
-8.814103e+06 1.725268e+07
-2.296067e+06 2.273244e+05
1.249239e+05 -2.358262e+04
1.459232e+07 -1.140339e+07
-3.666468e+12 -9.959046e+11
-2.779124e-01 -5.951924e+05
7.181726e+06 -3.242884e+06
-2.195942e+07 4.297386e+06
-5.410016e+09 -1.626568e+09
-5.296274e+08 -3.028055e+08
-6.759239e+06 -9.622652e+05
1.523268e+10 -9.561029e+09
5.271294e+13 1.004585e+14
1.295281e+05 2.395423e+05
8.408570e+09 1.820923e+09
2.830525e+07 2.278792e+07
1.613950e+10 -1.811323e+09
3.552471e+05 7.287047e+05
3.343205e+00 -3.436005e+05
-3.179461e+09 -2.209205e+09
2.415698e+06 1.752150e+07
3.555524e+05 -3.373176e+05
-4.657400e+11 6.489336e+11
2.227363e+05 -1.697831e+05
2.196820e+07 -4.316746e+06
-3.388752e+08 -3.365734e+08
1.131102e+08 -1.951219e+07
5.102558e+06 3.054490e+06
-1.043118e+01 -2.608432e+05
2.591106e+06 -2.913539e+05
5.718584e+12 2.081331e+12
6.424678e+08 -2.405473e+08
-7.372227e+10 1.284113e+10
9.373060e+07 2.377576e+07
6.742129e+05 1.753263e+06
-7.570712e+06 -2.279288e+07
-3.199280e+12 -4.298465e+12
-1.433665e+11 2.680039e+10
1.085173e+07 -2.174005e+07
3.325630e+07 3.692672e+07
-6.534705e+14 9.340317e+14
-6.029762e+07 1.973728e+07
3.614716e+06 -7.349939e+06
-2.298279e+11 -3.468534e+10
-1.495317e+09 -1.278226e+09
1.161331e+09 -1.630727e+08
8.452445e+05 -5.451248e+00
-2.222604e+09 -2.473453e+09
3.665518e+12 9.957755e+11
3.183618e+08 7.925923e+07
1.886307e+04 2.414763e+00
-1.605279e+10 -5.303844e+09
-5.398310e+10 -8.444230e+11
-5.408371e+08 -1.053173e+09
-5.994911e+05 6.197586e+05
-7.728579e+07 -2.436432e+07
-8.929760e+08 -3.659078e+09
3.200110e+12 4.298465e+12
-8.850545e+08 5.764225e+08
8.829513e+06 -1.726323e+07
-1.169355e+08 8.538710e+07
-4.535518e+07 -2.259157e+06
-5.008922e+00 -2.914037e+06
2.497186e+11 3.414919e+11
-3.522170e+05 -8.227971e+00
-2.802746e+04 -5.279157e+00
-1.085610e+07 2.168885e+07
2.222311e+09 2.473293e+09
-4.142556e+08 -2.754187e+08
7.183118e+16 -1.169606e+17
5.411853e+09 1.627204e+09
-3.264256e+00 -5.821240e+05
1.618569e+08 2.747390e+08
4.309430e+05 -5.650518e+05
-1.579327e+04 -4.093902e+05
-2.918719e+09 1.901521e+09
-2.414732e+08 -7.831545e+09
2.413279e+11 -2.326286e+11
-2.682295e+08 -1.993656e+08
-1.177866e+11 1.779724e+11
1.246471e+04 3.672805e+05
3.947835e+06 2.420634e+07
1.178019e+11 -1.779839e+11
1.500143e+05 -8.198043e+00
5.549122e+13 -2.852225e+13
-1.523385e+10 9.560314e+09
4.061988e+10 2.287179e+11
7.674713e+06 -2.183231e+00
-6.268924e+07 6.017935e+07
-1.161247e+09 1.631548e+08
2.465609e+12 -8.856367e+11
-3.182099e+08 -7.942421e+07
-5.159218e+05 1.542782e+05
6.538940e+14 -9.343342e+14
3.449684e+05 6.546273e+05
-1.091026e+10 -3.164852e+09
-7.184514e+16 1.169682e+17
-9.353999e+07 5.762924e+07
3.200605e+12 -1.034404e+12
8.850873e+08 -5.764640e+08
-3.195555e+07 1.194692e+08
1.123947e+11 -1.108108e+11
2.848509e+07 5.335879e+07
4.356395e+09 6.692762e+09
-1.133116e+06 1.957799e+06
1.009717e+08 -1.087035e+08
-5.784204e+05 -2.767249e+06
5.845223e+05 2.762150e+06
-1.865172e+00 -2.867074e+06
-3.459635e+10 6.934578e+10
-1.719913e+07 5.236510e+06
-2.819193e+07 -2.240462e+07
-3.909454e+06 -6.380745e+06
-7.017769e+00 2.576405e+06
5.481751e+08 1.054981e+09
-1.446652e+07 3.897638e+07
4.243015e+14 -2.008981e+15
2.433916e+06 -1.237070e+06
-6.837367e+05 -2.774133e+06
9.326274e+07 -5.759867e+07
-2.213355e+05 -7.108991e+05
-9.091173e+15 -3.382265e+16
-1.445402e+05 5.276965e+00
1.452340e+07 -1.169899e+06
-2.188880e+08 -2.103673e+07
-1.113983e+06 -1.798115e+05
-1.010026e+08 1.087238e+08
-9.605076e+05 -1.098825e+06
-2.118112e+07 2.374482e+07
-6.128105e+10 -1.191866e+10
-1.489691e+10 5.458929e+10
-2.837905e+00 1.524587e+05
-9.020489e+11 -2.849473e+10
2.718420e+07 -1.008847e+07
1.041371e+13 -1.803938e+13
-1.106978e+01 -6.801095e+06
9.980105e+05 -1.237321e+06
-4.288277e+04 -3.622426e+05
8.352657e+07 -1.924048e+07
6.478073e+04 3.631316e+05
2.184286e+05 7.039503e+05
-1.613635e+10 1.811107e+09
-1.310994e+06 -3.706901e+04
-4.061187e+10 -2.286583e+11
2.702477e+09 5.442171e+09
-4.375234e+10 -9.810329e+10
-1.460347e+15 6.006570e+13
6.639371e+05 2.870278e+06
2.117144e+07 -2.374654e+07
2.354142e+05 2.598851e+06
1.489786e+10 -5.458222e+10
-5.271383e+07 -4.981243e+07
2.424189e+13 7.984189e+12
7.743882e+07 2.436915e+07
6.367605e+08 -1.107478e+08
1.447308e+07 -3.897609e+07
2.189069e+08 2.109567e+07
5.288634e+07 -4.473648e+07
3.387824e+08 3.365275e+08
-3.871198e+07 6.758268e+07
1.072433e+08 1.957099e+08
-1.215773e+06 -5.604325e+05
7.638144e+06 1.096883e+06
-1.041101e+13 1.803470e+13
-7.632485e+06 -1.063587e+06
-1.186383e+06 -1.925757e+06
1.460063e+15 -6.005405e+13
-7.287369e+06 1.683721e+05
3.793418e+10 -8.448388e+09
-2.412961e+11 2.326616e+11
-3.765894e+06 1.371538e+07
-3.795418e+10 8.450632e+09
5.271190e+07 4.981868e+07
4.247458e+06 6.549319e+06
-9.898121e+04 -2.809788e+06
4.345663e+00 5.153497e+05
4.130865e+05 -5.313314e+05
7.638943e+07 2.583042e+07
6.127717e+10 1.191771e+10
-6.019122e+05 9.410061e+05
4.143656e+08 2.754397e+08
4.655885e+11 -6.488067e+11
-8.342748e+07 1.938924e+07
4.529774e+07 2.070939e+06
-2.702288e+09 -5.441470e+09
1.902175e+20 -1.571428e+20
2.918797e+04 7.728624e+05
-1.066852e+01 4.320927e+05
3.988669e+06 -1.423246e+07
1.156533e+13 -8.046566e+12
-2.268680e+00 1.704915e+05
1.168612e+08 -8.532507e+07
-5.228432e+05 -5.146134e+04
2.410671e+06 -1.600902e+05
1.730372e+07 -5.098682e+06
-5.287120e+07 2.972123e+07
1.589454e+06 1.346486e+05
-5.270611e+13 -1.004389e+14
-6.363829e+08 1.110922e+08
4.769221e+06 -1.826986e+07
1.495327e+09 1.278631e+09
-1.031220e+07 3.099541e+05
5.232913e+06 -1.458144e+07
-1.586590e+07 1.830661e+07
-4.243842e+14 2.009242e+15
1.429379e+07 6.838165e+06
2.922635e+08 8.705696e+08
3.460538e+10 -6.936403e+10
-1.157283e+13 8.050742e+12
-6.918235e+09 -2.262437e+09
4.934804e+09 1.230279e+08
-4.934163e+09 -1.230230e+08
1.593942e+07 -1.821926e+07
-7.502225e+06 2.710331e+07
9.093548e+15 3.382265e+16
-7.134815e+05 -1.801467e+06
1.009396e+01 -6.041843e+05
-2.768384e+06 6.637704e+07
1.465747e+08 -8.645046e+06
4.040704e+05 -2.482889e+05
-4.048556e+05 2.502016e+05
-8.338992e+08 -3.995746e+08
1.030427e+07 -5.467526e+05
-7.051938e+00 3.871880e+06
-4.850844e+18 -1.021438e+19
5.686804e+06 -4.347171e+06
1.209178e+05 4.253584e+00
-9.677880e+05 -1.770825e+06
-2.704423e+07 1.010505e+07
1.190229e+06 5.764830e+05
3.105382e+05 -8.534749e+00
-9.366222e+07 -2.375985e+07
-3.716574e+05 -1.329214e+06
7.505176e+06 -2.711125e+07
-3.687843e+06 1.553124e+06
3.618879e+05 1.045464e+06
-4.356660e+09 -6.693606e+09
-1.902545e+20 1.571836e+20
2.369943e+04 9.760962e+00
-4.766903e+06 1.827900e+07
-5.719326e+12 -2.081601e+12
8.082388e+07 -7.804448e+09
7.676791e+00 -6.020011e+05
-1.501939e+06 -1.738931e+07
-1.393745e+09 -1.801667e+10
-2.923175e+08 -8.706671e+08
2.679205e+08 1.992851e+08
-1.937378e+07 -6.194360e+07
1.304077e+07 2.189608e+07
-1.073951e+08 -1.959284e+08
-3.197612e+05 6.142454e+00
1.081130e+01 -4.332233e+05
-5.548401e+13 2.851854e+13
3.771867e+14 4.074802e+15
-1.264990e+06 -3.792453e+00
5.295562e+08 3.028495e+08
-1.246169e+00 5.182710e+05
-1.471972e+08 7.300898e+06
-5.637425e+06 4.343130e+06
1.273119e+06 6.329862e+00
-3.483842e+07 2.979207e+07
-1.124786e+11 1.107994e+11
-3.573231e+04 -2.903005e+06
-4.039082e+12 1.458722e+14
-3.675016e+10 1.676688e+11
7.631212e+05 -2.040566e+06
8.011886e+06 1.218839e+06
-1.363010e+07 -2.315476e+07
4.366538e+06 -3.252110e+05
-1.103704e+01 5.795207e+05
-7.127842e+06 -2.063115e+06
9.656187e+05 1.765496e+06
-8.341108e+08 2.454334e+08
-3.306215e+11 -3.644415e+11
8.892239e+06 -2.283175e+06
2.298724e+11 3.469428e+10
3.676630e+06 -1.572675e+06
5.894642e+07 1.529638e+08
-3.287854e+07 -3.485714e+07
-2.069805e+05 -1.142239e+05
-1.444533e+06 3.002722e+05
4.883354e+07 -6.380656e+06
1.610487e+00 1.850976e+05
9.027616e+05 7.859872e+05
1.150094e+10 2.431389e+09
7.223094e+05 9.443589e+05
1.433851e+11 -2.680169e+10
-3.281899e+04 -7.949891e+03
-1.841661e+08 7.974147e+06
1.447287e+08 1.279822e+08
-2.066791e+14 1.862740e+14
-2.855781e+07 -5.329343e+07
-2.219346e+05 -2.109198e+05
7.127614e+06 2.078664e+06
8.843789e+08 3.663287e+09
-1.436474e+05 -5.727382e+00
-5.355752e+00 4.373865e+05
-3.201227e+12 1.034940e+12
-5.085198e+06 -3.082487e+06
-8.798992e+07 -2.485488e+07
-3.721379e+00 1.919375e+06
2.920120e+09 -1.902049e+09
-2.425450e+13 -7.986785e+12
1.467936e+06 1.781511e+06
-7.267197e+05 2.018933e+06
-8.078613e+07 7.804517e+09
5.254331e+07 1.348734e+07
8.825127e+05 -1.628597e+05
5.118850e+05 -1.435696e+05
-7.311160e+06 3.217433e+06
-3.772844e+14 -4.075858e+15
-4.674862e+05 1.055674e+01
7.375550e+10 -1.284586e+10
3.096683e+10 -2.217611e+08
-3.096683e+10 2.217547e+08
1.605569e+10 5.303758e+09
-2.465929e+12 8.856942e+11
9.025167e+11 2.850773e+10
1.091464e+10 3.166030e+09
-3.821156e+06 7.365830e+06
6.919682e+09 2.262133e+09
2.777645e+06 -6.645959e+07
9.920209e+05 -1.973893e+06
-5.865812e+08 -3.552967e+07
1.127901e+05 -3.685219e+00
9.071122e+08 1.743371e+08
-1.442291e+07 -6.866322e+06
1.068058e+06 -4.187563e+06
5.535876e+00 -1.886403e+06
-2.479684e+05 1.043974e+01
4.376937e+10 9.813506e+10
-1.442448e+07 1.164179e+07
-4.260994e+06 4.422463e+05
1.214053e+07 1.004571e+07
-2.143653e+06 9.308793e+06
-7.035648e+09 9.474142e+09
-1.129767e+08 1.926050e+07
3.378906e+05 -4.207042e+00
3.994928e+07 -3.919183e+07
4.040128e+12 -1.458816e+14
-1.621398e+08 -2.745934e+08
-1.558055e+08 3.180016e+08
-1.464094e+07 1.229581e+06
2.067059e+14 -1.862982e+14
-2.269445e+06 4.193624e+05
5.867097e+08 3.539260e+07
4.852102e+18 1.021901e+19
-5.256334e+07 -1.351655e+07
-1.314249e+07 -2.173340e+07
-1.055353e+06 4.198303e+06
-1.571379e+06 -1.941141e+05
1.395000e+05 1.090985e+06
-7.813234e+08 1.015778e+10
3.873815e+07 -6.761882e+07
5.405003e+10 8.452479e+11
7.036104e+09 -9.474764e+09
3.198971e+07 -1.194989e+08
8.767008e+07 2.510305e+07
-5.909154e+07 -1.526784e+08
1.896042e+05 6.852776e+00
1.484449e+06 -1.887851e+00
1.379163e+05 2.780835e+06
-1.445950e+08 -1.278298e+08
1.914882e+07 6.208858e+07
-1.225178e+07 -1.009583e+07
3.674772e+10 -1.676474e+11
-7.933046e+06 -1.232929e+06
1.167460e+06 2.114324e+05
3.179470e+09 2.208687e+09
5.408453e+00 -1.732453e+06
1.554683e+08 -3.179105e+08
1.841335e+08 -7.974482e+06
-1.100152e+06 1.119069e+06
-1.178812e+06 -6.403765e+05
-3.237673e+06 -1.838437e+00
1.370221e+06 9.291707e+05
