4.277213e+05 -1.039270e+01
1.701689e+06 -2.997326e+05
1.781627e+09 2.302675e+10
4.226249e+11 4.659335e+11
-3.193333e+11 -4.366410e+11
-1.160383e+09 -2.229009e+08
3.308209e+06 -1.184627e+07
-1.491640e+06 -1.224618e+06
-4.927786e+05 -3.253704e+06
-1.085561e+06 8.334879e-01
1.574529e+05 -3.446217e+05
-7.304893e+06 1.944257e+07
9.985875e+08 -1.298310e+10
1.066285e+09 -3.137011e+08
-1.075013e+10 -2.327742e+09
1.066307e+09 5.109807e+08
-2.843218e+05 9.206681e+06
-1.434281e+06 -4.982212e+05
4.127286e+06 -1.099578e+01
-5.113039e+07 5.001496e+07
-4.653948e+05 -9.334725e+05
-8.220429e+08 3.074117e+08
3.091185e+08 1.001128e+10
-1.469172e+10 -3.106387e+09
-1.127105e+07 2.206201e+07
-2.935725e+06 2.906135e+05
1.597345e+05 -3.012068e+04
1.866800e+07 -1.458500e+07
-4.687609e+12 -1.273319e+12
-9.609869e+00 -7.612688e+05
9.184365e+06 -4.147085e+06
-2.807990e+07 5.495347e+06
-6.919502e+09 -2.080202e+09
-6.774120e+08 -3.873130e+08
-8.644738e+06 -1.230705e+06
1.948439e+10 -1.222872e+10
6.741121e+13 1.284764e+14
1.654310e+05 3.066218e+05
1.075294e+10 2.328525e+09
3.619889e+07 2.914436e+07
2.063932e+10 -2.316451e+09
4.543251e+05 9.318713e+05
8.268858e+00 -4.392164e+05
-4.066930e+09 -2.825730e+09
3.089178e+06 2.240590e+07
4.548564e+05 -4.315864e+05
-5.963840e+11 8.309768e+11
2.849825e+05 -2.171455e+05
2.808844e+07 -5.519009e+06
-4.333856e+08 -4.304699e+08
1.447322e+08 -2.496660e+07
6.525575e+06 3.906538e+06
-1.881754e+00 -3.335507e+05
3.315017e+06 -3.727461e+05
7.314391e+12 2.662080e+12
8.216711e+08 -3.076387e+08
-9.428293e+10 1.642243e+10
1.198789e+08 3.040816e+07
8.625711e+05 2.243026e+06
-9.681271e+06 -2.914656e+07
-4.092165e+12 -5.498011e+12
-1.833567e+11 3.427380e+10
1.387463e+07 -2.779767e+07
4.269237e+07 4.740418e+07
-8.356936e+14 1.194329e+15
-7.710975e+07 2.523971e+07
4.622960e+06 -9.400318e+06
-2.938666e+11 -4.435060e+10
-1.914423e+09 -1.636426e+09
1.484674e+09 -2.084898e+08
1.081131e+06 -8.937248e+00
-2.841537e+09 -3.162240e+09
4.687134e+12 1.273254e+12
4.081713e+08 1.016167e+08
2.406943e+04 5.949105e-01
-2.052905e+10 -6.782708e+09
-6.909942e+10 -1.080856e+12
-6.916443e+08 -1.346802e+09
-7.665043e+05 7.924809e+05
-9.910720e+07 -3.124254e+07
-1.142064e+09 -4.679615e+09
4.092580e+12 5.497454e+12
-1.131750e+09 7.370917e+08
1.129222e+07 -2.207712e+07
-1.495794e+08 1.092223e+08
-5.802317e+07 -2.890074e+06
7.003731e+00 -3.726941e+06
3.193338e+11 4.366850e+11
-4.505274e+05 -1.111327e+01
-3.582235e+04 2.542160e+00
-1.388207e+07 2.773435e+07
2.841675e+09 3.162561e+09
-5.299193e+08 -3.522901e+08
9.185589e+16 -1.495587e+17
6.921714e+09 2.081151e+09
1.845710e+00 -7.446238e+05
2.070781e+08 3.514883e+08
5.510969e+05 -7.226038e+05
-2.018179e+04 -5.236097e+05
-3.734074e+09 2.432649e+09
-3.088178e+08 -1.001583e+10
3.085946e+11 -2.974746e+11
-3.430430e+08 -2.549682e+08
-1.506563e+11 2.276342e+11
1.587451e+04 4.697057e+05
5.048738e+06 3.095620e+07
1.506868e+11 -2.276689e+11
1.917790e+05 9.337447e+00
7.101001e+13 -3.649751e+13
-1.948562e+10 1.222860e+10
5.199191e+10 2.927503e+11
9.814005e+06 1.223629e+00
-8.016653e+07 7.695360e+07
-1.484889e+09 2.086146e+08
3.154278e+12 -1.132988e+12
-4.080420e+08 -1.018357e+08
-6.600791e+05 1.974130e+05
8.362017e+14 -1.194813e+15
4.417262e+05 8.382466e+05
-1.395384e+10 -4.047680e+09
-9.187450e+16 1.495738e+17
-1.252529e+08 7.717031e+07
4.093754e+12 -1.323020e+12
1.131948e+09 -7.372464e+08
-4.087581e+07 1.528187e+08
1.437429e+11 -1.417172e+11
3.643403e+07 6.824891e+07
5.572784e+09 8.561630e+09
-1.451078e+06 2.507059e+06
1.291457e+08 -1.390399e+08
-7.397442e+05 -3.538675e+06
7.474808e+05 3.531787e+06
2.247871e+00 -3.668237e+06
-4.442070e+10 8.903797e+10
-2.200337e+07 6.698761e+06
-3.606233e+07 -2.865937e+07
-5.000590e+06 -8.161516e+06
3.759146e+00 3.296027e+06
7.010814e+08 1.349186e+09
-1.850051e+07 4.984759e+07
5.429747e+14 -2.570874e+15
3.112635e+06 -1.582126e+06
-8.747032e+05 -3.549182e+06
1.248866e+08 -7.712943e+07
-2.831243e+05 -9.092010e+05
-1.164751e+16 -4.333134e+16
-1.848771e+05 -9.143753e+00
1.857967e+07 -1.496712e+06
-2.799678e+08 -2.690877e+07
-1.425641e+06 -2.301379e+05
-1.291844e+08 1.390600e+08
-1.228482e+06 -1.405325e+06
-2.708864e+07 3.036778e+07
-7.837370e+10 -1.524304e+10
-1.905253e+10 6.981291e+10
-7.492784e+00 1.949874e+05
-1.153615e+12 -3.644091e+10
3.477902e+07 -1.290667e+07
1.332225e+13 -2.307776e+13
4.224575e+00 -8.705632e+06
1.278374e+06 -1.584955e+06
-5.486848e+04 -4.633149e+05
1.069475e+08 -2.463752e+07
8.286762e+04 4.644786e+05
2.793574e+05 9.000987e+05
-2.063720e+10 2.316240e+09
-1.676599e+06 -4.740630e+04
-5.198123e+10 -2.926758e+11
3.456465e+09 6.960531e+09
-5.595049e+10 -1.254591e+11
-1.867507e+15 7.681266e+13
8.494619e+05 3.672209e+06
2.707910e+07 -3.036854e+07
3.011529e+05 3.323464e+06
1.905251e+10 -6.980229e+10
-6.743303e+07 -6.372236e+07
3.102533e+13 1.021791e+13
9.929709e+07 3.124977e+07
8.148721e+08 -1.417277e+08
1.850989e+07 -4.984656e+07
2.799801e+08 2.698263e+07
6.766371e+07 -5.724414e+07
4.334051e+08 4.305204e+08
-4.956096e+07 8.652387e+07
1.371830e+08 2.503347e+08
-1.555632e+06 -7.171004e+05
9.768794e+06 1.402927e+06
-1.332022e+13 2.307425e+13
-9.761632e+06 -1.360266e+06
-1.517615e+06 -2.463260e+06
1.867224e+15 -7.680101e+13
-9.318702e+06 2.152381e+05
4.851503e+10 -1.080535e+10
-3.086094e+11 2.975687e+11
-4.816296e+06 1.754216e+07
-4.854250e+10 1.080706e+10
6.743045e+07 6.373174e+07
5.432984e+06 8.377337e+06
-1.267007e+05 -3.593830e+06
-9.767363e+00 6.593029e+05
5.284389e+05 -6.797219e+05
9.769402e+07 3.303391e+07
7.836190e+10 1.524050e+10
-7.698133e+05 1.203619e+06
5.300826e+08 3.523677e+08
5.962934e+11 -8.308922e+11
-1.068212e+08 2.482771e+07
5.795716e+07 2.649843e+06
-3.456623e+09 -6.960537e+09
2.433092e+20 -2.010031e+20
3.727148e+04 9.887023e+05
7.609997e+00 5.526401e+05
5.100893e+06 -1.820141e+07
1.479351e+13 -1.029242e+13
5.286547e+00 2.180216e+05
1.495101e+08 -1.091571e+08
-6.689071e+05 -6.583369e+04
3.083236e+06 -2.047459e+05
2.213923e+07 -6.523650e+06
-6.764718e+07 3.802534e+07
2.032845e+06 1.722060e+05
-6.740780e+13 -1.284569e+14
-8.144419e+08 1.421725e+08
6.100191e+06 -2.336843e+07
1.914533e+09 1.637041e+09
-1.318942e+07 3.963923e+05
6.691369e+06 -1.864608e+07
-2.030149e+07 2.342490e+07
-5.430298e+14 2.571135e+15
1.828133e+07 8.745743e+06
3.738108e+08 1.113419e+09
4.442743e+10 -8.905163e+10
-1.480177e+13 1.029712e+13
-8.848362e+09 -2.893556e+09
6.311660e+09 1.573583e+08
-6.311020e+09 -1.573520e+08
2.039624e+07 -2.331344e+07
-9.593921e+06 3.465949e+07
1.164870e+16 4.332913e+16
-9.127754e+05 -2.304535e+06
1.694450e+00 -7.730705e+05
-3.544047e+06 8.497591e+07
1.876798e+08 -1.106902e+07
5.167697e+05 -3.174813e+05
-5.177156e+05 3.198692e+05
-1.067103e+09 -5.113102e+08
1.318061e+07 -6.993323e+05
9.659190e+00 4.951782e+06
-6.204941e+18 -1.306558e+19
7.275071e+06 -5.561257e+06
1.546061e+05 -5.807080e+00
-1.238142e+06 -2.265496e+06
-3.459515e+07 1.292687e+07
1.522590e+06 7.374544e+05
3.972040e+05 5.001886e+00
-1.197941e+08 -3.038730e+07
-4.752336e+05 -1.699757e+06
9.597918e+06 -3.467313e+07
-4.716894e+06 1.986398e+06
4.626868e+05 1.336788e+06
-5.572761e+09 -8.562033e+09
-2.433462e+20 2.010438e+20
3.029283e+04 6.476527e+00
-6.098008e+06 2.338332e+07
-7.315503e+12 -2.662620e+12
1.033674e+08 -9.981422e+09
1.030971e+01 -7.699580e+05
-1.920879e+06 -2.223978e+07
-1.782506e+09 -2.304178e+10
-3.739125e+08 -1.113682e+09
3.427008e+08 2.549082e+08
-2.479144e+07 -7.926543e+07
1.668050e+07 2.800737e+07
-1.373597e+08 -2.506021e+08
-4.090893e+05 -9.593603e+00
-5.216668e+00 -5.542927e+05
-7.101362e+13 3.650121e+13
4.823895e+14 5.211251e+15
-1.618370e+06 -1.330626e+00
6.774392e+08 3.874172e+08
-4.880704e+00 6.630839e+05
-1.884961e+08 9.349168e+06
-7.213980e+06 5.556693e+06
1.628817e+06 -9.730746e+00
-4.457620e+07 3.811988e+07
-1.438627e+11 1.417130e+11
-4.571500e+04 -3.713050e+06
-5.167175e+12 1.866108e+14
-4.700791e+10 2.144656e+11
9.761132e+05 -2.610181e+06
1.024813e+07 1.559057e+06
-1.743991e+07 -2.962637e+07
5.586312e+06 -4.161104e+05
1.043576e+01 7.412286e+05
-9.116649e+06 -2.638642e+06
1.235166e+06 2.258341e+06
-1.066965e+09 3.139586e+08
-4.228177e+11 -4.660753e+11
1.137309e+07 -2.920383e+06
2.939706e+11 4.436851e+10
4.702592e+06 -2.011452e+06
7.539906e+07 1.956608e+08
-4.220670e+07 -4.474601e+07
-2.647368e+05 -1.460345e+05
-1.847440e+06 3.839182e+05
6.248125e+07 -8.163964e+06
-9.806924e+00 2.366921e+05
1.154657e+06 1.005369e+06
1.470872e+10 3.109583e+09
9.238668e+05 1.207794e+06
1.834032e+11 -3.428191e+10
-4.197486e+04 -1.014550e+04
-2.355593e+08 1.019964e+07
1.851140e+08 1.636921e+08
-2.643660e+14 2.382656e+14
-3.652867e+07 -6.816486e+07
-2.838230e+05 -2.697493e+05
9.117321e+06 2.658721e+06
1.131196e+09 4.685484e+09
-1.837101e+05 1.006595e+01
-1.019189e+01 5.593048e+05
-4.094583e+12 1.323758e+12
-6.504665e+06 -3.942928e+06
-1.125513e+08 -3.179239e+07
1.055198e+01 2.454866e+06
3.735442e+09 -2.433152e+09
-3.104110e+13 -1.022155e+13
1.877647e+06 2.278805e+06
-9.295958e+05 2.582553e+06
-1.033258e+08 9.982016e+09
6.719552e+07 1.724724e+07
1.129213e+06 -2.084459e+05
6.546210e+05 -1.835585e+05
-9.351210e+06 4.115255e+06
-4.824628e+14 -5.212042e+15
-5.979472e+05 7.040178e+00
9.431611e+10 -1.642626e+10
3.960854e+10 -2.836568e+08
-3.961056e+10 2.836383e+08
2.053190e+10 6.782406e+09
-3.154597e+12 1.132988e+12
1.154200e+12 3.645763e+10
1.395898e+10 4.048844e+09
-4.886889e+06 9.420416e+06
8.850287e+09 2.893355e+09
3.555744e+06 -8.507906e+07
1.270027e+06 -2.527224e+06
-7.502066e+08 -4.544087e+07
1.441934e+05 5.713688e+00
1.160520e+09 2.230424e+08
-1.844780e+07 -8.782405e+06
1.365633e+06 -5.354702e+06
1.987614e+00 -2.412734e+06
-3.171751e+05 -4.831731e+00
5.597604e+10 1.255036e+11
-1.845228e+07 1.489257e+07
-5.450870e+06 5.656947e+05
1.553755e+07 1.285637e+07
-2.741935e+06 1.190785e+07
-9.000029e+09 1.211936e+10
-1.445972e+08 2.465088e+07
4.325797e+05 1.205005e+01
5.110440e+07 -5.013470e+07
5.168483e+12 -1.866297e+14
-2.074274e+08 -3.512908e+08
-1.997658e+08 4.076777e+08
-1.873015e+07 1.573031e+06
2.643928e+14 -2.382897e+14
-2.903621e+06 5.365513e+05
7.503772e+08 4.526328e+07
6.206199e+18 1.307088e+19
-6.720956e+07 -1.728277e+07
-1.680984e+07 -2.779768e+07
-1.349464e+06 5.368686e+06
-2.009577e+06 -2.481705e+05
1.783134e+05 1.395046e+06
-9.991165e+08 1.298972e+10
4.958807e+07 -8.655770e+07
6.919100e+10 1.082011e+12
9.000029e+09 -1.211876e+10
4.091864e+07 -1.528535e+08
1.121406e+08 3.211052e+07
-7.558371e+07 -1.952866e+08
2.425313e+05 -2.893323e+00
1.898354e+06 -4.754876e+00
1.762960e+05 3.556923e+06
-1.849481e+08 -1.635041e+08
2.450382e+07 7.945721e+07
-1.568114e+07 -1.292168e+07
4.701021e+10 -2.144661e+11
-1.014785e+07 -1.577125e+06
1.493966e+06 2.705354e+05
4.067972e+09 2.825761e+09
8.196934e+00 -2.224245e+06
1.993551e+08 -4.076352e+08
2.355396e+08 -1.020077e+07
-1.409228e+06 1.433453e+06
-1.507981e+06 -8.191566e+05
-4.141504e+06 3.128984e+00
1.752846e+06 1.188730e+06
