9.856175e+05 1.063573e+01
3.916070e+06 -6.895006e+05
4.098645e+09 5.297693e+10
9.725255e+11 1.072171e+12
-7.345490e+11 -1.004482e+12
-2.671711e+09 -5.132418e+08
7.613921e+06 -2.726493e+07
-3.433208e+06 -2.818372e+06
-1.133516e+06 -7.485322e+06
-2.498710e+06 -5.179812e-01
3.620541e+05 -7.927006e+05
-1.680600e+07 4.473482e+07
2.297576e+09 -2.986948e+10
2.454933e+09 -7.222619e+08
-2.474105e+10 -5.357950e+09
2.457099e+09 1.177374e+09
-6.555080e+05 2.122537e+07
-3.299590e+06 -1.146085e+06
9.498696e+06 6.547580e+00
-1.176964e+08 1.151254e+08
-1.071093e+06 -2.147955e+06
-1.891457e+09 7.073820e+08
7.115088e+08 2.304543e+10
-3.381345e+10 -7.148990e+09
-2.594286e+07 5.076255e+07
-6.753954e+06 6.686878e+05
3.678074e+05 -6.923708e+04
4.299422e+07 -3.357670e+07
-1.078288e+13 -2.928903e+12
-5.702795e+00 -1.752170e+06
2.113479e+07 -9.543621e+06
-6.461077e+07 1.264356e+07
-1.592415e+10 -4.786827e+09
-1.559380e+09 -8.915109e+08
-1.989432e+07 -2.832277e+06
4.485045e+10 -2.814806e+10
1.551158e+14 2.956273e+14
3.798712e+05 7.068026e+05
2.474888e+10 5.359385e+09
8.334260e+07 6.710010e+07
4.750328e+10 -5.331253e+09
1.045864e+06 2.144854e+06
4.957061e+00 -1.010269e+06
-9.363077e+09 -6.505255e+09
7.108885e+06 5.155696e+07
1.047654e+06 -9.939360e+05
-1.375997e+12 1.917356e+12
6.563918e+05 -5.003899e+05
6.463512e+07 -1.270019e+07
-9.977676e+08 -9.910768e+08
3.334797e+08 -5.753112e+07
1.502133e+07 8.992462e+06
-3.733196e+00 -7.673532e+05
7.632858e+06 -8.581981e+05
1.683400e+13 6.127143e+12
1.890689e+09 -7.078494e+08
-2.169400e+11 3.778549e+10
2.759002e+08 6.998354e+07
1.986151e+06 5.163867e+06
-2.227254e+07 -6.705877e+07
-9.420009e+12 -1.265460e+13
-4.219415e+11 7.887454e+10
3.191577e+07 -6.394888e+07
9.899297e+07 1.099209e+08
-1.922976e+15 2.747821e+15
-1.774470e+08 5.807637e+07
1.064087e+07 -2.163463e+07
-6.760747e+11 -1.020367e+11
-4.415516e+09 -3.774881e+09
3.415488e+09 -4.796406e+08
2.489201e+06 -7.363643e+00
-6.536428e+09 -7.273665e+09
1.078312e+13 2.928710e+12
9.440651e+08 2.350185e+08
5.535744e+04 7.445735e+00
-4.723066e+10 -1.560470e+10
-1.592945e+11 -2.491701e+12
-1.591613e+09 -3.099291e+09
-1.763791e+06 1.823286e+06
-2.293204e+08 -7.228501e+07
-2.627964e+09 -1.076914e+10
9.418557e+12 1.265320e+13
-2.603897e+09 1.695841e+09
2.598067e+07 -5.079813e+07
-3.443197e+08 2.514248e+08
-1.336011e+08 -6.653994e+06
5.904625e+00 -8.575114e+06
7.345502e+11 1.004438e+12
-1.036761e+06 1.044736e+01
-8.244012e+04 9.165401e+00
-3.192627e+07 6.379099e+07
6.536413e+09 7.274467e+09
-1.219763e+09 -8.109283e+08
2.113062e+17 -3.440637e+17
1.592861e+10 4.789009e+09
-1.053402e+01 -1.713914e+06
4.768082e+08 8.093272e+08
1.268195e+06 -1.662719e+06
-4.647714e+04 -1.205486e+06
-8.599679e+09 5.601646e+09
-7.107411e+08 -2.305199e+10
7.101146e+11 -6.845307e+11
-7.896111e+08 -5.868652e+08
-3.468578e+11 5.240701e+11
3.687257e+04 1.081275e+06
1.161731e+07 7.122661e+07
3.468655e+11 -5.240009e+11
4.412120e+05 6.785259e+00
1.635963e+14 -8.409142e+13
-4.485398e+10 2.814902e+10
1.198436e+11 6.748320e+11
2.257646e+07 4.120609e+00
-1.844256e+08 1.770149e+08
-3.415614e+09 4.798315e+08
7.261813e+12 -2.608187e+12
-9.438415e+08 -2.355085e+08
-1.519589e+06 4.544478e+05
1.923484e+15 -2.748245e+15
1.018813e+06 1.933397e+06
-3.210579e+10 -9.312863e+09
-2.113341e+17 3.440940e+17
-3.144475e+08 1.937222e+08
9.420488e+12 -3.044724e+12
2.604054e+09 -1.695853e+09
-9.407843e+07 3.517146e+08
3.307034e+11 -3.260572e+11
8.384509e+07 1.570568e+08
1.282788e+10 1.970798e+10
-3.347401e+06 5.783370e+06
2.972268e+08 -3.199659e+08
-1.701301e+06 -8.138879e+06
1.718959e+06 8.123054e+06
5.273440e+00 -8.445952e+06
-1.030086e+11 2.064775e+11
-5.065322e+07 1.542126e+07
-8.301234e+07 -6.597293e+07
-1.150973e+07 -1.878443e+07
-1.033259e+01 7.589343e+06
1.613333e+09 3.104434e+09
-4.257184e+07 1.147040e+08
1.250741e+15 -5.922395e+15
7.161294e+06 -3.640196e+06
-2.014140e+06 -8.171869e+06
3.134984e+08 -1.936062e+08
-6.513404e+05 -2.091423e+06
-2.689230e+16 -1.000433e+17
-4.252985e+05 1.211827e+00
4.277503e+07 -3.446251e+06
-6.444174e+08 -6.193623e+07
-3.284602e+06 -5.303683e+05
-2.972865e+08 3.199986e+08
-2.826867e+06 -3.233669e+06
-6.231683e+07 6.985619e+07
-1.802905e+11 -3.506655e+10
-4.383279e+10 1.605959e+11
-5.537410e+00 4.485919e+05
-2.654010e+12 -8.383366e+10
8.007079e+07 -2.971221e+07
3.067077e+13 -5.312895e+13
-4.091885e+00 -2.006595e+07
2.950396e+06 -3.657427e+06
-1.258582e+05 -1.065411e+06
2.466188e+08 -5.681639e+07
1.905347e+05 1.068438e+06
6.426365e+05 2.070287e+06
-4.748440e+10 5.329546e+09
-3.857036e+06 -1.087742e+05
-1.198170e+11 -6.746383e+11
7.955160e+09 1.601882e+10
-1.287255e+11 -2.886404e+11
-4.296184e+15 1.766913e+14
1.954960e+06 8.452940e+06
6.228796e+07 -6.985198e+07
6.922965e+05 7.645292e+06
4.383081e+10 -1.605888e+11
-1.552380e+08 -1.466967e+08
7.150521e+13 2.354861e+13
2.297605e+08 7.230627e+07
1.877540e+09 -3.265632e+08
4.259006e+07 -1.146958e+08
6.442765e+08 6.208782e+07
1.558126e+08 -1.318190e+08
9.976470e+08 9.909849e+08
-1.142566e+08 1.994713e+08
3.157297e+08 5.761416e+08
-3.581994e+06 -1.651286e+06
2.247592e+07 3.227193e+06
-3.067010e+13 5.312895e+13
-2.245581e+07 -3.129370e+06
-3.492729e+06 -5.668743e+06
4.296184e+15 -1.767069e+14
-2.143608e+07 4.951030e+05
1.116387e+11 -2.485954e+10
-7.100033e+11 6.845543e+11
-1.108011e+07 4.035959e+07
-1.116814e+11 2.486572e+10
1.552357e+08 1.467155e+08
1.250388e+07 1.927972e+07
-2.913170e+05 -8.269306e+06
3.520606e+00 1.516918e+06
1.215758e+06 -1.564025e+06
2.247636e+08 7.599686e+07
1.802828e+11 3.506140e+10
-1.771526e+06 2.769906e+06
1.220217e+09 8.111477e+08
1.375786e+12 -1.917144e+12
-2.463795e+08 5.725773e+07
1.334580e+08 6.102872e+06
-7.955648e+09 -1.602060e+10
5.599355e+20 -4.625852e+20
8.562101e+04 2.275666e+06
8.327957e+00 1.271714e+06
1.173616e+07 -4.188273e+07
3.405531e+13 -2.369345e+13
7.133007e+00 5.016157e+05
3.442206e+08 -2.512916e+08
-1.539799e+06 -1.514659e+05
7.093510e+06 -4.709124e+05
5.097342e+07 -1.501991e+07
-1.557916e+08 8.756635e+07
4.676966e+06 3.962009e+05
-1.550953e+14 -2.955622e+14
-1.876507e+09 3.275850e+08
1.404071e+07 -5.378810e+07
4.415642e+09 3.775506e+09
-3.035864e+07 9.124004e+05
1.539288e+07 -4.289714e+07
-4.676358e+07 5.396099e+07
-1.250879e+15 5.922395e+15
4.206956e+07 2.012673e+07
8.601966e+08 2.562281e+09
1.030266e+11 -2.065048e+11
-3.406582e+13 2.369815e+13
-2.036276e+10 -6.658713e+09
1.452674e+10 3.621922e+08
-1.452546e+10 -3.621617e+08
4.698539e+07 -5.370134e+07
-2.207272e+07 7.973680e+07
2.689586e+16 1.000389e+17
-2.101501e+06 -5.305985e+06
-5.462335e+00 -1.780215e+06
-8.170592e+06 1.959125e+08
4.328398e+08 -2.552992e+07
1.188988e+06 -7.303785e+05
-1.191051e+06 7.357406e+05
-2.458144e+09 -1.177804e+09
3.033791e+07 -1.609549e+06
-4.530854e+00 1.139361e+07
-1.428171e+19 -3.007540e+19
1.674812e+07 -1.280300e+07
3.556669e+05 -2.758919e+00
-2.850400e+06 -5.215970e+06
-7.964287e+07 2.975757e+07
3.504870e+06 1.697453e+06
9.137578e+05 1.082378e+01
-2.756811e+08 -6.993041e+07
-1.093316e+06 -3.910665e+06
2.208495e+07 -7.977038e+07
-1.085537e+07 4.571064e+06
1.063968e+06 3.075410e+06
-1.282811e+10 -1.970835e+10
-5.600095e+20 4.626667e+20
6.963839e+04 1.737726e+00
-1.403588e+07 5.382337e+07
-1.683474e+13 -6.127278e+12
2.378068e+08 -2.296440e+10
9.155680e+00 -1.771807e+06
-4.418555e+06 -5.116123e+07
-4.100360e+09 -5.300346e+10
-8.604136e+08 -2.562687e+09
7.885868e+08 5.865679e+08
-5.709481e+07 -1.825489e+08
3.838707e+07 6.445361e+07
-3.160755e+08 -5.766630e+08
-9.416212e+05 2.466217e+00
4.884398e+00 -1.276020e+06
-1.636144e+14 8.410255e+13
1.109723e+15 1.198825e+16
-3.725616e+06 -9.525775e+00
1.559312e+09 8.917408e+08
-1.038184e+00 1.526507e+06
-4.347740e+08 2.156447e+07
-1.661593e+07 1.279379e+07
3.749866e+06 -7.619321e+00
-1.026387e+08 8.777531e+07
-3.310161e+11 3.260604e+11
-1.051310e+05 -8.543486e+06
-1.189356e+13 4.295482e+14
-1.081875e+11 4.935731e+11
2.246203e+06 -6.006514e+06
2.358243e+07 3.587596e+06
-4.015712e+07 -6.821712e+07
1.286155e+07 -9.582558e+05
8.006324e+00 1.706090e+06
-2.098264e+07 -6.073620e+06
2.844196e+06 5.199978e+06
-2.456194e+09 7.227544e+08
-9.728899e+11 -1.072455e+12
2.617466e+07 -6.720787e+06
6.762231e+11 1.020590e+11
1.082167e+07 -4.628905e+06
1.735079e+08 4.502568e+08
-9.784690e+07 -1.037260e+08
-6.094788e+05 -3.361640e+05
-4.251031e+06 8.832138e+05
1.438513e+08 -1.879657e+07
-3.323734e+00 5.448151e+05
2.657102e+06 2.313574e+06
3.383400e+10 7.152922e+09
2.125631e+06 2.778525e+06
4.219881e+11 -7.887497e+10
-9.671459e+04 -2.325864e+04
-5.419618e+08 2.346753e+07
4.258970e+08 3.766086e+08
-6.083311e+14 5.482837e+14
-8.405933e+07 -1.568614e+08
-6.530719e+05 -6.204190e+05
2.098076e+07 6.118115e+06
2.603154e+09 1.078305e+10
-4.227483e+05 6.402066e-01
-1.025256e+01 1.286641e+06
-9.422977e+12 3.046400e+12
-1.497070e+07 -9.074538e+06
-2.590472e+08 -7.317092e+07
-6.281761e+00 5.649875e+06
8.600856e+09 -5.602617e+09
-7.153990e+13 -2.355795e+13
4.321634e+06 5.244375e+06
-2.139412e+06 5.944019e+06
-2.377481e+08 2.296764e+10
1.545715e+08 3.967436e+07
2.600469e+06 -4.803703e+05
1.505703e+06 -4.219856e+05
-2.151624e+07 9.468999e+06
-1.109772e+15 -1.198851e+16
-1.375977e+06 -8.499409e-01
2.169729e+11 -3.779055e+10
9.115366e+10 -6.529181e+08
-9.118178e+10 6.529563e+08
4.724562e+10 1.560620e+10
-7.263092e+12 2.608474e+12
2.655296e+12 8.386898e+10
3.211469e+10 9.314761e+09
-1.124448e+07 2.167723e+07
2.036710e+10 6.658396e+09
8.197265e+06 -1.961434e+08
2.928915e+06 -5.828212e+06
-1.726220e+09 -1.045469e+08
3.315297e+05 -1.059141e+01
2.671785e+09 5.135101e+08
-4.245262e+07 -2.020993e+07
3.141253e+06 -1.231640e+07
-3.488092e+00 -5.552057e+06
-7.302415e+05 -3.790509e+00
1.287795e+11 2.887421e+11
-4.248088e+07 3.428571e+07
-1.254942e+07 1.302371e+06
3.579818e+07 2.961925e+07
-6.310358e+06 2.740430e+07
-2.071243e+10 2.789179e+10
-3.330872e+08 5.678265e+07
9.966449e+05 1.105915e+01
1.176024e+08 -1.153703e+08
1.189513e+13 -4.295387e+14
-4.774497e+08 -8.085900e+08
-4.618739e+08 9.426099e+08
-4.311634e+07 3.621309e+06
6.083445e+14 -5.482716e+14
-6.684430e+06 1.235100e+06
1.726453e+09 1.041460e+08
1.428329e+19 3.008335e+19
-1.545768e+08 -3.974974e+07
-3.868384e+07 -6.396782e+07
-3.103660e+06 1.234771e+07
-4.624069e+06 -5.710123e+05
4.101859e+05 3.209175e+06
-2.298337e+09 2.987946e+10
1.142945e+08 -1.995092e+08
1.594918e+11 2.494175e+12
2.071379e+10 -2.789181e+10
9.417101e+07 -3.517883e+08
2.580944e+08 7.389338e+07
-1.739240e+08 -4.494601e+08
5.584005e+05 9.942388e-01
4.367560e+06 9.408214e+00
4.056403e+05 8.184195e+06
-4.255774e+08 -3.762336e+08
5.643787e+07 1.830080e+08
-3.612929e+07 -2.977158e+07
1.081849e+11 -4.935416e+11
-2.335047e+07 -3.629153e+06
3.441096e+06 6.230936e+05
9.364750e+09 6.505281e+09
-5.308432e+00 -5.156841e+06
4.609545e+08 -9.425053e+08
5.419834e+08 -2.347222e+07
-3.252313e+06 3.308171e+06
-3.470357e+06 -1.885306e+06
-9.529595e+06 9.675882e+00
4.034452e+06 2.735938e+06
