8.760476e+05 2.412865e+00
3.480919e+06 -6.129319e+05
3.643310e+09 4.708840e+10
8.644600e+11 9.530201e+11
-6.529001e+11 -8.928559e+11
-2.374625e+09 -4.561936e+08
6.767279e+06 -2.423643e+07
-3.052004e+06 -2.505658e+06
-1.007782e+06 -6.654061e+06
-2.221088e+06 7.985746e+00
3.218715e+05 -7.047525e+05
-1.493903e+07 3.976363e+07
2.042301e+09 -2.655153e+10
2.182115e+09 -6.419788e+08
-2.199180e+10 -4.762531e+09
2.183805e+09 1.046436e+09
-5.825691e+05 1.886298e+07
-2.932923e+06 -1.018687e+06
8.442720e+06 2.215390e+00
-1.046118e+08 1.023269e+08
-9.521038e+05 -1.909344e+06
-1.681323e+09 6.287805e+08
6.324348e+08 2.048347e+10
-3.005524e+10 -6.354325e+09
-2.305889e+07 4.512356e+07
-6.003441e+06 5.943356e+05
3.268271e+05 -6.156392e+04
3.821250e+07 -2.984462e+07
-9.584622e+12 -2.603448e+12
-1.680334e+00 -1.557354e+06
1.878622e+07 -8.483126e+06
-5.743171e+07 1.123898e+07
-1.415472e+10 -4.254653e+09
-1.386009e+09 -7.924148e+08
-1.768328e+07 -2.517478e+06
3.986476e+10 -2.501912e+10
1.378796e+14 2.627856e+14
3.377236e+05 6.281627e+05
2.199798e+10 4.763740e+09
7.407390e+07 5.963808e+07
4.222212e+10 -4.738670e+09
9.295961e+05 1.906433e+06
-2.279055e-01 -8.981167e+05
-8.322368e+09 -5.782130e+09
6.319048e+06 4.582798e+07
9.311434e+05 -8.833604e+05
-1.222765e+12 1.703837e+12
5.833723e+05 -4.447193e+05
5.745277e+07 -1.128862e+07
-8.868386e+08 -8.808722e+08
2.963815e+08 -5.113056e+07
1.335140e+07 7.992865e+06
2.387334e+00 -6.821019e+05
6.784019e+06 -7.627884e+05
1.496240e+13 5.445870e+12
1.680515e+09 -6.291787e+08
-1.928308e+11 3.358691e+10
2.452318e+08 6.220473e+07
1.765315e+06 4.590118e+06
-1.979778e+07 -5.960536e+07
-8.372535e+12 -1.124797e+13
-3.750478e+11 7.010723e+10
2.836954e+07 -5.684398e+07
8.792800e+07 9.762987e+07
-1.709246e+15 2.442447e+15
-1.577203e+08 5.162132e+07
9.457869e+06 -1.923040e+07
-6.009486e+11 -9.069805e+10
-3.924027e+09 -3.354552e+09
3.035973e+09 -4.263460e+08
2.212451e+06 9.204475e+00
-5.809999e+09 -6.465249e+09
9.584859e+12 2.603319e+12
8.387271e+08 2.088006e+08
4.924945e+04 -3.638850e+00
-4.198165e+10 -1.387019e+10
-1.415762e+11 -2.214470e+12
-1.414748e+09 -2.754926e+09
-1.567934e+06 1.620869e+06
-2.037396e+08 -6.422345e+07
-2.336193e+09 -9.573018e+09
8.372327e+12 1.124741e+13
-2.314709e+09 1.507497e+09
2.309525e+07 -4.515535e+07
-3.060621e+08 2.234851e+08
-1.187517e+08 -5.914475e+06
-5.339364e+00 -7.622542e+06
6.529659e+11 8.928776e+11
-9.216147e+05 -5.057865e+00
-7.324888e+04 -1.878994e+00
-2.837782e+07 5.670604e+07
5.810273e+09 6.466371e+09
-1.084186e+09 -7.208192e+08
1.878340e+17 -3.058369e+17
1.415880e+10 4.256803e+09
-4.939355e+00 -1.523422e+06
4.237909e+08 7.193465e+08
1.127228e+06 -1.477943e+06
-4.130480e+04 -1.071425e+06
-7.643380e+09 4.978829e+09
-6.317525e+08 -2.049004e+10
6.311991e+11 -6.084550e+11
-7.018417e+08 -5.216335e+08
-3.083036e+11 4.658196e+11
3.268659e+04 9.610776e+05
1.032676e+07 6.331300e+07
3.083113e+11 -4.657850e+11
3.921800e+05 7.320831e+00
1.454021e+14 -7.473908e+13
-3.986921e+10 2.502073e+10
1.065111e+11 5.997457e+11
2.006847e+07 -1.041751e+01
-1.639312e+08 1.573448e+08
-3.036102e+09 4.265239e+08
6.454607e+12 -2.318261e+12
-8.385471e+08 -2.092394e+08
-1.350775e+06 4.039893e+05
1.709797e+15 -2.442931e+15
9.054086e+05 1.718154e+06
-2.853903e+10 -8.278283e+09
-1.878619e+17 3.058748e+17
-2.772820e+08 1.708313e+08
8.374436e+12 -2.706540e+12
2.314874e+09 -1.507508e+09
-8.363107e+07 3.126636e+08
2.939958e+11 -2.898525e+11
7.453352e+07 1.396107e+08
1.140269e+10 1.751831e+10
-2.974708e+06 5.139535e+06
2.642024e+08 -2.844220e+08
-1.512483e+06 -7.235335e+06
1.528241e+06 7.221315e+06
3.649686e+00 -7.507518e+06
-9.150003e+10 1.834095e+11
-4.502668e+07 1.370840e+07
-7.379250e+07 -5.864424e+07
-1.023101e+07 -1.669797e+07
-1.012991e+01 6.746146e+06
1.434137e+09 2.759702e+09
-3.784308e+07 1.019661e+08
1.111724e+15 -5.264046e+15
6.366224e+06 -3.235916e+06
-1.790347e+06 -7.263781e+06
2.764460e+08 -1.707228e+08
-5.789683e+05 -1.859095e+06
-2.389654e+16 -8.890014e+16
-3.780657e+05 -6.811876e+00
3.802150e+07 -3.063197e+06
-5.727933e+08 -5.505214e+07
-2.919269e+06 -4.713044e+05
-2.642408e+08 2.844338e+08
-2.512613e+06 -2.874143e+06
-5.538995e+07 6.209196e+07
-1.602525e+11 -3.116932e+10
-3.896109e+10 1.427554e+11
-4.090423e+00 3.987338e+05
-2.359191e+12 -7.451942e+10
7.117051e+07 -2.640960e+07
2.726148e+13 -4.722313e+13
7.006887e+00 -1.783355e+07
2.621749e+06 -3.250074e+06
-1.118794e+05 -9.471244e+05
2.191720e+08 -5.049320e+07
1.694398e+05 9.497800e+05
5.713087e+05 1.840330e+06
-4.220847e+10 4.737427e+09
-3.428624e+06 -9.673823e+04
-1.064897e+11 -5.995966e+11
7.071332e+09 1.423934e+10
-1.144268e+11 -2.565813e+11
-3.819020e+15 1.570728e+14
1.737841e+06 7.513958e+06
5.537358e+07 -6.209502e+07
6.154749e+05 6.795511e+06
3.895814e+10 -1.427342e+11
-1.379745e+08 -1.303856e+08
6.354863e+13 2.092806e+13
2.041169e+08 6.423598e+07
1.668632e+09 -2.902267e+08
3.785634e+07 -1.019461e+08
5.726744e+08 5.518769e+07
1.384843e+08 -1.171590e+08
8.867192e+08 8.807954e+08
-1.015381e+08 1.772707e+08
2.806378e+08 5.121019e+08
-3.183658e+06 -1.467633e+06
1.997759e+07 2.868548e+06
-2.725878e+13 4.721962e+13
-1.996133e+07 -2.781708e+06
-3.104543e+06 -5.038635e+06
3.818736e+15 -1.570728e+14
-1.905453e+07 4.401351e+05
9.922836e+10 -2.209688e+10
-6.311036e+11 6.084776e+11
-9.848675e+06 3.587343e+07
-9.927103e+10 2.210249e+10
1.379763e+08 1.304012e+08
1.111371e+07 1.713616e+07
-2.588890e+05 -7.349999e+06
7.538336e+00 1.348121e+06
1.080456e+06 -1.389976e+06
1.997771e+08 6.754837e+07
1.602447e+11 3.116500e+10
-1.574542e+06 2.461984e+06
1.084631e+09 7.209785e+08
1.222584e+12 -1.703625e+12
-2.189526e+08 5.088565e+07
1.186254e+08 5.424373e+06
-7.071648e+09 -1.424041e+10
4.977300e+20 -4.111959e+20
7.608860e+04 2.022831e+06
9.835509e-01 1.130469e+06
1.043311e+07 -3.722920e+07
3.026972e+13 -2.106032e+13
5.760055e+00 4.458000e+05
3.059595e+08 -2.233629e+08
-1.368600e+06 -1.345713e+05
6.305511e+06 -4.185084e+05
4.530689e+07 -1.335037e+07
-1.384716e+08 7.782664e+07
4.157434e+06 3.520922e+05
-1.378625e+14 -2.627205e+14
-1.667751e+09 2.911525e+08
1.248020e+07 -4.780909e+07
3.924052e+09 3.355210e+09
-2.698383e+07 8.108413e+05
1.368218e+07 -3.812975e+07
-4.156222e+07 4.795786e+07
-1.111724e+15 5.263524e+15
3.739262e+07 1.788882e+07
7.645560e+08 2.277395e+09
9.150436e+10 -1.834140e+11
-3.027797e+13 2.106345e+13
-1.809854e+10 -5.918351e+09
1.291123e+10 3.219113e+08
-1.291027e+10 -3.218904e+08
4.175993e+07 -4.772884e+07
-1.961990e+07 7.087616e+07
2.389832e+16 8.889130e+16
-1.867748e+06 -4.715983e+06
-1.016188e+01 -1.582147e+06
-7.261025e+06 1.741036e+08
3.846499e+08 -2.268690e+07
1.056744e+06 -6.491421e+05
-1.058566e+06 6.539144e+05
-2.184584e+09 -1.046732e+09
2.696363e+07 -1.430435e+06
5.057027e+00 1.012667e+07
-1.269328e+19 -2.673001e+19
1.488492e+07 -1.137872e+07
3.160933e+05 -6.652931e+00
-2.533349e+06 -4.635796e+06
-7.079020e+07 2.645073e+07
3.115456e+06 1.508771e+06
8.122168e+05 -1.730097e+00
-2.450391e+08 -6.215729e+07
-9.718167e+05 -3.476051e+06
1.963045e+07 -7.090723e+07
-9.648673e+06 4.063016e+06
9.457760e+05 2.733543e+06
-1.140180e+10 -1.751694e+10
-4.977300e+20 4.112162e+20
6.186876e+04 4.603001e+00
-1.247475e+07 4.783704e+07
-1.496277e+13 -5.445870e+12
2.113680e+08 -2.041128e+10
-3.609919e-01 -1.574735e+06
-3.927315e+06 -4.547281e+07
-3.644624e+09 -4.711146e+10
-7.647426e+08 -2.277750e+09
7.008888e+08 5.213362e+08
-5.074254e+07 -1.622389e+08
3.411842e+07 5.728636e+07
-2.809335e+08 -5.125427e+08
-8.368558e+05 -6.972948e+00
-4.809543e+00 -1.134062e+06
-1.454057e+14 7.474093e+13
9.863473e+14 1.065549e+16
-3.311133e+06 8.675848e+00
1.385918e+09 7.925647e+08
-1.115684e+01 1.356694e+06
-3.863411e+08 1.916242e+07
-1.476700e+07 1.137058e+07
3.332739e+06 -6.010453e+00
-9.122566e+07 7.801286e+07
-2.942106e+11 2.898139e+11
-9.343776e+04 -7.593685e+06
-1.057113e+13 3.817817e+14
-9.615741e+10 4.387014e+11
1.996525e+06 -5.338801e+06
2.096151e+07 3.188800e+06
-3.569190e+07 -6.063060e+07
1.143132e+07 -8.516175e+05
-2.813000e+00 1.516398e+06
-1.864967e+07 -5.398401e+06
2.527880e+06 4.621617e+06
-2.183043e+09 6.424183e+08
-8.647386e+11 -9.532328e+11
2.326440e+07 -5.973635e+06
6.010674e+11 9.071365e+10
9.618387e+06 -4.114248e+06
1.542208e+08 4.002041e+08
-8.690912e+07 -9.213538e+07
-5.417449e+05 -2.987950e+05
-3.778607e+06 7.851065e+05
1.278587e+08 -1.670685e+07
-1.501399e+00 4.842628e+05
2.361814e+06 2.056360e+06
3.007359e+10 6.358048e+09
1.889358e+06 2.469714e+06
3.750758e+11 -7.010781e+10
-8.600970e+04 -2.076005e+04
-4.817148e+08 2.085861e+07
3.785544e+08 3.347383e+08
-5.406927e+14 4.873231e+14
-7.471161e+07 -1.394205e+08
-5.804812e+05 -5.514947e+05
1.864792e+07 5.437973e+06
2.313749e+09 9.584193e+09
-3.758029e+05 6.055870e+00
6.151803e+00 1.143716e+06
-8.375472e+12 2.707747e+12
-1.330636e+07 -8.065684e+06
-2.302420e+08 -6.503641e+07
-1.540880e+00 5.021865e+06
7.644216e+09 -4.979459e+09
-6.357701e+13 -2.093532e+13
3.841027e+06 4.661189e+06
-1.901525e+06 5.283049e+06
-2.113148e+08 2.041399e+10
1.373882e+08 3.526385e+07
2.311143e+06 -4.269172e+05
1.338407e+06 -3.751059e+05
-1.912427e+07 8.416283e+06
-9.864206e+14 -1.065575e+16
-1.222902e+06 -6.203270e+00
1.928494e+11 -3.358874e+10
8.101209e+10 -5.802966e+08
-8.104021e+10 5.803322e+08
4.199252e+10 1.387126e+10
-6.455246e+12 2.318376e+12
2.360127e+12 7.454548e+10
2.854435e+10 8.279172e+09
-9.994272e+06 1.926701e+07
1.810239e+10 5.918232e+09
7.284826e+06 -1.743103e+08
2.602853e+06 -5.179178e+06
-1.534317e+09 -9.292556e+07
2.947378e+05 1.059434e+01
2.374652e+09 4.563894e+08
-3.773227e+07 -1.796274e+07
2.792132e+06 -1.094755e+07
-6.457538e-01 -4.934815e+06
-6.491033e+05 -1.324115e+00
1.144637e+11 2.566448e+11
-3.775607e+07 3.047240e+07
-1.115366e+07 1.157582e+06
3.181426e+07 2.632231e+07
-5.608538e+06 2.435693e+07
-1.840917e+10 2.479024e+10
-2.960205e+08 5.046392e+07
8.857517e+05 -3.679528e+00
1.045287e+08 -1.025427e+08
1.057243e+13 -3.817912e+14
-4.243707e+08 -7.186973e+08
-4.103505e+08 8.374567e+08
-3.832355e+07 3.218624e+06
5.407194e+14 -4.873351e+14
-5.941267e+06 1.097846e+06
1.534544e+09 9.256945e+07
1.269580e+19 2.673862e+19
-1.373994e+08 -3.533266e+07
-3.438193e+07 -5.685436e+07
-2.758671e+06 1.097522e+07
-4.109994e+06 -5.075156e+05
3.645780e+05 2.852335e+06
-2.042804e+09 2.655754e+10
1.015699e+08 -1.772980e+08
1.417348e+11 2.216449e+12
1.841008e+10 -2.478965e+10
8.369930e+07 -3.126628e+08
2.293901e+08 6.567541e+07
-1.545829e+08 -3.994949e+08
4.963428e+05 3.259325e+00
3.882051e+06 7.873707e-01
3.605711e+05 7.274205e+06
-3.782536e+08 -3.343967e+08
5.015779e+07 1.626438e+08
-3.210755e+07 -2.645754e+07
9.615486e+10 -4.386589e+11
-2.075367e+07 -3.225432e+06
3.058054e+06 5.537303e+05
8.322802e+09 5.781469e+09
-7.449634e-01 -4.579923e+06
4.094985e+08 -8.373058e+08
4.816993e+08 -2.086197e+07
-2.889734e+06 2.939371e+06
-3.084303e+06 -1.675564e+06
-8.469682e+06 8.896717e+00
3.585717e+06 2.431624e+06
