2.132399e+06 -9.390080e+00
8.468001e+06 -1.491130e+06
8.863550e+09 1.145539e+11
2.103273e+12 2.318713e+12
-1.588401e+12 -2.172257e+12
-5.779956e+09 -1.110377e+09
1.647119e+07 -5.897903e+07
-7.426636e+06 -6.096747e+06
-2.451667e+06 -1.618910e+07
-5.405368e+06 -2.526067e-01
7.826459e+05 -1.713700e+06
-3.634183e+07 9.673699e+07
4.968755e+09 -6.459719e+10
5.311089e+09 -1.562570e+09
-5.350978e+10 -1.158844e+10
5.317123e+09 2.547663e+09
-1.418498e+06 4.593894e+07
-7.135146e+06 -2.478476e+06
2.054354e+07 -9.246128e-01
-2.545840e+08 2.490172e+08
-2.316269e+06 -4.645864e+06
-4.090888e+09 1.529909e+09
1.538933e+09 4.984572e+10
-7.314207e+10 -1.546329e+10
-5.611950e+07 1.097931e+08
-1.460653e+07 1.446196e+06
7.957778e+05 -1.498508e+05
9.303894e+07 -7.264865e+07
-2.331910e+13 -6.334092e+12
5.865522e+00 -3.790657e+06
4.570715e+07 -2.064177e+07
-1.397210e+08 2.734417e+07
-3.444246e+10 -1.035326e+10
-3.372842e+09 -1.928298e+09
-4.302975e+07 -6.126114e+06
9.702088e+10 -6.089065e+10
3.354711e+14 6.393356e+14
8.204134e+05 1.529299e+06
5.352167e+10 1.159082e+10
1.802713e+08 1.451334e+08
1.027364e+11 -1.152990e+10
2.261774e+06 4.638433e+06
1.025754e+01 -2.183753e+06
-2.025422e+10 -1.407105e+10
1.537421e+07 1.114975e+08
2.266135e+06 -2.150015e+06
-2.979278e+12 4.151203e+12
1.419903e+06 -1.082453e+06
1.397870e+08 -2.746560e+07
-2.158247e+09 -2.143968e+09
7.216257e+08 -1.245027e+08
3.249631e+07 1.945415e+07
-4.271444e+00 -1.659606e+06
1.651344e+07 -1.856658e+06
3.641108e+13 1.325333e+13
4.089249e+09 -1.530931e+09
-4.691651e+11 8.171202e+10
5.967151e+08 1.513608e+08
4.296208e+06 1.117044e+07
-4.816655e+07 -1.450146e+08
-2.037305e+13 -2.736882e+13
-9.124722e+11 1.705787e+11
6.900943e+07 -1.382725e+08
2.147487e+08 2.384621e+08
-4.158099e+15 5.942056e+15
-3.837357e+08 1.256013e+08
2.301304e+07 -4.679165e+07
-1.461981e+12 -2.206591e+11
-9.559061e+09 -8.171885e+09
7.386150e+09 -1.037233e+09
5.384821e+06 8.270813e-01
-1.413559e+10 -1.573097e+10
2.332147e+13 6.333834e+12
2.046262e+09 5.094135e+08
1.199263e+05 -4.404547e+00
-1.021513e+11 -3.375239e+10
-3.447833e+11 -5.393448e+12
-3.442650e+09 -6.703694e+09
-3.814395e+06 3.943280e+06
-4.970884e+08 -1.566923e+08
-5.684375e+09 -2.329296e+10
2.037347e+13 2.736882e+13
-5.631685e+09 3.668017e+09
5.619725e+07 -1.098764e+08
-7.448542e+08 5.438675e+08
-2.890319e+08 -1.439573e+07
-3.873538e+00 -1.854682e+07
1.588533e+12 2.172234e+12
-2.242866e+06 -2.694601e+00
-1.785836e+05 2.747838e+00
-6.904929e+07 1.379498e+08
1.413498e+10 1.573161e+10
-2.638740e+09 -1.754144e+09
4.569764e+17 -7.440888e+17
3.445246e+10 1.035787e+10
2.345267e+00 -3.707698e+06
1.031514e+09 1.750755e+09
2.742788e+06 -3.596431e+06
-1.008445e+05 -2.607594e+06
-1.860387e+10 1.211870e+10
-1.537093e+09 -4.985681e+10
1.535718e+12 -1.480439e+12
-1.707807e+09 -1.269245e+09
-7.502557e+11 1.133600e+12
7.964220e+04 2.338081e+06
2.512306e+07 1.540380e+08
7.503397e+11 -1.133519e+12
9.541074e+05 6.019528e+00
3.539792e+14 -1.819649e+14
-9.702111e+10 6.088818e+10
2.593650e+11 1.460374e+12
4.881495e+07 -8.639829e-01
-3.988235e+08 3.828079e+08
-7.386624e+09 1.037601e+09
1.570948e+13 -5.642128e+12
-2.045760e+09 -5.104285e+08
-3.287040e+06 9.831705e+05
4.159792e+15 -5.943145e+15
2.205473e+06 4.185664e+06
-6.943906e+10 -2.014120e+10
-4.570090e+17 7.440964e+17
-7.035130e+08 4.334078e+08
2.037541e+13 -6.584314e+12
5.631586e+09 -3.667931e+09
-2.034755e+08 7.607233e+08
7.151975e+11 -7.051183e+11
1.813521e+08 3.396741e+08
2.774666e+10 4.262886e+10
-7.247314e+06 1.252151e+07
6.429071e+08 -6.920852e+08
-3.679402e+06 -1.760061e+07
3.717201e+06 1.756687e+07
5.706462e+00 -1.827415e+07
-2.235230e+11 4.480442e+11
-1.095862e+08 3.336024e+07
-1.795731e+08 -1.427086e+08
-2.489639e+07 -4.063245e+07
-1.014920e+01 1.641928e+07
3.489278e+09 6.714205e+09
-9.207852e+07 2.481018e+08
2.706493e+15 -1.281521e+16
1.548837e+07 -7.873216e+06
-4.357333e+06 -1.767947e+07
7.014324e+08 -4.331971e+08
-1.408891e+06 -4.523361e+06
-5.824942e+16 -2.166942e+17
-9.202418e+05 -7.726707e+00
9.253604e+07 -7.455736e+06
-1.393624e+09 -1.339565e+08
-7.106701e+06 -1.147523e+06
-6.429566e+08 6.920723e+08
-6.113307e+06 -6.992981e+06
-1.347598e+08 1.510663e+08
-3.898917e+11 -7.583457e+10
-9.479556e+10 3.473176e+11
-1.186436e+00 9.701763e+05
-5.739727e+12 -1.813183e+11
1.732266e+08 -6.428120e+07
6.635581e+13 -1.149405e+14
1.020262e+01 -4.343269e+07
6.389421e+06 -7.920294e+06
-2.718804e+05 -2.304197e+06
5.338992e+08 -1.230030e+08
4.122178e+05 2.310799e+06
1.389591e+06 4.477316e+06
-1.027017e+11 1.152755e+10
-8.342510e+06 -2.355458e+05
-2.593275e+11 -1.460225e+12
1.720803e+10 3.465092e+10
-2.784116e+11 -6.242382e+11
-9.291560e+15 3.821256e+14
4.229236e+06 1.828552e+07
1.347105e+08 -1.510667e+08
1.497468e+06 1.653282e+07
9.478676e+10 -3.473034e+11
-3.358102e+08 -3.173542e+08
1.547561e+14 5.096599e+13
4.980650e+08 1.567526e+08
4.063474e+09 -7.067960e+08
9.212382e+07 -2.480868e+08
1.393558e+09 1.343006e+08
3.371306e+08 -2.852159e+08
2.158082e+09 2.143653e+09
-2.472984e+08 4.317578e+08
6.829400e+08 1.246192e+09
-7.749405e+06 -3.572890e+06
4.860870e+07 6.980306e+06
-6.635851e+13 1.149510e+14
-4.856708e+07 -6.768421e+06
-7.556011e+06 -1.226212e+07
9.292223e+15 -3.821919e+14
-4.636250e+07 1.071814e+06
2.414883e+11 -5.376998e+10
-1.535745e+12 1.480578e+12
-2.396564e+07 8.729178e+07
-2.415396e+11 5.377745e+10
3.358187e+08 3.173757e+08
2.704624e+07 4.170366e+07
-6.298832e+05 -1.788534e+07
7.595864e+00 3.281359e+06
2.629620e+06 -3.382566e+06
4.860835e+08 1.643520e+08
3.898843e+11 7.582496e+10
-3.831245e+06 5.990575e+06
2.639470e+09 1.754618e+09
2.978886e+12 -4.150865e+12
-5.333611e+08 1.239612e+08
2.887210e+08 1.320310e+07
-1.720724e+10 -3.465307e+10
1.211157e+21 -1.000543e+21
1.849811e+05 4.923384e+06
-2.367635e+00 2.751226e+06
2.538557e+07 -9.059232e+07
7.367348e+13 -5.125804e+13
6.342191e+00 1.085187e+06
7.447296e+08 -5.436434e+08
-3.331677e+06 -3.279897e+05
1.534281e+07 -1.018523e+06
1.102824e+08 -3.249360e+07
-3.371068e+08 1.894694e+08
1.011625e+07 8.572880e+05
-3.354848e+14 -6.393616e+14
-4.061413e+09 7.090142e+08
3.037453e+07 -1.163592e+08
9.559902e+09 8.173962e+09
-6.566893e+07 1.973995e+06
3.328949e+07 -9.276780e+07
-1.011918e+08 1.167662e+08
-2.706548e+15 1.281469e+16
9.099066e+07 4.353016e+07
1.860378e+09 5.541198e+09
2.235019e+11 -4.480073e+11
-7.367573e+13 5.125543e+13
-4.404180e+10 -1.440179e+10
3.141978e+10 7.834017e+08
-3.141786e+10 -7.833382e+08
1.016644e+08 -1.161932e+08
-4.773301e+07 1.724354e+08
5.825061e+16 2.166743e+17
-4.546562e+06 -1.147904e+07
6.966401e+00 -3.851768e+06
-1.768419e+07 4.240634e+08
9.370339e+08 -5.526938e+07
2.571965e+06 -1.580222e+06
-2.576624e+06 1.591575e+06
-5.318775e+09 -2.548453e+09
6.562441e+07 -3.481692e+06
2.194284e+00 2.464185e+07
-3.089260e+19 -6.505694e+19
3.622985e+07 -2.769524e+07
7.696478e+05 1.279744e+00
-6.165497e+06 -1.128230e+07
-1.722755e+08 6.436921e+07
7.581331e+06 3.671712e+06
1.976281e+06 -2.928476e+00
-5.962328e+08 -1.512467e+08
-2.364901e+06 -8.457864e+06
4.776110e+07 -1.725224e+08
-2.348194e+07 9.888245e+06
2.301584e+06 6.651864e+06
-2.775191e+10 -4.263739e+10
-1.211366e+21 1.000746e+21
1.507674e+05 -5.203647e+00
-3.036194e+07 1.164306e+08
-3.641330e+13 -1.325346e+13
5.143239e+08 -4.966596e+10
8.858945e+00 -3.832172e+06
-9.556048e+06 -1.106427e+08
-8.867219e+09 -1.146232e+11
-1.860924e+09 -5.542625e+09
1.705552e+09 1.268587e+09
-1.235269e+08 -3.949556e+08
8.302847e+07 1.394097e+08
-6.836044e+08 -1.247272e+09
-2.036726e+06 -2.421810e+00
-9.102670e+00 -2.760248e+06
-3.540477e+14 1.819964e+14
2.399881e+15 2.592511e+16
-8.059369e+06 -1.838239e+00
3.372672e+09 1.928721e+09
5.287290e+00 3.301896e+06
-9.411760e+08 4.668199e+07
-3.594897e+07 2.767543e+07
8.111795e+06 -1.958520e+00
-2.220470e+08 1.899038e+08
-7.158960e+11 7.051626e+11
-2.277599e+05 -1.847681e+07
-2.572770e+13 9.291191e+14
-2.339914e+11 1.067503e+12
4.857922e+06 -1.299152e+07
5.100442e+07 7.759480e+06
-8.687683e+07 -1.475805e+08
2.782270e+07 -2.073069e+06
2.610000e+00 3.690256e+06
-4.538362e+07 -1.313754e+07
6.153189e+06 1.124895e+07
-5.312865e+09 1.563394e+09
-2.103916e+12 -2.319304e+12
5.661181e+07 -1.453473e+07
1.462233e+12 2.206993e+11
2.340639e+07 -1.001134e+07
3.752645e+08 9.738527e+08
-2.122661e+08 -2.250111e+08
-1.318265e+06 -7.266704e+05
-9.193486e+06 1.909871e+06
3.111984e+08 -4.066363e+07
-4.281238e+00 1.178057e+06
5.747091e+06 5.003760e+06
7.316673e+10 1.546887e+10
4.596868e+06 6.008387e+06
9.126863e+11 -1.705985e+11
-2.092412e+05 -5.037104e+04
-1.172153e+09 5.075572e+07
9.210971e+08 8.144722e+08
-1.315656e+15 1.185799e+15
-1.817973e+08 -3.392525e+08
-1.412767e+06 -1.342141e+06
4.537853e+07 1.323327e+07
5.630184e+09 2.332271e+10
-9.148258e+05 9.411135e+00
3.555548e+00 2.782754e+06
-2.038080e+13 6.589141e+12
-3.238308e+07 -1.962946e+07
-5.603330e+08 -1.582677e+08
-2.399439e+00 1.222050e+07
1.860598e+10 -1.212010e+10
-1.548270e+14 -5.098312e+13
9.347568e+06 1.134301e+07
-4.627460e+06 1.285513e+07
-5.140921e+08 4.966589e+10
3.342295e+08 8.579003e+07
5.626265e+06 -1.040144e+06
3.256877e+06 -9.132096e+05
-4.653497e+07 2.048002e+07
-2.399906e+15 -2.592406e+16
-2.976673e+06 6.467068e+00
4.691925e+11 -8.172452e+10
1.971994e+11 -1.412274e+09
-1.972276e+11 1.412354e+09
1.021759e+11 3.375125e+10
-1.571092e+13 5.642760e+12
5.742183e+12 1.813761e+11
6.945410e+10 2.014476e+10
-2.431996e+07 4.688360e+07
4.405187e+10 1.440153e+10
1.774291e+07 -4.245520e+08
6.340471e+06 -1.261763e+07
-3.733473e+09 -2.260966e+08
7.168884e+05 -1.006148e+01
5.779530e+09 1.110812e+09
-9.181397e+07 -4.370902e+07
6.793020e+06 -2.663155e+07
-1.000193e+01 -1.200774e+07
-1.579642e+06 5.996692e+00
2.785053e+11 6.244606e+11
-9.189928e+07 7.417071e+07
-2.714746e+07 2.817402e+06
7.746530e+07 6.409431e+07
-1.364955e+07 5.927531e+07
-4.480174e+10 6.033025e+10
-7.207693e+08 1.228646e+08
2.156882e+06 5.290301e+00
2.543585e+08 -2.495275e+08
2.572874e+13 -9.291097e+14
-1.032752e+09 -1.749028e+09
-1.000870e+09 2.042638e+09
-9.326401e+07 7.833406e+06
1.315669e+15 -1.185775e+15
-1.445992e+07 2.671997e+06
3.733793e+09 2.252340e+08
3.089480e+19 6.506952e+19
-3.342583e+08 -8.595700e+07
-8.366530e+07 -1.383488e+08
-6.711413e+06 2.670102e+07
-1.000035e+07 -1.235537e+06
8.874455e+05 6.940367e+06
-4.970288e+09 6.461255e+10
2.473712e+08 -4.317901e+08
3.452096e+11 5.398177e+12
4.480266e+10 -6.032538e+10
2.036701e+08 -7.608200e+08
5.581969e+08 1.598120e+08
-3.761493e+08 -9.720165e+08
1.208003e+06 1.529050e+00
9.444184e+06 2.987411e+00
8.773110e+05 1.769944e+07
-9.203463e+08 -8.136445e+08
1.220988e+08 3.959235e+08
-7.817562e+07 -6.441966e+07
2.339767e+11 -1.067451e+12
-5.050132e+07 -7.848899e+06
7.445154e+06 1.348457e+06
2.025654e+10 1.406992e+10
1.024802e+01 -1.118724e+07
9.989356e+08 -2.042404e+09
1.172150e+09 -5.076213e+07
-7.042081e+06 7.162928e+06
-7.505428e+06 -4.077620e+06
-2.060933e+07 8.870360e+00
8.725419e+06 5.916221e+06
