2.084135e+06 3.539407e+00
8.276843e+06 -1.457468e+06
8.663546e+09 1.119684e+11
2.055815e+12 2.266397e+12
-1.552558e+12 -2.123245e+12
-5.649514e+09 -1.085319e+09
1.609957e+07 -5.764685e+07
-7.258958e+06 -5.959111e+06
-2.396337e+06 -1.582379e+07
-5.283380e+06 1.084016e+01
7.649958e+05 -1.675017e+06
-3.552193e+07 9.455473e+07
4.856649e+09 -6.313979e+10
5.191231e+09 -1.527306e+09
-5.230218e+10 -1.132690e+10
5.197080e+09 2.490149e+09
-1.386460e+06 4.490170e+07
-6.974182e+06 -2.422569e+06
2.008003e+07 7.698375e+00
-2.488400e+08 2.433988e+08
-2.263983e+06 -4.541034e+06
-3.998587e+09 1.495390e+09
1.504207e+09 4.872083e+10
-7.149161e+10 -1.511437e+10
-5.485298e+07 1.073152e+08
-1.427692e+07 1.413577e+06
7.778309e+05 -1.464699e+05
9.093903e+07 -7.100936e+07
-2.279298e+13 -6.191194e+12
-6.823095e+00 -3.705140e+06
4.467534e+07 -2.017589e+07
-1.365683e+08 2.672725e+07
-3.366509e+10 -1.011964e+10
-3.296734e+09 -1.884788e+09
-4.205897e+07 -5.987914e+06
9.483180e+10 -5.951682e+10
3.279017e+14 6.249100e+14
8.019469e+05 1.494799e+06
5.231406e+10 1.132928e+10
1.762033e+08 1.418584e+08
1.004185e+11 -1.126976e+10
2.210773e+06 4.533828e+06
-6.864572e+00 -2.134500e+06
-1.979718e+10 -1.375355e+10
1.502738e+07 1.089821e+08
2.215018e+06 -2.101513e+06
-2.911998e+12 4.057453e+12
1.387881e+06 -1.058039e+06
1.366321e+08 -2.684584e+07
-2.109542e+09 -2.095589e+09
7.053369e+08 -1.216924e+08
3.176313e+07 1.901527e+07
1.057020e+01 -1.622194e+06
1.614084e+07 -1.814784e+06
3.558963e+13 1.295432e+13
3.997004e+09 -1.496396e+09
-4.585815e+11 7.986854e+10
5.832521e+08 1.479460e+08
4.199274e+06 1.091834e+07
-4.707993e+07 -1.417433e+08
-1.991322e+13 -2.675121e+13
-8.918824e+11 1.667300e+11
6.745269e+07 -1.351530e+08
2.098904e+08 2.330676e+08
-4.064256e+15 5.807975e+15
-3.750776e+08 1.227676e+08
2.249385e+07 -4.573602e+07
-1.429002e+12 -2.156816e+11
-9.343176e+09 -7.987330e+09
7.219515e+09 -1.013832e+09
5.263336e+06 -4.494191e+00
-1.381670e+10 -1.537609e+10
2.279535e+13 6.190936e+12
2.000011e+09 4.978996e+08
1.172336e+05 6.341215e+00
-9.984656e+10 -3.299097e+10
-3.369913e+11 -5.271603e+12
-3.364932e+09 -6.552372e+09
-3.728302e+06 3.854277e+06
-4.858454e+08 -1.531484e+08
-5.556038e+09 -2.276715e+10
1.991364e+13 2.675121e+13
-5.504610e+09 3.585255e+09
5.492928e+07 -1.073973e+08
-7.280429e+08 5.315926e+08
-2.825081e+08 -1.407082e+07
3.404288e+00 -1.812831e+07
1.552690e+12 2.123222e+12
-2.192249e+06 -2.170062e+00
-1.745578e+05 -3.602722e-01
-6.749129e+07 1.348372e+08
1.381609e+10 1.537673e+10
-2.579188e+09 -1.714556e+09
4.466663e+17 -7.273011e+17
3.367508e+10 1.012415e+10
-7.392905e+00 -3.624032e+06
1.008231e+09 1.711239e+09
2.680913e+06 -3.515300e+06
-9.857350e+04 -2.548760e+06
-1.818407e+10 1.184524e+10
-1.502412e+09 -4.873193e+10
1.501068e+12 -1.447036e+12
-1.669270e+09 -1.240603e+09
-7.333242e+11 1.108019e+12
7.786316e+04 2.285334e+06
2.455624e+07 1.505627e+08
7.334083e+11 -1.107938e+12
9.326040e+05 1.083138e+01
3.459890e+14 -1.778577e+14
-9.483200e+10 5.951436e+10
2.535099e+11 1.427406e+12
4.771376e+07 4.887836e+00
-3.898250e+08 3.741714e+08
-7.219990e+09 1.014196e+09
1.535499e+13 -5.514804e+12
-1.999519e+09 -4.988922e+08
-3.212870e+06 9.610014e+05
4.065949e+15 -5.809064e+15
2.155690e+06 4.091158e+06
-6.787237e+10 -1.968676e+10
-4.466989e+17 7.273087e+17
-6.871849e+08 4.233490e+08
1.991566e+13 -6.435679e+12
5.504514e+09 -3.585169e+09
-1.988838e+08 7.435567e+08
6.990611e+11 -6.892092e+11
1.772604e+08 3.320094e+08
2.712052e+10 4.166686e+10
-7.083639e+06 1.223875e+07
6.284013e+08 -6.764695e+08
-3.596418e+06 -1.720356e+07
3.633376e+06 1.717060e+07
2.576418e+00 -1.786177e+07
-2.184659e+11 4.379076e+11
-1.071132e+08 3.260738e+07
-1.755209e+08 -1.394882e+08
-2.433461e+07 -3.971561e+07
4.338626e+00 1.604879e+07
3.410551e+09 6.562693e+09
-9.000105e+07 2.425045e+08
2.645406e+15 -1.252598e+16
1.513900e+07 -7.695622e+06
-4.259033e+06 -1.728054e+07
6.851541e+08 -4.231437e+08
-1.377131e+06 -4.421331e+06
-5.693354e+16 -2.117996e+17
-8.995244e+05 6.929979e+00
9.044812e+07 -7.287543e+06
-1.362176e+09 -1.309339e+08
-6.946333e+06 -1.121664e+06
-6.284501e+08 6.764569e+08
-5.975413e+06 -6.835245e+06
-1.317196e+08 1.476579e+08
-3.810953e+11 -7.412374e+10
-9.265696e+10 3.394813e+11
-6.707270e-01 9.483243e+05
-5.610203e+12 -1.772271e+11
1.693172e+08 -6.283058e+07
6.485829e+13 -1.123463e+14
1.043272e+01 -4.245214e+07
6.245094e+06 -7.741396e+06
-2.657698e+05 -2.252239e+06
5.218433e+08 -1.202255e+08
4.029421e+05 2.258689e+06
1.358225e+06 4.376279e+06
-1.003838e+11 1.126741e+10
-8.154295e+06 -2.302579e+05
-2.534724e+11 -1.427256e+12
1.681973e+10 3.386898e+10
-2.721297e+11 -6.101535e+11
-9.081926e+15 3.735031e+14
4.133829e+06 1.787290e+07
1.316704e+08 -1.476581e+08
1.463698e+06 1.615981e+07
9.264815e+10 -3.394671e+11
-3.282319e+08 -3.101925e+08
1.512619e+14 4.981538e+13
4.868057e+08 1.532092e+08
3.971748e+09 -6.908417e+08
9.004541e+07 -2.424899e+08
1.362113e+09 1.312704e+08
3.295222e+08 -2.787792e+08
2.109386e+09 2.095281e+09
-2.417153e+08 4.220101e+08
6.675321e+08 1.218074e+09
-7.574560e+06 -3.492298e+06
4.751225e+07 6.822853e+06
-6.486099e+13 1.123569e+14
-4.747115e+07 -6.615751e+06
-7.385555e+06 -1.198548e+07
9.082588e+15 -3.735693e+14
-4.531663e+07 1.047684e+06
2.360393e+11 -5.255674e+10
-1.501095e+12 1.447175e+12
-2.342497e+07 8.532244e+07
-2.360905e+11 5.256419e+10
3.282406e+08 3.102140e+08
2.643603e+07 4.076274e+07
-6.157067e+05 -1.748185e+07
-7.917252e+00 3.207363e+06
2.570335e+06 -3.306274e+06
4.751170e+08 1.606441e+08
3.810879e+11 7.411415e+10
-3.744821e+06 5.855441e+06
2.579891e+09 1.715020e+09
2.911606e+12 -4.057115e+12
-5.213163e+08 1.211618e+08
2.822046e+08 1.290512e+07
-1.681895e+10 -3.387113e+10
1.183828e+21 -9.779656e+20
1.808431e+05 4.812315e+06
7.410568e+00 2.689180e+06
2.481278e+07 -8.854834e+07
7.201100e+13 -5.010145e+13
-5.361537e+00 1.060744e+06
7.279236e+08 -5.313758e+08
-3.256543e+06 -3.206278e+05
1.499673e+07 -9.955879e+05
1.077940e+08 -3.176032e+07
-3.294992e+08 1.851939e+08
9.887991e+06 8.379783e+05
-3.279153e+14 -6.249360e+14
-3.969735e+09 6.930082e+08
2.968913e+07 -1.137335e+08
9.344016e+09 7.989384e+09
-6.418719e+07 1.929491e+06
3.253858e+07 -9.067504e+07
-9.890806e+07 1.141310e+08
-2.645461e+15 1.252546e+16
8.893760e+07 4.254801e+07
1.818401e+09 5.416162e+09
2.184448e+11 -4.378707e+11
-7.201325e+13 5.009884e+13
-4.304804e+10 -1.407685e+10
3.071088e+10 7.657261e+08
-3.070896e+10 -7.656632e+08
9.936920e+07 -1.135704e+08
-4.665608e+07 1.685450e+08
5.693473e+16 2.117797e+17
-4.443987e+06 -1.122003e+07
-3.601489e+00 -3.764868e+06
-1.728496e+07 4.144896e+08
9.158751e+08 -5.402137e+07
2.513963e+06 -1.544597e+06
-2.518516e+06 1.555694e+06
-5.198733e+09 -2.490937e+09
6.414383e+07 -3.403163e+06
-9.202209e+00 2.408597e+07
-3.019558e+19 -6.358894e+19
3.541232e+07 -2.707030e+07
7.523182e+05 6.841547e+00
-6.026410e+06 -1.102776e+07
-1.683877e+08 6.291668e+07
7.410282e+06 3.588886e+06
1.931716e+06 -2.946732e+00
-5.827814e+08 -1.478344e+08
-2.311584e+06 -8.267094e+06
4.668362e+07 -1.686309e+08
-2.295225e+07 9.665229e+06
2.249709e+06 6.501858e+06
-2.712578e+10 -4.167539e+10
-1.184037e+21 9.781694e+20
1.473973e+05 -3.326431e+00
-2.967693e+07 1.138038e+08
-3.559186e+13 -1.295445e+13
5.027223e+08 -4.854562e+10
5.426797e+00 -3.745771e+06
-9.340545e+06 -1.081472e+08
-8.667197e+09 -1.120377e+11
-1.818942e+09 -5.417591e+09
1.667077e+09 1.239969e+09
-1.207395e+08 -3.860434e+08
8.115539e+07 1.362647e+08
-6.681838e+08 -1.219135e+09
-1.990813e+06 6.801470e-01
9.252153e+00 -2.698014e+06
-3.460575e+14 1.778892e+14
2.345753e+15 2.534040e+16
-7.877574e+06 -1.611790e-01
3.296584e+09 1.885210e+09
-1.067102e+01 3.227434e+06
-9.199273e+08 4.562818e+07
-3.513784e+07 2.705107e+07
7.928830e+06 -7.494712e+00
-2.170369e+08 1.856190e+08
-6.997485e+11 6.892572e+11
-2.226582e+05 -1.806006e+07
-2.514728e+13 9.081587e+14
-2.287124e+11 1.043420e+12
4.748358e+06 -1.269848e+07
4.985389e+07 7.584469e+06
-8.491667e+07 -1.442508e+08
2.719500e+07 -2.026324e+06
8.374086e+00 3.607040e+06
-4.435990e+07 -1.284121e+07
6.014395e+06 1.099519e+07
-5.193004e+09 1.528121e+09
-2.056458e+12 -2.266988e+12
5.533478e+07 -1.420689e+07
1.429254e+12 2.157218e+11
2.287839e+07 -9.785531e+06
3.667994e+08 9.518846e+08
-2.074656e+08 -2.199220e+08
-1.288560e+06 -7.103150e+05
-8.986138e+06 1.866824e+06
3.041765e+08 -3.974611e+07
-9.807839e+00 1.151504e+06
5.617457e+06 4.890909e+06
7.151629e+10 1.511993e+10
4.493187e+06 5.872869e+06
8.920965e+11 -1.667498e+11
-2.045419e+05 -4.926438e+04
-1.145710e+09 4.961070e+07
9.003184e+08 7.960991e+08
-1.285975e+15 1.159049e+15
-1.776962e+08 -3.315992e+08
-1.380933e+06 -1.311900e+06
4.435486e+07 1.293477e+07
5.503165e+09 2.279653e+10
-8.942313e+05 4.748781e-02
9.347065e+00 2.720034e+06
-1.992105e+13 6.440507e+12
-3.165262e+07 -1.918669e+07
-5.476930e+08 -1.546975e+08
-9.460978e+00 1.194487e+07
1.818620e+10 -1.184665e+10
-1.513328e+14 -4.983251e+13
9.136753e+06 1.108718e+07
-4.523112e+06 1.256518e+07
-5.024952e+08 4.854554e+10
3.266908e+08 8.385507e+07
5.499369e+06 -1.016713e+06
3.183460e+06 -8.926579e+05
-4.548536e+07 2.001812e+07
-2.345778e+15 -2.533934e+16
-2.909564e+06 -4.474341e+00
4.586090e+11 -7.988108e+10
1.927501e+11 -1.380413e+09
-1.927782e+11 1.380492e+09
9.987121e+10 3.298994e+10
-1.535643e+13 5.515436e+12
5.612659e+12 1.772848e+11
6.788739e+10 1.969033e+10
-2.377137e+07 4.582599e+07
4.305809e+10 1.407660e+10
1.734238e+07 -4.149676e+08
6.197344e+06 -1.233278e+07
-3.649247e+09 -2.209960e+08
7.007503e+05 1.713818e-01
5.649118e+09 1.085747e+09
-8.974263e+07 -4.272293e+07
6.639832e+06 -2.603089e+07
-3.689212e+00 -1.173690e+07
-1.544038e+06 -1.649993e-01
2.722234e+11 6.103759e+11
-8.982597e+07 7.249737e+07
-2.653497e+07 2.753857e+06
7.571710e+07 6.264786e+07
-1.334164e+07 5.793809e+07
-4.379105e+10 5.896926e+10
-7.045040e+08 1.200918e+08
2.108221e+06 -4.338696e+00
2.486204e+08 -2.438985e+08
2.514832e+13 -9.081492e+14
-1.009451e+09 -1.709566e+09
-9.782519e+08 1.996477e+09
-9.115958e+07 7.656668e+06
1.285988e+15 -1.159025e+15
-1.413365e+07 2.611725e+06
3.649565e+09 2.201531e+08
3.019778e+19 6.360153e+19
-3.267191e+08 -8.401833e+07
-8.177796e+07 -1.352280e+08
-6.560077e+06 2.609889e+07
-9.774785e+06 -1.207693e+06
8.674616e+05 6.783852e+06
-4.858179e+09 6.315514e+10
2.417875e+08 -4.220436e+08
3.374176e+11 5.276332e+12
4.379196e+10 -5.896439e+10
1.990750e+08 -7.436547e+08
5.456036e+08 1.562066e+08
-3.676639e+08 -9.500737e+08
1.180741e+06 -3.374909e+00
9.231114e+06 2.100301e+00
8.575596e+05 1.730015e+07
-8.995842e+08 -7.952897e+08
1.193436e+08 3.869892e+08
-7.641119e+07 -6.296572e+07
2.286977e+11 -1.043368e+12
-4.936205e+07 -7.671871e+06
7.277186e+06 1.318071e+06
1.979950e+10 1.375243e+10
-1.559714e+00 -1.093423e+07
9.763606e+08 -1.996250e+09
1.145707e+09 -4.961696e+07
-6.883069e+06 7.001197e+06
-7.336129e+06 -3.985659e+06
-2.014444e+07 -1.111399e+01
8.528577e+06 5.782740e+06
