1.971259e+06 1.007731e+01
7.827331e+06 -1.378347e+06
8.192958e+09 1.058909e+11
1.944109e+12 2.143280e+12
-1.468241e+12 -2.007947e+12
-5.342480e+09 -1.026325e+09
1.522471e+07 -5.451729e+07
-6.864583e+06 -5.635248e+06
-2.266060e+06 -1.496477e+07
-4.996421e+06 -7.145391e+00
7.235357e+05 -1.584118e+06
-3.359236e+07 8.941805e+07
4.592774e+09 -5.970937e+10
4.909055e+09 -1.444285e+09
-4.946139e+10 -1.071189e+10
4.914685e+09 2.354799e+09
-1.311070e+06 4.246214e+07
-6.595620e+06 -2.291120e+06
1.898988e+07 2.777192e+00
-2.353226e+08 2.301745e+08
-2.141052e+06 -4.294498e+06
-3.781456e+09 1.414156e+09
1.422500e+09 4.607461e+10
-6.760679e+10 -1.429310e+10
-5.187235e+07 1.014849e+08
-1.350145e+07 1.336803e+06
7.355956e+05 -1.384927e+05
8.599623e+07 -6.715078e+07
-2.155483e+13 -5.854841e+12
-3.278240e+00 -3.503902e+06
4.224997e+07 -1.907993e+07
-1.291561e+08 2.527625e+07
-3.183673e+10 -9.570070e+09
-3.117730e+09 -1.782452e+09
-3.977479e+07 -5.662700e+06
8.968114e+10 -5.628434e+10
3.101018e+14 5.909877e+14
7.585305e+05 1.413673e+06
4.947487e+10 1.071440e+10
1.666392e+08 1.341571e+08
9.496786e+10 -1.065793e+10
2.090727e+06 4.287586e+06
-6.367302e+00 -2.018681e+06
-1.872203e+10 -1.300664e+10
1.421132e+07 1.030649e+08
2.094767e+06 -1.987439e+06
-2.753786e+12 3.836996e+12
1.312612e+06 -1.000807e+06
1.292165e+08 -2.538881e+07
-1.994986e+09 -1.981761e+09
6.670185e+08 -1.150788e+08
3.003799e+07 1.798211e+07
-7.423977e+00 -1.534101e+06
1.526431e+07 -1.716298e+06
3.365724e+13 1.225091e+13
3.779962e+09 -1.415107e+09
-4.336747e+11 7.553187e+10
5.515814e+08 1.399114e+08
3.971222e+06 1.032520e+07
-4.452227e+07 -1.340434e+08
-1.883172e+13 -2.529860e+13
-8.434463e+11 1.576744e+11
6.378906e+07 -1.278115e+08
1.984593e+08 2.203724e+08
-3.843496e+15 5.492496e+15
-3.547023e+08 1.160977e+08
2.127202e+07 -4.325174e+07
-1.351390e+12 -2.039679e+11
-8.835319e+09 -7.553093e+09
6.827442e+09 -9.587849e+08
4.977553e+06 -9.413957e+00
-1.306652e+10 -1.454092e+10
2.155721e+13 5.854711e+12
1.891146e+09 4.708036e+08
1.108979e+05 -5.170241e+00
-9.442283e+10 -3.119908e+10
-3.186998e+11 -4.985409e+12
-3.182385e+09 -6.197013e+09
-3.526286e+06 3.645421e+06
-4.594579e+08 -1.448294e+08
-5.254595e+09 -2.153164e+10
1.883276e+13 2.529944e+13
-5.205731e+09 3.390600e+09
5.194651e+07 -1.015677e+08
-6.885336e+08 5.027391e+08
-2.671730e+08 -1.330741e+07
2.742301e+00 -1.714468e+07
1.468437e+12 2.008035e+12
-2.073559e+06 6.741380e+00
-1.652548e+05 -5.611379e-01
-6.382843e+07 1.275206e+08
1.306606e+10 1.454189e+10
-2.439096e+09 -1.621410e+09
4.224078e+17 -6.878016e+17
3.184599e+10 9.574116e+09
5.612262e+00 -3.426995e+06
9.534380e+08 1.618226e+09
2.535199e+06 -3.324255e+06
-9.318222e+04 -2.410257e+06
-1.719595e+10 1.120156e+10
-1.420778e+09 -4.608469e+10
1.419541e+12 -1.368443e+12
-1.578614e+09 -1.173213e+09
-6.934864e+11 1.047829e+12
7.367647e+04 2.161156e+06
2.322143e+07 1.423777e+08
6.935323e+11 -1.047690e+12
8.818359e+05 2.404495e+00
3.271819e+14 -1.681903e+14
-8.967832e+10 5.627944e+10
2.397229e+11 1.349791e+12
4.512118e+07 7.432894e+00
-3.686483e+08 3.538387e+08
-6.827619e+09 9.590818e+08
1.452027e+13 -5.215052e+12
-1.890656e+09 -4.717327e+08
-3.038087e+06 9.086557e+05
3.844978e+15 -5.493404e+15
2.038354e+06 3.868512e+06
-6.418330e+10 -1.861670e+10
-4.224217e+17 6.877865e+17
-6.487448e+08 3.996682e+08
1.883330e+13 -6.086026e+12
5.205299e+09 -3.390288e+09
-1.880737e+08 7.031346e+08
6.610646e+11 -6.517697e+11
1.676275e+08 3.139683e+08
2.564673e+10 3.940338e+10
-6.698413e+06 1.157301e+07
5.942509e+08 -6.397136e+08
-3.401092e+06 -1.626938e+07
3.435896e+06 1.623762e+07
-1.074165e+01 -1.689103e+07
-2.065626e+11 4.140391e+11
-1.012935e+08 3.083703e+07
-1.659846e+08 -1.319110e+08
-2.301278e+07 -3.755792e+07
-9.666724e-01 1.517705e+07
3.225351e+09 6.206338e+09
-8.511292e+07 2.293322e+08
2.501703e+15 -1.184557e+16
1.431679e+07 -7.277682e+06
-4.027700e+06 -1.634184e+07
6.468528e+08 -3.994890e+08
-1.302455e+06 -4.181288e+06
-5.383685e+16 -2.002810e+17
-8.506259e+05 -1.113048e+00
8.553348e+07 -6.891519e+06
-1.288182e+09 -1.238206e+08
-6.568796e+06 -1.060674e+06
-5.943111e+08 6.397223e+08
-5.650790e+06 -6.463970e+06
-1.245651e+08 1.396369e+08
-3.603944e+11 -7.009836e+10
-8.762505e+10 3.210467e+11
3.398541e+00 8.968095e+05
-5.305448e+12 -1.675990e+11
1.601171e+08 -5.941669e+07
6.133412e+13 -1.062427e+14
-6.704626e+00 -4.014547e+07
5.905682e+06 -7.320651e+06
-2.514422e+05 -2.130013e+06
4.934825e+08 -1.136905e+08
3.810462e+05 2.135989e+06
1.284554e+06 4.138617e+06
-9.493114e+10 1.065545e+10
-7.711462e+06 -2.176821e+05
-2.396987e+11 -1.349686e+12
1.590594e+10 3.202881e+10
-2.573462e+11 -5.770075e+11
-8.588585e+15 3.532153e+14
3.909303e+06 1.690196e+07
1.245185e+08 -1.396380e+08
1.384174e+06 1.528230e+07
8.761722e+10 -3.210325e+11
-3.104076e+08 -2.933482e+08
1.430467e+14 4.710915e+13
4.603187e+08 1.448734e+08
3.755928e+09 -6.533029e+08
8.515500e+07 -2.293210e+08
1.288127e+09 1.241405e+08
3.116239e+08 -2.636371e+08
1.994833e+09 1.981490e+09
-2.285838e+08 3.990793e+08
6.312789e+08 1.151916e+09
-7.163082e+06 -3.302555e+06
4.493219e+07 6.452297e+06
-6.133749e+13 1.062532e+14
-4.489339e+07 -6.256518e+06
-6.984434e+06 -1.133475e+07
8.589531e+15 -3.532893e+14
-4.285559e+07 9.906962e+05
2.232183e+11 -4.970210e+10
-1.419584e+12 1.368581e+12
-2.215260e+07 8.068854e+07
-2.232719e+11 4.971008e+10
3.104134e+08 2.933664e+08
2.500014e+07 3.854867e+07
-5.822742e+05 -1.653252e+07
-3.914371e+00 3.033135e+06
2.430659e+06 -3.126599e+06
4.493141e+08 1.519197e+08
3.603909e+11 7.008883e+10
-3.541424e+06 5.537540e+06
2.439815e+09 1.621902e+09
2.753363e+12 -3.836573e+12
-4.929818e+08 1.145762e+08
2.668750e+08 1.220407e+07
-1.590569e+10 -3.203096e+10
1.119513e+21 -9.248443e+20
1.710399e+05 4.550865e+06
-5.278403e+00 2.543176e+06
2.346528e+07 -8.373897e+07
6.810012e+13 -4.737959e+13
6.327714e+00 1.003099e+06
6.883656e+08 -5.025004e+08
-3.079513e+06 -3.031461e+05
1.418209e+07 -9.414347e+05
1.019365e+08 -3.003478e+07
-3.115920e+08 1.751300e+08
9.350667e+06 7.922902e+05
-3.101018e+14 -5.909877e+14
-3.753988e+09 6.553550e+08
2.807728e+07 -1.075602e+08
8.836643e+09 7.555511e+09
-6.070412e+07 1.824768e+06
3.077200e+07 -8.575185e+07
-9.353348e+07 1.079292e+08
-2.501730e+15 1.184492e+16
8.410966e+07 4.023795e+07
1.719673e+09 5.122079e+09
2.065529e+11 -4.140251e+11
-6.810162e+13 4.737751e+13
-4.071027e+10 -1.331244e+10
2.904291e+10 7.241452e+08
-2.904131e+10 -7.240840e+08
9.397079e+07 -1.073990e+08
-4.412155e+07 1.593893e+08
5.383803e+16 2.002611e+17
-4.202530e+06 -1.061028e+07
-8.290753e+00 -3.560274e+06
-1.634551e+07 3.919593e+08
8.660906e+08 -5.108433e+07
2.377374e+06 -1.460586e+06
-2.381655e+06 1.471142e+06
-4.916181e+09 -2.355556e+09
6.065796e+07 -3.218143e+06
5.465212e+00 2.277736e+07
-2.855525e+19 -6.013424e+19
3.348827e+07 -2.559943e+07
7.113346e+05 -2.581682e+00
-5.698891e+06 -1.042850e+07
-1.592403e+08 5.949834e+07
7.007680e+06 3.393865e+06
1.826771e+06 7.034325e-01
-5.511196e+08 -1.398010e+08
-2.185975e+06 -7.817864e+06
4.414737e+07 -1.594709e+08
-2.170509e+07 9.139916e+06
2.127403e+06 6.148575e+06
-2.565199e+10 -3.941105e+10
-1.119711e+21 9.250277e+20
1.394184e+05 4.945891e+00
-2.806471e+07 1.076219e+08
-3.365873e+13 -1.225078e+13
4.754198e+08 -4.590908e+10
4.211367e+00 -3.542200e+06
-8.833094e+06 -1.022741e+08
-8.196568e+09 -1.059544e+11
-1.720164e+09 -5.123344e+09
1.576531e+09 1.172606e+09
-1.141784e+08 -3.650697e+08
7.674719e+07 1.288618e+08
-6.318866e+08 -1.152907e+09
-1.882520e+06 -9.150867e+00
2.323857e+00 -2.551209e+06
-3.272540e+14 1.682199e+14
2.218323e+15 2.396384e+16
-7.449472e+06 9.306561e+00
3.117490e+09 1.782794e+09
-7.790582e+00 3.052077e+06
-8.699219e+08 4.314764e+07
-3.322854e+07 2.558131e+07
7.497907e+06 4.233985e+00
-2.052438e+08 1.755316e+08
-6.617334e+11 6.518121e+11
-2.105134e+05 -1.707901e+07
-2.378110e+13 8.588221e+14
-2.162916e+11 9.867440e+11
4.490406e+06 -1.200877e+07
4.714565e+07 7.172349e+06
-8.030270e+07 -1.364117e+08
2.571732e+07 -1.916094e+06
7.761699e+00 3.410987e+06
-4.195009e+07 -1.214335e+07
5.687419e+06 1.039782e+07
-4.910820e+09 1.445079e+09
-1.944730e+12 -2.143824e+12
5.232879e+07 -1.343509e+07
1.351672e+12 2.040035e+11
2.163544e+07 -9.254060e+06
3.468820e+08 9.001962e+08
-1.961725e+08 -2.079478e+08
-1.218610e+06 -6.717508e+05
-8.498016e+06 1.765389e+06
2.876516e+08 -3.758680e+07
-6.343520e+00 1.089053e+06
5.312467e+06 4.625331e+06
6.763299e+10 1.429892e+10
4.249170e+06 5.553929e+06
8.436418e+11 -1.576926e+11
-1.934403e+05 -4.661582e+04
-1.083482e+09 4.691596e+07
8.514097e+08 7.528525e+08
-1.216113e+15 1.096085e+15
-1.680450e+08 -3.135884e+08
-1.305927e+06 -1.240549e+06
4.194470e+07 1.223180e+07
5.204130e+09 2.155802e+10
-8.455457e+05 -5.902359e+00
-9.974071e+00 2.572226e+06
-1.883890e+13 6.090586e+12
-2.993277e+07 -1.814433e+07
-5.179352e+08 -1.462922e+08
-8.572056e+00 1.129593e+07
1.719792e+10 -1.120289e+10
-1.431066e+14 -4.712369e+13
8.640404e+06 1.048470e+07
-4.277346e+06 1.188262e+07
-4.752036e+08 4.590898e+10
3.089496e+08 7.929950e+07
5.200358e+06 -9.613254e+05
3.010375e+06 -8.440729e+05
-4.301360e+07 1.893044e+07
-2.218347e+15 -2.396357e+16
-2.751486e+06 -5.980729e+00
4.337022e+11 -7.554367e+10
1.822812e+11 -1.305463e+09
-1.823094e+11 1.305510e+09
9.444651e+10 3.119797e+10
-1.452218e+13 5.215857e+12
5.307845e+12 1.676567e+11
6.419969e+10 1.862091e+10
-2.248017e+07 4.333689e+07
4.071850e+10 1.331181e+10
1.639939e+07 -3.924077e+08
5.860275e+06 -1.166195e+07
-3.451034e+09 -2.089924e+08
6.625930e+05 1.136714e+01
5.342216e+09 1.026760e+09
-8.486796e+07 -4.040218e+07
6.279057e+06 -2.461658e+07
-1.665580e+00 -1.109905e+07
-1.460114e+06 9.289437e+00
2.574370e+11 5.772235e+11
-8.494580e+07 6.855864e+07
-2.509327e+07 2.604263e+06
7.160211e+07 5.924312e+07
-1.261683e+07 5.479048e+07
-4.141208e+10 5.576576e+10
-6.662187e+08 1.135666e+08
1.993660e+06 -8.644266e+00
2.351167e+08 -2.306492e+08
2.378215e+13 -8.588126e+14
-9.546156e+08 -1.616699e+09
-9.250238e+08 1.887845e+09
-8.620906e+07 7.240880e+06
1.216167e+15 -1.096097e+15
-1.336615e+07 2.469939e+06
3.451423e+09 2.081981e+08
2.855776e+19 6.014683e+19
-3.089803e+08 -7.945594e+07
-7.733631e+07 -1.278821e+08
-6.203798e+06 2.468188e+07
-9.243960e+06 -1.142111e+06
8.203568e+05 6.415404e+06
-4.594297e+09 5.972471e+10
2.286447e+08 -3.991023e+08
3.190768e+11 4.989533e+12
4.141300e+10 -5.576150e+10
1.882632e+08 -7.032667e+08
5.159730e+08 1.477234e+08
-3.476949e+08 -8.984945e+08
1.116747e+06 7.048107e+00
8.729889e+06 -2.659766e+00
8.109839e+05 1.636093e+07
-8.507520e+08 -7.521193e+08
1.128632e+08 3.659678e+08
-7.225955e+07 -5.954464e+07
2.162770e+11 -9.866919e+11
-4.668077e+07 -7.255208e+06
6.881775e+06 1.246442e+06
1.872393e+10 1.300526e+10
5.182574e+00 -1.033870e+07
9.232338e+08 -1.887656e+09
1.083490e+09 -4.692293e+07
-6.508915e+06 6.620596e+06
-6.937654e+06 -3.769173e+06
-1.905024e+07 -8.084691e+00
8.065273e+06 5.468436e+06
