1.921560e+06 -3.143135e+00
7.630051e+06 -1.343681e+06
7.986455e+09 1.032202e+11
1.895023e+12 2.089146e+12
-1.431169e+12 -1.957276e+12
-5.207564e+09 -1.000408e+09
1.484014e+07 -5.314127e+07
-6.691426e+06 -5.493038e+06
-2.208926e+06 -1.458709e+07
-4.870326e+06 -8.911004e+00
7.052579e+05 -1.544188e+06
-3.274435e+07 8.715994e+07
4.476822e+09 -5.820199e+10
4.785086e+09 -1.407812e+09
-4.821346e+10 -1.044150e+10
4.790525e+09 2.295312e+09
-1.277925e+06 4.138878e+07
-6.428996e+06 -2.233225e+06
1.851022e+07 -5.272515e+00
-2.293791e+08 2.243609e+08
-2.087065e+06 -4.186142e+06
-3.686031e+09 1.378454e+09
1.386583e+09 4.491114e+10
-6.589973e+10 -1.393222e+10
-5.056232e+07 9.892307e+07
-1.316062e+07 1.302953e+06
7.169437e+05 -1.349303e+05
8.382324e+07 -6.545439e+07
-2.101067e+13 -5.707041e+12
7.774954e+00 -3.415364e+06
4.118415e+07 -1.859821e+07
-1.258952e+08 2.463810e+07
-3.103305e+10 -9.328441e+09
-3.039012e+09 -1.737469e+09
-3.877018e+07 -5.519631e+06
8.741600e+10 -5.486277e+10
3.022762e+14 5.760738e+14
7.394389e+05 1.377969e+06
4.822530e+10 1.044390e+10
1.624298e+08 1.307712e+08
9.257151e+10 -1.038911e+10
2.038045e+06 4.179417e+06
-1.756314e+00 -1.967762e+06
-1.824911e+10 -1.267810e+10
1.385241e+07 1.004620e+08
2.041806e+06 -1.937185e+06
-2.684168e+12 3.740115e+12
1.279462e+06 -9.755444e+05
1.259549e+08 -2.474775e+07
-1.944632e+09 -1.931745e+09
6.501784e+08 -1.121734e+08
2.927925e+07 1.752791e+07
-7.141925e+00 -1.495362e+06
1.487891e+07 -1.672966e+06
3.280763e+13 1.194165e+13
3.684553e+09 -1.379387e+09
-4.227281e+11 7.362600e+10
5.376566e+08 1.363795e+08
3.870941e+06 1.006456e+07
-4.339785e+07 -1.306584e+08
-1.835633e+13 -2.465981e+13
-8.221411e+11 1.536919e+11
6.217888e+07 -1.245863e+08
1.934365e+08 2.147929e+08
-3.746435e+15 5.353816e+15
-3.457513e+08 1.131681e+08
2.073524e+07 -4.215988e+07
-1.317265e+12 -1.988174e+11
-8.612030e+09 -7.362209e+09
6.655092e+09 -9.345822e+08
4.851880e+06 -8.144562e+00
-1.273670e+10 -1.417387e+10
2.101304e+13 5.707041e+12
1.843351e+09 4.589053e+08
1.081611e+05 -9.605103e+00
-9.203910e+10 -3.041155e+10
-3.106582e+11 -4.859494e+12
-3.102072e+09 -6.040638e+09
-3.437318e+06 3.553508e+06
-4.478446e+08 -1.411672e+08
-5.121972e+09 -2.098827e+10
1.835737e+13 2.466092e+13
-5.074297e+09 3.304999e+09
5.063503e+07 -9.900353e+07
-6.711458e+08 4.900432e+08
-2.604253e+08 -1.297135e+07
5.127448e-02 -1.671158e+07
1.431365e+12 1.957319e+12
-2.021160e+06 1.103760e+01
-1.610668e+05 2.488991e+00
-6.221626e+07 1.243041e+08
1.273623e+10 1.417467e+10
-2.377475e+09 -1.580482e+09
4.117394e+17 -6.704306e+17
3.104159e+10 9.332482e+09
-3.571922e+00 -3.340459e+06
9.293670e+08 1.577373e+09
2.471202e+06 -3.240342e+06
-9.083331e+04 -2.349477e+06
-1.676194e+10 1.091872e+10
-1.384938e+09 -4.492225e+10
1.383734e+12 -1.333925e+12
-1.538807e+09 -1.143629e+09
-6.759972e+11 1.021393e+12
7.190510e+04 2.106761e+06
2.263631e+07 1.387880e+08
6.760278e+11 -1.021255e+12
8.596048e+05 -5.344994e+00
3.189213e+14 -1.639441e+14
-8.741512e+10 5.485913e+10
2.336696e+11 1.315721e+12
4.398327e+07 9.724004e+00
-3.593492e+08 3.449138e+08
-6.655346e+09 9.348838e+08
1.415378e+13 -5.083534e+12
-1.842892e+09 -4.598165e+08
-2.961563e+06 8.857686e+05
3.748044e+15 -5.354966e+15
1.986998e+06 3.770982e+06
-6.256500e+10 -1.814709e+10
-4.117673e+17 6.704306e+17
-6.318642e+08 3.892690e+08
1.835820e+13 -5.933032e+12
5.074041e+09 -3.304798e+09
-1.833309e+08 6.854026e+08
6.443965e+11 -6.353366e+11
1.634010e+08 3.060513e+08
2.499997e+10 3.840969e+10
-6.529413e+06 1.128100e+07
5.792607e+08 -6.235765e+08
-3.315381e+06 -1.585914e+07
3.349272e+06 1.582812e+07
-3.502220e+00 -1.646491e+07
-2.013343e+11 4.035595e+11
-9.873685e+07 3.005870e+07
-1.617952e+08 -1.285816e+08
-2.243173e+07 -3.660963e+07
-6.566707e+00 1.479383e+07
3.143924e+09 6.049629e+09
-8.296415e+07 2.235430e+08
2.438521e+15 -1.154642e+16
1.395541e+07 -7.093930e+06
-3.925939e+06 -1.592912e+07
6.300161e+08 -3.890907e+08
-1.269471e+06 -4.075603e+06
-5.247584e+16 -1.952185e+17
-8.290321e+05 6.081376e+00
8.337375e+07 -6.717379e+06
-1.255669e+09 -1.206956e+08
-6.403005e+06 -1.033849e+06
-5.793070e+08 6.235712e+08
-5.508184e+06 -6.300851e+06
-1.214220e+08 1.361132e+08
-3.513003e+11 -6.832963e+10
-8.541309e+10 3.129451e+11
6.926345e-01 8.741731e+05
-5.171541e+12 -1.633711e+11
1.560771e+08 -5.791762e+07
5.978659e+13 -1.035608e+14
1.056624e+01 -3.913128e+07
5.756447e+06 -7.135675e+06
-2.451052e+05 -2.076184e+06
4.810131e+08 -1.108177e+08
3.713629e+05 2.082024e+06
1.252140e+06 4.034205e+06
-9.253585e+10 1.038663e+10
-7.516916e+06 -2.121012e+05
-2.336427e+11 -1.315587e+12
1.550415e+10 3.121971e+10
-2.508460e+11 -5.624334e+11
-8.371760e+15 3.442932e+14
3.810514e+06 1.647536e+07
1.213782e+08 -1.361171e+08
1.349314e+06 1.489702e+07
8.540623e+10 -3.129274e+11
-3.025692e+08 -2.859440e+08
1.394358e+14 4.592012e+13
4.486885e+08 1.412100e+08
3.661140e+09 -6.368086e+08
8.300624e+07 -2.235347e+08
1.255618e+09 1.210063e+08
3.037511e+08 -2.569795e+08
1.944467e+09 1.931459e+09
-2.228090e+08 3.889972e+08
6.153426e+08 1.122846e+09
-6.982231e+06 -3.219146e+06
4.379800e+07 6.289634e+06
-5.978997e+13 1.035701e+14
-4.375979e+07 -6.098319e+06
-6.807867e+06 -1.104829e+07
8.372518e+15 -3.443633e+14
-4.177284e+07 9.656499e+05
2.175775e+11 -4.844615e+10
-1.383731e+12 1.334017e+12
-2.159330e+07 7.865158e+07
-2.176359e+11 4.845522e+10
3.025753e+08 2.859589e+08
2.436891e+07 3.757540e+07
-5.675380e+05 -1.611494e+07
1.435551e+00 2.956478e+06
2.369247e+06 -3.047668e+06
4.379716e+08 1.480863e+08
3.512928e+11 6.832013e+10
-3.452097e+06 5.397627e+06
2.378193e+09 1.580910e+09
2.683715e+12 -3.739523e+12
-4.805130e+08 1.116794e+08
2.601320e+08 1.189563e+07
-1.550390e+10 -3.122185e+10
1.091247e+21 -9.015031e+20
1.667171e+05 4.435942e+06
-5.255407e+00 2.478979e+06
2.287313e+07 -8.162489e+07
6.637988e+13 -4.618229e+13
-8.048254e+00 9.777613e+05
6.709756e+08 -4.898009e+08
-3.001644e+06 -2.954423e+05
1.382388e+07 -9.176683e+05
9.936158e+07 -2.927634e+07
-3.037234e+08 1.707059e+08
9.114687e+06 7.723357e+05
-3.022762e+14 -5.760738e+14
-3.659207e+09 6.388072e+08
2.736870e+07 -1.048456e+08
8.613450e+09 7.364687e+09
-5.917221e+07 1.778692e+06
2.999531e+07 -8.358826e+07
-9.117139e+07 1.052036e+08
-2.438548e+15 1.154577e+16
8.198616e+07 3.922209e+07
1.676276e+09 4.992867e+09
2.013269e+11 -4.035501e+11
-6.638363e+13 4.618177e+13
-3.968287e+10 -1.297650e+10
2.831002e+10 7.058713e+08
-2.830842e+10 -7.058108e+08
9.159894e+07 -1.046886e+08
-4.300916e+07 1.553707e+08
5.247822e+16 1.952008e+17
-4.096552e+06 -1.034261e+07
3.371130e+00 -3.470573e+06
-1.593352e+07 3.820701e+08
8.442348e+08 -4.979521e+07
2.317461e+06 -1.423794e+06
-2.321629e+06 1.434062e+06
-4.792130e+09 -2.296120e+09
5.912722e+07 -3.136956e+06
1.037279e+01 2.220242e+07
-2.783401e+19 -5.861590e+19
3.264271e+07 -2.495308e+07
6.933884e+05 -9.866134e+00
-5.555057e+06 -1.016521e+07
-1.552192e+08 5.799530e+07
6.830666e+06 3.308057e+06
1.780593e+06 -9.264750e+00
-5.372129e+08 -1.362732e+08
-2.130787e+06 -7.620571e+06
4.303336e+07 -1.554458e+08
-2.115718e+07 8.909207e+06
2.073727e+06 5.993425e+06
-2.500438e+10 -3.841606e+10
-1.091444e+21 9.016763e+20
1.359327e+05 -2.476551e+00
-2.735652e+07 1.049050e+08
-3.280874e+13 -1.194138e+13
4.634098e+08 -4.474931e+10
3.483768e+00 -3.452668e+06
-8.609916e+06 -9.969056e+07
-7.989596e+09 -1.032803e+11
-1.676724e+09 -4.993965e+09
1.536719e+09 1.142993e+09
-1.112941e+08 -3.558477e+08
7.480806e+07 1.256074e+08
-6.159231e+08 -1.123780e+09
-1.834944e+06 -8.240373e+00
6.572346e+00 -2.486745e+06
-3.189826e+14 1.639682e+14
2.162289e+15 2.335854e+16
-7.261293e+06 -7.615550e+00
3.038759e+09 1.737771e+09
-5.756953e+00 2.974939e+06
-8.479348e+08 4.205712e+07
-3.238913e+07 2.493516e+07
7.308391e+06 -6.784526e+00
-2.000595e+08 1.710979e+08
-6.450249e+11 6.353541e+11
-2.051450e+05 -1.664769e+07
-2.318052e+13 8.371332e+14
-2.108293e+11 9.618350e+11
4.377062e+06 -1.170564e+07
4.595561e+07 6.991313e+06
-7.827350e+07 -1.329647e+08
2.506746e+07 -1.867637e+06
-9.701607e+00 3.324835e+06
-4.089073e+07 -1.183667e+07
5.543758e+06 1.013504e+07
-4.786739e+09 1.408564e+09
-1.895602e+12 -2.089690e+12
5.100672e+07 -1.309566e+07
1.317532e+12 1.988508e+11
2.108879e+07 -9.020237e+06
3.381189e+08 8.774548e+08
-1.912029e+08 -2.026795e+08
-1.187838e+06 -6.547974e+05
-8.283347e+06 1.720847e+06
2.803857e+08 -3.663696e+07
4.160970e+00 1.061543e+06
5.178248e+06 4.508485e+06
6.592521e+10 1.393785e+10
4.141864e+06 5.413681e+06
8.223366e+11 -1.537102e+11
-1.885553e+05 -4.544835e+04
-1.056121e+09 4.573167e+07
8.299185e+08 7.338492e+08
-1.185415e+15 1.068417e+15
-1.638032e+08 -3.056726e+08
-1.272979e+06 -1.209212e+06
4.088541e+07 1.192321e+07
5.072812e+09 2.101404e+10
-8.242449e+05 3.559419e-01
7.819413e+00 2.507361e+06
-1.836359e+13 5.936921e+12
-2.917722e+07 -1.768632e+07
-5.048559e+08 -1.425978e+08
6.289994e+00 1.101065e+07
1.676336e+10 -1.091982e+10
-1.394894e+14 -4.593258e+13
8.422035e+06 1.021975e+07
-4.169283e+06 1.158265e+07
-4.632089e+08 4.475021e+10
3.011523e+08 7.729813e+07
5.069065e+06 -9.369901e+05
2.934373e+06 -8.227176e+05
-4.192741e+07 1.845239e+07
-2.162363e+15 -2.335854e+16
-2.681964e+06 -4.679032e+00
4.227509e+11 -7.363617e+10
1.776773e+11 -1.272495e+09
-1.777054e+11 1.272541e+09
9.206177e+10 3.041020e+10
-1.415553e+13 5.084167e+12
5.173821e+12 1.634233e+11
6.257854e+10 1.815069e+10
-2.191251e+07 4.224253e+07
3.969019e+10 1.297560e+10
1.598489e+07 -3.824902e+08
5.712130e+06 -1.136720e+07
-3.363881e+09 -2.037146e+08
6.458421e+05 -3.568930e+00
5.207214e+09 1.000812e+09
-8.272367e+07 -3.938134e+07
6.120409e+06 -2.399473e+07
-5.705567e+00 -1.081863e+07
-1.423212e+06 5.211510e+00
2.509312e+11 5.626368e+11
-8.279856e+07 6.682563e+07
-2.445888e+07 2.538385e+06
6.979154e+07 5.774506e+07
-1.229790e+07 5.340554e+07
-4.036535e+10 5.435686e+10
-6.493809e+08 1.106963e+08
1.943241e+06 2.921064e+00
2.291767e+08 -2.248221e+08
2.318130e+13 -8.371143e+14
-9.305155e+08 -1.575884e+09
-9.016403e+08 1.840101e+09
-8.403252e+07 7.058046e+06
1.185455e+15 -1.068417e+15
-1.302876e+07 2.407617e+06
3.364268e+09 2.029407e+08
2.783652e+19 5.862782e+19
-3.011757e+08 -7.744814e+07
-7.538252e+07 -1.246514e+08
-6.047135e+06 2.405853e+07
-9.010436e+06 -1.113242e+06
7.996338e+05 6.253312e+06
-4.478343e+09 5.821732e+10
2.228695e+08 -3.890216e+08
3.110176e+11 4.863509e+12
4.036718e+10 -5.435383e+10
1.835085e+08 -6.855127e+08
5.029478e+08 1.439943e+08
-3.389146e+08 -8.758190e+08
1.088540e+06 -9.301196e-01
8.509327e+06 -5.474326e+00
7.905327e+05 1.594771e+07
-8.292684e+08 -7.331266e+08
1.100135e+08 3.567230e+08
-7.043458e+07 -5.804019e+07
2.108122e+11 -9.617611e+11
-4.550127e+07 -7.071836e+06
6.707783e+06 1.214910e+06
1.825101e+10 1.267659e+10
-9.437001e+00 -1.007665e+07
8.998641e+08 -1.839878e+09
1.056116e+09 -4.573734e+07
-6.344195e+06 6.453156e+06
-6.762208e+06 -3.673821e+06
-1.856867e+07 4.829098e+00
7.861391e+06 5.330167e+06
