2.065122e+06 -1.028520e+01
8.201082e+06 -1.444108e+06
8.584302e+09 1.109452e+11
2.037033e+12 2.245669e+12
-1.538390e+12 -2.103870e+12
-5.597891e+09 -1.075402e+09
1.595227e+07 -5.711961e+07
-7.192478e+06 -5.904534e+06
-2.374369e+06 -1.567919e+07
-5.235080e+06 -7.493733e+00
7.579882e+05 -1.659708e+06
-3.519706e+07 9.369108e+07
4.812282e+09 -6.256301e+10
5.143742e+09 -1.513334e+09
-5.182427e+10 -1.122339e+10
5.149572e+09 2.467387e+09
-1.373736e+06 4.449116e+07
-6.910435e+06 -2.400398e+06
1.989657e+07 -5.054083e+00
-2.465668e+08 2.411754e+08
-2.243290e+06 -4.499477e+06
-3.962017e+09 1.481714e+09
1.490464e+09 4.827565e+10
-7.083843e+10 -1.497629e+10
-5.435172e+07 1.063345e+08
-1.414648e+07 1.400667e+06
7.707059e+05 -1.451096e+05
9.010699e+07 -7.035981e+07
-2.258452e+13 -6.134576e+12
-1.091066e+01 -3.671335e+06
4.426795e+07 -1.999172e+07
-1.353234e+08 2.648367e+07
-3.335814e+10 -1.002739e+10
-3.266683e+09 -1.867608e+09
-4.167523e+07 -5.933282e+06
9.396743e+10 -5.897435e+10
3.249128e+14 6.192139e+14
7.946776e+05 1.481200e+06
5.183723e+10 1.122602e+10
1.745971e+08 1.405652e+08
9.950219e+10 -1.116681e+10
2.190521e+06 4.492337e+06
1.184610e+00 -2.114964e+06
-1.961630e+10 -1.362789e+10
1.489012e+07 1.079866e+08
2.194765e+06 -2.082318e+06
-2.885432e+12 4.020393e+12
1.375245e+06 -1.048410e+06
1.353850e+08 -2.660086e+07
-2.090288e+09 -2.076465e+09
6.988978e+08 -1.205815e+08
3.147332e+07 1.884157e+07
-5.412255e+00 -1.607388e+06
1.599339e+07 -1.798212e+06
3.526454e+13 1.283598e+13
3.960497e+09 -1.482728e+09
-4.543930e+11 7.913897e+10
5.779241e+08 1.465946e+08
4.160912e+06 1.081856e+07
-4.664990e+07 -1.404487e+08
-1.973145e+13 -2.650706e+13
-8.837432e+11 1.652086e+11
6.683730e+07 -1.339198e+08
2.079699e+08 2.309352e+08
-4.027159e+15 5.754971e+15
-3.716551e+08 1.216475e+08
2.228891e+07 -4.531926e+07
-1.415980e+12 -2.137162e+11
-9.257932e+09 -7.914458e+09
7.153719e+09 -1.004593e+09
5.215412e+06 -9.592222e+00
-1.369078e+10 -1.523596e+10
2.258761e+13 6.134511e+12
1.981728e+09 4.933482e+08
1.162374e+05 -2.432583e+00
-9.893550e+10 -3.268997e+10
-3.339111e+11 -5.223436e+12
-3.334209e+09 -6.492554e+09
-3.694314e+06 3.819201e+06
-4.814111e+08 -1.517491e+08
-5.505363e+09 -2.255953e+10
1.973187e+13 2.650734e+13
-5.454319e+09 3.552501e+09
5.442750e+07 -1.064173e+08
-7.213974e+08 5.267403e+08
-2.799292e+08 -1.394242e+07
-5.464149e+00 -1.796270e+07
1.538505e+12 2.103825e+12
-2.172239e+06 8.400534e+00
-1.729888e+05 -9.208704e+00
-6.687470e+07 1.336053e+08
1.369003e+10 1.523644e+10
-2.555647e+09 -1.698907e+09
4.425906e+17 -7.206648e+17
3.336742e+10 1.003165e+10
-1.882827e+00 -3.590943e+06
9.990165e+08 1.695600e+09
2.656448e+06 -3.483215e+06
-9.769708e+04 -2.525499e+06
-1.801793e+10 1.173701e+10
-1.488686e+09 -4.828675e+10
1.487355e+12 -1.433817e+12
-1.654018e+09 -1.229268e+09
-7.266235e+11 1.097895e+12
7.718145e+04 2.264435e+06
2.433166e+07 1.491858e+08
7.266999e+11 -1.097802e+12
9.240618e+05 1.819894e+00
3.428305e+14 -1.762341e+14
-9.396565e+10 5.897066e+10
2.511927e+11 1.414359e+12
4.727798e+07 2.504922e+00
-3.862597e+08 3.707495e+08
-7.153969e+09 1.004922e+09
1.521453e+13 -5.464357e+12
-1.981198e+09 -4.943214e+08
-3.183483e+06 9.522177e+05
4.028768e+15 -5.755939e+15
2.135965e+06 4.053713e+06
-6.725163e+10 -1.950671e+10
-4.426139e+17 7.206573e+17
-6.807156e+08 4.193636e+08
1.973350e+13 -6.376789e+12
5.454167e+09 -3.552377e+09
-1.970645e+08 7.367551e+08
6.926676e+11 -6.829058e+11
1.756392e+08 3.289726e+08
2.687244e+10 4.128571e+10
-7.018768e+06 1.212671e+07
6.226539e+08 -6.702825e+08
-3.563539e+06 -1.704643e+07
3.600141e+06 1.701358e+07
1.114273e+00 -1.769835e+07
-2.164645e+11 4.338914e+11
-1.061345e+08 3.230975e+07
-1.739171e+08 -1.382137e+08
-2.411224e+07 -3.935272e+07
6.439702e+00 1.590212e+07
3.379394e+09 6.502730e+09
-8.917981e+07 2.402919e+08
2.621258e+15 -1.241177e+16
1.500091e+07 -7.625440e+06
-4.220197e+06 -1.712304e+07
6.787265e+08 -4.191740e+08
-1.364613e+06 -4.381020e+06
-5.641337e+16 -2.098648e+17
-8.913347e+05 6.830981e+00
8.962275e+07 -7.221055e+06
-1.349744e+09 -1.297391e+08
-6.882938e+06 -1.111441e+06
-6.227089e+08 6.702769e+08
-5.920840e+06 -6.772819e+06
-1.305165e+08 1.463091e+08
-3.776140e+11 -7.344667e+10
-9.181058e+10 3.363800e+11
9.956917e+00 9.396985e+05
-5.558943e+12 -1.756080e+11
1.677701e+08 -6.225651e+07
6.426563e+13 -1.113197e+14
-9.390860e-01 -4.206410e+07
6.187997e+06 -7.670618e+06
-2.633738e+05 -2.231699e+06
5.170721e+08 -1.191263e+08
3.992488e+05 2.238066e+06
1.345848e+06 4.336246e+06
-9.946547e+10 1.116434e+10
-8.079722e+06 -2.281629e+05
-2.511526e+11 -1.414194e+12
1.666589e+10 3.355917e+10
-2.696407e+11 -6.045730e+11
-8.998867e+15 3.700868e+14
4.096006e+06 1.770939e+07
1.304658e+08 -1.463075e+08
1.450296e+06 1.601199e+07
9.180082e+10 -3.363622e+11
-3.252326e+08 -3.073582e+08
1.498790e+14 4.936001e+13
4.823497e+08 1.518068e+08
3.935447e+09 -6.845277e+08
8.922284e+07 -2.402749e+08
1.349669e+09 1.300697e+08
3.265077e+08 -2.762288e+08
2.090093e+09 2.076116e+09
-2.395031e+08 4.181480e+08
6.614273e+08 1.206934e+09
-7.505241e+06 -3.460300e+06
4.707776e+07 6.760423e+06
-6.426834e+13 1.113291e+14
-4.703688e+07 -6.555195e+06
-7.317952e+06 -1.187581e+07
8.999529e+15 -3.701530e+14
-4.490218e+07 1.038034e+06
2.338803e+11 -5.207604e+10
-1.487367e+12 1.433940e+12
-2.321068e+07 8.454211e+07
-2.339315e+11 5.208349e+10
3.252380e+08 3.073764e+08
2.619424e+07 4.038990e+07
-6.100674e+05 -1.732196e+07
2.303194e+00 3.178000e+06
2.546823e+06 -3.276002e+06
4.707720e+08 1.591749e+08
3.776026e+11 7.343632e+10
-3.710534e+06 5.801854e+06
2.556285e+09 1.699330e+09
2.884949e+12 -4.019970e+12
-5.165441e+08 1.200526e+08
2.796227e+08 1.278704e+07
-1.666510e+10 -3.356132e+10
1.173000e+21 -9.690204e+20
1.791813e+05 4.768286e+06
7.692544e+00 2.664574e+06
2.458580e+07 -8.773845e+07
7.135306e+13 -4.964320e+13
4.693190e+00 1.050993e+06
7.212648e+08 -5.265152e+08
-3.226706e+06 -3.176438e+05
1.485954e+07 -9.864337e+05
1.068079e+08 -3.147008e+07
-3.264849e+08 1.834999e+08
9.797488e+06 8.302606e+05
-3.249162e+14 -6.192205e+14
-3.933412e+09 6.866664e+08
2.941752e+07 -1.126931e+08
9.258479e+09 7.916253e+09
-6.360007e+07 1.911813e+06
3.224101e+07 -8.984679e+07
-9.800318e+07 1.130868e+08
-2.621286e+15 1.241099e+16
8.812603e+07 4.215980e+07
1.801808e+09 5.366734e+09
2.164457e+11 -4.338545e+11
-7.135456e+13 4.964059e+13
-4.265475e+10 -1.394825e+10
3.043033e+10 7.587308e+08
-3.042841e+10 -7.586683e+08
9.846086e+07 -1.125324e+08
-4.622939e+07 1.670035e+08
5.641337e+16 2.098405e+17
-4.403302e+06 -1.111736e+07
-1.059376e+01 -3.730415e+06
-1.712675e+07 4.106964e+08
9.074917e+08 -5.352688e+07
2.490959e+06 -1.530437e+06
-2.495448e+06 1.541433e+06
-5.151172e+09 -2.468148e+09
6.355714e+07 -3.372026e+06
6.917120e-01 2.386568e+07
-2.991972e+19 -6.300797e+19
3.508874e+07 -2.682293e+07
7.454152e+05 -7.233397e+00
-5.971321e+06 -1.092684e+07
-1.668473e+08 6.234114e+07
7.342467e+06 3.556025e+06
1.914014e+06 9.921588e+00
-5.774518e+08 -1.464824e+08
-2.290414e+06 -8.191465e+06
4.625667e+07 -1.670889e+08
-2.274229e+07 9.576779e+06
2.229066e+06 6.442335e+06
-2.687798e+10 -4.129467e+10
-1.173222e+21 9.692343e+20
1.460173e+05 6.337395e+00
-2.940544e+07 1.127630e+08
-3.526640e+13 -1.283598e+13
4.981256e+08 -4.810173e+10
-3.117531e+00 -3.711471e+06
-9.255093e+06 -1.071583e+08
-8.587947e+09 -1.110134e+11
-1.802309e+09 -5.368051e+09
1.651832e+09 1.228630e+09
-1.196351e+08 -3.825122e+08
8.041320e+07 1.350186e+08
-6.620739e+08 -1.207987e+09
-1.972576e+06 9.287064e-02
-2.183391e+00 -2.673289e+06
-3.428954e+14 1.762619e+14
2.324307e+15 2.510873e+16
-7.805500e+06 2.530588e+01
3.266472e+09 1.867990e+09
-5.543958e+00 3.197943e+06
-9.115180e+08 4.521061e+07
-3.481644e+07 2.680367e+07
7.856315e+06 -3.270608e+00
-2.150518e+08 1.839214e+08
-6.933507e+11 6.829554e+11
-2.206145e+05 -1.789491e+07
-2.491732e+13 8.998539e+14
-2.266209e+11 1.033878e+12
4.704881e+06 -1.258233e+07
4.939799e+07 7.515061e+06
-8.413997e+07 -1.429314e+08
2.694623e+07 -2.007736e+06
-1.955329e+00 3.574001e+06
-4.395423e+07 -1.272373e+07
5.959337e+06 1.089460e+07
-5.145513e+09 1.514145e+09
-2.037655e+12 -2.246260e+12
5.482881e+07 -1.407716e+07
1.416187e+12 2.137496e+11
2.266943e+07 -9.696165e+06
3.634531e+08 9.432005e+08
-2.055679e+08 -2.179079e+08
-1.276827e+06 -7.038348e+05
-8.903984e+06 1.849746e+06
3.013976e+08 -3.938301e+07
1.539970e-01 1.141019e+06
5.566176e+06 4.846269e+06
7.086312e+10 1.498183e+10
4.452177e+06 5.819260e+06
8.839480e+11 -1.652267e+11
-2.027045e+05 -4.884877e+04
-1.135245e+09 4.915757e+07
8.920951e+08 7.888278e+08
-1.274229e+15 1.148462e+15
-1.760732e+08 -3.285704e+08
-1.368357e+06 -1.299954e+06
4.394976e+07 1.281666e+07
5.452896e+09 2.258829e+10
-8.861033e+05 8.198156e+00
1.105385e+01 2.695212e+06
-1.973910e+13 6.381684e+12
-3.136353e+07 -1.901145e+07
-5.426906e+08 -1.532845e+08
-5.431235e+00 1.183578e+07
1.802007e+10 -1.173843e+10
-1.499500e+14 -4.937715e+13
9.053321e+06 1.098591e+07
-4.481794e+06 1.245041e+07
-4.979056e+08 4.810216e+10
3.237073e+08 8.308927e+07
5.449104e+06 -1.007395e+06
3.154361e+06 -8.844704e+05
-4.506945e+07 1.983529e+07
-2.324356e+15 -2.510794e+16
-2.882961e+06 4.449565e+00
4.544156e+11 -7.915069e+10
1.909872e+11 -1.367790e+09
-1.910153e+11 1.367868e+09
9.895808e+10 3.268830e+10
-1.521597e+13 5.464989e+12
5.561340e+12 1.756638e+11
6.726665e+10 1.951028e+10
-2.355396e+07 4.540691e+07
4.266435e+10 1.394787e+10
1.718361e+07 -4.111701e+08
6.140547e+06 -1.221983e+07
-3.615876e+09 -2.189750e+08
6.942668e+05 5.254976e+00
5.597448e+09 1.075816e+09
-8.892188e+07 -4.233217e+07
6.579070e+06 -2.579284e+07
-1.071354e+01 -1.162955e+07
-1.529886e+06 -7.900187e-01
2.697344e+11 6.047954e+11
-8.900450e+07 7.183438e+07
-2.629229e+07 2.728680e+06
7.502442e+07 6.207474e+07
-1.321965e+07 5.740827e+07
-4.339060e+10 5.843002e+10
-6.980595e+08 1.189933e+08
2.088985e+06 9.781474e+00
2.463495e+08 -2.416709e+08
2.491862e+13 -8.998539e+14
-1.000229e+09 -1.693949e+09
-9.693006e+08 1.978208e+09
-9.032675e+07 7.586723e+06
1.274242e+15 -1.148438e+15
-1.400453e+07 2.587849e+06
3.616231e+09 2.181422e+08
2.992193e+19 6.301989e+19
-3.237354e+08 -8.325109e+07
-8.103104e+07 -1.339929e+08
-6.500207e+06 2.586062e+07
-9.685539e+06 -1.196696e+06
8.595752e+05 6.721932e+06
-4.813811e+09 6.257836e+10
2.395778e+08 -4.181863e+08
3.343338e+11 5.228110e+12
4.339197e+10 -5.842576e+10
1.972564e+08 -7.368614e+08
5.406197e+08 1.547797e+08
-3.643057e+08 -9.414096e+08
1.170021e+06 -3.757319e+00
9.147028e+06 -8.027731e+00
8.497830e+05 1.714251e+07
-8.913862e+08 -7.880422e+08
1.182556e+08 3.834574e+08
-7.571370e+07 -6.239095e+07
2.266109e+11 -1.033848e+12
-4.891167e+07 -7.601868e+06
7.210765e+06 1.306082e+06
1.961883e+10 1.362692e+10
5.074034e+00 -1.083423e+07
9.674366e+08 -1.978006e+09
1.135254e+09 -4.916427e+07
-6.820211e+06 6.937264e+06
-7.269227e+06 -3.949306e+06
-1.996067e+07 -1.133473e+00
8.450764e+06 5.729974e+06
