2.146730e+06 -5.076079e+00
8.524762e+06 -1.501125e+06
8.922938e+09 1.153216e+11
2.117365e+12 2.334248e+12
-1.599044e+12 -2.186810e+12
-5.818689e+09 -1.117817e+09
1.658153e+07 -5.937460e+07
-7.476424e+06 -6.137615e+06
-2.468097e+06 -1.629757e+07
-5.441590e+06 -6.613926e+00
7.878867e+05 -1.725187e+06
-3.658528e+07 9.738497e+07
5.002043e+09 -6.502994e+10
5.346679e+09 -1.573041e+09
-5.386836e+10 -1.166609e+10
5.352768e+09 2.564740e+09
-1.428012e+06 4.624693e+07
-7.182941e+06 -2.495077e+06
2.068117e+07 5.354281e+00
-2.562895e+08 2.506854e+08
-2.331794e+06 -4.676991e+06
-4.118295e+09 1.540159e+09
1.549244e+09 5.017973e+10
-7.363214e+10 -1.556689e+10
-5.649557e+07 1.105289e+08
-1.470440e+07 1.455882e+06
8.011069e+05 -1.508547e+05
9.366247e+07 -7.313540e+07
-2.347532e+13 -6.376523e+12
-9.034364e+00 -3.816049e+06
4.601352e+07 -2.078010e+07
-1.406571e+08 2.752736e+07
-3.467328e+10 -1.042262e+10
-3.395440e+09 -1.941218e+09
-4.331801e+07 -6.167150e+06
9.767089e+10 -6.129858e+10
3.377187e+14 6.436190e+14
8.258967e+05 1.539543e+06
5.388024e+10 1.166847e+10
1.814792e+08 1.461059e+08
1.034246e+11 -1.160714e+10
2.276918e+06 4.669494e+06
-7.846476e+00 -2.198378e+06
-2.038993e+10 -1.416533e+10
1.547720e+07 1.122444e+08
2.281314e+06 -2.164417e+06
-2.999256e+12 4.179041e+12
1.429411e+06 -1.089702e+06
1.407237e+08 -2.764963e+07
-2.172710e+09 -2.158333e+09
7.264623e+08 -1.253371e+08
3.271401e+07 1.958447e+07
4.277885e+00 -1.670715e+06
1.662408e+07 -1.869091e+06
3.665499e+13 1.334211e+13
4.116639e+09 -1.541186e+09
-4.723077e+11 8.225940e+10
6.007127e+08 1.523748e+08
4.324991e+06 1.124530e+07
-4.848920e+07 -1.459860e+08
-2.050959e+13 -2.755221e+13
-9.185860e+11 1.717215e+11
6.947168e+07 -1.391988e+08
2.161913e+08 2.400639e+08
-4.185963e+15 5.981869e+15
-3.863065e+08 1.264427e+08
2.316720e+07 -4.710510e+07
-1.471774e+12 -2.221371e+11
-9.623164e+09 -8.226685e+09
7.435629e+09 -1.044181e+09
5.420893e+06 9.490707e+00
-1.423028e+10 -1.583634e+10
2.347769e+13 6.376265e+12
2.059996e+09 5.128323e+08
1.207259e+05 4.876631e+00
-1.028356e+11 -3.397848e+10
-3.470970e+11 -5.429628e+12
-3.465727e+09 -6.748626e+09
-3.839959e+06 3.969708e+06
-5.004268e+08 -1.577446e+08
-5.722482e+09 -2.344909e+10
2.051000e+13 2.755221e+13
-5.669418e+09 3.692592e+09
5.657374e+07 -1.106125e+08
-7.498460e+08 5.475123e+08
-2.909691e+08 -1.449221e+07
-6.095096e+00 -1.867109e+07
1.599176e+12 2.186787e+12
-2.257896e+06 7.018214e+00
-1.797790e+05 7.040980e+00
-6.951191e+07 1.388741e+08
1.422967e+10 1.583699e+10
-2.656422e+09 -1.765899e+09
4.600378e+17 -7.490736e+17
3.468329e+10 1.042727e+10
-1.010081e+01 -3.732542e+06
1.038427e+09 1.762488e+09
2.761161e+06 -3.620521e+06
-1.015189e+05 -2.625063e+06
-1.872853e+10 1.219990e+10
-1.547391e+09 -5.019082e+10
1.546006e+12 -1.490358e+12
-1.719250e+09 -1.277749e+09
-7.552832e+11 1.141196e+12
8.017045e+04 2.353743e+06
2.529136e+07 1.550699e+08
7.553672e+11 -1.141115e+12
9.604924e+05 6.507945e+00
3.563517e+14 -1.831844e+14
-9.767113e+10 6.129611e+10
2.611036e+11 1.470164e+12
4.914193e+07 -9.978349e+00
-4.014955e+08 3.853724e+08
-7.436103e+09 1.044551e+09
1.581474e+13 -5.679934e+12
-2.059491e+09 -5.138540e+08
-3.309064e+06 9.897532e+05
4.187657e+15 -5.982958e+15
2.220255e+06 4.213726e+06
-6.990425e+10 -2.027613e+10
-4.600704e+17 7.490811e+17
-7.083613e+08 4.363945e+08
2.051192e+13 -6.628448e+12
5.669318e+09 -3.692506e+09
-2.048389e+08 7.658206e+08
7.199890e+11 -7.098422e+11
1.825670e+08 3.419500e+08
2.793258e+10 4.291451e+10
-7.295914e+06 1.260547e+07
6.472144e+08 -6.967220e+08
-3.704043e+06 -1.771850e+07
3.742092e+06 1.768453e+07
4.153592e+00 -1.839660e+07
-2.250246e+11 4.510541e+11
-1.103205e+08 3.358379e+07
-1.807763e+08 -1.436648e+08
-2.506320e+07 -4.090469e+07
-4.050382e-01 1.652929e+07
3.512654e+09 6.759194e+09
-9.269539e+07 2.497638e+08
2.724632e+15 -1.290110e+16
1.559211e+07 -7.925950e+06
-4.386521e+06 -1.779793e+07
7.062659e+08 -4.361823e+08
-1.418321e+06 -4.553657e+06
-5.864014e+16 -2.181476e+17
-9.263935e+05 7.254774e+00
9.315601e+07 -7.505677e+06
-1.402962e+09 -1.348540e+08
-7.154320e+06 -1.155202e+06
-6.472640e+08 6.967091e+08
-6.154252e+06 -7.039818e+06
-1.356625e+08 1.520783e+08
-3.925036e+11 -7.634257e+10
-9.543058e+10 3.496445e+11
-9.593644e+00 9.766649e+05
-5.778186e+12 -1.825332e+11
1.743874e+08 -6.471193e+07
6.680047e+13 -1.157107e+14
-9.643206e+00 -4.372385e+07
6.432277e+06 -7.973415e+06
-2.736949e+05 -2.319624e+06
5.374789e+08 -1.238277e+08
4.149721e+05 2.326273e+06
1.398905e+06 4.507318e+06
-1.033900e+11 1.160479e+10
-8.398398e+06 -2.371159e+05
-2.610661e+11 -1.470014e+12
1.732333e+10 3.488311e+10
-2.802769e+11 -6.284204e+11
-9.353807e+15 3.846859e+14
4.257566e+06 1.840804e+07
1.356133e+08 -1.520788e+08
1.507495e+06 1.664358e+07
9.542178e+10 -3.496303e+11
-3.380605e+08 -3.194808e+08
1.557936e+14 5.130764e+13
5.014083e+08 1.578047e+08
4.090710e+09 -7.115334e+08
9.274097e+07 -2.497487e+08
1.402895e+09 1.352004e+08
3.393898e+08 -2.871272e+08
2.172541e+09 2.158016e+09
-2.489563e+08 4.346522e+08
6.875151e+08 1.254542e+09
-7.801321e+06 -3.596820e+06
4.893427e+07 7.027059e+06
-6.680317e+13 1.157213e+14
-4.889250e+07 -6.813753e+06
-7.606625e+06 -1.234426e+07
9.354470e+15 -3.847521e+14
-4.667306e+07 1.078979e+06
2.431063e+11 -5.413023e+10
-1.546033e+12 1.490497e+12
-2.412618e+07 8.787653e+07
-2.431576e+11 5.413770e+10
3.380689e+08 3.195022e+08
2.722743e+07 4.198304e+07
-6.340927e+05 -1.800515e+07
-1.009794e+01 3.303331e+06
2.647224e+06 -3.405220e+06
4.893398e+08 1.654530e+08
3.924962e+11 7.633295e+10
-3.856907e+06 6.030700e+06
2.657161e+09 1.766377e+09
2.998864e+12 -4.178703e+12
-5.369375e+08 1.247924e+08
2.906559e+08 1.329158e+07
-1.732254e+10 -3.488525e+10
1.219271e+21 -1.007246e+21
1.862098e+05 4.956364e+06
-1.088144e+01 2.769649e+06
2.555564e+07 -9.119924e+07
7.416712e+13 -5.160147e+13
5.377549e+00 1.092445e+06
7.497199e+08 -5.472860e+08
-3.353987e+06 -3.301757e+05
1.544557e+07 -1.025333e+06
1.110213e+08 -3.271133e+07
-3.393658e+08 1.907389e+08
1.018402e+07 8.630216e+05
-3.377324e+14 -6.436450e+14
-4.088634e+09 7.137669e+08
3.057805e+07 -1.171389e+08
9.624006e+09 8.228769e+09
-6.610890e+07 1.987210e+06
3.351246e+07 -9.338920e+07
-1.018699e+08 1.175487e+08
-2.724687e+15 1.290057e+16
9.160028e+07 4.382179e+07
1.872842e+09 5.578325e+09
2.250035e+11 -4.510171e+11
-7.416937e+13 5.159886e+13
-4.433688e+10 -1.449828e+10
3.163028e+10 7.886502e+08
-3.162836e+10 -7.885865e+08
1.023460e+08 -1.169720e+08
-4.805278e+07 1.735906e+08
5.864133e+16 2.181277e+17
-4.577020e+06 -1.155595e+07
-9.347329e-01 -3.877571e+06
-1.780274e+07 4.269061e+08
9.433166e+08 -5.563995e+07
2.589188e+06 -1.590800e+06
-2.593878e+06 1.602230e+06
-5.354419e+09 -2.565531e+09
6.606404e+07 -3.505009e+06
-6.086426e+00 2.480690e+07
-3.109957e+19 -6.549283e+19
3.647260e+07 -2.788081e+07
7.747935e+05 6.978693e-01
-6.206796e+06 -1.135788e+07
-1.734299e+08 6.480050e+07
7.632121e+06 3.696305e+06
1.989514e+06 6.884969e+00
-6.002269e+08 -1.522599e+08
-2.380732e+06 -8.514510e+06
4.808103e+07 -1.736779e+08
-2.363922e+07 9.954466e+06
2.316987e+06 6.696405e+06
-2.793783e+10 -4.292304e+10
-1.219481e+21 1.007450e+21
1.517681e+05 -7.658077e+00
-3.056534e+07 1.172106e+08
-3.665721e+13 -1.334225e+13
5.177688e+08 -4.999862e+10
-1.342644e+00 -3.857828e+06
-9.620038e+06 -1.113837e+08
-8.926612e+09 -1.153909e+11
-1.873389e+09 -5.579752e+09
1.716976e+09 1.277085e+09
-1.243546e+08 -3.976020e+08
8.358464e+07 1.403436e+08
-6.881833e+08 -1.255626e+09
-2.050359e+06 1.090499e+01
-4.199880e+00 -2.778727e+06
-3.564202e+14 1.832159e+14
2.415954e+15 2.609873e+16
-8.113349e+06 2.608164e+00
3.395264e+09 1.941641e+09
6.029953e+00 3.324006e+06
-9.474854e+08 4.699490e+07
-3.618982e+07 2.786082e+07
8.166123e+06 1.046207e+01
-2.235347e+08 1.911760e+08
-7.206907e+11 7.098854e+11
-2.292747e+05 -1.860056e+07
-2.590004e+13 9.353430e+14
-2.355589e+11 1.074654e+12
4.890455e+06 -1.307853e+07
5.134605e+07 7.811447e+06
-8.745886e+07 -1.485692e+08
2.800908e+07 -2.086949e+06
4.187984e+00 3.714965e+06
-4.568759e+07 -1.322553e+07
6.194401e+06 1.132430e+07
-5.348456e+09 1.573868e+09
-2.118008e+12 -2.334838e+12
5.699100e+07 -1.463207e+07
1.472026e+12 2.221772e+11
2.356317e+07 -1.007839e+07
3.777780e+08 9.803757e+08
-2.136916e+08 -2.265222e+08
-1.327085e+06 -7.315268e+05
-9.255054e+06 1.922653e+06
3.132835e+08 -4.093607e+07
-1.913696e+00 1.185941e+06
5.785583e+06 5.037269e+06
7.365680e+10 1.557248e+10
4.627654e+06 6.048626e+06
9.188001e+11 -1.717413e+11
-2.106366e+05 -5.069964e+04
-1.180004e+09 5.109571e+07
9.272669e+08 8.199278e+08
-1.324469e+15 1.193742e+15
-1.830150e+08 -3.415250e+08
-1.422220e+06 -1.351121e+06
4.568249e+07 1.332191e+07
5.667900e+09 2.347895e+10
-9.209410e+05 -7.565820e+00
5.589553e+00 2.801377e+06
-2.051731e+13 6.633275e+12
-3.259998e+07 -1.976093e+07
-5.640862e+08 -1.593278e+08
-4.762674e+00 1.230234e+07
1.873063e+10 -1.220130e+10
-1.558646e+14 -5.132478e+13
9.410166e+06 1.141897e+07
-4.658444e+06 1.294123e+07
-5.175356e+08 4.999856e+10
3.364680e+08 8.636458e+07
5.663944e+06 -1.047102e+06
3.278676e+06 -9.193121e+05
-4.684663e+07 2.061718e+07
-2.415978e+15 -2.609768e+16
-2.996600e+06 -2.614748e+00
4.723351e+11 -8.227190e+10
1.985206e+11 -1.421735e+09
-1.985487e+11 1.421815e+09
1.028602e+11 3.397731e+10
-1.581618e+13 5.680567e+12
5.780642e+12 1.825909e+11
6.991931e+10 2.027970e+10
-2.448286e+07 4.719764e+07
4.434696e+10 1.449800e+10
1.786185e+07 -4.273979e+08
6.382970e+06 -1.270221e+07
-3.758482e+09 -2.276112e+08
7.216803e+05 4.415898e-01
5.818253e+09 1.118255e+09
-9.242901e+07 -4.400182e+07
6.838507e+06 -2.680990e+07
9.677058e+00 -1.208817e+07
-1.590214e+06 -6.421578e+00
2.803706e+11 6.286427e+11
-9.251491e+07 7.466757e+07
-2.732932e+07 2.836271e+06
7.798439e+07 6.452380e+07
-1.374098e+07 5.967237e+07
-4.510185e+10 6.073437e+10
-7.255990e+08 1.236879e+08
2.171332e+06 1.111608e+01
2.560623e+08 -2.511989e+08
2.590109e+13 -9.353335e+14
-1.039671e+09 -1.760745e+09
-1.007586e+09 2.056344e+09
-9.388888e+07 7.885886e+06
1.324482e+15 -1.193718e+15
-1.455680e+07 2.689894e+06
3.758803e+09 2.267427e+08
3.110177e+19 6.550542e+19
-3.364969e+08 -8.653265e+07
-8.422571e+07 -1.392755e+08
-6.756349e+06 2.687981e+07
-1.006732e+07 -1.243804e+06
8.933793e+05 6.986842e+06
-5.003576e+09 6.504530e+10
2.490292e+08 -4.346841e+08
3.475233e+11 5.434357e+12
4.510277e+10 -6.072951e+10
2.050345e+08 -7.659169e+08
5.619362e+08 1.608825e+08
-3.786689e+08 -9.785320e+08
1.216098e+06 -6.877738e-01
9.507451e+06 -2.097175e+00
8.831758e+05 1.781801e+07
-9.265112e+08 -8.190946e+08
1.229169e+08 3.985763e+08
-7.869953e+07 -6.485138e+07
2.355442e+11 -1.074602e+12
-5.083960e+07 -7.901465e+06
7.495029e+06 1.357480e+06
2.039225e+10 1.416419e+10
3.784635e+00 -1.126236e+07
1.005639e+09 -2.056108e+09
1.180002e+09 -5.110216e+07
-7.089296e+06 7.210951e+06
-7.555698e+06 -4.104927e+06
-2.074737e+07 -2.046892e+00
8.783867e+06 5.955855e+06
