2.144073e+06 -1.458176e+00
8.514238e+06 -1.499272e+06
8.911927e+09 1.151793e+11
2.114752e+12 2.331367e+12
-1.597071e+12 -2.184112e+12
-5.811507e+09 -1.116438e+09
1.656107e+07 -5.930126e+07
-7.467193e+06 -6.130038e+06
-2.465051e+06 -1.627746e+07
-5.434874e+06 -8.424958e+00
7.869150e+05 -1.723057e+06
-3.654014e+07 9.726483e+07
4.995871e+09 -6.494970e+10
5.340080e+09 -1.571099e+09
-5.380187e+10 -1.165169e+10
5.346159e+09 2.561574e+09
-1.426248e+06 4.618982e+07
-7.174080e+06 -2.491999e+06
2.065565e+07 -1.315104e+00
-2.559733e+08 2.503761e+08
-2.328915e+06 -4.671220e+06
-4.113214e+09 1.538258e+09
1.547333e+09 5.011780e+10
-7.354127e+10 -1.554768e+10
-5.642584e+07 1.103925e+08
-1.468625e+07 1.454087e+06
8.001188e+05 -1.506686e+05
9.354686e+07 -7.304515e+07
-2.344635e+13 -6.368656e+12
-8.582601e+00 -3.811341e+06
4.595672e+07 -2.075445e+07
-1.404836e+08 2.749339e+07
-3.463049e+10 -1.040976e+10
-3.391250e+09 -1.938823e+09
-4.326456e+07 -6.159541e+06
9.755037e+10 -6.122295e+10
3.373020e+14 6.428248e+14
8.248801e+05 1.537643e+06
5.381376e+10 1.165407e+10
1.812552e+08 1.459256e+08
1.032970e+11 -1.159282e+10
2.274110e+06 4.663735e+06
-6.157665e-01 -2.195666e+06
-2.036476e+10 -1.414785e+10
1.545811e+07 1.121059e+08
2.278500e+06 -2.161746e+06
-2.995552e+12 4.173879e+12
1.427648e+06 -1.088358e+06
1.405500e+08 -2.761551e+07
-2.170028e+09 -2.155669e+09
7.255656e+08 -1.251824e+08
3.267365e+07 1.956031e+07
4.731718e+00 -1.668655e+06
1.660357e+07 -1.866786e+06
3.660976e+13 1.332565e+13
4.111561e+09 -1.539284e+09
-4.717251e+11 8.215791e+10
5.999715e+08 1.521868e+08
4.319654e+06 1.123142e+07
-4.842938e+07 -1.458059e+08
-2.048427e+13 -2.751821e+13
-9.174524e+11 1.715097e+11
6.938597e+07 -1.390271e+08
2.159238e+08 2.397669e+08
-4.180797e+15 5.974487e+15
-3.858299e+08 1.262867e+08
2.313862e+07 -4.704698e+07
-1.469958e+12 -2.218631e+11
-9.611279e+09 -8.216525e+09
7.426455e+09 -1.042892e+09
5.414205e+06 1.067097e+01
-1.421272e+10 -1.581681e+10
2.344873e+13 6.368398e+12
2.057449e+09 5.121984e+08
1.205776e+05 8.253224e+00
-1.027087e+11 -3.393656e+10
-3.466680e+11 -5.422920e+12
-3.461449e+09 -6.740295e+09
-3.835219e+06 3.964808e+06
-4.998078e+08 -1.575495e+08
-5.715417e+09 -2.342014e+10
2.048469e+13 2.751821e+13
-5.662422e+09 3.688036e+09
5.650394e+07 -1.104760e+08
-7.489205e+08 5.468365e+08
-2.906099e+08 -1.447432e+07
3.084365e+00 -1.864805e+07
1.597203e+12 2.184089e+12
-2.255109e+06 7.188360e+00
-1.795574e+05 1.011903e+01
-6.942613e+07 1.387027e+08
1.421212e+10 1.581745e+10
-2.653144e+09 -1.763720e+09
4.594702e+17 -7.481493e+17
3.464049e+10 1.041440e+10
-3.849325e-01 -3.727935e+06
1.037146e+09 1.760313e+09
2.757754e+06 -3.616054e+06
-1.013938e+05 -2.621824e+06
-1.870542e+10 1.218484e+10
-1.545482e+09 -5.012889e+10
1.544099e+12 -1.488519e+12
-1.717128e+09 -1.276173e+09
-7.543510e+11 1.139787e+12
8.007251e+04 2.350839e+06
2.526016e+07 1.548786e+08
7.544351e+11 -1.139707e+12
9.593085e+05 -2.893899e+00
3.559118e+14 -1.829583e+14
-9.755061e+10 6.122048e+10
2.607813e+11 1.468349e+12
4.908130e+07 -9.036073e+00
-4.010001e+08 3.848969e+08
-7.426929e+09 1.043263e+09
1.579522e+13 -5.672924e+12
-2.056945e+09 -5.132189e+08
-3.304981e+06 9.885327e+05
4.182491e+15 -5.975576e+15
2.217514e+06 4.208523e+06
-6.981800e+10 -2.025112e+10
-4.595028e+17 7.481569e+17
-7.074623e+08 4.358407e+08
2.048661e+13 -6.620265e+12
5.662322e+09 -3.687950e+09
-2.045861e+08 7.648755e+08
7.191006e+11 -7.089663e+11
1.823418e+08 3.415280e+08
2.789811e+10 4.286155e+10
-7.286903e+06 1.258990e+07
6.464158e+08 -6.958622e+08
-3.699474e+06 -1.769664e+07
3.737477e+06 1.766271e+07
6.140650e+00 -1.837390e+07
-2.247462e+11 4.504960e+11
-1.101843e+08 3.354234e+07
-1.805532e+08 -1.434875e+08
-2.503227e+07 -4.085421e+07
-1.464086e+00 1.650889e+07
3.508320e+09 6.750853e+09
-9.258102e+07 2.494556e+08
2.721269e+15 -1.288517e+16
1.557287e+07 -7.916173e+06
-4.381110e+06 -1.777596e+07
7.053698e+08 -4.356288e+08
-1.416572e+06 -4.548039e+06
-5.856770e+16 -2.178781e+17
-9.252529e+05 -2.125733e-01
9.304106e+07 -7.496418e+06
-1.401231e+09 -1.346876e+08
-7.145491e+06 -1.153778e+06
-6.464654e+08 6.958494e+08
-6.146660e+06 -7.031134e+06
-1.354951e+08 1.518907e+08
-3.920193e+11 -7.624838e+10
-9.531285e+10 3.492131e+11
2.159978e+00 9.754619e+05
-5.771056e+12 -1.823079e+11
1.741722e+08 -6.463207e+07
6.671802e+13 -1.155679e+14
-4.060549e+00 -4.366987e+07
6.424331e+06 -7.963566e+06
-2.733585e+05 -2.316764e+06
5.368152e+08 -1.236748e+08
4.144614e+05 2.323404e+06
1.397178e+06 4.501755e+06
-1.032624e+11 1.159047e+10
-8.388036e+06 -2.368248e+05
-2.607437e+11 -1.468199e+12
1.730195e+10 3.484006e+10
-2.799310e+11 -6.276450e+11
-9.342266e+15 3.842112e+14
4.252313e+06 1.838532e+07
1.354459e+08 -1.518911e+08
1.505636e+06 1.662304e+07
9.530404e+10 -3.491989e+11
-3.376433e+08 -3.190865e+08
1.556013e+14 5.124430e+13
5.007884e+08 1.576096e+08
4.085660e+09 -7.106550e+08
9.262654e+07 -2.494405e+08
1.401164e+09 1.350336e+08
3.389709e+08 -2.867728e+08
2.169861e+09 2.155353e+09
-2.486489e+08 4.341155e+08
6.866668e+08 1.252993e+09
-7.791695e+06 -3.592383e+06
4.887391e+07 7.018391e+06
-6.672073e+13 1.155784e+14
-4.883216e+07 -6.805348e+06
-7.597241e+06 -1.232903e+07
9.342929e+15 -3.842774e+14
-4.661548e+07 1.077650e+06
2.428063e+11 -5.406344e+10
-1.544126e+12 1.488658e+12
-2.409641e+07 8.776811e+07
-2.428576e+11 5.407090e+10
3.376517e+08 3.191079e+08
2.719383e+07 4.193124e+07
-6.333122e+05 -1.798294e+07
2.629890e+00 3.299257e+06
2.643960e+06 -3.401020e+06
4.887360e+08 1.652489e+08
3.920119e+11 7.623876e+10
-3.852149e+06 6.023261e+06
2.653881e+09 1.764196e+09
2.995160e+12 -4.173541e+12
-5.362744e+08 1.246383e+08
2.902972e+08 1.327517e+07
-1.730116e+10 -3.484220e+10
1.217767e+21 -1.006004e+21
1.859820e+05 4.950250e+06
-1.826678e+00 2.766234e+06
2.552411e+07 -9.108671e+07
7.407559e+13 -5.153779e+13
5.119088e-02 1.091100e+06
7.487946e+08 -5.466106e+08
-3.349850e+06 -3.297704e+05
1.542651e+07 -1.024071e+06
1.108843e+08 -3.267096e+07
-3.389470e+08 1.905035e+08
1.017145e+07 8.619586e+05
-3.373157e+14 -6.428508e+14
-4.083587e+09 7.128857e+08
3.054031e+07 -1.169943e+08
9.612120e+09 8.218607e+09
-6.602733e+07 1.984760e+06
3.347112e+07 -9.327399e+07
-1.017442e+08 1.174036e+08
-2.721324e+15 1.288465e+16
9.148725e+07 4.376772e+07
1.870531e+09 5.571441e+09
2.247250e+11 -4.504591e+11
-7.407785e+13 5.153518e+13
-4.428217e+10 -1.448039e+10
3.159125e+10 7.876771e+08
-3.158933e+10 -7.876134e+08
1.022196e+08 -1.168276e+08
-4.799349e+07 1.733764e+08
5.856889e+16 2.178582e+17
-4.571373e+06 -1.154169e+07
-1.082003e+01 -3.872787e+06
-1.778076e+07 4.263790e+08
9.421517e+08 -5.557124e+07
2.585995e+06 -1.588839e+06
-2.590679e+06 1.600254e+06
-5.347810e+09 -2.562364e+09
6.598253e+07 -3.500686e+06
7.614745e+00 2.477630e+07
-3.106119e+19 -6.541201e+19
3.642759e+07 -2.784640e+07
7.738394e+05 2.436929e+00
-6.199139e+06 -1.134387e+07
-1.732158e+08 6.472054e+07
7.622704e+06 3.691746e+06
1.987060e+06 -6.556661e+00
-5.994864e+08 -1.520720e+08
-2.377797e+06 -8.504007e+06
4.802171e+07 -1.734637e+08
-2.361006e+07 9.942188e+06
2.314131e+06 6.688147e+06
-2.790336e+10 -4.287007e+10
-1.217977e+21 1.006207e+21
1.515826e+05 -8.142345e-01
-3.052762e+07 1.170660e+08
-3.661199e+13 -1.332578e+13
5.171300e+08 -4.993694e+10
-6.859413e+00 -3.853071e+06
-9.608174e+06 -1.112464e+08
-8.915600e+09 -1.152486e+11
-1.871078e+09 -5.572868e+09
1.714858e+09 1.275510e+09
-1.242011e+08 -3.971113e+08
8.348152e+07 1.401705e+08
-6.873343e+08 -1.254077e+09
-2.047831e+06 2.317162e+00
-6.196357e+00 -2.775301e+06
-3.559803e+14 1.829898e+14
2.412974e+15 2.606654e+16
-8.103341e+06 1.307996e+00
3.391075e+09 1.939245e+09
3.173632e+00 3.319907e+06
-9.463156e+08 4.693689e+07
-3.614517e+07 2.782644e+07
8.156050e+06 -9.579858e+00
-2.232589e+08 1.909401e+08
-7.198017e+11 7.090098e+11
-2.289939e+05 -1.857761e+07
-2.586809e+13 9.341890e+14
-2.352682e+11 1.073328e+12
4.884423e+06 -1.306240e+07
5.128271e+07 7.801812e+06
-8.735095e+07 -1.483858e+08
2.797452e+07 -2.084375e+06
-2.901149e+00 3.710384e+06
-4.563123e+07 -1.320922e+07
6.186759e+06 1.131033e+07
-5.341857e+09 1.571926e+09
-2.115395e+12 -2.331958e+12
5.692069e+07 -1.461402e+07
1.470210e+12 2.219032e+11
2.353410e+07 -1.006596e+07
3.773120e+08 9.791663e+08
-2.134273e+08 -2.262421e+08
-1.325450e+06 -7.306264e+05
-9.243639e+06 1.920283e+06
3.128969e+08 -4.088556e+07
4.239999e+00 1.184479e+06
5.778446e+06 5.031056e+06
7.356593e+10 1.555327e+10
4.621946e+06 6.041165e+06
9.176665e+11 -1.715294e+11
-2.103778e+05 -5.063871e+04
-1.178548e+09 5.103267e+07
9.261229e+08 8.189162e+08
-1.322835e+15 1.192270e+15
-1.827892e+08 -3.411036e+08
-1.420467e+06 -1.349456e+06
4.562613e+07 1.330548e+07
5.660907e+09 2.344998e+10
-9.198072e+05 -5.437601e+00
-1.720063e+00 2.797925e+06
-2.049200e+13 6.625092e+12
-3.255977e+07 -1.973656e+07
-5.633904e+08 -1.591312e+08
-6.907198e+00 1.228717e+07
1.870752e+10 -1.218624e+10
-1.556722e+14 -5.126143e+13
9.398560e+06 1.140489e+07
-4.652699e+06 1.292527e+07
-5.168972e+08 4.993688e+10
3.360530e+08 8.625805e+07
5.656958e+06 -1.045812e+06
3.274634e+06 -9.181806e+05
-4.678884e+07 2.059175e+07
-2.412998e+15 -2.606549e+16
-2.992905e+06 -4.125268e+00
4.717525e+11 -8.217041e+10
1.982756e+11 -1.419981e+09
-1.983038e+11 1.420061e+09
1.027333e+11 3.393539e+10
-1.579666e+13 5.673557e+12
5.773511e+12 1.823657e+11
6.983305e+10 2.025468e+10
-2.445266e+07 4.713941e+07
4.429225e+10 1.448012e+10
1.783980e+07 -4.268702e+08
6.375090e+06 -1.268653e+07
-3.753845e+09 -2.273304e+08
7.207918e+05 5.222805e+00
5.811073e+09 1.116875e+09
-9.231498e+07 -4.394753e+07
6.830073e+06 -2.677684e+07
-7.088990e+00 -1.207326e+07
-1.588254e+06 1.997801e+00
2.800248e+11 6.278673e+11
-9.240077e+07 7.457545e+07
-2.729560e+07 2.832772e+06
7.788815e+07 6.444417e+07
-1.372402e+07 5.959875e+07
-4.504621e+10 6.065944e+10
-7.247035e+08 1.235352e+08
2.168653e+06 5.278326e+00
2.557464e+08 -2.508890e+08
2.586913e+13 -9.341796e+14
-1.038388e+09 -1.758573e+09
-1.006341e+09 2.053803e+09
-9.377302e+07 7.876155e+06
1.322848e+15 -1.192245e+15
-1.453883e+07 2.686575e+06
3.754166e+09 2.264630e+08
3.106339e+19 6.542460e+19
-3.360818e+08 -8.642591e+07
-8.412180e+07 -1.391037e+08
-6.748017e+06 2.684666e+07
-1.005491e+07 -1.242271e+06
8.922791e+05 6.978225e+06
-4.997404e+09 6.496506e+10
2.487218e+08 -4.341476e+08
3.470943e+11 5.427649e+12
4.504712e+10 -6.065458e+10
2.047815e+08 -7.649719e+08
5.612429e+08 1.606840e+08
-3.782017e+08 -9.773240e+08
1.214597e+06 -5.034343e+00
9.495720e+06 -9.310311e+00
8.820884e+05 1.779603e+07
-9.253682e+08 -8.180841e+08
1.227652e+08 3.980845e+08
-7.860239e+07 -6.477133e+07
2.352535e+11 -1.073276e+12
-5.077688e+07 -7.891719e+06
7.485782e+06 1.355807e+06
2.036708e+10 1.414671e+10
-4.736067e+00 -1.124843e+07
1.004396e+09 -2.053568e+09
1.178546e+09 -5.103912e+07
-7.080542e+06 7.202047e+06
-7.546378e+06 -4.099864e+06
-2.072178e+07 2.967765e+00
8.773030e+06 5.948507e+06
