5.091741e+05 -8.908569e+00
2.025542e+06 -3.567200e+05
2.120443e+09 2.740669e+10
5.030423e+11 5.545827e+11
-3.800362e+11 -5.196475e+11
-1.381357e+09 -2.653620e+08
3.937551e+06 -1.410055e+07
-1.775573e+06 -1.457716e+06
-5.864391e+05 -3.872395e+06
-1.292159e+06 6.339935e+00
1.872923e+05 -4.100909e+05
-8.694205e+06 2.314143e+07
1.188551e+09 -1.545266e+10
1.269385e+09 -3.734400e+08
-1.279640e+10 -2.770914e+09
1.269720e+09 6.084637e+08
-3.385880e+05 1.096425e+07
-1.707010e+06 -5.929086e+05
4.912490e+06 -8.433251e+00
-6.086345e+07 5.953520e+07
-5.538538e+05 -1.111034e+06
-9.783627e+08 3.658721e+08
3.679303e+08 1.191586e+10
-1.748617e+10 -3.697151e+09
-1.341600e+07 2.625855e+07
-3.493897e+06 3.458137e+05
1.900541e+05 -3.577795e+04
2.222339e+07 -1.735971e+07
-5.577932e+12 -1.515201e+12
-3.338452e+00 -9.059540e+05
1.093083e+07 -4.935822e+06
-3.342214e+07 6.540724e+06
-8.236049e+09 -2.475749e+09
-8.063415e+08 -4.610214e+08
-1.028931e+07 -1.464822e+06
2.319279e+10 -1.455605e+10
8.023420e+13 1.529140e+14
1.967672e+05 3.651028e+05
1.279923e+10 2.771688e+09
4.309207e+07 3.469389e+07
2.456698e+10 -2.757249e+09
5.408363e+05 1.109239e+06
6.332070e+00 -5.227194e+05
-4.841584e+09 -3.363883e+09
3.676978e+06 2.666828e+07
5.415418e+05 -5.138169e+05
-7.103597e+11 9.897940e+11
3.393179e+05 -2.585486e+05
3.342714e+07 -6.568055e+06
-5.158296e+08 -5.123592e+08
1.723115e+08 -2.972482e+07
7.766973e+06 4.649656e+06
-5.941654e+00 -3.968943e+05
3.945902e+06 -4.436854e+05
8.705578e+12 3.168481e+12
9.779380e+08 -3.661431e+08
-1.122120e+11 1.954453e+10
1.426858e+08 3.619459e+07
1.026915e+06 2.670172e+06
-1.152260e+07 -3.468979e+07
-4.871131e+12 -6.544548e+12
-2.182459e+11 4.079544e+10
1.651259e+07 -3.308529e+07
5.092704e+07 5.654525e+07
-9.946676e+14 1.421468e+15
-9.178476e+07 3.004141e+07
5.503069e+06 -1.118962e+07
-3.497497e+11 -5.278497e+10
-2.280045e+09 -1.949070e+09
1.766961e+09 -2.481307e+08
1.286975e+06 -1.116367e+01
-3.381467e+09 -3.762947e+09
5.577932e+12 1.515072e+12
4.864598e+08 1.211060e+08
2.860504e+04 -2.434138e-01
-2.443123e+10 -8.071904e+09
-8.228884e+10 -1.287103e+12
-8.231974e+08 -1.603011e+09
-9.122944e+05 9.431756e+05
-1.181433e+08 -3.724121e+07
-1.359242e+09 -5.569411e+09
4.870923e+12 6.543433e+12
-1.346907e+09 8.771824e+08
1.343906e+07 -2.627456e+07
-1.780356e+08 1.299998e+08
-6.906895e+07 -3.440156e+06
-2.500102e+00 -4.435505e+06
3.800206e+11 5.196693e+11
-5.362297e+05 -2.052570e+00
-4.261807e+04 9.419118e+00
-1.652066e+07 3.300588e+07
3.381891e+09 3.763909e+09
-6.307487e+08 -4.193539e+08
1.093217e+17 -1.779977e+17
8.238632e+09 2.477088e+09
5.668853e+00 -8.863580e+05
2.465205e+08 4.184299e+08
6.559439e+05 -8.600787e+05
-2.405342e+04 -6.233514e+05
-4.445614e+09 2.896152e+09
-3.676015e+08 -1.192245e+10
3.673082e+11 -3.540754e+11
-4.083439e+08 -3.035010e+08
-1.793465e+11 2.709816e+11
1.895616e+04 5.591078e+05
6.008936e+06 3.684195e+07
1.793618e+11 -2.709931e+11
2.282514e+05 -5.615074e+00
8.454569e+13 -4.345709e+13
-2.319505e+10 1.455653e+10
6.191337e+10 3.486299e+11
1.168060e+07 8.870733e+00
-9.541053e+07 9.158049e+07
-1.767174e+09 2.482652e+08
3.754803e+12 -1.348622e+12
-4.863972e+08 -1.213892e+08
-7.858611e+05 2.350232e+05
9.952181e+14 -1.422013e+15
5.261058e+05 9.984973e+05
-1.660929e+10 -4.817925e+09
-1.093496e+17 1.780204e+17
-1.529207e+08 9.421942e+07
4.873003e+12 -1.574813e+12
1.347271e+09 -8.775250e+08
-4.865859e+07 1.819075e+08
1.710861e+11 -1.686750e+11
4.336742e+07 8.123670e+07
6.633486e+09 1.019130e+10
-1.728321e+06 2.985967e+06
1.537193e+08 -1.654936e+08
-8.803673e+05 -4.211557e+06
8.896343e+05 4.203297e+06
1.058615e+01 -4.366653e+06
-5.298535e+10 1.062097e+11
-2.619268e+07 7.974541e+06
-4.292890e+07 -3.411636e+07
-5.952638e+06 -9.715191e+06
-8.514598e-01 3.923908e+06
8.344837e+08 1.605923e+09
-2.202080e+07 5.933214e+07
6.464864e+14 -3.060981e+15
3.704731e+06 -1.883103e+06
-1.041362e+06 -4.225016e+06
1.524629e+08 -9.416044e+07
-3.369795e+05 -1.081974e+06
-1.387606e+16 -5.162079e+16
-2.200496e+05 -1.265836e+00
2.211775e+07 -1.781826e+06
-3.332708e+08 -3.203062e+07
-1.697497e+06 -2.740909e+05
-1.537592e+08 1.655204e+08
-1.462339e+06 -1.672791e+06
-3.224025e+07 3.614173e+07
-9.327518e+10 -1.814125e+10
-2.267543e+10 8.309158e+10
1.069442e+01 2.321498e+05
-1.372975e+12 -4.336981e+10
4.140000e+07 -1.536352e+07
1.585844e+13 -2.747113e+13
-7.870180e+00 -1.036685e+07
1.522896e+06 -1.887981e+06
-6.526220e+04 -5.513543e+05
1.273653e+08 -2.934269e+07
9.867051e+04 5.528450e+05
3.325602e+05 1.071238e+06
-2.456173e+10 2.756808e+09
-1.995472e+06 -5.649825e+04
-6.190004e+10 -3.485255e+11
4.114255e+09 8.285523e+09
-6.659517e+10 -1.493255e+11
-2.222732e+15 9.142345e+13
1.011262e+06 4.371522e+06
3.222937e+07 -3.614296e+07
3.584725e+05 3.955476e+06
2.267443e+10 -8.307742e+10
-8.027468e+07 -7.585799e+07
3.694625e+13 1.216762e+13
1.183761e+08 3.725095e+07
9.701765e+08 -1.687406e+08
2.202996e+07 -5.932543e+07
3.332347e+08 3.211467e+07
8.054921e+07 -6.814245e+07
5.158757e+08 5.124203e+08
-5.901660e+07 1.030369e+08
1.632846e+08 2.979679e+08
-1.851870e+06 -8.537155e+05
1.162634e+07 1.669772e+06
-1.585709e+13 2.746879e+13
-1.161828e+07 -1.618939e+06
-1.806442e+06 -2.931957e+06
2.222354e+15 -9.140402e+13
-1.109007e+07 2.562717e+05
5.774592e+10 -1.286010e+10
-3.672916e+11 3.541401e+11
-5.732063e+06 2.087843e+07
-5.777593e+10 1.286292e+10
8.026817e+07 7.586408e+07
6.466807e+06 9.971401e+06
-1.508506e+05 -4.277456e+06
-4.415293e+00 7.847229e+05
6.289606e+05 -8.090086e+05
1.162717e+08 3.931539e+07
9.326340e+10 1.813867e+10
-9.163034e+05 1.432543e+06
6.309854e+08 4.194317e+08
7.102388e+11 -9.896671e+11
-1.272201e+08 2.956761e+07
6.899632e+07 3.154678e+06
-4.114410e+09 -8.285177e+09
2.895933e+20 -2.392394e+20
4.434659e+04 1.176830e+06
-1.153718e-01 6.577936e+05
6.071257e+06 -2.166404e+07
1.760982e+13 -1.225226e+13
-1.112684e+01 2.595745e+05
1.779803e+08 -1.299446e+08
-7.963339e+05 -7.844261e+04
3.669796e+06 -2.437436e+05
2.635604e+07 -7.766314e+06
-8.053847e+07 4.527028e+07
2.419652e+06 2.050515e+05
-8.022737e+13 -1.528880e+14
-9.697057e+08 1.692802e+08
7.261379e+06 -2.781653e+07
2.280254e+09 1.949723e+09
-1.570024e+07 4.718049e+05
7.963430e+06 -2.219031e+07
-2.416918e+07 2.788787e+07
-6.464864e+14 3.060981e+15
2.175836e+07 1.040962e+07
4.449019e+08 1.325180e+09
5.299206e+10 -1.062142e+11
-1.761733e+13 1.225592e+13
-1.053139e+10 -3.443879e+09
7.512251e+09 1.873017e+08
-7.511931e+09 -1.872942e+08
2.428237e+07 -2.775547e+07
-1.141778e+07 4.124827e+07
1.387725e+16 5.161858e+16
-1.086473e+06 -2.743177e+06
-7.077204e+00 -9.202432e+05
-4.220215e+06 1.011899e+08
2.235143e+08 -1.318202e+07
6.149313e+05 -3.777773e+05
-6.160787e+05 3.805988e+05
-1.270350e+09 -6.086926e+08
1.568740e+07 -8.322482e+05
2.881052e+00 5.892965e+06
-7.385097e+18 -1.555110e+19
8.659259e+06 -6.619368e+06
1.839553e+05 2.631275e+00
-1.473828e+06 -2.696740e+06
-4.117761e+07 1.538687e+07
1.812354e+06 8.777645e+05
4.726995e+05 -3.423084e+00
-1.425814e+08 -3.616790e+07
-5.656440e+05 -2.022997e+06
1.142379e+07 -4.126737e+07
-5.614217e+06 2.364319e+06
5.505415e+05 1.590836e+06
-6.633176e+09 -1.019083e+10
-2.896180e+20 2.392699e+20
3.604522e+04 -9.112406e+00
-7.257884e+06 2.783099e+07
-8.706690e+12 -3.168751e+12
1.230053e+08 -1.187831e+10
-1.027608e+01 -9.163146e+05
-2.285801e+06 -2.646520e+07
-2.121172e+09 -2.741936e+10
-4.450122e+08 -1.325439e+09
4.078622e+08 3.033768e+08
-2.951227e+07 -9.435926e+07
1.985286e+07 3.333386e+07
-1.634831e+08 -2.982670e+08
-4.870028e+05 -5.605499e+00
7.462313e+00 -6.598317e+05
-8.454929e+13 4.345894e+13
5.740848e+14 6.201784e+15
-1.926429e+06 -6.411742e+00
8.063347e+08 4.611268e+08
-5.333317e+00 7.893596e+05
-2.244828e+08 1.113451e+07
-8.588207e+06 6.614493e+06
1.938879e+06 8.729307e+00
-5.306373e+07 4.537847e+07
-1.712172e+11 1.686574e+11
-5.442457e+04 -4.419117e+06
-6.150426e+12 2.221188e+14
-5.595068e+10 2.552634e+11
1.161786e+06 -3.106669e+06
1.219725e+07 1.855602e+06
-2.076057e+07 -3.526708e+07
6.649751e+06 -4.953881e+05
-3.465977e+00 8.823121e+05
-1.085098e+07 -3.140755e+06
1.470422e+06 2.688381e+06
-1.270016e+09 3.737134e+08
-5.032137e+11 -5.547009e+11
1.353652e+07 -3.475869e+06
3.498388e+11 5.280062e+10
5.597142e+06 -2.393946e+06
8.973934e+07 2.328658e+08
-5.033918e+07 -5.336729e+07
-3.151251e+05 -1.738083e+05
-2.198764e+06 4.569084e+05
7.437668e+07 -9.718351e+06
-5.610988e+00 2.817397e+05
1.374181e+06 1.196516e+06
1.750389e+10 3.700542e+09
1.099368e+06 1.437221e+06
2.182646e+11 -4.079824e+10
-4.990906e+04 -1.199687e+04
-2.803300e+08 1.213779e+07
2.202951e+08 1.948004e+08
-3.146328e+14 2.835696e+14
-4.347420e+07 -8.112636e+07
-3.377816e+05 -3.209652e+05
1.085100e+07 3.164264e+06
1.346315e+09 5.576612e+09
-2.186111e+05 -1.901391e+00
1.752278e+00 6.655491e+05
-4.873210e+12 1.575483e+12
-7.741800e+06 -4.692831e+06
-1.339641e+08 -3.784054e+07
-8.503846e+00 2.921822e+06
4.446576e+09 -2.896386e+09
-3.696044e+13 -1.217073e+13
2.234866e+06 2.712258e+06
-1.106432e+06 3.073838e+06
-1.229716e+08 1.187993e+10
7.996309e+07 2.052437e+07
1.344291e+06 -2.482296e+05
7.790808e+05 -2.183964e+05
-1.112933e+07 4.897786e+06
-5.741337e+14 -6.202576e+15
-7.117441e+05 9.531410e+00
1.122451e+11 -1.954913e+10
4.714595e+10 -3.376306e+08
-4.714797e+10 3.376141e+08
2.443610e+10 8.072101e+09
-3.755122e+12 1.348680e+12
1.373619e+12 4.338840e+10
1.661305e+10 4.818666e+09
-5.816281e+06 1.121210e+07
1.053379e+10 3.443786e+09
4.234340e+06 -1.013155e+08
1.512602e+06 -3.009734e+06
-8.928896e+08 -5.408164e+07
1.716662e+05 1.071927e+01
1.381442e+09 2.655042e+08
-2.195685e+07 -1.045297e+07
1.625253e+06 -6.372308e+06
9.456599e+00 -2.871477e+06
-3.775129e+05 -3.636511e+00
6.661789e+10 1.493636e+11
-2.196363e+07 1.772651e+07
-6.488177e+06 6.733652e+05
1.849826e+07 1.530604e+07
-3.263380e+06 1.417254e+07
-1.071174e+10 1.442494e+10
-1.721440e+08 2.934673e+07
5.149697e+05 1.054780e+01
6.082233e+07 -5.966776e+07
6.151472e+12 -2.221282e+14
-2.468898e+08 -4.181227e+08
-2.380715e+08 4.858553e+08
-2.229417e+07 1.872331e+06
3.146596e+14 -2.835938e+14
-3.456207e+06 6.386498e+05
8.930256e+08 5.386837e+07
7.386670e+18 1.555707e+19
-7.997447e+07 -2.056611e+07
-2.000629e+07 -3.308318e+07
-1.605809e+06 6.388536e+06
-2.391699e+06 -2.953805e+05
2.122383e+05 1.660137e+06
-1.188933e+09 1.545732e+10
5.904210e+07 -1.030599e+08
8.238397e+10 1.288367e+12
1.071174e+10 -1.442311e+10
4.869888e+07 -1.819168e+08
1.334629e+08 3.821506e+07
-8.995072e+07 -2.324289e+08
2.887223e+05 -4.115717e+00
2.259222e+06 -5.389140e-01
2.098274e+05 4.233075e+06
-2.201014e+08 -1.945815e+08
2.917009e+07 9.458824e+07
-1.866856e+07 -1.538342e+07
5.594820e+10 -2.552423e+11
-1.207678e+07 -1.876860e+06
1.778381e+06 3.220058e+05
4.841802e+09 3.363318e+09
-7.248954e+00 -2.652648e+06
2.375778e+08 -4.857798e+08
2.803111e+08 -1.213972e+07
-1.678479e+06 1.707308e+06
-1.794551e+06 -9.748824e+05
-4.928648e+06 6.532180e+00
2.086195e+06 1.414799e+06
