5.969023e+05 -1.585282e+00
2.373331e+06 -4.180055e+05
2.484440e+09 3.211215e+10
5.893919e+11 6.497950e+11
-4.452518e+11 -6.088468e+11
-1.618696e+09 -3.109666e+08
4.613724e+06 -1.652381e+07
-2.080662e+06 -1.708166e+06
-6.871356e+05 -4.537124e+06
-1.514161e+06 -5.089687e+00
2.194592e+05 -4.805373e+05
-1.018640e+07 2.711307e+07
1.392579e+09 -1.810505e+10
1.487466e+09 -4.376029e+08
-1.499362e+10 -3.246778e+09
1.488138e+09 7.131098e+08
-3.968589e+05 1.285147e+07
-1.999861e+06 -6.946320e+05
5.756096e+06 7.860451e+00
-7.131711e+07 6.975772e+07
-6.490100e+05 -1.301794e+06
-1.146303e+09 4.286941e+08
4.311299e+08 1.396309e+10
-2.048991e+10 -4.332158e+09
-1.571984e+07 3.076597e+07
-4.093612e+06 4.052025e+05
2.227390e+05 -4.192796e+04
2.604321e+07 -2.034317e+07
-6.535444e+12 -1.775269e+12
-9.841466e+00 -1.061611e+06
1.280821e+07 -5.783469e+06
-3.915989e+07 7.663496e+06
-9.650469e+09 -2.900813e+09
-9.448187e+08 -5.402079e+08
-1.205612e+07 -1.716360e+06
2.717679e+10 -1.705635e+10
9.401021e+13 1.791679e+14
2.303977e+05 4.279118e+05
1.499701e+10 3.247661e+09
5.049562e+07 4.065432e+07
2.878543e+10 -3.230682e+09
6.337226e+05 1.299683e+06
-7.439880e+00 -6.123790e+05
-5.673161e+09 -3.941723e+09
4.308222e+06 3.124618e+07
6.345952e+05 -6.020873e+05
-8.328062e+11 1.160415e+12
3.976178e+05 -3.029808e+05
3.916873e+07 -7.696013e+06
-6.044717e+08 -6.004050e+08
2.019562e+08 -3.483940e+07
9.101342e+06 5.448427e+06
-5.365048e+00 -4.650042e+05
4.624034e+06 -5.199155e+05
1.020056e+13 3.712664e+12
1.145819e+09 -4.289955e+08
-1.314736e+11 2.289956e+10
1.671877e+08 4.240934e+07
1.203351e+06 3.128743e+06
-1.349919e+07 -4.064187e+07
-5.707782e+12 -7.668286e+12
-2.557089e+11 4.779817e+10
1.934506e+07 -3.876134e+07
5.976672e+07 6.636057e+07
-1.165372e+15 1.665368e+15
-1.075419e+08 3.519726e+07
6.448010e+06 -1.311086e+07
-4.097702e+11 -6.184377e+10
-2.672847e+09 -2.284866e+09
2.070077e+09 -2.907072e+08
1.508092e+06 -8.391271e+00
-3.961834e+09 -4.408816e+09
6.535444e+12 1.775140e+12
5.706341e+08 1.420606e+08
3.350567e+04 6.198013e+00
-2.862461e+10 -9.457652e+09
-9.645929e+10 -1.508800e+12
-9.646056e+08 -1.878340e+09
-1.069063e+06 1.105139e+06
-1.385999e+08 -4.368928e+07
-1.592751e+09 -6.526356e+09
5.707782e+12 7.667729e+12
-1.578177e+09 1.027805e+09
1.574725e+07 -3.078637e+07
-2.086235e+08 1.523395e+08
-8.094202e+07 -4.031461e+06
-9.761649e+00 -5.197183e+06
4.452525e+11 6.088686e+11
-6.283500e+05 -5.661021e+00
-4.994482e+04 -1.240725e+00
-1.935612e+07 3.867072e+07
3.962400e+09 4.409938e+09
-7.391566e+08 -4.914197e+08
1.280902e+17 -2.085579e+17
9.653775e+09 2.902558e+09
-1.107755e+01 -1.038648e+06
2.888839e+08 4.903468e+08
7.685030e+05 -1.007731e+06
-2.816421e+04 -7.304025e+05
-5.209630e+09 3.393837e+09
-4.307360e+08 -1.397018e+10
4.303843e+11 -4.148817e+11
-4.784968e+08 -3.556398e+08
-2.101685e+11 3.175497e+11
2.221709e+04 6.551733e+05
7.040799e+06 4.316838e+07
2.101838e+11 -3.175382e+11
2.673543e+05 2.476682e+00
9.908734e+13 -5.093192e+13
-2.718010e+10 1.705742e+10
7.257201e+10 4.086454e+11
1.368524e+07 -4.324313e+00
-1.117874e+08 1.072986e+08
-2.070514e+09 2.908732e+08
4.400120e+12 -1.580402e+12
-5.705743e+08 -1.423900e+08
-9.208474e+05 2.753922e+05
1.166007e+15 -1.666034e+15
6.167530e+05 1.170517e+06
-1.946058e+10 -5.644974e+09
-1.281134e+17 2.085806e+17
-1.826443e+08 1.125304e+08
5.709720e+12 -1.845320e+12
1.578535e+09 -1.028149e+09
-5.701527e+07 2.131498e+08
2.004537e+11 -1.976287e+11
5.081409e+07 9.518599e+07
7.773020e+09 1.194209e+10
-2.026030e+06 3.500453e+06
1.801192e+08 -1.939132e+08
-1.031394e+06 -4.934181e+06
1.042214e+06 4.924496e+06
4.466611e+00 -5.117198e+06
-6.218899e+10 1.246577e+11
-3.069333e+07 9.344724e+06
-5.030370e+07 -3.997729e+07
-6.975073e+06 -1.138382e+07
-6.155978e+00 4.598413e+06
9.777979e+08 1.881599e+09
-2.580173e+07 6.952143e+07
7.576615e+14 -3.587372e+15
4.340589e+06 -2.206235e+06
-1.220285e+06 -4.950920e+06
1.820813e+08 -1.124481e+08
-3.947375e+05 -1.267571e+06
-1.626970e+16 -6.052648e+16
-2.577448e+05 -8.263620e+00
2.591772e+07 -2.088017e+06
-3.904905e+08 -3.753023e+07
-1.989332e+06 -3.211644e+05
-1.801537e+08 1.939257e+08
-1.713197e+06 -1.959743e+06
-3.776903e+07 4.234010e+07
-1.092762e+11 -2.125409e+10
-2.656661e+10 9.734272e+10
-7.518952e+00 2.719543e+05
-1.608585e+12 -5.081197e+10
4.851314e+07 -1.800224e+07
1.858317e+13 -3.218993e+13
6.716626e-01 -1.215054e+07
1.785544e+06 -2.213509e+06
-7.642802e+04 -6.459587e+05
1.493065e+08 -3.439749e+07
1.155741e+05 6.477511e+05
3.896308e+05 1.255054e+06
-2.877912e+10 3.230128e+09
-2.338037e+06 -6.614415e+04
-7.255865e+10 -4.085410e+11
4.820932e+09 9.708610e+09
-7.802226e+10 -1.749525e+11
-2.604161e+15 1.071120e+14
1.184877e+06 5.122465e+06
3.775674e+07 -4.234331e+07
4.198193e+05 4.634170e+06
2.656562e+10 -9.732856e+10
-9.406006e+07 -8.888545e+07
4.330395e+13 1.426115e+13
1.388675e+08 4.369977e+07
1.137112e+09 -1.977766e+08
2.581257e+07 -6.951144e+07
3.904482e+08 3.762821e+07
9.439263e+07 -7.985409e+07
6.044993e+08 6.004539e+08
-6.917770e+07 1.207771e+08
1.913262e+08 3.491413e+08
-2.170100e+06 -1.000388e+06
1.362237e+07 1.956164e+06
-1.858114e+13 3.218759e+13
-1.361127e+07 -1.896812e+06
-2.116640e+06 -3.435394e+06
2.603783e+15 -1.070965e+14
-1.299348e+07 3.002207e+05
6.766039e+10 -1.506814e+10
-4.303519e+11 4.149321e+11
-6.715812e+06 2.446255e+07
-6.769295e+10 1.507098e+10
9.405997e+07 8.889801e+07
7.577665e+06 1.168429e+07
-1.766734e+05 -5.011815e+06
6.653696e+00 9.193812e+05
7.368751e+05 -9.478782e+05
1.362301e+08 4.606367e+07
1.092724e+11 2.125146e+10
-1.073635e+06 1.678585e+06
7.393893e+08 4.914992e+08
8.326854e+11 -1.160288e+12
-1.491409e+08 3.466249e+07
8.085592e+07 3.697029e+06
-4.821084e+09 -9.708265e+09
3.393306e+20 -2.803284e+20
5.189983e+04 1.378970e+06
-3.804569e+00 7.707141e+05
7.113692e+06 -2.538397e+07
2.063545e+13 -1.435720e+13
5.491294e+00 3.040262e+05
2.085588e+08 -1.522653e+08
-9.330183e+05 -9.181525e+04
4.299482e+06 -2.855067e+05
3.088488e+07 -9.100835e+06
-9.438407e+07 5.305146e+07
2.834811e+06 2.401319e+05
-9.399654e+13 -1.791288e+14
-1.136470e+09 1.983957e+08
8.508107e+06 -3.259274e+07
2.673059e+09 2.285561e+09
-1.839625e+07 5.528453e+05
9.330462e+06 -2.599998e+07
-2.832545e+07 3.268384e+07
-7.576615e+14 3.587242e+15
2.549387e+07 1.219663e+07
5.212968e+08 1.552738e+09
6.219567e+10 -1.246622e+11
-2.064295e+13 1.436033e+13
-1.233954e+10 -4.035112e+09
8.802735e+09 2.194785e+08
-8.802415e+09 -2.194697e+08
2.846070e+07 -3.253017e+07
-1.337830e+07 4.833048e+07
1.627267e+16 6.052648e+16
-1.273245e+06 -3.214709e+06
-1.112314e+01 -1.078396e+06
-4.946807e+06 1.186136e+08
2.620222e+08 -1.545330e+07
7.204703e+05 -4.425908e+05
-7.218102e+05 4.458784e+05
-1.488819e+09 -7.133684e+08
1.838202e+07 -9.752338e+05
-1.180542e+00 6.904704e+06
-8.653639e+18 -1.822278e+19
1.014718e+07 -7.756792e+06
2.155914e+05 -8.684101e+00
-1.727087e+06 -3.160168e+06
-4.825489e+07 1.803110e+07
2.123798e+06 1.028585e+06
5.538706e+05 -5.448324e+00
-1.670683e+08 -4.237964e+07
-6.627464e+05 -2.370363e+06
1.338529e+07 -4.835160e+07
-6.578535e+06 2.770364e+06
6.450636e+05 1.863995e+06
-7.772988e+09 -1.194205e+10
-3.393676e+20 2.803692e+20
4.224733e+04 1.395286e+00
-8.504975e+06 3.261296e+07
-1.020204e+13 -3.713068e+12
1.441248e+08 -1.391777e+10
-9.678918e+00 -1.073644e+06
-2.678147e+06 -3.100816e+07
-2.485291e+09 -3.212596e+10
-5.214353e+08 -1.553050e+09
4.779025e+08 3.554742e+08
-3.458646e+07 -1.105831e+08
2.326266e+07 3.905907e+07
-1.915548e+08 -3.494870e+08
-5.706059e+05 4.529343e+00
-2.036129e+00 -7.731448e+05
-9.909456e+13 5.093563e+13
6.726194e+14 7.266198e+15
-2.257413e+06 -4.843181e+00
9.448440e+08 5.403342e+08
-1.022750e+01 9.249321e+05
-2.631638e+08 1.305289e+07
-1.006481e+07 7.751093e+06
2.271970e+06 -4.158738e+00
-6.218424e+07 5.317645e+07
-2.006121e+11 1.976115e+11
-6.375640e+04 -5.177820e+06
-7.207014e+12 2.602752e+14
-6.556046e+10 2.991042e+11
1.361280e+06 -3.640160e+06
1.429175e+07 2.174237e+06
-2.432890e+07 -4.132852e+07
7.792480e+06 -5.805498e+05
-6.229533e+00 1.033843e+06
-1.271459e+07 -3.680243e+06
1.723063e+06 3.150237e+06
-1.488158e+09 4.379249e+08
-5.896062e+11 -6.499368e+11
1.586128e+07 -4.072734e+06
4.098741e+11 6.186165e+10
6.558124e+06 -2.805074e+06
1.051492e+08 2.728565e+08
-5.907818e+07 -6.263160e+07
-3.692890e+05 -2.036710e+05
-2.576310e+06 5.353183e+05
8.715620e+07 -1.138823e+07
-2.752552e-01 3.301079e+05
1.610151e+06 1.401922e+06
2.050685e+10 4.335434e+09
1.288130e+06 1.683961e+06
2.557369e+11 -4.780086e+10
-5.845940e+04 -1.401043e+04
-3.284417e+08 1.422115e+07
2.581017e+08 2.282302e+08
-3.686364e+14 3.322536e+14
-5.093789e+07 -9.505488e+07
-3.957178e+05 -3.760022e+05
1.271402e+07 3.707704e+06
1.577541e+09 6.534461e+09
-2.561907e+05 5.073786e+00
-8.750220e+00 7.797690e+05
-5.710134e+12 1.846057e+12
-9.071629e+06 -5.498947e+06
-1.569741e+08 -4.433982e+07
4.560043e-01 3.423650e+06
5.210751e+09 -3.394171e+09
-4.332130e+13 -1.426531e+13
2.618656e+06 3.177991e+06
-1.296408e+06 3.601693e+06
-1.440826e+08 1.391941e+10
9.368658e+07 2.404679e+07
1.575314e+06 -2.908844e+05
9.126721e+05 -2.557770e+05
-1.303954e+07 5.738406e+06
-6.726438e+14 -7.266462e+15
-8.338035e+05 -1.397506e+00
1.315019e+11 -2.290410e+10
5.524355e+10 -3.956156e+08
-5.524757e+10 3.956156e+08
2.863150e+10 9.457990e+09
-4.400439e+12 1.580403e+12
1.609345e+12 5.083242e+10
1.946366e+10 5.645496e+09
-6.814474e+06 1.313644e+07
1.234242e+10 4.034978e+09
4.963139e+06 -1.187543e+08
1.773020e+06 -3.528019e+06
-1.046139e+09 -6.336216e+07
2.010221e+05 -5.800532e+00
1.618784e+09 3.111103e+08
-2.572566e+07 -1.224717e+07
1.904023e+06 -7.465538e+06
-3.245927e+00 -3.364586e+06
-4.423941e+05 -8.201420e+00
7.805349e+10 1.750033e+11
-2.573794e+07 2.077272e+07
-7.603217e+06 7.890872e+05
2.168073e+07 1.793920e+07
-3.823957e+06 1.660686e+07
-1.255160e+10 1.690249e+10
-2.017534e+08 3.439425e+07
6.035973e+05 -9.399935e+00
7.126794e+07 -6.991468e+07
7.208060e+12 -2.602846e+14
-2.892964e+08 -4.899408e+08
-2.792352e+08 5.698655e+08
-2.612413e+07 2.194008e+06
3.686766e+14 -3.322778e+14
-4.050019e+06 7.483639e+05
1.046317e+09 6.311544e+07
8.655212e+18 1.822874e+19
-9.369534e+07 -2.409437e+07
-2.344203e+07 -3.876442e+07
-1.881345e+06 7.484672e+06
-2.802335e+06 -3.460891e+05
2.486392e+05 1.945080e+06
-1.393016e+09 1.811038e+10
6.920662e+07 -1.208025e+08
9.656853e+10 1.510174e+12
1.255160e+10 -1.690066e+10
5.706171e+07 -2.131645e+08
1.563876e+08 4.477832e+07
-1.053975e+08 -2.723338e+08
3.382562e+05 -3.426886e+00
2.646901e+06 9.601300e+00
2.457560e+05 4.959410e+06
-2.578873e+08 -2.279864e+08
3.418445e+07 1.108481e+08
-2.187975e+07 -1.802952e+07
6.555558e+10 -2.990614e+11
-1.414965e+07 -2.198940e+06
2.083998e+06 3.772932e+05
5.673381e+09 3.940993e+09
-1.040066e+01 -3.113157e+06
2.786631e+08 -5.697770e+08
3.284357e+08 -1.422388e+07
-1.967894e+06 2.001790e+06
-2.102809e+06 -1.142356e+06
-5.774996e+06 1.501054e+00
2.444570e+06 1.657749e+06
