9.836791e+05 8.692909e+00
3.908393e+06 -6.881486e+05
4.090613e+09 5.287309e+10
9.706195e+11 1.070070e+12
-7.331094e+11 -1.002514e+12
-2.666472e+09 -5.122354e+08
7.598996e+06 -2.721142e+07
-3.426474e+06 -2.812844e+06
-1.131293e+06 -7.470650e+06
-2.493810e+06 3.842668e+00
3.613452e+05 -7.911470e+05
-1.677307e+07 4.464717e+07
2.293073e+09 -2.981095e+10
2.450119e+09 -7.208456e+08
-2.469255e+10 -5.347446e+09
2.452278e+09 1.175064e+09
-6.542213e+05 2.118372e+07
-3.293125e+06 -1.143840e+06
9.480080e+06 -8.948278e+00
-1.174657e+08 1.148998e+08
-1.068993e+06 -2.143744e+06
-1.887750e+09 7.059956e+08
7.101141e+08 2.300025e+10
-3.374716e+10 -7.134977e+09
-2.589199e+07 5.066303e+07
-6.740717e+06 6.673777e+05
3.670866e+05 -6.910130e+04
4.290988e+07 -3.351086e+07
-1.076175e+13 -2.923164e+12
5.623825e+00 -1.748736e+06
2.109335e+07 -9.524910e+06
-6.448415e+07 1.261878e+07
-1.589293e+10 -4.777444e+09
-1.556324e+09 -8.897634e+08
-1.985533e+07 -2.826727e+06
4.476253e+10 -2.809288e+10
1.548118e+14 2.950479e+14
3.791295e+05 7.054171e+05
2.470038e+10 5.348881e+09
8.317922e+07 6.696857e+07
4.741019e+10 -5.320806e+09
1.043816e+06 2.140653e+06
-7.546650e+00 -1.008291e+06
-9.344721e+09 -6.492503e+09
7.094955e+06 5.145594e+07
1.045601e+06 -9.919881e+05
-1.373295e+12 1.913590e+12
6.551058e+05 -4.994094e+05
6.450842e+07 -1.267530e+07
-9.958115e+08 -9.891338e+08
3.328255e+08 -5.741825e+07
1.499188e+07 8.974836e+06
-9.817070e+00 -7.658506e+05
7.617894e+06 -8.565163e+05
1.680101e+13 6.115134e+12
1.886984e+09 -7.064624e+08
-2.165150e+11 3.771145e+10
2.753595e+08 6.984640e+07
1.982258e+06 5.153742e+06
-2.222890e+07 -6.692738e+07
-9.401542e+12 -1.262979e+13
-4.211146e+11 7.871997e+10
3.185324e+07 -6.382359e+07
9.879785e+07 1.097043e+08
-1.919207e+15 2.742436e+15
-1.770993e+08 5.796257e+07
1.062002e+07 -2.159223e+07
-6.747501e+11 -1.018368e+11
-4.406846e+09 -3.767469e+09
3.408796e+09 -4.787007e+08
2.484322e+06 5.227561e+00
-6.523621e+09 -7.259412e+09
1.076198e+13 2.922971e+12
9.422075e+08 2.345561e+08
5.524930e+04 1.064212e+01
-4.713810e+10 -1.557412e+10
-1.589816e+11 -2.486807e+12
-1.588492e+09 -3.093214e+09
-1.760333e+06 1.819711e+06
-2.288689e+08 -7.214268e+07
-2.622809e+09 -1.074802e+10
9.400089e+12 1.262840e+13
-2.598794e+09 1.692517e+09
2.592975e+07 -5.069856e+07
-3.436446e+08 2.509318e+08
-1.333391e+08 -6.640944e+06
-9.392994e+00 -8.558305e+06
7.331107e+11 1.002469e+12
-1.034728e+06 -8.673367e+00
-8.227843e+04 -6.367713e+00
-3.186369e+07 6.366597e+07
6.523606e+09 7.260214e+09
-1.217371e+09 -8.093383e+08
2.108922e+17 -3.433895e+17
1.589738e+10 4.779622e+09
-2.529781e+00 -1.710554e+06
4.758731e+08 8.077402e+08
1.265710e+06 -1.659461e+06
-4.638593e+04 -1.203123e+06
-8.582819e+09 5.590663e+09
-7.093482e+08 -2.300681e+10
7.087230e+11 -6.831892e+11
-7.880634e+08 -5.857149e+08
-3.461778e+11 5.230427e+11
3.680111e+04 1.079156e+06
1.159455e+07 7.108703e+07
3.461855e+11 -5.229735e+11
4.403483e+05 -2.456159e+00
1.632754e+14 -8.392647e+13
-4.476606e+10 2.809385e+10
1.196085e+11 6.735079e+11
2.253223e+07 -2.156795e+00
-1.840642e+08 1.766680e+08
-3.408922e+09 4.788915e+08
7.247576e+12 -2.603073e+12
-9.419843e+08 -2.350451e+08
-1.516610e+06 4.535574e+05
1.919715e+15 -2.742860e+15
1.016814e+06 1.929601e+06
-3.204287e+10 -9.294612e+09
-2.109201e+17 3.434198e+17
-3.137917e+08 1.933182e+08
9.402023e+12 -3.038754e+12
2.598951e+09 -1.692529e+09
-9.389401e+07 3.510251e+08
3.300553e+11 -3.254182e+11
8.368076e+07 1.567490e+08
1.280274e+10 1.966935e+10
-3.340828e+06 5.772014e+06
2.966443e+08 -3.193387e+08
-1.697969e+06 -8.122932e+06
1.715593e+06 8.107140e+06
3.240614e+00 -8.429389e+06
-1.028055e+11 2.060704e+11
-5.055390e+07 1.539103e+07
-8.284959e+07 -6.584359e+07
-1.148716e+07 -1.874761e+07
7.039970e+00 7.574464e+06
1.610171e+09 3.098349e+09
-4.248840e+07 1.144792e+08
1.248288e+15 -5.910778e+15
7.147263e+06 -3.633064e+06
-2.010192e+06 -8.155847e+06
3.128446e+08 -1.932024e+08
-6.500648e+05 -2.087326e+06
-2.683945e+16 -9.984672e+16
-4.244664e+05 -6.251791e+00
4.269117e+07 -3.439496e+06
-6.431543e+08 -6.181483e+07
-3.278161e+06 -5.293298e+05
-2.967039e+08 3.193715e+08
-2.821328e+06 -3.227334e+06
-6.219473e+07 6.971930e+07
-1.799372e+11 -3.499784e+10
-4.374690e+10 1.602811e+11
-6.677112e+00 4.477143e+05
-2.648808e+12 -8.366934e+10
7.991378e+07 -2.965395e+07
3.061063e+13 -5.302477e+13
-9.733357e+00 -2.002657e+07
2.944599e+06 -3.650242e+06
-1.256128e+05 -1.063324e+06
2.461346e+08 -5.670484e+07
1.901622e+05 1.066345e+06
6.413767e+05 2.066229e+06
-4.739131e+10 5.319098e+09
-3.849477e+06 -1.085618e+05
-1.195818e+11 -6.733142e+11
7.939565e+09 1.598741e+10
-1.284732e+11 -2.880747e+11
-4.287765e+15 1.763450e+14
1.951128e+06 8.436368e+06
6.216586e+07 -6.971508e+07
6.909402e+05 7.630311e+06
4.374491e+10 -1.602740e+11
-1.549336e+08 -1.464091e+08
7.136488e+13 2.350239e+13
2.293083e+08 7.216396e+07
1.873856e+09 -3.259224e+08
4.250658e+07 -1.144710e+08
6.430136e+08 6.196612e+07
1.555071e+08 -1.315605e+08
9.956913e+08 9.890422e+08
-1.140323e+08 1.990798e+08
3.151109e+08 5.750123e+08
-3.574972e+06 -1.648050e+06
2.243188e+07 3.220869e+06
-3.060995e+13 5.302477e+13
-2.241180e+07 -3.123239e+06
-3.485883e+06 -5.657633e+06
4.287765e+15 -1.763606e+14
-2.139407e+07 4.941339e+05
1.114198e+11 -2.481081e+10
-7.086117e+11 6.832127e+11
-1.105840e+07 4.028049e+07
-1.114626e+11 2.481699e+10
1.549313e+08 1.464278e+08
1.247937e+07 1.924194e+07
-2.907476e+05 -8.253101e+06
7.307135e+00 1.513946e+06
1.213377e+06 -1.560961e+06
2.243232e+08 7.584794e+07
1.799295e+11 3.499269e+10
-1.768055e+06 2.764479e+06
1.217824e+09 8.095573e+08
1.373084e+12 -1.913379e+12
-2.458958e+08 5.714530e+07
1.331963e+08 6.090904e+06
-7.940053e+09 -1.598919e+10
5.588379e+20 -4.616784e+20
8.545481e+04 2.271205e+06
6.319120e+00 1.269222e+06
1.171315e+07 -4.180063e+07
3.398854e+13 -2.364700e+13
-7.383102e+00 5.006340e+05
3.435456e+08 -2.507989e+08
-1.536781e+06 -1.511702e+05
7.079611e+06 -4.699913e+05
5.087347e+07 -1.499046e+07
-1.554860e+08 8.739464e+07
4.667799e+06 3.954254e+05
-1.547913e+14 -2.949828e+14
-1.872825e+09 3.269422e+08
1.401319e+07 -5.368265e+07
4.406972e+09 3.768093e+09
-3.029913e+07 9.106129e+05
1.536272e+07 -4.281309e+07
-4.667186e+07 5.385515e+07
-1.248425e+15 5.910778e+15
4.198711e+07 2.008728e+07
8.585108e+08 2.557259e+09
1.028235e+11 -2.060977e+11
-3.399905e+13 2.365170e+13
-2.032285e+10 -6.645662e+09
1.449794e+10 3.614743e+08
-1.449666e+10 -3.614438e+08
4.689217e+07 -5.359482e+07
-2.202899e+07 7.957880e+07
2.684242e+16 9.984010e+16
-2.097335e+06 -5.295465e+06
-1.391147e+00 -1.776686e+06
-8.154377e+06 1.955236e+08
4.319805e+08 -2.547923e+07
1.186632e+06 -7.289316e+05
-1.188691e+06 7.342833e+05
-2.453269e+09 -1.175468e+09
3.027777e+07 -1.606360e+06
-2.854509e+00 1.137103e+07
-1.425340e+19 -3.001578e+19
1.671492e+07 -1.277762e+07
3.549631e+05 4.389091e+00
-2.844751e+06 -5.205633e+06
-7.948498e+07 2.969858e+07
3.497923e+06 1.694089e+06
9.119479e+05 3.840376e+00
-2.751348e+08 -6.979182e+07
-1.091150e+06 -3.902917e+06
2.204119e+07 -7.961233e+07
-1.083386e+07 4.562006e+06
1.061861e+06 3.069317e+06
-1.280269e+10 -1.966928e+10
-5.588749e+20 4.617294e+20
6.949847e+04 -1.069663e+01
-1.400745e+07 5.371431e+07
-1.680064e+13 -6.114864e+12
2.373251e+08 -2.291789e+10
-6.001563e+00 -1.768220e+06
-4.409609e+06 -5.105763e+07
-4.092056e+09 -5.289612e+10
-8.586706e+08 -2.557497e+09
7.869894e+08 5.853797e+08
-5.697908e+07 -1.821789e+08
3.830931e+07 6.432304e+07
-3.154353e+08 -5.754949e+08
-9.397151e+05 3.321519e+00
-2.868279e-01 -1.273437e+06
-1.632826e+14 8.393203e+13
1.107476e+15 1.196398e+16
-3.718069e+06 7.455628e+00
1.556153e+09 8.899344e+08
1.000434e+01 1.523415e+06
-4.338918e+08 2.152072e+07
-1.658225e+07 1.276787e+07
3.742270e+06 -1.471929e+00
-1.024307e+08 8.759743e+07
-3.303457e+11 3.254000e+11
-1.049192e+05 -8.526184e+06
-1.186947e+13 4.286780e+14
-1.079683e+11 4.925732e+11
2.241655e+06 -5.994348e+06
2.353466e+07 3.580330e+06
-4.007574e+07 -6.807888e+07
1.283550e+07 -9.563151e+05
-9.069773e+00 1.702635e+06
-2.094014e+07 -6.061317e+06
2.838434e+06 5.189442e+06
-2.451218e+09 7.213377e+08
-9.709196e+11 -1.070283e+12
2.612164e+07 -6.707176e+06
6.748540e+11 1.018524e+11
1.079975e+07 -4.619530e+06
1.731565e+08 4.493448e+08
-9.764760e+07 -1.035147e+08
-6.082455e+05 -3.354850e+05
-4.242423e+06 8.814267e+05
1.435597e+08 -1.875848e+07
-1.615790e+00 5.437128e+05
2.651720e+06 2.308888e+06
3.376548e+10 7.138436e+09
2.121327e+06 2.772899e+06
4.211333e+11 -7.871519e+10
-9.651949e+04 -2.321269e+04
-5.408641e+08 2.341999e+07
4.250344e+08 3.758458e+08
-6.070989e+14 5.471731e+14
-8.388907e+07 -1.565437e+08
-6.517503e+05 -6.191635e+05
2.093826e+07 6.105722e+06
2.597881e+09 1.076120e+10
-4.218933e+05 -3.986572e+00
-2.281311e-03 1.284037e+06
-9.403890e+12 3.040229e+12
-1.494038e+07 -9.056156e+06
-2.585224e+08 -7.302270e+07
1.655641e-01 5.638431e+06
8.583428e+09 -5.591264e+09
-7.139484e+13 -2.351018e+13
4.312882e+06 5.233754e+06
-2.135080e+06 5.931981e+06
-2.372667e+08 2.292112e+10
1.542585e+08 3.959402e+07
2.595201e+06 -4.793975e+05
1.502655e+06 -4.211323e+05
-2.147267e+07 9.449800e+06
-1.107525e+15 -1.196424e+16
-1.373169e+06 6.808623e+00
2.165335e+11 -3.771402e+10
9.096894e+10 -6.515954e+08
-9.099706e+10 6.516335e+08
4.714994e+10 1.557494e+10
-7.248535e+12 2.603246e+12
2.649977e+12 8.370097e+10
3.205036e+10 9.296100e+09
-1.122198e+07 2.163382e+07
2.032629e+10 6.645053e+09
8.180840e+06 -1.957498e+08
2.923060e+06 -5.816537e+06
-1.722761e+09 -1.043375e+08
3.308894e+05 1.039413e+00
2.666429e+09 5.124695e+08
-4.236660e+07 -2.016897e+07
3.134871e+06 -1.229144e+07
9.528455e+00 -5.540790e+06
-7.287410e+05 -4.772840e+00
1.285187e+11 2.881573e+11
-4.239478e+07 3.421622e+07
-1.252397e+07 1.299710e+06
3.572558e+07 2.955918e+07
-6.297552e+06 2.734876e+07
-2.067047e+10 2.783528e+10
-3.324119e+08 5.666751e+07
9.946023e+05 7.390049e+00
1.173642e+08 -1.151366e+08
1.187104e+13 -4.286780e+14
-4.764929e+08 -8.069695e+08
-4.609451e+08 9.407144e+08
-4.302994e+07 3.613950e+06
6.071123e+14 -5.471731e+14
-6.671054e+06 1.232647e+06
1.722994e+09 1.039374e+08
1.425466e+19 3.002307e+19
-1.542672e+08 -3.967015e+07
-3.860636e+07 -6.383968e+07
-3.097468e+06 1.232301e+07
-4.614828e+06 -5.698913e+05
4.093876e+05 3.202770e+06
-2.293734e+09 2.981895e+10
1.140627e+08 -1.991045e+08
1.591683e+11 2.489117e+12
2.067183e+10 -2.783592e+10
9.398233e+07 -3.510834e+08
2.575773e+08 7.374535e+07
-1.735756e+08 -4.485591e+08
5.573034e+05 -1.550365e+00
4.358832e+06 -1.163159e+00
4.048516e+05 8.167820e+06
-4.247249e+08 -3.754798e+08
5.632475e+07 1.826411e+08
-3.605686e+07 -2.971190e+07
1.079682e+11 -4.925526e+11
-2.330371e+07 -3.621803e+06
3.434123e+06 6.218320e+05
9.345776e+09 6.492100e+09
-2.569666e+00 -5.146337e+06
4.600173e+08 -9.405892e+08
5.408856e+08 -2.342468e+07
-3.245712e+06 3.301457e+06
-3.463329e+06 -1.881488e+06
-9.510294e+06 -1.000296e+01
4.026280e+06 2.730397e+06
