6.135857e+05 2.825102e+00
2.439408e+06 -4.296413e+05
2.553576e+09 3.300587e+10
6.057966e+11 6.678790e+11
-4.576414e+11 -6.257887e+11
-1.663786e+09 -3.196285e+08
4.742180e+06 -1.698368e+07
-2.138622e+06 -1.755742e+06
-7.062617e+05 -4.663424e+06
-1.556351e+06 -1.416722e+00
2.255603e+05 -4.939089e+05
-1.046981e+07 2.786741e+07
1.431331e+09 -1.860883e+10
1.528898e+09 -4.497925e+08
-1.541104e+10 -3.337182e+09
1.529633e+09 7.329905e+08
-4.079559e+05 1.321001e+07
-2.055523e+06 -7.139798e+05
5.916339e+06 3.547807e+00
-7.330262e+07 7.169982e+07
-6.670835e+05 -1.338030e+06
-1.178209e+09 4.406260e+08
4.431336e+08 1.435193e+10
-2.106042e+10 -4.452767e+09
-1.615764e+07 3.162251e+07
-4.207546e+06 4.164782e+05
2.289426e+05 -4.309663e+04
2.676908e+07 -2.090982e+07
-6.717308e+12 -1.824664e+12
2.717934e+00 -1.091171e+06
1.316488e+07 -5.944509e+06
-4.024968e+07 7.876747e+06
-9.919181e+09 -2.981567e+09
-9.711266e+08 -5.552480e+08
-1.239168e+07 -1.764132e+06
2.793349e+10 -1.753124e+10
9.662672e+13 1.841543e+14
2.367809e+05 4.398371e+05
1.541444e+10 3.338064e+09
5.190179e+07 4.178639e+07
2.958665e+10 -3.320602e+09
6.513520e+05 1.335842e+06
9.477393e+00 -6.294040e+05
-5.831144e+09 -4.051474e+09
4.428112e+06 3.211567e+07
6.522649e+05 -6.188528e+05
-8.560629e+11 1.192821e+12
4.086866e+05 -3.114199e+05
4.025925e+07 -7.910246e+06
-6.213077e+08 -6.171277e+08
2.075867e+08 -3.581082e+07
9.354801e+06 5.600158e+06
-6.015118e+00 -4.779363e+05
4.752829e+06 -5.344123e+05
1.048450e+13 3.816022e+12
1.177705e+09 -4.409332e+08
-1.351320e+11 2.353679e+10
1.718415e+08 4.358975e+07
1.236858e+06 3.215888e+06
-1.387479e+07 -4.177265e+07
-5.866730e+12 -7.881774e+12
-2.628261e+11 4.912855e+10
1.988317e+07 -3.983968e+07
6.144609e+07 6.822528e+07
-1.197811e+15 1.711716e+15
-1.105347e+08 3.617677e+07
6.627477e+06 -1.347576e+07
-4.211700e+11 -6.356433e+10
-2.747471e+09 -2.348578e+09
2.127677e+09 -2.987959e+08
1.550085e+06 5.092628e+00
-4.072064e+09 -4.531487e+09
6.717308e+12 1.824535e+12
5.866216e+08 1.460406e+08
3.443646e+04 -9.504036e+00
-2.942127e+10 -9.720851e+09
-9.914922e+10 -1.550863e+12
-9.914353e+08 -1.930579e+09
-1.098700e+06 1.135779e+06
-1.424761e+08 -4.491105e+07
-1.636997e+09 -6.707637e+09
5.866315e+12 7.880938e+12
-1.622045e+09 1.056376e+09
1.618497e+07 -3.164220e+07
-2.144270e+08 1.565769e+08
-8.319419e+07 -4.143628e+06
1.272223e-01 -5.341662e+06
4.576260e+11 6.257884e+11
-6.458239e+05 -3.612087e+00
-5.133459e+04 6.401200e+00
-1.989397e+07 3.974526e+07
4.072487e+09 4.532449e+09
-7.597148e+08 -5.050862e+08
1.316494e+17 -2.143533e+17
9.922140e+09 2.983243e+09
-4.002447e+00 -1.067531e+06
2.969216e+08 5.039883e+08
7.898633e+05 -1.035739e+06
-2.894821e+04 -7.507128e+05
-5.354553e+09 3.488241e+09
-4.427088e+08 -1.435851e+10
4.423460e+11 -4.264129e+11
-4.918005e+08 -3.655273e+08
-2.160135e+11 3.263808e+11
2.285360e+04 6.734048e+05
7.236476e+06 4.436652e+07
2.160211e+11 -3.263577e+11
2.747776e+05 -8.033870e+00
1.018457e+14 -5.234979e+13
-2.793581e+10 1.753169e+10
7.459330e+10 4.200266e+11
1.406539e+07 5.163030e+00
-1.148898e+08 1.102762e+08
-2.127963e+09 2.989533e+08
4.522496e+12 -1.624299e+12
-5.865166e+08 -1.463673e+08
-9.463964e+05 2.830130e+05
1.198361e+15 -1.712260e+15
6.338941e+05 1.203077e+06
-2.000143e+10 -5.801853e+09
-1.316727e+17 2.143760e+17
-1.882810e+08 1.160028e+08
5.868433e+12 -1.896631e+12
1.622345e+09 -1.056683e+09
-5.860041e+07 2.190760e+08
2.060243e+11 -2.031208e+11
5.222661e+07 9.783196e+07
7.989173e+09 1.227419e+10
-2.082437e+06 3.597918e+06
1.851269e+08 -1.992969e+08
-1.060041e+06 -5.071248e+06
1.071152e+06 5.061293e+06
1.088506e+01 -5.259352e+06
-6.393250e+10 1.281525e+11
-3.154590e+07 9.604261e+06
-5.170075e+07 -4.108754e+07
-7.168734e+06 -1.169989e+07
-4.289299e+00 4.726312e+06
1.004976e+09 1.933904e+09
-2.651891e+07 7.145369e+07
7.787498e+14 -3.687221e+15
4.461198e+06 -2.267543e+06
-1.254242e+06 -5.088661e+06
1.877009e+08 -1.159187e+08
-4.056872e+05 -1.302748e+06
-1.672396e+16 -6.221618e+16
-2.648968e+05 -8.177167e+00
2.663851e+07 -2.146079e+06
-4.013470e+08 -3.857369e+07
-2.044716e+06 -3.301139e+05
-1.851616e+08 1.993094e+08
-1.760715e+06 -2.014102e+06
-3.881715e+07 4.351515e+07
-1.123089e+11 -2.184393e+10
-2.730393e+10 1.000444e+11
-1.491289e+00 2.794657e+05
-1.653240e+12 -5.222249e+10
4.986096e+07 -1.850236e+07
1.909946e+13 -3.308429e+13
2.368268e+00 -1.248858e+07
1.835216e+06 -2.275062e+06
-7.848729e+04 -6.638494e+05
1.534629e+08 -3.535504e+07
1.187497e+05 6.656945e+05
4.003859e+05 1.289820e+06
-2.957720e+10 3.319697e+09
-2.402820e+06 -6.794246e+04
-7.457465e+10 -4.198925e+11
4.954628e+09 9.977843e+09
-8.018805e+10 -1.798084e+11
-2.676436e+15 1.100848e+14
1.217770e+06 5.264699e+06
3.880486e+07 -4.351845e+07
4.314396e+05 4.762749e+06
2.730293e+10 -1.000303e+11
-9.667280e+07 -9.135457e+07
4.450706e+13 1.465732e+13
1.427442e+08 4.491979e+07
1.168694e+09 -2.032699e+08
2.652817e+07 -7.143849e+07
4.012750e+08 3.867155e+07
9.701574e+07 -8.207327e+07
6.212878e+08 6.171308e+08
-7.110256e+07 1.241378e+08
1.966382e+08 3.588354e+08
-2.230357e+06 -1.028151e+06
1.400036e+07 2.010448e+06
-1.909743e+13 3.308078e+13
-1.398857e+07 -1.949424e+06
-2.175484e+06 -3.530893e+06
2.676152e+15 -1.100732e+14
-1.335453e+07 3.085507e+05
6.953903e+10 -1.548643e+10
-4.422979e+11 4.264634e+11
-6.902461e+06 2.514239e+07
-6.957406e+10 1.548981e+10
9.667606e+07 9.137035e+07
7.788318e+06 1.200911e+07
-1.815674e+05 -5.151108e+06
1.078812e+01 9.449260e+05
7.573415e+05 -9.742155e+05
1.400159e+08 4.734371e+07
1.123091e+11 2.184206e+10
-1.103471e+06 1.725236e+06
7.599571e+08 5.051514e+08
8.559117e+11 -1.192652e+12
-1.532990e+08 3.562892e+07
8.310550e+07 3.799896e+06
-4.955130e+09 -9.978204e+09
3.487650e+20 -2.881224e+20
5.332833e+04 1.417313e+06
-2.114706e+00 7.920831e+05
7.311146e+06 -2.608866e+07
2.120861e+13 -1.475595e+13
5.899014e+00 3.124644e+05
2.143605e+08 -1.565002e+08
-9.589559e+05 -9.435671e+04
4.418976e+06 -2.934467e+05
3.174392e+07 -9.353974e+06
-9.701037e+07 5.452743e+07
2.913608e+06 2.467979e+05
-9.660965e+13 -1.841088e+14
-1.168119e+09 2.039213e+08
8.744741e+06 -3.349918e+07
2.747586e+09 2.349280e+09
-1.890777e+07 5.682089e+05
9.589690e+06 -2.672244e+07
-2.911383e+07 3.359357e+07
-7.787498e+14 3.687090e+15
2.620262e+07 1.253568e+07
5.357878e+08 1.595903e+09
6.394146e+10 -1.281615e+11
-2.121686e+13 1.475961e+13
-1.268261e+10 -4.147289e+09
9.047460e+09 2.255805e+08
-9.047139e+09 -2.255714e+08
2.925307e+07 -3.343564e+07
-1.375010e+07 4.967355e+07
1.672693e+16 6.221618e+16
-1.308678e+06 -3.304148e+06
-1.006879e+00 -1.108418e+06
-5.084630e+06 1.219187e+08
2.693266e+08 -1.588414e+07
7.404937e+05 -4.548891e+05
-7.418701e+05 4.582652e+05
-1.530260e+09 -7.332238e+08
1.889314e+07 -1.002343e+06
6.931209e+00 7.096602e+06
-8.894262e+18 -1.872956e+19
1.042940e+07 -7.972532e+06
2.215739e+05 8.820199e+00
-1.775102e+06 -3.248039e+06
-4.959700e+07 1.853254e+07
2.182846e+06 1.057177e+06
5.692553e+05 9.189290e+00
-1.717119e+08 -4.355761e+07
-6.811523e+05 -2.436220e+06
1.375726e+07 -4.969503e+07
-6.761394e+06 2.847353e+06
6.629716e+05 1.915779e+06
-7.989140e+09 -1.227414e+10
-3.488020e+20 2.881631e+20
4.341076e+04 -9.444225e+00
-8.741450e+06 3.351978e+07
-1.048562e+13 -3.816292e+12
1.481299e+08 -1.430453e+10
-9.543501e+00 -1.103471e+06
-2.752543e+06 -3.186968e+07
-2.554342e+09 -3.301851e+10
-5.359280e+08 -1.596214e+09
4.911848e+08 3.653539e+08
-3.554872e+07 -1.136597e+08
2.390928e+07 4.014478e+07
-1.968783e+08 -3.591875e+08
-5.864129e+05 -6.382713e-01
6.450513e+00 -7.946290e+05
-1.018529e+14 5.235350e+13
6.913053e+14 7.468052e+15
-2.320172e+06 -8.237396e+00
9.711106e+08 5.553549e+08
8.782747e+00 9.506600e+05
-2.704992e+08 1.341668e+07
-1.034483e+07 7.966654e+06
2.335155e+06 -7.151564e+00
-6.391385e+07 5.465563e+07
-2.061864e+11 2.031023e+11
-6.551759e+04 -5.321691e+06
-7.407384e+12 2.675111e+14
-6.738284e+10 3.074181e+11
1.399103e+06 -3.741322e+06
1.468893e+07 2.234654e+06
-2.500558e+07 -4.247798e+07
8.009172e+06 -5.966870e+05
7.431066e+00 1.062571e+06
-1.306800e+07 -3.782543e+06
1.770977e+06 3.237840e+06
-1.529537e+09 4.501019e+08
-6.059895e+11 -6.679972e+11
1.630213e+07 -4.185910e+06
4.212591e+11 6.357997e+10
6.740400e+06 -2.883027e+06
1.080715e+08 2.804403e+08
-6.073542e+07 -6.438845e+07
-3.795436e+05 -2.093171e+05
-2.647890e+06 5.501788e+05
8.958027e+07 -1.170498e+07
9.341807e+00 3.392741e+05
1.654903e+06 1.440880e+06
2.107661e+10 4.455893e+09
1.323922e+06 1.730744e+06
2.628448e+11 -4.912948e+10
-6.008168e+04 -1.439246e+04
-3.375701e+08 1.461643e+07
2.652748e+08 2.345729e+08
-3.788827e+14 3.414883e+14
-5.235364e+07 -9.769691e+07
-4.067075e+05 -3.864419e+05
1.306741e+07 3.810752e+06
1.621390e+09 6.716106e+09
-2.633002e+05 -1.065389e+01
2.993794e+00 8.014433e+05
-5.868847e+12 1.897368e+12
-9.323821e+06 -5.651822e+06
-1.613377e+08 -4.557234e+07
7.121709e+00 3.518802e+06
5.355668e+09 -3.488571e+09
-4.452756e+13 -1.466252e+13
2.691455e+06 3.266329e+06
-1.332453e+06 3.701812e+06
-1.480861e+08 1.430617e+10
9.628909e+07 2.471479e+07
1.619143e+06 -2.989958e+05
9.380389e+05 -2.628942e+05
-1.340190e+07 5.897885e+06
-6.913298e+14 -7.468316e+15
-8.569929e+05 8.807337e+00
1.351555e+11 -2.354048e+10
5.677954e+10 -4.066145e+08
-5.678356e+10 4.066149e+08
2.942711e+10 9.720808e+09
-4.522816e+12 1.624357e+12
1.654059e+12 5.224480e+10
2.000452e+10 5.802372e+09
-7.003859e+06 1.350154e+07
1.268549e+10 4.147147e+09
5.101434e+06 -1.220630e+08
1.822430e+06 -3.626354e+06
-1.075215e+09 -6.512297e+07
2.065932e+05 4.541432e+00
1.663804e+09 3.197632e+08
-2.644072e+07 -1.258758e+07
1.956907e+06 -7.672895e+06
7.127473e+00 -3.458086e+06
-4.547077e+05 -1.977535e+00
8.022212e+10 1.798655e+11
-2.645371e+07 2.135038e+07
-7.814659e+06 8.110241e+05
2.228423e+07 1.843856e+07
-3.930274e+06 1.706852e+07
-1.290051e+10 1.737233e+10
-2.073685e+08 3.535144e+07
6.203959e+05 1.179267e+00
7.324881e+07 -7.185787e+07
7.408430e+12 -2.675206e+14
-2.973402e+08 -5.035636e+08
-2.870433e+08 5.858009e+08
-2.685061e+07 2.255021e+06
3.789228e+14 -3.415124e+14
-4.162652e+06 7.691708e+05
1.075394e+09 6.486947e+07
8.895835e+18 1.873552e+19
-9.629798e+07 -2.476363e+07
-2.409357e+07 -3.984178e+07
-1.933588e+06 7.692537e+06
-2.880203e+06 -3.557012e+05
2.555380e+05 1.999111e+06
-1.431718e+09 1.861350e+10
7.113420e+07 -1.241671e+08
9.925846e+10 1.552237e+12
1.290051e+10 -1.737050e+10
5.864801e+07 -2.190902e+08
1.607350e+08 4.602296e+07
-1.083268e+08 -2.799088e+08
3.476675e+05 -2.198124e+00
2.720456e+06 2.228629e+00
2.525745e+05 5.097253e+06
-2.650548e+08 -2.343227e+08
3.513559e+07 1.139324e+08
-2.248886e+07 -1.853145e+07
6.737796e+10 -3.073753e+11
-1.454294e+07 -2.260053e+06
2.141983e+06 3.877830e+05
5.831158e+09 4.050596e+09
-2.792741e+00 -3.200500e+06
2.864564e+08 -5.857100e+08
3.375642e+08 -1.461921e+07
-2.022787e+06 2.057622e+06
-2.161254e+06 -1.174102e+06
-5.935484e+06 9.096233e+00
2.512523e+06 1.703829e+06
