8.782909e+05 6.413958e-01
3.489804e+06 -6.144965e+05
3.652607e+09 4.720858e+10
8.666659e+11 9.554518e+11
-6.545660e+11 -8.951340e+11
-2.380688e+09 -4.573583e+08
6.784552e+06 -2.429835e+07
-3.059798e+06 -2.512055e+06
-1.010354e+06 -6.671041e+06
-2.226758e+06 -4.598157e+00
3.226919e+05 -7.065505e+05
-1.497714e+07 3.986506e+07
2.047512e+09 -2.661927e+10
2.187686e+09 -6.436179e+08
-2.204793e+10 -4.774687e+09
2.189385e+09 1.049109e+09
-5.840582e+05 1.891119e+07
-2.940405e+06 -1.021286e+06
8.464264e+06 -9.749188e+00
-1.048788e+08 1.025881e+08
-9.545341e+05 -1.914216e+06
-1.685613e+09 6.303849e+08
6.340489e+08 2.053575e+10
-3.013195e+10 -6.370543e+09
-2.311776e+07 4.523874e+07
-6.018761e+06 5.958518e+05
3.276613e+05 -6.172106e+04
3.831011e+07 -2.992081e+07
-9.609076e+12 -2.610090e+12
3.803356e+00 -1.561329e+06
1.883418e+07 -8.504780e+06
-5.757824e+07 1.126766e+07
-1.419086e+10 -4.265511e+09
-1.389546e+09 -7.944372e+08
-1.772840e+07 -2.523902e+06
3.996651e+10 -2.508298e+10
1.382314e+14 2.634561e+14
3.385820e+05 6.297663e+05
2.205410e+10 4.775896e+09
7.426298e+07 5.979031e+07
4.232985e+10 -4.750761e+09
9.319666e+05 1.911295e+06
-7.615511e+00 -9.004060e+05
-8.343611e+09 -5.796888e+09
6.335169e+06 4.594490e+07
9.335194e+05 -8.856147e+05
-1.225892e+12 1.708194e+12
5.848607e+05 -4.458541e+05
5.759941e+07 -1.131742e+07
-8.891024e+08 -8.831208e+08
2.971386e+08 -5.126118e+07
1.338548e+07 8.013265e+06
-5.143907e+00 -6.838408e+05
6.801338e+06 -7.647347e+05
1.500058e+13 5.459768e+12
1.684802e+09 -6.307839e+08
-1.933227e+11 3.367260e+10
2.458576e+08 6.236345e+07
1.769821e+06 4.601836e+06
-1.984829e+07 -5.975741e+07
-8.393908e+12 -1.127668e+13
-3.760048e+11 7.028612e+10
2.844190e+07 -5.698898e+07
8.815382e+07 9.788061e+07
-1.713608e+15 2.448679e+15
-1.581227e+08 5.175303e+07
9.482001e+06 -1.927947e+07
-6.024815e+11 -9.092941e+10
-3.934061e+09 -3.363130e+09
3.043718e+09 -4.274336e+08
2.218097e+06 -9.387266e+00
-5.824821e+09 -6.481744e+09
9.609313e+12 2.609961e+12
8.408769e+08 2.093357e+08
4.937461e+04 -7.589286e+00
-4.208877e+10 -1.390558e+10
-1.419384e+11 -2.220133e+12
-1.418360e+09 -2.761959e+09
-1.571935e+06 1.625006e+06
-2.042622e+08 -6.438817e+07
-2.342158e+09 -9.597457e+09
8.393700e+12 1.127612e+13
-2.320616e+09 1.511344e+09
2.315419e+07 -4.527058e+07
-3.068435e+08 2.240556e+08
-1.190550e+08 -5.929577e+06
-2.458750e+00 -7.641994e+06
6.546318e+11 8.951557e+11
-9.239674e+05 -4.285092e+00
-7.343600e+04 -5.760662e+00
-2.845024e+07 5.685072e+07
5.825095e+09 6.482866e+09
-1.086954e+09 -7.226593e+08
1.883132e+17 -3.066172e+17
1.419493e+10 4.267667e+09
-8.926569e+00 -1.527311e+06
4.248731e+08 7.211832e+08
1.130104e+06 -1.481714e+06
-4.141036e+04 -1.074159e+06
-7.662893e+09 4.991540e+09
-6.333645e+08 -2.054232e+10
6.328096e+11 -6.100076e+11
-7.036329e+08 -5.229647e+08
-3.090906e+11 4.670086e+11
3.276928e+04 9.635293e+05
1.035311e+07 6.347453e+07
3.090982e+11 -4.669740e+11
3.931795e+05 -9.118354e+00
1.457735e+14 -7.492998e+13
-3.997096e+10 2.508459e+10
1.067832e+11 6.012781e+11
2.011965e+07 1.041450e+01
-1.643494e+08 1.577463e+08
-3.043847e+09 4.276119e+08
6.471084e+12 -2.324179e+12
-8.406964e+08 -2.097756e+08
-1.354223e+06 4.050198e+05
1.714159e+15 -2.449163e+15
9.077226e+05 1.722546e+06
-2.861185e+10 -8.299405e+09
-1.883411e+17 3.066551e+17
-2.780410e+08 1.712988e+08
8.395805e+12 -2.713449e+12
2.320781e+09 -1.511355e+09
-8.384450e+07 3.134615e+08
2.947458e+11 -2.905920e+11
7.472370e+07 1.399669e+08
1.143179e+10 1.756302e+10
-2.982316e+06 5.152678e+06
2.648766e+08 -2.851478e+08
-1.516340e+06 -7.253790e+06
1.532137e+06 7.239733e+06
-9.574821e+00 -7.526686e+06
-9.173509e+10 1.838807e+11
-4.514162e+07 1.374339e+07
-7.398085e+07 -5.879392e+07
-1.025712e+07 -1.674059e+07
2.677681e+00 6.763367e+06
1.437796e+09 2.766744e+09
-3.793964e+07 1.022263e+08
1.114563e+15 -5.277490e+15
6.382463e+06 -3.244171e+06
-1.794916e+06 -7.282324e+06
2.772027e+08 -1.711901e+08
-5.804445e+05 -1.863837e+06
-2.395770e+16 -8.912764e+16
-3.790287e+05 8.106884e+00
3.811855e+07 -3.071014e+06
-5.742550e+08 -5.519263e+07
-2.926723e+06 -4.725064e+05
-2.649151e+08 2.851596e+08
-2.519022e+06 -2.881475e+06
-5.553262e+07 6.225192e+07
-1.606653e+11 -3.124961e+10
-3.906145e+10 1.431232e+11
-6.778533e+00 3.997593e+05
-2.365270e+12 -7.471143e+10
7.135399e+07 -2.647768e+07
2.733176e+13 -4.734488e+13
9.579271e+00 -1.787957e+07
2.628522e+06 -3.258470e+06
-1.121662e+05 -9.495628e+05
2.197378e+08 -5.062355e+07
1.698751e+05 9.522256e+05
5.727807e+05 1.845071e+06
-4.231725e+10 4.749635e+09
-3.437457e+06 -9.698639e+04
-1.067645e+11 -6.011439e+11
7.089555e+09 1.427604e+10
-1.147216e+11 -2.572423e+11
-3.828858e+15 1.574774e+14
1.742318e+06 7.533323e+06
5.551626e+07 -6.225499e+07
6.170598e+05 6.813017e+06
3.905851e+10 -1.431019e+11
-1.383302e+08 -1.307217e+08
6.371261e+13 2.098206e+13
2.046453e+08 6.440228e+07
1.672937e+09 -2.909755e+08
3.795388e+07 -1.022088e+08
5.741501e+08 5.532991e+07
1.388413e+08 -1.174611e+08
8.890046e+08 8.830656e+08
-1.018001e+08 1.777282e+08
2.813609e+08 5.134215e+08
-3.191864e+06 -1.471416e+06
2.002905e+07 2.875937e+06
-2.732906e+13 4.734137e+13
-2.001276e+07 -2.788873e+06
-3.112543e+06 -5.051617e+06
3.828574e+15 -1.574775e+14
-1.910361e+07 4.412675e+05
9.948409e+10 -2.215382e+10
-6.327298e+11 6.100453e+11
-9.874049e+06 3.596585e+07
-9.952676e+10 2.215943e+10
1.383319e+08 1.307373e+08
1.114235e+07 1.718032e+07
-2.595543e+05 -7.368935e+06
-8.443578e+00 1.351594e+06
1.083238e+06 -1.393556e+06
2.002918e+08 6.772239e+07
1.606576e+11 3.124529e+10
-1.578598e+06 2.468326e+06
1.087427e+09 7.228369e+08
1.225741e+12 -1.708025e+12
-2.195179e+08 5.101703e+07
1.189313e+08 5.438357e+06
-7.089871e+09 -1.427711e+10
4.990126e+20 -4.122554e+20
7.628280e+04 2.028044e+06
6.094635e+00 1.133381e+06
1.045999e+07 -3.732512e+07
3.034774e+13 -2.111460e+13
1.869481e+00 4.469471e+05
3.067482e+08 -2.239387e+08
-1.372126e+06 -1.349168e+05
6.321753e+06 -4.195848e+05
4.542367e+07 -1.338478e+07
-1.388287e+08 7.802729e+07
4.168146e+06 3.529985e+05
-1.382178e+14 -2.633975e+14
-1.672054e+09 2.919037e+08
1.251237e+07 -4.793232e+07
3.934184e+09 3.363872e+09
-2.705337e+07 8.129300e+05
1.371742e+07 -3.822797e+07
-4.166940e+07 4.808154e+07
-1.114591e+15 5.277098e+15
3.748897e+07 1.793492e+07
7.665260e+08 2.283263e+09
9.174169e+10 -1.838897e+11
-3.035600e+13 2.111773e+13
-1.814517e+10 -5.933601e+09
1.294450e+10 3.227409e+08
-1.294354e+10 -3.227199e+08
4.186765e+07 -4.785194e+07
-1.967044e+07 7.105874e+07
2.396008e+16 8.912101e+16
-1.872562e+06 -4.728139e+06
-3.934481e+00 -1.586226e+06
-7.279762e+06 1.745529e+08
3.856429e+08 -2.274547e+07
1.059466e+06 -6.508140e+05
-1.061293e+06 6.555983e+05
-2.190217e+09 -1.049431e+09
2.703312e+07 -1.434120e+06
5.107534e+00 1.015275e+07
-1.272600e+19 -2.679891e+19
1.492328e+07 -1.140805e+07
3.169066e+05 1.092615e+01
-2.539876e+06 -4.647742e+06
-7.097266e+07 2.651889e+07
3.123484e+06 1.512658e+06
8.143083e+05 -3.101556e+00
-2.456704e+08 -6.231744e+07
-9.743189e+05 -3.485004e+06
1.968102e+07 -7.108987e+07
-9.673533e+06 4.073482e+06
9.482105e+05 2.740583e+06
-1.143118e+10 -1.756209e+10
-4.990126e+20 4.122758e+20
6.202693e+04 -8.562465e+00
-1.250690e+07 4.796032e+07
-1.500132e+13 -5.459903e+12
2.119125e+08 -2.046386e+10
1.094006e+01 -1.578790e+06
-3.937429e+06 -4.558993e+07
-3.654011e+09 -4.723280e+10
-7.667129e+08 -2.283618e+09
7.026945e+08 5.226793e+08
-5.087336e+07 -1.626571e+08
3.420633e+07 5.743396e+07
-2.816572e+08 -5.138632e+08
-8.390105e+05 -4.050997e+00
-9.082168e-01 -1.136983e+06
-1.457807e+14 7.493369e+13
9.888876e+14 1.068293e+16
-3.319665e+06 7.951345e+00
1.389489e+09 7.946067e+08
-3.223416e+00 1.360189e+06
-3.873384e+08 1.921187e+07
-1.480507e+07 1.139989e+07
3.341326e+06 -6.154254e+00
-9.146079e+07 7.821395e+07
-2.949684e+11 2.905604e+11
-9.367718e+04 -7.613244e+06
-1.059837e+13 3.827654e+14
-9.640516e+10 4.398317e+11
2.001667e+06 -5.352554e+06
2.101550e+07 3.197013e+06
-3.578390e+07 -6.078687e+07
1.146078e+07 -8.538113e+05
5.796176e+00 1.520304e+06
-1.869771e+07 -5.412308e+06
2.534394e+06 4.633526e+06
-2.188669e+09 6.440737e+08
-8.669659e+11 -9.556881e+11
2.332433e+07 -5.989021e+06
6.026151e+11 9.094725e+10
9.643167e+06 -4.124845e+06
1.546181e+08 4.012351e+08
-8.713442e+07 -9.237422e+07
-5.431389e+05 -2.995626e+05
-3.788338e+06 7.871267e+05
1.281882e+08 -1.674991e+07
-5.155076e-01 4.855090e+05
2.367898e+06 2.061656e+06
3.015105e+10 6.374424e+09
1.894224e+06 2.476074e+06
3.760421e+11 -7.028843e+10
-8.623024e+04 -2.081199e+04
-4.829557e+08 2.091235e+07
3.795295e+08 3.356006e+08
-5.420856e+14 4.885785e+14
-7.490408e+07 -1.397797e+08
-5.819752e+05 -5.529140e+05
1.869596e+07 5.451982e+06
2.319710e+09 9.608887e+09
-3.767694e+05 3.508513e+00
-1.546653e+00 1.146659e+06
-8.397049e+12 2.714722e+12
-1.334065e+07 -8.086464e+06
-2.308352e+08 -6.520396e+07
-7.932947e-02 5.034801e+06
7.663917e+09 -4.992293e+09
-6.374100e+13 -2.098932e+13
3.850921e+06 4.673195e+06
-1.906422e+06 5.296657e+06
-2.118591e+08 2.046657e+10
1.377420e+08 3.535466e+07
2.317098e+06 -4.280168e+05
1.341852e+06 -3.760704e+05
-1.917353e+07 8.437961e+06
-9.889609e+14 -1.068320e+16
-1.226052e+06 -1.249928e+00
1.933461e+11 -3.367525e+10
8.122090e+10 -5.817919e+08
-8.124903e+10 5.818275e+08
4.210068e+10 1.390699e+10
-6.471883e+12 2.324351e+12
2.366206e+12 7.473749e+10
2.861788e+10 8.300499e+09
-1.002002e+07 1.931665e+07
1.814903e+10 5.933481e+09
7.303624e+06 -1.747601e+08
2.609570e+06 -5.192546e+06
-1.538269e+09 -9.316494e+07
2.954952e+05 6.885120e+00
2.380772e+09 4.575657e+08
-3.782948e+07 -1.800902e+07
2.799321e+06 -1.097574e+07
-1.749263e+00 -4.947526e+06
-6.507743e+05 -4.102468e+00
1.147585e+11 2.573058e+11
-3.785338e+07 3.055094e+07
-1.118240e+07 1.160564e+06
3.189631e+07 2.639019e+07
-5.622989e+06 2.441969e+07
-1.845660e+10 2.485412e+10
-2.967839e+08 5.059405e+07
8.880354e+05 5.329169e+00
1.047980e+08 -1.028069e+08
1.059967e+13 -3.827749e+14
-4.254642e+08 -7.205493e+08
-4.114120e+08 8.396231e+08
-3.842229e+07 3.226896e+06
5.421124e+14 -4.885906e+14
-5.956557e+06 1.100652e+06
1.538497e+09 9.280788e+07
1.272851e+19 2.680752e+19
-1.377532e+08 -3.542362e+07
-3.447049e+07 -5.700080e+07
-2.765751e+06 1.100345e+07
-4.120558e+06 -5.087999e+05
3.654935e+05 2.859658e+06
-2.048065e+09 2.662594e+10
1.018319e+08 -1.777554e+08
1.421004e+11 2.222168e+12
1.845752e+10 -2.485352e+10
8.391493e+07 -3.134684e+08
2.299811e+08 6.584460e+07
-1.549811e+08 -4.005247e+08
4.975999e+05 1.099685e+01
3.892029e+06 1.071177e+00
3.614757e+05 7.292922e+06
-3.792280e+08 -3.352581e+08
5.028707e+07 1.630631e+08
-3.219033e+07 -2.652575e+07
9.640261e+10 -4.397892e+11
-2.080711e+07 -3.233717e+06
3.065915e+06 5.551340e+05
8.344251e+09 5.796370e+09
1.020057e+00 -4.591774e+06
4.105579e+08 -8.394718e+08
4.829403e+08 -2.091569e+07
-2.897175e+06 2.946939e+06
-3.092226e+06 -1.679858e+06
-8.491478e+06 9.753886e+00
3.594932e+06 2.437866e+06
