2.096854e+06 -1.084653e+01
8.327221e+06 -1.466339e+06
8.716254e+09 1.126498e+11
2.068322e+12 2.280185e+12
-1.562004e+12 -2.136161e+12
-5.683891e+09 -1.091922e+09
1.619751e+07 -5.799793e+07
-7.303147e+06 -5.995384e+06
-2.410918e+06 -1.592006e+07
-5.315528e+06 9.612006e+00
7.696472e+05 -1.685211e+06
-3.573800e+07 9.512984e+07
4.886193e+09 -6.352387e+10
5.222818e+09 -1.536599e+09
-5.262043e+10 -1.139582e+10
5.228716e+09 2.505306e+09
-1.394903e+06 4.517505e+07
-7.016602e+06 -2.437303e+06
2.020218e+07 2.600534e+00
-2.503538e+08 2.448795e+08
-2.277762e+06 -4.568660e+06
-4.022912e+09 1.504487e+09
1.513359e+09 4.901728e+10
-7.192657e+10 -1.520633e+10
-5.518675e+07 1.079682e+08
-1.436379e+07 1.422173e+06
7.825606e+05 -1.473609e+05
9.149244e+07 -7.144137e+07
-2.293163e+13 -6.228853e+12
1.080907e+01 -3.727677e+06
4.494726e+07 -2.029866e+07
-1.373991e+08 2.688983e+07
-3.386996e+10 -1.018121e+10
-3.316791e+09 -1.896255e+09
-4.231481e+07 -6.024335e+06
9.540871e+10 -5.987887e+10
3.298965e+14 6.287117e+14
8.068135e+05 1.503891e+06
5.263231e+10 1.139821e+10
1.772754e+08 1.427215e+08
1.010293e+11 -1.133832e+10
2.224214e+06 4.561395e+06
3.116603e-01 -2.147480e+06
-1.991763e+10 -1.383722e+10
1.511878e+07 1.096450e+08
2.228489e+06 -2.114295e+06
-2.929729e+12 4.082160e+12
1.396320e+06 -1.064473e+06
1.374636e+08 -2.700917e+07
-2.122377e+09 -2.108339e+09
7.096296e+08 -1.224330e+08
3.195635e+07 1.913093e+07
8.031178e+00 -1.632054e+06
1.623904e+07 -1.825819e+06
3.580612e+13 1.303312e+13
4.021314e+09 -1.505497e+09
-4.613707e+11 8.035436e+10
5.868001e+08 1.488460e+08
4.224820e+06 1.098478e+07
-4.736630e+07 -1.426054e+08
-2.003441e+13 -2.691397e+13
-8.973086e+11 1.677443e+11
6.786295e+07 -1.359751e+08
2.111708e+08 2.344893e+08
-4.088987e+15 5.843310e+15
-3.773594e+08 1.235144e+08
2.263067e+07 -4.601422e+07
-1.437693e+12 -2.169934e+11
-9.400070e+09 -8.035967e+09
7.263430e+09 -1.019999e+09
5.295352e+06 -2.446038e+00
-1.390074e+10 -1.546961e+10
2.293400e+13 6.228595e+12
2.012200e+09 5.009340e+08
1.179432e+05 4.417690e-01
-1.004539e+11 -3.319163e+10
-3.390448e+11 -5.303713e+12
-3.385414e+09 -6.592251e+09
-3.750991e+06 3.877733e+06
-4.888083e+08 -1.540823e+08
-5.589859e+09 -2.290572e+10
2.003482e+13 2.691397e+13
-5.538099e+09 3.607066e+09
5.526344e+07 -1.080506e+08
-7.324733e+08 5.348275e+08
-2.842273e+08 -1.415644e+07
9.316579e+00 -1.823860e+07
1.562136e+12 2.136138e+12
-2.205588e+06 -4.084236e+00
-1.756188e+05 4.333607e+00
-6.790188e+07 1.356575e+08
1.390013e+10 1.547025e+10
-2.594882e+09 -1.724989e+09
4.493834e+17 -7.317253e+17
3.387995e+10 1.018574e+10
3.649542e+00 -3.646081e+06
1.014367e+09 1.721653e+09
2.697220e+06 -3.536681e+06
-9.917200e+04 -2.564265e+06
-1.829471e+10 1.191730e+10
-1.511552e+09 -4.902838e+10
1.510199e+12 -1.455839e+12
-1.679426e+09 -1.248152e+09
-7.377863e+11 1.114760e+12
7.833200e+04 2.299235e+06
2.470561e+07 1.514786e+08
7.378703e+11 -1.114679e+12
9.382709e+05 1.185101e-01
3.480947e+14 -1.789401e+14
-9.540892e+10 5.987642e+10
2.550530e+11 1.436094e+12
4.800397e+07 -7.687240e+00
-3.921964e+08 3.764474e+08
-7.263905e+09 1.020364e+09
1.544841e+13 -5.548358e+12
-2.011705e+09 -5.019324e+08
-3.232417e+06 9.668438e+05
4.090681e+15 -5.844399e+15
2.168809e+06 4.116064e+06
-6.828525e+10 -1.980652e+10
-4.494160e+17 7.317329e+17
-6.914880e+08 4.259999e+08
2.003682e+13 -6.474850e+12
5.538002e+09 -3.606980e+09
-2.000938e+08 7.480808e+08
7.033136e+11 -6.934018e+11
1.783387e+08 3.340294e+08
2.728553e+10 4.192038e+10
-7.126774e+06 1.231326e+07
6.322241e+08 -6.805849e+08
-3.618288e+06 -1.730820e+07
3.655467e+06 1.727503e+07
-1.096765e+01 -1.797045e+07
-2.197986e+11 4.405790e+11
-1.077650e+08 3.280579e+07
-1.765888e+08 -1.403369e+08
-2.448266e+07 -3.995723e+07
-4.888006e+00 1.614643e+07
3.431299e+09 6.602622e+09
-9.054854e+07 2.439796e+08
2.661505e+15 -1.260220e+16
1.523107e+07 -7.742425e+06
-4.284939e+06 -1.738567e+07
6.894440e+08 -4.257931e+08
-1.385501e+06 -4.448220e+06
-5.728033e+16 -2.130895e+17
-9.049842e+05 -7.911142e+00
9.099837e+07 -7.331868e+06
-1.370464e+09 -1.317305e+08
-6.988596e+06 -1.128479e+06
-6.322731e+08 6.805721e+08
-6.011753e+06 -6.876814e+06
-1.325208e+08 1.485562e+08
-3.834135e+11 -7.457461e+10
-9.322056e+10 3.415464e+11
8.315230e+00 9.540831e+05
-5.644337e+12 -1.783053e+11
1.703475e+08 -6.321287e+07
6.525294e+13 -1.130300e+14
4.237021e+00 -4.271055e+07
6.283130e+06 -7.788542e+06
-2.673801e+05 -2.265932e+06
5.250205e+08 -1.209575e+08
4.053866e+05 2.272422e+06
1.366491e+06 4.402906e+06
-1.009947e+11 1.133597e+10
-8.203897e+06 -2.316515e+05
-2.550155e+11 -1.435945e+12
1.692206e+10 3.407505e+10
-2.737852e+11 -6.138654e+11
-9.137172e+15 3.757754e+14
4.158973e+06 1.798164e+07
1.324716e+08 -1.485564e+08
1.472598e+06 1.625811e+07
9.321176e+10 -3.415323e+11
-3.302290e+08 -3.120799e+08
1.521827e+14 5.011861e+13
4.897730e+08 1.541430e+08
3.995922e+09 -6.950463e+08
9.059315e+07 -2.439649e+08
1.370400e+09 1.320690e+08
3.315273e+08 -2.804755e+08
2.122220e+09 2.108029e+09
-2.431866e+08 4.245790e+08
6.715927e+08 1.225484e+09
-7.620639e+06 -3.513537e+06
4.780120e+07 6.864348e+06
-6.525564e+13 1.130405e+14
-4.775997e+07 -6.655985e+06
-7.430477e+06 -1.205839e+07
9.137835e+15 -3.758417e+14
-4.559226e+07 1.054043e+06
2.374753e+11 -5.287647e+10
-1.510227e+12 1.455978e+12
-2.356745e+07 8.584144e+07
-2.375265e+11 5.288393e+10
3.302377e+08 3.121014e+08
2.659685e+07 4.101071e+07
-6.194427e+05 -1.758819e+07
1.070145e+01 3.226864e+06
2.585959e+06 -3.326380e+06
4.780071e+08 1.616213e+08
3.834061e+11 7.456502e+10
-3.767597e+06 5.891053e+06
2.595592e+09 1.725456e+09
2.929337e+12 -4.081821e+12
-5.244906e+08 1.218995e+08
2.839219e+08 1.298365e+07
-1.692128e+10 -3.407720e+10
1.191030e+21 -9.839155e+20
1.819336e+05 4.841586e+06
-9.827706e-03 2.705531e+06
2.496373e+07 -8.908700e+07
7.244913e+13 -5.040625e+13
5.472388e+00 1.067186e+06
7.323526e+08 -5.346088e+08
-3.276343e+06 -3.225679e+05
1.508793e+07 -1.001632e+06
1.084497e+08 -3.195357e+07
-3.315041e+08 1.863207e+08
9.948145e+06 8.430672e+05
-3.299102e+14 -6.287377e+14
-3.993896e+09 6.972264e+08
2.986976e+07 -1.144255e+08
9.400910e+09 8.038028e+09
-6.457768e+07 1.941219e+06
3.273647e+07 -9.122656e+07
-9.950991e+07 1.148255e+08
-2.661560e+15 1.260168e+16
8.947866e+07 4.280684e+07
1.829464e+09 5.449113e+09
2.197775e+11 -4.405421e+11
-7.245138e+13 5.040364e+13
-4.330993e+10 -1.416249e+10
3.089770e+10 7.703843e+08
-3.089578e+10 -7.703213e+08
9.997408e+07 -1.142616e+08
-4.693989e+07 1.695702e+08
5.728151e+16 2.130697e+17
-4.471020e+06 -1.128829e+07
1.072715e+01 -3.787769e+06
-1.739017e+07 4.170127e+08
9.214512e+08 -5.435027e+07
2.529248e+06 -1.553986e+06
-2.533829e+06 1.565150e+06
-5.230369e+09 -2.506094e+09
6.453402e+07 -3.423858e+06
-1.063865e+01 2.423246e+07
-3.037927e+19 -6.397581e+19
3.562777e+07 -2.723500e+07
7.568852e+05 -6.248524e+00
-6.063065e+06 -1.109484e+07
-1.694123e+08 6.329948e+07
7.455360e+06 3.610714e+06
1.943460e+06 3.112415e+00
-5.863264e+08 -1.487337e+08
-2.325635e+06 -8.317369e+06
4.696758e+07 -1.696564e+08
-2.309184e+07 9.724002e+06
2.263380e+06 6.541390e+06
-2.729079e+10 -4.192892e+10
-1.191240e+21 9.841193e+20
1.482854e+05 1.046708e+01
-2.985746e+07 1.144961e+08
-3.580834e+13 -1.303325e+13
5.057798e+08 -4.884087e+10
-3.355639e+00 -3.768541e+06
-9.397338e+06 -1.088048e+08
-8.719911e+09 -1.127191e+11
-1.830006e+09 -5.450542e+09
1.677216e+09 1.247511e+09
-1.214741e+08 -3.883921e+08
8.164902e+07 1.370936e+08
-6.722477e+08 -1.226550e+09
-2.002912e+06 -1.832550e+00
7.078869e+00 -2.714415e+06
-3.481632e+14 1.789716e+14
2.360018e+15 2.549449e+16
-7.925483e+06 9.306172e-01
3.316636e+09 1.896677e+09
-3.962942e+00 3.247058e+06
-9.255272e+08 4.590590e+07
-3.535161e+07 2.721561e+07
7.977048e+06 8.898312e+00
-2.183572e+08 1.867482e+08
-7.040040e+11 6.934489e+11
-2.240027e+05 -1.816989e+07
-2.530025e+13 9.136825e+14
-2.301036e+11 1.049767e+12
4.777232e+06 -1.277571e+07
5.015710e+07 7.630591e+06
-8.543325e+07 -1.451283e+08
2.736042e+07 -2.038643e+06
-8.644069e+00 3.628970e+06
-4.462969e+07 -1.291931e+07
6.050973e+06 1.106206e+07
-5.224592e+09 1.537417e+09
-2.068965e+12 -2.280775e+12
5.567133e+07 -1.429328e+07
1.437945e+12 2.170335e+11
2.301754e+07 -9.845040e+06
3.690303e+08 9.576740e+08
-2.087307e+08 -2.212632e+08
-1.296389e+06 -7.146253e+05
-9.040782e+06 1.878168e+06
3.060271e+08 -3.998791e+07
9.488739e+00 1.158502e+06
5.651621e+06 4.920649e+06
7.195124e+10 1.521189e+10
4.520511e+06 5.908583e+06
8.975227e+11 -1.677641e+11
-2.057803e+05 -4.955603e+04
-1.152679e+09 4.991245e+07
9.057944e+08 8.009411e+08
-1.293797e+15 1.166099e+15
-1.787770e+08 -3.336161e+08
-1.389323e+06 -1.319870e+06
4.462464e+07 1.301344e+07
5.536639e+09 2.293520e+10
-8.996588e+05 1.223572e+00
-8.081941e+00 2.736563e+06
-2.004221e+13 6.479678e+12
-3.184512e+07 -1.930337e+07
-5.510241e+08 -1.556383e+08
-4.693914e+00 1.201751e+07
1.829683e+10 -1.191872e+10
-1.522537e+14 -5.013574e+13
9.192311e+06 1.115460e+07
-4.550612e+06 1.264159e+07
-5.055514e+08 4.884080e+10
3.286776e+08 8.436501e+07
5.532811e+06 -1.022888e+06
3.202808e+06 -8.980740e+05
-4.576197e+07 2.013985e+07
-2.360042e+15 -2.549344e+16
-2.927250e+06 -9.340415e+00
4.613981e+11 -8.036690e+10
1.939226e+11 -1.388810e+09
-1.939508e+11 1.388889e+09
1.004786e+11 3.319057e+10
-1.544985e+13 5.548991e+12
5.646793e+12 1.783630e+11
6.830028e+10 1.981009e+10
-2.391594e+07 4.610471e+07
4.331999e+10 1.416223e+10
1.744793e+07 -4.174934e+08
6.235064e+06 -1.240785e+07
-3.671444e+09 -2.223402e+08
7.050033e+05 5.143459e+00
5.683487e+09 1.092353e+09
-9.028851e+07 -4.298280e+07
6.680203e+06 -2.618919e+07
2.154524e+00 -1.180828e+07
-1.553421e+06 3.154054e+00
2.738789e+11 6.140877e+11
-9.037236e+07 7.293836e+07
-2.669638e+07 2.770604e+06
7.617781e+07 6.302905e+07
-1.342279e+07 5.829050e+07
-4.405741e+10 5.932793e+10
-7.087905e+08 1.208226e+08
2.121045e+06 -5.352967e+00
2.501326e+08 -2.453820e+08
2.530129e+13 -9.136731e+14
-1.015591e+09 -1.719966e+09
-9.842126e+08 2.008642e+09
-9.171417e+07 7.703245e+06
1.293810e+15 -1.166075e+15
-1.421963e+07 2.627609e+06
3.671762e+09 2.214921e+08
3.038147e+19 6.398840e+19
-3.287060e+08 -8.452925e+07
-8.227535e+07 -1.360505e+08
-6.599960e+06 2.625758e+07
-9.834229e+06 -1.215031e+06
8.727282e+05 6.825100e+06
-4.887724e+09 6.353922e+10
2.432590e+08 -4.246122e+08
3.394711e+11 5.308443e+12
4.405832e+10 -5.932306e+10
2.002860e+08 -7.481784e+08
5.489224e+08 1.571567e+08
-3.699001e+08 -9.558565e+08
1.187926e+06 1.083339e+01
9.287266e+06 -6.626329e+00
8.627648e+05 1.740538e+07
-9.050558e+08 -8.001269e+08
1.200697e+08 3.893437e+08
-7.687618e+07 -6.334889e+07
2.300889e+11 -1.049715e+12
-4.966229e+07 -7.718524e+06
7.321452e+06 1.326079e+06
1.991995e+10 1.383610e+10
1.471347e+00 -1.100090e+07
9.823100e+08 -2.008414e+09
1.152676e+09 -4.991876e+07
-6.924975e+06 7.043819e+06
-7.380746e+06 -4.009894e+06
-2.026696e+07 -2.860553e+00
8.580452e+06 5.817917e+06
