5.687844e+05 -8.740235e-01
2.262592e+06 -3.984857e+05
2.368463e+09 3.061289e+10
5.618722e+11 6.194583e+11
-4.244675e+11 -5.804260e+11
-1.543056e+09 -2.964360e+08
4.398212e+06 -1.575131e+07
-1.983407e+06 -1.628333e+06
-6.550283e+05 -4.325267e+06
-1.443378e+06 -4.186913e+00
2.092021e+05 -4.580835e+05
-9.710960e+06 2.584764e+07
1.327571e+09 -1.725994e+10
1.417964e+09 -4.171541e+08
-1.429336e+10 -3.095120e+09
1.418528e+09 6.797590e+08
-3.782808e+05 1.225000e+07
-1.906522e+06 -6.622127e+05
5.487297e+06 -9.600891e+00
-6.798635e+07 6.649979e+07
-6.186684e+05 -1.240983e+06
-1.092781e+09 4.086776e+08
4.109932e+08 1.331080e+10
-1.953285e+10 -4.129831e+09
-1.498599e+07 2.933021e+07
-3.902461e+06 3.862647e+05
2.123096e+05 -3.996899e+04
2.482648e+07 -1.939257e+07
-6.230360e+12 -1.692406e+12
-3.177554e-01 -1.012000e+06
1.220987e+07 -5.513316e+06
-3.733172e+07 7.305757e+06
-9.200044e+09 -2.765450e+09
-9.007203e+08 -5.149774e+08
-1.149318e+07 -1.636222e+06
2.590740e+10 -1.625970e+10
8.962088e+13 1.708028e+14
2.196894e+05 4.079066e+05
1.429675e+10 3.096006e+09
4.813667e+07 3.875518e+07
2.744134e+10 -3.079836e+09
6.041037e+05 1.238980e+06
5.486578e+00 -5.837740e+05
-5.408137e+09 -3.757611e+09
4.107079e+06 2.978755e+07
6.049312e+05 -5.739625e+05
-7.937922e+11 1.106051e+12
3.790269e+05 -2.888237e+05
3.733934e+07 -7.336606e+06
-5.762284e+08 -5.723517e+08
1.925108e+08 -3.320977e+07
8.676168e+06 5.193906e+06
-1.501334e+00 -4.432877e+05
4.407951e+06 -4.956117e+05
9.724225e+12 3.539275e+12
1.092328e+09 -4.089693e+08
-1.253364e+11 2.183058e+10
1.593809e+08 4.042918e+07
1.147120e+06 2.982667e+06
-1.286958e+07 -3.874492e+07
-5.441141e+12 -7.310150e+12
-2.437694e+11 4.556640e+10
1.844234e+07 -3.695238e+07
5.694951e+07 6.323241e+07
-1.110955e+15 1.587618e+15
-1.025214e+08 3.355408e+07
6.146924e+06 -1.249871e+07
-3.906464e+11 -5.895744e+10
-2.547758e+09 -2.177931e+09
1.973525e+09 -2.771381e+08
1.437646e+06 -1.025598e+01
-3.776916e+09 -4.203028e+09
6.230360e+12 1.692277e+12
5.438144e+08 1.353840e+08
3.194422e+04 3.407066e-01
-2.728818e+10 -9.016123e+09
-9.194092e+10 -1.438145e+12
-9.195388e+08 -1.790592e+09
-1.019078e+06 1.053506e+06
-1.320753e+08 -4.163265e+07
-1.518273e+09 -6.221216e+09
5.440934e+12 7.309314e+12
-1.504432e+09 9.797762e+08
1.501142e+07 -2.934769e+07
-1.988675e+08 1.452160e+08
-7.715606e+07 -3.842905e+06
-3.176955e+00 -4.954307e+06
4.244521e+11 5.804257e+11
-5.989757e+05 -1.009918e+01
-4.760854e+04 -3.199877e-01
-1.845198e+07 3.686438e+07
3.777339e+09 4.203990e+09
-7.045972e+08 -4.684458e+08
1.221070e+17 -1.988156e+17
9.202641e+09 2.766922e+09
6.183536e-02 -9.900725e+05
2.753722e+08 4.674147e+08
7.325953e+05 -9.606495e+05
-2.684628e+04 -6.962601e+05
-4.966009e+09 3.235141e+09
-4.106094e+08 -1.331738e+10
4.102763e+11 -3.954973e+11
-4.561327e+08 -3.390184e+08
-2.003427e+11 3.027042e+11
2.118466e+04 6.245404e+05
6.711858e+06 4.115159e+07
2.003580e+11 -3.026927e+11
2.548753e+05 -2.419888e+00
9.445046e+13 -4.854843e+13
-2.590970e+10 1.626016e+10
6.917414e+10 3.895130e+11
1.304620e+07 -2.822871e+00
-1.065653e+08 1.022866e+08
-1.973812e+09 2.772902e+08
4.194399e+12 -1.506513e+12
-5.437394e+08 -1.356952e+08
-8.778044e+05 2.625269e+05
1.111548e+15 -1.588223e+15
5.878403e+05 1.115672e+06
-1.855139e+10 -5.381253e+09
-1.221302e+17 1.988383e+17
-1.731687e+08 1.066930e+08
5.442916e+12 -1.759063e+12
1.504792e+09 -9.801195e+08
-5.435059e+07 2.031876e+08
1.910893e+11 -1.883962e+11
4.843957e+07 9.073799e+07
7.409658e+09 1.138382e+10
-1.931119e+06 3.336336e+06
1.717011e+08 -1.848510e+08
-9.832359e+05 -4.703743e+06
9.935460e+05 4.694513e+06
1.001628e+01 -4.877857e+06
-5.925423e+10 1.187752e+11
-2.925820e+07 8.907799e+06
-4.795210e+07 -3.810840e+07
-6.649035e+06 -1.085173e+07
-8.888306e+00 4.383364e+06
9.321107e+08 1.793741e+09
-2.459608e+07 6.627316e+07
7.222112e+14 -3.419522e+15
4.137818e+06 -2.103173e+06
-1.163194e+06 -4.719386e+06
1.726345e+08 -1.066138e+08
-3.762985e+05 -1.208338e+06
-1.550606e+16 -5.768603e+16
-2.456996e+05 6.498167e+00
2.470598e+07 -1.990321e+06
-3.722403e+08 -3.577608e+07
-1.896198e+06 -3.060904e+05
-1.717352e+08 1.848707e+08
-1.633213e+06 -1.868253e+06
-3.600751e+07 4.036524e+07
-1.041754e+11 -2.026203e+10
-2.532649e+10 9.280216e+10
1.639838e+00 2.592059e+05
-1.533477e+12 -4.843956e+10
4.624438e+07 -1.716106e+07
1.771412e+13 -3.068567e+13
1.016913e+01 -1.158190e+07
1.701830e+06 -2.109770e+06
-7.288460e+04 -6.158300e+05
1.423156e+08 -3.278693e+07
1.101689e+05 6.174878e+05
3.714423e+05 1.196464e+06
-2.743504e+10 3.079280e+09
-2.228895e+06 -6.307789e+04
-6.916079e+10 -3.894087e+11
4.595595e+09 9.254831e+09
-7.437670e+10 -1.667788e+11
-2.482505e+15 1.021082e+14
1.129488e+06 4.882990e+06
3.599522e+07 -4.036677e+07
4.002593e+05 4.417679e+06
2.532453e+10 -9.278800e+10
-8.966557e+07 -8.473258e+07
4.127775e+13 1.359394e+13
1.323385e+08 4.164505e+07
1.083923e+09 -1.885251e+08
2.460736e+07 -6.626594e+07
3.722142e+08 3.587102e+07
8.998071e+07 -7.612158e+07
5.762619e+08 5.724045e+08
-6.594014e+07 1.151247e+08
1.823915e+08 3.328364e+08
-2.068690e+06 -9.536550e+05
1.298605e+07 1.864954e+06
-1.771277e+13 3.068333e+13
-1.297628e+07 -1.808283e+06
-2.017820e+06 -3.275004e+06
2.482221e+15 -1.020966e+14
-1.238703e+07 2.862060e+05
6.450065e+10 -1.436461e+10
-4.102596e+11 3.955624e+11
-6.402313e+06 2.332058e+07
-6.453318e+10 1.436744e+10
8.966560e+07 8.474187e+07
7.223527e+06 1.113823e+07
-1.684241e+05 -4.777635e+06
-4.710143e+00 8.764169e+05
7.024746e+05 -9.035817e+05
1.298659e+08 4.391184e+07
1.041676e+11 2.025941e+10
-1.023437e+06 1.600119e+06
7.048409e+08 4.685369e+08
7.936713e+11 -1.105924e+12
-1.421565e+08 3.303916e+07
7.707721e+07 3.524239e+06
-4.595923e+09 -9.254839e+09
3.234832e+20 -2.672366e+20
4.950033e+04 1.314587e+06
-8.689172e+00 7.347576e+05
6.781573e+06 -2.419874e+07
1.967142e+13 -1.368652e+13
2.175763e+00 2.898747e+05
1.988134e+08 -1.451517e+08
-8.894721e+05 -8.756862e+04
4.098823e+06 -2.722296e+05
2.944192e+07 -8.675628e+06
-8.997258e+07 5.057222e+07
2.702578e+06 2.289658e+05
-8.961063e+13 -1.707703e+14
-1.083351e+09 1.891215e+08
8.110993e+06 -3.107139e+07
2.547969e+09 2.178612e+09
-1.753772e+07 5.270159e+05
8.894642e+06 -2.478550e+07
-2.700119e+07 3.115576e+07
-7.222387e+14 3.419653e+15
2.430432e+07 1.162759e+07
4.969558e+08 1.480233e+09
5.926320e+10 -1.187843e+11
-1.967892e+13 1.369018e+13
-1.176373e+10 -3.846833e+09
8.391341e+09 2.092209e+08
-8.391021e+09 -2.092125e+08
2.712869e+07 -3.100805e+07
-1.275331e+07 4.607275e+07
1.550903e+16 5.768824e+16
-1.213696e+06 -3.064374e+06
-7.655057e+00 -1.028005e+06
-4.715299e+06 1.130621e+08
2.497527e+08 -1.472964e+07
6.868585e+05 -4.219551e+05
-6.881371e+05 4.250942e+05
-1.419210e+09 -6.800164e+08
1.752347e+07 -9.296745e+05
-9.544825e+00 6.582341e+06
-8.249454e+18 -1.737153e+19
9.673095e+06 -7.394384e+06
2.054899e+05 -2.449462e+00
-1.646327e+06 -3.012408e+06
-4.599870e+07 1.718812e+07
2.024489e+06 9.804742e+05
5.279860e+05 -7.840291e+00
-1.592621e+08 -4.039940e+07
-6.317830e+05 -2.259610e+06
1.275998e+07 -4.609321e+07
-6.271119e+06 2.640920e+06
6.149147e+05 1.776898e+06
-7.409627e+09 -1.138378e+10
-3.235079e+20 2.672671e+20
4.026918e+04 9.386625e+00
-8.107405e+06 3.108851e+07
-9.725337e+12 -3.539545e+12
1.373921e+08 -1.326761e+10
1.083788e+00 -1.023503e+06
-2.553063e+06 -2.955992e+07
-2.369213e+09 -3.062554e+10
-4.970723e+08 -1.480490e+09
4.555743e+08 3.388660e+08
-3.296884e+07 -1.054111e+08
2.217565e+07 3.723392e+07
-1.826058e+08 -3.331585e+08
-5.439612e+05 9.679551e+00
7.344222e+00 -7.370288e+05
-9.445767e+13 4.855214e+13
6.412076e+14 6.926873e+15
-2.151913e+06 4.545586e+00
9.006886e+08 5.150836e+08
2.186021e+00 8.817201e+05
-2.508327e+08 1.244133e+07
-9.594092e+06 7.388763e+06
2.165791e+06 -2.810595e+00
-5.927671e+07 5.068992e+07
-1.912413e+11 1.883812e+11
-6.077340e+04 -4.935945e+06
-6.870184e+12 2.481113e+14
-6.249696e+10 2.851282e+11
1.297675e+06 -3.470080e+06
1.362404e+07 2.072673e+06
-2.319137e+07 -3.939621e+07
7.428210e+06 -5.534225e+05
2.988215e+00 9.855509e+05
-1.212051e+07 -3.508274e+06
1.642603e+06 3.003109e+06
-1.418654e+09 4.174549e+08
-5.620651e+11 -6.195765e+11
1.512017e+07 -3.882481e+06
3.907355e+11 5.897308e+10
6.251972e+06 -2.674032e+06
1.002367e+08 2.601079e+08
-5.629227e+07 -5.967821e+07
-3.520059e+05 -1.941348e+05
-2.455936e+06 5.103342e+05
8.308437e+07 -1.085619e+07
7.538905e+00 3.147110e+05
1.534980e+06 1.336482e+06
1.954981e+10 4.133093e+09
1.227939e+06 1.605295e+06
2.437974e+11 -4.556912e+10
-5.573441e+04 -1.339107e+04
-3.131085e+08 1.355720e+07
2.460528e+08 2.175762e+08
-3.514254e+14 3.167419e+14
-4.855982e+07 -9.061698e+07
-3.772805e+05 -3.584886e+05
1.212044e+07 3.534453e+06
1.503828e+09 6.229108e+09
-2.441945e+05 9.912018e+00
4.741663e+00 7.433487e+05
-5.443331e+12 1.759801e+12
-8.647677e+06 -5.241949e+06
-1.496387e+08 -4.226789e+07
-8.586357e+00 3.263648e+06
4.967140e+09 -3.235482e+09
-4.129352e+13 -1.359758e+13
2.496292e+06 3.029504e+06
-1.235830e+06 3.433402e+06
-1.373526e+08 1.326925e+10
8.931163e+07 2.292386e+07
1.501651e+06 -2.772865e+05
8.701223e+05 -2.438820e+05
-1.243092e+07 5.470582e+06
-6.412564e+14 -6.927401e+15
-7.949112e+05 8.352302e+00
1.253648e+11 -2.183513e+10
5.266348e+10 -3.771404e+08
-5.266550e+10 3.771253e+08
2.729405e+10 9.016182e+09
-4.194718e+12 1.506513e+12
1.534179e+12 4.846001e+10
1.855517e+10 5.381985e+09
-6.496334e+06 1.252314e+07
1.176570e+10 3.846418e+09
4.730652e+06 -1.131922e+08
1.689938e+06 -3.362713e+06
-9.972601e+08 -6.040215e+07
1.916640e+05 8.674467e+00
1.543103e+09 2.965643e+08
-2.452359e+07 -1.167490e+07
1.815102e+06 -7.116940e+06
9.539368e+00 -3.207409e+06
-4.217320e+05 7.233411e+00
7.440793e+10 1.668296e+11
-2.453475e+07 1.980164e+07
-7.247775e+06 7.522104e+05
2.066620e+07 1.709979e+07
-3.645272e+06 1.583084e+07
-1.196507e+10 1.611267e+10
-1.923143e+08 3.278516e+07
5.753579e+05 3.477842e+00
6.793799e+07 -6.664806e+07
6.871230e+12 -2.481208e+14
-2.757847e+08 -4.670580e+08
-2.661196e+08 5.430980e+08
-2.490384e+07 2.091522e+06
3.514656e+14 -3.167660e+14
-3.860825e+06 7.134138e+05
9.974749e+08 6.016915e+07
8.251027e+18 1.737749e+19
-8.932360e+07 -2.297021e+07
-2.234674e+07 -3.695327e+07
-1.793498e+06 7.135241e+06
-2.671435e+06 -3.299309e+05
2.370421e+05 1.854250e+06
-1.327956e+09 1.726461e+10
6.596628e+07 -1.151463e+08
9.204663e+10 1.439464e+12
1.196507e+10 -1.611084e+10
5.439715e+07 -2.032030e+08
1.490794e+08 4.268602e+07
-1.004732e+08 -2.596296e+08
3.225393e+05 -5.256554e-02
2.523488e+06 -8.520337e+00
2.343652e+05 4.728274e+06
-2.458479e+08 -2.173429e+08
3.258678e+07 1.056674e+08
-2.085663e+07 -1.718645e+07
6.249447e+10 -2.851071e+11
-1.348958e+07 -2.096410e+06
1.986696e+06 3.597092e+05
5.408563e+09 3.757031e+09
-4.473009e+00 -2.966443e+06
2.655725e+08 -5.430137e+08
3.131022e+08 -1.355983e+07
-1.875687e+06 1.907911e+06
-2.004539e+06 -1.088966e+06
-5.505188e+06 -1.357939e+00
2.330315e+06 1.580347e+06
