2.155486e+06 6.463019e+00
8.559440e+06 -1.507232e+06
8.959220e+09 1.157906e+11
2.125974e+12 2.343738e+12
-1.605546e+12 -2.195701e+12
-5.842352e+09 -1.122363e+09
1.664895e+07 -5.961627e+07
-7.506842e+06 -6.162584e+06
-2.478134e+06 -1.636385e+07
-5.463720e+06 9.617490e+00
7.910886e+05 -1.732204e+06
-3.673402e+07 9.778085e+07
5.022380e+09 -6.529432e+10
5.368422e+09 -1.579438e+09
-5.408742e+10 -1.171354e+10
5.374545e+09 2.575174e+09
-1.433823e+06 4.643509e+07
-7.212141e+06 -2.505219e+06
2.076525e+07 -5.287567e-01
-2.573315e+08 2.517046e+08
-2.341279e+06 -4.696008e+06
-4.135039e+09 1.546421e+09
1.555544e+09 5.038379e+10
-7.393154e+10 -1.563019e+10
-5.672533e+07 1.109784e+08
-1.476419e+07 1.461800e+06
8.043626e+05 -1.514681e+05
9.404341e+07 -7.343278e+07
-2.357076e+13 -6.402446e+12
-8.690116e+00 -3.831562e+06
4.620070e+07 -2.086462e+07
-1.412290e+08 2.763927e+07
-3.481431e+10 -1.046500e+10
-3.409247e+09 -1.949111e+09
-4.349412e+07 -6.192220e+06
9.806800e+10 -6.154781e+10
3.390919e+14 6.462359e+14
8.292467e+05 1.545801e+06
5.409931e+10 1.171592e+10
1.822172e+08 1.467000e+08
1.038451e+11 -1.165433e+10
2.286170e+06 4.688470e+06
-1.041128e+01 -2.207312e+06
-2.047284e+10 -1.422293e+10
1.554012e+07 1.127007e+08
2.290587e+06 -2.173215e+06
-3.011461e+12 4.196048e+12
1.435220e+06 -1.094131e+06
1.412960e+08 -2.776206e+07
-2.181545e+09 -2.167109e+09
7.294172e+08 -1.258470e+08
3.284702e+07 1.966409e+07
-1.500831e-01 -1.677502e+06
1.669167e+07 -1.876688e+06
3.680400e+13 1.339635e+13
4.133373e+09 -1.547451e+09
-4.742277e+11 8.259382e+10
6.031550e+08 1.529943e+08
4.342576e+06 1.129104e+07
-4.868632e+07 -1.465794e+08
-2.059300e+13 -2.766425e+13
-9.223211e+11 1.724197e+11
6.975408e+07 -1.397647e+08
2.170727e+08 2.410425e+08
-4.202987e+15 6.006192e+15
-3.878772e+08 1.269567e+08
2.326138e+07 -4.729660e+07
-1.477756e+12 -2.230401e+11
-9.662327e+09 -8.260165e+09
7.465858e+09 -1.048426e+09
5.442931e+06 1.031140e-01
-1.428813e+10 -1.590072e+10
2.357314e+13 6.402188e+12
2.068386e+09 5.149210e+08
1.212144e+05 8.779789e+00
-1.032537e+11 -3.411661e+10
-3.485105e+11 -5.451732e+12
-3.479826e+09 -6.776077e+09
-3.855577e+06 3.985854e+06
-5.024664e+08 -1.583875e+08
-5.745764e+09 -2.354447e+10
2.059342e+13 2.766425e+13
-5.692470e+09 3.707606e+09
5.680376e+07 -1.110622e+08
-7.528957e+08 5.497391e+08
-2.921526e+08 -1.455115e+07
4.713501e+00 -1.874702e+07
1.605678e+12 2.195678e+12
-2.267078e+06 -2.340076e+00
-1.805093e+05 -4.201139e+00
-6.979454e+07 1.394387e+08
1.428752e+10 1.590137e+10
-2.667225e+09 -1.773081e+09
4.619082e+17 -7.521190e+17
3.482431e+10 1.046967e+10
-6.558294e+00 -3.747719e+06
1.042651e+09 1.769657e+09
2.772386e+06 -3.635238e+06
-1.019309e+05 -2.635736e+06
-1.880468e+10 1.224950e+10
-1.553683e+09 -5.039489e+10
1.552292e+12 -1.496417e+12
-1.726241e+09 -1.282945e+09
-7.583547e+11 1.145836e+12
8.049318e+04 2.363312e+06
2.539419e+07 1.557004e+08
7.584387e+11 -1.145756e+12
9.643933e+05 -5.767295e+00
3.578012e+14 -1.839295e+14
-9.806825e+10 6.154533e+10
2.621658e+11 1.476144e+12
4.934169e+07 -1.051725e+01
-4.031279e+08 3.869391e+08
-7.466332e+09 1.048797e+09
1.587905e+13 -5.703032e+12
-2.067879e+09 -5.159468e+08
-3.322519e+06 9.937749e+05
4.204681e+15 -6.007281e+15
2.229286e+06 4.230871e+06
-7.018846e+10 -2.035857e+10
-4.619407e+17 7.521266e+17
-7.113233e+08 4.382192e+08
2.059532e+13 -6.655411e+12
5.692369e+09 -3.707520e+09
-2.056719e+08 7.689348e+08
7.229163e+11 -7.127282e+11
1.833093e+08 3.433404e+08
2.804616e+10 4.308902e+10
-7.325606e+06 1.265677e+07
6.498459e+08 -6.995548e+08
-3.719097e+06 -1.779053e+07
3.757298e+06 1.775641e+07
1.006940e+01 -1.847141e+07
-2.259420e+11 4.528929e+11
-1.107691e+08 3.372036e+07
-1.815114e+08 -1.442490e+08
-2.516511e+07 -4.107101e+07
5.186311e-01 1.659650e+07
3.526936e+09 6.786680e+09
-9.307226e+07 2.507792e+08
2.735714e+15 -1.295357e+16
1.565549e+07 -7.958167e+06
-4.404354e+06 -1.787030e+07
7.092190e+08 -4.380060e+08
-1.424082e+06 -4.572166e+06
-5.887885e+16 -2.190355e+17
-9.301518e+05 7.300205e+00
9.353478e+07 -7.536189e+06
-1.408667e+09 -1.354023e+08
-7.183412e+06 -1.159893e+06
-6.498956e+08 6.995419e+08
-6.179267e+06 -7.068432e+06
-1.362140e+08 1.526966e+08
-3.940993e+11 -7.665292e+10
-9.581855e+10 3.510661e+11
4.096506e+00 9.806291e+05
-5.801683e+12 -1.832753e+11
1.750966e+08 -6.497509e+07
6.707213e+13 -1.161813e+14
2.020100e+00 -4.390173e+07
6.458459e+06 -8.005869e+06
-2.748034e+05 -2.329050e+06
5.396660e+08 -1.243315e+08
4.166548e+05 2.335726e+06
1.404595e+06 4.525647e+06
-1.038105e+11 1.165198e+10
-8.432542e+06 -2.380751e+05
-2.621283e+11 -1.475995e+12
1.739377e+10 3.502496e+10
-2.814165e+11 -6.309754e+11
-9.391837e+15 3.862501e+14
4.274873e+06 1.848289e+07
1.361648e+08 -1.526971e+08
1.513622e+06 1.671125e+07
9.580974e+10 -3.510519e+11
-3.394353e+08 -3.207800e+08
1.564275e+14 5.151637e+13
5.034508e+08 1.584475e+08
4.107350e+09 -7.144276e+08
9.311801e+07 -2.507640e+08
1.408599e+09 1.357501e+08
3.407700e+08 -2.882949e+08
2.181375e+09 2.166791e+09
-2.499691e+08 4.364205e+08
6.903102e+08 1.259642e+09
-7.833040e+06 -3.611440e+06
4.913318e+07 7.055622e+06
-6.707483e+13 1.161919e+14
-4.909131e+07 -6.841448e+06
-7.637547e+06 -1.239444e+07
9.392499e+15 -3.863163e+14
-4.686279e+07 1.083356e+06
2.440948e+11 -5.435033e+10
-1.552319e+12 1.496556e+12
-2.422426e+07 8.823378e+07
-2.441461e+11 5.435779e+10
3.394436e+08 3.208014e+08
2.733812e+07 4.215373e+07
-6.366644e+05 -1.807835e+07
2.948089e+00 3.316754e+06
2.657979e+06 -3.419060e+06
4.913292e+08 1.661257e+08
3.940919e+11 7.664330e+10
-3.872585e+06 6.055215e+06
2.667969e+09 1.773560e+09
3.011069e+12 -4.195710e+12
-5.391225e+08 1.253003e+08
2.918381e+08 1.334563e+07
-1.739298e+10 -3.502710e+10
1.224229e+21 -1.011342e+21
1.869604e+05 4.976513e+06
7.046161e-01 2.780905e+06
2.565955e+07 -9.157003e+07
7.446871e+13 -5.181128e+13
-4.930871e+00 1.096880e+06
7.527686e+08 -5.495114e+08
-3.367617e+06 -3.315112e+05
1.550835e+07 -1.029494e+06
1.114727e+08 -3.284435e+07
-3.407459e+08 1.915145e+08
1.022543e+07 8.665246e+05
-3.391056e+14 -6.462620e+14
-4.105265e+09 7.166705e+08
3.070239e+07 -1.176152e+08
9.663169e+09 8.262252e+09
-6.637770e+07 1.995284e+06
3.364868e+07 -9.376885e+07
-1.022842e+08 1.180268e+08
-2.735769e+15 1.295304e+16
9.197272e+07 4.399996e+07
1.880457e+09 5.601007e+09
2.259209e+11 -4.528560e+11
-7.447096e+13 5.180867e+13
-4.451716e+10 -1.455723e+10
3.175888e+10 7.918567e+08
-3.175696e+10 -7.917928e+08
1.027623e+08 -1.174478e+08
-4.824815e+07 1.742963e+08
5.888004e+16 2.190156e+17
-4.595628e+06 -1.160294e+07
-8.684390e+00 -3.893335e+06
-1.787517e+07 4.286429e+08
9.471550e+08 -5.586635e+07
2.599710e+06 -1.597263e+06
-2.604419e+06 1.608739e+06
-5.376196e+09 -2.575965e+09
6.633263e+07 -3.519255e+06
-7.611250e+00 2.490775e+07
-3.122601e+19 -6.575914e+19
3.662091e+07 -2.799418e+07
7.779372e+05 1.565758e+00
-6.232027e+06 -1.140405e+07
-1.741351e+08 6.506400e+07
7.663150e+06 3.711331e+06
1.997598e+06 9.754000e+00
-6.026671e+08 -1.528789e+08
-2.390404e+06 -8.549117e+06
4.827650e+07 -1.743839e+08
-2.373531e+07 9.994922e+06
2.326398e+06 6.723617e+06
-2.805142e+10 -4.309755e+10
-1.224439e+21 1.011546e+21
1.523795e+05 6.814322e+00
-3.068960e+07 1.176872e+08
-3.680623e+13 -1.339649e+13
5.198734e+08 -5.020186e+10
3.639097e+00 -3.873502e+06
-9.659132e+06 -1.118365e+08
-8.962898e+09 -1.158600e+11
-1.881005e+09 -5.602434e+09
1.723956e+09 1.282277e+09
-1.248602e+08 -3.992187e+08
8.392443e+07 1.409141e+08
-6.909807e+08 -1.260731e+09
-2.058688e+06 3.278881e+00
-2.020145e+00 -2.790017e+06
-3.578697e+14 1.839610e+14
2.425773e+15 2.620481e+16
-8.146329e+06 1.055801e+01
3.409067e+09 1.949534e+09
4.444709e+00 3.337514e+06
-9.513401e+08 4.718607e+07
-3.633697e+07 2.797408e+07
8.199314e+06 -8.441064e-01
-2.244436e+08 1.919533e+08
-7.236200e+11 7.127708e+11
-2.302002e+05 -1.867616e+07
-2.600534e+13 9.391454e+14
-2.365165e+11 1.079023e+12
4.910331e+06 -1.313169e+07
5.155477e+07 7.843195e+06
-8.781445e+07 -1.491732e+08
2.812295e+07 -2.095429e+06
5.462228e-02 3.730061e+06
-4.587330e+07 -1.327929e+07
6.219579e+06 1.137033e+07
-5.370200e+09 1.580267e+09
-2.126617e+12 -2.344329e+12
5.722266e+07 -1.469154e+07
1.478008e+12 2.230802e+11
2.365896e+07 -1.011935e+07
3.793136e+08 9.843609e+08
-2.145624e+08 -2.274454e+08
-1.332474e+06 -7.344938e+05
-9.292669e+06 1.930462e+06
3.145573e+08 -4.110252e+07
1.006740e+01 1.190757e+06
5.809099e+06 5.057741e+06
7.395620e+10 1.563578e+10
4.646462e+06 6.073210e+06
9.225352e+11 -1.724395e+11
-2.114891e+05 -5.090040e+04
-1.184801e+09 5.130343e+07
9.310363e+08 8.232608e+08
-1.329853e+15 1.198595e+15
-1.837590e+08 -3.429133e+08
-1.427995e+06 -1.356607e+06
4.586819e+07 1.337606e+07
5.690942e+09 2.357440e+10
-9.246770e+05 9.248478e+00
-9.547495e+00 2.812755e+06
-2.060072e+13 6.660239e+12
-3.273250e+07 -1.984126e+07
-5.663792e+08 -1.599755e+08
3.036847e+00 1.235235e+07
1.880678e+10 -1.225090e+10
-1.564985e+14 -5.153351e+13
9.448409e+06 1.146538e+07
-4.677373e+06 1.299383e+07
-5.196394e+08 5.020180e+10
3.378356e+08 8.671560e+07
5.686964e+06 -1.051353e+06
3.291995e+06 -9.230403e+05
-4.703704e+07 2.070097e+07
-2.425797e+15 -2.620375e+16
-3.008774e+06 -4.968830e+00
4.742551e+11 -8.260631e+10
1.993277e+11 -1.427515e+09
-1.993559e+11 1.427595e+09
1.032783e+11 3.411541e+10
-1.588049e+13 5.703664e+12
5.804139e+12 1.833331e+11
7.020352e+10 2.036213e+10
-2.458238e+07 4.738950e+07
4.452724e+10 1.455695e+10
1.793451e+07 -4.291366e+08
6.408934e+06 -1.275389e+07
-3.773762e+09 -2.285365e+08
7.246079e+05 6.314636e+00
5.841910e+09 1.122802e+09
-9.280477e+07 -4.418070e+07
6.866296e+06 -2.691887e+07
6.271595e+00 -1.213730e+07
-1.596673e+06 1.759594e+00
2.815102e+11 6.311978e+11
-9.289103e+07 7.497113e+07
-2.744043e+07 2.847798e+06
7.830153e+07 6.478620e+07
-1.379683e+07 5.991496e+07
-4.528520e+10 6.098127e+10
-7.285497e+08 1.241909e+08
2.180159e+06 -7.324375e-02
2.571032e+08 -2.522200e+08
2.600638e+13 -9.391359e+14
-1.043898e+09 -1.767904e+09
-1.011689e+09 2.064718e+09
-9.427064e+07 7.917947e+06
1.329866e+15 -1.198571e+15
-1.461598e+07 2.700827e+06
3.774083e+09 2.276644e+08
3.122821e+19 6.577173e+19
-3.378646e+08 -8.688433e+07
-8.456809e+07 -1.398417e+08
-6.783802e+06 2.698904e+07
-1.010824e+07 -1.248855e+06
8.970046e+05 7.015235e+06
-5.023914e+09 6.530968e+10
2.500421e+08 -4.364522e+08
3.489368e+11 5.456461e+12
4.528611e+10 -6.097640e+10
2.058681e+08 -7.690309e+08
5.642207e+08 1.615366e+08
-3.802082e+08 -9.825126e+08
1.221044e+06 5.570021e+00
9.546103e+06 1.104021e+01
8.867589e+05 1.789044e+07
-9.302777e+08 -8.224243e+08
1.234167e+08 4.001971e+08
-7.901961e+07 -6.511513e+07
2.365018e+11 -1.078971e+12
-5.104627e+07 -7.933579e+06
7.525500e+06 1.362992e+06
2.047516e+10 1.422179e+10
-1.863260e+00 -1.130826e+07
1.009734e+09 -2.064481e+09
1.184798e+09 -5.130990e+07
-7.118142e+06 7.240290e+06
-7.586410e+06 -4.121609e+06
-2.083170e+07 -6.473838e+00
8.819576e+06 5.980070e+06
