1.937717e+05 2.361828e+00
7.719943e+05 -1.360699e+05
8.087721e+08 1.045514e+10
1.918024e+11 2.114832e+11
-1.449883e+11 -1.982822e+11
-5.259483e+08 -1.010020e+08
1.500332e+06 -5.371177e+06
-6.761883e+05 -5.551245e+05
-2.235059e+05 -1.476581e+06
-4.919552e+05 9.034807e+00
7.148811e+04 -1.564491e+05
-3.316288e+06 8.825596e+06
4.534343e+08 -5.895371e+09
4.833278e+08 -1.422022e+08
-4.877258e+09 -1.056294e+09
4.827741e+08 2.313272e+08
-1.285995e+05 4.162777e+06
-6.511467e+05 -2.261911e+05
1.872729e+06 -1.044357e+01
-2.319089e+07 2.268384e+07
-2.112314e+05 -4.237538e+05
-3.732015e+08 1.395229e+08
1.402676e+08 4.542181e+09
-6.668102e+09 -1.409990e+09
-5.114550e+06 1.001116e+07
-1.332723e+06 1.319218e+05
7.243940e+04 -1.363677e+04
8.455505e+06 -6.612703e+06
-2.129177e+12 -5.783649e+11
2.074998e+00 -3.452918e+05
4.168743e+06 -1.882517e+06
-1.275319e+07 2.495652e+06
-3.140700e+09 -9.442720e+08
-3.072808e+08 -1.756908e+08
-3.922668e+06 -5.584098e+05
8.836335e+09 -5.545546e+09
3.059209e+13 5.830783e+13
7.554778e+04 1.387760e+05
4.879477e+09 1.056747e+09
1.641701e+07 1.321698e+07
9.367816e+09 -1.051107e+09
2.062024e+05 4.229150e+05
1.106421e+01 -1.995986e+05
-1.844030e+09 -1.281049e+09
1.401889e+06 1.016940e+07
2.061221e+05 -1.956219e+05
-2.691212e+11 3.750014e+11
1.291346e+05 -9.842503e+04
1.275152e+07 -2.505817e+06
-1.965379e+08 -1.951937e+08
6.551539e+07 -1.130323e+07
2.960191e+06 1.772028e+06
-1.054175e+01 -1.514950e+05
1.502308e+06 -1.689572e+05
3.318758e+12 1.207779e+12
3.729760e+08 -1.396375e+08
-4.279770e+10 7.453776e+09
5.438055e+07 1.379649e+07
3.909796e+05 1.016534e+06
-4.394711e+06 -1.322997e+07
-1.855906e+12 -2.493573e+12
-8.318599e+10 1.555121e+10
6.301583e+06 -1.262486e+07
1.906285e+07 2.116431e+07
-3.794372e+14 5.422551e+14
-3.500335e+07 1.145618e+07
2.097380e+06 -4.264413e+06
-1.334350e+11 -2.013690e+10
-8.644179e+08 -7.388859e+08
6.742846e+08 -9.467778e+07
4.900101e+05 -2.927449e+00
-1.290679e+09 -1.436348e+09
2.128465e+12 5.781714e+11
1.831986e+08 4.561125e+07
1.097271e+04 4.570699e+00
-9.319664e+09 -3.079363e+09
-3.124708e+10 -4.886739e+11
-3.138546e+08 -6.110904e+08
-3.480107e+05 3.597334e+05
-4.444960e+07 -1.401414e+07
-5.182145e+08 -2.123172e+09
1.856528e+12 2.493851e+12
-5.138065e+08 3.346343e+08
5.124570e+06 -1.001945e+07
-6.781414e+07 4.952068e+07
-2.629581e+07 -1.309902e+06
-6.531382e+00 -1.691392e+06
1.450047e+11 1.983263e+11
-2.044983e+05 -4.697608e+00
-1.626614e+04 9.232290e+00
-6.304426e+06 1.259529e+07
1.290820e+09 1.436669e+09
-2.403032e+08 -1.597632e+08
4.171503e+16 -6.793093e+16
3.141450e+09 9.444914e+08
6.553662e+00 -3.378150e+05
9.388856e+07 1.593654e+08
2.502599e+05 -3.281491e+05
-9.159525e+03 -2.375628e+05
-1.692656e+09 1.102855e+09
-1.401512e+08 -4.546235e+09
1.401153e+11 -1.350581e+11
-1.556615e+08 -1.157032e+08
-6.832939e+10 1.032487e+11
7.246522e+03 2.131599e+05
2.292110e+06 1.405489e+07
6.834467e+10 -1.032487e+11
8.704871e+04 -5.800660e+00
3.214092e+13 -1.652137e+13
-8.837434e+09 5.546110e+09
2.351163e+10 1.323867e+11
4.457068e+06 -3.126105e+00
-3.640432e+07 3.494387e+07
-6.743551e+08 9.474320e+07
1.429647e+12 -5.135475e+11
-1.830758e+08 -4.571065e+07
-2.991560e+05 8.944672e+04
3.796913e+14 -5.424971e+14
1.994608e+05 3.785302e+05
-6.332501e+09 -1.837021e+09
-4.171969e+16 6.792336e+16
-4.583795e+07 2.823814e+07
1.857251e+12 -6.001715e+11
5.137348e+08 -3.345993e+08
-1.853886e+07 6.930948e+07
6.524502e+10 -6.432552e+10
1.652933e+07 3.096308e+07
2.526867e+09 3.882297e+09
-6.552173e+05 1.132027e+06
5.859957e+07 -6.308267e+07
-3.359174e+05 -1.607221e+06
3.393512e+05 1.603984e+06
5.737971e+00 -1.662017e+06
-1.981759e+10 3.972287e+10
-9.971004e+06 3.035921e+06
-1.634971e+07 -1.299340e+07
-2.267943e+06 -3.701290e+06
-2.767659e+00 1.493203e+06
3.180339e+08 6.120668e+08
-8.394318e+06 2.261642e+07
2.457541e+14 -1.163596e+15
1.412652e+06 -7.179821e+05
-3.963989e+05 -1.608565e+06
4.569843e+07 -2.822315e+07
-1.285339e+05 -4.128680e+05
-5.246872e+15 -1.951655e+16
-8.380779e+04 4.544990e+00
8.419629e+06 -6.781658e+05
-1.269987e+08 -1.220627e+07
-6.453791e+05 -1.041284e+05
-5.860883e+07 6.308927e+07
-5.575014e+05 -6.378632e+05
-1.229518e+07 1.378422e+07
-3.557461e+10 -6.918967e+09
-8.646117e+09 3.168138e+10
-7.404856e+00 8.847692e+04
-5.234724e+11 -1.653669e+10
1.575931e+07 -5.848345e+06
6.036708e+12 -1.045839e+13
9.380076e+00 -3.935847e+06
5.764005e+05 -7.146411e+05
-2.488811e+04 -2.103137e+05
4.829998e+07 -1.112493e+07
3.761068e+04 2.107562e+05
1.269449e+05 4.088390e+05
-9.364668e+09 1.051001e+09
-7.609955e+05 -2.152893e+04
-2.350365e+10 -1.323420e+11
1.568078e+09 3.157751e+09
-2.540266e+10 -5.695520e+10
-8.478091e+14 3.487523e+13
3.849859e+05 1.664316e+06
1.229099e+07 -1.378518e+07
1.366135e+05 1.508463e+06
8.647071e+09 -3.168491e+10
-3.057019e+07 -2.888625e+07
1.403677e+13 4.623218e+12
4.453460e+07 1.401390e+07
3.686617e+08 -6.411599e+07
8.399069e+06 -2.261730e+07
1.270418e+08 1.224278e+07
3.065852e+07 -2.593445e+07
1.965188e+08 1.952108e+08
-2.240335e+07 3.911386e+07
6.224333e+07 1.135762e+08
-7.051273e+05 -3.250807e+05
4.435870e+06 6.370055e+05
-6.036708e+12 1.045722e+13
-4.431706e+06 -6.176596e+05
-6.883543e+05 -1.117554e+06
8.476200e+14 -3.486357e+13
-4.231808e+06 9.776522e+04
2.202479e+10 -4.905003e+09
-1.400837e+11 1.350598e+11
-2.185666e+06 7.960931e+06
-2.202990e+10 4.905035e+09
3.056567e+07 2.888936e+07
2.464097e+06 3.799514e+06
-5.744013e+04 -1.630490e+06
8.777041e+00 2.990704e+05
2.397508e+05 -3.083788e+05
4.434113e+07 1.499256e+07
3.556672e+10 6.917321e+09
-3.492638e+05 5.459194e+05
2.403331e+08 1.597529e+08
2.690303e+11 -3.749168e+11
-4.823347e+07 1.121064e+07
2.625708e+07 1.200354e+06
-1.567895e+09 -3.157048e+09
1.103518e+20 -9.116404e+19
1.698157e+04 4.481641e+05
6.742559e+00 2.505690e+05
2.315418e+06 -8.261894e+06
6.709933e+12 -4.668647e+12
8.750098e+00 9.900296e+04
6.777788e+07 -4.948003e+07
-3.032275e+05 -2.979708e+04
1.399234e+06 -9.285159e+04
1.003245e+07 -2.956345e+06
-3.064539e+07 1.722844e+07
9.225249e+05 7.816869e+04
-3.059209e+13 -5.829481e+13
-3.685912e+08 6.435276e+07
2.767146e+06 -1.060008e+07
8.647158e+08 7.393923e+08
-5.981947e+06 1.798280e+05
3.038383e+06 -8.465539e+06
-9.191788e+06 1.060531e+07
-2.458644e+14 1.164118e+15
8.295744e+06 3.968730e+06
1.696299e+08 5.052791e+08
1.982895e+10 -3.974572e+10
-6.715185e+12 4.671257e+12
-4.014971e+09 -1.312973e+09
2.863440e+09 7.138876e+07
-2.863120e+09 -7.137794e+07
9.233876e+06 -1.055300e+07
-4.354409e+06 1.573210e+07
5.247465e+15 1.951876e+16
-4.136732e+05 -1.044482e+06
5.889977e+00 -3.501406e+05
-1.601389e+06 3.839882e+07
8.474047e+07 -4.997850e+06
2.345203e+05 -1.441178e+05
-2.349701e+05 1.451986e+05
-4.829833e+08 -2.314393e+08
5.975975e+06 -3.170782e+05
5.282553e+00 2.246751e+06
-2.813565e+18 -5.924987e+18
3.297589e+06 -2.520768e+06
7.015459e+04 5.121707e+00
-5.611898e+05 -1.026832e+06
-1.568089e+07 5.858777e+06
6.901379e+05 3.342335e+05
1.801494e+05 9.151094e+00
-5.434593e+07 -1.378628e+07
-2.157559e+05 -7.717086e+05
4.356748e+06 -1.573674e+07
-2.139504e+06 9.010510e+05
2.101090e+05 6.070007e+05
-2.527140e+09 -3.882283e+09
-1.103888e+20 9.119460e+19
1.369250e+04 -2.814347e+00
-2.765654e+06 1.060477e+07
-3.319129e+12 -1.208049e+12
4.691957e+07 -4.530392e+09
8.868990e+00 -3.494365e+05
-8.719691e+05 -1.009509e+07
-8.092045e+08 -1.045975e+10
-1.696123e+08 -5.051573e+08
1.554464e+08 1.156244e+08
-1.122658e+07 -3.589453e+07
7.566016e+06 1.270371e+07
-6.232303e+07 -1.137023e+08
-1.855622e+05 2.192137e+00
3.058347e+00 -2.512845e+05
-3.213371e+13 1.651581e+13
2.189793e+14 2.365776e+15
-7.335209e+05 4.844558e-01
3.071309e+08 1.756542e+08
7.278315e+00 3.005979e+05
-8.509081e+07 4.220667e+06
-3.270946e+06 2.518453e+06
7.383805e+05 -8.580099e+00
-2.019448e+07 1.726850e+07
-6.528946e+10 6.431775e+10
-2.077850e+04 -1.685023e+06
-2.342620e+12 8.460812e+13
-2.132067e+10 9.727789e+10
4.427952e+05 -1.183972e+06
4.648971e+06 7.072200e+05
-7.900843e+06 -1.342102e+07
2.531833e+06 -1.885381e+05
2.995160e+00 3.362714e+05
-4.135624e+06 -1.197205e+06
5.598595e+05 1.023680e+06
-4.836663e+08 1.423192e+08
-1.918881e+11 -2.115305e+11
5.159586e+06 -1.324672e+06
1.334647e+11 2.014361e+10
2.132947e+06 -9.124384e+05
3.420048e+07 8.874475e+07
-1.884496e+07 -1.997771e+07
-1.199527e+05 -6.622624e+04
-8.382828e+05 1.742329e+05
2.830640e+07 -3.698783e+06
6.647324e+00 1.074006e+05
5.236723e+05 4.559783e+05
6.676234e+09 1.411343e+09
4.191099e+05 5.481139e+05
8.319532e+10 -1.555095e+10
-1.901665e+04 -4.625872e+03
-1.068674e+08 4.626746e+06
8.399609e+07 7.427207e+07
-1.199143e+14 1.080754e+14
-1.656907e+07 -3.092056e+07
-1.287899e+05 -1.223602e+05
4.134982e+06 1.205852e+06
5.130647e+08 2.125362e+09
-8.334130e+04 2.438958e+00
-6.081362e+00 2.538535e+05
-1.857251e+12 6.004397e+11
-2.949723e+06 -1.788018e+06
-5.103937e+07 -1.441632e+07
-8.555553e+00 1.113297e+06
1.692779e+09 -1.102680e+09
-1.403992e+13 -4.623218e+12
8.514846e+05 1.033426e+06
-4.215705e+05 1.171333e+06
-4.688493e+07 4.529421e+09
3.050538e+07 7.830765e+06
5.113693e+05 -9.424003e+04
2.971010e+05 -8.328054e+04
-4.242189e+06 1.866974e+06
-2.190282e+14 -2.366304e+15
-2.710766e+05 2.552204e+00
4.281191e+10 -7.456122e+09
1.795807e+10 -1.286081e+08
-1.796008e+10 1.286128e+08
9.318498e+09 3.078227e+09
-1.429647e+12 5.134901e+11
5.238232e+11 1.654597e+10
6.333998e+09 1.837401e+09
-2.216978e+06 4.273931e+06
4.014133e+09 1.312442e+09
1.606782e+06 -3.844583e+07
5.735285e+05 -1.141210e+06
-3.404018e+08 -2.061667e+07
6.540529e+04 -4.169877e+00
5.258237e+08 1.010528e+08
-8.366755e+06 -3.983175e+06
6.200634e+05 -2.431244e+06
-5.270015e+00 -1.094372e+06
-1.437748e+05 -1.379815e+00
2.540268e+10 5.695520e+10
-8.362578e+06 6.749309e+06
-2.470192e+06 2.563678e+05
7.029167e+06 5.816583e+06
-1.243513e+06 5.399665e+06
-4.080639e+09 5.494953e+09
-6.542105e+07 1.115363e+07
1.954836e+05 -4.479476e+00
2.317258e+07 -2.273431e+07
2.343143e+12 -8.459866e+13
-9.401375e+07 -1.592179e+08
-8.967619e+07 1.830394e+08
-8.488095e+06 7.127560e+05
1.199277e+14 -1.080875e+14
-1.315458e+06 2.430535e+05
3.404482e+08 2.053715e+07
2.814194e+18 5.926974e+18
-3.052077e+07 -7.848323e+06
-7.624326e+06 -1.260882e+07
-6.127531e+05 2.437703e+06
-9.119289e+05 -1.126651e+05
8.100109e+04 6.335434e+05
-4.536978e+08 5.897365e+09
2.241540e+07 -3.912687e+07
3.127528e+10 4.891138e+11
4.082464e+09 -5.496800e+09
1.855890e+07 -6.932747e+07
5.086195e+07 1.456335e+07
-3.428628e+07 -8.860285e+07
1.099933e+05 -1.082411e+01
8.617404e+05 2.805859e+00
8.011464e+04 1.614033e+06
-8.391998e+07 -7.418984e+07
1.109692e+07 3.598324e+07
-7.096194e+06 -5.847486e+06
2.132301e+10 -9.727811e+10
-4.604080e+06 -7.154494e+05
6.763611e+05 1.225070e+05
1.843622e+09 1.280712e+09
6.231935e-01 -9.928590e+05
8.948513e+07 -1.830110e+08
1.068454e+08 -4.627293e+06
-6.353434e+05 6.462171e+05
-6.838584e+05 -3.715217e+05
-1.878792e+06 5.409888e+00
7.948403e+05 5.389839e+05
