2.158622e+06 6.591530e+00
8.571862e+06 -1.509419e+06
8.972217e+09 1.159586e+11
2.129058e+12 2.347138e+12
-1.607875e+12 -2.198886e+12
-5.850828e+09 -1.123992e+09
1.667309e+07 -5.970284e+07
-7.517738e+06 -6.171528e+06
-2.481730e+06 -1.638758e+07
-5.471647e+06 8.089416e+00
7.922355e+05 -1.734718e+06
-3.678730e+07 9.792266e+07
5.029665e+09 -6.538902e+10
5.376211e+09 -1.581729e+09
-5.416590e+10 -1.173053e+10
5.382345e+09 2.578911e+09
-1.435905e+06 4.650249e+07
-7.222601e+06 -2.508852e+06
2.079537e+07 7.709873e+00
-2.577048e+08 2.520697e+08
-2.344677e+06 -4.702820e+06
-4.141037e+09 1.548664e+09
1.557800e+09 5.045689e+10
-7.403879e+10 -1.565286e+10
-5.680763e+07 1.111394e+08
-1.478561e+07 1.463920e+06
8.055288e+05 -1.516878e+05
9.417986e+07 -7.353931e+07
-2.360495e+13 -6.411732e+12
-1.891974e+00 -3.837119e+06
4.626775e+07 -2.089489e+07
-1.414339e+08 2.767936e+07
-3.486482e+10 -1.048018e+10
-3.414192e+09 -1.951939e+09
-4.355720e+07 -6.201201e+06
9.821025e+10 -6.163708e+10
3.395838e+14 6.471733e+14
8.304467e+05 1.548043e+06
5.417779e+10 1.173291e+10
1.824815e+08 1.469128e+08
1.039957e+11 -1.167124e+10
2.289484e+06 4.695268e+06
-9.840352e-01 -2.210513e+06
-2.050254e+10 -1.424356e+10
1.556266e+07 1.128642e+08
2.293909e+06 -2.176367e+06
-3.015833e+12 4.202140e+12
1.437301e+06 -1.095717e+06
1.415010e+08 -2.780233e+07
-2.184710e+09 -2.170253e+09
7.304757e+08 -1.260296e+08
3.289466e+07 1.969261e+07
9.944731e+00 -1.679933e+06
1.671588e+07 -1.879409e+06
3.685738e+13 1.341578e+13
4.139368e+09 -1.549695e+09
-4.749154e+11 8.271362e+10
6.040298e+08 1.532162e+08
4.348875e+06 1.130742e+07
-4.875693e+07 -1.467920e+08
-2.062288e+13 -2.770438e+13
-9.236591e+11 1.726698e+11
6.985524e+07 -1.399675e+08
2.173884e+08 2.413931e+08
-4.209085e+15 6.014905e+15
-3.884398e+08 1.271408e+08
2.329512e+07 -4.736520e+07
-1.479899e+12 -2.233635e+11
-9.676356e+09 -8.272158e+09
7.476686e+09 -1.049946e+09
5.450825e+06 -9.234154e-01
-1.430885e+10 -1.592378e+10
2.360732e+13 6.411474e+12
2.071391e+09 5.156692e+08
1.213893e+05 -2.170500e+00
-1.034034e+11 -3.416609e+10
-3.490169e+11 -5.459649e+12
-3.484876e+09 -6.785910e+09
-3.861172e+06 3.991637e+06
-5.031970e+08 -1.586177e+08
-5.754103e+09 -2.357864e+10
2.062330e+13 2.770438e+13
-5.700728e+09 3.712984e+09
5.688616e+07 -1.112233e+08
-7.539881e+08 5.505367e+08
-2.925765e+08 -1.457226e+07
1.576666e+00 -1.877421e+07
1.608007e+12 2.198863e+12
-2.270367e+06 6.989878e+00
-1.807710e+05 1.012762e+01
-6.989578e+07 1.396410e+08
1.430824e+10 1.592443e+10
-2.671095e+09 -1.775653e+09
4.625781e+17 -7.532099e+17
3.487483e+10 1.048486e+10
-9.961712e+00 -3.753156e+06
1.044164e+09 1.772224e+09
2.776406e+06 -3.640510e+06
-1.020784e+05 -2.639559e+06
-1.883196e+10 1.226727e+10
-1.555937e+09 -5.046798e+10
1.554544e+12 -1.498588e+12
-1.728745e+09 -1.284806e+09
-7.594549e+11 1.147499e+12
8.060879e+04 2.366740e+06
2.543102e+07 1.559262e+08
7.595389e+11 -1.147418e+12
9.657906e+05 -1.116562e+01
3.583204e+14 -1.841964e+14
-9.821050e+10 6.163461e+10
2.625463e+11 1.478287e+12
4.941325e+07 -1.365523e+00
-4.037126e+08 3.875004e+08
-7.477160e+09 1.050318e+09
1.590208e+13 -5.711305e+12
-2.070884e+09 -5.166964e+08
-3.327339e+06 9.952155e+05
4.210779e+15 -6.015994e+15
2.232521e+06 4.237012e+06
-7.029027e+10 -2.038810e+10
-4.626107e+17 7.532174e+17
-7.123843e+08 4.388729e+08
2.062520e+13 -6.665070e+12
5.700627e+09 -3.712898e+09
-2.059702e+08 7.700503e+08
7.239648e+11 -7.137620e+11
1.835752e+08 3.438385e+08
2.808685e+10 4.315153e+10
-7.336242e+06 1.267514e+07
6.507885e+08 -7.005695e+08
-3.724489e+06 -1.781633e+07
3.762745e+06 1.778216e+07
-9.504697e+00 -1.849821e+07
-2.262706e+11 4.535516e+11
-1.109298e+08 3.376928e+07
-1.817748e+08 -1.444583e+08
-2.520162e+07 -4.113059e+07
-8.495264e+00 1.662057e+07
3.532052e+09 6.796525e+09
-9.320726e+07 2.511429e+08
2.739683e+15 -1.297236e+16
1.567819e+07 -7.969707e+06
-4.410742e+06 -1.789622e+07
7.102768e+08 -4.386593e+08
-1.426146e+06 -4.578796e+06
-5.896436e+16 -2.193536e+17
-9.314980e+05 7.316478e+00
9.367045e+07 -7.547118e+06
-1.410711e+09 -1.355987e+08
-7.193833e+06 -1.161573e+06
-6.508383e+08 7.005566e+08
-6.188227e+06 -7.078682e+06
-1.364116e+08 1.529181e+08
-3.946709e+11 -7.676410e+10
-9.595752e+10 3.515753e+11
-1.345546e+00 9.820490e+05
-5.810100e+12 -1.835412e+11
1.753507e+08 -6.506935e+07
6.716944e+13 -1.163499e+14
3.861810e+00 -4.396545e+07
6.467838e+06 -8.017494e+06
-2.752005e+05 -2.332426e+06
5.404494e+08 -1.245120e+08
4.172575e+05 2.339112e+06
1.406633e+06 4.532213e+06
-1.039611e+11 1.166889e+10
-8.444772e+06 -2.384187e+05
-2.625087e+11 -1.478137e+12
1.741900e+10 3.507577e+10
-2.818247e+11 -6.318907e+11
-9.405459e+15 3.868104e+14
4.281073e+06 1.850970e+07
1.363623e+08 -1.529186e+08
1.515816e+06 1.673549e+07
9.594871e+10 -3.515611e+11
-3.399277e+08 -3.212453e+08
1.566546e+14 5.159114e+13
5.041825e+08 1.586778e+08
4.113310e+09 -7.154643e+08
9.325306e+07 -2.511277e+08
1.410643e+09 1.359470e+08
3.412644e+08 -2.887132e+08
2.184540e+09 2.169934e+09
-2.503319e+08 4.370539e+08
6.913114e+08 1.261470e+09
-7.844401e+06 -3.616677e+06
4.920443e+07 7.065854e+06
-6.717215e+13 1.163604e+14
-4.916252e+07 -6.851369e+06
-7.648623e+06 -1.241242e+07
9.406122e+15 -3.868766e+14
-4.693075e+07 1.084924e+06
2.444489e+11 -5.442917e+10
-1.554571e+12 1.498727e+12
-2.425940e+07 8.836176e+07
-2.445002e+11 5.443663e+10
3.399361e+08 3.212668e+08
2.737777e+07 4.221488e+07
-6.375856e+05 -1.810457e+07
6.620069e+00 3.321563e+06
2.661831e+06 -3.424017e+06
4.920418e+08 1.663666e+08
3.946636e+11 7.675447e+10
-3.878201e+06 6.063996e+06
2.671841e+09 1.776133e+09
3.015441e+12 -4.201802e+12
-5.399052e+08 1.254822e+08
2.922615e+08 1.336500e+07
-1.741821e+10 -3.507791e+10
1.226005e+21 -1.012809e+21
1.872293e+05 4.983731e+06
-8.187598e-01 2.784937e+06
2.569677e+07 -9.170285e+07
7.457674e+13 -5.188644e+13
1.722547e+00 1.098468e+06
7.538607e+08 -5.503086e+08
-3.372499e+06 -3.319896e+05
1.553084e+07 -1.030984e+06
1.116344e+08 -3.289200e+07
-3.412403e+08 1.917924e+08
1.024026e+07 8.677794e+05
-3.395974e+14 -6.471994e+14
-4.111223e+09 7.177106e+08
3.074692e+07 -1.177858e+08
9.677198e+09 8.274247e+09
-6.647399e+07 1.998175e+06
3.369748e+07 -9.390484e+07
-1.024326e+08 1.181980e+08
-2.739738e+15 1.297184e+16
9.210613e+07 4.406379e+07
1.883185e+09 5.609132e+09
2.262495e+11 -4.535147e+11
-7.457899e+13 5.188383e+13
-4.458174e+10 -1.457834e+10
3.180495e+10 7.930053e+08
-3.180302e+10 -7.929414e+08
1.029115e+08 -1.176183e+08
-4.831813e+07 1.745491e+08
5.896555e+16 2.193337e+17
-4.602294e+06 -1.161977e+07
-1.781883e+00 -3.898982e+06
-1.790111e+07 4.292650e+08
9.485299e+08 -5.594745e+07
2.603479e+06 -1.599578e+06
-2.608195e+06 1.611070e+06
-5.383996e+09 -2.579702e+09
6.642884e+07 -3.524358e+06
-5.821266e+00 2.494387e+07
-3.127130e+19 -6.585453e+19
3.667403e+07 -2.803479e+07
7.790633e+05 3.545351e+00
-6.241066e+06 -1.142059e+07
-1.743877e+08 6.515839e+07
7.674265e+06 3.716713e+06
2.000494e+06 -5.905362e+00
-6.035412e+08 -1.531006e+08
-2.393869e+06 -8.561513e+06
4.834651e+07 -1.746368e+08
-2.376973e+07 1.000941e+07
2.329769e+06 6.733365e+06
-2.809211e+10 -4.316006e+10
-1.226215e+21 1.013013e+21
1.525985e+05 -9.694731e+00
-3.073411e+07 1.178579e+08
-3.685961e+13 -1.341592e+13
5.206273e+08 -5.027466e+10
2.086186e+00 -3.879116e+06
-9.673136e+06 -1.119986e+08
-8.975896e+09 -1.160280e+11
-1.883733e+09 -5.610559e+09
1.726456e+09 1.284137e+09
-1.250414e+08 -3.997978e+08
8.404615e+07 1.411185e+08
-6.919828e+08 -1.262559e+09
-2.061672e+06 3.884554e+00
5.101744e+00 -2.794061e+06
-3.583889e+14 1.842279e+14
2.429290e+15 2.624280e+16
-8.158142e+06 4.394695e+00
3.414012e+09 1.952362e+09
8.549241e+00 3.342353e+06
-9.527209e+08 4.725455e+07
-3.638968e+07 2.801465e+07
8.211203e+06 4.116941e+00
-2.247691e+08 1.922317e+08
-7.246693e+11 7.138043e+11
-2.305317e+05 -1.870324e+07
-2.604305e+13 9.405074e+14
-2.368595e+11 1.080588e+12
4.917450e+06 -1.315074e+07
5.162953e+07 7.854568e+06
-8.794182e+07 -1.493896e+08
2.816374e+07 -2.098466e+06
1.025497e+01 3.735469e+06
-4.593982e+07 -1.329855e+07
6.228598e+06 1.138682e+07
-5.377989e+09 1.582559e+09
-2.129701e+12 -2.347729e+12
5.730565e+07 -1.471285e+07
1.480151e+12 2.234036e+11
2.369327e+07 -1.013403e+07
3.798637e+08 9.857884e+08
-2.148744e+08 -2.277761e+08
-1.334404e+06 -7.355566e+05
-9.306143e+06 1.933259e+06
3.150136e+08 -4.116214e+07
-2.327936e+00 1.192483e+06
5.817523e+06 5.065075e+06
7.406345e+10 1.565845e+10
4.653200e+06 6.082016e+06
9.238732e+11 -1.726896e+11
-2.117944e+05 -5.097231e+04
-1.186519e+09 5.137783e+07
9.323865e+08 8.244547e+08
-1.331782e+15 1.200333e+15
-1.840255e+08 -3.434107e+08
-1.430063e+06 -1.358572e+06
4.593471e+07 1.339546e+07
5.699196e+09 2.360859e+10
-9.260152e+05 -9.759102e+00
-1.286320e+00 2.816831e+06
-2.063059e+13 6.669897e+12
-3.277996e+07 -1.987003e+07
-5.672006e+08 -1.602075e+08
8.500637e+00 1.237026e+07
1.883406e+10 -1.226867e+10
-1.567255e+14 -5.160828e+13
9.462109e+06 1.148201e+07
-4.684154e+06 1.301267e+07
-5.203930e+08 5.027460e+10
3.383255e+08 8.684134e+07
5.695210e+06 -1.052875e+06
3.296765e+06 -9.243758e+05
-4.710524e+07 2.073098e+07
-2.429315e+15 -2.624175e+16
-3.013135e+06 -1.015072e+01
4.749428e+11 -8.272610e+10
1.996169e+11 -1.429585e+09
-1.996450e+11 1.429666e+09
1.034280e+11 3.416489e+10
-1.590352e+13 5.711938e+12
5.812556e+12 1.835990e+11
7.030533e+10 2.039166e+10
-2.461803e+07 4.745822e+07
4.459181e+10 1.457806e+10
1.796054e+07 -4.297594e+08
6.418235e+06 -1.277240e+07
-3.779235e+09 -2.288679e+08
7.256566e+05 -2.261315e+00
5.850385e+09 1.124431e+09
-9.293937e+07 -4.424478e+07
6.876251e+06 -2.695790e+07
-7.296708e+00 -1.215490e+07
-1.598987e+06 1.352748e+00
2.819184e+11 6.321131e+11
-9.302575e+07 7.507987e+07
-2.748023e+07 2.851928e+06
7.841513e+07 6.488019e+07
-1.381684e+07 6.000185e+07
-4.535088e+10 6.106971e+10
-7.296066e+08 1.243711e+08
2.183321e+06 -3.080134e+00
2.574761e+08 -2.525858e+08
2.604409e+13 -9.404980e+14
-1.045412e+09 -1.770468e+09
-1.013159e+09 2.067718e+09
-9.440739e+07 7.929432e+06
1.331795e+15 -1.200309e+15
-1.463718e+07 2.704744e+06
3.779556e+09 2.279946e+08
3.127351e+19 6.586712e+19
-3.383545e+08 -8.701031e+07
-8.469073e+07 -1.400445e+08
-6.793636e+06 2.702817e+07
-1.012290e+07 -1.250665e+06
8.983032e+05 7.025405e+06
-5.031199e+09 6.540439e+10
2.504049e+08 -4.370856e+08
3.494431e+11 5.464378e+12
4.535179e+10 -6.106484e+10
2.061667e+08 -7.701463e+08
5.650390e+08 1.617708e+08
-3.807596e+08 -9.839385e+08
1.222815e+06 8.030479e-01
9.559949e+06 -6.071893e-01
8.880424e+05 1.791639e+07
-9.316268e+08 -8.236171e+08
1.235957e+08 4.007776e+08
-7.913427e+07 -6.520961e+07
2.368448e+11 -1.080536e+12
-5.112030e+07 -7.945083e+06
7.536415e+06 1.364967e+06
2.050486e+10 1.424242e+10
7.460824e+00 -1.132470e+07
1.011201e+09 -2.067480e+09
1.186517e+09 -5.138432e+07
-7.128475e+06 7.250800e+06
-7.597412e+06 -4.127585e+06
-2.086191e+07 -8.727093e+00
8.832367e+06 5.988744e+06
