7.925664e+05 4.578768e+00
3.149734e+06 -5.545934e+05
3.296823e+09 4.261513e+10
7.822437e+11 8.623878e+11
-5.908708e+11 -8.080137e+11
-2.148824e+09 -4.128167e+08
6.124019e+06 -2.193100e+07
-2.761671e+06 -2.267342e+06
-9.119295e+05 -6.021335e+06
-2.009788e+06 7.097455e+00
2.912801e+05 -6.377945e+05
-1.351943e+07 3.598406e+07
1.848138e+09 -2.402738e+10
1.974526e+09 -5.809031e+08
-1.989976e+10 -4.309445e+09
1.975896e+09 9.468249e+08
-5.270358e+05 1.706649e+07
-2.654120e+06 -9.218359e+05
7.639924e+06 7.890728e+00
-9.466096e+07 9.259370e+07
-8.615250e+05 -1.727853e+06
-1.521463e+09 5.689960e+08
5.722910e+08 1.853523e+10
-2.719748e+10 -5.750179e+09
-2.086711e+07 4.083536e+07
-5.433072e+06 5.378914e+05
2.957824e+05 -5.573530e+04
3.457943e+07 -2.700617e+07
-8.673881e+12 -2.356084e+12
-1.405333e+00 -1.409322e+06
1.700011e+07 -7.676662e+06
-5.197280e+07 1.017078e+07
-1.280906e+10 -3.850251e+09
-1.254229e+09 -7.170571e+08
-1.600191e+07 -2.278101e+06
3.607437e+10 -2.264033e+10
1.247731e+14 2.378077e+14
3.056958e+05 5.683224e+05
1.990646e+10 4.310781e+09
6.703019e+07 5.396589e+07
3.820764e+10 -4.288128e+09
8.412200e+05 1.725149e+06
3.393768e+00 -8.127466e+05
-7.531009e+09 -5.232372e+09
5.718302e+06 4.147143e+07
8.425882e+05 -7.993579e+05
-1.106239e+12 1.541466e+12
5.279494e+05 -4.023797e+05
5.198877e+07 -1.021520e+07
-8.024824e+08 -7.970617e+08
2.681627e+08 -4.626327e+07
1.208118e+07 7.232494e+06
3.834602e+00 -6.172448e+05
6.138674e+06 -6.902241e+05
1.353933e+13 4.927864e+12
1.520751e+09 -5.693497e+08
-1.744958e+11 3.039327e+10
2.219085e+08 5.628895e+07
1.597387e+06 4.153369e+06
-1.791533e+07 -5.393819e+07
-7.576139e+12 -1.017830e+13
-3.393780e+11 6.343969e+10
2.567262e+07 -5.144105e+07
7.951363e+07 8.828684e+07
-1.546757e+15 2.210225e+15
-1.427249e+08 4.671354e+07
8.558359e+06 -1.740160e+07
-5.438154e+11 -8.207501e+10
-3.550027e+09 -3.034829e+09
2.747294e+09 -3.858074e+08
2.001947e+06 -6.441788e+00
-5.257693e+09 -5.850769e+09
8.673644e+12 2.355826e+12
7.586227e+08 1.888643e+08
4.456340e+04 -7.751675e+00
-3.799107e+10 -1.255179e+10
-1.280879e+11 -2.003494e+12
-1.280179e+09 -2.492913e+09
-1.418802e+06 1.466698e+06
-1.842723e+08 -5.808558e+07
-2.113977e+09 -8.662341e+09
7.575931e+12 1.017775e+13
-2.094621e+09 1.364157e+09
2.089980e+07 -4.086168e+07
-2.769459e+08 2.022256e+08
-1.074527e+08 -5.351739e+06
2.354643e+00 -6.897480e+06
5.908880e+11 8.079912e+11
-8.339709e+05 6.526423e+00
-6.629874e+04 -7.685887e+00
-2.568367e+07 5.131369e+07
5.257825e+09 5.851571e+09
-9.810183e+08 -6.522369e+08
1.699727e+17 -2.767540e+17
1.281206e+10 3.851901e+09
3.894593e-01 -1.378479e+06
3.834554e+08 6.508890e+08
1.020013e+06 -1.337393e+06
-3.737047e+04 -9.694794e+05
-6.916116e+09 4.505084e+09
-5.716698e+08 -1.854129e+10
5.711720e+11 -5.505880e+11
-6.350799e+08 -4.720150e+08
-2.789792e+11 4.215026e+11
2.960458e+04 8.697446e+05
9.344798e+06 5.729235e+07
2.789869e+11 -4.214910e+11
3.549246e+05 -2.528475e+00
1.315600e+14 -6.762381e+13
-3.607680e+10 2.264073e+10
9.636767e+10 5.426313e+11
1.816065e+07 -5.326795e+00
-1.483420e+08 1.423867e+08
-2.747501e+09 3.859861e+08
5.840644e+12 -2.097742e+12
-7.584600e+08 -1.892590e+08
-1.222294e+06 3.655935e+05
1.547265e+15 -2.210770e+15
8.191869e+05 1.554516e+06
-2.582631e+10 -7.491428e+09
-1.700053e+17 2.767994e+17
-2.489953e+08 1.534055e+08
7.577967e+12 -2.449247e+12
2.094907e+09 -1.364130e+09
-7.567635e+07 2.829241e+08
2.660409e+11 -2.622916e+11
6.744504e+07 1.263324e+08
1.031797e+10 1.585173e+10
-2.691114e+06 4.649654e+06
2.390724e+08 -2.573694e+08
-1.368699e+06 -6.547493e+06
1.382999e+06 6.534806e+06
9.175453e+00 -6.793076e+06
-8.273912e+10 1.658489e+11
-4.074254e+07 1.240415e+07
-6.677242e+07 -5.306526e+07
-9.258057e+06 -1.511007e+07
-7.156225e+00 6.104478e+06
1.297786e+09 2.497358e+09
-3.424498e+07 9.227190e+07
1.005924e+15 -4.763106e+15
5.761065e+06 -2.928309e+06
-1.620052e+06 -6.572803e+06
2.482527e+08 -1.533107e+08
-5.239539e+05 -1.682408e+06
-2.161811e+16 -8.042073e+16
-3.420854e+05 7.661393e+00
3.440430e+07 -2.771753e+06
-5.183125e+08 -4.981576e+07
-2.641356e+06 -4.264384e+05
-2.391096e+08 2.573815e+08
-2.273658e+06 -2.600814e+06
-5.012313e+07 5.618886e+07
-1.450175e+11 -2.820548e+10
-3.525616e+10 1.291832e+11
1.082864e+01 3.608102e+05
-2.134863e+12 -6.743359e+10
6.439782e+07 -2.389650e+07
2.466718e+13 -4.273026e+13
8.374218e+00 -1.613477e+07
2.371648e+06 -2.940083e+06
-1.012262e+05 -8.570463e+05
1.982863e+08 -4.568150e+07
1.533035e+05 8.594595e+05
5.169475e+05 1.665269e+06
-3.819295e+10 4.286763e+09
-3.102559e+06 -8.757761e+04
-9.634634e+10 -5.424972e+11
6.398647e+09 1.288542e+10
-1.035497e+11 -2.321873e+11
-3.456038e+15 1.421429e+14
1.572644e+06 6.799302e+06
5.010956e+07 -5.619306e+07
5.570022e+05 6.149472e+06
3.525419e+10 -1.291655e+11
-1.248491e+08 -1.179817e+08
5.749525e+13 1.893525e+13
1.846112e+08 5.809732e+07
1.509809e+09 -2.626019e+08
3.425758e+07 -9.225514e+07
5.182279e+08 4.994078e+07
1.253104e+08 -1.060109e+08
8.023807e+08 7.970183e+08
-9.186831e+07 1.603882e+08
2.539451e+08 4.633901e+08
-2.880713e+06 -1.327994e+06
1.807808e+07 2.595846e+06
-2.466583e+13 4.272675e+13
-1.806376e+07 -2.517293e+06
-2.809322e+06 -4.559518e+06
3.455565e+15 -1.421352e+14
-1.724358e+07 3.983318e+05
8.979338e+10 -1.999614e+10
-5.711080e+11 5.506250e+11
-8.912236e+06 3.246262e+07
-8.983351e+10 2.000120e+10
1.248514e+08 1.179974e+08
1.005685e+07 1.550652e+07
-2.343136e+05 -6.651145e+06
-5.545892e+00 1.219919e+06
9.777540e+05 -1.257820e+06
1.807838e+08 6.112635e+07
1.450098e+11 2.820198e+10
-1.424837e+06 2.227832e+06
9.814432e+08 6.523777e+08
1.106027e+12 -1.541212e+12
-1.980863e+08 4.603718e+07
1.073393e+08 4.908310e+06
-6.399142e+09 -1.288613e+10
4.503976e+20 -3.720935e+20
6.891998e+04 1.830415e+06
6.036637e+00 1.022981e+06
9.441102e+06 -3.368911e+07
2.739039e+13 -1.905716e+13
-4.177478e+00 4.034434e+05
2.768523e+08 -2.021162e+08
-1.238415e+06 -1.217985e+05
5.705944e+06 -3.787858e+05
4.099590e+07 -1.208035e+07
-1.252955e+08 7.042166e+07
3.762212e+06 3.186265e+05
-1.247526e+14 -2.377361e+14
-1.508930e+09 2.634237e+08
1.129277e+07 -4.326029e+07
3.550050e+09 3.035448e+09
-2.441682e+07 7.336971e+05
1.238125e+07 -3.450421e+07
-3.760582e+07 4.339253e+07
-1.005897e+15 4.762454e+15
3.383587e+07 1.618732e+07
6.918359e+08 2.060782e+09
8.274347e+10 -1.658534e+11
-2.739789e+13 1.905977e+13
-1.637739e+10 -5.355417e+09
1.168313e+10 2.912979e+08
-1.168281e+10 -2.912862e+08
3.778572e+07 -4.318619e+07
-1.775421e+07 6.413814e+07
2.161930e+16 8.041411e+16
-1.690093e+06 -4.267243e+06
-3.959735e+00 -1.431642e+06
-6.569362e+06 1.575180e+08
3.480039e+08 -2.052483e+07
9.562377e+05 -5.874027e+05
-9.580299e+05 5.917313e+05
-1.976624e+09 -9.470915e+08
2.439865e+07 -1.294391e+06
7.492783e+00 9.163660e+06
-1.148576e+19 -2.418685e+19
1.346859e+07 -1.029603e+07
2.860269e+05 -7.098129e+00
-2.292373e+06 -4.194789e+06
-6.405505e+07 2.393433e+07
2.819087e+06 1.365239e+06
7.349672e+05 5.187422e-01
-2.217358e+08 -5.624584e+07
-8.794283e+05 -3.145517e+06
1.776378e+07 -6.416548e+07
-8.731011e+06 3.676640e+06
8.558857e+05 2.473651e+06
-1.031708e+10 -1.585081e+10
-4.503976e+20 3.721139e+20
5.603183e+04 -6.635799e+00
-1.128836e+07 4.328752e+07
-1.354007e+13 -4.928134e+12
1.912695e+08 -1.847041e+10
3.460813e+00 -1.425009e+06
-3.554052e+06 -4.114945e+07
-3.298106e+09 -4.263238e+10
-6.920327e+08 -2.061141e+09
6.342517e+08 4.717571e+08
-4.591486e+07 -1.468033e+08
3.087344e+07 5.183790e+07
-2.542187e+08 -4.638240e+08
-7.572929e+05 -4.487926e-01
6.413715e+00 -1.026203e+06
-1.315636e+14 6.762566e+13
8.925758e+14 9.642529e+15
-2.996146e+06 -8.226581e+00
1.254104e+09 7.171861e+08
-5.362916e+00 1.227652e+06
-3.495298e+08 1.733672e+07
-1.336216e+07 1.028923e+07
3.015853e+06 5.863989e-01
-8.254833e+07 7.059196e+07
-2.662440e+11 2.622666e+11
-8.460188e+04 -6.871888e+06
-9.565874e+12 3.454792e+14
-8.701215e+10 3.969798e+11
1.806717e+06 -4.831118e+06
1.896827e+07 2.885587e+06
-3.229611e+07 -5.486221e+07
1.034387e+07 -7.705915e+05
2.117336e+00 1.372190e+06
-1.687614e+07 -4.884966e+06
2.287390e+06 4.181932e+06
-1.975395e+09 5.813106e+08
-7.825223e+11 -8.626005e+11
2.105200e+07 -5.405619e+06
5.439341e+11 8.209062e+10
8.704366e+06 -3.723035e+06
1.395559e+08 3.621466e+08
-7.859260e+07 -8.331896e+07
-4.902396e+05 -2.703939e+05
-3.419329e+06 7.104875e+05
1.156940e+08 -1.511729e+07
3.172183e+00 4.381968e+05
2.137273e+06 1.860834e+06
2.721437e+10 5.753547e+09
1.709675e+06 2.234854e+06
3.394061e+11 -6.344038e+10
-7.775684e+04 -1.875344e+04
-4.359059e+08 1.887487e+07
3.425574e+08 3.029086e+08
-4.892740e+14 4.409809e+14
-6.760692e+07 -1.261620e+08
-5.253095e+05 -4.990605e+05
1.687447e+07 4.920801e+06
2.093700e+09 8.672645e+09
-3.400803e+05 -1.054311e-01
7.809866e+00 1.035015e+06
-7.579004e+12 2.450253e+12
-1.204121e+07 -7.298776e+06
-2.083501e+08 -5.885292e+07
-1.055541e+01 4.544292e+06
6.917170e+09 -4.505736e+09
-5.752363e+13 -1.894200e+13
3.475766e+06 4.218039e+06
-1.720733e+06 4.780620e+06
-1.912242e+08 1.847310e+10
1.243281e+08 3.191165e+07
2.091242e+06 -3.862571e+05
1.211131e+06 -3.394126e+05
-1.730582e+07 7.615944e+06
-8.926490e+14 -9.643056e+15
-1.106628e+06 1.004779e+01
1.745192e+11 -3.039599e+10
7.332811e+10 -5.251152e+08
-7.333214e+10 5.251343e+08
3.799992e+10 1.255271e+10
-5.841284e+12 2.097857e+12
2.135798e+12 6.746147e+10
2.583160e+10 7.492125e+09
-9.044062e+06 1.743524e+07
1.638122e+10 5.355485e+09
6.591069e+06 -1.577105e+08
2.354898e+06 -4.685764e+06
-1.388441e+09 -8.409149e+07
2.667204e+05 1.955131e+00
2.148786e+09 4.129776e+08
-3.414480e+07 -1.625484e+07
2.526773e+06 -9.906880e+06
-6.782819e+00 -4.465516e+06
-5.873105e+05 9.211722e+00
1.035837e+11 2.322508e+11
-3.416516e+07 2.757422e+07
-1.009281e+07 1.047480e+06
2.878642e+07 2.381778e+07
-5.075400e+06 2.204153e+07
-1.665915e+10 2.243368e+10
-2.678572e+08 4.566299e+07
8.015171e+05 5.166906e+00
9.459065e+07 -9.279376e+07
9.567181e+12 -3.454887e+14
-3.840146e+08 -6.503518e+08
-3.711772e+08 7.575085e+08
-3.467873e+07 2.912477e+06
4.893142e+14 -4.410050e+14
-5.376166e+06 9.933637e+05
1.388665e+09 8.376715e+07
1.148828e+19 2.419546e+19
-1.243385e+08 -3.197410e+07
-3.111316e+07 -5.144922e+07
-2.496475e+06 9.932065e+06
-3.719207e+06 -4.592920e+05
3.299446e+05 2.581330e+06
-1.848687e+09 2.403405e+10
9.189921e+07 -1.604219e+08
1.282429e+11 2.005474e+12
1.666006e+10 -2.243309e+10
7.574080e+07 -2.829334e+08
2.075735e+08 5.943102e+07
-1.398867e+08 -3.615010e+08
4.491162e+05 -8.077409e+00
3.513077e+06 3.216931e+00
3.262732e+05 6.582557e+06
-3.422852e+08 -3.025987e+08
4.538457e+07 1.471660e+08
-2.905155e+07 -2.393931e+07
8.701200e+10 -3.969481e+11
-1.878047e+07 -2.918680e+06
2.766999e+06 5.010446e+05
7.531028e+09 5.231447e+09
1.433000e+00 -4.141860e+06
3.704099e+08 -7.573700e+08
4.359017e+08 -1.887858e+07
-2.614335e+06 2.659261e+06
-2.791064e+06 -1.516269e+06
-7.664706e+06 -1.025751e+01
3.244885e+06 2.200503e+06
