1.101854e+06 9.808473e+00
4.376643e+06 -7.705290e+05
4.580966e+09 5.920848e+10
1.086952e+12 1.198358e+12
-8.209694e+11 -1.122722e+12
-2.986338e+09 -5.736937e+08
8.511018e+06 -3.047560e+07
-3.837852e+06 -3.150474e+06
-1.267071e+06 -8.366975e+06
-2.793056e+06 2.059571e+00
4.046565e+05 -8.860003e+05
-1.878475e+07 5.000144e+07
2.568129e+09 -3.338671e+10
2.744194e+09 -8.073828e+08
-2.765541e+10 -5.989131e+09
2.746807e+09 1.316201e+09
-7.327685e+05 2.372710e+07
-3.687958e+06 -1.280985e+06
1.061712e+07 7.742430e+00
-1.315585e+08 1.286845e+08
-1.197184e+06 -2.401061e+06
-2.114211e+09 7.906877e+08
7.952996e+08 2.575967e+10
-3.779584e+10 -7.991048e+09
-2.899886e+07 5.673928e+07
-7.549090e+06 7.473596e+05
4.110589e+05 -7.734711e+04
4.806107e+07 -3.753215e+07
-1.205188e+13 -3.273575e+12
7.495981e+00 -1.958419e+06
2.362307e+07 -1.066708e+07
-7.221366e+07 1.413130e+07
-1.779882e+10 -5.350312e+09
-1.742986e+09 -9.964973e+08
-2.223674e+07 -3.165741e+06
5.013546e+10 -3.146485e+10
1.733905e+14 3.304544e+14
4.245437e+05 7.901821e+05
2.766436e+10 5.990789e+09
9.316197e+07 7.500540e+07
5.309824e+10 -5.958819e+09
1.168903e+06 2.397258e+06
-7.395854e+00 -1.128955e+06
-1.046566e+10 -7.271076e+09
7.945341e+06 5.762290e+07
1.170883e+06 -1.110766e+06
-1.538278e+12 2.143482e+12
7.336201e+05 -5.592429e+05
7.224595e+07 -1.419530e+07
-1.115268e+09 -1.107809e+09
3.727905e+08 -6.431213e+07
1.679047e+07 1.005126e+07
-3.279212e+00 -8.576693e+05
8.531971e+06 -9.592577e+05
1.881606e+13 6.848626e+12
2.113267e+09 -7.911799e+08
-2.424773e+11 4.223113e+10
3.083668e+08 7.821842e+07
2.219845e+06 5.771790e+06
-2.489395e+07 -7.495059e+07
-1.052891e+13 -1.414455e+13
-4.716134e+11 8.816115e+10
3.567132e+07 -7.147324e+07
1.107112e+08 1.229350e+08
-2.149326e+15 3.071286e+15
-1.983419e+08 6.491498e+07
1.189386e+07 -2.418173e+07
-7.556505e+11 -1.140492e+11
-4.936330e+09 -4.220194e+09
3.817562e+09 -5.361030e+08
2.782398e+06 3.581464e+00
-7.306029e+09 -8.130125e+09
1.205283e+13 3.273511e+12
1.055664e+09 2.628056e+08
6.192428e+04 1.008884e+01
-5.279063e+10 -1.744262e+10
-1.780888e+11 -2.785758e+12
-1.779176e+09 -3.464484e+09
-1.971586e+06 2.038126e+06
-2.564539e+08 -8.083772e+07
-2.937630e+09 -1.203763e+10
1.052807e+13 1.414372e+13
-2.910576e+09 1.895613e+09
2.904136e+07 -5.678227e+07
-3.848761e+08 2.810374e+08
-1.493397e+08 -7.437882e+06
7.330826e+00 -9.584956e+06
8.210192e+11 1.122677e+12
-1.158760e+06 -3.058156e+00
-9.210929e+04 -5.896110e+00
-3.568481e+07 7.130006e+07
7.305868e+09 8.131088e+09
-1.363429e+09 -9.063788e+08
2.361650e+17 -3.845404e+17
1.780330e+10 5.352645e+09
2.294465e+00 -1.915508e+06
5.329563e+08 9.046040e+08
1.417298e+06 -1.858375e+06
-5.188881e+04 -1.347450e+06
-9.612621e+09 6.261606e+09
-7.944092e+08 -2.576623e+10
7.937053e+11 -7.651285e+11
-8.826150e+08 -6.559743e+08
-3.877118e+11 5.858069e+11
4.123391e+04 1.208549e+06
1.298500e+07 7.961216e+07
3.877118e+11 -5.857146e+11
4.930111e+05 7.693522e+00
1.828578e+14 -9.399609e+13
-5.013312e+10 3.146268e+10
1.339662e+11 7.543518e+11
2.523300e+07 -2.712184e+00
-2.061342e+08 1.978502e+08
-3.817686e+09 5.363183e+08
8.117330e+12 -2.915465e+12
-1.055417e+09 -2.633393e+08
-1.698500e+06 5.079175e+05
2.149961e+15 -3.071831e+15
1.138958e+06 2.161520e+06
-3.588677e+10 -1.040958e+10
-2.362161e+17 3.846010e+17
-3.538455e+08 2.179976e+08
1.052982e+13 -3.403230e+12
2.910667e+09 -1.895627e+09
-1.051579e+08 3.931360e+08
3.696538e+11 -3.644586e+11
9.372172e+07 1.755510e+08
1.433898e+10 2.202964e+10
-3.742303e+06 6.465591e+06
3.322282e+08 -3.576450e+08
-1.901511e+06 -9.096935e+06
1.921162e+06 9.079021e+06
2.511977e+00 -9.441026e+06
-1.152086e+11 2.309315e+11
-5.662026e+07 1.723790e+07
-9.278998e+07 -7.374188e+07
-1.286498e+07 -2.099586e+07
1.617094e+00 8.483388e+06
1.803222e+09 3.469951e+09
-4.758365e+07 1.282097e+08
1.398166e+15 -6.620421e+15
8.004495e+06 -4.068862e+06
-2.251440e+06 -9.134527e+06
3.527840e+08 -2.178642e+08
-7.279674e+05 -2.337497e+06
-3.006560e+16 -1.118513e+17
-4.752335e+05 1.815986e+00
4.781207e+07 -3.851986e+06
-7.202703e+08 -6.922526e+07
-3.671250e+06 -5.927299e+05
-3.322697e+08 3.576632e+08
-3.159423e+06 -3.613942e+06
-6.964827e+07 7.807708e+07
-2.015074e+11 -3.919384e+10
-4.899209e+10 1.794936e+11
9.393864e+00 5.013314e+05
-2.966422e+12 -9.370176e+10
8.950207e+07 -3.321179e+07
3.428347e+13 -5.938713e+13
1.117499e+01 -2.243194e+07
3.298580e+06 -4.088886e+06
-1.405999e+05 -1.190870e+06
2.757141e+08 -6.351810e+07
2.129343e+05 1.194175e+06
7.182330e+05 2.313967e+06
-5.307621e+10 5.957235e+09
-4.311251e+06 -1.216003e+05
-1.339474e+11 -7.542175e+11
8.892433e+09 1.790556e+10
-1.438832e+11 -3.226190e+11
-4.802107e+15 1.974966e+14
2.185300e+06 9.448802e+06
6.962221e+07 -7.807662e+07
7.738403e+05 8.545505e+06
4.899203e+10 -1.795042e+11
-1.735274e+08 -1.639838e+08
7.993957e+13 2.632648e+13
2.569436e+08 8.086104e+07
2.098989e+09 -3.650810e+08
4.760792e+07 -1.282081e+08
7.201638e+08 6.940233e+07
1.741813e+08 -1.473591e+08
1.115189e+09 1.107745e+09
-1.277333e+08 2.230048e+08
3.529353e+08 6.440006e+08
-4.004000e+06 -1.845828e+06
2.512216e+07 3.607203e+06
-3.428483e+13 5.939064e+13
-2.510031e+07 -3.498019e+06
-3.904410e+06 -6.336699e+06
4.802391e+15 -1.975278e+14
-2.396120e+07 5.534707e+05
1.247940e+11 -2.778808e+10
-7.936564e+11 7.651832e+11
-1.238493e+07 4.511233e+07
-1.248369e+11 2.779428e+10
1.735279e+08 1.640058e+08
1.397716e+07 2.155143e+07
-3.255524e+05 -9.243717e+06
-3.044811e+00 1.695710e+06
1.358955e+06 -1.748259e+06
2.512346e+08 8.494715e+07
2.015117e+11 3.919095e+10
-1.980160e+06 3.096117e+06
1.364030e+09 9.067313e+08
1.538218e+12 -2.143482e+12
-2.754587e+08 6.401505e+07
1.491875e+08 6.822047e+06
-8.892915e+09 -1.790805e+10
6.259024e+20 -5.170717e+20
9.567449e+04 2.543760e+06
-6.632822e+00 1.421526e+06
1.311830e+07 -4.681564e+07
3.806822e+13 -2.648524e+13
-9.746695e+00 5.607174e+05
3.847796e+08 -2.808921e+08
-1.721170e+06 -1.692809e+05
7.929097e+06 -5.263063e+05
5.698118e+07 -1.678926e+07
-1.741552e+08 9.788663e+07
5.227722e+06 4.428244e+05
-1.733665e+14 -3.303893e+14
-2.097840e+09 3.662278e+08
1.569549e+07 -6.012851e+07
4.936946e+09 4.221207e+09
-3.393670e+07 1.019935e+06
1.720588e+07 -4.794868e+07
-5.227612e+07 6.032202e+07
-1.398331e+15 6.620552e+15
4.702438e+07 2.249706e+07
9.614630e+08 2.863925e+09
1.152265e+11 -2.309588e+11
-3.807647e+13 2.648838e+13
-2.276107e+10 -7.442919e+09
1.623725e+10 4.048420e+08
-1.623597e+10 -4.048017e+08
5.252040e+07 -6.002639e+07
-2.466973e+07 8.911871e+07
3.006975e+16 1.118447e+17
-2.348890e+06 -5.930707e+06
7.620834e+00 -1.989840e+06
-9.133578e+06 2.190044e+08
4.838750e+08 -2.854013e+07
1.328890e+06 -8.163386e+05
-1.331331e+06 8.223634e+05
-2.747739e+09 -1.316558e+09
3.390977e+07 -1.798749e+06
3.225538e+00 1.273469e+07
-1.596356e+19 -3.361688e+19
1.872002e+07 -1.431042e+07
3.974882e+05 6.277487e+00
-3.185877e+06 -5.829918e+06
-8.902186e+07 3.326176e+07
3.917716e+06 1.897303e+06
1.021377e+06 -5.519224e+00
-3.081502e+08 -7.816703e+07
-1.222079e+06 -4.371214e+06
2.468584e+07 -8.916392e+07
-1.213430e+07 5.109571e+06
1.189319e+06 3.437651e+06
-1.433976e+10 -2.203086e+10
-6.259641e+20 5.171532e+20
7.792830e+04 4.149637e+00
-1.568918e+07 6.016296e+07
-1.881717e+13 -6.848896e+12
2.658056e+08 -2.566818e+10
-1.000764e+01 -1.980435e+06
-4.938754e+06 -5.718404e+07
-4.583085e+09 -5.924314e+10
-9.617301e+08 -2.864439e+09
8.814414e+08 6.556351e+08
-6.382187e+07 -2.040574e+08
4.290751e+07 7.204368e+07
-3.532912e+08 -6.445669e+08
-1.052494e+06 1.357321e+00
-9.503933e+00 -1.426280e+06
-1.828975e+14 9.401277e+13
1.240353e+15 1.339938e+16
-4.164443e+06 5.679668e+00
1.742904e+09 9.967485e+08
3.570644e+00 1.706232e+06
-4.860355e+08 2.410783e+07
-1.857362e+07 1.430037e+07
4.191410e+06 -2.757260e+00
-1.147278e+08 9.811396e+07
-3.699785e+11 3.644386e+11
-1.174856e+05 -9.549164e+06
-1.329406e+13 4.801144e+14
-1.209227e+11 5.516616e+11
2.510499e+06 -6.713590e+06
2.635856e+07 4.009860e+06
-4.488677e+07 -7.625134e+07
1.437581e+07 -1.071004e+06
4.925296e+00 1.906845e+06
-2.345231e+07 -6.788510e+06
3.178943e+06 5.812031e+06
-2.745301e+09 8.078338e+08
-1.087380e+12 -1.198665e+12
2.925601e+07 -7.511855e+06
7.557989e+11 1.140670e+11
1.209545e+07 -5.173680e+06
1.939295e+08 5.032537e+08
-1.094280e+08 -1.160032e+08
-6.812117e+05 -3.756577e+05
-4.751481e+06 9.871458e+05
1.607976e+08 -2.101095e+07
-1.024791e+01 6.089397e+05
2.969998e+06 2.585992e+06
3.781561e+10 7.994878e+09
2.375801e+06 3.105477e+06
4.716693e+11 -8.816143e+10
-1.080983e+05 -2.599648e+04
-6.057768e+08 2.622989e+07
4.760246e+08 4.209330e+08
-6.799208e+14 6.128054e+14
-9.395305e+07 -1.753247e+08
-7.299372e+05 -6.934051e+05
2.345038e+07 6.838308e+06
2.909468e+09 1.205195e+10
-4.724763e+05 -7.774482e+00
1.521550e+00 1.438045e+06
-1.053251e+13 3.405107e+12
-1.673398e+07 -1.014340e+07
-2.895579e+08 -8.178723e+07
-1.454687e+01 6.315142e+06
9.613947e+09 -6.262546e+09
-7.997269e+13 -2.633479e+13
4.830540e+06 5.861711e+06
-2.391260e+06 6.643719e+06
-2.657357e+08 2.567144e+10
1.727652e+08 4.434420e+07
2.906701e+06 -5.369086e+05
1.682872e+06 -4.716197e+05
-2.404896e+07 1.058360e+07
-1.240378e+15 -1.339938e+16
-1.537971e+06 1.000110e+01
2.425101e+11 -4.223860e+10
1.018895e+11 -7.297955e+08
-1.019177e+11 7.298364e+08
5.280656e+10 1.744317e+10
-8.118449e+12 2.915695e+12
2.967825e+12 9.374080e+10
3.589431e+10 1.041105e+10
-1.256795e+07 2.422919e+07
2.276499e+10 7.442401e+09
9.163816e+06 -2.192741e+08
3.274466e+06 -6.515793e+06
-1.929488e+09 -1.168567e+08
3.706332e+05 -6.105071e+00
2.986514e+09 5.740017e+08
-4.745072e+07 -2.258945e+07
3.511061e+06 -1.376617e+07
-8.632384e+00 -6.205810e+06
-8.162794e+05 4.702622e+00
1.439372e+11 3.227398e+11
-4.748553e+07 3.832490e+07
-1.402682e+07 1.455795e+06
4.001809e+07 3.311010e+07
-7.053650e+06 3.063154e+07
-2.315205e+10 3.117697e+10
-3.723487e+08 6.347556e+07
1.114149e+06 4.181387e+00
1.314531e+08 -1.289575e+08
1.329615e+13 -4.801333e+14
-5.336939e+08 -9.038429e+08
-5.164696e+08 1.054033e+09
-4.819508e+07 4.047887e+06
6.799743e+14 -6.128296e+14
-7.471875e+06 1.380602e+06
1.929726e+09 1.164082e+08
1.596545e+19 3.362616e+19
-1.727715e+08 -4.442845e+07
-4.323868e+07 -7.149954e+07
-3.468887e+06 1.380091e+07
-5.168498e+06 -6.382981e+05
4.585035e+05 3.587036e+06
-2.568897e+09 3.339670e+10
1.277700e+08 -2.230311e+08
1.782967e+11 2.788177e+12
2.315297e+10 -3.117638e+10
1.052586e+08 -3.932066e+08
2.884809e+08 8.259294e+07
-1.943984e+08 -5.023961e+08
6.242831e+05 -2.750579e+00
4.881884e+06 8.521960e+00
4.534416e+05 9.147970e+06
-4.756839e+08 -4.205304e+08
6.308726e+07 2.045696e+08
-4.038758e+07 -3.328056e+07
1.209249e+11 -5.516628e+11
-2.610006e+07 -4.056476e+06
3.846552e+06 6.965380e+05
1.046775e+10 7.271359e+09
-3.128327e+00 -5.767556e+06
5.154361e+08 -1.053911e+09
6.057995e+08 -2.623596e+07
-3.636060e+06 3.698480e+06
-3.879070e+06 -2.107353e+06
-1.065165e+07 -8.167715e+00
4.509435e+06 3.057955e+06
