2.077906e+06 -4.426087e-01
8.252172e+06 -1.453123e+06
8.637733e+09 1.116347e+11
2.049690e+12 2.259645e+12
-1.547932e+12 -2.116919e+12
-5.632679e+09 -1.082085e+09
1.605161e+07 -5.747492e+07
-7.237317e+06 -5.941348e+06
-2.389196e+06 -1.577664e+07
-5.267636e+06 9.527171e+00
7.627178e+05 -1.670024e+06
-3.541611e+07 9.427308e+07
4.842180e+09 -6.295169e+10
5.175762e+09 -1.522754e+09
-5.214633e+10 -1.129314e+10
5.181587e+09 2.482726e+09
-1.382325e+06 4.476784e+07
-6.953408e+06 -2.415353e+06
2.002021e+07 9.658877e+00
-2.480987e+08 2.426737e+08
-2.257235e+06 -4.527504e+06
-3.986675e+09 1.490935e+09
1.499725e+09 4.857565e+10
-7.127860e+10 -1.506934e+10
-5.468952e+07 1.069954e+08
-1.423439e+07 1.409367e+06
7.755146e+05 -1.460336e+05
9.066802e+07 -7.079779e+07
-2.272507e+13 -6.172751e+12
1.073154e+01 -3.694104e+06
4.454217e+07 -2.011576e+07
-1.361614e+08 2.664763e+07
-3.356476e+10 -1.008949e+10
-3.286911e+09 -1.879173e+09
-4.193368e+07 -5.970078e+06
9.454927e+10 -5.933951e+10
3.269247e+14 6.230482e+14
7.995635e+05 1.490347e+06
5.215820e+10 1.129553e+10
1.756783e+08 1.414357e+08
1.001193e+11 -1.123619e+10
2.204191e+06 4.520327e+06
1.887584e-01 -2.128144e+06
-1.973819e+10 -1.371257e+10
1.498262e+07 1.086575e+08
2.208421e+06 -2.095254e+06
-2.903315e+12 4.045353e+12
1.383749e+06 -1.054888e+06
1.362250e+08 -2.676585e+07
-2.103255e+09 -2.089346e+09
7.032346e+08 -1.213297e+08
3.166850e+07 1.895862e+07
7.601849e+00 -1.617366e+06
1.609276e+07 -1.809380e+06
3.548362e+13 1.291572e+13
3.985099e+09 -1.491939e+09
-4.572156e+11 7.963062e+10
5.815146e+08 1.475053e+08
4.186764e+06 1.088580e+07
-4.693969e+07 -1.413211e+08
-1.985388e+13 -2.667150e+13
-8.892251e+11 1.662333e+11
6.725177e+07 -1.347503e+08
2.092634e+08 2.323714e+08
-4.052144e+15 5.790670e+15
-3.739602e+08 1.224019e+08
2.242684e+07 -4.559978e+07
-1.424745e+12 -2.150392e+11
-9.315313e+09 -7.963511e+09
7.198009e+09 -1.010812e+09
5.247658e+06 -6.492735e+00
-1.377554e+10 -1.533028e+10
2.272745e+13 6.172493e+12
1.994042e+09 4.964136e+08
1.168860e+05 -7.004140e+00
-9.954912e+10 -3.289270e+10
-3.359857e+11 -5.255877e+12
-3.354902e+09 -6.532842e+09
-3.717191e+06 3.842790e+06
-4.843943e+08 -1.526910e+08
-5.539474e+09 -2.269929e+10
1.985429e+13 2.667150e+13
-5.488209e+09 3.574574e+09
5.476564e+07 -1.070773e+08
-7.258733e+08 5.300084e+08
-2.816661e+08 -1.402888e+07
-8.067814e+00 -1.807429e+07
1.548064e+12 2.116896e+12
-2.185716e+06 8.492724e+00
-1.740383e+05 -3.041876e+00
-6.729022e+07 1.344355e+08
1.377493e+10 1.533093e+10
-2.571502e+09 -1.709447e+09
4.453357e+17 -7.251345e+17
3.357475e+10 1.009398e+10
-1.220840e-02 -3.613234e+06
1.005226e+09 1.706139e+09
2.672927e+06 -3.504830e+06
-9.828040e+04 -2.541167e+06
-1.812989e+10 1.180994e+10
-1.497936e+09 -4.858675e+10
1.496596e+12 -1.442725e+12
-1.664296e+09 -1.236907e+09
-7.311390e+11 1.104717e+12
7.763355e+04 2.278526e+06
2.448308e+07 1.501142e+08
7.312231e+11 -1.104636e+12
9.298287e+05 1.987458e+00
3.449578e+14 -1.773276e+14
-9.454948e+10 5.933706e+10
2.527543e+11 1.423151e+12
4.757164e+07 7.829915e+00
-3.886636e+08 3.730567e+08
-7.198484e+09 1.011175e+09
1.530924e+13 -5.498371e+12
-1.993551e+09 -4.974033e+08
-3.203297e+06 9.581402e+05
4.053838e+15 -5.791759e+15
2.149265e+06 4.078961e+06
-6.767017e+10 -1.962811e+10
-4.453682e+17 7.251421e+17
-6.850776e+08 4.220508e+08
1.985632e+13 -6.416496e+12
5.488114e+09 -3.574487e+09
-1.982911e+08 7.413412e+08
6.969785e+11 -6.871559e+11
1.767323e+08 3.310202e+08
2.703971e+10 4.154270e+10
-7.062515e+06 1.220225e+07
6.265291e+08 -6.744542e+08
-3.585708e+06 -1.715232e+07
3.622557e+06 1.711946e+07
7.601171e+00 -1.780854e+07
-2.178132e+11 4.365994e+11
-1.067941e+08 3.251022e+07
-1.749979e+08 -1.390726e+08
-2.426211e+07 -3.959728e+07
1.122804e+00 1.600097e+07
3.400390e+09 6.543138e+09
-8.973293e+07 2.417822e+08
2.637522e+15 -1.248865e+16
1.509391e+07 -7.672702e+06
-4.246346e+06 -1.722905e+07
6.830532e+08 -4.218462e+08
-1.373032e+06 -4.408163e+06
-5.676372e+16 -2.111679e+17
-8.968506e+05 -8.009462e+00
9.017865e+07 -7.265836e+06
-1.358117e+09 -1.305438e+08
-6.925635e+06 -1.118326e+06
-6.265778e+08 6.744415e+08
-5.957616e+06 -6.814887e+06
-1.313273e+08 1.472181e+08
-3.799600e+11 -7.390294e+10
-9.238094e+10 3.384699e+11
6.721577e+00 9.455040e+05
-5.593486e+12 -1.766991e+11
1.688127e+08 -6.264336e+07
6.466502e+13 -1.120115e+14
3.358667e+00 -4.232559e+07
6.226467e+06 -7.718307e+06
-2.649811e+05 -2.245533e+06
5.202873e+08 -1.198671e+08
4.017450e+05 2.251964e+06
1.354177e+06 4.363239e+06
-1.000847e+11 1.123384e+10
-8.130003e+06 -2.295755e+05
-2.527168e+11 -1.423002e+12
1.676962e+10 3.376807e+10
-2.713189e+11 -6.083357e+11
-9.054870e+15 3.723902e+14
4.121516e+06 1.781964e+07
1.312780e+08 -1.472182e+08
1.459340e+06 1.611167e+07
9.237214e+10 -3.384557e+11
-3.272538e+08 -3.092682e+08
1.508109e+14 4.966688e+13
4.853525e+08 1.527518e+08
3.959910e+09 -6.887826e+08
8.977717e+07 -2.417676e+08
1.358055e+09 1.308793e+08
3.285403e+08 -2.779484e+08
2.103102e+09 2.089038e+09
-2.409947e+08 4.207521e+08
6.655435e+08 1.214445e+09
-7.551995e+06 -3.481897e+06
4.737074e+07 6.802532e+06
-6.466772e+13 1.120221e+14
-4.732970e+07 -6.596047e+06
-7.363556e+06 -1.194978e+07
9.055533e+15 -3.724565e+14
-4.518165e+07 1.044570e+06
2.353360e+11 -5.240015e+10
-1.496623e+12 1.442864e+12
-2.335519e+07 8.506828e+07
-2.353872e+11 5.240761e+10
3.272625e+08 3.092897e+08
2.635728e+07 4.064131e+07
-6.138770e+05 -1.742977e+07
2.491992e+00 3.197813e+06
2.562683e+06 -3.296428e+06
4.737017e+08 1.601655e+08
3.799526e+11 7.389336e+10
-3.733666e+06 5.838000e+06
2.572202e+09 1.709909e+09
2.902923e+12 -4.045015e+12
-5.197618e+08 1.208005e+08
2.813635e+08 1.286666e+07
-1.676884e+10 -3.377021e+10
1.180301e+21 -9.750518e+20
1.803091e+05 4.797981e+06
-1.054743e+00 2.681172e+06
2.473886e+07 -8.828454e+07
7.179644e+13 -4.995218e+13
-2.526295e-01 1.057590e+06
7.257546e+08 -5.297925e+08
-3.246846e+06 -3.196776e+05
1.495206e+07 -9.926278e+05
1.074728e+08 -3.166568e+07
-3.285173e+08 1.846421e+08
9.858533e+06 8.354862e+05
-3.269384e+14 -6.230742e+14
-3.957903e+09 6.909425e+08
2.960067e+07 -1.133946e+08
9.316153e+09 7.965563e+09
-6.399595e+07 1.923747e+06
3.244166e+07 -9.040495e+07
-9.861332e+07 1.137909e+08
-2.637577e+15 1.248813e+16
8.867263e+07 4.242125e+07
1.812984e+09 5.400024e+09
2.177921e+11 -4.365625e+11
-7.179869e+13 4.994957e+13
-4.291978e+10 -1.403491e+10
3.061939e+10 7.634448e+08
-3.061747e+10 -7.633821e+08
9.907297e+07 -1.132319e+08
-4.651709e+07 1.680429e+08
5.676490e+16 2.111480e+17
-4.430749e+06 -1.118660e+07
-9.546509e+00 -3.753652e+06
-1.723343e+07 4.132540e+08
9.131443e+08 -5.386031e+07
2.506477e+06 -1.539999e+06
-2.511016e+06 1.551063e+06
-5.183241e+09 -2.483514e+09
6.395274e+07 -3.393028e+06
-9.341102e+00 2.401422e+07
-3.010562e+19 -6.339948e+19
3.530681e+07 -2.698965e+07
7.500816e+05 3.220420e+00
-6.008460e+06 -1.099491e+07
-1.678860e+08 6.272922e+07
7.388207e+06 3.578197e+06
1.925964e+06 -4.765389e+00
-5.810454e+08 -1.473940e+08
-2.304703e+06 -8.242473e+06
4.654456e+07 -1.681286e+08
-2.288388e+07 9.636446e+06
2.243014e+06 6.482498e+06
-2.704497e+10 -4.155124e+10
-1.180510e+21 9.752555e+20
1.469623e+05 1.051792e+01
-2.958853e+07 1.134648e+08
-3.548584e+13 -1.291586e+13
5.012250e+08 -4.840103e+10
7.889920e+00 -3.734620e+06
-9.312732e+06 -1.078251e+08
-8.641382e+09 -1.117041e+11
-1.813524e+09 -5.401454e+09
1.662111e+09 1.236275e+09
-1.203798e+08 -3.848932e+08
8.091365e+07 1.358588e+08
-6.661936e+08 -1.215504e+09
-1.984887e+06 -7.355218e+00
9.703845e+00 -2.689982e+06
-3.450263e+14 1.773591e+14
2.338767e+15 2.526493e+16
-7.854111e+06 7.421373e+00
3.286764e+09 1.879594e+09
-4.537088e+00 3.217824e+06
-9.171850e+08 4.549218e+07
-3.503316e+07 2.697049e+07
7.905216e+06 9.671251e+00
-2.163902e+08 1.850661e+08
-6.976645e+11 6.872045e+11
-2.219998e+05 -1.800627e+07
-2.507237e+13 9.054535e+14
-2.280311e+11 1.040312e+12
4.734218e+06 -1.266066e+07
4.970540e+07 7.561882e+06
-8.466369e+07 -1.438210e+08
2.711399e+07 -2.020291e+06
-9.710978e+00 3.596300e+06
-4.422778e+07 -1.280297e+07
5.996482e+06 1.096244e+07
-5.177534e+09 1.523569e+09
-2.050333e+12 -2.260236e+12
5.516997e+07 -1.416458e+07
1.424998e+12 2.150794e+11
2.281024e+07 -9.756387e+06
3.657069e+08 9.490494e+08
-2.068460e+08 -2.192652e+08
-1.284727e+06 -7.082041e+05
-8.959377e+06 1.861268e+06
3.032703e+08 -3.962769e+07
4.251469e+00 1.148078e+06
5.600727e+06 4.876344e+06
7.130328e+10 1.507489e+10
4.479806e+06 5.855379e+06
8.894392e+11 -1.662531e+11
-2.039354e+05 -4.912156e+04
-1.142297e+09 4.946292e+07
8.976367e+08 7.937278e+08
-1.282144e+15 1.155597e+15
-1.771669e+08 -3.306115e+08
-1.376825e+06 -1.307997e+06
4.422274e+07 1.289625e+07
5.486771e+09 2.272862e+10
-8.915734e+05 -4.127622e+00
-3.023201e+00 2.711939e+06
-1.986172e+13 6.421324e+12
-3.155834e+07 -1.912954e+07
-5.460617e+08 -1.542367e+08
-7.890073e+00 1.190929e+07
1.813202e+10 -1.181136e+10
-1.508819e+14 -4.968401e+13
9.109545e+06 1.105416e+07
-4.509645e+06 1.252776e+07
-5.009985e+08 4.840095e+10
3.257179e+08 8.360534e+07
5.482992e+06 -1.013689e+06
3.173985e+06 -8.900054e+05
-4.534990e+07 1.995850e+07
-2.338792e+15 -2.526388e+16
-2.900903e+06 -6.915692e+00
4.572430e+11 -7.964316e+10
1.921758e+11 -1.376301e+09
-1.922040e+11 1.376380e+09
9.957377e+10 3.289168e+10
-1.531067e+13 5.499004e+12
5.595942e+12 1.767568e+11
6.768519e+10 1.963168e+10
-2.370056e+07 4.568949e+07
4.292983e+10 1.403467e+10
1.729068e+07 -4.137306e+08
6.178872e+06 -1.229602e+07
-3.638376e+09 -2.203377e+08
6.986675e+05 4.781572e+00
5.632287e+09 1.082512e+09
-8.947530e+07 -4.259567e+07
6.620061e+06 -2.595337e+07
1.052578e+01 -1.170195e+07
-1.539442e+06 7.475472e+00
2.714126e+11 6.085581e+11
-8.955838e+07 7.228141e+07
-2.645592e+07 2.745656e+06
7.549147e+07 6.246118e+07
-1.330190e+07 5.776550e+07
-4.366061e+10 5.879361e+10
-7.024048e+08 1.197340e+08
2.101941e+06 -1.161763e+00
2.478798e+08 -2.431721e+08
2.507342e+13 -9.054440e+14
-1.006444e+09 -1.704473e+09
-9.753327e+08 1.990519e+09
-9.088798e+07 7.633858e+06
1.282158e+15 -1.155572e+15
-1.409154e+07 2.603946e+06
3.638695e+09 2.194973e+08
3.010782e+19 6.341207e+19
-3.257461e+08 -8.376813e+07
-8.153438e+07 -1.348252e+08
-6.540545e+06 2.602118e+07
-9.745673e+06 -1.204100e+06
8.648825e+05 6.763652e+06
-4.843710e+09 6.296705e+10
2.410669e+08 -4.207857e+08
3.364119e+11 5.260606e+12
4.366152e+10 -5.878874e+10
1.984819e+08 -7.414394e+08
5.439783e+08 1.557412e+08
-3.665688e+08 -9.472418e+08
1.177223e+06 3.297744e+00
9.203615e+06 1.319833e+00
8.550105e+05 1.724862e+07
-8.969046e+08 -7.929208e+08
1.189880e+08 3.858361e+08
-7.618347e+07 -6.277808e+07
2.280164e+11 -1.040260e+12
-4.921502e+07 -7.649023e+06
7.255508e+06 1.314150e+06
1.974051e+10 1.371145e+10
1.035699e+01 -1.090157e+07
9.734470e+08 -1.990294e+09
1.142294e+09 -4.946917e+07
-6.862547e+06 6.980324e+06
-7.314279e+06 -3.973790e+06
-2.008444e+07 -2.290869e+00
8.503172e+06 5.765513e+06
