2.118068e+06 8.656599e+00
8.411240e+06 -1.481134e+06
8.804163e+09 1.137862e+11
2.089181e+12 2.303179e+12
-1.577758e+12 -2.157704e+12
-5.741224e+09 -1.102936e+09
1.636084e+07 -5.858347e+07
-7.376847e+06 -6.055879e+06
-2.435238e+06 -1.608063e+07
-5.369146e+06 6.108713e+00
7.774050e+05 -1.702214e+06
-3.609837e+07 9.608901e+07
4.935467e+09 -6.416444e+10
5.275500e+09 -1.552099e+09
-5.315121e+10 -1.151078e+10
5.281479e+09 2.530585e+09
-1.408985e+06 4.563095e+07
-7.087351e+06 -2.461876e+06
2.040591e+07 -7.203507e+00
-2.528784e+08 2.473489e+08
-2.300743e+06 -4.614736e+06
-4.063481e+09 1.519659e+09
1.528622e+09 4.951170e+10
-7.265200e+10 -1.535968e+10
-5.574343e+07 1.090574e+08
-1.450866e+07 1.436511e+06
7.904488e+05 -1.488470e+05
9.241541e+07 -7.216189e+07
-2.316288e+13 -6.291661e+12
-1.595271e+00 -3.765264e+06
4.540077e+07 -2.050343e+07
-1.387848e+08 2.716099e+07
-3.421163e+10 -1.028389e+10
-3.350243e+09 -1.915379e+09
-4.274150e+07 -6.085078e+06
9.637087e+10 -6.048272e+10
3.332235e+14 6.350522e+14
8.149301e+05 1.519055e+06
5.316309e+10 1.151316e+10
1.790634e+08 1.441609e+08
1.020481e+11 -1.145266e+10
2.246631e+06 4.607373e+06
6.000871e+00 -2.169128e+06
-2.011851e+10 -1.397678e+10
1.527123e+07 1.107506e+08
2.250957e+06 -2.135613e+06
-2.959301e+12 4.123366e+12
1.410395e+06 -1.075204e+06
1.388502e+08 -2.728158e+07
-2.143785e+09 -2.129603e+09
7.167890e+08 -1.236682e+08
3.227860e+07 1.932383e+07
9.539906e+00 -1.648498e+06
1.640281e+07 -1.844224e+06
3.616716e+13 1.316454e+13
4.061859e+09 -1.520676e+09
-4.660225e+11 8.116463e+10
5.927175e+08 1.503469e+08
4.267426e+06 1.109558e+07
-4.784390e+07 -1.440433e+08
-2.023651e+13 -2.718543e+13
-9.063585e+11 1.694359e+11
6.854719e+07 -1.373462e+08
2.133061e+08 2.368603e+08
-4.130234e+15 5.902243e+15
-3.811648e+08 1.247599e+08
2.285887e+07 -4.647820e+07
-1.452188e+12 -2.191812e+11
-9.494958e+09 -8.117085e+09
7.336671e+09 -1.030284e+09
5.348748e+06 -7.836544e+00
-1.404090e+10 -1.562559e+10
2.316525e+13 6.291403e+12
2.032529e+09 5.059946e+08
1.191268e+05 8.674956e+00
-1.014669e+11 -3.352630e+10
-3.424696e+11 -5.357268e+12
-3.419573e+09 -6.658762e+09
-3.788832e+06 3.916852e+06
-4.937500e+08 -1.556400e+08
-5.646268e+09 -2.313683e+10
2.023693e+13 2.718543e+13
-5.593953e+09 3.643443e+09
5.582075e+07 -1.091403e+08
-7.398624e+08 5.402227e+08
-2.870948e+08 -1.429925e+07
-1.651979e+00 -1.842255e+07
1.577890e+12 2.157681e+12
-2.227836e+06 9.953264e+00
-1.773883e+05 -1.545305e+00
-6.858667e+07 1.370256e+08
1.404029e+10 1.562624e+10
-2.621057e+09 -1.742389e+09
4.539150e+17 -7.391040e+17
3.422163e+10 1.028847e+10
-7.569332e+00 -3.682855e+06
1.024600e+09 1.739021e+09
2.724416e+06 -3.572341e+06
-1.001702e+05 -2.590124e+06
-1.847922e+10 1.203750e+10
-1.526795e+09 -4.952280e+10
1.525429e+12 -1.470521e+12
-1.696364e+09 -1.260740e+09
-7.452282e+11 1.126004e+12
7.911394e+04 2.322419e+06
2.495475e+07 1.530061e+08
7.453122e+11 -1.125923e+12
9.477223e+05 5.531111e+00
3.516067e+14 -1.807453e+14
-9.637110e+10 6.048025e+10
2.576265e+11 1.450585e+12
4.848797e+07 8.250383e+00
-3.961516e+08 3.802435e+08
-7.337145e+09 1.030651e+09
1.560422e+13 -5.604321e+12
-2.032030e+09 -5.070030e+08
-3.265017e+06 9.765878e+05
4.131927e+15 -5.903332e+15
2.190691e+06 4.157603e+06
-6.897386e+10 -2.000626e+10
-4.539476e+17 7.391116e+17
-6.986647e+08 4.304210e+08
2.023889e+13 -6.540179e+12
5.593854e+09 -3.643357e+09
-2.021120e+08 7.556260e+08
7.104061e+11 -7.003944e+11
1.801371e+08 3.373982e+08
2.756074e+10 4.234321e+10
-7.198714e+06 1.243755e+07
6.385999e+08 -6.874484e+08
-3.654762e+06 -1.748271e+07
3.692311e+06 1.744920e+07
7.259331e+00 -1.815170e+07
-2.220214e+11 4.450343e+11
-1.088519e+08 3.313669e+07
-1.783699e+08 -1.417523e+08
-2.472958e+07 -4.036021e+07
2.467308e+00 1.630927e+07
3.465901e+09 6.669216e+09
-9.146165e+07 2.464398e+08
2.688355e+15 -1.272933e+16
1.538463e+07 -7.820483e+06
-4.328145e+06 -1.756101e+07
6.965988e+08 -4.302119e+08
-1.399460e+06 -4.493065e+06
-5.785869e+16 -2.152409e+17
-9.140902e+05 -3.475089e-01
9.191607e+07 -7.405794e+06
-1.384286e+09 -1.330590e+08
-7.059083e+06 -1.139845e+06
-6.386491e+08 6.874356e+08
-6.072362e+06 -6.946144e+06
-1.338571e+08 1.500542e+08
-3.872797e+11 -7.532657e+10
-9.416054e+10 3.449908e+11
7.220772e+00 9.636878e+05
-5.701267e+12 -1.801035e+11
1.720658e+08 -6.385046e+07
6.591115e+13 -1.141702e+14
7.687759e+00 -4.314154e+07
6.346566e+06 -7.867174e+06
-2.700660e+05 -2.288769e+06
5.303194e+08 -1.221783e+08
4.094636e+05 2.295326e+06
1.380278e+06 4.447315e+06
-1.020135e+11 1.145031e+10
-8.286623e+06 -2.339756e+05
-2.575890e+11 -1.450435e+12
1.709273e+10 3.441874e+10
-2.765463e+11 -6.200560e+11
-9.229313e+15 3.795653e+14
4.200907e+06 1.816300e+07
1.338078e+08 -1.500546e+08
1.487441e+06 1.642206e+07
9.415174e+10 -3.449766e+11
-3.335600e+08 -3.152277e+08
1.537185e+14 5.062434e+13
4.947218e+08 1.557004e+08
4.036238e+09 -7.020587e+08
9.150668e+07 -2.464249e+08
1.384221e+09 1.334009e+08
3.348714e+08 -2.833047e+08
2.143623e+09 2.129290e+09
-2.456406e+08 4.288634e+08
6.783649e+08 1.237843e+09
-7.697488e+06 -3.548960e+06
4.828313e+07 6.933553e+06
-6.591385e+13 1.141807e+14
-4.824166e+07 -6.723088e+06
-7.505397e+06 -1.217997e+07
9.229976e+15 -3.796316e+14
-4.605195e+07 1.064649e+06
2.398703e+11 -5.340973e+10
-1.525456e+12 1.470660e+12
-2.380509e+07 8.670702e+07
-2.399216e+11 5.341719e+10
3.335685e+08 3.152491e+08
2.686505e+07 4.142427e+07
-6.256738e+05 -1.776553e+07
2.928989e+00 3.259387e+06
2.612017e+06 -3.359913e+06
4.828272e+08 1.632510e+08
3.872723e+11 7.531697e+10
-3.805583e+06 5.950449e+06
2.621779e+09 1.742860e+09
2.958909e+12 -4.123028e+12
-5.297846e+08 1.231300e+08
2.867861e+08 1.311462e+07
-1.709195e+10 -3.442089e+10
1.203042e+21 -9.938388e+20
1.837524e+05 4.890405e+06
6.146172e+00 2.732803e+06
2.521549e+07 -8.998540e+07
7.317984e+13 -5.091461e+13
7.306833e+00 1.077929e+06
7.397394e+08 -5.400007e+08
-3.309367e+06 -3.258037e+05
1.524004e+07 -1.011713e+06
1.095435e+08 -3.227586e+07
-3.348479e+08 1.881999e+08
1.004847e+07 8.515544e+05
-3.332372e+14 -6.350782e+14
-4.034191e+09 7.042615e+08
3.017101e+07 -1.155796e+08
9.495799e+09 8.119155e+09
-6.522895e+07 1.960781e+06
3.306652e+07 -9.214639e+07
-1.005137e+08 1.159837e+08
-2.688410e+15 1.272881e+16
9.038104e+07 4.323853e+07
1.847914e+09 5.504071e+09
2.220002e+11 -4.449974e+11
-7.318209e+13 5.091200e+13
-4.374672e+10 -1.430531e+10
3.120929e+10 7.781533e+08
-3.120737e+10 -7.780900e+08
1.009829e+08 -1.154144e+08
-4.741323e+07 1.712802e+08
5.785988e+16 2.152210e+17
-4.516105e+06 -1.140213e+07
-7.493145e+00 -3.825964e+06
-1.756565e+07 4.212206e+08
9.307512e+08 -5.489881e+07
2.554742e+06 -1.569644e+06
-2.559370e+06 1.580921e+06
-5.283131e+09 -2.531374e+09
6.518478e+07 -3.458374e+06
1.047499e+01 2.447679e+07
-3.068563e+19 -6.462104e+19
3.598710e+07 -2.750968e+07
7.645021e+05 1.861619e+00
-6.124198e+06 -1.120672e+07
-1.711211e+08 6.393791e+07
7.530541e+06 3.647118e+06
1.963048e+06 9.618759e+00
-5.922387e+08 -1.502335e+08
-2.349069e+06 -8.401219e+06
4.744116e+07 -1.713669e+08
-2.332466e+07 9.822025e+06
2.286181e+06 6.607322e+06
-2.756599e+10 -4.235174e+10
-1.203251e+21 9.940426e+20
1.497667e+05 -2.749217e+00
-3.015854e+07 1.156507e+08
-3.616939e+13 -1.316467e+13
5.108790e+08 -4.933329e+10
-3.300145e+00 -3.806517e+06
-9.492059e+06 -1.099017e+08
-8.807827e+09 -1.138555e+11
-1.848458e+09 -5.505499e+09
1.694127e+09 1.260090e+09
-1.226992e+08 -3.923093e+08
8.247229e+07 1.384759e+08
-6.790256e+08 -1.238917e+09
-2.023093e+06 6.612068e+00
8.355219e+00 -2.741768e+06
-3.516752e+14 1.807768e+14
2.383809e+15 2.575149e+16
-8.005388e+06 -6.284641e+00
3.350079e+09 1.915801e+09
4.544628e+00 3.279786e+06
-9.348666e+08 4.636908e+07
-3.570812e+07 2.749003e+07
8.057467e+06 7.981573e+00
-2.205593e+08 1.886315e+08
-7.111013e+11 7.004398e+11
-2.262450e+05 -1.835306e+07
-2.555536e+13 9.228953e+14
-2.324239e+11 1.060352e+12
4.825389e+06 -1.290451e+07
5.066279e+07 7.707514e+06
-8.629480e+07 -1.465918e+08
2.763631e+07 -2.059189e+06
1.032016e+00 3.665546e+06
-4.507964e+07 -1.304955e+07
6.111976e+06 1.117360e+07
-5.277275e+09 1.552921e+09
-2.089824e+12 -2.303770e+12
5.623262e+07 -1.443738e+07
1.452441e+12 2.192213e+11
2.324961e+07 -9.944289e+06
3.727509e+08 9.673297e+08
-2.108407e+08 -2.235000e+08
-1.309445e+06 -7.218139e+05
-9.131918e+06 1.897089e+06
3.091134e+08 -4.039119e+07
-6.648780e+00 1.170172e+06
5.708598e+06 4.970251e+06
7.267666e+10 1.536526e+10
4.566082e+06 5.968147e+06
9.065726e+11 -1.694557e+11
-2.078458e+05 -5.004244e+04
-1.164301e+09 5.041572e+07
9.149272e+08 8.090166e+08
-1.306842e+15 1.177856e+15
-1.805796e+08 -3.369800e+08
-1.403315e+06 -1.333162e+06
4.507457e+07 1.314464e+07
5.592468e+09 2.316647e+10
-9.087107e+05 4.027409e+00
1.521543e+00 2.764130e+06
-2.024429e+13 6.545007e+12
-3.216619e+07 -1.949799e+07
-5.565798e+08 -1.572076e+08
-3.620465e-02 1.213866e+07
1.848134e+10 -1.203891e+10
-1.537895e+14 -5.064147e+13
9.284971e+06 1.126705e+07
-4.596476e+06 1.276904e+07
-5.106486e+08 4.933322e+10
3.319911e+08 8.521548e+07
5.588585e+06 -1.033187e+06
3.235077e+06 -9.071072e+05
-4.622331e+07 2.034287e+07
-2.383833e+15 -2.575044e+16
-2.956746e+06 -6.811796e+00
4.660499e+11 -8.117714e+10
1.958783e+11 -1.402814e+09
-1.959064e+11 1.402894e+09
1.014915e+11 3.352519e+10
-1.560566e+13 5.604954e+12
5.703723e+12 1.801613e+11
6.898890e+10 2.000983e+10
-2.415707e+07 4.656956e+07
4.375679e+10 1.430505e+10
1.762398e+07 -4.217061e+08
6.297972e+06 -1.253305e+07
-3.708464e+09 -2.245821e+08
7.120965e+05 1.796125e+00
5.740806e+09 1.103370e+09
-9.119892e+07 -4.341622e+07
6.747534e+06 -2.645320e+07
-7.320242e+00 -1.192732e+07
-1.569070e+06 -3.945717e+00
2.766400e+11 6.202784e+11
-9.128365e+07 7.367384e+07
-2.696559e+07 2.798534e+06
7.694620e+07 6.366481e+07
-1.355812e+07 5.887825e+07
-4.450164e+10 5.992613e+10
-7.159396e+08 1.220413e+08
2.142433e+06 -5.354753e-01
2.526546e+08 -2.478561e+08
2.555640e+13 -9.228859e+14
-1.025833e+09 -1.737310e+09
-9.941539e+08 2.028931e+09
-9.263914e+07 7.780927e+06
1.306856e+15 -1.177832e+15
-1.436304e+07 2.654100e+06
3.708783e+09 2.237253e+08
3.068783e+19 6.463363e+19
-3.320197e+08 -8.538135e+07
-8.310489e+07 -1.374222e+08
-6.666476e+06 2.652223e+07
-9.933370e+06 -1.227269e+06
8.815117e+05 6.893893e+06
-4.936999e+09 6.417980e+10
2.457132e+08 -4.288961e+08
3.428959e+11 5.361997e+12
4.450255e+10 -5.992126e+10
2.023057e+08 -7.557231e+08
5.544575e+08 1.587414e+08
-3.736297e+08 -9.655010e+08
1.199908e+06 3.745874e+00
9.380917e+06 8.071997e+00
8.714462e+05 1.758088e+07
-9.141814e+08 -8.081944e+08
1.212806e+08 3.932706e+08
-7.765170e+07 -6.398794e+07
2.324092e+11 -1.060300e+12
-5.016303e+07 -7.796334e+06
7.395279e+06 1.339435e+06
2.012083e+10 1.397565e+10
-5.649274e+00 -1.111211e+07
9.922324e+08 -2.028700e+09
1.164298e+09 -5.042209e+07
-6.994865e+06 7.114905e+06
-7.455158e+06 -4.050314e+06
-2.047129e+07 -2.573067e+00
8.666970e+06 5.876586e+06
